6_Funeral_Funeral_6_432
36
821 209 121 156 0.9996227 
711 150 96 134 0.9989342 
336 154 110 143 0.9987496 
451 294 38 50 0.64858484 
86 317 25 33 0.51060873 
176 293 32 41 0.40008816 
830 110 64 82 0.2436677 
973 203 45 67 0.17634167 
814 147 103 153 0.15487655 
22 814 196 266 0.12294856 
853 128 33 39 0.09875831 
689 324 392 435 0.09618163 
212 78 52 73 0.07536338 
829 146 69 90 0.069905095 
65 874 111 182 0.065402895 
265 573 200 250 0.06195219 
434 -24 358 490 0.05508618 
773 136 96 134 0.05162297 
156 130 142 132 0.04571464 
51 46 227 214 0.042247318 
774 505 256 226 0.0411511 
171 401 361 499 0.03743605 
202 81 94 132 0.0364043 
235 39 60 68 0.032750107 
701 1090 358 517 0.03186955 
796 84 98 139 0.031800903 
170 306 42 52 0.031413592 
831 103 37 49 0.03035803 
953 185 51 79 0.028591042 
788 785 417 491 0.027722178 
846 569 145 155 0.0258678 
0 -180 444 444 0.025424104 
109 346 16 21 0.023965374 
252 31 66 59 0.022720348 
368 102 156 214 0.020668272 
136 325 24 29 0.020416314 
