6_Funeral_Funeral_6_861
28
380 268 295 392 0.9939428 
99 495 390 495 0.95765644 
57 969 445 552 0.92446464 
138 -1 468 625 0.86029136 
63 1247 173 253 0.77064687 
20 659 398 502 0.61213917 
113 1145 287 335 0.42872548 
527 752 469 527 0.4118103 
-12 261 531 576 0.40537697 
319 922 446 596 0.16517033 
626 712 305 306 0.13158676 
267 256 274 385 0.07927211 
15 1286 136 231 0.049567763 
187 70 287 399 0.043775838 
242 1494 65 58 0.042498298 
68 1372 144 154 0.041186787 
311 35 441 391 0.040154174 
233 1489 31 38 0.037591822 
210 1495 64 49 0.031492837 
227 1507 32 39 0.031313676 
315 486 117 157 0.029530397 
280 1509 36 40 0.029343221 
525 174 326 453 0.02832739 
474 681 283 326 0.027607981 
640 191 209 263 0.02631834 
42 554 244 364 0.025317451 
0 1530 13 21 0.02260147 
176 665 403 439 0.020980032 
