6_Funeral_Funeral_6_483
58
233 338 425 541 0.9999566 
25 997 357 452 0.36015666 
177 814 473 590 0.29608935 
926 1139 31 38 0.17004013 
585 934 405 511 0.16428636 
450 111 242 161 0.16135643 
173 960 75 87 0.1489235 
376 859 414 481 0.14292505 
949 1141 56 72 0.13117675 
113 220 416 561 0.0913949 
324 1085 15 20 0.09093554 
678 961 54 67 0.09085974 
933 1136 49 59 0.087456755 
51 1055 197 319 0.0815289 
975 1154 47 71 0.07804541 
728 1065 233 315 0.072313696 
388 230 401 484 0.06941198 
793 1107 122 153 0.060824815 
232 1060 357 505 0.056025963 
881 1243 29 37 0.055764753 
328 1167 26 33 0.05178587 
131 945 91 105 0.04802193 
886 1132 56 64 0.04138231 
856 1114 93 106 0.03933533 
613 926 220 297 0.03914901 
192 10 417 466 0.038831227 
666 954 94 120 0.036059704 
973 658 49 87 0.03565097 
913 1125 51 65 0.03397026 
179 1088 240 300 0.031710774 
1013 1313 11 18 0.03128276 
724 1151 17 20 0.029447738 
890 1128 91 103 0.028722983 
591 1147 24 33 0.028550195 
296 1090 26 31 0.02774677 
443 476 376 454 0.026778374 
456 139 121 125 0.02663046 
346 1154 21 29 0.026523437 
1008 1182 15 22 0.025241079 
992 1165 28 46 0.025229264 
1012 1321 11 19 0.024500374 
984 1444 12 16 0.02426796 
528 713 385 448 0.024225239 
754 1111 44 54 0.024049321 
115 942 17 21 0.023852874 
974 1447 11 14 0.023589466 
665 911 57 71 0.02303844 
160 1140 119 147 0.022833321 
21 771 376 475 0.022711992 
341 1163 16 20 0.02269461 
953 1145 36 43 0.022688776 
964 1134 73 119 0.02241741 
481 76 373 477 0.021518279 
967 1139 36 43 0.02120895 
912 1139 105 133 0.020951385 
895 1156 31 36 0.020520905 
114 965 62 73 0.020465543 
511 129 67 62 0.020371806 
