6_Funeral_Funeral_6_745
28
526 479 109 138 0.9994423 
779 525 114 130 0.99918467 
93 406 120 139 0.99912626 
537 206 104 144 0.9986859 
412 164 127 187 0.9984811 
767 388 107 127 0.988523 
89 212 187 221 0.17693307 
759 423 151 193 0.13107726 
467 189 122 149 0.10849399 
597 29 413 506 0.061045036 
637 2 15 16 0.053652506 
971 307 11 15 0.048486542 
526 866 33 43 0.04322032 
966 300 13 19 0.035042685 
616 7 11 13 0.033253763 
80 314 162 199 0.031213708 
35 35 353 467 0.030729061 
688 1015 117 153 0.027368616 
1 124 8 13 0.025550272 
759 281 185 268 0.023673695 
633 4 11 13 0.02366514 
828 98 14 18 0.022266401 
576 12 11 14 0.021519387 
613 32 14 17 0.021153826 
403 832 16 22 0.020945203 
281 149 9 11 0.020556115 
30 71 8 11 0.020478962 
832 227 31 37 0.020156566 
