6_Funeral_Funeral_6_77
488
941 502 23 30 0.8773886 
582 361 24 26 0.8744763 
333 339 23 25 0.83640426 
548 357 17 23 0.8294542 
604 351 24 27 0.80030406 
84 355 19 22 0.7001917 
928 493 21 28 0.68404514 
427 364 14 17 0.6469695 
635 370 18 23 0.62819195 
476 372 15 19 0.60947156 
184 368 12 17 0.5591647 
918 358 10 13 0.52078503 
531 373 16 21 0.51470786 
446 357 12 15 0.43530264 
900 401 11 15 0.42008218 
987 428 12 16 0.41595602 
362 360 18 21 0.3936537 
915 465 17 20 0.31241423 
928 546 16 19 0.30586332 
912 437 11 14 0.29959312 
907 512 16 21 0.28792924 
116 368 14 17 0.2849912 
896 403 11 15 0.2812114 
1005 562 16 21 0.2773158 
435 365 13 16 0.27150327 
38 372 13 16 0.26478267 
403 346 13 17 0.2607756 
852 362 10 13 0.24333315 
0 397 8 14 0.22601846 
947 410 24 31 0.22548583 
189 346 13 15 0.2116677 
198 396 12 15 0.20941374 
798 374 12 14 0.20693588 
767 360 11 12 0.20420419 
493 353 17 19 0.19844387 
125 365 13 18 0.19748676 
170 326 13 17 0.19321775 
72 330 14 17 0.18486372 
804 375 11 14 0.1809608 
823 373 10 13 0.176454 
444 350 12 15 0.17064531 
12 379 12 14 0.15520804 
724 370 12 16 0.14970407 
110 386 12 15 0.1325028 
987 536 26 30 0.13011026 
222 366 13 16 0.12953116 
386 386 14 18 0.115427166 
285 385 13 16 0.11521972 
293 386 13 16 0.11468496 
982 521 27 35 0.111989304 
733 371 11 14 0.10996211 
467 390 13 16 0.109507605 
517 354 12 15 0.10865496 
924 358 9 12 0.10796635 
945 380 9 12 0.10696144 
727 409 13 15 0.105468795 
406 361 12 16 0.10391785 
188 323 12 15 0.103398696 
225 395 9 13 0.10265876 
921 460 19 24 0.10243291 
131 364 14 17 0.10023861 
700 385 14 18 0.098973885 
814 373 11 13 0.098167524 
717 364 17 21 0.09697129 
911 503 21 27 0.09500469 
847 407 10 13 0.0906783 
50 327 16 19 0.09047074 
170 334 16 22 0.08880131 
263 389 10 14 0.08764304 
314 369 15 20 0.08726531 
828 373 10 12 0.08638867 
204 396 12 16 0.084755175 
229 396 11 15 0.08453592 
852 406 12 14 0.08443626 
879 562 13 15 0.08406488 
509 355 12 15 0.083103955 
949 348 12 18 0.082127824 
889 510 25 32 0.08120061 
666 355 14 19 0.080220394 
823 411 10 13 0.07919158 
196 333 12 14 0.07786333 
974 448 13 16 0.07699912 
281 380 12 15 0.07577602 
1003 454 14 18 0.0753562 
608 363 19 23 0.07378233 
585 385 15 19 0.07280022 
185 347 11 14 0.07170532 
743 379 12 14 0.07109689 
880 357 10 12 0.07071157 
991 545 14 19 0.0702746 
976 516 22 30 0.06976154 
33 373 11 14 0.06962954 
414 361 12 16 0.06956297 
133 344 9 11 0.06885687 
264 381 10 14 0.06841725 
227 372 11 13 0.06748874 
128 344 9 12 0.06700411 
8 374 12 15 0.066219956 
254 387 11 14 0.06519681 
885 512 15 23 0.06456243 
852 471 12 14 0.06424327 
871 372 9 11 0.06413987 
66 362 14 18 0.06284979 
937 496 17 27 0.06237521 
44 378 11 14 0.062111896 
630 376 23 28 0.061324686 
981 644 15 19 0.061180174 
882 318 9 12 0.061160266 
502 393 13 16 0.060424183 
439 356 14 17 0.06028346 
996 387 13 16 0.06017668 
468 410 11 14 0.06014088 
741 373 13 15 0.0601032 
965 609 14 17 0.059941474 
937 632 17 21 0.0590553 
973 520 14 21 0.057985168 
61 332 11 14 0.057873078 
841 406 9 12 0.05785231 
842 412 9 13 0.05768789 
885 424 9 12 0.057513848 
1005 571 20 29 0.057346575 
220 379 13 15 0.05655977 
793 371 10 13 0.056304727 
382 382 13 18 0.056275357 
188 354 12 15 0.05570031 
455 380 10 13 0.055396624 
987 465 15 19 0.05512547 
830 420 10 13 0.05457715 
534 340 10 13 0.05454816 
246 380 12 17 0.05424178 
790 407 16 19 0.05392039 
993 625 16 18 0.052872088 
294 395 13 15 0.052512582 
891 445 13 15 0.052409176 
194 340 14 16 0.052225813 
190 329 12 15 0.051370762 
879 423 10 13 0.051339217 
204 372 12 15 0.051319595 
71 416 45 60 0.051033754 
240 380 10 14 0.050877847 
997 459 14 17 0.05038805 
269 379 10 14 0.05010745 
216 372 12 14 0.049973086 
690 363 14 16 0.049607676 
253 414 11 15 0.048857313 
991 374 11 13 0.048846155 
389 370 11 14 0.04860078 
460 457 12 15 0.04830785 
229 334 10 13 0.04774797 
880 341 9 12 0.047589418 
509 389 12 16 0.047189023 
901 350 8 12 0.046958666 
451 359 12 16 0.046545133 
954 480 16 21 0.046478685 
422 359 14 18 0.04625577 
911 471 14 20 0.04593982 
184 318 12 13 0.045851212 
340 347 22 29 0.04571642 
638 289 42 49 0.04541994 
961 513 23 32 0.04510309 
748 374 12 15 0.044998895 
584 372 20 24 0.044895664 
894 430 10 12 0.044538274 
398 364 12 13 0.044048697 
920 497 15 20 0.043946702 
197 353 12 14 0.043472745 
181 348 22 26 0.043373477 
214 339 10 12 0.043343913 
214 398 9 12 0.043315876 
914 441 16 19 0.043285914 
923 468 25 33 0.04300273 
840 371 9 13 0.0428193 
519 325 11 14 0.042778786 
173 344 12 16 0.04275111 
887 397 10 14 0.04261407 
203 379 12 14 0.042107344 
532 334 11 14 0.04195676 
614 361 23 28 0.041940156 
139 364 14 17 0.04185706 
369 356 15 19 0.04161517 
957 638 12 15 0.041411474 
205 366 11 14 0.041312367 
913 477 24 32 0.041066926 
220 352 12 14 0.04090991 
916 569 16 19 0.040732384 
176 335 19 26 0.040618073 
989 620 15 17 0.040499736 
193 398 10 14 0.04004304 
896 396 18 24 0.03994086 
999 543 23 35 0.039939128 
562 360 14 19 0.03974733 
982 429 13 19 0.039615374 
719 341 13 14 0.039576896 
148 365 14 17 0.039243825 
533 366 14 18 0.03867224 
712 369 11 15 0.038490467 
903 436 11 15 0.038343173 
96 380 12 15 0.03831384 
126 331 10 13 0.037870727 
630 356 12 18 0.037786875 
949 376 9 12 0.03778171 
908 403 10 14 0.03776554 
499 359 14 18 0.03763505 
537 371 14 18 0.037528068 
887 380 11 14 0.037229106 
253 379 12 16 0.03711653 
334 361 16 21 0.03710396 
738 365 13 16 0.037063852 
945 354 11 16 0.03692278 
965 636 13 16 0.036691938 
410 309 16 20 0.036651336 
893 474 13 17 0.036510654 
870 412 9 12 0.03635933 
569 353 16 20 0.036261965 
309 330 13 17 0.03622265 
92 352 20 25 0.03618331 
846 371 10 13 0.036160175 
16 413 10 14 0.03549371 
156 365 10 16 0.035487752 
0 423 9 14 0.03506608 
771 363 11 13 0.03488011 
427 332 11 14 0.034411985 
901 467 13 18 0.034316756 
222 333 10 13 0.034252044 
126 358 12 16 0.034124415 
591 345 39 48 0.033939883 
508 364 11 14 0.033897195 
727 363 20 24 0.03387846 
876 471 13 16 0.033550218 
901 457 13 17 0.03350728 
967 513 37 52 0.033499822 
248 374 12 16 0.033468984 
784 426 11 16 0.03329968 
642 362 23 29 0.033163305 
983 507 28 34 0.033045594 
854 411 12 14 0.0330171 
80 360 14 19 0.032755643 
860 358 9 12 0.032669023 
107 373 20 26 0.032579508 
212 405 11 14 0.03253248 
523 325 12 16 0.03238296 
873 469 10 14 0.031649414 
190 402 10 13 0.03158558 
84 426 30 34 0.031430196 
510 371 12 16 0.03131646 
464 403 13 17 0.031304136 
413 389 12 14 0.0312163 
216 373 21 24 0.030912235 
924 495 40 48 0.030898076 
21 412 12 15 0.030884352 
878 365 9 10 0.03083815 
86 333 10 14 0.030744357 
101 362 12 17 0.030743781 
102 332 10 13 0.030728761 
690 377 23 28 0.030694969 
421 389 10 12 0.030632395 
889 403 11 15 0.030577173 
268 388 11 15 0.03053111 
533 154 130 118 0.030413399 
912 352 20 23 0.03035368 
726 335 11 13 0.030338624 
453 352 11 15 0.030302677 
235 396 11 16 0.030202266 
918 538 13 16 0.03013998 
101 371 13 17 0.030083643 
5 388 11 15 0.029856043 
431 387 10 12 0.029789776 
0 373 9 14 0.029737798 
933 594 16 21 0.029694146 
758 397 13 16 0.029637849 
791 483 12 12 0.029492699 
450 466 14 18 0.029472403 
847 470 11 14 0.029467266 
454 460 13 16 0.029293349 
900 482 14 17 0.029248172 
360 349 19 23 0.029246263 
890 507 15 23 0.029051563 
46 319 14 17 0.029044455 
893 438 12 16 0.029028026 
924 402 11 15 0.02900249 
838 420 10 13 0.028912159 
879 349 10 13 0.028678892 
53 380 11 14 0.02866289 
984 421 20 26 0.028619751 
993 427 12 18 0.028546378 
565 392 15 20 0.028465535 
910 460 13 19 0.028421598 
735 396 11 14 0.028414251 
184 397 10 13 0.02835008 
176 366 11 15 0.028304156 
846 421 10 15 0.02822179 
956 594 14 17 0.028208632 
441 343 12 15 0.028163537 
736 377 11 14 0.02805044 
1 395 13 17 0.028034702 
941 452 11 13 0.02801575 
496 387 14 17 0.027854789 
919 404 12 15 0.027816404 
897 517 25 31 0.027751902 
5 255 13 17 0.02773839 
982 375 12 14 0.027694702 
516 380 12 15 0.027597105 
207 402 12 14 0.027568474 
902 430 10 12 0.027560527 
888 450 22 27 0.027458286 
944 405 11 14 0.02745313 
828 414 10 15 0.027450142 
966 382 12 15 0.027307073 
557 395 14 18 0.027277768 
344 356 23 29 0.02725457 
520 65 187 220 0.027218401 
922 554 28 31 0.02714523 
36 357 16 19 0.027137715 
527 331 12 15 0.027039947 
925 373 10 12 0.026991228 
813 378 11 13 0.026885835 
845 428 10 13 0.026761964 
630 362 15 23 0.026721321 
988 544 38 56 0.026678441 
262 406 12 15 0.026660802 
950 508 19 26 0.026618738 
382 370 11 16 0.026614891 
437 389 11 12 0.026550485 
981 387 13 17 0.026499562 
788 427 14 16 0.026476981 
95 333 10 13 0.026455197 
894 439 20 26 0.026404649 
359 368 16 19 0.026358142 
180 330 13 17 0.026331691 
526 367 14 17 0.026327666 
461 380 12 15 0.026235217 
784 403 42 45 0.026153615 
686 371 14 18 0.02615337 
992 516 29 37 0.026085328 
195 325 12 15 0.026040778 
975 426 13 19 0.025884539 
118 347 11 14 0.025882365 
110 343 22 26 0.025822144 
463 517 11 15 0.025624307 
5 339 10 14 0.025509536 
991 379 13 17 0.025488533 
460 355 12 16 0.025456617 
886 474 11 15 0.025432022 
231 338 10 13 0.025425892 
916 450 17 18 0.02531789 
269 395 10 13 0.025310982 
793 406 26 27 0.025202809 
940 466 14 18 0.025160452 
1012 475 13 20 0.025151076 
279 394 11 13 0.025144832 
502 350 20 25 0.025134433 
88 309 10 13 0.025054554 
197 386 21 26 0.025040723 
183 327 22 27 0.0248032 
992 385 21 27 0.024785427 
662 370 13 19 0.024763322 
322 369 13 18 0.024677793 
230 377 10 14 0.024666298 
199 364 13 16 0.02463645 
522 349 15 18 0.024570556 
936 445 10 14 0.024524366 
863 349 9 11 0.024515985 
397 332 12 16 0.024513794 
950 388 9 12 0.02450766 
949 399 12 14 0.024412889 
204 332 12 16 0.024402285 
617 292 30 35 0.024397302 
855 420 12 15 0.024294036 
974 386 12 15 0.02429136 
943 386 10 13 0.02427176 
448 388 10 14 0.024239056 
913 517 15 22 0.024238663 
918 535 21 27 0.024175385 
841 470 10 12 0.023962123 
134 311 9 12 0.02395667 
386 324 14 18 0.023949342 
444 50 172 218 0.023946404 
75 336 13 16 0.023945803 
109 346 13 16 0.023880213 
241 388 10 14 0.023804277 
309 292 244 268 0.02375952 
941 444 10 13 0.023751 
848 355 18 23 0.023740334 
907 428 20 25 0.023724955 
269 358 11 13 0.023626177 
103 386 12 15 0.023624176 
470 293 12 14 0.023589034 
369 366 15 20 0.023531368 
19 381 11 13 0.023508167 
488 355 14 17 0.023470744 
19 373 13 15 0.023447912 
322 307 16 19 0.023412168 
790 388 11 14 0.02340258 
140 358 12 14 0.023390397 
933 452 11 14 0.023323948 
949 405 15 17 0.023274558 
870 380 11 14 0.02326923 
477 434 14 19 0.023246735 
19 387 13 16 0.023212995 
896 356 9 12 0.023101946 
198 375 20 25 0.023080038 
540 342 11 14 0.022940561 
193 361 22 26 0.022939336 
412 -37 440 497 0.022927461 
422 336 12 17 0.022833712 
446 325 12 14 0.022797247 
400 356 13 16 0.022669487 
111 315 9 12 0.022664368 
109 356 15 18 0.02261591 
990 404 12 14 0.022562837 
223 328 10 12 0.022512022 
427 324 12 16 0.022464685 
880 322 10 14 0.022434989 
777 421 10 14 0.022397391 
279 366 12 14 0.022388628 
619 370 23 28 0.022379931 
941 483 25 32 0.02237582 
217 389 10 14 0.022311218 
485 364 13 16 0.022261783 
912 361 11 14 0.02224318 
999 411 11 14 0.022227246 
4 309 12 15 0.022195112 
853 462 12 14 0.0221801 
926 351 10 14 0.022140296 
255 394 11 14 0.022111362 
469 312 13 16 0.022090554 
32 380 10 12 0.022060573 
436 396 13 17 0.022048535 
963 608 24 27 0.021925502 
515 387 12 16 0.021919375 
120 331 11 13 0.021860827 
741 374 21 24 0.021768235 
453 387 12 16 0.021767918 
971 665 15 19 0.021703837 
860 407 12 13 0.021662213 
412 381 12 15 0.021621402 
510 381 14 17 0.021537518 
127 419 15 19 0.021536766 
91 427 15 19 0.021533832 
916 430 12 16 0.021528143 
750 359 9 12 0.021521416 
92 341 12 14 0.02150322 
572 386 14 20 0.021387525 
994 464 15 19 0.02129854 
798 485 10 11 0.02124993 
381 355 12 18 0.021219075 
265 341 10 13 0.021215899 
903 355 9 13 0.021209134 
797 414 14 18 0.02119269 
518 372 12 16 0.02118119 
807 369 11 14 0.021119213 
573 362 16 19 0.02108275 
14 385 13 16 0.021075001 
415 330 13 17 0.02104371 
396 370 13 15 0.020997258 
205 356 10 13 0.02095267 
30 373 21 26 0.020924544 
923 446 13 16 0.020894416 
367 370 23 28 0.02088958 
919 590 25 28 0.020843254 
254 406 11 15 0.020829951 
411 338 14 17 0.020829294 
970 461 22 28 0.020744229 
974 434 12 17 0.020723203 
45 336 17 19 0.020662716 
528 340 12 13 0.020660784 
493 340 16 18 0.02065982 
39 387 12 15 0.020601928 
724 386 11 15 0.020600405 
982 107 10 14 0.020548325 
856 352 10 13 0.020519821 
925 364 9 12 0.020471584 
898 472 20 25 0.02043839 
1011 161 11 18 0.020425323 
607 342 42 50 0.020421818 
715 345 23 27 0.020411808 
848 387 10 13 0.020410927 
165 371 12 16 0.020403864 
63 356 14 18 0.020364087 
428 378 13 16 0.020286644 
934 412 12 17 0.020272313 
287 393 11 14 0.02017887 
667 368 14 19 0.020102818 
405 371 13 15 0.020094633 
960 382 9 12 0.02006182 
542 385 11 16 0.02004977 
829 404 10 14 0.020035872 
567 301 12 15 0.020030834 
