6_Funeral_Funeral_6_1006
33
30 0 59 71 0.9994973 
644 36 73 98 0.9953933 
444 171 71 90 0.99445724 
410 85 52 83 0.13583362 
32 600 53 62 0.13107115 
186 193 211 345 0.06938034 
392 49 99 138 0.054691557 
199 89 107 153 0.053849384 
421 110 31 53 0.049963724 
87 7 29 45 0.047641207 
121 210 432 472 0.045500502 
189 26 16 20 0.043167148 
640 -41 399 472 0.036113907 
207 45 173 243 0.035384648 
416 111 91 124 0.033779293 
979 5 14 16 0.032924756 
161 16 93 122 0.03264942 
118 -3 28 34 0.032129712 
668 383 35 46 0.02867436 
286 623 10 12 0.027433109 
276 630 15 18 0.025873585 
931 51 15 19 0.024909995 
280 92 27 33 0.02470453 
435 43 17 22 0.024028527 
464 41 120 137 0.023257254 
75 40 363 521 0.023004668 
1013 4 11 15 0.022560405 
0 274 25 61 0.021345854 
958 459 11 16 0.020723175 
974 27 10 14 0.020240502 
1006 347 12 17 0.020205708 
359 76 89 125 0.020162418 
217 108 65 95 0.020078111 
