6_Funeral_Funeral_6_987
38
341 154 119 193 0.997787 
344 54 49 61 0.99736506 
657 312 89 105 0.9964139 
1 91 52 66 0.9946971 
216 47 79 101 0.987163 
46 605 197 318 0.60294294 
726 561 299 441 0.5343037 
296 58 41 55 0.4235417 
33 1211 222 297 0.17328006 
-18 1110 367 451 0.17188077 
903 724 132 166 0.13533309 
258 55 56 73 0.09269645 
486 1072 375 455 0.07788788 
249 27 40 44 0.0747672 
704 311 102 119 0.066432126 
525 0 35 30 0.06019114 
549 798 114 183 0.05025719 
699 963 13 20 0.049331214 
829 792 58 77 0.045887105 
78 699 129 168 0.04138343 
252 523 192 289 0.03939425 
317 59 35 48 0.037342723 
169 429 335 452 0.034564696 
769 346 28 31 0.030474467 
818 559 102 155 0.029771874 
74 122 43 58 0.028842106 
308 47 28 40 0.027602518 
742 329 108 107 0.027085807 
17 1312 26 29 0.026820946 
282 72 54 68 0.023781206 
940 771 80 107 0.023485707 
280 261 406 545 0.02238295 
822 757 116 150 0.02126656 
544 696 57 80 0.02119753 
381 -1 34 34 0.021041913 
101 534 33 43 0.020827424 
612 1275 12 15 0.020258363 
39 515 370 472 0.02005615 
