6_Funeral_Funeral_6_177
564
784 155 35 46 0.99726284 
552 213 30 59 0.9969613 
875 156 30 39 0.994802 
627 183 35 44 0.98860747 
449 261 22 34 0.9660343 
898 194 32 36 0.95308965 
686 168 32 45 0.90460163 
226 233 26 39 0.87490404 
262 178 30 50 0.8507637 
423 262 26 36 0.84310865 
914 153 30 39 0.7996061 
538 264 22 31 0.75893825 
966 163 23 28 0.7248409 
411 176 14 17 0.5114583 
359 189 9 13 0.44894102 
493 264 23 31 0.4425455 
436 235 18 21 0.2583062 
54 550 8 11 0.21912335 
498 163 16 19 0.2144074 
306 304 49 56 0.1875099 
212 233 29 35 0.18676575 
128 534 9 11 0.18307355 
517 190 11 15 0.16774936 
86 543 8 11 0.16665523 
103 550 8 10 0.15600273 
828 138 12 16 0.14690717 
466 171 17 20 0.14384724 
71 549 10 12 0.13621423 
168 520 7 10 0.13284265 
182 281 37 43 0.12920724 
86 492 8 10 0.12775551 
719 172 27 36 0.11972532 
157 535 9 10 0.11921265 
448 186 12 16 0.11844222 
4 198 14 19 0.11781413 
143 526 8 10 0.109978124 
544 250 25 37 0.10955609 
55 499 9 10 0.10898169 
-2 274 33 40 0.10634225 
127 469 7 9 0.102262825 
227 327 60 61 0.10159292 
117 599 9 11 0.10012016 
129 540 9 11 0.099416584 
113 535 7 9 0.09852329 
163 195 14 16 0.09849468 
103 543 9 11 0.09584538 
32 552 8 10 0.095085524 
144 477 8 10 0.09452787 
438 262 25 39 0.094453536 
98 598 9 12 0.094079964 
61 565 9 11 0.09360867 
460 263 23 34 0.09316694 
159 579 9 11 0.09060968 
309 200 30 35 0.08939554 
152 541 9 11 0.08906193 
738 179 12 17 0.0886414 
411 259 25 32 0.088500455 
87 548 9 11 0.088420376 
143 590 10 12 0.08697257 
153 462 7 9 0.08580162 
23 510 8 10 0.08492334 
73 502 8 10 0.084372185 
132 486 9 11 0.083698675 
46 511 7 10 0.08223088 
257 227 28 38 0.08192629 
31 504 8 11 0.08117531 
477 265 22 29 0.0811579 
323 208 16 22 0.08015434 
72 557 10 12 0.07968438 
436 162 12 16 0.0791657 
157 540 9 11 0.07866204 
418 177 14 18 0.07600704 
157 187 26 29 0.07517992 
66 485 7 10 0.07403827 
362 188 12 17 0.07313952 
506 276 18 25 0.07292843 
305 558 9 10 0.07235172 
127 529 8 10 0.07153123 
542 224 29 42 0.07012184 
243 230 28 41 0.06889252 
128 589 9 11 0.068878986 
113 479 9 11 0.06879848 
144 472 8 10 0.06863854 
152 525 8 10 0.06824081 
379 188 12 16 0.067930415 
159 479 8 9 0.067682 
117 480 9 11 0.067613415 
389 207 14 20 0.06748368 
281 190 44 54 0.06745016 
72 431 9 12 0.06602125 
118 550 9 11 0.06596302 
165 576 10 11 0.06594205 
119 533 8 10 0.06513149 
69 484 9 10 0.06509974 
352 155 11 15 0.064837284 
818 137 23 29 0.064392895 
159 526 8 10 0.063898094 
68 607 9 12 0.063063264 
547 273 17 24 0.0630274 
950 160 25 35 0.062986806 
102 494 9 10 0.06290733 
49 503 7 9 0.062266298 
184 576 8 11 0.06213976 
549 173 12 16 0.061226163 
70 545 9 11 0.06102724 
228 272 15 21 0.060944635 
356 153 13 16 0.059547123 
452 254 15 20 0.059211742 
0 482 9 15 0.059109084 
60 574 10 12 0.058705132 
928 151 33 41 0.058558553 
41 568 8 9 0.057991568 
47 559 10 11 0.0575866 
117 603 9 12 0.057086512 
200 534 8 10 0.05629992 
135 480 9 10 0.056213688 
45 437 9 11 0.056191664 
365 194 11 17 0.056047 
402 200 20 28 0.05604389 
667 239 43 54 0.055751394 
102 473 9 10 0.05520129 
97 535 8 10 0.054740608 
152 521 7 9 0.054244075 
177 455 8 11 0.054240745 
149 590 9 12 0.054085374 
161 520 8 10 0.05356685 
54 557 10 11 0.05346455 
37 551 8 11 0.052607227 
0 477 8 13 0.052502096 
474 172 13 16 0.05193377 
905 166 43 52 0.051819302 
85 613 11 13 0.051730543 
82 486 9 11 0.05126028 
112 591 8 11 0.051191755 
367 193 23 32 0.051011153 
45 564 9 11 0.05085048 
901 195 48 55 0.050681915 
372 162 14 19 0.050590865 
62 437 8 10 0.050434504 
120 528 8 10 0.050253663 
289 543 8 10 0.050035514 
499 178 17 20 0.04998446 
175 519 7 9 0.04978136 
488 165 12 16 0.049480494 
392 201 21 28 0.049394473 
113 484 9 11 0.049113847 
535 184 22 29 0.049109127 
81 494 9 10 0.04900601 
372 156 13 16 0.048952606 
142 520 9 11 0.04883271 
39 574 9 11 0.048827894 
250 186 27 36 0.048675556 
592 176 11 13 0.04832712 
160 462 7 9 0.047861356 
112 529 8 9 0.04784686 
623 193 17 24 0.0476642 
508 148 11 14 0.047467727 
293 542 9 12 0.047158267 
42 510 8 10 0.047045924 
121 470 8 9 0.04693053 
169 471 8 10 0.04684633 
142 584 9 11 0.04670529 
342 149 11 13 0.046612006 
492 232 15 20 0.046312455 
64 548 8 11 0.046084963 
505 267 15 23 0.046042163 
89 509 9 11 0.045954186 
145 542 9 10 0.04584606 
104 556 9 11 0.045534655 
8 229 23 34 0.045438077 
154 581 8 11 0.045427043 
97 476 8 10 0.044779465 
24 557 8 11 0.044681747 
138 519 8 11 0.04426405 
53 545 10 12 0.044178203 
254 199 14 20 0.043888327 
249 198 38 58 0.043866705 
380 202 22 30 0.043594223 
556 179 10 13 0.043377172 
230 263 22 31 0.04332807 
136 588 10 12 0.043151457 
78 509 8 11 0.04305534 
23 489 8 10 0.042878803 
96 542 9 10 0.04284843 
279 552 8 10 0.04227086 
77 503 9 10 0.042175565 
103 536 8 10 0.042066593 
48 611 9 11 0.04185672 
136 470 8 9 0.041719586 
110 549 9 11 0.041535713 
53 612 10 11 0.041495603 
5 214 41 58 0.041412015 
510 188 13 17 0.041301128 
35 212 29 49 0.04098572 
87 479 8 10 0.040922917 
96 215 40 53 0.04063833 
678 171 26 36 0.04061354 
13 333 50 81 0.040612374 
525 192 12 17 0.040417846 
144 533 8 11 0.040256437 
110 542 8 10 0.04014069 
396 192 16 20 0.040096603 
150 471 8 9 0.040018696 
97 550 8 11 0.039727706 
77 430 8 12 0.03965568 
184 528 8 10 0.03942499 
396 258 24 34 0.039423104 
974 162 25 31 0.039232753 
21 575 9 11 0.039037097 
142 656 9 11 0.039015327 
85 416 9 10 0.039003942 
411 191 13 18 0.03898056 
133 493 9 11 0.038930476 
526 224 12 19 0.038904563 
731 173 19 28 0.038849123 
120 407 8 10 0.038419396 
55 429 9 12 0.038346484 
175 534 8 10 0.03826322 
462 189 12 15 0.03801575 
16 552 8 10 0.037992984 
591 212 25 41 0.037857395 
62 518 8 11 0.037674934 
136 405 7 10 0.037559286 
366 153 13 16 0.03750067 
262 539 10 13 0.037456904 
394 156 17 20 0.03736615 
78 550 9 11 0.037332058 
181 454 9 12 0.037273105 
506 168 14 18 0.037129 
70 204 47 55 0.037021235 
246 202 13 18 0.03701486 
139 169 52 53 0.03693723 
77 565 10 12 0.036937155 
151 477 8 10 0.036929164 
103 527 8 10 0.036853917 
167 462 8 10 0.03684946 
138 527 8 9 0.036843102 
20 226 13 20 0.036718607 
372 185 20 26 0.036260642 
595 179 12 15 0.03625421 
168 535 8 10 0.036196955 
104 423 9 12 0.036104996 
72 496 8 10 0.035908815 
379 156 14 17 0.03575312 
54 423 9 11 0.035647392 
288 557 8 11 0.03556255 
87 557 10 11 0.035383336 
837 173 14 18 0.03538105 
548 288 14 18 0.035234835 
174 591 10 12 0.035167594 
360 424 9 11 0.035141308 
484 388 13 17 0.035032697 
81 480 7 10 0.035001483 
318 542 8 10 0.03498021 
121 518 8 10 0.034932986 
17 575 8 12 0.034869798 
283 274 83 99 0.034814477 
174 471 7 10 0.03475771 
1 240 42 61 0.034626916 
103 501 9 11 0.034549385 
84 607 11 12 0.034352567 
165 206 16 22 0.03381313 
527 215 22 32 0.03381302 
823 135 12 16 0.033708446 
12 202 11 17 0.033708356 
152 457 8 9 0.03368337 
88 430 9 11 0.033613026 
134 550 9 11 0.03357123 
577 174 10 13 0.033438202 
94 517 9 11 0.033272076 
79 525 9 11 0.03319903 
542 171 14 19 0.03319002 
153 412 8 10 0.033171616 
270 557 9 10 0.0331328 
347 184 19 25 0.0331218 
251 320 37 39 0.03308965 
434 217 24 31 0.0330248 
25 552 8 10 0.032992363 
102 180 12 16 0.03291689 
184 519 7 9 0.032893743 
-6 382 46 85 0.032765448 
62 496 8 10 0.032691013 
207 573 9 10 0.032639123 
1010 441 14 25 0.032415744 
526 267 23 29 0.03230781 
152 191 14 18 0.032234628 
356 162 12 16 0.03204854 
128 420 8 10 0.031966284 
50 543 9 12 0.0319614 
192 517 8 10 0.031879194 
22 219 26 40 0.03187183 
128 480 9 11 0.031863518 
129 549 9 10 0.031787124 
40 489 7 10 0.03169292 
96 493 9 10 0.031656764 
127 405 8 10 0.03159831 
765 199 17 20 0.03158493 
62 501 8 10 0.031579833 
81 535 9 11 0.031568434 
187 257 45 56 0.031548176 
167 525 8 9 0.03154611 
111 473 8 9 0.031540584 
565 156 10 13 0.03129307 
197 582 10 11 0.031179676 
7 272 20 24 0.0311265 
32 493 8 10 0.031113219 
94 579 10 13 0.031008542 
359 149 24 30 0.030903745 
145 549 9 11 0.0309032 
190 532 9 11 0.030773016 
65 532 8 11 0.030738335 
168 477 8 10 0.030654462 
17 509 8 10 0.03055685 
120 543 8 10 0.030536987 
136 401 8 9 0.030526161 
310 558 8 11 0.030436736 
544 175 20 26 0.030381454 
264 558 9 11 0.030353185 
243 283 92 98 0.03031788 
543 165 11 14 0.030308256 
40 518 9 10 0.030271085 
95 488 8 10 0.030234562 
206 535 8 10 0.03022452 
44 574 10 12 0.030188413 
304 552 9 11 0.0301756 
46 431 11 12 0.030131562 
484 442 44 61 0.03006668 
-18 338 96 134 0.029913124 
63 559 9 11 0.029864216 
32 533 8 12 0.029826764 
102 603 10 12 0.02981512 
80 422 8 11 0.02976716 
104 580 9 12 0.02963291 
350 137 28 33 0.029628405 
56 487 8 10 0.029608248 
144 400 8 9 0.02958291 
208 528 7 9 0.029394677 
292 234 55 68 0.029377336 
86 421 9 11 0.029297078 
319 557 8 10 0.029193858 
415 156 10 13 0.029136421 
828 151 16 21 0.029125733 
835 144 13 18 0.028970178 
32 613 9 10 0.028914202 
191 575 8 11 0.028909596 
304 543 8 10 0.028888557 
149 558 9 13 0.02870449 
16 493 8 10 0.028694453 
528 191 23 32 0.028598495 
200 528 7 9 0.02857332 
833 187 25 29 0.0285114 
169 456 7 9 0.028508445 
493 159 15 19 0.028504994 
119 502 9 10 0.02836021 
78 519 9 11 0.028356334 
78 573 10 11 0.028353745 
135 465 8 9 0.028304378 
49 494 8 10 0.028256617 
103 488 9 10 0.02811168 
686 171 14 22 0.02802609 
316 213 18 23 0.027910937 
145 455 7 9 0.027909338 
40 612 8 11 0.02787074 
305 262 55 68 0.02784379 
517 131 11 14 0.027785443 
193 513 7 9 0.027741991 
360 457 15 16 0.027687881 
433 159 11 15 0.027677523 
405 183 16 21 0.027590437 
111 557 9 12 0.027543422 
348 149 22 27 0.02736007 
127 597 9 11 0.027342241 
228 352 39 37 0.02733876 
438 140 10 13 0.02732818 
199 574 8 11 0.027316535 
284 600 9 11 0.027290555 
411 207 14 20 0.027240107 
24 542 8 10 0.027238235 
88 503 9 10 0.027199287 
104 518 8 10 0.026982658 
144 484 9 11 0.026835961 
167 501 8 10 0.026808113 
110 423 8 11 0.026697155 
515 188 20 24 0.026686788 
134 557 9 13 0.026654294 
118 557 9 11 0.026571847 
21 518 9 11 0.026567753 
142 422 9 11 0.026566213 
176 575 9 11 0.026547445 
48 533 8 11 0.026517272 
40 504 8 10 0.026480407 
167 513 9 10 0.026466817 
23 567 8 9 0.0264389 
303 213 28 34 0.02642558 
6 508 9 11 0.026337378 
32 575 9 10 0.026282793 
5 534 9 12 0.026215618 
56 436 10 12 0.026212756 
412 401 36 39 0.026167748 
159 457 8 9 0.026163077 
64 432 9 11 0.026153399 
22 525 9 12 0.026105976 
176 526 8 10 0.026088996 
363 206 25 35 0.026077198 
168 542 9 11 0.025989374 
63 526 9 11 0.025954613 
355 188 20 24 0.025866957 
312 541 8 11 0.02585648 
273 552 7 10 0.025795659 
305 207 20 23 0.02579253 
477 277 15 21 0.025741044 
137 509 8 11 0.02564631 
243 263 15 23 0.025617724 
32 567 8 10 0.025605896 
25 504 8 11 0.025589202 
174 581 10 11 0.025503183 
422 167 22 27 0.025466854 
16 567 7 10 0.02546542 
85 537 10 11 0.025434563 
192 580 9 11 0.025387086 
2 202 23 29 0.025329517 
5 589 9 12 0.025281936 
330 197 23 32 0.025278505 
154 575 9 12 0.02525947 
80 599 10 11 0.025232889 
421 165 12 14 0.025206769 
205 541 9 11 0.025049783 
15 502 8 11 0.025023025 
21 195 11 14 0.024993248 
103 414 8 11 0.024922933 
342 195 24 31 0.024883322 
73 563 10 12 0.024869118 
287 550 8 10 0.024775673 
260 225 14 21 0.024771731 
198 512 8 10 0.024759416 
95 558 8 10 0.024691189 
174 542 8 11 0.024684643 
293 210 44 56 0.02468405 
381 267 12 17 0.024679048 
393 256 18 26 0.024656883 
175 478 8 10 0.0246526 
362 135 30 35 0.024522444 
333 135 27 31 0.024475664 
159 485 9 10 0.024452293 
500 153 22 30 0.024397137 
547 187 13 19 0.02422232 
199 588 9 11 0.024210634 
620 178 28 38 0.024209326 
73 508 9 11 0.02415063 
996 90 25 41 0.024146548 
135 565 9 12 0.024109337 
353 218 23 34 0.024079328 
110 510 8 11 0.024013096 
16 520 9 10 0.023923516 
120 590 9 11 0.02392094 
230 218 30 42 0.023902817 
111 518 8 10 0.02385051 
47 488 8 10 0.023781966 
119 430 9 11 0.02373369 
350 171 10 14 0.023685627 
525 233 23 34 0.023672298 
80 471 7 9 0.023651417 
993 158 26 35 0.023598954 
295 558 9 11 0.023591598 
432 154 20 26 0.023585081 
426 184 15 19 0.023580171 
122 465 8 10 0.023567067 
215 583 9 10 0.02355768 
344 428 9 11 0.023556381 
147 189 47 59 0.023543986 
16 557 9 10 0.02351841 
698 160 32 43 0.02350398 
46 516 8 11 0.023384318 
121 582 9 11 0.02338103 
234 249 27 41 0.02337759 
403 156 12 16 0.023377003 
15 207 25 33 0.023375532 
612 195 23 33 0.023369072 
870 133 12 16 0.023339571 
149 595 10 12 0.023322754 
677 149 24 32 0.023271134 
135 501 9 12 0.023195999 
550 167 10 14 0.023192814 
14 613 9 11 0.023111677 
606 164 9 12 0.023082584 
15 541 9 11 0.023029715 
110 462 8 10 0.022860404 
161 548 9 12 0.022848153 
56 622 10 12 0.022794444 
280 542 9 11 0.022735652 
150 549 9 11 0.02273147 
468 245 41 50 0.022725921 
923 166 33 40 0.022635538 
335 177 23 30 0.022616567 
189 485 9 12 0.022580754 
185 224 39 52 0.022574892 
198 518 8 10 0.022561988 
94 566 8 11 0.022481343 
355 140 17 21 0.022454396 
133 416 9 11 0.022451898 
30 226 45 60 0.0223727 
89 517 9 12 0.022369385 
96 526 8 10 0.02229108 
118 495 9 10 0.022270082 
729 158 24 35 0.022232547 
47 214 49 59 0.022210877 
2 526 8 12 0.022210253 
176 512 8 10 0.022188501 
422 149 10 13 0.022066586 
2 154 25 36 0.02205376 
498 224 17 22 0.02199773 
151 564 9 12 0.0219627 
442 163 12 16 0.021873584 
32 527 9 11 0.021849493 
294 565 9 13 0.02184009 
3 485 10 14 0.02183458 
64 611 10 12 0.021830654 
62 512 9 10 0.02181426 
431 234 14 18 0.021809258 
57 517 9 12 0.02168296 
94 429 8 11 0.021530084 
41 558 8 10 0.021493448 
38 533 9 11 0.021377662 
413 166 13 19 0.02130881 
672 182 29 39 0.021297699 
347 141 17 20 0.021291906 
287 536 11 13 0.02126203 
95 502 9 11 0.021180402 
1011 163 13 21 0.02114808 
73 518 8 11 0.021112997 
311 566 9 11 0.021096217 
485 221 22 29 0.021057377 
539 196 16 22 0.021017786 
190 528 8 10 0.020955985 
945 161 19 25 0.020948911 
105 509 9 11 0.02083655 
96 591 10 13 0.020829547 
357 201 13 18 0.020730127 
160 501 9 11 0.020727249 
435 282 17 24 0.02066542 
473 299 16 20 0.020663159 
257 597 8 11 0.020551385 
487 157 13 17 0.020531446 
373 152 24 30 0.02052113 
334 148 12 14 0.020478757 
145 463 8 9 0.020471087 
213 566 9 12 0.020459922 
88 566 9 11 0.020430893 
120 509 9 11 0.020408759 
533 163 12 16 0.020408703 
366 199 13 19 0.020387258 
780 119 52 66 0.020329408 
17 487 9 12 0.020238195 
150 494 9 11 0.020229923 
734 150 12 15 0.0202284 
165 215 41 56 0.020227749 
328 552 8 10 0.020196997 
269 614 9 11 0.020190405 
436 248 17 23 0.020134153 
329 438 9 11 0.02012435 
126 519 8 9 0.020114092 
241 233 16 27 0.020104175 
415 163 21 27 0.020059578 
183 502 8 10 0.020012526 
