6_Funeral_Funeral_6_485
282
455 180 100 145 0.9996822 
905 137 81 109 0.988736 
777 199 26 30 0.28392515 
749 95 12 14 0.16752371 
247 92 12 16 0.1627462 
806 312 13 18 0.14368743 
212 84 10 13 0.13843137 
180 204 10 13 0.13468897 
329 281 28 34 0.13277894 
834 201 23 29 0.121711746 
837 260 11 14 0.11434572 
264 119 13 17 0.10322329 
320 83 11 14 0.10079146 
291 84 13 17 0.099050835 
291 112 11 14 0.096534215 
310 56 8 11 0.09318491 
191 121 13 17 0.0812773 
348 84 11 14 0.08125178 
251 86 13 17 0.0725568 
786 78 14 17 0.07221796 
185 338 25 31 0.07180943 
832 71 11 12 0.07014495 
820 328 13 16 0.06985212 
264 68 10 12 0.069763 
179 228 12 15 0.06887996 
122 45 10 13 0.06805838 
268 69 11 13 0.06801324 
244 120 11 13 0.06762279 
805 133 11 14 0.067346826 
799 157 9 13 0.06709454 
207 94 11 14 0.06460476 
143 117 14 17 0.06457553 
765 111 9 12 0.0644575 
167 89 13 17 0.057206377 
200 95 8 12 0.05660554 
134 85 13 17 0.055765297 
961 101 12 15 0.054530147 
148 68 11 13 0.054365247 
800 85 10 13 0.05379991 
821 30 12 14 0.05321536 
254 67 10 12 0.052856855 
787 132 11 14 0.05095198 
232 78 10 12 0.050880995 
837 199 14 16 0.050788306 
703 71 9 12 0.049477 
1008 78 9 12 0.04927478 
320 70 11 14 0.049241003 
350 78 10 13 0.04845513 
180 296 11 16 0.04829312 
251 95 13 17 0.047743004 
984 93 11 13 0.047205813 
612 155 14 19 0.04647711 
931 102 14 16 0.045954123 
203 380 12 14 0.045590386 
882 77 8 10 0.044979487 
212 92 11 14 0.044484947 
215 111 9 11 0.044343147 
761 115 10 12 0.04394258 
238 70 9 12 0.043897513 
204 125 10 13 0.043032978 
673 0 9 10 0.042849682 
678 5 9 12 0.042698387 
348 90 12 15 0.04250194 
885 77 10 12 0.04020258 
184 143 10 13 0.039944716 
270 77 11 14 0.039802384 
199 86 7 11 0.039565425 
1013 77 10 13 0.039371047 
820 93 13 16 0.03926993 
183 62 9 12 0.03817186 
683 131 13 15 0.037974652 
96 30 7 10 0.03783811 
838 290 22 29 0.037161633 
758 140 14 18 0.036996085 
720 126 10 12 0.03691367 
813 191 11 14 0.036857937 
231 141 9 11 0.036767498 
854 194 11 14 0.03667202 
710 76 10 11 0.036460824 
614 172 13 17 0.03640708 
694 248 31 37 0.035899024 
800 100 9 12 0.03588237 
471 0 8 10 0.035853736 
151 75 9 12 0.035648856 
286 63 10 12 0.035495907 
880 120 8 11 0.035488863 
836 75 11 14 0.035347268 
664 1 8 9 0.035295617 
497 0 9 10 0.034943916 
804 151 10 13 0.034921724 
818 168 15 18 0.034313217 
207 150 11 14 0.03421431 
806 76 11 14 0.034183655 
701 116 10 12 0.03389957 
799 93 11 14 0.033624858 
605 142 26 33 0.03357329 
558 159 9 13 0.033477157 
744 126 10 12 0.033437002 
276 84 12 15 0.033164352 
351 70 9 12 0.033145875 
784 117 8 11 0.03302864 
298 329 25 32 0.03299878 
161 13 10 12 0.03286752 
209 79 12 13 0.032815017 
213 100 9 11 0.032741036 
762 133 13 15 0.032373764 
631 85 9 12 0.032202937 
311 95 9 12 0.031841323 
184 68 9 12 0.031827714 
824 76 9 12 0.031604536 
198 395 13 15 0.031562336 
280 111 10 13 0.031549137 
850 27 11 14 0.031539597 
761 194 14 17 0.031055894 
755 200 16 19 0.030963236 
822 88 10 12 0.030917844 
246 302 9 12 0.030900033 
306 55 9 11 0.030715361 
621 21 10 12 0.030709833 
750 118 9 11 0.030602612 
338 275 30 34 0.030415542 
614 153 23 30 0.030353745 
773 274 15 19 0.030133499 
246 67 11 13 0.03008429 
894 77 9 11 0.029699346 
337 5 9 10 0.029640598 
349 99 10 12 0.029637318 
240 124 11 14 0.029532675 
1012 208 12 20 0.029484278 
1014 46 8 12 0.029460324 
277 116 12 16 0.029335128 
727 102 9 11 0.02925482 
628 160 13 18 0.029154934 
781 240 15 18 0.029022621 
383 117 11 15 0.028986884 
879 134 8 12 0.028986307 
247 308 9 11 0.02886441 
561 0 7 8 0.028848533 
241 93 10 12 0.028847497 
192 95 9 13 0.0287679 
390 0 9 9 0.028350316 
832 191 10 13 0.028246611 
784 126 11 14 0.028004935 
974 1 9 10 0.02762573 
134 81 10 12 0.02759121 
755 176 15 19 0.027251482 
783 99 9 12 0.027232671 
261 86 11 15 0.02722618 
350 118 9 12 0.02701476 
766 103 9 12 0.027004179 
187 453 11 14 0.026975045 
213 292 10 13 0.026968598 
841 82 9 14 0.0269528 
767 95 8 10 0.026931036 
838 166 10 13 0.026902951 
268 111 12 13 0.026572328 
345 100 9 12 0.026468478 
320 101 9 12 0.026406536 
414 15 10 13 0.026172528 
864 205 12 16 0.02616248 
233 109 10 12 0.026050845 
378 85 10 12 0.026043154 
325 119 11 15 0.025958316 
252 80 11 12 0.025917668 
1008 84 9 12 0.025881 
542 51 12 15 0.025747398 
586 46 9 11 0.025745431 
305 61 8 11 0.025735773 
847 108 10 13 0.02534913 
905 78 10 12 0.025174003 
718 342 15 18 0.025127845 
798 0 11 11 0.02509422 
699 70 9 11 0.025092235 
618 176 13 17 0.025082381 
237 131 10 13 0.025017278 
172 197 20 27 0.024982903 
837 51 10 12 0.024916394 
279 307 10 12 0.024908148 
553 181 24 31 0.024899976 
502 0 9 11 0.024869338 
573 166 13 16 0.024840387 
831 195 13 16 0.024785327 
833 125 11 13 0.024719154 
816 53 10 12 0.024718415 
853 182 11 14 0.024715545 
214 307 9 12 0.024584392 
286 28 9 12 0.024559194 
766 23 8 11 0.024540726 
271 91 11 14 0.024539674 
306 458 14 18 0.024389563 
807 261 194 214 0.024258984 
726 64 7 10 0.024221102 
839 155 10 13 0.024202485 
366 273 12 17 0.024158712 
236 76 9 12 0.02396683 
320 109 9 12 0.023796039 
213 323 9 13 0.023787074 
783 138 10 14 0.023666797 
656 77 8 10 0.02360151 
929 77 8 11 0.023598853 
489 1 8 9 0.023580002 
880 124 9 12 0.02356266 
824 143 7 10 0.023535168 
319 64 10 12 0.023531575 
502 5 9 11 0.023407951 
224 307 10 12 0.023348639 
165 22 10 15 0.02333717 
160 5 10 11 0.02326077 
1001 13 10 12 0.023195 
160 0 9 11 0.02312333 
719 72 8 10 0.02311829 
308 119 11 14 0.023024615 
198 185 11 14 0.022778608 
799 78 12 15 0.022742288 
367 88 8 10 0.022682857 
719 121 10 11 0.022633616 
460 82 11 14 0.022625335 
1014 71 9 12 0.022623643 
732 92 10 13 0.022556173 
744 120 9 11 0.022544436 
247 319 9 12 0.022502035 
853 52 9 12 0.02249956 
168 80 10 12 0.022466915 
846 188 13 17 0.022420974 
118 16 8 10 0.022401782 
994 1 8 10 0.022280565 
600 148 47 60 0.022251142 
256 0 10 11 0.022222824 
733 85 9 12 0.022199104 
782 375 11 13 0.022180771 
316 271 25 33 0.022173133 
664 7 7 9 0.022171719 
320 91 11 14 0.022151146 
729 0 9 11 0.022037094 
221 382 12 15 0.021987615 
423 68 10 12 0.021895997 
287 68 10 12 0.021865373 
283 234 12 19 0.021730946 
533 69 9 13 0.021673495 
121 -1 9 9 0.02162023 
974 77 9 12 0.021584354 
839 150 9 12 0.021547772 
135 68 9 11 0.021523759 
398 78 9 12 0.021442821 
181 56 9 11 0.021395674 
409 46 9 11 0.021341575 
988 84 11 13 0.021310188 
838 244 37 53 0.021299975 
721 197 30 36 0.02125109 
750 88 10 12 0.021121755 
231 84 9 13 0.02112171 
276 78 11 14 0.021066008 
365 95 9 11 0.021025777 
111 226 44 57 0.02097613 
909 76 10 12 0.020911213 
800 118 9 10 0.020899368 
653 87 9 11 0.020862874 
271 46 9 11 0.020853503 
368 39 7 9 0.020823255 
703 132 10 13 0.020731585 
139 88 12 16 0.020701684 
365 118 10 13 0.02066122 
151 0 10 10 0.020656366 
717 100 10 13 0.020592032 
847 255 11 16 0.020588018 
120 40 9 11 0.020525469 
622 70 8 11 0.02046939 
184 458 12 15 0.020467754 
674 4 9 11 0.02044979 
838 45 10 13 0.020435134 
746 99 11 14 0.020429488 
466 0 9 10 0.020379854 
723 132 12 14 0.02036627 
764 127 11 12 0.02030424 
552 -1 8 8 0.020297399 
203 387 12 16 0.02023006 
767 228 27 34 0.020160288 
252 30 11 15 0.020111129 
708 88 11 12 0.02009601 
449 44 9 11 0.020064875 
719 141 11 14 0.02005673 
732 158 11 13 0.0200536 
