6_Funeral_Funeral_6_241
59
459 197 111 148 0.9998387 
847 409 60 75 0.99822575 
786 463 23 29 0.8184061 
744 1543 58 59 0.28164607 
882 995 31 38 0.12812656 
495 6 20 21 0.12569094 
108 469 17 21 0.11363252 
683 217 18 22 0.094819956 
120 -49 335 437 0.086648025 
911 664 28 29 0.08277525 
597 1041 509 614 0.06877254 
100 218 17 23 0.06512071 
536 1518 44 53 0.058649663 
99 507 31 41 0.050957505 
831 1552 25 30 0.050837044 
678 861 61 77 0.044277783 
967 1557 18 21 0.04192858 
192 1123 386 548 0.04035615 
779 456 37 48 0.039733194 
58 215 13 17 0.039588295 
102 352 21 31 0.039377965 
246 114 11 15 0.038979392 
111 185 14 17 0.038741652 
104 387 19 22 0.036343284 
806 379 12 17 0.036312155 
871 196 12 15 0.036182772 
307 120 60 78 0.034537625 
200 9 199 292 0.03191755 
811 742 23 37 0.031748205 
883 1004 17 24 0.03125769 
958 415 29 38 0.029158967 
274 752 363 511 0.02863766 
82 250 14 19 0.028336016 
172 630 13 14 0.027624283 
101 1073 25 36 0.027581766 
402 120 15 22 0.027178124 
13 1263 445 527 0.026803276 
115 438 15 20 0.026801934 
853 256 11 12 0.02627553 
84 186 13 17 0.02567079 
1 1332 8 13 0.02547545 
101 375 16 20 0.024546025 
246 55 128 160 0.02410836 
610 93 14 18 0.023757638 
343 121 54 72 0.023396278 
269 118 13 14 0.023237845 
106 424 26 34 0.02275765 
512 540 204 293 0.02274934 
252 114 11 15 0.022703363 
924 290 12 15 0.022227997 
290 140 63 79 0.022194263 
981 1341 11 14 0.021752672 
932 1533 15 18 0.02171206 
91 419 42 59 0.021373924 
655 204 14 18 0.020859664 
100 414 24 37 0.020795679 
340 272 12 17 0.020653212 
943 318 9 13 0.020406483 
822 296 10 13 0.020058157 
