6_Funeral_Funeral_6_1005
38
490 172 110 147 0.9997757 
55 73 57 88 0.9272757 
813 67 43 59 0.21249884 
764 436 46 63 0.14116885 
864 194 35 45 0.06715024 
881 143 162 231 0.06649324 
606 288 411 520 0.059709344 
902 136 107 148 0.05424765 
476 953 170 234 0.049119465 
332 167 386 439 0.0488701 
964 305 16 20 0.04227936 
62 197 13 20 0.04197071 
351 449 451 554 0.039879024 
789 349 51 65 0.03469354 
51 47 103 167 0.03388895 
309 1105 188 306 0.03384257 
881 112 100 124 0.033760916 
979 203 15 21 0.02735732 
892 133 60 70 0.027295474 
943 170 84 135 0.02709352 
842 73 106 147 0.026076864 
54 193 15 22 0.0251258 
970 38 13 15 0.024607994 
122 198 383 506 0.024195587 
864 30 36 44 0.024024194 
-52 522 348 498 0.023955338 
873 347 18 21 0.023678785 
113 509 363 495 0.023081413 
711 344 46 65 0.022935862 
786 438 55 71 0.022783825 
947 283 17 22 0.022250865 
850 146 94 118 0.02192477 
961 331 25 31 0.021084893 
936 247 64 93 0.02084597 
676 873 233 233 0.020372406 
798 39 76 103 0.020264562 
831 62 56 77 0.020161124 
958 283 55 80 0.020137196 
