6_Funeral_Funeral_6_160
128
871 250 66 93 0.99861515 
898 99 58 83 0.99856025 
201 180 65 90 0.9978377 
363 307 44 55 0.9955895 
779 210 52 72 0.9951291 
612 375 37 51 0.9949556 
834 125 46 66 0.9864348 
21 225 67 108 0.98541117 
156 217 63 87 0.9851201 
743 172 49 69 0.9847472 
357 222 33 42 0.9837599 
717 156 39 50 0.9597541 
46 72 50 100 0.91677386 
274 193 50 74 0.80641526 
269 1105 432 442 0.8006419 
862 213 52 67 0.6194498 
179 192 65 95 0.36406016 
132 1091 355 435 0.289554 
-2 138 47 112 0.26649734 
298 192 33 51 0.24409783 
231 193 60 82 0.20995988 
721 203 30 48 0.1714056 
219 690 67 99 0.14308916 
499 1192 409 428 0.14234494 
279 743 193 279 0.13520457 
56 198 59 82 0.1231975 
272 443 40 48 0.118773334 
16 92 59 109 0.10954548 
296 204 43 66 0.10768084 
5 183 60 101 0.10538564 
718 171 49 72 0.10177001 
114 912 113 145 0.09440426 
990 85 36 67 0.08816259 
257 174 33 42 0.08391353 
502 466 15 18 0.08219375 
253 178 55 79 0.07447116 
292 444 30 37 0.07112504 
266 814 137 178 0.070976324 
294 1232 47 73 0.06722287 
677 308 23 33 0.06672506 
969 110 47 74 0.059465613 
327 217 37 54 0.058238752 
529 485 22 27 0.05671581 
552 278 31 40 0.055805087 
-1 169 33 60 0.050694257 
11 120 86 122 0.048093744 
97 473 130 104 0.04547262 
440 1138 253 283 0.044462472 
591 950 410 502 0.043845378 
396 262 13 17 0.04381046 
677 320 36 53 0.043143407 
998 188 27 47 0.04216997 
77 195 55 62 0.04178644 
517 324 14 15 0.03988338 
549 1284 12 15 0.03980961 
483 500 12 16 0.03911161 
544 380 26 35 0.03796115 
132 480 95 57 0.037710465 
209 859 440 552 0.03664278 
460 243 14 19 0.036557127 
113 480 365 456 0.03615285 
343 211 34 45 0.036119934 
319 -5 209 239 0.035893645 
893 113 39 56 0.034185622 
278 226 36 48 0.03261028 
216 214 42 52 0.032341085 
291 169 15 18 0.031507704 
281 455 21 23 0.030744953 
510 325 26 30 0.030736886 
729 702 299 459 0.030087635 
1009 72 14 24 0.02996349 
313 1222 47 73 0.029757299 
979 147 45 74 0.029675372 
517 532 13 19 0.029180817 
-7 83 48 82 0.028947443 
43 412 127 148 0.02830059 
522 407 15 19 0.027893972 
498 514 12 14 0.027239734 
161 780 177 240 0.026766444 
63 92 53 84 0.026303086 
29 160 95 113 0.026266238 
866 206 84 109 0.025689932 
930 177 51 72 0.025643654 
312 1255 28 39 0.025588293 
86 218 56 88 0.025551403 
323 202 27 41 0.025378857 
333 206 28 39 0.025295535 
350 323 11 17 0.02511603 
271 177 33 40 0.024877375 
544 808 221 231 0.024575843 
665 895 72 86 0.024108766 
508 339 13 17 0.024055932 
869 101 59 86 0.023833228 
327 1204 23 33 0.023731437 
290 249 25 32 0.023728091 
321 234 28 44 0.023499142 
139 178 29 30 0.023483088 
512 860 11 15 0.023180755 
89 132 57 65 0.02296224 
265 459 33 43 0.02275499 
499 324 25 30 0.022730269 
719 678 12 14 0.022580357 
483 1203 16 21 0.022358572 
530 337 17 22 0.022326889 
965 174 51 73 0.022286247 
947 130 31 50 0.022260576 
538 363 27 34 0.022028487 
200 677 376 445 0.02191534 
-2 233 30 43 0.021892507 
760 167 35 50 0.0218527 
988 121 41 72 0.021701943 
927 112 48 75 0.021505423 
704 137 74 93 0.02140119 
206 1240 109 153 0.021264883 
83 183 18 24 0.021225056 
674 572 117 153 0.021214955 
333 1307 24 32 0.02110206 
456 281 21 32 0.021032417 
115 225 55 78 0.020965375 
288 1222 102 152 0.020930361 
324 333 39 57 0.020868408 
291 864 75 95 0.020565497 
252 222 56 71 0.020508826 
970 822 44 64 0.020484861 
857 122 35 49 0.02039642 
880 117 29 45 0.020248068 
507 532 14 17 0.020246811 
317 1262 55 76 0.020012356 
