32_Worker_Laborer_Worker_Laborer_32_110
59
697 33 98 123 0.99839884 
490 329 40 44 0.9919058 
455 14 19 24 0.7964383 
98 234 59 59 0.31379944 
363 2 27 31 0.21428634 
206 137 12 15 0.20063403 
168 234 25 32 0.16905986 
274 148 49 62 0.1431044 
271 146 11 18 0.1160482 
294 166 56 64 0.083975844 
210 133 12 15 0.08140433 
155 226 41 53 0.08010053 
197 97 13 18 0.078956254 
147 164 16 19 0.07685653 
274 144 16 22 0.06482043 
213 227 32 45 0.06333907 
253 134 11 14 0.058313385 
321 173 32 44 0.055171676 
265 170 11 17 0.054815117 
156 158 13 14 0.05030187 
635 20 176 202 0.04952571 
265 158 23 34 0.04817305 
453 5 16 19 0.047708258 
199 127 22 24 0.047261767 
102 195 64 77 0.046592943 
191 105 13 16 0.042443264 
214 174 11 14 0.042013247 
277 138 24 31 0.04043215 
221 178 13 15 0.03866 
221 132 11 14 0.03713437 
149 107 10 13 0.0350091 
266 147 11 16 0.033595078 
227 180 12 15 0.03156432 
263 122 74 105 0.03014669 
150 158 14 17 0.030059574 
3 212 49 77 0.029304627 
72 141 49 63 0.029022867 
114 133 26 32 0.028835712 
284 89 12 15 0.028294526 
170 250 18 26 0.025818447 
115 99 16 18 0.024985908 
221 97 11 15 0.024252333 
583 207 155 124 0.023417339 
179 130 14 16 0.02340618 
84 125 50 61 0.023340441 
178 138 15 19 0.02275537 
294 139 14 18 0.022706648 
164 158 11 14 0.022446273 
581 76 214 222 0.022435911 
208 171 12 15 0.022253223 
90 183 33 35 0.02198756 
210 173 40 50 0.021890648 
179 193 14 21 0.021797031 
264 140 10 15 0.021556199 
174 181 12 17 0.021114515 
767 1 35 35 0.021044143 
298 74 172 231 0.020484231 
28 141 35 44 0.020467749 
173 155 13 16 0.02032361 
