32_Worker_Laborer_Worker_Laborer_32_812
94
384 81 93 123 0.9988913 
58 459 24 30 0.40523025 
365 430 157 251 0.16547349 
434 298 197 351 0.15519021 
671 109 23 30 0.14860426 
56 323 345 449 0.1324047 
361 308 52 57 0.10998804 
22 427 11 14 0.086698614 
580 167 12 16 0.084585786 
531 385 37 39 0.08340239 
939 339 20 23 0.08277868 
741 83 13 17 0.0794091 
963 366 12 14 0.07094374 
17 429 11 13 0.058827832 
4 443 11 14 0.053789183 
38 421 231 299 0.052117504 
0 451 11 15 0.050976586 
478 81 50 71 0.04904781 
20 508 16 19 0.046474148 
1013 347 10 15 0.045689892 
101 15 57 61 0.04525613 
102 517 129 153 0.04517494 
54 431 10 12 0.041829363 
436 490 108 166 0.041717853 
0 366 13 23 0.040817272 
6 411 9 13 0.040615477 
516 95 37 44 0.03802275 
27 506 17 21 0.037247304 
935 341 15 18 0.03711007 
23 484 12 15 0.036161546 
957 498 26 36 0.0361348 
924 341 13 17 0.03560505 
14 412 9 12 0.035044316 
47 468 13 16 0.034977112 
-7 349 41 63 0.034588654 
908 417 17 20 0.034487065 
32 447 13 16 0.03420819 
961 371 12 15 0.0340894 
661 75 13 17 0.033578593 
13 441 11 15 0.03332554 
1 531 16 24 0.03330873 
739 57 14 17 0.032243002 
664 213 10 12 0.032055855 
15 437 11 14 0.03203107 
259 496 18 20 0.031740088 
20 372 12 16 0.030129088 
18 513 23 31 0.028969541 
697 114 15 20 0.02879512 
746 606 9 12 0.028761873 
396 238 383 469 0.02813117 
693 69 14 18 0.028026778 
639 136 15 19 0.027716864 
270 587 12 14 0.02768612 
53 465 16 20 0.027135085 
950 340 22 28 0.02688623 
589 479 14 19 0.026734246 
735 51 15 17 0.026525227 
434 14 385 476 0.02611388 
76 437 15 18 0.025814904 
950 493 10 13 0.025397602 
976 512 17 20 0.024987554 
761 622 10 12 0.024453947 
109 465 13 15 0.023916867 
554 119 16 20 0.02343477 
959 475 10 14 0.02322359 
93 500 11 13 0.023140064 
736 646 8 11 0.022908624 
102 511 10 12 0.022739638 
101 519 12 14 0.02250921 
724 82 13 16 0.022472708 
454 21 181 225 0.02245294 
591 125 12 15 0.022206124 
699 68 14 17 0.022140393 
957 346 13 18 0.021975413 
14 474 12 14 0.021851702 
737 639 8 11 0.021657012 
483 -5 68 58 0.021603702 
563 165 12 14 0.02157005 
2 508 13 16 0.021507623 
943 412 24 29 0.021460118 
104 482 12 17 0.021444775 
669 213 10 12 0.021402577 
1 411 10 15 0.021148322 
590 154 12 14 0.021026125 
642 65 17 20 0.020989697 
394 135 19 21 0.020980027 
34 513 14 18 0.020652603 
969 504 19 24 0.020623768 
48 375 10 12 0.020408442 
965 378 12 15 0.020377189 
60 428 10 13 0.0202943 
644 72 24 31 0.02028462 
29 469 13 16 0.020191172 
-2 361 23 36 0.020167228 
