32_Worker_Laborer_Worker_Laborer_32_566
220
670 364 51 73 0.9947589 
69 247 15 18 0.32238844 
27 248 15 18 0.23183365 
35 273 15 20 0.20954691 
377 236 15 18 0.15294312 
89 220 10 13 0.13666134 
11 293 12 14 0.123947926 
86 235 11 13 0.1181732 
20 246 15 18 0.10085562 
201 655 9 12 0.09784715 
316 286 15 18 0.08086335 
0 258 9 15 0.0805207 
66 265 16 22 0.07815014 
26 495 9 11 0.07650246 
438 309 9 13 0.07490573 
839 586 12 16 0.073159754 
429 255 10 13 0.06914214 
374 230 12 16 0.06680072 
118 236 11 16 0.066516705 
780 627 16 23 0.060396075 
25 265 23 27 0.060058907 
71 596 13 15 0.057803556 
1 536 8 12 0.056943152 
167 627 9 12 0.055673685 
105 456 8 10 0.05402206 
56 469 8 11 0.053308077 
843 579 16 19 0.051882118 
99 272 22 30 0.051862836 
9 298 11 14 0.051186293 
951 334 27 37 0.051072255 
957 321 40 50 0.05073072 
800 547 24 30 0.050593402 
900 227 19 22 0.050050758 
801 469 8 10 0.048727795 
636 155 14 17 0.048444606 
44 297 12 15 0.04685484 
807 485 10 12 0.046636235 
787 570 13 17 0.046597645 
200 632 8 10 0.045991484 
946 373 41 61 0.045665156 
493 304 9 12 0.045336984 
26 500 8 11 0.045085076 
729 183 9 11 0.044990037 
825 275 23 29 0.044072594 
236 290 13 16 0.043132383 
542 301 8 11 0.04285051 
142 140 12 14 0.04270861 
49 259 13 15 0.041630216 
131 216 13 17 0.041532885 
63 245 15 17 0.040915098 
535 333 8 11 0.040903527 
770 624 30 35 0.040846433 
4 253 10 15 0.04064937 
20 236 13 15 0.039531764 
750 612 62 58 0.03948941 
192 655 8 11 0.0387748 
797 554 16 19 0.038081355 
510 343 9 11 0.03796501 
790 510 10 13 0.0372171 
815 484 9 12 0.036885664 
174 595 10 13 0.036828924 
168 177 11 14 0.0366711 
886 358 30 41 0.036114983 
898 186 15 19 0.035714522 
21 255 15 19 0.03564539 
834 16 18 21 0.035401464 
218 630 9 12 0.03534776 
425 258 11 14 0.035164498 
326 306 11 13 0.034936953 
159 507 11 14 0.0346602 
665 158 11 13 0.03446235 
848 140 11 14 0.034391753 
854 528 10 12 0.033923708 
38 292 13 16 0.03359254 
541 247 10 13 0.03356992 
831 122 12 15 0.03345841 
885 227 13 17 0.033346266 
808 645 11 14 0.0332819 
200 648 9 11 0.0330994 
93 463 11 13 0.032972794 
22 273 13 17 0.032932915 
850 576 15 19 0.032585103 
405 295 9 12 0.032383792 
873 267 16 20 0.03226214 
999 359 24 33 0.03223634 
3 542 11 14 0.031000212 
821 485 9 11 0.030597799 
858 316 13 16 0.030294124 
536 222 10 12 0.030143583 
719 593 120 108 0.030107105 
614 110 9 11 0.030033696 
632 133 11 15 0.030000905 
845 148 13 17 0.029918065 
64 308 12 16 0.029598836 
872 210 16 19 0.028924176 
797 525 12 14 0.028879255 
442 500 14 17 0.028694622 
795 53 50 68 0.028629493 
590 296 9 11 0.028468939 
170 156 14 17 0.027955454 
73 463 7 9 0.027917905 
657 312 7 9 0.027801305 
829 595 13 15 0.027739707 
936 349 41 63 0.027584786 
103 498 11 14 0.027577162 
22 293 10 13 0.02750383 
462 374 13 16 0.027439047 
554 447 9 12 0.027411612 
812 602 12 17 0.027322818 
495 380 10 13 0.027281487 
631 140 11 14 0.027126944 
932 32 50 65 0.027118562 
-1 242 10 17 0.026939841 
734 378 11 15 0.026905354 
166 654 8 11 0.026853792 
477 374 10 13 0.026705675 
36 246 11 14 0.026688706 
781 251 10 14 0.026478793 
53 266 13 16 0.026415987 
368 227 12 16 0.026341323 
806 250 25 31 0.026173934 
33 465 6 9 0.026152309 
797 232 14 18 0.025920724 
99 493 12 15 0.025789896 
432 230 9 13 0.025690695 
712 295 9 11 0.025559226 
741 246 11 14 0.02528834 
866 553 18 21 0.025114456 
126 245 9 13 0.025076699 
553 438 7 10 0.025022501 
-28 513 220 221 0.025010567 
56 486 8 10 0.024872467 
168 148 11 14 0.024847971 
89 457 8 10 0.02474078 
835 556 16 20 0.02466158 
830 510 10 13 0.024652485 
782 519 10 13 0.024586108 
50 464 8 10 0.024562076 
880 641 11 14 0.024503954 
247 279 10 12 0.024410503 
892 74 15 19 0.024346607 
800 493 8 11 0.02431247 
264 271 8 11 0.024303874 
10 460 10 12 0.024295114 
873 353 32 42 0.02424949 
92 216 11 14 0.024011726 
437 254 10 14 0.023948569 
166 144 10 13 0.023838636 
489 306 10 13 0.023796007 
37 547 12 15 0.023679724 
17 525 9 12 0.023647286 
791 232 25 30 0.023559881 
486 254 9 12 0.02352723 
155 492 12 15 0.02342703 
217 624 7 11 0.023388773 
816 472 7 10 0.023362637 
875 576 16 19 0.023092683 
471 373 12 15 0.023091806 
100 541 12 14 0.023027768 
478 369 9 11 0.022936448 
37 471 8 10 0.022894906 
1010 355 13 20 0.022884013 
185 654 8 10 0.022770394 
39 572 9 12 0.022726635 
875 618 14 18 0.022647906 
180 126 11 13 0.022603502 
85 215 19 24 0.022596978 
142 511 12 15 0.022575691 
126 653 8 12 0.022567807 
270 271 8 11 0.022540815 
543 317 8 11 0.022470199 
446 533 9 11 0.022443827 
527 349 7 10 0.02242007 
16 511 8 10 0.022416594 
124 237 10 14 0.02238187 
197 253 15 17 0.022288626 
894 225 16 20 0.02210093 
626 292 8 11 0.022043193 
834 4 18 18 0.021985546 
667 165 14 15 0.021947615 
860 595 25 29 0.021924948 
184 647 7 9 0.021924473 
346 320 52 74 0.021892205 
977 320 42 54 0.021885099 
102 486 11 14 0.021874355 
81 229 20 25 0.021859434 
68 302 13 17 0.021838775 
48 250 21 26 0.021767814 
495 326 9 11 0.02173327 
0 471 9 12 0.021654261 
829 603 13 16 0.021606622 
528 344 9 11 0.021525925 
108 507 13 15 0.021514751 
957 229 27 31 0.021466574 
280 270 9 11 0.021447334 
30 654 10 13 0.021434285 
394 461 9 12 0.021397816 
853 548 12 16 0.02132229 
979 295 14 19 0.021282606 
21 540 9 13 0.021266181 
163 629 8 11 0.021178553 
223 271 10 11 0.021138385 
806 491 9 12 0.020991197 
789 480 9 11 0.020897754 
620 151 13 16 0.020866659 
679 305 8 9 0.020804431 
72 254 17 23 0.020773938 
45 534 10 12 0.020595625 
845 593 12 16 0.020591384 
53 274 14 16 0.020552505 
935 302 40 55 0.020544933 
625 157 24 29 0.020526461 
785 81 31 40 0.020523993 
501 375 12 14 0.02047925 
924 86 12 17 0.02033159 
668 151 11 12 0.020277407 
295 243 9 11 0.020269882 
829 237 13 16 0.020085815 
44 334 13 18 0.02006421 
616 278 8 11 0.020058973 
