32_Worker_Laborer_Worker_Laborer_32_26
98
203 252 40 44 0.9428449 
629 6 53 79 0.5500569 
126 76 13 16 0.24664745 
108 267 11 15 0.13530767 
833 203 169 236 0.12856965 
177 248 42 53 0.11336566 
109 65 13 17 0.08932568 
169 83 16 20 0.08656165 
121 85 13 17 0.08525261 
168 77 13 15 0.079986185 
46 73 9 11 0.06890025 
167 68 11 14 0.06839966 
132 269 12 16 0.061145443 
304 125 9 12 0.060839873 
931 130 41 58 0.060236055 
843 9 54 74 0.054759905 
345 173 10 12 0.05388899 
88 75 10 12 0.050486162 
2 69 9 13 0.04899019 
975 143 13 18 0.048028126 
23 265 9 12 0.046550404 
953 134 42 63 0.045309484 
198 76 10 12 0.043163903 
177 254 26 32 0.040850163 
257 292 111 118 0.03943654 
303 158 8 10 0.038562804 
92 78 10 12 0.038522616 
232 100 8 11 0.03735985 
174 29 12 15 0.036971908 
196 92 11 14 0.03676569 
241 80 7 10 0.036229756 
77 87 11 15 0.034465235 
303 151 7 10 0.033817198 
222 79 8 11 0.03363833 
248 135 8 12 0.033631578 
115 52 18 20 0.033282347 
213 126 11 14 0.03328069 
68 264 12 16 0.032061424 
130 71 11 14 0.031840783 
374 96 9 11 0.03167833 
108 54 15 19 0.031210301 
201 204 12 16 0.031194279 
104 316 9 11 0.031058507 
24 327 10 13 0.030663647 
279 133 8 11 0.029680444 
140 85 11 15 0.028794799 
195 29 11 13 0.028612718 
184 44 25 35 0.028287016 
214 120 9 11 0.028009862 
86 271 11 14 0.027442353 
171 107 14 20 0.027329879 
101 91 11 15 0.027028782 
45 413 10 11 0.026970476 
303 165 8 10 0.026848778 
198 86 11 15 0.026578896 
223 110 8 11 0.026303029 
174 21 10 12 0.026211139 
70 255 10 13 0.025797218 
53 86 11 14 0.025687432 
240 85 7 10 0.025263371 
179 260 16 19 0.025152376 
17 375 9 13 0.024742398 
56 62 10 11 0.024643764 
131 81 13 18 0.024398936 
286 135 8 9 0.024328593 
230 255 33 39 0.024265682 
302 131 9 12 0.02386973 
907 131 41 57 0.023703486 
231 117 9 11 0.023494 
15 268 11 13 0.023278624 
929 151 17 20 0.023264222 
279 141 8 11 0.022985293 
129 251 22 29 0.022832414 
60 94 10 14 0.022829942 
344 168 10 11 0.022778306 
278 174 9 12 0.02248371 
158 238 9 12 0.022353351 
124 56 13 17 0.022345372 
172 267 30 35 0.022295404 
228 279 31 34 0.02209549 
71 114 11 14 0.021959445 
95 83 11 15 0.021911927 
196 249 29 38 0.021721222 
56 131 11 14 0.02160553 
103 263 13 15 0.021587886 
1 61 8 14 0.021485923 
37 91 12 14 0.021282135 
279 152 7 9 0.021241784 
161 93 26 34 0.021064045 
186 1 17 16 0.021042157 
0 101 9 13 0.020982586 
151 284 10 14 0.020960433 
279 127 8 10 0.020701064 
198 260 58 62 0.020600975 
163 266 58 58 0.0205635 
9 277 10 13 0.020182475 
307 243 14 17 0.020148044 
167 12 11 15 0.020142585 
