32_Worker_Laborer_Worker_Laborer_32_738
32
263 351 128 144 0.99881005 
440 1372 208 161 0.119698755 
314 725 18 20 0.10674978 
705 825 228 249 0.1006823 
640 722 394 445 0.08925524 
337 414 353 423 0.07495898 
590 490 55 85 0.04874398 
394 342 24 34 0.047115173 
292 531 253 234 0.046812404 
13 505 96 125 0.042806443 
619 485 164 250 0.040963233 
347 856 143 188 0.036636718 
712 904 127 165 0.035966888 
783 3 236 271 0.03223839 
409 430 200 233 0.031218274 
0 440 211 234 0.03121361 
649 -78 392 509 0.029993609 
669 440 199 268 0.029466292 
278 1183 419 471 0.028824765 
233 543 160 223 0.02760452 
507 464 94 139 0.027581463 
361 1400 224 186 0.026577435 
-20 1018 409 435 0.026273947 
378 670 438 430 0.025957905 
39 945 260 222 0.025710465 
572 505 98 154 0.024793323 
464 24 407 473 0.023604749 
488 467 198 295 0.022499392 
174 1190 242 186 0.022426067 
964 350 24 31 0.0210505 
377 1439 126 124 0.020876288 
980 37 28 35 0.020595888 
