32_Worker_Laborer_Worker_Laborer_32_529
85
480 267 78 106 0.99160177 
935 554 21 29 0.6814456 
-42 819 478 534 0.31834376 
996 549 23 31 0.28868717 
426 984 298 440 0.19328046 
63 671 9 11 0.113780774 
333 581 159 258 0.11055257 
156 933 466 566 0.10801674 
977 647 9 12 0.10621727 
915 562 11 14 0.07870337 
63 705 13 17 0.07219477 
325 687 66 99 0.0632068 
11 684 14 17 0.059967127 
795 636 12 14 0.059687458 
210 1167 442 536 0.056948632 
952 772 9 13 0.053395845 
917 701 9 12 0.053131044 
963 547 14 19 0.052689094 
892 644 13 15 0.045690347 
994 640 25 32 0.043317918 
385 514 224 302 0.042134173 
537 1047 253 322 0.0387386 
174 726 12 15 0.037460275 
117 676 10 13 0.037241172 
308 626 115 176 0.037090536 
305 14 211 257 0.036696084 
997 564 17 22 0.036563788 
187 1063 276 352 0.03598084 
252 744 12 16 0.034791313 
1013 728 10 16 0.034429166 
919 567 22 29 0.034151316 
975 765 10 14 0.033244535 
373 676 12 15 0.03230312 
1012 766 11 16 0.032202173 
846 676 12 14 0.03153175 
6 688 25 29 0.03142029 
154 721 13 16 0.031335868 
45 724 15 18 0.03076824 
979 571 14 18 0.030093726 
967 749 9 10 0.029869359 
473 474 200 310 0.029801428 
917 694 12 14 0.02935251 
195 654 28 32 0.02897883 
188 710 12 15 0.028977994 
206 715 11 15 0.028415555 
567 987 436 526 0.02762969 
917 578 15 20 0.027606344 
-57 1062 547 602 0.02638569 
165 677 10 14 0.026370699 
88 671 8 11 0.026343346 
205 731 12 15 0.026143244 
191 386 25 29 0.025684515 
103 662 9 12 0.025018344 
38 688 14 17 0.024898594 
227 708 13 15 0.024618361 
998 638 12 16 0.024613267 
35 278 102 119 0.024094949 
924 652 11 14 0.023976063 
69 677 9 12 0.02389155 
934 771 10 13 0.023878697 
249 737 13 17 0.023832617 
780 654 11 15 0.023752082 
199 724 12 15 0.023721108 
198 665 14 16 0.023503568 
900 703 13 15 0.0233404 
70 714 10 14 0.023295473 
95 699 10 12 0.023274237 
947 236 93 159 0.023273723 
96 677 8 10 0.023266543 
68 670 10 12 0.023170952 
55 699 13 17 0.02312325 
238 665 12 15 0.023040855 
0 629 10 15 0.022749199 
189 723 12 15 0.022721738 
246 692 10 13 0.022625852 
976 759 9 11 0.022493275 
980 651 10 12 0.022296162 
53 636 10 12 0.022258151 
667 705 14 18 0.02141997 
1012 658 11 17 0.021220867 
157 405 49 68 0.020712446 
912 694 11 13 0.020554574 
46 717 13 15 0.020126514 
943 546 25 32 0.02006386 
994 566 25 33 0.020026952 
