32_Worker_Laborer_Worker_Laborer_32_944
111
416 358 93 109 0.9954014 
659 273 382 488 0.15628298 
48 980 13 15 0.09384741 
-4 300 474 506 0.09116944 
914 749 30 38 0.07850569 
408 24 24 35 0.07733964 
531 930 14 17 0.069186226 
485 915 12 16 0.06005152 
829 567 172 263 0.05981259 
53 679 26 33 0.054943006 
458 966 8 12 0.05459609 
388 15 17 20 0.053823777 
466 683 35 49 0.04945818 
43 997 12 14 0.048609756 
645 447 11 15 0.047941886 
204 2 17 19 0.046970624 
34 963 14 18 0.046788897 
599 738 58 85 0.04617036 
663 936 34 41 0.044607054 
422 937 15 18 0.044481993 
849 634 111 155 0.043292496 
733 49 256 222 0.040900927 
578 36 17 21 0.040333256 
455 30 51 58 0.039253663 
469 985 13 15 0.037968483 
653 780 10 15 0.03761128 
637 -45 399 396 0.0360677 
527 919 9 12 0.035138525 
306 117 89 134 0.034767527 
535 900 10 14 0.034047727 
483 830 16 20 0.032430455 
32 24 70 80 0.032036662 
388 918 12 14 0.031970225 
630 456 11 15 0.03168885 
61 981 10 14 0.03158364 
457 812 30 39 0.031267993 
367 918 9 11 0.030742489 
14 -9 108 151 0.030661901 
365 9 18 20 0.030324573 
427 80 28 37 0.030228812 
28 996 13 16 0.029841075 
137 689 15 20 0.029524788 
32 959 11 15 0.029316174 
479 908 13 16 0.028964201 
220 143 29 38 0.028270565 
557 859 14 18 0.027644359 
684 767 25 30 0.027182631 
610 470 27 34 0.02664895 
265 42 59 70 0.026575137 
555 954 13 18 0.026262049 
443 908 12 15 0.026022444 
843 819 124 155 0.0258084 
582 892 15 18 0.025795585 
419 930 23 29 0.025777888 
325 99 52 82 0.025712445 
68 958 13 17 0.025433067 
482 876 14 16 0.025259463 
633 27 18 21 0.025191702 
109 980 10 14 0.025019448 
682 638 48 66 0.025001233 
870 886 140 132 0.024893073 
108 972 10 13 0.024542578 
590 709 96 133 0.024448643 
311 962 10 14 0.024381937 
926 987 17 19 0.024100868 
447 539 105 155 0.024025748 
517 712 37 44 0.023914706 
632 178 25 34 0.023662377 
396 896 12 17 0.02364811 
537 698 47 54 0.023613337 
715 600 31 36 0.023352334 
393 890 11 16 0.023343721 
428 994 11 14 0.023146747 
458 102 41 54 0.023100048 
18 970 16 21 0.023027308 
113 932 10 14 0.02299978 
697 667 30 37 0.022895364 
560 850 14 18 0.022635767 
550 863 13 16 0.022503657 
183 688 12 15 0.022480734 
53 986 11 14 0.022463895 
373 918 9 11 0.022230305 
651 771 101 123 0.022107681 
548 952 26 32 0.022100115 
526 142 32 41 0.02205277 
920 83 110 131 0.021912716 
682 605 50 64 0.021662924 
164 259 15 18 0.021575823 
435 86 41 55 0.02151607 
434 939 11 13 0.021479024 
621 837 10 14 0.021448687 
345 33 25 33 0.021413537 
454 7 36 41 0.021333763 
422 989 12 15 0.021295987 
111 987 10 14 0.02122696 
916 592 61 82 0.021215178 
389 909 10 13 0.021197282 
493 898 15 16 0.021194622 
260 29 102 142 0.021174213 
517 925 13 17 0.021153836 
85 663 97 141 0.021022875 
117 964 9 12 0.020893447 
45 973 15 18 0.02073357 
511 801 31 36 0.02073291 
471 888 12 16 0.020678947 
394 689 102 129 0.02065399 
89 942 8 11 0.02060776 
526 925 13 17 0.020382412 
491 914 13 16 0.020101625 
406 908 10 13 0.020065257 
38 1000 15 17 0.020018158 
