32_Worker_Laborer_Worker_Laborer_32_462
44
457 201 70 78 0.97593236 
494 113 43 53 0.21801735 
535 149 51 68 0.15960935 
758 -5 53 57 0.12289576 
597 83 12 15 0.063984446 
146 483 163 122 0.059111476 
442 188 59 72 0.0567496 
177 89 61 71 0.052900508 
603 66 13 16 0.048737727 
477 600 69 58 0.041383076 
989 4 11 13 0.041317936 
1008 173 10 14 0.03642152 
348 0 17 15 0.036357105 
161 274 55 67 0.036350563 
717 133 361 465 0.03438954 
607 2 14 16 0.0318784 
192 78 42 48 0.03175217 
420 183 51 68 0.03152098 
516 1 51 58 0.031415 
596 93 15 20 0.029282466 
934 4 12 14 0.029062003 
486 176 54 87 0.028775077 
1007 143 9 12 0.028587388 
853 162 12 15 0.028547743 
923 166 14 15 0.028434748 
748 22 60 76 0.027875543 
941 1 9 10 0.027439248 
957 173 11 14 0.026965136 
620 35 14 18 0.024495488 
606 53 13 15 0.024464447 
510 164 52 77 0.02441067 
886 158 15 16 0.023827229 
117 436 102 109 0.023580898 
176 80 38 43 0.023559345 
858 170 17 19 0.023293778 
314 97 16 20 0.022332264 
967 37 8 11 0.022090122 
885 238 17 19 0.021746116 
1006 148 11 16 0.021689767 
926 161 11 13 0.021335337 
531 125 30 38 0.02112543 
299 85 14 17 0.021019332 
827 136 52 59 0.020268582 
228 435 29 30 0.020201374 
