32_Worker_Laborer_Worker_Laborer_32_1039
50
580 323 217 289 0.9997017 
263 267 28 47 0.72032714 
432 1005 114 153 0.7200114 
431 973 358 428 0.17498754 
387 970 196 255 0.16461922 
328 912 331 381 0.14584213 
552 1025 210 233 0.13807224 
270 267 52 60 0.1335019 
362 366 39 44 0.124408305 
-57 775 501 606 0.10017002 
360 1127 137 199 0.06622431 
545 407 25 31 0.063066274 
491 821 413 446 0.06263151 
352 508 53 90 0.061303418 
194 310 15 20 0.056634706 
702 770 15 19 0.05587194 
177 839 388 498 0.0449622 
908 86 26 39 0.043556716 
749 310 88 140 0.036408372 
927 284 54 83 0.036169738 
710 174 43 58 0.03609075 
701 746 12 16 0.034695663 
-22 1054 482 559 0.034326345 
532 546 397 459 0.034117367 
392 1057 127 135 0.0326496 
220 492 99 140 0.032409824 
552 1035 453 552 0.03156893 
573 768 36 43 0.031203566 
629 735 51 60 0.030772416 
658 737 27 36 0.02948202 
66 370 229 266 0.028554263 
904 77 50 69 0.026803652 
622 723 13 18 0.02626949 
357 443 27 32 0.026093163 
807 94 14 20 0.025433075 
932 59 15 18 0.024365366 
393 1064 223 291 0.024171583 
34 88 123 168 0.023960473 
714 52 60 91 0.023800017 
386 1139 75 105 0.023533003 
227 528 55 90 0.023393435 
330 250 43 59 0.023220394 
797 712 12 17 0.023127919 
965 402 63 108 0.023043424 
670 736 10 14 0.022841748 
620 1075 127 149 0.022757286 
280 721 29 38 0.022088328 
205 290 11 15 0.021269824 
734 724 14 18 0.021156838 
650 752 33 40 0.020987565 
