32_Worker_Laborer_Worker_Laborer_32_512
55
419 71 113 150 0.9988996 
169 494 9 12 0.19029957 
603 201 29 48 0.10624355 
596 149 175 276 0.1008647 
926 396 108 164 0.07756091 
681 881 18 22 0.07276346 
184 803 368 498 0.07167272 
655 571 15 18 0.064336315 
251 502 13 16 0.055587176 
80 606 8 12 0.050345737 
222 504 15 18 0.048755694 
149 487 11 14 0.046545576 
112 472 9 12 0.045273606 
39 599 9 12 0.04339169 
433 398 22 26 0.04215799 
434 37 13 16 0.04164913 
434 408 23 29 0.040773496 
117 475 9 11 0.039004333 
960 428 65 102 0.03683896 
68 557 10 12 0.036337625 
646 606 14 18 0.03625168 
184 508 12 15 0.0359051 
182 496 10 10 0.034116752 
398 514 237 300 0.03388722 
64 565 11 14 0.032956008 
182 502 13 14 0.032914236 
167 517 12 14 0.031863604 
188 581 14 17 0.029814526 
144 490 10 14 0.02883152 
540 76 332 446 0.028622605 
110 581 9 12 0.028559111 
478 28 13 15 0.026391068 
216 564 13 15 0.026174996 
345 1042 11 17 0.025880363 
699 867 16 18 0.025536222 
142 509 9 13 0.025522776 
348 1065 14 19 0.025196038 
485 470 14 16 0.02504089 
216 485 11 14 0.024758324 
191 514 10 13 0.024601769 
191 527 11 15 0.024423387 
702 124 10 12 0.02440442 
221 303 374 470 0.024254162 
296 1 18 17 0.023514027 
654 127 9 11 0.023330465 
126 563 11 13 0.022669358 
47 605 9 11 0.022599353 
648 924 103 113 0.022057546 
141 499 10 14 0.021231154 
167 489 9 13 0.021182474 
325 0 34 33 0.021090565 
14 607 8 10 0.020997766 
152 480 10 12 0.020302134 
182 484 10 13 0.02027555 
69 539 244 290 0.02004117 
