32_Worker_Laborer_Worker_Laborer_32_987
66
612 62 53 76 0.99869776 
761 60 53 68 0.9974027 
266 225 62 64 0.7634666 
893 115 65 92 0.33502176 
199 17 366 499 0.10608079 
24 260 9 12 0.060777757 
-3 341 81 175 0.05868415 
504 143 8 10 0.054911464 
729 27 28 38 0.053335927 
221 101 209 290 0.053075112 
948 133 14 16 0.049836423 
689 360 40 59 0.047003403 
903 69 99 151 0.044554345 
899 121 32 43 0.04115416 
496 124 9 10 0.040312417 
296 217 211 265 0.04023389 
537 156 12 14 0.038816184 
513 126 9 11 0.0382926 
502 173 9 11 0.038136218 
694 68 49 62 0.037294216 
744 220 390 547 0.036925346 
486 205 10 12 0.036914714 
521 142 8 11 0.036249533 
504 157 8 11 0.03582369 
212 180 15 18 0.035459265 
309 308 46 63 0.035404835 
110 208 9 11 0.033002682 
511 133 9 10 0.032924857 
718 38 45 59 0.032413058 
153 453 58 66 0.032084674 
517 120 9 11 0.030609077 
725 36 14 20 0.030578475 
436 127 9 11 0.030183075 
503 120 8 10 0.030074036 
504 150 9 10 0.029175308 
517 125 10 12 0.02894955 
442 109 10 12 0.02867004 
703 48 45 57 0.028344486 
403 592 17 27 0.028150106 
497 142 8 10 0.028063592 
0 166 8 13 0.02783699 
526 134 10 12 0.02706581 
-15 407 111 152 0.027054084 
740 20 15 20 0.02668197 
522 149 8 12 0.026624626 
465 186 11 15 0.026424402 
527 127 8 11 0.026401564 
518 133 10 11 0.024458857 
54 360 56 90 0.024416653 
787 508 14 18 0.024388803 
503 136 9 11 0.024359439 
464 120 8 10 0.02428916 
5 206 11 14 0.024122573 
397 148 11 13 0.02408781 
453 141 9 11 0.023433445 
512 120 8 10 0.023316642 
137 42 221 308 0.023039566 
502 125 8 10 0.02287196 
63 -22 365 476 0.022403771 
496 189 9 11 0.021876695 
469 205 9 12 0.021400392 
455 129 8 10 0.02126204 
527 172 9 11 0.02117101 
244 183 96 114 0.021168316 
306 418 41 57 0.020949673 
316 162 29 37 0.020467939 
