32_Worker_Laborer_Worker_Laborer_32_723
54
297 86 57 64 0.9900205 
941 151 53 85 0.93180376 
433 152 53 80 0.888089 
786 67 45 60 0.81134385 
-1 189 47 107 0.7878469 
171 1 43 40 0.3825217 
503 192 43 64 0.32766712 
665 176 53 67 0.21212026 
453 161 57 86 0.1922728 
647 173 44 60 0.087211825 
745 92 34 43 0.07645459 
168 5 65 63 0.07178372 
0 151 12 21 0.066748366 
821 93 37 43 0.061488274 
522 203 29 43 0.06099623 
474 168 68 94 0.060772665 
330 274 50 55 0.059142478 
143 173 33 40 0.05174869 
0 133 11 19 0.049621295 
535 212 43 58 0.048515733 
215 160 29 32 0.047339976 
936 165 36 56 0.046607733 
798 83 47 58 0.043072615 
759 73 49 63 0.042975366 
759 107 29 35 0.042875092 
653 160 93 124 0.03689698 
637 163 32 47 0.0357379 
107 284 47 52 0.033956632 
587 24 101 125 0.03251881 
153 184 48 57 0.03069515 
601 15 70 77 0.030044757 
901 141 84 114 0.029702732 
783 50 31 60 0.029551934 
73 94 30 37 0.027731717 
94 86 28 37 0.027702946 
124 267 13 15 0.027595472 
793 34 52 62 0.02682432 
559 235 25 30 0.026654238 
236 284 55 59 0.026561607 
214 255 53 71 0.026437286 
772 118 48 60 0.026429925 
802 14 51 57 0.026171923 
910 190 12 14 0.025807207 
579 245 44 59 0.025777724 
530 206 16 28 0.024930619 
272 107 30 41 0.024472967 
0 93 10 14 0.023735177 
544 222 18 25 0.023080101 
814 268 41 57 0.021423206 
154 215 32 42 0.021112759 
621 175 43 62 0.021091614 
771 118 17 22 0.02075006 
559 235 45 60 0.020654876 
115 268 14 16 0.020538414 
