32_Worker_Laborer_Worker_Laborer_32_408
54
511 720 112 138 0.99954957 
276 306 103 140 0.99948776 
436 126 87 113 0.9988764 
704 328 89 114 0.99808383 
867 607 61 72 0.5785845 
78 810 221 189 0.4826726 
-4 1053 413 463 0.29364663 
362 748 100 148 0.2614351 
113 489 180 257 0.22763105 
159 867 151 114 0.18688317 
74 477 56 64 0.13788965 
85 158 57 66 0.1202335 
393 681 50 57 0.108309716 
16 142 193 245 0.08333785 
59 204 17 19 0.0826752 
75 273 28 31 0.0735444 
253 1164 41 44 0.072147146 
777 650 200 255 0.06133916 
82 167 37 44 0.056505512 
165 430 58 74 0.055899054 
-1 163 13 22 0.052679624 
84 144 84 115 0.050691344 
24 524 99 152 0.047063842 
45 324 59 67 0.046531342 
313 713 170 218 0.044881508 
125 253 18 20 0.044533294 
776 498 29 36 0.0436267 
836 752 170 171 0.041304253 
536 1078 116 120 0.040538456 
125 158 58 91 0.038513273 
183 117 128 150 0.036016334 
443 0 26 26 0.034809973 
26 228 25 32 0.033960797 
83 183 19 21 0.033334486 
55 296 55 72 0.031199047 
516 106 369 478 0.029288387 
0 598 14 26 0.028981026 
5 1429 17 21 0.028950563 
12 753 216 280 0.027886653 
37 343 62 84 0.027061064 
14 201 14 19 0.026762221 
76 203 14 18 0.026284356 
497 299 171 246 0.025634944 
97 491 62 82 0.025102383 
38 1140 275 274 0.023998791 
81 519 69 97 0.023944113 
921 100 24 30 0.023012822 
162 1250 18 21 0.022733029 
76 185 29 36 0.02234898 
218 714 198 220 0.022143655 
154 400 102 133 0.021867126 
867 601 36 53 0.021864206 
932 86 12 16 0.020285655 
191 551 125 165 0.020271607 
