42_Car_Racing_Nascar_42_440
129
659 133 23 30 0.92539483 
156 170 16 24 0.8596832 
865 166 13 17 0.81402445 
727 150 23 31 0.78946555 
68 163 17 20 0.6163363 
804 159 12 15 0.539564 
0 178 10 15 0.20159954 
599 171 20 22 0.16303799 
698 163 16 20 0.15356883 
713 154 24 30 0.14965394 
703 160 22 25 0.11702324 
183 169 11 16 0.0986573 
46 173 10 11 0.09073448 
160 166 16 21 0.08696803 
723 326 12 13 0.078658506 
100 245 9 12 0.07669731 
215 309 10 12 0.07194348 
245 301 11 13 0.071748875 
38 173 9 12 0.07163096 
810 159 11 14 0.06546603 
699 173 17 22 0.06434698 
93 216 11 15 0.06345253 
5 146 12 15 0.06188659 
189 172 9 13 0.06110159 
292 293 10 12 0.055447374 
601 182 17 20 0.055364344 
172 170 11 16 0.050718315 
183 160 10 12 0.048076533 
288 289 9 10 0.047468286 
680 336 16 17 0.046302747 
200 221 10 12 0.044286076 
876 166 10 14 0.043901615 
141 244 10 13 0.04203304 
139 230 10 13 0.041338332 
45 178 11 14 0.040877037 
4 256 14 25 0.040491063 
13 165 19 29 0.03976006 
36 214 11 14 0.03963452 
152 165 14 20 0.03938772 
272 292 8 11 0.037210546 
737 147 23 32 0.03695837 
855 135 8 10 0.03628111 
135 190 10 12 0.0359908 
320 283 11 13 0.0355572 
695 156 14 19 0.035439815 
279 304 9 10 0.035410885 
748 134 12 16 0.035340957 
175 222 10 12 0.034087457 
44 246 10 15 0.032879014 
264 292 9 12 0.032724805 
813 177 13 17 0.032610927 
1 244 10 16 0.03236857 
53 172 10 13 0.032168277 
754 156 14 21 0.031652022 
471 376 101 131 0.031469107 
271 311 8 10 0.03133562 
38 178 10 15 0.030929394 
6 22 9 14 0.030910416 
233 166 9 12 0.030747598 
207 303 10 12 0.030153336 
280 92 11 15 0.030086584 
805 168 14 18 0.030054953 
863 161 11 15 0.029671416 
386 243 28 29 0.029278947 
403 274 17 18 0.029076189 
717 -8 85 112 0.028873742 
165 228 10 12 0.028726641 
173 141 11 14 0.028412411 
102 271 8 11 0.02830025 
324 284 12 14 0.028217811 
312 287 9 11 0.027847476 
829 164 9 12 0.02759084 
855 171 12 15 0.027137797 
119 188 10 13 0.026487248 
186 266 15 20 0.026468772 
709 147 11 14 0.026404537 
0 249 12 21 0.026396474 
871 196 9 12 0.026245994 
12 147 11 15 0.025839534 
191 180 9 12 0.02563965 
278 293 9 11 0.025622899 
667 193 25 29 0.025590437 
135 196 9 12 0.025531005 
28 169 15 20 0.025291486 
167 223 10 12 0.025248127 
166 162 20 27 0.02511636 
0 26 23 37 0.024991537 
823 162 11 14 0.024948802 
176 228 10 12 0.024885323 
798 151 11 14 0.02477085 
140 189 11 12 0.024770753 
190 289 11 14 0.0246844 
22 218 11 14 0.02463602 
126 190 9 11 0.024367798 
598 167 14 17 0.023752889 
97 238 9 13 0.023702426 
157 158 13 18 0.023581145 
756 139 12 16 0.023521781 
765 127 9 13 0.023459444 
198 182 9 11 0.023316137 
609 171 16 19 0.023254083 
166 277 10 13 0.023119181 
530 232 29 31 0.023089977 
205 243 10 13 0.022966476 
253 71 26 31 0.022926213 
62 109 11 15 0.022873756 
136 236 10 14 0.022290042 
165 284 10 14 0.022128452 
77 89 9 10 0.022108708 
395 263 29 30 0.021957725 
73 87 9 11 0.021622606 
725 109 12 16 0.02149476 
182 179 10 12 0.021365114 
866 161 20 25 0.021283 
692 147 13 19 0.02128086 
791 112 8 10 0.021212509 
150 219 10 13 0.020775475 
848 134 9 11 0.02075028 
844 237 9 12 0.020631934 
305 288 9 11 0.02056019 
176 211 11 15 0.02055535 
857 162 19 23 0.020517906 
20 34 15 19 0.0204932 
134 212 9 13 0.020407563 
271 315 9 11 0.02027001 
64 167 14 18 0.020204306 
158 70 8 10 0.020106284 
252 302 10 12 0.020083163 
87 132 9 12 0.020051112 
