42_Car_Racing_Nascar_42_823
179
411 230 19 32 0.8708236 
894 235 17 20 0.82719415 
192 283 9 12 0.8001615 
988 218 20 24 0.6753553 
328 245 24 30 0.45097747 
540 165 10 14 0.35924742 
177 311 9 13 0.3378127 
253 256 11 13 0.3247469 
277 256 16 19 0.18969448 
148 260 10 12 0.18531601 
565 231 385 381 0.18295813 
282 255 21 25 0.18007252 
0 273 11 21 0.17219149 
124 263 11 13 0.16457245 
293 264 14 18 0.15685345 
713 299 13 15 0.15061733 
406 226 14 22 0.13421635 
541 192 10 14 0.11708022 
662 236 9 12 0.09892574 
147 276 12 15 0.089363486 
662 299 11 12 0.08546741 
464 205 10 13 0.08542933 
359 205 9 11 0.08172891 
368 221 10 13 0.081217825 
191 308 11 14 0.07938404 
460 244 12 15 0.077236 
298 273 13 16 0.07562083 
563 211 11 15 0.07530162 
294 255 11 16 0.074055806 
181 333 15 18 0.07283768 
395 261 14 17 0.07091599 
145 256 9 11 0.07056504 
657 236 10 12 0.06851774 
367 259 15 19 0.06738374 
848 243 10 12 0.06733576 
182 252 11 12 0.06646272 
222 322 11 16 0.065051176 
176 223 9 11 0.06471473 
217 285 9 12 0.05840059 
222 277 10 13 0.0566345 
97 309 18 18 0.053802542 
197 301 11 14 0.05225915 
185 239 9 11 0.052087557 
190 289 12 15 0.050516054 
359 228 9 13 0.04992232 
315 236 12 15 0.047905706 
502 194 12 14 0.047572054 
716 222 12 13 0.047464404 
354 268 14 21 0.04664109 
634 239 8 11 0.046562914 
110 236 9 12 0.046457034 
183 260 11 13 0.046123106 
701 302 11 13 0.04512303 
256 259 14 18 0.044192765 
183 245 11 12 0.044094086 
205 236 10 12 0.043134216 
120 265 11 14 0.041710556 
852 240 10 13 0.041588914 
637 244 8 10 0.041518796 
366 226 11 14 0.04125642 
217 260 10 12 0.040572356 
407 206 9 11 0.038420346 
367 214 10 12 0.038164288 
181 224 10 12 0.03805762 
346 251 13 17 0.03801034 
183 301 11 15 0.037720993 
414 205 9 12 0.037676744 
175 306 18 23 0.037483547 
183 229 8 11 0.037436314 
141 235 11 13 0.037246823 
399 229 23 30 0.036118705 
486 203 12 16 0.03587746 
204 300 12 15 0.035818398 
158 261 10 12 0.035555188 
45 181 10 13 0.034004748 
370 254 13 15 0.033833914 
176 253 10 12 0.033710342 
189 279 17 21 0.03287676 
535 159 18 24 0.032821015 
329 333 32 39 0.032734983 
222 236 10 13 0.032541208 
371 226 11 14 0.032418173 
215 291 10 13 0.031752415 
188 260 11 14 0.031591818 
221 330 11 15 0.031582862 
196 307 11 13 0.03152943 
228 229 12 15 0.030908657 
167 254 9 11 0.030852623 
178 107 472 527 0.030757774 
218 222 25 31 0.03075732 
142 256 21 25 0.030529838 
967 277 8 11 0.029805094 
696 303 10 12 0.029750036 
601 247 8 11 0.0295773 
454 212 11 13 0.029571531 
359 234 11 14 0.029452771 
556 298 12 14 0.029194426 
1016 349 8 12 0.028821835 
221 270 10 14 0.02826268 
495 153 9 11 0.028111672 
617 252 8 11 0.02763933 
185 303 20 26 0.027631706 
667 230 11 14 0.027462043 
325 247 15 19 0.027451085 
847 411 64 55 0.027306791 
188 244 10 12 0.027300471 
360 212 8 11 0.027190741 
999 285 12 15 0.027173769 
221 255 11 13 0.027072612 
117 330 15 17 0.027027735 
657 300 10 12 0.026987324 
684 231 11 15 0.02696271 
389 219 11 14 0.026784802 
883 365 14 18 0.026641663 
206 245 9 10 0.026507197 
208 253 7 10 0.026472878 
666 294 12 16 0.026372723 
189 253 10 12 0.026297154 
200 253 8 10 0.02627019 
454 248 14 18 0.025870265 
468 198 11 14 0.025842572 
252 341 47 59 0.025692826 
219 315 20 28 0.025661964 
339 252 23 28 0.025216721 
217 255 10 11 0.025198335 
168 246 9 11 0.025099492 
957 243 12 15 0.024963817 
272 259 13 17 0.024879819 
1012 203 13 20 0.024878044 
364 206 9 12 0.024686735 
658 225 22 28 0.024627665 
456 207 11 13 0.024521936 
198 292 11 15 0.02445463 
132 262 11 11 0.024262398 
165 261 10 12 0.024252536 
454 179 10 14 0.024005892 
486 189 11 14 0.023910899 
411 222 13 20 0.02390491 
201 245 8 11 0.023879351 
189 229 9 11 0.023837645 
547 164 12 16 0.023788232 
177 338 11 15 0.023664469 
98 230 9 12 0.023603888 
292 370 101 128 0.023588635 
125 256 12 14 0.02355256 
358 252 12 15 0.023442404 
752 276 10 14 0.02325977 
514 168 14 18 0.022962634 
357 267 22 27 0.022890925 
447 237 12 17 0.022723338 
176 261 11 12 0.02269282 
535 142 8 10 0.022534521 
661 317 12 13 0.022434955 
420 281 14 19 0.02232511 
493 198 25 30 0.022258284 
138 269 24 28 0.022243565 
81 306 28 29 0.022054868 
558 204 15 19 0.021926574 
175 304 11 15 0.021851905 
353 206 10 11 0.021783963 
247 250 20 24 0.021707822 
175 245 9 11 0.021353753 
111 231 10 13 0.021233097 
542 180 10 14 0.021222973 
493 170 10 16 0.02112891 
529 135 8 11 0.021016337 
535 148 10 14 0.020707794 
172 332 29 32 0.020674238 
197 315 11 15 0.020652307 
463 256 12 17 0.020643516 
277 264 24 29 0.020621153 
197 213 10 13 0.020610856 
417 226 24 33 0.020342471 
170 223 9 10 0.020328213 
86 308 15 17 0.020298412 
-67 182 452 490 0.020245967 
477 189 12 14 0.020191502 
217 278 10 13 0.020173624 
175 319 23 29 0.020022132 
