42_Car_Racing_Nascar_42_462
117
969 304 32 41 0.9568482 
717 337 27 34 0.33348253 
764 712 19 21 0.2887427 
360 359 22 27 0.20144425 
141 206 12 14 0.17307155 
170 203 13 16 0.15723881 
179 233 14 17 0.11927745 
424 395 17 22 0.11307959 
370 437 33 39 0.101775214 
94 466 12 15 0.08655456 
220 193 12 15 0.083458394 
269 194 14 18 0.08253071 
228 274 16 20 0.08024677 
628 411 23 31 0.072332405 
125 250 15 17 0.06999649 
372 394 16 21 0.06881153 
420 370 15 17 0.056471538 
732 334 26 33 0.05580836 
405 372 13 15 0.054191448 
275 380 15 21 0.0541896 
610 450 31 40 0.052847404 
174 225 24 28 0.05177606 
264 44 347 458 0.04969349 
898 580 12 16 0.048518244 
189 339 10 14 0.046890166 
369 344 17 20 0.04665369 
412 371 14 17 0.044757564 
531 432 15 19 0.044591133 
61 444 13 17 0.04416927 
338 352 14 19 0.04354689 
428 370 13 17 0.041578885 
156 292 12 14 0.04149894 
165 207 13 17 0.04141337 
523 396 27 32 0.040951464 
133 220 13 16 0.038493976 
240 163 11 13 0.038426183 
260 193 16 18 0.037991498 
307 212 16 20 0.037721083 
535 447 27 37 0.037279096 
109 230 12 15 0.03697988 
355 356 19 24 0.03686604 
347 185 15 20 0.03596708 
279 386 23 27 0.03470169 
420 287 362 453 0.03468192 
244 237 23 30 0.03437114 
367 316 15 18 0.034224607 
160 202 12 16 0.033817243 
120 254 11 14 0.03379186 
933 731 54 51 0.033547137 
910 558 11 13 0.03281507 
441 440 29 39 0.032430384 
171 374 18 21 0.031577766 
228 186 16 19 0.03143535 
-15 223 377 493 0.029190926 
253 194 13 17 0.0287494 
291 394 16 18 0.028470164 
329 788 9 12 0.028418683 
358 340 14 17 0.027856892 
125 235 18 20 0.02753445 
454 362 16 18 0.027427474 
290 428 17 19 0.02712826 
412 378 15 19 0.026961172 
276 372 12 15 0.026857888 
118 451 11 14 0.026800554 
166 292 12 15 0.026756963 
178 240 15 18 0.02637533 
217 611 32 38 0.026084805 
895 575 11 15 0.02588599 
386 412 17 20 0.02581807 
426 387 16 20 0.025484987 
396 314 94 114 0.024972945 
361 397 48 67 0.024696792 
237 185 15 20 0.024584474 
342 338 12 17 0.024512932 
412 382 23 29 0.02449792 
161 278 24 29 0.024397148 
119 419 12 15 0.02393915 
331 347 16 20 0.02381394 
221 270 14 20 0.023753764 
845 599 22 30 0.023725286 
484 397 14 17 0.023665601 
284 403 23 25 0.023619466 
605 423 16 20 0.023395741 
403 344 49 61 0.023100715 
214 202 11 15 0.023019793 
210 307 16 20 0.02297002 
491 419 17 22 0.022831097 
246 255 13 19 0.022764968 
512 441 14 16 0.022587761 
560 402 30 33 0.022341741 
118 246 24 30 0.022256456 
346 346 22 30 0.022250576 
320 340 25 31 0.02224299 
381 382 249 305 0.022208273 
87 327 56 82 0.022182906 
411 359 25 29 0.02204949 
959 300 25 37 0.02198877 
429 381 22 30 0.02193314 
520 432 26 31 0.021893753 
419 378 16 19 0.021874359 
486 386 13 15 0.021831734 
858 536 14 16 0.021825276 
452 382 24 30 0.021793468 
620 451 13 18 0.021640617 
612 350 252 290 0.02146846 
571 403 18 20 0.02127014 
174 249 15 17 0.021258494 
238 479 11 14 0.021241339 
954 739 30 35 0.021241054 
278 426 12 16 0.021225408 
131 227 14 16 0.021090947 
178 204 13 16 0.020916548 
134 211 15 18 0.020902058 
612 459 16 22 0.020714352 
462 331 12 16 0.020607017 
393 364 13 18 0.020309811 
771 702 23 30 0.020258017 
