42_Car_Racing_Nascar_42_650
143
382 158 30 39 0.9936725 
108 135 38 60 0.92546946 
908 176 15 21 0.8933646 
688 192 19 25 0.84666616 
780 141 18 28 0.7768309 
174 182 23 28 0.36883098 
654 217 11 15 0.3439049 
287 165 13 20 0.33567837 
364 223 14 19 0.29348958 
233 197 16 21 0.2468296 
4 170 34 41 0.23010685 
40 426 25 37 0.21781716 
628 220 12 15 0.20050417 
748 203 12 17 0.1608706 
0 185 13 22 0.15997468 
636 228 11 14 0.15508153 
982 191 10 14 0.15064336 
281 220 15 19 0.13316049 
766 207 14 17 0.13042948 
77 150 27 42 0.12051452 
564 224 14 17 0.1092934 
789 208 13 19 0.101276726 
847 204 11 14 0.10119199 
222 173 11 14 0.09995479 
276 163 23 29 0.09014828 
35 421 13 19 0.086931564 
235 177 14 17 0.08205572 
860 253 15 22 0.07987993 
421 522 15 17 0.078637354 
726 198 23 28 0.07484322 
775 138 15 23 0.07252017 
835 204 13 16 0.0687868 
229 179 23 27 0.06874383 
628 213 13 17 0.06651591 
482 510 13 15 0.06609547 
178 194 19 24 0.058882996 
739 199 21 26 0.0539645 
218 116 24 32 0.053348854 
917 203 14 20 0.053019587 
161 187 26 31 0.0529276 
199 209 15 18 0.052882884 
72 131 25 43 0.051772136 
227 126 14 19 0.049219325 
612 225 12 16 0.04836365 
184 187 15 20 0.047453765 
320 11 140 118 0.0472812 
478 462 10 14 0.04711224 
241 201 15 21 0.046208154 
790 145 16 22 0.04592471 
3 179 16 22 0.045329813 
754 199 20 25 0.043958478 
849 388 14 17 0.04379209 
988 191 11 13 0.04282615 
724 202 15 19 0.0427854 
591 229 11 15 0.04145147 
35 424 20 31 0.040877037 
913 182 16 20 0.040735785 
852 201 10 13 0.04062077 
162 219 24 30 0.040508185 
549 508 12 16 0.040320724 
780 203 22 30 0.039446764 
623 388 14 17 0.039396424 
274 220 26 31 0.038734596 
381 225 12 16 0.03797174 
831 175 10 13 0.03758079 
724 129 17 20 0.037054144 
644 209 22 27 0.037048277 
548 298 15 22 0.036065422 
414 433 12 17 0.035356384 
837 196 13 16 0.03471113 
624 216 20 24 0.03454462 
975 187 14 19 0.034187984 
81 163 17 23 0.031942487 
856 254 12 17 0.031854708 
649 213 12 15 0.031424217 
678 236 15 19 0.031307872 
834 181 13 15 0.030814465 
570 221 15 18 0.03064444 
310 192 14 18 0.029319003 
708 226 14 18 0.02917183 
781 186 11 14 0.028216202 
350 224 14 18 0.028105538 
5 578 15 18 0.028078081 
644 229 12 15 0.02805182 
797 188 14 18 0.027888704 
651 279 11 15 0.0276305 
195 195 12 16 0.027447991 
759 197 11 14 0.027298532 
634 211 13 16 0.027019942 
902 207 11 12 0.026951741 
348 213 23 28 0.026871784 
109 339 76 121 0.02678146 
216 170 13 17 0.026541635 
393 147 41 50 0.02650477 
863 251 24 31 0.026475322 
466 278 92 117 0.02645936 
229 173 13 17 0.026394673 
347 248 46 69 0.026345443 
303 270 15 21 0.02634043 
921 210 14 21 0.02626878 
790 199 24 31 0.025788827 
700 90 129 122 0.025322147 
374 220 21 27 0.025201311 
373 485 10 14 0.024736738 
840 228 12 15 0.024711942 
12 547 13 18 0.024374297 
421 453 13 19 0.024305848 
436 516 12 13 0.02417208 
939 245 11 14 0.023759922 
785 212 29 38 0.023680793 
597 210 13 16 0.023639023 
72 358 29 37 0.023481963 
358 214 14 19 0.022934781 
803 227 12 16 0.022925198 
958 247 9 12 0.022910176 
794 190 23 29 0.022768702 
623 204 13 17 0.02267126 
404 119 40 52 0.022212913 
896 207 10 11 0.02220829 
605 195 10 14 0.021997226 
763 140 24 27 0.021848455 
45 525 15 18 0.021751713 
186 187 24 30 0.021617508 
984 236 11 14 0.021603046 
226 169 21 28 0.021599427 
639 222 20 25 0.021560341 
607 243 9 13 0.021530002 
837 188 12 15 0.021521704 
922 179 14 18 0.021476764 
749 234 25 33 0.021356596 
397 255 13 19 0.021325165 
2 577 24 32 0.021064626 
158 202 25 33 0.020960825 
157 217 18 22 0.020906927 
591 221 11 14 0.020878874 
0 174 11 18 0.020641277 
67 163 23 31 0.020491747 
652 223 16 20 0.020486897 
597 219 12 15 0.020444548 
553 307 16 19 0.020425301 
270 362 11 15 0.02030945 
356 220 26 32 0.020120598 
596 182 11 14 0.020002943 
