42_Car_Racing_Nascar_42_661
60
819 255 29 40 0.9973908 
648 135 56 80 0.17602886 
835 321 59 78 0.15760043 
409 60 216 280 0.12593019 
206 180 32 40 0.119349346 
947 358 27 30 0.10519732 
380 401 204 203 0.097857945 
170 206 16 20 0.075030856 
322 329 372 445 0.071797006 
893 348 31 45 0.06879578 
975 461 31 41 0.06722841 
170 295 25 29 0.061313104 
158 196 10 14 0.057210583 
781 452 14 17 0.056569733 
175 197 26 33 0.05594939 
182 181 46 55 0.055415627 
632 342 56 56 0.0506471 
625 321 15 17 0.04976129 
128 211 11 14 0.04896989 
645 354 34 35 0.040626917 
805 377 17 22 0.04004444 
898 276 28 31 0.039922208 
666 559 65 71 0.03774144 
455 513 30 32 0.03653119 
63 346 185 248 0.03331102 
41 131 23 30 0.033243243 
772 165 32 39 0.032945026 
117 202 11 15 0.032525733 
213 284 12 15 0.031553164 
955 454 39 55 0.029645031 
870 382 47 67 0.029091207 
200 281 12 16 0.028901149 
290 -6 376 431 0.028768769 
183 17 64 87 0.028676614 
987 453 34 46 0.028644694 
675 148 54 78 0.02746585 
50 284 362 414 0.027364757 
18 387 31 41 0.027024576 
836 346 89 120 0.026683426 
700 163 108 139 0.026575124 
397 298 13 17 0.026552992 
874 391 29 37 0.026023608 
204 436 54 65 0.025352556 
328 459 29 37 0.025148889 
145 2 14 15 0.024705432 
871 329 50 69 0.024701934 
201 244 31 39 0.02377485 
383 264 11 12 0.02360353 
449 132 146 163 0.02343499 
979 370 17 19 0.021875262 
100 384 71 78 0.021701949 
226 434 57 66 0.021596316 
274 479 27 32 0.020927956 
158 202 11 15 0.020875817 
68 21 11 14 0.020834977 
658 129 94 142 0.020286387 
691 394 49 50 0.02028156 
87 355 113 140 0.020227995 
113 201 10 14 0.020118702 
775 9 14 17 0.020099513 
