42_Car_Racing_Nascar_42_828
42
324 68 56 73 0.998806 
456 87 49 56 0.99665254 
539 82 44 53 0.98775613 
754 119 32 41 0.6640558 
270 150 11 15 0.09819359 
682 70 14 17 0.079725526 
751 103 50 67 0.077468455 
466 48 34 40 0.07495199 
696 76 15 18 0.072692856 
733 184 11 14 0.070475616 
-7 271 366 454 0.058747336 
87 137 10 14 0.055348985 
774 190 46 59 0.050706167 
789 204 28 38 0.04986665 
178 143 16 21 0.048934504 
655 356 11 14 0.044602424 
746 202 53 61 0.039575957 
168 127 25 34 0.03676111 
178 119 16 22 0.035835724 
304 236 54 62 0.034261525 
664 403 12 14 0.033824176 
92 357 201 280 0.03352625 
923 298 16 19 0.03346294 
223 172 10 13 0.032783292 
980 236 23 34 0.031626552 
162 270 387 511 0.028701035 
164 130 16 24 0.028250564 
936 239 34 35 0.02582478 
754 206 32 38 0.025679264 
174 115 14 19 0.024950188 
203 129 14 21 0.024704129 
892 333 45 74 0.024035228 
531 238 14 22 0.024015037 
300 133 11 14 0.023200847 
728 45 98 126 0.022657735 
577 174 42 46 0.022482693 
293 125 11 15 0.022402402 
171 137 29 36 0.022029273 
555 222 29 33 0.02150323 
550 211 44 59 0.020908477 
217 172 11 14 0.020756938 
246 195 11 13 0.020352935 
