42_Car_Racing_Car_Racing_42_602
200
958 228 13 17 0.50096315 
121 167 9 12 0.49907738 
37 164 11 16 0.4533811 
224 410 87 109 0.34924096 
235 175 11 14 0.31093743 
951 227 13 17 0.26597333 
317 181 10 13 0.24105862 
253 197 11 15 0.17085147 
600 157 20 27 0.16834503 
814 174 11 15 0.16603737 
134 175 9 11 0.16346884 
903 167 9 11 0.1609833 
30 169 13 17 0.15804243 
252 182 10 13 0.15730098 
201 212 10 13 0.1558019 
57 164 11 14 0.13932501 
910 167 9 11 0.13160051 
933 166 9 13 0.11976652 
157 181 12 14 0.11061804 
908 174 9 11 0.10615664 
126 171 10 13 0.09832222 
903 181 10 13 0.095641114 
544 128 19 21 0.095530346 
967 173 11 15 0.094365366 
877 183 10 11 0.092638634 
158 173 12 14 0.09213771 
780 180 11 15 0.09168246 
773 141 13 20 0.08775204 
192 175 8 10 0.087524205 
918 165 10 12 0.08689034 
192 182 9 11 0.08216155 
192 189 11 13 0.0804001 
176 171 9 13 0.08000266 
101 167 9 11 0.07873892 
894 181 10 12 0.07517753 
113 109 9 12 0.07468991 
819 174 11 15 0.07305076 
847 172 10 13 0.07031256 
932 300 11 15 0.06969661 
251 188 13 15 0.06879456 
654 157 22 28 0.068189785 
164 182 10 12 0.06813486 
217 175 8 11 0.06565813 
152 174 9 10 0.06559752 
878 189 11 12 0.06530591 
112 150 9 12 0.06478498 
602 128 19 21 0.064397834 
249 194 11 16 0.06318845 
1007 219 14 19 0.05972415 
116 101 9 13 0.059272792 
1012 213 11 18 0.058766942 
895 165 11 13 0.058602534 
85 175 11 14 0.058431987 
480 124 25 30 0.05754649 
888 174 11 14 0.056842767 
852 173 10 13 0.053782657 
659 130 18 21 0.052741002 
294 152 13 17 0.052572124 
165 228 9 12 0.051546954 
997 231 13 19 0.050702747 
142 167 10 12 0.0501716 
715 134 16 21 0.04964307 
61 169 11 15 0.049378905 
846 167 10 13 0.04761279 
95 174 9 12 0.047244843 
101 172 10 13 0.045898713 
181 171 10 12 0.045825288 
1007 203 12 16 0.045803763 
301 254 14 17 0.045592207 
198 195 8 12 0.04484154 
165 188 10 12 0.04458889 
167 173 10 12 0.044130795 
81 173 9 13 0.043952804 
478 151 26 32 0.0437469 
839 399 65 70 0.0434622 
1000 219 19 31 0.042982154 
822 165 10 13 0.042724345 
142 173 9 11 0.042333737 
136 167 9 12 0.041695517 
87 157 10 12 0.041332766 
247 202 11 16 0.040497713 
872 173 10 13 0.040381864 
221 174 10 12 0.039222196 
877 173 11 14 0.03915723 
870 214 13 19 0.03843321 
160 205 10 14 0.03802483 
43 157 13 16 0.037979476 
862 167 10 12 0.037402365 
182 206 8 12 0.03729119 
153 182 10 12 0.037267648 
246 175 10 14 0.036796033 
816 204 10 16 0.036749844 
974 188 12 15 0.036329076 
93 179 10 13 0.035798658 
253 176 10 13 0.035181407 
963 220 15 20 0.03506922 
839 172 11 14 0.0350507 
722 132 15 20 0.03468133 
113 128 8 11 0.034295294 
883 190 13 14 0.033975527 
96 127 8 11 0.03393195 
783 186 11 13 0.033565648 
175 190 9 11 0.033501573 
254 207 12 17 0.03328489 
1 195 40 56 0.032314263 
216 180 10 13 0.031612486 
141 130 11 14 0.031575177 
19 266 12 16 0.031428266 
878 195 13 15 0.03139046 
302 175 10 12 0.031022085 
151 187 11 13 0.030921612 
95 132 8 12 0.030786276 
111 173 9 12 0.030722694 
323 267 11 16 0.030704428 
22 172 14 18 0.030613862 
71 166 10 11 0.030458208 
911 161 11 13 0.030248396 
970 226 14 20 0.030223776 
780 144 22 32 0.02989729 
220 179 12 13 0.029870106 
299 275 13 16 0.029765308 
190 167 9 12 0.029636968 
774 117 10 14 0.02961626 
127 178 11 14 0.029521348 
182 212 9 12 0.02898546 
958 301 9 12 0.028946586 
916 159 13 15 0.028935142 
52 161 19 24 0.028847 
716 164 15 22 0.028592197 
869 209 22 29 0.028499587 
436 253 416 458 0.028334593 
245 210 11 16 0.0283188 
300 267 13 16 0.028251983 
989 226 15 20 0.02822126 
979 19 49 75 0.028120756 
177 205 10 13 0.028074058 
37 165 22 25 0.02790217 
78 166 9 12 0.027711488 
830 166 9 12 0.027686639 
873 199 9 12 0.027648978 
919 262 11 14 0.027564682 
847 178 10 14 0.027536675 
251 253 12 15 0.027023533 
78 191 11 15 0.026763357 
789 181 11 14 0.02654755 
124 161 11 12 0.025793359 
79 158 9 13 0.02579007 
872 205 9 12 0.025762873 
133 222 9 12 0.025623282 
118 116 10 11 0.025347043 
184 189 9 11 0.025290884 
241 195 11 14 0.025192773 
31 160 13 17 0.025038607 
129 222 9 12 0.024883421 
69 172 10 13 0.024834061 
926 170 11 14 0.024735415 
919 173 9 11 0.024716925 
883 201 14 17 0.024553554 
854 168 9 11 0.024411969 
980 227 14 20 0.0243737 
116 131 11 13 0.024331775 
292 146 20 27 0.024143288 
164 196 11 14 0.024133233 
93 235 12 16 0.023937212 
161 187 431 479 0.023742631 
925 266 12 17 0.02350408 
198 174 8 11 0.023468405 
62 235 11 14 0.023361357 
175 223 8 11 0.023215448 
103 215 11 13 0.023187255 
11 192 18 19 0.022993142 
901 185 12 15 0.0226503 
207 190 10 12 0.022640202 
542 159 24 27 0.022514803 
24 167 22 28 0.022439094 
472 124 47 57 0.022408225 
901 161 11 13 0.022395521 
312 186 11 14 0.022381881 
245 179 20 23 0.022050727 
788 187 10 13 0.022027163 
197 182 8 10 0.022024909 
95 159 8 11 0.022017077 
199 166 9 13 0.021986425 
5 194 14 15 0.02183517 
221 188 12 14 0.021822948 
184 182 9 11 0.021752885 
84 189 11 14 0.021751469 
60 159 12 17 0.021578314 
1014 198 10 14 0.021545371 
894 219 10 14 0.021373535 
205 166 11 14 0.02119859 
116 148 11 14 0.021189366 
957 276 12 16 0.021061497 
142 181 10 12 0.021011338 
587 339 449 438 0.020992838 
236 167 12 15 0.020887954 
970 219 14 18 0.020503206 
878 167 10 13 0.020484837 
295 270 12 16 0.020397386 
295 179 11 14 0.02008246 
