42_Car_Racing_Nascar_42_922
247
528 61 93 114 0.9992855 
247 192 53 79 0.9988397 
349 112 81 105 0.9934835 
73 182 11 14 0.6504206 
851 156 44 74 0.49448025 
97 192 8 11 0.38840234 
126 239 11 15 0.30473605 
96 229 20 35 0.27197784 
16 227 10 13 0.2538141 
20 190 9 11 0.20084114 
53 205 9 11 0.18641871 
100 197 9 10 0.15639502 
54 190 8 10 0.15240878 
873 170 58 82 0.14957322 
43 240 13 18 0.14608602 
101 192 9 10 0.14156626 
94 168 9 11 0.12705623 
8 166 7 10 0.12678218 
31 167 7 9 0.12415518 
39 198 8 10 0.12330825 
117 201 9 12 0.118219554 
24 159 7 9 0.11658948 
174 175 9 12 0.116327405 
5 117 9 11 0.110238604 
15 136 9 11 0.110229135 
29 207 9 11 0.10628031 
705 339 17 21 0.10554858 
62 197 9 11 0.10177339 
144 182 8 11 0.10098125 
49 188 9 11 0.10093841 
48 185 8 10 0.09933651 
937 134 52 70 0.09550531 
119 226 11 14 0.09510251 
154 167 8 10 0.093289755 
40 193 7 10 0.09309126 
19 224 10 12 0.08748148 
57 161 7 9 0.087256044 
124 231 10 13 0.08642756 
41 150 7 9 0.0837384 
900 176 67 89 0.08336463 
54 199 10 12 0.08211183 
78 135 7 10 0.07717519 
150 237 9 11 0.07633284 
71 178 10 13 0.07472025 
64 191 8 11 0.07459625 
108 234 12 19 0.07407064 
33 135 7 10 0.073711306 
74 134 7 10 0.07050885 
110 183 8 11 0.0696349 
925 166 56 76 0.06918134 
71 177 18 23 0.068999015 
6 110 10 13 0.06771156 
0 216 8 11 0.06720874 
71 153 7 8 0.06646087 
89 165 10 12 0.06453142 
131 242 12 15 0.06300543 
96 141 8 11 0.06299453 
16 216 9 10 0.06180163 
832 158 45 65 0.061610494 
87 188 10 13 0.061294235 
54 185 8 10 0.060729217 
15 196 10 12 0.060108185 
93 245 17 24 0.059940293 
15 175 7 9 0.059204552 
104 226 20 30 0.058899764 
62 144 8 9 0.05842999 
117 232 18 26 0.05773198 
105 183 9 11 0.057151485 
48 134 8 10 0.05713723 
23 154 6 8 0.05680515 
23 196 8 11 0.056726474 
46 151 6 9 0.056212842 
26 101 9 12 0.055820577 
33 143 7 9 0.05550415 
878 161 36 64 0.055444624 
46 175 8 9 0.05454654 
75 121 7 8 0.054381512 
989 254 16 19 0.053677842 
111 188 9 11 0.053323384 
64 151 7 9 0.053310134 
30 161 7 9 0.052145824 
88 160 8 10 0.051680658 
8 173 8 10 0.051372655 
21 184 9 12 0.051280465 
144 188 8 11 0.05088097 
6 190 8 10 0.05071682 
151 152 7 9 0.04932786 
56 129 6 8 0.048908476 
120 173 8 10 0.048647244 
1 149 8 11 0.048622828 
33 199 7 10 0.048129648 
47 168 7 8 0.047942907 
28 212 9 11 0.047912143 
120 168 7 10 0.04789838 
7 161 7 10 0.04708988 
66 182 8 10 0.046695735 
182 163 11 13 0.046143036 
74 127 7 9 0.0455736 
48 199 10 13 0.045400158 
89 144 8 9 0.044384588 
39 168 8 9 0.0443838 
97 137 7 9 0.043709733 
7 206 8 10 0.043664075 
103 173 9 10 0.043010455 
89 151 7 8 0.042738087 
173 224 10 13 0.042662185 
24 214 8 11 0.042497274 
153 174 9 11 0.0423312 
1 188 8 12 0.042162035 
40 174 9 10 0.04211373 
200 173 9 12 0.042022824 
136 148 9 11 0.041792467 
64 134 8 9 0.04156091 
73 157 7 9 0.041507453 
17 184 9 11 0.041384853 
963 233 13 17 0.040906604 
33 109 8 11 0.04083307 
83 183 10 12 0.04037751 
56 165 7 9 0.040302765 
31 173 9 10 0.04025949 
61 160 8 9 0.040139854 
49 128 7 10 0.040055823 
77 205 11 12 0.03983757 
56 134 7 9 0.0398293 
8 236 10 12 0.038611997 
40 204 8 10 0.038609445 
104 143 7 10 0.03850764 
13 167 7 9 0.03844364 
9 230 10 13 0.038099617 
113 174 8 10 0.03772546 
66 249 384 503 0.037536923 
105 159 7 8 0.037431482 
120 161 7 9 0.03725916 
18 154 7 9 0.03714949 
142 178 9 11 0.03674079 
48 160 6 8 0.035736896 
27 166 7 9 0.035609376 
31 235 11 14 0.03552521 
6 185 7 9 0.035373416 
126 223 8 11 0.034895286 
159 223 7 10 0.034341764 
12 232 12 15 0.034257177 
80 160 7 9 0.034210805 
46 231 12 15 0.0338942 
65 177 7 10 0.033818163 
39 145 7 9 0.0334863 
140 246 11 14 0.033313114 
64 129 6 9 0.033084344 
111 277 12 15 0.03285222 
144 215 8 11 0.03269801 
94 161 8 10 0.032094266 
29 230 11 14 0.03208512 
152 158 8 10 0.032053996 
835 143 31 33 0.03154247 
9 198 8 11 0.03151858 
18 158 7 9 0.031452615 
953 192 28 39 0.031389736 
39 134 8 10 0.031162953 
145 238 9 11 0.03100302 
12 219 19 24 0.030916166 
12 109 10 11 0.030385878 
32 191 8 11 0.03013102 
64 166 7 9 0.03002485 
79 247 29 31 0.029887578 
144 149 8 11 0.029885007 
890 145 60 78 0.029720845 
183 191 9 12 0.029655606 
24 175 8 10 0.029574817 
58 144 7 9 0.029518465 
127 183 7 10 0.029411633 
33 151 7 8 0.02901455 
8 105 10 13 0.02898661 
37 118 8 10 0.028911026 
46 223 10 12 0.028856838 
88 173 9 12 0.028574409 
118 190 9 10 0.028557986 
0 207 8 11 0.02836803 
101 169 8 10 0.028331365 
80 141 8 9 0.028299859 
129 215 7 10 0.02799161 
38 231 12 15 0.027897924 
80 166 8 10 0.027665423 
7 142 8 10 0.027612014 
46 236 20 29 0.027422871 
110 143 8 11 0.027351715 
167 227 11 13 0.027286226 
48 144 7 9 0.026669377 
51 241 12 18 0.026583876 
72 205 10 12 0.026362566 
79 300 99 141 0.025936784 
78 127 7 9 0.025871042 
127 189 8 9 0.025768349 
145 159 7 9 0.025664302 
105 149 7 10 0.025530823 
41 183 8 10 0.02545993 
1 157 8 12 0.025105562 
96 203 11 13 0.025099017 
952 139 32 43 0.024897965 
136 219 9 11 0.024728868 
120 182 8 11 0.024513353 
137 166 8 10 0.024334569 
102 203 10 13 0.024290219 
153 219 7 11 0.024283586 
86 205 11 13 0.024259409 
72 167 8 9 0.024018636 
95 150 7 9 0.0239924 
145 209 7 10 0.023610713 
144 165 7 9 0.023599673 
14 206 9 10 0.023543684 
57 151 7 9 0.023539273 
74 333 64 86 0.023468012 
37 259 14 17 0.023401259 
148 182 9 11 0.023367304 
127 206 8 10 0.02322857 
317 534 11 13 0.023097787 
41 222 9 12 0.02297526 
127 234 187 257 0.022667576 
41 159 7 9 0.02266263 
23 232 11 15 0.02262944 
14 255 10 13 0.02247976 
112 160 7 8 0.022310656 
30 182 9 10 0.022145333 
746 265 25 33 0.0219401 
443 383 44 71 0.021936707 
52 231 11 14 0.021929272 
55 176 8 9 0.021779912 
176 198 8 10 0.021693066 
905 119 93 109 0.021603325 
10 136 8 10 0.021592462 
112 223 11 15 0.021562796 
143 145 7 9 0.021544782 
60 203 10 13 0.021456385 
24 108 9 12 0.021241166 
-167 103 472 525 0.02120434 
693 333 25 32 0.021184336 
120 136 7 9 0.021181377 
81 182 19 24 0.021102596 
79 152 8 9 0.020874681 
7 222 10 12 0.020859532 
38 250 13 16 0.020729253 
167 158 9 11 0.020694213 
136 158 9 10 0.020664519 
55 210 10 12 0.020543538 
193 172 9 12 0.020490717 
40 128 8 10 0.02041442 
159 230 9 11 0.020348798 
36 110 8 11 0.020245722 
