57_Angler_peoplefishing_57_796
44
385 286 191 255 0.9997311 
655 780 185 159 0.674831 
107 1307 29 36 0.19304669 
833 1539 19 21 0.08612419 
280 1273 26 33 0.06922224 
978 1169 47 83 0.066007905 
-1 1536 28 42 0.05384449 
52 1307 35 39 0.04948724 
52 531 436 463 0.043747798 
57 1287 56 63 0.04052965 
896 1115 63 77 0.040007737 
29 538 15 19 0.039588097 
50 516 28 37 0.038611315 
324 1532 35 41 0.036633316 
917 681 16 21 0.033774998 
192 563 11 16 0.033385668 
0 1471 42 61 0.031937156 
190 1384 354 442 0.031399384 
98 54 428 519 0.028845659 
81 1298 49 55 0.028419241 
361 1617 73 72 0.027906056 
115 467 13 16 0.027207457 
114 475 16 19 0.026267862 
742 801 141 113 0.026134772 
863 1526 56 61 0.026066015 
854 306 45 50 0.0256183 
107 559 26 33 0.0245695 
470 1636 14 16 0.024523173 
197 555 16 19 0.024471037 
639 306 211 221 0.024250241 
550 1220 216 215 0.023344321 
182 1178 243 229 0.023147643 
429 1355 57 59 0.023037558 
618 827 162 136 0.022938907 
377 1642 39 38 0.022849988 
316 383 14 17 0.022755418 
210 472 16 19 0.022645863 
904 1123 82 111 0.022386305 
118 516 23 27 0.0221581 
361 1411 246 242 0.021543866 
590 1144 195 205 0.021333206 
71 1479 91 127 0.021146521 
967 1558 50 71 0.02072872 
470 1643 13 16 0.020150183 
