57_Angler_peoplefishing_57_661
109
102 428 13 17 0.89220476 
204 415 13 16 0.7335179 
241 386 11 14 0.5774562 
363 410 10 13 0.40246603 
401 408 10 13 0.29564267 
446 413 11 15 0.1741314 
233 407 9 12 0.11578398 
236 411 10 12 0.113283046 
281 420 9 12 0.1096864 
451 176 476 555 0.10847113 
244 393 12 17 0.10605339 
13 467 11 15 0.09705629 
13 460 11 15 0.0911483 
45 465 12 15 0.072138496 
340 361 12 16 0.07087616 
0 389 10 16 0.06777554 
335 119 32 35 0.06770312 
210 414 12 15 0.061999943 
63 323 11 15 0.060110096 
145 298 25 33 0.059125308 
104 357 24 28 0.058712814 
577 346 27 34 0.058624633 
107 422 13 19 0.057507142 
681 433 71 81 0.056598574 
72 417 11 15 0.05573479 
150 478 9 12 0.055587865 
641 491 137 195 0.053829774 
322 128 395 495 0.05372178 
570 488 162 234 0.053223755 
37 419 11 15 0.05259902 
451 414 11 15 0.04581716 
284 417 10 12 0.044241726 
359 403 19 24 0.044074286 
810 590 32 39 0.042274795 
496 401 10 12 0.040575083 
350 389 11 14 0.04038207 
148 263 14 23 0.039576627 
635 554 64 87 0.039342944 
165 427 10 13 0.038611107 
-1 12 41 69 0.038543556 
15 388 10 14 0.037856277 
233 387 10 13 0.03733991 
238 383 19 23 0.037203938 
176 0 420 570 0.03624468 
348 394 11 15 0.035526473 
390 379 13 17 0.034068868 
166 442 9 14 0.033693798 
13 417 13 18 0.033013202 
464 280 207 246 0.032255564 
422 382 8 12 0.032129996 
153 259 20 31 0.0317894 
78 -2 29 34 0.031153236 
713 439 61 73 0.030727211 
239 448 9 12 0.029083092 
84 451 12 16 0.028856885 
51 407 16 21 0.028600404 
159 470 8 11 0.02859934 
317 259 21 28 0.028294114 
571 359 29 35 0.028238975 
236 459 13 16 0.028004963 
84 395 16 22 0.027956663 
337 589 28 33 0.02786339 
285 386 12 15 0.02778355 
228 468 13 17 0.02718129 
254 403 11 15 0.027067268 
191 252 22 31 0.026990624 
666 464 65 84 0.026976757 
667 553 72 95 0.0268938 
53 388 11 14 0.026120992 
96 432 13 15 0.02568827 
477 356 109 128 0.025632974 
47 404 13 18 0.02522233 
605 560 62 79 0.025214508 
302 404 10 13 0.024551427 
319 396 11 15 0.024533868 
92 257 14 20 0.024467867 
18 415 16 19 0.024453012 
278 405 9 13 0.024379045 
8 -3 51 60 0.024160685 
368 382 11 13 0.024097346 
416 382 10 14 0.024082258 
92 224 15 19 0.024078023 
414 388 12 16 0.023865601 
230 460 12 15 0.02381817 
238 452 12 14 0.023765631 
47 454 11 14 0.023661122 
188 249 16 22 0.023401182 
380 435 13 14 0.02332839 
499 372 23 27 0.023314524 
398 405 18 24 0.02284155 
252 395 12 16 0.02282882 
243 453 13 14 0.02267256 
238 420 11 14 0.022628281 
413 403 11 15 0.022604214 
55 383 9 13 0.022592084 
273 405 9 12 0.022533564 
222 402 12 15 0.022494791 
322 382 10 14 0.022362826 
161 264 16 21 0.022321908 
67 320 12 15 0.022201302 
40 462 12 16 0.022085302 
440 418 12 15 0.021990817 
366 395 12 17 0.021546857 
41 459 21 27 0.021489823 
642 292 15 19 0.021316769 
280 426 10 14 0.02102049 
905 549 58 74 0.020706842 
683 452 202 259 0.020616477 
141 290 13 19 0.020609556 
