57_Angler_peoplefishing_57_394
23
225 354 43 61 0.9730354 
366 476 14 16 0.08465318 
328 450 28 28 0.07586329 
71 475 43 52 0.054878883 
550 510 14 17 0.05297334 
210 367 41 44 0.045833178 
199 407 60 65 0.04460215 
509 453 10 12 0.04408344 
188 434 114 96 0.039035045 
364 469 13 15 0.034616504 
317 456 66 52 0.03435237 
268 448 134 112 0.03020955 
201 363 32 40 0.02824864 
358 459 13 16 0.027213609 
356 454 13 14 0.025360474 
428 526 10 13 0.024728868 
358 463 22 25 0.02326898 
336 453 17 18 0.022129463 
407 528 11 12 0.021546476 
392 518 9 12 0.021541601 
581 501 14 16 0.020621821 
354 478 24 25 0.020503288 
549 484 10 13 0.020438729 
