57_Angler_peoplefishing_57_933
43
584 257 83 106 0.9955813 
419 394 52 78 0.99288636 
110 84 26 32 0.169161 
748 483 13 15 0.05707591 
212 90 16 23 0.053690877 
372 271 17 22 0.052199073 
723 531 15 20 0.04720148 
194 73 16 21 0.04575366 
354 6 18 21 0.04470074 
6 291 14 21 0.044587165 
171 23 16 20 0.04115023 
193 332 326 419 0.040793605 
202 26 20 22 0.040662926 
191 99 12 15 0.035767116 
40 538 12 16 0.035412405 
747 540 12 14 0.033764467 
706 87 33 38 0.03294679 
12 1 17 16 0.031832583 
18 0 18 16 0.031623654 
395 385 54 79 0.03034602 
372 55 17 22 0.029200925 
12 436 14 17 0.028476812 
100 209 15 17 0.028402444 
403 51 16 21 0.027795905 
-59 -21 369 440 0.027630473 
744 478 21 26 0.027104318 
165 81 15 18 0.025518157 
521 490 11 15 0.02493186 
100 33 384 478 0.024557656 
305 -1 20 19 0.023729429 
214 547 11 15 0.023538074 
13 468 14 20 0.0234574 
45 497 13 20 0.02324227 
328 491 133 121 0.02323883 
78 441 13 17 0.022737304 
156 465 13 16 0.022529688 
712 509 11 12 0.021954238 
249 32 17 18 0.021876542 
520 486 21 31 0.02119196 
509 605 51 52 0.021156345 
396 423 65 76 0.02093622 
3 17 183 271 0.020378193 
188 -1 15 15 0.020123603 
