57_Angler_peoplefishing_57_926
22
402 135 115 154 0.9998549 
609 309 354 444 0.55227554 
703 106 30 38 0.085463054 
654 114 52 67 0.07498229 
598 369 49 63 0.0706495 
196 441 80 65 0.0682478 
236 397 65 59 0.06621429 
106 388 230 224 0.051065695 
629 100 120 151 0.038248304 
639 127 49 74 0.037056543 
948 163 54 70 0.036045473 
682 117 25 29 0.0353504 
219 418 73 59 0.028495254 
644 155 31 39 0.026445057 
555 93 378 511 0.024227927 
183 443 125 116 0.02387588 
429 222 42 44 0.0220272 
598 141 224 251 0.021828298 
158 344 9 10 0.021199761 
36 284 381 393 0.02085397 
693 112 26 32 0.02075712 
663 116 27 31 0.020078436 
