57_Angler_peoplefishing_57_182
18
180 63 73 100 0.9901618 
121 133 18 23 0.048698656 
146 411 60 80 0.043880787 
148 71 65 83 0.03858538 
494 514 72 51 0.036693893 
546 217 528 594 0.035131395 
107 160 184 215 0.031486493 
115 443 102 167 0.0302081 
346 397 456 379 0.03000753 
170 218 81 71 0.028791154 
591 555 42 40 0.026608035 
223 213 67 71 0.025827229 
552 538 137 98 0.024826715 
560 544 33 33 0.024060057 
183 334 427 466 0.023437764 
618 535 58 52 0.022097249 
73 304 35 44 0.021583142 
448 483 141 101 0.020874197 
