55_Sports_Coach_Trainer_sportcoaching_55_859
28
589 263 51 66 0.99865496 
70 198 64 90 0.99851424 
153 294 46 58 0.9984969 
804 257 66 97 0.99736565 
412 291 44 57 0.99435115 
266 291 45 56 0.9939865 
29 697 77 84 0.20745255 
293 707 15 20 0.09992318 
340 713 12 15 0.09762049 
263 541 383 480 0.070675775 
350 724 15 19 0.052307054 
205 643 24 34 0.045955192 
703 327 390 507 0.041436426 
235 700 14 18 0.03954845 
73 854 35 47 0.037287325 
819 415 61 56 0.034428652 
402 595 203 315 0.03232434 
242 718 120 121 0.030548675 
931 761 97 236 0.027877474 
42 198 51 71 0.025268815 
14 757 8 12 0.02485442 
34 597 112 154 0.02446087 
44 727 37 40 0.023280546 
852 397 57 51 0.02295304 
348 716 14 18 0.02216371 
334 724 10 13 0.022072015 
19 630 35 42 0.021410884 
29 183 27 47 0.020996355 
