55_Sports_Coach_Trainer_sportcoaching_55_263
28
314 36 76 98 0.99352974 
142 113 13 16 0.17388079 
116 135 15 19 0.09154475 
129 98 15 18 0.08539883 
154 150 14 18 0.07676083 
165 66 13 16 0.07264458 
263 108 30 33 0.06873797 
244 132 10 14 0.05480709 
250 91 12 15 0.04932397 
37 27 124 169 0.04562001 
132 105 14 17 0.0455503 
151 69 9 13 0.038531933 
125 103 15 18 0.035647374 
145 89 24 30 0.033179525 
207 5 13 13 0.030300984 
134 93 23 27 0.030227456 
240 125 11 14 0.029211191 
140 100 23 29 0.028688936 
273 127 17 19 0.027527757 
110 184 31 38 0.026631473 
218 85 14 19 0.02583756 
159 88 10 15 0.02570163 
93 197 10 12 0.023724215 
87 179 10 13 0.022846052 
244 137 11 16 0.022427779 
103 163 14 16 0.021412099 
160 68 11 14 0.020653808 
132 106 22 27 0.020381128 
