55_Sports_Coach_Trainer_sportcoaching_55_218
158
734 73 46 48 0.93962073 
899 201 65 88 0.6474465 
642 205 25 40 0.37625912 
740 161 24 33 0.3714316 
185 303 27 30 0.32751125 
590 213 58 79 0.24407496 
826 144 162 214 0.17167303 
781 124 44 67 0.14814673 
688 262 26 29 0.14709781 
657 217 16 25 0.12927045 
385 78 9 12 0.12094694 
869 207 103 127 0.11164684 
623 209 42 63 0.08862486 
262 87 8 10 0.078793 
314 84 12 15 0.076662056 
316 119 13 17 0.0741527 
726 82 36 47 0.07283643 
594 330 59 67 0.0725217 
311 78 12 14 0.072099805 
768 60 37 42 0.07125288 
642 200 17 29 0.061720114 
200 207 9 11 0.06049127 
457 258 99 143 0.057278626 
238 95 9 10 0.05563829 
844 46 10 11 0.055545725 
225 214 8 11 0.051923674 
231 209 8 10 0.050285377 
726 60 29 47 0.049102113 
277 93 8 11 0.046846442 
223 173 8 11 0.044993147 
142 289 53 61 0.0441803 
648 213 31 40 0.043797627 
216 167 9 11 0.04376901 
532 315 60 74 0.043733317 
850 83 18 20 0.04331957 
303 166 9 13 0.042317335 
222 157 8 10 0.04167216 
891 122 112 159 0.04135083 
248 86 8 11 0.04045253 
270 70 9 11 0.03992542 
384 84 10 13 0.03986899 
198 212 9 11 0.037919953 
221 220 9 12 0.037721135 
308 114 25 29 0.037288066 
411 209 185 202 0.03718675 
637 268 13 17 0.036527433 
844 52 12 15 0.036514997 
233 93 8 11 0.03616481 
752 169 17 21 0.0354356 
567 316 62 73 0.035435256 
729 145 44 56 0.03480725 
261 92 9 12 0.03460544 
67 200 28 32 0.03426616 
835 244 126 136 0.03424427 
286 127 9 11 0.034230962 
278 88 10 12 0.033654787 
854 271 80 83 0.0334503 
257 85 10 11 0.03275609 
907 83 12 15 0.032356344 
254 148 9 12 0.032161545 
191 262 9 12 0.03201195 
851 76 16 17 0.031295937 
743 258 43 59 0.031084148 
921 84 24 32 0.030985892 
269 85 89 113 0.030966498 
117 198 12 15 0.030791702 
916 216 42 52 0.030282183 
144 306 26 36 0.029340457 
22 230 12 14 0.029267194 
774 131 79 114 0.029122693 
547 204 98 115 0.028829997 
248 207 8 10 0.028791184 
216 221 9 12 0.028462907 
753 131 47 68 0.02841973 
158 175 9 12 0.0282354 
239 223 10 13 0.028017845 
308 74 21 27 0.027937721 
995 60 22 28 0.027912397 
78 226 12 16 0.027832938 
285 108 53 66 0.027425416 
767 105 50 63 0.027402744 
124 279 11 15 0.027355598 
117 213 12 15 0.027249474 
146 226 16 18 0.027073229 
238 214 9 10 0.026829224 
340 123 10 15 0.02647453 
311 156 11 15 0.02620323 
309 164 10 14 0.026191253 
159 135 8 10 0.02600929 
159 150 9 11 0.025842678 
136 212 13 15 0.025793 
240 103 7 9 0.025720438 
587 301 57 74 0.025012726 
886 69 13 15 0.024944754 
746 220 27 29 0.024929075 
293 103 9 11 0.024923548 
181 208 8 11 0.024903417 
426 118 7 10 0.024615966 
256 79 9 11 0.024594689 
270 76 8 11 0.024543568 
711 92 10 13 0.024388894 
192 168 8 11 0.024378095 
297 165 9 12 0.024318963 
778 154 49 71 0.024232334 
181 214 8 12 0.024149928 
264 79 8 11 0.023996029 
224 208 8 11 0.023878234 
750 83 53 55 0.023858292 
204 205 10 12 0.023839766 
225 250 11 14 0.023821827 
245 223 10 12 0.023661824 
117 93 9 10 0.023637958 
207 222 8 11 0.023633644 
95 23 11 14 0.02356935 
255 71 7 10 0.023205847 
190 226 13 15 0.02315232 
309 148 12 14 0.02299583 
733 108 51 74 0.02291947 
102 29 10 13 0.02285014 
289 67 10 13 0.02276118 
12 252 11 13 0.022644851 
15 245 11 13 0.02261502 
246 197 9 11 0.022573715 
407 115 9 11 0.02243996 
177 208 8 10 0.022183198 
215 191 9 10 0.022173872 
446 173 11 15 0.022025356 
304 84 10 13 0.0218214 
231 174 8 10 0.021816297 
295 109 8 11 0.02171735 
483 218 109 131 0.021508694 
166 175 10 11 0.021487113 
138 261 13 17 0.021469865 
314 126 15 19 0.021462072 
265 133 8 10 0.02142735 
639 196 13 22 0.021426914 
424 53 7 10 0.021315705 
383 92 11 15 0.021229757 
272 87 9 12 0.021135472 
837 66 13 15 0.021064641 
582 236 87 107 0.020989416 
323 116 14 18 0.020876372 
661 217 32 38 0.020828953 
667 209 18 23 0.020735012 
257 198 8 11 0.020670274 
221 228 10 15 0.02063148 
177 213 8 12 0.020618454 
239 88 9 11 0.020510375 
208 127 7 9 0.020482622 
454 127 8 10 0.020455126 
223 104 8 10 0.020344263 
134 218 13 16 0.020258645 
218 158 8 10 0.020131182 
845 38 11 14 0.020063335 
772 209 49 68 0.020058 
47 30 9 13 0.020044485 
425 112 8 10 0.020036638 
273 42 10 14 0.020024845 
