55_Sports_Coach_Trainer_sportcoaching_55_721
118
308 333 447 580 0.9999851 
210 298 356 490 0.2970083 
252 776 58 77 0.20330715 
939 139 16 21 0.1702622 
315 11 13 17 0.13567671 
78 298 32 39 0.12434153 
101 256 16 21 0.1223279 
254 76 13 16 0.10951892 
210 157 19 21 0.10009213 
294 29 12 15 0.087638676 
33 249 23 26 0.07903827 
36 263 18 22 0.07521284 
147 251 18 21 0.07394182 
260 67 13 17 0.06746885 
93 595 15 21 0.0674556 
10 246 13 17 0.057600293 
396 26 12 16 0.055589177 
931 56 16 20 0.05539514 
241 3 15 18 0.054712117 
345 111 15 19 0.054289214 
293 22 11 15 0.051919587 
895 121 14 20 0.050262168 
196 46 15 19 0.04890932 
92 194 16 18 0.04828879 
236 67 12 15 0.047694225 
1008 150 15 21 0.046788312 
975 43 14 18 0.046173323 
940 508 13 17 0.04616208 
-3 465 41 66 0.045869384 
29 242 16 20 0.04428896 
988 82 13 17 0.04267947 
81 358 61 84 0.042667825 
200 229 47 61 0.042655185 
950 498 13 17 0.042064223 
917 184 17 21 0.04085377 
959 212 13 17 0.040257752 
125 268 17 20 0.039726045 
64 352 55 74 0.039542638 
304 132 13 18 0.03952808 
424 229 396 490 0.037682712 
224 52 429 439 0.037232935 
233 26 16 18 0.036984183 
310 65 15 19 0.036463983 
186 4 14 16 0.036088526 
67 228 371 460 0.0357937 
58 224 17 21 0.03578508 
990 486 14 18 0.035121426 
-1 1034 60 87 0.034505084 
207 241 29 36 0.033331938 
1012 209 11 16 0.033241015 
250 75 21 26 0.033154093 
155 476 16 18 0.032829143 
44 437 15 20 0.03201868 
241 35 16 20 0.03125189 
65 302 50 66 0.030595135 
46 204 25 29 0.030519212 
106 244 14 20 0.030199975 
908 99 15 18 0.0300668 
302 7 12 15 0.029664395 
935 44 13 15 0.028869567 
293 68 16 17 0.028862389 
277 11 11 16 0.028699977 
260 81 15 20 0.028695114 
939 30 11 13 0.028399011 
915 47 13 18 0.028392544 
449 14 14 18 0.02819385 
6 873 200 231 0.027863946 
282 138 15 18 0.027819721 
230 85 12 16 0.027635857 
339 54 15 18 0.02751941 
5 437 10 13 0.02739948 
323 29 14 17 0.027348308 
987 152 14 19 0.026929451 
285 13 11 15 0.02666312 
22 421 11 14 0.02661478 
64 251 23 30 0.026285624 
647 33 14 17 0.026125705 
255 60 12 15 0.026052333 
942 467 14 16 0.025774654 
207 98 15 19 0.025679486 
1004 59 16 21 0.025337398 
929 168 15 20 0.025309287 
283 157 14 16 0.02525659 
427 0 15 14 0.025033362 
109 177 15 19 0.024807306 
980 200 16 21 0.02479036 
427 -33 448 460 0.024422262 
852 118 12 16 0.024372501 
262 163 22 28 0.024327507 
288 19 11 14 0.024102418 
309 73 15 19 0.023910804 
975 36 13 16 0.023893632 
57 201 16 19 0.023890292 
75 340 104 125 0.023883136 
229 5 23 26 0.023807507 
56 281 236 274 0.023281746 
363 34 14 17 0.023159023 
638 47 14 17 0.022346985 
894 208 14 19 0.0221672 
353 91 25 30 0.022140898 
868 186 16 20 0.02209946 
989 112 13 18 0.022065202 
956 117 15 18 0.022010801 
228 19 18 21 0.021693543 
44 203 16 19 0.02168918 
251 89 15 20 0.021640891 
386 543 445 514 0.02140894 
919 121 14 19 0.021134483 
923 178 15 19 0.020993995 
148 195 19 22 0.020959044 
606 141 356 491 0.020747602 
964 528 13 20 0.020669295 
887 172 15 18 0.020473117 
318 25 14 18 0.020344397 
266 89 15 19 0.020336019 
217 149 17 22 0.020175958 
250 98 14 19 0.020133773 
128 148 218 212 0.02012261 
