55_Sports_Coach_Trainer_sportcoaching_55_499
19
534 102 86 115 0.9983064 
441 60 84 116 0.99828774 
489 75 77 118 0.25181934 
236 100 32 34 0.14720474 
227 274 152 154 0.11179748 
697 89 211 251 0.10627741 
233 97 64 47 0.08561863 
759 185 25 26 0.08545456 
208 70 134 119 0.045076493 
540 89 28 37 0.04254513 
245 118 39 39 0.042416368 
224 123 71 64 0.037873883 
215 135 30 34 0.030455483 
108 35 261 217 0.029456776 
660 606 79 80 0.029183278 
65 -67 371 392 0.027781226 
252 103 33 32 0.027251182 
768 185 28 32 0.026814315 
650 595 121 132 0.023302043 
