55_Sports_Coach_Trainer_sportcoaching_55_424
122
307 330 21 30 0.98849386 
418 268 40 40 0.9259255 
973 356 11 18 0.7385497 
716 328 15 22 0.7057995 
828 380 17 24 0.6912432 
884 388 12 16 0.6435548 
930 385 14 18 0.63732684 
644 371 14 20 0.6163517 
124 407 15 21 0.34388673 
399 234 24 39 0.2980237 
157 415 15 19 0.2842224 
589 408 13 19 0.23911797 
406 250 44 49 0.19336253 
623 381 12 15 0.18223074 
323 385 13 20 0.1782892 
670 353 14 23 0.17736033 
116 404 17 21 0.17389184 
713 368 15 23 0.16163965 
586 403 23 31 0.14586213 
162 422 16 19 0.11764753 
979 357 12 17 0.1112306 
384 234 26 39 0.10045543 
217 403 24 37 0.09362098 
101 421 11 14 0.08807117 
721 333 16 21 0.08593209 
739 327 14 19 0.0855578 
116 414 17 20 0.08496781 
997 412 12 16 0.08341653 
731 330 17 19 0.083125755 
591 312 13 17 0.08306583 
150 410 15 23 0.07806946 
889 393 14 17 0.07355977 
902 424 14 18 0.07083922 
330 378 17 21 0.07026166 
991 412 12 15 0.061503563 
936 385 14 19 0.0608998 
131 428 14 19 0.059302703 
628 371 13 19 0.057088748 
891 381 14 17 0.056841094 
206 399 24 40 0.055474322 
604 361 14 19 0.053300373 
933 436 12 16 0.052436695 
625 383 16 19 0.05224351 
358 149 14 20 0.050264668 
2 531 12 16 0.04658712 
584 399 38 50 0.04606572 
189 521 12 17 0.045837466 
429 255 32 42 0.044583905 
230 494 12 15 0.0441948 
91 508 14 18 0.043741133 
29 541 11 14 0.04075638 
315 389 22 30 0.040615786 
682 354 15 19 0.040293254 
94 502 12 16 0.03883664 
113 572 18 20 0.037342098 
390 392 14 18 0.035680134 
136 407 19 25 0.03549141 
35 525 10 13 0.035286564 
645 412 11 17 0.035246585 
841 385 15 20 0.035073802 
579 411 26 31 0.0339335 
660 373 11 17 0.033379514 
957 424 15 19 0.032584976 
638 374 16 21 0.032051586 
863 473 13 16 0.031982906 
935 413 13 17 0.031968676 
880 390 13 19 0.030351099 
797 524 10 13 0.029256737 
115 398 16 18 0.029225111 
161 409 22 26 0.02880612 
937 416 17 22 0.028699141 
934 428 14 18 0.028518641 
812 514 15 16 0.027915489 
317 379 16 24 0.027739497 
1013 388 11 18 0.027418153 
710 331 16 25 0.02722262 
1011 448 12 19 0.026736073 
148 419 23 28 0.026701342 
899 386 14 17 0.026673174 
987 356 14 17 0.026414614 
391 381 12 14 0.026412666 
1004 425 15 20 0.026371632 
155 406 15 20 0.026014231 
206 410 36 48 0.025742674 
575 140 45 71 0.02549418 
948 386 14 19 0.025443807 
308 396 24 33 0.025322594 
617 380 11 16 0.024590332 
926 389 15 22 0.024580454 
40 471 10 13 0.02445833 
829 468 14 16 0.024316603 
982 412 13 18 0.02427596 
738 335 13 18 0.024189888 
210 430 16 26 0.024159852 
972 471 14 17 0.023651145 
358 225 15 17 0.02363536 
780 395 14 22 0.023174193 
998 365 11 17 0.022988211 
783 464 14 19 0.02266996 
981 368 12 18 0.022520674 
590 145 27 44 0.021911168 
41 477 11 14 0.021870565 
336 385 17 21 0.02171118 
1001 410 14 20 0.021700341 
134 487 13 14 0.021647524 
77 508 15 17 0.021625016 
1012 435 12 19 0.021550545 
650 366 14 20 0.02135787 
820 443 14 18 0.02116273 
223 494 13 15 0.021064483 
611 358 12 16 0.020970799 
324 384 24 30 0.020943355 
183 524 12 16 0.020875335 
988 405 13 18 0.020691695 
45 482 13 17 0.020499991 
983 451 15 19 0.020492982 
762 356 15 18 0.020470113 
968 476 13 16 0.020446438 
586 307 21 28 0.020301564 
643 405 11 16 0.020270176 
1005 401 14 21 0.02023548 
352 152 12 17 0.020061113 
