55_Sports_Coach_Trainer_sportcoaching_55_188
19
217 51 108 138 0.99951005 
533 110 83 141 0.9990421 
61 100 24 31 0.29476076 
242 147 190 320 0.24804571 
198 386 110 110 0.21322088 
746 62 228 314 0.04499909 
286 250 121 197 0.04138936 
836 141 206 327 0.040712293 
173 19 318 499 0.03598144 
142 206 225 262 0.034579713 
107 104 19 22 0.03281041 
215 326 138 160 0.029887823 
682 48 24 33 0.026500309 
6 185 193 236 0.025959838 
621 61 30 37 0.0239968 
607 43 25 30 0.02383961 
137 367 159 169 0.023478182 
859 203 127 206 0.021055482 
95 68 86 109 0.020670367 
