55_Sports_Coach_Trainer_sportcoaching_55_196
161
506 165 32 37 0.9670484 
793 40 47 70 0.9621399 
283 173 32 37 0.8891087 
468 168 26 39 0.8167195 
171 170 27 29 0.62828714 
540 189 31 37 0.42842227 
841 38 49 72 0.349302 
229 151 14 19 0.32025096 
323 230 28 29 0.2821048 
243 109 10 13 0.26646143 
167 175 15 21 0.19864741 
36 240 50 70 0.19826925 
227 120 13 17 0.17077984 
787 25 28 47 0.14072797 
501 118 10 13 0.098392405 
521 117 9 11 0.09496448 
286 102 10 12 0.087798245 
102 167 24 30 0.086299144 
165 154 43 47 0.08537408 
264 110 10 12 0.07906558 
425 197 35 43 0.07625213 
142 225 38 53 0.073220745 
401 171 11 14 0.072702676 
504 87 11 15 0.071732834 
104 162 42 49 0.07158138 
108 157 14 16 0.068459935 
372 197 11 14 0.06584414 
245 114 11 16 0.06480803 
97 218 38 60 0.061567076 
236 124 11 13 0.06057713 
453 173 37 49 0.059275206 
491 150 15 21 0.05842031 
252 123 11 14 0.058185175 
131 169 30 40 0.056799266 
525 102 9 12 0.056033604 
245 332 15 19 0.05512382 
241 174 31 36 0.05452723 
522 173 33 45 0.054289896 
744 155 35 45 0.05243056 
166 228 39 51 0.051706646 
572 158 11 13 0.051303696 
521 125 10 12 0.05067238 
543 112 11 14 0.048805654 
239 115 12 15 0.048651163 
122 220 38 58 0.048604082 
580 239 34 45 0.048210848 
285 125 10 14 0.047773544 
557 132 11 14 0.046609715 
572 150 10 12 0.04524604 
305 117 9 12 0.045052756 
216 122 13 16 0.04502039 
28 265 47 69 0.04458495 
374 167 10 14 0.0442774 
145 124 13 15 0.043849923 
264 139 10 13 0.043532696 
723 146 12 15 0.043522425 
142 263 14 19 0.043433797 
556 144 12 16 0.04295882 
553 184 26 35 0.042898268 
381 182 13 16 0.042124204 
223 151 14 21 0.04197419 
456 161 29 39 0.04147117 
326 153 15 18 0.041462224 
503 122 10 14 0.041178238 
754 115 9 13 0.03964735 
240 148 24 29 0.039252393 
566 179 13 18 0.03923813 
206 148 22 33 0.03763259 
182 177 18 20 0.03678881 
449 132 9 11 0.03670604 
343 365 56 75 0.036371484 
559 118 9 11 0.03557796 
287 79 8 10 0.035319984 
507 126 10 12 0.03529873 
184 105 12 16 0.03506515 
328 124 11 13 0.034971412 
756 111 10 14 0.034966275 
464 135 9 13 0.03389665 
419 175 13 19 0.033750217 
317 99 10 13 0.0337283 
236 337 14 20 0.03353408 
156 172 22 30 0.03321004 
285 118 10 13 0.033169582 
134 180 14 19 0.03270821 
82 248 32 45 0.032473553 
279 184 18 21 0.03221907 
743 60 9 11 0.031652853 
945 21 11 14 0.03149765 
188 154 31 37 0.031482585 
402 357 53 83 0.031381104 
478 134 11 13 0.031328987 
219 118 19 24 0.030521723 
373 143 11 14 0.030443182 
399 164 21 27 0.029750168 
442 174 28 37 0.029610919 
410 166 21 31 0.02943588 
109 175 47 61 0.029214263 
373 188 13 16 0.029122956 
590 140 9 12 0.028779123 
262 104 9 12 0.02877028 
509 131 11 12 0.028619643 
494 148 21 32 0.028558765 
752 87 9 12 0.028174901 
356 165 11 13 0.028075866 
646 201 13 17 0.027975572 
268 134 10 13 0.027716253 
439 186 45 56 0.02767771 
524 108 10 13 0.027197137 
902 86 11 16 0.027186079 
478 161 22 34 0.027110916 
311 236 33 38 0.027045539 
252 190 16 21 0.026970124 
256 94 9 11 0.026829338 
250 159 26 34 0.026712134 
45 100 10 13 0.026678173 
141 252 24 30 0.026566567 
523 131 11 13 0.025880892 
238 104 18 23 0.025725633 
234 112 20 25 0.025700117 
281 131 10 13 0.025535153 
651 198 16 20 0.025374323 
1012 297 10 17 0.025243536 
461 314 11 14 0.025169475 
504 82 9 12 0.02492096 
760 190 25 34 0.024600863 
530 195 27 36 0.024560254 
786 67 34 48 0.024402304 
114 169 15 18 0.024389902 
756 44 9 13 0.024145477 
281 84 8 11 0.023934938 
296 188 18 22 0.023882922 
368 149 11 15 0.02382418 
729 288 7 10 0.023810312 
350 142 11 13 0.023665054 
73 255 29 42 0.023469537 
154 136 45 52 0.02336713 
102 163 15 18 0.023363147 
736 271 9 11 0.023304647 
479 180 17 27 0.023276782 
751 92 9 14 0.023014743 
432 141 9 12 0.022891534 
541 119 13 17 0.022808325 
40 223 31 52 0.022792129 
356 209 13 16 0.02227938 
845 40 76 104 0.02210277 
365 203 13 17 0.02204513 
432 202 22 27 0.021826692 
281 97 9 11 0.02150055 
166 140 27 34 0.021489147 
95 240 29 48 0.02142594 
360 124 9 12 0.021247767 
155 130 87 96 0.021246865 
380 174 10 13 0.021239242 
726 131 10 12 0.020818705 
428 171 77 100 0.020787876 
702 195 11 14 0.02073109 
285 84 9 11 0.02068093 
257 100 9 13 0.020550264 
92 160 24 31 0.020506507 
421 188 27 34 0.02042282 
332 150 12 16 0.020038929 
