55_Sports_Coach_Trainer_sportcoaching_55_773
44
325 94 54 69 0.99936694 
385 83 47 68 0.997142 
-4 136 40 77 0.98996663 
640 148 44 75 0.98667693 
324 204 43 72 0.9856725 
990 95 35 68 0.9794169 
632 87 50 66 0.95476234 
475 122 41 53 0.94722635 
812 121 50 76 0.9181217 
156 156 45 70 0.6980959 
712 72 35 51 0.50916713 
637 117 53 79 0.3886965 
732 82 49 61 0.23137173 
175 158 54 74 0.09211689 
266 154 39 50 0.08450481 
810 110 37 57 0.06035415 
721 152 38 58 0.060295157 
238 155 56 70 0.059737056 
342 301 58 94 0.05609808 
213 160 59 71 0.051265832 
756 90 53 66 0.050336674 
339 196 49 74 0.04718152 
735 55 47 63 0.045364473 
850 142 37 51 0.043755956 
989 549 32 57 0.03840626 
221 484 13 17 0.03771942 
431 95 44 58 0.0374753 
323 227 87 143 0.036534514 
442 119 52 65 0.035726406 
739 110 56 63 0.0342688 
787 87 72 100 0.033381436 
312 202 74 113 0.031606272 
731 130 47 65 0.028851368 
750 417 125 209 0.02860701 
686 152 42 64 0.028296713 
753 103 81 93 0.027395356 
199 179 32 48 0.025125904 
583 464 54 59 0.02488778 
720 89 37 45 0.024781479 
703 161 37 52 0.024557035 
528 284 53 79 0.024286328 
201 144 49 68 0.022273846 
660 87 52 67 0.022069579 
941 -1 15 14 0.020478945 
