55_Sports_Coach_Trainer_sportcoaching_55_516
40
663 197 32 38 0.9988525 
443 193 31 38 0.9987458 
686 368 50 60 0.9985733 
772 207 28 36 0.99856734 
502 188 31 38 0.99854785 
573 132 35 46 0.9985085 
774 361 53 63 0.9978041 
826 190 31 40 0.9977356 
319 209 28 36 0.9967091 
250 319 48 57 0.9965616 
378 212 30 36 0.996555 
253 211 29 36 0.99634945 
471 325 46 54 0.99540085 
113 300 45 55 0.9947402 
586 340 46 53 0.99375385 
373 323 43 51 0.9931502 
740 208 23 34 0.95449567 
726 209 27 31 0.24329695 
686 331 36 42 0.15907855 
726 309 36 47 0.07692335 
615 503 33 36 0.06881272 
693 274 23 29 0.05639867 
479 501 32 35 0.050750438 
456 362 13 18 0.050463423 
234 235 22 28 0.049772456 
221 466 29 34 0.044907875 
762 212 27 35 0.03739812 
852 289 16 18 0.03453195 
751 211 17 28 0.031209787 
806 134 12 14 0.03112018 
224 149 12 16 0.027737219 
676 342 29 39 0.027491622 
774 304 29 35 0.026462926 
205 118 11 15 0.026292037 
187 470 66 59 0.02226088 
207 39 9 13 0.022168776 
656 415 249 255 0.021930695 
754 204 13 22 0.021877227 
371 493 27 36 0.020919425 
730 20 234 235 0.020485677 
