55_Sports_Coach_Trainer_sportcoaching_55_726
38
488 112 134 209 0.997874 
543 402 172 266 0.7194384 
914 322 51 59 0.10749183 
-50 -53 509 578 0.101576805 
475 311 192 332 0.089034796 
996 573 10 11 0.06448526 
60 -1 35 33 0.042779427 
64 0 55 48 0.042656474 
116 582 10 11 0.041088704 
237 -39 182 194 0.040573847 
167 588 9 12 0.038311794 
859 325 48 61 0.036433037 
912 338 32 41 0.033688337 
81 582 9 11 0.03211972 
64 211 434 555 0.031501856 
976 575 9 12 0.03129588 
874 341 31 35 0.03040552 
205 589 9 11 0.030338675 
93 582 9 11 0.029739046 
941 251 30 35 0.029095648 
889 341 17 20 0.029090004 
721 137 316 450 0.02802948 
111 580 11 13 0.027253725 
104 580 9 11 0.027101507 
981 580 10 12 0.027071513 
719 177 32 38 0.025351306 
992 581 10 11 0.025233468 
898 303 81 100 0.02520422 
253 575 126 139 0.024578542 
86 581 10 12 0.022348443 
997 569 10 11 0.022334855 
884 326 49 61 0.02212142 
184 584 11 14 0.020945467 
893 338 30 37 0.02090132 
926 650 10 13 0.020511515 
718 27 10 12 0.020429943 
267 621 72 71 0.020153461 
907 470 15 20 0.020002404 
