55_Sports_Coach_Trainer_sportcoaching_55_155
26
631 38 68 66 0.89702106 
589 257 59 64 0.8298378 
290 31 75 65 0.6785488 
475 220 54 55 0.34773496 
457 209 52 59 0.12058063 
303 43 47 41 0.10070048 
565 276 52 57 0.08380446 
550 288 41 48 0.08284957 
529 255 46 59 0.06598612 
500 233 48 54 0.046194296 
657 20 57 75 0.04333564 
589 231 97 108 0.042973727 
463 236 58 60 0.036046028 
242 26 128 99 0.03360361 
283 50 64 71 0.0304363 
570 316 37 37 0.028464857 
595 87 88 142 0.027687432 
5 89 126 203 0.026063843 
679 11 197 187 0.025646375 
23 133 68 100 0.024601573 
175 281 108 156 0.023693763 
32 104 199 247 0.02171222 
305 16 87 118 0.021543054 
437 193 92 97 0.021264583 
249 55 70 74 0.020887718 
622 55 79 109 0.020379538 
