55_Sports_Coach_Trainer_sportcoaching_55_774
168
847 60 54 77 0.9993486 
794 275 58 81 0.9991621 
442 170 25 33 0.9968989 
601 146 27 32 0.9928068 
474 200 26 30 0.9791694 
750 122 63 80 0.9789105 
126 263 39 51 0.965015 
661 102 22 28 0.954593 
328 78 19 22 0.86168486 
380 71 15 21 0.7851307 
519 299 37 44 0.71284276 
420 109 13 18 0.68698007 
419 41 12 15 0.64027226 
372 20 16 20 0.5864557 
875 1 47 57 0.46365908 
488 172 16 20 0.41961163 
542 161 20 26 0.37352148 
384 4 13 15 0.3597255 
386 9 14 17 0.27637142 
342 4 15 18 0.172431 
447 127 10 14 0.16954947 
491 121 16 19 0.14873375 
408 11 11 14 0.120690666 
365 180 22 27 0.11993264 
321 16 11 15 0.11729074 
543 159 14 17 0.11699161 
411 51 15 19 0.1141144 
362 164 13 16 0.11062569 
987 3 30 34 0.10846485 
525 132 14 17 0.1073696 
411 73 13 17 0.099009305 
493 156 13 16 0.09809484 
357 67 15 19 0.09697734 
415 100 12 18 0.093083724 
329 136 16 22 0.09271694 
341 99 23 29 0.09233999 
367 44 14 17 0.091634184 
325 128 15 24 0.085452504 
527 148 12 16 0.080454774 
424 114 14 17 0.07563988 
474 136 16 19 0.07498736 
490 164 15 19 0.07494774 
531 138 14 16 0.06778883 
551 168 16 19 0.06359803 
373 48 12 16 0.06318528 
541 139 12 15 0.062295627 
406 165 11 14 0.05835315 
430 164 11 14 0.054165136 
672 11 11 13 0.04912163 
166 290 15 20 0.04905181 
406 89 13 18 0.04846014 
403 69 20 27 0.04681721 
393 64 21 30 0.045300003 
372 129 14 18 0.044117287 
355 129 15 19 0.043848984 
485 102 11 13 0.04338235 
714 427 48 49 0.042284887 
543 148 11 13 0.041963235 
326 85 16 21 0.04070811 
354 148 14 17 0.039968193 
638 1 15 16 0.03916481 
427 121 13 16 0.038422335 
451 124 12 15 0.038422074 
469 118 11 14 0.038414385 
440 125 11 14 0.036600687 
945 6 43 52 0.036387842 
410 79 14 20 0.03586447 
863 19 53 70 0.035633728 
587 128 15 18 0.03515138 
559 130 14 18 0.034998305 
478 108 10 13 0.034885846 
423 3 13 15 0.034836777 
361 125 22 27 0.034748856 
358 155 14 17 0.034406688 
367 25 23 28 0.034397867 
352 98 18 22 0.03439705 
719 439 29 31 0.034388438 
335 163 10 14 0.034311134 
440 131 12 17 0.03411089 
381 51 11 14 0.034091473 
365 4 13 14 0.033561874 
968 0 44 49 0.033455733 
411 91 12 18 0.032735646 
564 152 15 20 0.03257828 
348 93 14 19 0.03201458 
348 105 23 31 0.031955536 
412 40 21 27 0.031693663 
398 211 16 20 0.031662334 
340 129 16 20 0.031218886 
444 318 32 35 0.030752005 
371 199 13 17 0.030715339 
422 0 11 11 0.030506445 
365 113 13 18 0.030431965 
472 109 11 13 0.030293169 
375 78 14 19 0.030111643 
442 9 15 17 0.03009995 
56 405 10 13 0.02917499 
448 129 14 18 0.0291567 
975 94 47 71 0.028966803 
388 51 12 15 0.028934438 
360 67 22 25 0.028752798 
408 58 13 16 0.02824036 
522 274 35 40 0.02801757 
324 97 13 19 0.028016077 
336 116 24 31 0.027995126 
463 122 12 15 0.02773672 
546 141 12 15 0.027657732 
977 24 43 56 0.027414097 
355 5 14 15 0.0272521 
412 6 13 15 0.027182946 
653 87 36 47 0.027037801 
414 30 12 14 0.026675599 
447 121 11 13 0.026540047 
351 45 22 28 0.026400553 
403 206 11 16 0.025967961 
427 38 12 15 0.025961172 
933 25 40 53 0.025875172 
407 18 11 16 0.02585021 
164 270 14 19 0.02554101 
432 26 12 14 0.025340615 
339 42 23 28 0.025065254 
349 139 14 18 0.025017468 
360 170 22 26 0.024663484 
379 9 23 28 0.024604274 
325 33 13 19 0.024535626 
438 26 12 16 0.02435685 
531 155 15 17 0.024049412 
429 19 13 14 0.023937158 
324 41 12 18 0.023825603 
894 1 31 37 0.023733154 
375 0 10 10 0.023657912 
439 325 52 48 0.023642533 
523 123 23 28 0.02359267 
416 0 11 10 0.023542589 
418 99 23 30 0.023541823 
438 2 16 18 0.023442289 
332 29 13 18 0.023330152 
764 40 18 20 0.023275442 
348 0 12 11 0.023151727 
762 160 42 53 0.022781173 
369 59 23 28 0.022732403 
397 82 24 29 0.022579227 
452 0 13 12 0.022408545 
329 105 24 33 0.022291316 
350 124 14 19 0.022096302 
481 177 23 29 0.02201152 
22 417 11 14 0.021648869 
594 129 14 17 0.021642499 
424 12 13 15 0.021625128 
430 0 13 11 0.021570554 
386 59 15 19 0.021545995 
587 146 14 18 0.021449327 
509 295 12 16 0.021395369 
429 132 13 15 0.021282086 
329 122 18 23 0.021245087 
494 139 13 15 0.021155613 
375 4 11 14 0.02113278 
329 88 24 31 0.021119878 
160 277 24 32 0.020949146 
419 68 13 18 0.02088366 
677 67 11 14 0.020875297 
404 55 22 28 0.020744553 
419 58 13 17 0.020344902 
483 138 13 16 0.020259954 
477 118 11 14 0.020232294 
356 20 13 16 0.020171909 
367 0 11 11 0.020011019 
477 125 11 14 0.020001132 
