55_Sports_Coach_Trainer_sportcoaching_55_894
205
429 34 179 231 0.999908 
27 334 11 15 0.4982931 
701 225 49 61 0.38607836 
91 139 13 17 0.33470812 
1013 358 9 12 0.14184552 
904 368 8 10 0.12554453 
997 413 9 11 0.11531874 
957 406 8 10 0.10761505 
917 384 7 10 0.10406496 
952 390 6 9 0.10194643 
258 373 15 17 0.097158775 
983 391 7 9 0.094435304 
277 336 10 12 0.08916768 
945 385 7 9 0.08450437 
888 391 7 9 0.07848821 
977 388 8 10 0.078325756 
936 367 7 10 0.076602444 
912 408 9 11 0.07299016 
946 389 7 8 0.07028244 
935 392 7 8 0.069012314 
937 375 7 9 0.067878395 
983 368 7 9 0.067613475 
913 389 7 9 0.066743106 
953 405 9 12 0.06568925 
976 385 7 9 0.0611119 
895 392 8 9 0.061104335 
968 390 8 9 0.056986645 
648 253 51 65 0.056252502 
992 391 7 9 0.055456754 
944 400 8 9 0.055192504 
929 391 7 9 0.05483549 
968 385 7 8 0.053097907 
894 408 8 10 0.05115535 
271 363 11 13 0.05046997 
960 385 7 8 0.05008428 
1011 302 12 18 0.049920246 
943 375 7 9 0.04972897 
918 389 8 9 0.04896108 
327 387 13 16 0.04895169 
8 326 8 10 0.047006838 
943 336 7 9 0.046536542 
944 405 8 11 0.04643629 
904 391 7 8 0.04624036 
937 399 8 9 0.045779876 
953 429 8 10 0.045669947 
254 332 10 12 0.04478906 
952 358 7 9 0.0443229 
901 422 9 11 0.04421087 
895 398 8 9 0.044162873 
895 414 8 10 0.043960344 
86 141 21 26 0.043744795 
213 423 11 13 0.04311795 
937 383 7 9 0.042901184 
879 372 8 10 0.042871397 
959 401 7 9 0.042756364 
976 376 6 8 0.04222127 
959 424 8 10 0.0418889 
952 386 7 9 0.041653823 
978 367 7 9 0.041028902 
944 440 7 10 0.04083183 
928 383 8 10 0.040409192 
303 359 9 10 0.040270247 
960 390 6 9 0.040093828 
985 398 7 9 0.039746508 
682 252 62 70 0.038957275 
993 385 7 9 0.038826004 
917 407 9 11 0.03871172 
337 372 11 13 0.038659394 
952 400 7 9 0.038593482 
928 366 8 10 0.038264085 
888 385 7 9 0.03812517 
945 358 7 9 0.03798967 
945 353 6 9 0.037761685 
238 335 9 12 0.036661945 
897 375 7 9 0.036528338 
992 369 7 9 0.036069598 
896 382 8 10 0.03581439 
984 360 7 9 0.035705443 
978 360 7 9 0.03551137 
889 407 8 10 0.035377566 
919 375 7 9 0.03511409 
1001 384 7 9 0.035045765 
880 391 8 9 0.03487283 
984 374 7 9 0.03450463 
296 366 11 13 0.03434648 
1001 374 7 9 0.034246683 
968 376 7 8 0.03421524 
232 255 9 11 0.034127165 
217 343 8 11 0.034106955 
25 330 9 14 0.034093954 
888 414 8 10 0.033520423 
1000 390 7 9 0.033510417 
961 368 7 9 0.033179462 
993 374 7 8 0.032954153 
847 381 10 12 0.032548264 
904 384 7 9 0.032243464 
984 345 7 9 0.03222794 
961 375 7 8 0.032049213 
982 385 8 9 0.031643644 
953 375 6 8 0.031560123 
173 425 14 17 0.03126329 
928 399 7 9 0.03110127 
950 422 10 11 0.03091333 
273 339 10 13 0.03089141 
255 350 9 11 0.030691544 
1007 382 7 10 0.03063514 
960 353 6 8 0.030292748 
230 342 9 12 0.030200284 
944 419 9 12 0.030015534 
921 366 7 10 0.02989051 
898 368 7 10 0.029872164 
304 257 7 9 0.029811302 
967 398 8 10 0.029800842 
248 333 10 12 0.029553592 
873 373 8 10 0.02951377 
993 408 8 11 0.02937656 
301 365 10 13 0.02928001 
45 356 12 14 0.029005405 
937 360 7 9 0.028928934 
871 368 9 11 0.028925663 
929 376 7 9 0.028874503 
928 337 7 9 0.028655862 
938 336 7 9 0.028523609 
967 367 6 9 0.028253317 
999 370 7 8 0.028160999 
912 343 8 10 0.028105237 
831 360 9 10 0.028027797 
944 413 9 13 0.027802238 
897 420 9 12 0.02774068 
887 374 8 9 0.027438033 
6 344 9 11 0.027203608 
905 362 7 9 0.027096968 
103 368 9 12 0.027094563 
904 399 7 9 0.026975688 
641 255 24 41 0.026917687 
55 334 10 11 0.026737735 
895 430 10 11 0.026549349 
244 412 11 12 0.026528737 
222 343 10 13 0.026313178 
999 352 7 10 0.026275985 
340 369 10 12 0.025806384 
842 319 8 10 0.025638983 
992 419 9 12 0.025576323 
920 398 8 10 0.025414 
224 320 8 11 0.025395835 
878 350 8 10 0.025228877 
1009 422 9 11 0.025199585 
261 366 12 15 0.02519828 
864 374 8 10 0.025030805 
8 321 8 10 0.024725713 
911 399 9 10 0.024699012 
952 354 7 8 0.024691047 
1008 407 8 10 0.024633884 
62 342 9 11 0.024324134 
991 399 7 8 0.023898799 
54 350 11 13 0.023778513 
1014 428 8 12 0.023698963 
54 340 10 13 0.023594175 
275 358 12 14 0.023404898 
909 367 7 10 0.023395777 
33 262 8 10 0.023373595 
948 412 11 13 0.0233173 
840 264 7 10 0.023247033 
900 263 9 11 0.0231351 
993 352 7 10 0.023128232 
1008 401 7 8 0.023061508 
774 197 9 11 0.02305261 
34 331 13 17 0.023027087 
903 416 8 9 0.022749836 
62 334 9 11 0.022672005 
16 334 9 12 0.022640545 
871 384 8 9 0.02262264 
285 339 10 12 0.022530079 
960 359 7 9 0.022527121 
261 335 9 10 0.022523977 
943 446 8 10 0.022522843 
976 398 8 9 0.022436567 
873 351 8 10 0.022386748 
935 420 10 11 0.022353543 
1008 429 10 12 0.02193816 
1009 353 8 12 0.0214364 
261 348 11 12 0.021403397 
723 229 35 47 0.02126767 
682 210 86 89 0.021224005 
910 431 9 11 0.021217989 
937 404 9 11 0.021207318 
216 348 9 12 0.021147156 
237 351 9 11 0.02109248 
966 405 9 11 0.020991493 
263 342 10 11 0.02097864 
944 341 7 9 0.020954123 
863 383 8 11 0.020856181 
886 369 8 10 0.020850334 
912 237 10 12 0.020581933 
944 369 7 9 0.020487584 
953 368 6 9 0.020342214 
248 340 9 12 0.020242441 
1006 375 7 10 0.020241804 
889 399 8 9 0.020238746 
967 414 9 11 0.02020934 
853 404 11 12 0.02020139 
991 328 8 10 0.020177862 
900 461 11 12 0.020141214 
997 418 10 12 0.020109517 
1015 422 8 12 0.020079143 
