55_Sports_Coach_Trainer_sportcoaching_55_686
21
751 64 29 38 0.9924481 
857 80 45 65 0.9887622 
111 109 53 57 0.9826068 
579 69 37 45 0.97497374 
451 93 25 29 0.88555366 
394 98 12 16 0.83539045 
311 93 11 14 0.8238028 
451 84 19 22 0.056353267 
307 119 18 21 0.045106344 
401 99 12 15 0.038216017 
374 180 11 15 0.035686065 
466 147 14 16 0.032672513 
92 124 60 76 0.03133474 
690 364 16 22 0.030050721 
389 181 11 14 0.029207272 
303 137 13 16 0.028971452 
307 88 19 23 0.028122645 
306 129 16 18 0.028089209 
755 61 19 23 0.023052465 
574 57 31 44 0.022896016 
380 174 12 16 0.022131134 
