1_Handshaking_Handshaking_1_602
143
841 236 12 14 0.83804363 
249 342 30 30 0.83111405 
372 238 15 19 0.6817294 
610 227 10 13 0.62557167 
685 228 11 12 0.5336625 
754 246 8 12 0.49709758 
946 243 15 23 0.48765117 
645 222 9 13 0.41309252 
640 245 10 13 0.3608478 
676 306 13 19 0.3549946 
680 229 10 13 0.31099856 
436 234 13 16 0.29918775 
509 224 8 11 0.25801635 
720 236 9 13 0.22894277 
483 326 34 39 0.2189906 
318 290 480 486 0.20403734 
769 253 10 14 0.20397012 
577 222 9 11 0.20175679 
508 228 12 16 0.2011872 
914 270 12 15 0.19072871 
545 225 8 10 0.183737 
476 216 10 11 0.18099166 
135 196 9 12 0.17961332 
677 235 12 16 0.1548701 
469 249 11 15 0.14047268 
576 229 10 13 0.1381656 
678 243 11 16 0.122422904 
400 324 9 14 0.11448019 
290 284 15 19 0.107161276 
920 244 11 18 0.096356474 
934 244 20 23 0.08982599 
723 257 14 18 0.077312194 
693 237 10 13 0.0745462 
925 249 14 18 0.07347866 
910 321 11 15 0.07344718 
515 236 11 15 0.07030002 
690 229 11 16 0.065298 
831 263 9 11 0.059529584 
641 226 11 14 0.055751417 
601 252 184 298 0.05565655 
548 228 9 12 0.054107726 
931 308 12 14 0.05302459 
940 238 17 22 0.05250822 
361 236 12 15 0.051484816 
756 249 11 15 0.051363952 
612 296 12 19 0.050089456 
853 288 10 13 0.049968418 
492 162 367 465 0.049404267 
723 231 12 15 0.04893243 
471 259 12 17 0.047878537 
356 314 12 15 0.047736824 
672 299 13 20 0.045872267 
604 293 18 28 0.045595072 
718 241 11 15 0.04529971 
672 245 11 15 0.04447524 
773 258 10 13 0.043323565 
236 345 44 49 0.042844977 
502 225 21 26 0.040659413 
749 241 17 23 0.040622745 
664 251 9 12 0.040083412 
756 242 10 13 0.038925357 
675 230 9 13 0.038708605 
955 249 12 19 0.037619334 
464 251 11 14 0.03753187 
765 247 18 25 0.037262283 
467 306 44 52 0.0361125 
549 242 11 14 0.035800535 
537 339 30 43 0.035487574 
350 318 10 13 0.035199024 
441 236 13 16 0.034691785 
645 239 12 15 0.034601968 
477 234 13 14 0.034168888 
245 350 20 22 0.03379714 
139 195 11 14 0.03353371 
680 225 19 23 0.03334287 
484 229 15 17 0.03332985 
118 305 12 15 0.033239715 
732 257 14 17 0.03266985 
188 187 10 13 0.032441914 
508 334 46 53 0.032271508 
507 330 28 40 0.03213142 
607 222 18 22 0.03171206 
556 245 10 12 0.031673197 
256 326 29 39 0.031513087 
640 216 19 24 0.03056217 
469 22 15 19 0.030485615 
839 252 9 12 0.030370185 
681 301 15 19 0.029650144 
741 253 11 14 0.02947537 
541 241 14 16 0.029440235 
277 282 25 34 0.02932031 
577 245 11 14 0.029290043 
714 236 11 14 0.028978402 
111 302 11 15 0.028915586 
465 246 19 25 0.028771149 
580 235 10 14 0.02864588 
724 266 13 16 0.028623266 
597 300 21 29 0.028477505 
203 154 23 30 0.028384043 
909 294 11 14 0.027965147 
921 252 21 25 0.02789535 
683 244 11 15 0.02783646 
483 334 52 57 0.027704904 
642 250 12 14 0.02716346 
644 267 12 16 0.027010366 
600 427 18 20 0.027001457 
474 292 15 19 0.026588092 
475 266 12 15 0.026369661 
117 293 13 16 0.026117558 
423 290 13 17 0.026038786 
476 244 11 14 0.025906462 
573 217 19 24 0.0254945 
719 252 13 19 0.025449825 
841 277 9 12 0.024772124 
847 268 10 14 0.024485525 
640 216 11 14 0.024238152 
580 252 10 13 0.02383033 
438 272 37 51 0.023669021 
672 312 12 15 0.02363745 
798 253 11 13 0.023394307 
127 187 13 18 0.023346942 
634 244 11 13 0.022987338 
743 269 9 12 0.02291937 
346 318 10 13 0.022662086 
264 341 18 24 0.022490516 
581 216 9 12 0.0222634 
516 301 11 14 0.021985682 
616 246 9 12 0.021908542 
461 268 13 17 0.021704875 
837 235 19 23 0.021596357 
637 239 19 24 0.021492917 
465 14 24 33 0.021294432 
190 142 44 56 0.021292318 
616 252 9 12 0.021264127 
885 260 11 15 0.021180937 
485 242 11 14 0.021009311 
448 286 41 56 0.020960946 
711 232 19 24 0.020846495 
463 260 22 28 0.020790001 
974 349 13 20 0.020579241 
638 272 11 16 0.020385295 
109 172 12 15 0.02033527 
470 72 10 13 0.020053105 
