1_Handshaking_Handshaking_1_522
25
696 40 98 131 0.99893004 
301 158 31 44 0.6315854 
171 160 26 39 0.5056571 
149 168 16 23 0.09561666 
163 183 15 24 0.05865915 
88 162 44 63 0.051780038 
174 157 41 57 0.044915725 
134 159 21 31 0.039197523 
371 130 29 33 0.029893393 
259 521 63 70 0.028651992 
226 144 15 18 0.028415184 
281 148 40 60 0.028245306 
155 176 15 20 0.027129332 
140 184 13 23 0.025149103 
179 178 17 25 0.024794592 
157 168 45 57 0.023886995 
124 159 22 33 0.023115607 
108 147 43 58 0.023060134 
293 184 14 21 0.022849748 
188 184 12 17 0.021693617 
99 165 28 37 0.021025354 
116 161 17 21 0.020851081 
519 2 135 181 0.020766433 
100 171 51 72 0.020754403 
124 150 12 14 0.020134566 
