1_Handshaking_Handshaking_1_134
20
695 49 98 170 0.99923885 
292 75 94 130 0.9987091 
419 558 107 118 0.6232132 
417 519 204 177 0.0863628 
872 7 73 60 0.07693564 
649 -2 49 50 0.0540615 
312 -4 75 68 0.049953736 
880 9 98 111 0.049918354 
948 97 53 84 0.043019265 
925 67 57 85 0.036175873 
902 75 18 21 0.032692194 
996 110 30 41 0.03227182 
647 33 46 57 0.031730827 
618 157 42 52 0.029174104 
907 26 97 139 0.024083171 
307 23 397 472 0.02370612 
956 139 46 67 0.023395428 
99 345 38 48 0.022466997 
93 261 45 59 0.021662284 
638 55 44 57 0.020871876 
