56_Voter_peoplevoting_56_1011
28
320 406 368 485 0.9992581 
143 17 511 604 0.70552385 
303 237 414 444 0.3641499 
436 211 305 284 0.2807513 
478 107 414 431 0.23909567 
317 84 382 376 0.21877584 
715 746 207 277 0.21185233 
550 470 419 497 0.20821549 
93 347 379 503 0.092800036 
-140 486 462 507 0.08935237 
577 1070 232 256 0.07471745 
-6 469 277 351 0.06869979 
64 915 185 249 0.06044103 
50 1042 209 236 0.059331704 
6 181 381 494 0.05227412 
115 669 552 615 0.051682696 
88 945 411 513 0.04990649 
504 911 389 433 0.046479464 
50 647 242 311 0.03781776 
111 1040 128 152 0.033263516 
386 699 423 531 0.032628395 
656 131 317 348 0.03184978 
639 694 402 485 0.030266399 
636 304 467 545 0.027623432 
0 1240 124 122 0.027125143 
470 1211 82 136 0.025710719 
574 266 146 127 0.024718143 
-3 301 236 315 0.024245946 
