56_Voter_peoplevoting_56_764
18
113 119 399 262 0.98457885 
157 204 291 296 0.8285971 
251 55 383 417 0.35497755 
410 3 436 550 0.33240154 
587 108 291 345 0.12617312 
856 158 160 208 0.1109625 
685 169 291 248 0.08399684 
74 81 229 295 0.06491885 
171 54 249 255 0.051303316 
-3 468 51 67 0.050947435 
345 93 264 229 0.04577096 
532 107 140 104 0.03984481 
498 61 237 193 0.030319348 
820 265 215 237 0.028021842 
245 378 147 147 0.024480855 
575 119 82 66 0.024100496 
473 154 60 65 0.02381844 
935 151 105 192 0.022174682 
