56_Voter_peoplevoting_56_339
79
540 146 33 43 0.9976713 
656 234 25 33 0.97788405 
336 313 14 19 0.70859826 
109 429 13 16 0.26307318 
115 435 12 15 0.10472091 
341 109 55 73 0.06774301 
105 435 10 13 0.06342699 
404 170 30 40 0.063269876 
869 416 15 18 0.058579337 
165 499 11 13 0.056558155 
324 46 25 30 0.055509638 
622 308 24 29 0.054077767 
84 421 12 15 0.049842436 
215 508 48 64 0.049631163 
489 60 28 36 0.04906471 
100 456 10 12 0.04715861 
557 397 15 18 0.046779476 
988 310 10 13 0.044858944 
443 511 51 78 0.044192143 
100 499 11 12 0.04338977 
973 323 10 14 0.04325846 
117 470 10 12 0.04307268 
881 294 52 71 0.04287414 
882 391 25 28 0.041868996 
366 116 55 76 0.04156258 
143 496 11 14 0.039874393 
13 495 13 15 0.038950454 
119 500 9 11 0.03728422 
153 477 9 10 0.037079196 
265 109 68 87 0.036589026 
316 312 13 17 0.036326304 
406 138 11 15 0.035504322 
126 500 9 10 0.03523867 
688 67 13 16 0.03508455 
183 503 9 12 0.03497546 
85 479 10 13 0.03349075 
487 157 14 16 0.033276994 
471 76 42 48 0.03197162 
903 276 48 69 0.03179095 
20 496 11 14 0.031053865 
908 421 11 14 0.03006212 
104 420 11 15 0.030047711 
489 184 15 19 0.02933601 
862 419 13 16 0.029331565 
149 498 11 15 0.02868826 
271 2 12 13 0.02813832 
79 491 17 19 0.027619058 
142 464 9 12 0.027101899 
853 420 12 15 0.027100137 
111 441 11 14 0.026714543 
95 446 9 10 0.026043855 
874 396 25 29 0.02581371 
341 280 12 14 0.025777016 
645 239 15 20 0.02577029 
124 438 10 13 0.024688076 
143 469 8 11 0.024256809 
103 422 21 26 0.024144271 
677 220 12 15 0.024023874 
854 298 105 138 0.024023153 
110 414 11 13 0.023366803 
157 478 9 11 0.023049068 
173 500 10 12 0.022951223 
137 469 8 11 0.022249227 
300 140 11 14 0.02207065 
127 477 8 10 0.021938996 
310 50 11 14 0.021875039 
118 412 12 14 0.021783592 
60 495 11 14 0.021544728 
86 416 10 12 0.021493249 
72 447 9 11 0.021285255 
127 471 8 11 0.021245662 
151 445 8 11 0.02117034 
963 375 14 17 0.020903653 
341 304 21 29 0.020875165 
335 29 14 19 0.02085607 
382 299 26 32 0.020317841 
158 495 13 17 0.020216927 
301 94 87 113 0.020113342 
136 497 9 12 0.02009006 
