56_Voter_peoplevoting_56_305
20
70 229 25 33 0.98184276 
441 198 33 47 0.79429895 
548 107 13 16 0.10689687 
664 311 176 258 0.047799543 
380 -20 417 498 0.03924773 
772 299 41 63 0.037964094 
712 311 105 159 0.035281204 
753 19 247 306 0.03470139 
393 314 29 39 0.034509216 
447 386 10 14 0.029979488 
428 378 13 18 0.029468725 
644 -54 445 475 0.02874856 
400 229 10 13 0.027565 
444 226 18 23 0.025053257 
545 97 21 27 0.024811525 
550 201 25 30 0.024602225 
681 404 10 13 0.023234466 
1006 399 10 12 0.022244537 
436 371 12 16 0.021672554 
380 363 13 16 0.020455575 
