56_Voter_peoplevoting_56_122
188
557 73 30 52 0.981837 
687 48 43 64 0.9349321 
838 53 34 56 0.8175736 
484 7 23 31 0.8138607 
901 30 36 57 0.7963491 
82 68 33 43 0.7942135 
439 40 25 32 0.7532718 
936 77 35 56 0.72643715 
420 138 23 32 0.70349824 
486 19 28 34 0.59585184 
770 22 34 55 0.5542168 
704 3 40 47 0.5460715 
137 42 24 36 0.5402644 
271 118 46 57 0.5314982 
604 2 30 35 0.52405834 
211 36 21 27 0.44970813 
958 12 33 46 0.43373615 
531 17 23 29 0.42519295 
757 25 33 55 0.2843517 
88 378 113 209 0.26561126 
782 8 44 52 0.23353739 
395 10 23 33 0.22724362 
693 15 51 61 0.21174522 
438 34 16 20 0.20749755 
255 10 22 31 0.19950789 
144 50 27 38 0.18803623 
179 0 15 13 0.1717533 
401 4 15 18 0.1677177 
205 24 22 28 0.16511883 
0 448 154 215 0.15707116 
602 6 45 56 0.15289654 
295 12 23 30 0.15215535 
291 120 51 62 0.146574 
807 12 29 36 0.1335334 
402 91 17 22 0.12455808 
33 28 22 32 0.1104221 
997 88 27 43 0.10865125 
901 84 21 31 0.10802954 
868 39 40 61 0.107993096 
963 87 31 42 0.106966585 
436 2 15 19 0.101111725 
657 0 35 38 0.09847836 
669 1 46 50 0.09670646 
596 5 22 36 0.09449102 
886 37 34 52 0.09377501 
242 10 24 30 0.09016137 
43 33 13 21 0.08188287 
571 84 32 45 0.07781213 
310 112 43 56 0.077594735 
237 120 30 51 0.07721154 
654 390 33 48 0.07537438 
153 62 26 34 0.07201082 
527 25 16 20 0.070113815 
13 20 28 38 0.06984373 
72 143 113 106 0.069304384 
150 68 16 23 0.062273096 
744 27 33 47 0.057981394 
140 35 14 21 0.057694063 
346 7 26 28 0.057631414 
267 276 124 127 0.05705342 
150 3 27 30 0.056894824 
613 41 30 44 0.05569084 
246 110 41 64 0.054009844 
812 113 30 40 0.05384364 
328 110 29 42 0.053217802 
195 19 22 29 0.0531393 
447 52 19 23 0.05298 
673 55 34 51 0.052906673 
475 1 25 30 0.049900074 
456 2 15 18 0.04945186 
483 146 30 35 0.04936737 
912 44 46 69 0.0479603 
141 1 15 19 0.047645833 
53 1 15 17 0.047578078 
783 1 29 31 0.047059085 
186 -1 13 12 0.04677755 
107 -1 14 14 0.045742966 
76 84 53 62 0.044769615 
531 10 38 46 0.044351198 
309 61 24 30 0.042640496 
541 87 40 53 0.041907407 
408 17 16 23 0.041026406 
498 114 16 19 0.04077008 
604 4 17 24 0.040616795 
722 6 36 38 0.039593473 
8 7 29 31 0.03958585 
74 16 16 21 0.03937354 
569 372 170 208 0.039226692 
908 190 32 37 0.038949832 
70 108 68 69 0.03822358 
598 28 27 39 0.03806607 
590 22 26 36 0.037330665 
620 56 29 42 0.03713101 
458 -2 23 26 0.036967997 
816 93 43 59 0.036451872 
149 15 17 21 0.03617296 
860 189 119 135 0.036147118 
172 -1 17 17 0.03472345 
152 29 24 32 0.034584355 
605 397 55 58 0.03457922 
910 202 68 71 0.03446678 
474 115 15 19 0.034404833 
577 2 27 34 0.03413847 
268 104 33 52 0.03221634 
214 2 15 18 0.031744864 
968 9 19 24 0.031674657 
591 87 27 39 0.031089274 
254 86 45 56 0.0309132 
820 1 30 38 0.030518994 
715 340 187 224 0.03038885 
415 42 28 32 0.0296519 
47 0 14 13 0.029450567 
98 60 26 38 0.029379226 
99 0 19 19 0.02935914 
701 359 115 104 0.029313084 
926 18 43 58 0.02928069 
48 1 24 29 0.028942276 
841 26 50 62 0.02894136 
402 27 18 27 0.02886749 
66 3 16 16 0.02876682 
549 64 28 41 0.028313523 
410 143 23 29 0.027973153 
196 34 25 30 0.026623217 
125 35 25 34 0.026612371 
113 30 20 28 0.026425345 
429 24 22 31 0.026403543 
561 5 25 31 0.026390934 
973 92 42 56 0.026383104 
71 24 23 29 0.026364146 
868 238 18 22 0.026294904 
717 164 51 64 0.026153123 
300 2 28 32 0.025920121 
106 23 21 28 0.025908355 
308 49 18 22 0.02561455 
69 -1 13 12 0.02544277 
207 9 25 29 0.025428547 
1002 19 22 35 0.02472412 
228 -1 16 15 0.02455741 
7 34 24 30 0.024396654 
369 9 25 29 0.024356209 
69 10 15 20 0.024281774 
796 4 34 33 0.024255278 
550 8 26 33 0.024233248 
-7 352 49 89 0.02413739 
427 46 26 32 0.024092073 
643 2 29 37 0.024056977 
55 31 25 30 0.023899483 
707 59 42 48 0.023850726 
813 18 41 57 0.023715261 
695 377 28 38 0.023608152 
738 45 35 54 0.023435451 
147 2 17 20 0.02342764 
685 35 33 51 0.023312086 
916 29 34 49 0.02322752 
60 0 14 14 0.02316445 
251 3 15 17 0.023126151 
418 17 15 21 0.023028027 
242 69 38 53 0.022895055 
623 1 33 38 0.022870468 
496 143 33 42 0.022653384 
162 0 19 18 0.022516357 
413 27 26 36 0.022450753 
231 69 24 39 0.022425216 
604 39 13 20 0.022286352 
259 21 27 32 0.021737987 
16 1 28 25 0.021609643 
706 177 43 60 0.02159868 
1 42 11 19 0.02156037 
597 19 14 23 0.021542242 
21 -1 14 13 0.021381699 
946 21 30 41 0.021027187 
1011 16 12 21 0.020936497 
102 129 74 77 0.020574126 
243 1 17 20 0.020563446 
871 229 65 78 0.020404195 
109 40 15 20 0.020386316 
76 -1 13 12 0.020353835 
460 31 17 23 0.020305589 
6 58 14 20 0.020211942 
75 55 28 35 0.020167828 
107 75 27 36 0.02015309 
885 62 28 44 0.020146167 
75 3 15 16 0.020140667 
83 128 178 232 0.020095529 
375 33 12 18 0.02007751 
65 33 24 30 0.02006996 
986 128 17 19 0.020026304 
273 16 16 21 0.020014385 
