56_Voter_peoplevoting_56_714
22
938 173 27 36 0.88218427 
40 118 46 70 0.7808514 
970 195 41 50 0.73677707 
22 107 48 73 0.1495913 
-3 98 43 68 0.08777442 
490 107 15 18 0.04896505 
28 163 13 21 0.047340896 
500 124 11 14 0.046970945 
718 5 79 122 0.042873543 
923 230 17 20 0.039746184 
493 113 15 18 0.03642777 
579 152 39 43 0.032958064 
458 341 16 21 0.03269754 
455 326 9 12 0.028411474 
478 428 13 16 0.026147919 
512 107 11 13 0.024092682 
76 153 11 16 0.023535615 
42 177 16 20 0.021689491 
25 154 26 36 0.021393098 
511 99 14 17 0.020963432 
542 82 12 18 0.020261955 
485 102 15 19 0.020133115 
