56_Voter_peoplevoting_56_819
29
483 443 34 41 0.99875116 
600 395 44 55 0.99541926 
290 351 39 49 0.9932401 
276 615 47 59 0.992044 
751 212 40 47 0.99051625 
113 430 45 54 0.97790635 
858 226 38 49 0.9761076 
644 194 45 53 0.9693308 
396 467 33 45 0.5967296 
589 553 124 151 0.14500271 
807 203 25 35 0.09902514 
795 291 25 30 0.095066205 
809 294 24 31 0.09128316 
500 614 37 40 0.063912235 
225 418 32 34 0.05693946 
324 617 26 35 0.05556574 
406 562 15 18 0.04290808 
319 625 43 54 0.040275317 
731 647 26 31 0.03575342 
865 646 25 35 0.034446824 
913 228 18 21 0.031322222 
482 598 48 53 0.027117305 
808 353 16 18 0.026252337 
405 551 25 30 0.024984483 
460 615 24 33 0.022736385 
465 614 47 55 0.02212027 
468 566 28 35 0.020777514 
89 495 30 44 0.020532545 
412 472 27 40 0.02049202 
