56_Voter_peoplevoting_56_528
134
621 131 29 41 0.98906416 
515 151 35 41 0.9876709 
457 185 38 43 0.9789266 
906 239 50 61 0.9698645 
485 28 16 20 0.9576944 
178 63 17 28 0.9567165 
318 60 20 25 0.94482744 
259 66 18 26 0.8886148 
531 239 45 36 0.8829408 
916 73 15 20 0.84194434 
419 50 15 23 0.7972836 
611 63 16 23 0.6909237 
937 95 16 20 0.53864956 
893 64 15 19 0.5286609 
781 40 15 21 0.52622545 
690 89 23 29 0.5166707 
786 127 18 21 0.4291159 
798 398 25 31 0.36385202 
604 236 18 21 0.3485181 
81 70 20 30 0.15315078 
519 234 34 45 0.14165631 
843 100 16 19 0.109510854 
618 59 16 24 0.10087215 
673 86 29 38 0.08870077 
443 45 13 16 0.088335045 
671 24 20 30 0.08456722 
779 114 24 31 0.084501006 
652 74 26 31 0.0812757 
429 44 12 18 0.06335526 
47 64 20 33 0.061429627 
459 27 12 16 0.059247278 
267 61 14 20 0.057068057 
891 68 28 34 0.05464935 
245 67 15 20 0.05331479 
627 58 15 21 0.05205867 
538 54 15 17 0.04946489 
414 44 16 24 0.0492763 
542 251 26 23 0.04923749 
697 84 19 26 0.047047812 
481 46 15 21 0.04621377 
704 87 28 35 0.045860175 
798 385 40 55 0.0427218 
24 6 23 30 0.04118935 
901 59 24 31 0.040994734 
395 58 13 17 0.04056096 
459 167 32 37 0.040156256 
386 50 16 21 0.038344894 
549 53 13 16 0.03831487 
667 34 25 34 0.038270596 
83 84 16 22 0.037329655 
275 59 14 17 0.037214063 
965 217 49 72 0.03715978 
690 95 30 42 0.03640845 
664 79 16 21 0.03595969 
631 53 12 18 0.034927085 
407 52 21 26 0.034284662 
143 73 12 17 0.03361671 
945 90 16 21 0.03343013 
187 61 21 27 0.033408582 
272 66 16 22 0.032018363 
502 158 37 46 0.031567845 
834 121 15 17 0.03144178 
947 83 15 19 0.03061818 
491 23 12 16 0.030319901 
940 50 11 15 0.030291904 
90 74 14 22 0.029796062 
599 216 28 36 0.029757462 
636 52 13 18 0.02966368 
492 23 20 26 0.029060172 
620 21 13 19 0.028737508 
287 38 11 14 0.028529346 
869 116 26 33 0.028378718 
837 102 16 21 0.028376922 
438 22 13 16 0.027853057 
760 46 11 13 0.027697993 
699 26 16 19 0.027665887 
589 57 13 18 0.027631769 
438 369 218 199 0.027286697 
221 9 13 17 0.026961748 
494 92 14 18 0.026897652 
773 108 23 28 0.026849885 
365 28 12 16 0.026841853 
277 53 13 16 0.026653182 
547 228 45 50 0.02625405 
155 66 14 19 0.026057223 
381 49 13 21 0.025904266 
603 68 26 32 0.025482556 
562 58 16 21 0.025446268 
849 102 16 21 0.025059655 
735 54 12 16 0.025013614 
276 20 11 14 0.024675732 
583 57 12 18 0.024174685 
310 60 16 21 0.024108259 
559 64 14 19 0.024081899 
398 12 11 13 0.023845825 
140 36 13 15 0.023698218 
340 83 15 19 0.023649845 
787 99 13 18 0.023505358 
518 155 49 59 0.023272349 
483 36 17 25 0.023271663 
675 0 18 21 0.02323834 
764 107 15 20 0.023220677 
705 134 40 54 0.02317621 
325 52 21 28 0.023018194 
889 72 14 17 0.022938149 
925 72 22 28 0.022904728 
67 72 26 29 0.022742394 
692 115 26 36 0.022728294 
434 34 21 26 0.022684624 
851 94 13 18 0.022319967 
304 60 13 18 0.02210347 
888 61 14 19 0.02209179 
775 93 24 34 0.022029843 
425 36 21 30 0.02200392 
239 74 13 17 0.021952573 
989 233 35 50 0.021851696 
631 130 20 24 0.021723162 
805 361 14 17 0.02158793 
517 27 12 14 0.021554599 
253 62 17 23 0.021408185 
334 21 9 13 0.021292297 
939 85 16 22 0.021052083 
56 71 17 25 0.020921748 
107 46 12 14 0.020893471 
929 184 77 104 0.020842608 
149 68 12 19 0.020772904 
558 52 13 19 0.020684473 
424 54 14 22 0.020591998 
556 98 14 21 0.020588243 
672 2 29 36 0.02045155 
455 33 11 16 0.02027566 
38 58 24 33 0.020176804 
436 65 15 18 0.020035818 
291 68 14 17 0.020015078 
