56_Voter_peoplevoting_56_118
57
281 94 92 119 0.9990489 
360 14 80 103 0.9835791 
109 10 56 57 0.93993795 
561 113 66 106 0.8417508 
677 109 57 68 0.51681423 
591 233 124 150 0.5142813 
665 67 38 45 0.5068542 
256 464 71 76 0.29347512 
228 430 134 137 0.2546248 
242 338 183 237 0.16907959 
650 87 71 80 0.1438007 
807 1 59 57 0.12934636 
540 200 197 237 0.12336469 
616 251 77 86 0.122047186 
227 455 71 88 0.12032631 
932 21 88 137 0.09676539 
791 26 51 57 0.09196653 
522 19 28 36 0.0902646 
564 140 35 59 0.08501114 
704 130 36 51 0.076042674 
569 139 109 129 0.07212165 
97 426 94 121 0.061692834 
453 7 44 64 0.0573768 
758 324 177 228 0.055493504 
529 101 64 101 0.05263961 
319 50 86 117 0.04937023 
530 270 145 127 0.045252312 
577 100 38 62 0.043058664 
645 117 103 125 0.039718144 
514 113 314 421 0.03892593 
507 597 73 56 0.03829639 
514 24 43 54 0.037735634 
524 147 99 112 0.036440033 
171 256 320 410 0.036217384 
156 396 214 220 0.03581031 
475 19 48 67 0.034525827 
562 75 92 107 0.033428695 
617 183 117 145 0.031234602 
979 337 46 77 0.03035723 
483 279 134 151 0.029311003 
191 470 71 86 0.027779056 
498 7 48 57 0.02777399 
838 3 65 60 0.02746229 
698 288 184 223 0.027138516 
958 457 57 114 0.02689001 
37 397 118 146 0.024773968 
611 103 96 112 0.024230018 
135 448 66 80 0.024065971 
498 552 131 143 0.023559509 
684 73 31 40 0.022818021 
506 48 91 126 0.02210578 
126 476 70 87 0.021836467 
672 66 54 67 0.021546595 
66 387 207 209 0.021205937 
601 63 95 103 0.021046855 
100 10 84 100 0.020679452 
888 21 92 117 0.020494038 
