56_Voter_peoplevoting_56_370
65
271 359 95 133 0.99868935 
207 571 133 155 0.99781775 
390 281 35 46 0.9874981 
443 333 55 73 0.9847408 
445 663 50 63 0.50683683 
78 598 46 60 0.3086991 
201 367 42 55 0.26801705 
893 22 52 64 0.16604872 
982 119 34 45 0.16393888 
174 1042 225 207 0.13855688 
77 1041 203 198 0.13205029 
753 368 55 73 0.1268553 
632 436 398 479 0.092710756 
614 917 212 209 0.07860045 
432 606 198 221 0.04424342 
736 375 88 115 0.043002956 
499 606 35 40 0.041277353 
420 96 368 486 0.038356002 
483 852 64 60 0.036486592 
506 240 35 39 0.034911998 
12 602 78 143 0.034529913 
459 174 45 58 0.034359906 
539 618 17 20 0.03399271 
446 643 86 102 0.033912588 
792 431 188 256 0.03326683 
418 826 282 205 0.03321007 
386 545 31 35 0.032900576 
468 674 56 59 0.032586485 
468 667 33 44 0.03206469 
367 647 49 58 0.03177029 
532 629 228 195 0.031586863 
492 694 69 68 0.031323273 
18 961 365 411 0.030755432 
467 669 116 119 0.030367235 
71 1086 130 127 0.02949365 
411 148 15 19 0.028169027 
434 672 37 50 0.02641535 
548 468 56 59 0.025160182 
659 765 222 234 0.025039578 
584 358 94 99 0.024972254 
989 146 26 36 0.02491369 
651 499 25 29 0.02489944 
547 657 58 62 0.024150873 
483 338 51 72 0.02396092 
691 866 216 227 0.02321458 
644 512 49 62 0.023164505 
627 195 16 24 0.023079356 
743 163 13 19 0.022857387 
58 578 80 101 0.022840552 
486 291 43 55 0.022337548 
543 346 30 36 0.022302572 
534 446 57 67 0.022229735 
401 637 47 59 0.02143958 
501 699 112 114 0.021325786 
515 237 45 52 0.021039711 
192 384 55 74 0.020861967 
365 652 29 40 0.020782342 
437 315 48 64 0.02067418 
525 360 92 107 0.02061973 
377 530 53 62 0.0205773 
401 797 358 413 0.020462846 
519 367 59 75 0.020392973 
585 442 48 54 0.020119816 
749 369 33 49 0.02007757 
789 8 87 107 0.020001797 
