30_Surgeons_Surgeons_30_533
31
495 259 50 59 0.99634653 
563 246 10 14 0.207243 
831 201 22 29 0.08681573 
137 26 145 277 0.08328359 
680 11 61 88 0.06947574 
165 162 58 105 0.06622034 
688 113 51 63 0.059605263 
926 202 15 19 0.057275854 
435 384 228 284 0.05145104 
2 368 107 181 0.050340652 
903 207 48 61 0.04507157 
692 276 14 18 0.041201644 
564 270 11 14 0.0358138 
555 241 22 27 0.03493734 
826 200 43 53 0.029579017 
720 523 11 16 0.02914117 
835 257 19 23 0.028148102 
996 246 24 42 0.027871631 
835 373 191 247 0.026864493 
815 419 28 35 0.026255228 
559 269 11 14 0.024787378 
853 264 18 20 0.023811696 
698 354 44 58 0.023701882 
845 201 28 34 0.023279028 
931 208 13 18 0.02301046 
151 119 95 167 0.022682166 
918 202 15 18 0.022572381 
700 126 29 38 0.021958256 
566 312 15 20 0.021397954 
698 163 13 16 0.021129265 
819 436 19 21 0.020051448 
