30_Surgeons_Surgeons_30_525
42
614 100 68 80 0.99820256 
438 76 85 115 0.9978124 
199 163 109 151 0.96455884 
65 243 158 141 0.9539927 
328 195 30 36 0.6516606 
125 139 155 231 0.38485193 
-6 211 86 142 0.35717565 
74 448 203 268 0.1422867 
528 376 171 125 0.12192586 
372 387 215 197 0.113037154 
758 302 11 14 0.06814591 
817 446 31 38 0.068076685 
434 355 196 172 0.06264357 
797 317 199 252 0.056754097 
781 530 68 85 0.055127524 
775 336 27 31 0.046667304 
19 207 128 162 0.04663307 
50 216 222 258 0.04603014 
812 437 54 67 0.045235258 
304 289 47 67 0.03805565 
967 471 55 68 0.03391526 
690 343 18 20 0.0325254 
786 499 103 139 0.030490011 
753 302 10 13 0.028959984 
754 307 11 14 0.028565051 
483 407 229 170 0.028153 
29 224 64 97 0.027677692 
223 0 33 30 0.02699954 
95 11 120 120 0.026598243 
801 396 97 115 0.02657804 
772 422 44 59 0.02646079 
788 425 52 66 0.026394561 
488 584 150 127 0.024743529 
990 494 34 46 0.024318816 
150 548 136 136 0.022719335 
-15 139 352 419 0.02228497 
690 307 342 376 0.022252712 
75 55 219 229 0.022230126 
983 480 34 42 0.021564906 
278 290 46 65 0.021458637 
299 0 56 54 0.021289973 
328 -3 55 40 0.020681668 
