30_Surgeons_Surgeons_30_256
23
315 450 154 148 0.59160215 
256 215 246 209 0.49126533 
633 442 208 189 0.45825365 
433 62 122 112 0.43528798 
156 88 410 360 0.1761648 
664 130 229 221 0.13886212 
400 25 187 190 0.10643763 
254 340 236 233 0.10333446 
14 272 179 205 0.09995359 
562 66 412 408 0.07941438 
27 368 225 204 0.07271993 
349 229 240 269 0.06863107 
349 477 92 93 0.05799732 
668 195 140 136 0.05627856 
402 29 363 476 0.045474194 
672 332 216 277 0.038435455 
464 376 68 71 0.030112423 
250 288 155 104 0.027579658 
-49 331 391 379 0.02730172 
955 193 61 110 0.026997501 
582 233 394 483 0.026812727 
363 288 117 124 0.026181301 
318 484 12 16 0.025203846 
