30_Surgeons_Surgeons_30_8
39
587 188 64 79 0.9990081 
701 138 60 75 0.999008 
407 172 71 94 0.9977696 
302 182 60 80 0.9977471 
280 444 63 60 0.22091237 
438 156 80 109 0.09912237 
285 466 32 37 0.081858985 
478 141 90 120 0.081306405 
274 399 76 90 0.060541727 
990 275 11 13 0.050031245 
-50 532 230 179 0.045291055 
444 100 107 141 0.043373983 
886 327 42 52 0.04155793 
975 326 8 12 0.04144696 
965 399 14 20 0.03625891 
973 380 9 12 0.032306913 
992 410 11 15 0.03156567 
1014 548 10 15 0.029498808 
447 126 63 89 0.028294345 
177 427 25 33 0.028288702 
984 262 8 10 0.027934503 
908 352 13 17 0.027428912 
991 261 9 11 0.026623806 
976 344 7 10 0.026241852 
33 195 10 15 0.025087986 
186 429 15 20 0.024926968 
273 141 88 111 0.024749188 
1011 582 13 20 0.02458229 
952 381 9 11 0.024580266 
291 484 18 21 0.02430711 
259 429 98 98 0.024019413 
928 364 9 12 0.02335475 
113 395 35 44 0.022492483 
984 270 10 12 0.020999625 
981 350 9 12 0.020661319 
796 170 15 20 0.020409254 
88 333 9 13 0.020286452 
261 18 31 35 0.020037621 
918 373 10 12 0.0200374 
