30_Surgeons_Surgeons_30_911
29
572 411 138 185 0.97319084 
70 278 260 327 0.42606393 
346 494 83 106 0.40088308 
702 427 119 159 0.2991414 
629 398 146 214 0.2730289 
699 289 171 275 0.1455998 
352 20 496 563 0.12067745 
767 626 171 267 0.12012217 
728 350 98 182 0.11088652 
707 387 204 278 0.07401676 
590 152 389 459 0.0637204 
524 760 49 72 0.051130667 
543 448 191 242 0.045650713 
796 708 95 168 0.041843355 
103 -14 468 488 0.0410397 
423 593 199 244 0.034572046 
112 643 186 257 0.032040562 
755 516 224 276 0.028956892 
320 487 181 239 0.02770311 
829 725 104 196 0.027035363 
651 575 340 424 0.023266722 
758 363 63 112 0.023231747 
492 451 87 126 0.022092685 
505 761 89 119 0.021785256 
53 349 147 200 0.021678869 
522 433 118 175 0.020917764 
444 634 47 69 0.020831395 
682 441 390 405 0.020351699 
731 668 142 167 0.020009486 
