30_Surgeons_Surgeons_30_705
22
120 385 27 36 0.9948338 
541 322 23 35 0.9794096 
935 351 83 136 0.14059083 
131 356 15 19 0.08709485 
453 302 35 44 0.07861384 
594 325 22 27 0.03612792 
173 449 402 475 0.03542753 
550 19 54 81 0.032545827 
185 -17 426 448 0.030799855 
547 318 15 21 0.029352088 
129 378 26 35 0.028879752 
973 380 54 99 0.02880887 
405 -45 413 510 0.02856411 
945 82 24 30 0.02803713 
216 307 10 13 0.024335962 
493 273 13 16 0.024116859 
579 341 14 16 0.023669384 
166 428 8 12 0.022161089 
159 429 10 12 0.021786222 
948 39 16 19 0.021487273 
939 89 16 20 0.021257907 
463 302 48 57 0.020768093 
