30_Surgeons_Surgeons_30_491
20
507 107 248 253 0.9488283 
298 92 184 239 0.90823233 
715 56 145 152 0.47006604 
195 28 310 402 0.40504918 
357 74 222 291 0.20279981 
375 481 152 130 0.1428731 
607 75 188 206 0.13680196 
169 74 121 154 0.07433377 
488 264 419 374 0.057650335 
150 52 238 258 0.04944341 
768 1 184 219 0.047884677 
-18 404 132 202 0.039470185 
348 530 190 197 0.032557923 
352 -7 124 88 0.026375616 
215 152 168 196 0.025158104 
890 49 114 156 0.02444091 
627 422 183 214 0.023964562 
907 396 115 118 0.022572083 
-7 371 220 277 0.021961862 
854 384 192 215 0.02191638 
