30_Surgeons_Surgeons_30_554
81
767 217 41 49 0.93039894 
512 229 34 42 0.92957926 
852 218 50 67 0.9201481 
72 -33 240 266 0.9148623 
60 285 35 40 0.33310118 
573 298 61 77 0.2770393 
148 49 203 222 0.26352036 
885 248 33 38 0.2584726 
205 230 64 85 0.21905176 
228 165 217 231 0.12523018 
615 391 204 201 0.122423746 
263 474 13 19 0.12223403 
211 12 150 169 0.11561808 
47 289 32 37 0.10876816 
142 373 191 211 0.10324922 
607 203 168 235 0.08942903 
47 276 52 68 0.08294655 
489 239 34 36 0.07001756 
470 498 119 104 0.0540074 
871 277 55 64 0.04941342 
953 359 47 59 0.0480191 
910 601 118 153 0.044392273 
327 264 45 37 0.04235843 
482 210 57 71 0.041695826 
33 0 177 189 0.04147901 
389 248 26 29 0.040220387 
129 252 44 59 0.04000891 
863 246 58 65 0.03859547 
504 526 65 63 0.03855265 
614 380 110 130 0.036898475 
187 226 36 49 0.03551925 
298 35 65 65 0.034284126 
285 228 128 118 0.03392382 
52 295 17 21 0.033369526 
125 176 179 206 0.032796193 
146 78 349 407 0.03257496 
136 268 12 16 0.03209025 
604 217 16 20 0.03198489 
594 462 118 133 0.03182709 
44 294 18 20 0.031174002 
434 120 117 150 0.030947197 
607 60 225 299 0.029892258 
656 343 61 75 0.029466605 
518 99 341 423 0.029144883 
298 482 36 43 0.028507534 
809 194 77 97 0.02842427 
844 200 86 107 0.028390473 
778 206 52 65 0.02823867 
317 470 12 14 0.028124029 
253 246 17 22 0.027567443 
481 243 25 32 0.027550077 
476 400 101 121 0.026667157 
311 476 12 14 0.026166381 
925 631 17 22 0.02594514 
554 449 108 124 0.025813064 
43 304 32 38 0.025070367 
438 470 99 133 0.025047129 
261 51 76 75 0.024871547 
153 432 113 134 0.02477149 
629 287 113 139 0.02415263 
211 197 101 128 0.024126465 
32 315 28 34 0.023989126 
255 475 25 30 0.023755357 
39 297 14 17 0.023611655 
639 414 49 59 0.02315589 
880 231 38 41 0.02306666 
921 624 30 35 0.022922274 
608 511 61 74 0.022569861 
275 361 16 17 0.022084406 
342 270 42 41 0.022055157 
660 380 64 78 0.021809332 
600 213 25 33 0.021422314 
140 241 29 49 0.021041835 
405 449 57 75 0.020961309 
162 228 56 67 0.020941777 
275 475 14 17 0.020895597 
480 242 13 18 0.020658916 
912 626 64 72 0.020637792 
239 243 28 32 0.020447731 
637 360 62 80 0.020236643 
209 236 35 45 0.020144207 
