30_Surgeons_Surgeons_30_160
34
513 168 72 104 0.9936982 
289 114 64 111 0.97515094 
795 246 56 59 0.81483996 
656 241 33 38 0.16367972 
1004 359 20 29 0.09999082 
981 172 11 14 0.07252687 
819 365 26 33 0.051827 
958 175 12 16 0.0493977 
1010 412 13 18 0.048123423 
270 331 28 32 0.044062193 
232 149 69 89 0.043315247 
990 371 14 17 0.04120535 
659 203 16 20 0.038586058 
821 370 14 19 0.037126146 
955 28 15 17 0.036352083 
653 273 28 34 0.03565694 
1012 434 12 19 0.033881087 
989 372 28 33 0.031850386 
962 400 17 20 0.029278453 
854 382 14 18 0.027209155 
985 173 36 57 0.026509868 
988 420 29 37 0.02508673 
1004 404 16 20 0.024022024 
956 188 25 31 0.023368346 
992 406 26 32 0.022950988 
653 208 29 34 0.021989785 
730 399 110 117 0.02196324 
787 230 41 52 0.021447105 
863 57 12 15 0.0206844 
945 389 18 21 0.020594561 
623 424 32 41 0.020559106 
808 417 152 135 0.02035506 
935 383 11 13 0.020089101 
968 413 41 48 0.020047033 
