30_Surgeons_Surgeons_30_77
19
389 239 176 243 0.9922603 
173 56 235 243 0.9559637 
746 221 194 215 0.94895035 
691 20 207 196 0.8320763 
73 53 232 257 0.6502762 
716 82 245 286 0.43311173 
780 306 192 198 0.12730417 
880 338 134 191 0.12133897 
309 170 191 262 0.08582571 
701 506 150 234 0.04476129 
623 -38 378 467 0.039166007 
46 154 157 177 0.032013398 
752 290 111 149 0.031922337 
221 60 27 28 0.031732254 
846 395 128 154 0.028371833 
83 406 253 228 0.023745129 
35 423 66 74 0.023279654 
351 170 297 381 0.0219131 
259 94 79 115 0.021091998 
