30_Surgeons_Surgeons_30_107
39
683 313 216 225 0.9942918 
486 803 163 107 0.90049577 
465 762 227 212 0.6780963 
526 905 129 125 0.5704055 
724 967 173 228 0.37859598 
39 867 240 294 0.36466974 
417 635 367 360 0.18821524 
31 659 363 458 0.17613223 
841 1033 132 132 0.14905798 
210 323 248 269 0.1346126 
799 322 146 202 0.09318757 
638 226 317 414 0.09018525 
172 246 362 468 0.08700107 
95 348 32 39 0.068270735 
604 342 227 239 0.067012876 
368 116 10 12 0.05436803 
509 590 11 13 0.048912432 
335 118 10 13 0.044016626 
840 296 96 155 0.039536662 
188 187 110 158 0.0382236 
401 689 236 244 0.036672782 
31 424 12 14 0.035983905 
428 602 18 21 0.03490024 
278 708 24 36 0.032482103 
287 68 22 30 0.03146848 
379 78 11 13 0.02970711 
373 117 9 12 0.029400527 
358 46 11 14 0.027100477 
113 286 198 286 0.026035734 
334 123 13 15 0.024400128 
604 505 53 64 0.02430773 
745 206 198 274 0.024072394 
207 434 147 145 0.023109252 
3 920 208 363 0.022750407 
692 794 113 144 0.022708649 
866 303 59 97 0.022643412 
958 577 56 111 0.022497421 
560 583 10 12 0.02131605 
483 298 395 457 0.020762572 
