53_Raid_policeraid_53_619
34
225 322 67 90 0.998168 
435 114 61 78 0.99787927 
709 318 73 102 0.9963666 
754 109 66 85 0.99611723 
743 681 130 123 0.82637674 
854 294 61 95 0.72676057 
744 561 167 271 0.2390577 
780 346 24 34 0.18434075 
817 281 79 115 0.1409142 
351 426 45 71 0.10235258 
383 424 30 44 0.10041864 
377 423 48 76 0.059315883 
642 551 114 133 0.057821475 
766 478 55 71 0.054065533 
840 251 107 151 0.04810333 
222 445 48 62 0.04803789 
719 101 81 109 0.04475144 
718 604 149 152 0.04081283 
434 621 16 21 0.033987 
638 534 29 36 0.033552762 
289 595 58 64 0.029611027 
772 96 17 21 0.028763538 
453 590 15 20 0.028329683 
762 484 37 43 0.027849417 
322 461 26 32 0.025523357 
656 152 95 105 0.025304541 
331 444 48 69 0.02412451 
328 258 100 127 0.022856489 
153 118 56 67 0.022267776 
417 88 57 71 0.021978876 
698 568 141 129 0.021977635 
101 412 17 19 0.021654155 
408 381 108 154 0.020763006 
338 458 28 36 0.020144738 
