53_Raid_policeraid_53_445
109
531 277 104 142 0.9997274 
370 132 46 56 0.9679249 
421 159 35 49 0.95877486 
764 162 42 50 0.9384438 
216 198 39 53 0.9213823 
508 187 41 52 0.9162161 
976 154 37 49 0.9064538 
822 131 45 55 0.9015731 
615 148 38 54 0.87915623 
118 164 44 56 0.87572724 
67 181 37 49 0.86549 
303 204 32 41 0.70381486 
216 274 31 39 0.46538344 
132 543 48 58 0.256139 
947 160 24 35 0.22671367 
438 162 35 41 0.21748194 
14 413 66 105 0.20143369 
330 250 36 48 0.17686284 
289 298 188 309 0.14047238 
105 613 57 56 0.13564214 
405 254 50 61 0.11449737 
399 144 41 54 0.1043607 
840 107 17 21 0.09671995 
715 181 26 35 0.09070134 
136 148 28 36 0.08296956 
321 218 44 54 0.07866539 
3 88 49 99 0.07517302 
901 239 34 41 0.07489467 
307 195 49 58 0.07454496 
108 614 30 39 0.06843841 
137 424 55 81 0.05555822 
109 87 15 21 0.05497896 
569 96 15 19 0.053464446 
222 292 23 27 0.05175043 
26 68 17 24 0.050505217 
833 566 48 69 0.049846884 
962 418 53 92 0.048341684 
278 271 38 52 0.04805905 
151 289 48 60 0.046402093 
385 113 31 40 0.0460288 
538 98 15 20 0.043966755 
509 100 16 21 0.04145302 
866 218 44 59 0.04053538 
-3 239 21 35 0.039503615 
282 201 42 54 0.039110117 
317 357 16 25 0.037757896 
319 195 30 35 0.0376417 
512 194 61 77 0.037535466 
826 107 49 61 0.037526436 
204 28 11 15 0.037340187 
325 186 29 33 0.0373169 
361 262 85 105 0.036859643 
490 225 55 71 0.03682395 
849 90 17 20 0.035946082 
127 540 33 46 0.03576043 
143 146 19 22 0.035319105 
54 403 97 129 0.034030955 
467 201 40 58 0.03386851 
-11 24 95 173 0.033260614 
205 201 30 39 0.032882173 
15 57 29 41 0.03167836 
384 162 44 58 0.031502794 
338 258 48 61 0.031202415 
780 151 43 54 0.031155208 
244 378 120 208 0.030841716 
228 205 49 62 0.030791253 
159 98 12 15 0.030537503 
293 396 17 21 0.030277617 
804 556 51 71 0.0298017 
883 212 46 59 0.029569719 
844 98 17 22 0.027456343 
563 69 13 16 0.027063223 
682 532 111 123 0.02656284 
469 221 25 32 0.026553268 
348 224 47 58 0.026462985 
379 187 34 40 0.026295377 
99 142 81 89 0.026264392 
28 37 13 18 0.025145356 
335 175 27 37 0.02496543 
811 556 22 32 0.024726024 
258 203 46 59 0.02466158 
638 509 29 37 0.024604985 
260 236 48 60 0.024010891 
451 199 39 56 0.023894494 
351 285 51 64 0.023402449 
102 585 87 102 0.023368403 
830 104 25 30 0.023170047 
120 408 96 120 0.023162596 
430 171 47 57 0.022993995 
959 160 18 26 0.022951318 
931 161 29 36 0.022876602 
755 350 214 202 0.022721339 
1 105 26 39 0.022694662 
559 73 12 16 0.022552531 
953 155 19 23 0.02225889 
490 248 33 45 0.022241436 
213 285 43 54 0.022115981 
394 240 44 57 0.022102723 
454 160 25 37 0.021879064 
145 170 33 41 0.021695502 
373 200 33 40 0.021320734 
708 571 66 66 0.021211816 
938 252 46 68 0.021073792 
817 585 26 36 0.021069966 
666 450 175 199 0.020957382 
798 541 85 110 0.020725328 
837 365 111 137 0.020466197 
992 149 29 45 0.020295348 
646 113 40 50 0.020282794 
