53_Raid_policeraid_53_207
123
472 162 26 41 0.5113136 
521 309 24 29 0.23780382 
311 294 10 13 0.13509396 
787 427 25 29 0.101553805 
309 191 10 12 0.09414817 
317 386 12 17 0.08496204 
280 261 9 13 0.07425414 
318 427 9 11 0.07068531 
316 294 11 13 0.066458225 
402 343 23 29 0.06279597 
297 357 8 10 0.061324462 
948 52 9 12 0.058038265 
319 315 9 11 0.056052182 
320 348 9 12 0.054598253 
279 288 10 12 0.049984105 
367 273 14 18 0.049788404 
296 264 9 12 0.04950149 
262 310 9 12 0.047629014 
314 335 8 11 0.04477312 
842 138 16 20 0.044513993 
297 275 9 12 0.04342557 
564 453 14 18 0.0426676 
225 310 9 11 0.042118765 
312 316 8 12 0.041619625 
294 244 9 11 0.040687323 
380 196 12 16 0.039637785 
262 263 10 13 0.039557908 
412 9 29 31 0.039266594 
529 420 10 15 0.039132323 
320 270 8 12 0.038240768 
313 269 9 12 0.03816994 
279 335 10 12 0.03793589 
313 427 9 11 0.03716551 
483 156 35 50 0.036488406 
936 95 8 11 0.034509804 
296 303 8 10 0.034497034 
302 318 10 12 0.033794098 
172 47 10 13 0.033242207 
284 292 10 13 0.033205565 
223 352 8 10 0.03320196 
327 294 8 12 0.033088714 
364 342 12 14 0.03263581 
529 304 18 22 0.032488927 
425 202 14 17 0.032016367 
262 305 9 12 0.03184927 
162 53 9 12 0.03175806 
312 340 10 12 0.0316123 
325 270 9 13 0.031248946 
863 31 14 18 0.03073285 
303 372 9 10 0.030246941 
280 423 8 12 0.030218365 
280 328 8 11 0.02998168 
296 405 8 12 0.029913198 
113 510 54 52 0.029722722 
302 264 8 11 0.029418856 
184 52 8 11 0.029395467 
525 251 14 16 0.02936065 
208 327 7 10 0.028782053 
314 377 20 29 0.02876372 
301 358 9 11 0.028762734 
376 181 12 15 0.028665705 
167 46 11 14 0.028171979 
285 342 8 11 0.02807365 
510 409 14 18 0.027801538 
307 294 8 11 0.027734892 
119 111 28 35 0.027085608 
289 243 9 11 0.026953494 
301 312 10 12 0.026953142 
224 304 9 11 0.026921945 
206 299 10 12 0.026808023 
255 340 8 12 0.026287992 
998 437 10 12 0.02595142 
231 406 8 10 0.02582352 
152 350 8 11 0.025760995 
261 275 10 13 0.025622413 
311 408 8 11 0.02558079 
245 292 11 14 0.025427362 
52 141 106 110 0.025157375 
517 291 29 36 0.024849879 
361 316 10 14 0.0248366 
298 335 8 11 0.024797723 
287 367 8 10 0.024768474 
508 417 14 18 0.02469892 
304 253 7 10 0.024641229 
295 384 8 11 0.024573212 
261 358 8 11 0.024484565 
174 326 8 11 0.024477301 
296 401 8 10 0.024453295 
295 311 10 12 0.024327382 
215 335 8 11 0.024268694 
264 401 7 9 0.0241858 
241 293 9 12 0.023943705 
279 299 11 13 0.023835627 
351 317 9 12 0.023653364 
222 401 8 12 0.023651619 
143 47 8 10 0.023429893 
257 351 8 10 0.023165507 
200 404 8 10 0.022793658 
351 311 8 12 0.022547033 
158 418 13 13 0.022450943 
312 384 10 14 0.022430452 
253 292 9 12 0.02240392 
262 405 10 12 0.022375323 
223 324 9 11 0.02223417 
303 76 11 13 0.022138843 
255 390 7 9 0.022135675 
510 425 12 15 0.022032727 
228 269 11 14 0.021954166 
188 315 11 14 0.021877717 
304 341 8 9 0.021808634 
194 38 9 12 0.021568665 
272 195 11 13 0.021549962 
224 292 8 11 0.021414021 
515 275 13 16 0.02129046 
263 257 9 12 0.021240303 
779 72 227 260 0.021053758 
214 390 8 9 0.020883014 
324 342 10 13 0.020613305 
509 171 15 18 0.020582825 
239 342 9 12 0.020556536 
-1 54 8 12 0.020430444 
223 45 8 11 0.020262431 
32 408 8 11 0.020228058 
