53_Raid_policeraid_53_858
61
112 218 55 70 0.999119 
291 222 26 36 0.9929053 
830 125 43 64 0.9901016 
409 243 24 31 0.9720405 
49 214 24 32 0.79144204 
730 148 29 47 0.17741549 
59 211 26 38 0.13957065 
925 61 55 89 0.13022678 
174 236 50 67 0.11883293 
37 234 42 53 0.1181341 
494 145 37 49 0.10412126 
222 523 63 98 0.102594115 
457 231 30 39 0.09398866 
727 161 40 55 0.0889451 
157 483 95 147 0.07815529 
17 78 10 12 0.07154458 
355 220 22 31 0.067799605 
90 430 48 73 0.06704178 
49 423 24 37 0.06586565 
97 183 30 36 0.06458063 
188 517 16 21 0.061191116 
34 418 31 38 0.060399108 
402 224 37 49 0.056953266 
365 274 15 21 0.05087289 
47 217 40 52 0.050397474 
380 214 15 20 0.050259568 
77 207 27 40 0.045610823 
98 194 44 53 0.04388795 
745 160 32 43 0.04161295 
198 96 10 12 0.04023647 
55 547 16 19 0.039076913 
159 220 42 68 0.036633886 
85 190 38 46 0.03511889 
19 82 12 15 0.031896885 
354 160 81 101 0.031820506 
92 217 47 62 0.03142918 
729 129 27 40 0.031062977 
506 157 43 50 0.030122818 
67 217 28 45 0.02942177 
525 189 49 51 0.026230957 
760 158 29 48 0.026129281 
117 481 94 134 0.025235597 
18 62 8 11 0.024650825 
649 379 34 46 0.024581313 
353 271 25 32 0.02423388 
15 411 43 53 0.024135077 
185 249 63 68 0.02367211 
909 57 49 75 0.023541937 
206 153 13 19 0.022513596 
56 227 42 62 0.022309327 
125 577 30 36 0.022258054 
207 162 11 15 0.022038398 
369 212 22 30 0.021721682 
735 174 45 61 0.02151723 
69 183 25 32 0.020860597 
854 38 200 219 0.020776052 
53 206 14 18 0.020747371 
17 71 8 11 0.020441027 
271 124 52 70 0.020422554 
920 56 27 53 0.020418469 
15 434 32 41 0.020002306 
