53_Raid_policeraid_53_696
197
267 204 24 32 0.95836914 
272 298 121 190 0.76835734 
452 242 21 28 0.72115993 
420 217 25 32 0.6668514 
371 237 22 29 0.45344797 
953 238 55 72 0.43379703 
345 224 24 31 0.41661426 
892 281 15 20 0.40971774 
155 151 64 95 0.40850997 
122 218 23 29 0.33317393 
489 252 23 27 0.33265197 
535 345 27 31 0.31088084 
649 267 17 19 0.2600746 
974 2 47 73 0.25778037 
868 280 18 20 0.19671524 
133 374 52 75 0.18897478 
350 197 12 16 0.18695568 
195 362 14 19 0.18224591 
554 252 20 28 0.17712541 
665 356 24 30 0.1455968 
216 394 16 23 0.14420906 
162 110 30 41 0.13995962 
361 230 24 32 0.13826531 
834 288 16 20 0.12979294 
176 181 56 74 0.12527591 
930 237 52 66 0.12397984 
776 251 36 41 0.12254478 
124 87 101 150 0.11286017 
915 246 28 42 0.112242535 
339 207 16 20 0.10770856 
347 202 16 20 0.104417056 
802 35 51 66 0.09913078 
863 267 24 27 0.0965132 
300 302 183 232 0.081280164 
683 13 30 37 0.077069 
517 281 16 21 0.07693708 
790 169 26 32 0.07567816 
897 51 19 24 0.07484546 
586 355 47 62 0.07463442 
436 280 27 32 0.07381894 
587 298 26 33 0.07381313 
43 337 19 23 0.07141803 
817 224 17 20 0.06812197 
804 41 29 34 0.06588743 
373 220 15 19 0.06563679 
732 245 25 28 0.06498224 
842 363 23 28 0.0645351 
708 269 15 20 0.06325271 
460 397 23 35 0.062223673 
442 278 16 20 0.05808386 
535 343 43 59 0.05798336 
868 226 18 23 0.05755362 
820 248 43 56 0.05575241 
547 259 22 28 0.055675235 
893 270 22 27 0.051718093 
320 232 17 20 0.051633406 
903 -2 29 30 0.051505923 
558 241 24 31 0.05082838 
785 241 48 57 0.05022264 
496 244 17 19 0.04981262 
852 281 15 21 0.049643416 
539 271 13 18 0.049192954 
762 217 28 38 0.048407096 
926 248 31 46 0.046189066 
412 225 26 33 0.046006583 
822 39 33 39 0.045609206 
438 293 29 35 0.04482804 
856 253 30 34 0.043318305 
826 383 22 33 0.042862903 
238 427 13 19 0.042569675 
568 243 17 21 0.04239849 
103 304 27 41 0.04237555 
196 206 34 41 0.04229735 
789 213 28 34 0.041446526 
620 370 13 17 0.041145146 
255 300 39 46 0.04102447 
732 388 57 68 0.040880065 
817 134 31 41 0.040825605 
257 191 40 50 0.040399402 
542 289 14 19 0.040343955 
647 271 24 29 0.039646983 
356 389 14 17 0.03948932 
68 339 27 33 0.038727034 
619 276 15 18 0.038310748 
234 401 14 18 0.03827085 
781 278 17 22 0.0378885 
215 204 30 36 0.037249092 
594 378 25 33 0.037047066 
842 257 175 271 0.036420308 
340 362 15 22 0.036279403 
134 351 90 121 0.03597409 
777 270 28 36 0.035826977 
809 292 16 22 0.035648096 
747 -4 30 31 0.035578337 
666 336 35 49 0.034921195 
56 331 26 34 0.034487784 
330 337 102 152 0.0342629 
815 283 23 31 0.034142956 
60 265 16 20 0.033661067 
583 311 24 32 0.03339696 
505 252 15 20 0.03245584 
838 271 25 30 0.03233114 
110 296 25 34 0.032249987 
379 233 23 30 0.03212908 
342 196 14 19 0.032076377 
530 266 22 30 0.031671826 
353 209 15 17 0.031589493 
808 95 47 65 0.03143179 
66 245 31 36 0.031190338 
660 355 16 22 0.031188235 
62 236 53 58 0.031060303 
740 253 24 29 0.030939939 
557 346 47 66 0.030890351 
848 259 24 30 0.030854648 
551 249 16 22 0.030514082 
763 255 25 34 0.030417426 
224 328 117 172 0.030288305 
389 227 14 20 0.029917266 
104 408 35 46 0.02960855 
861 260 17 20 0.029445034 
492 366 88 138 0.029415805 
798 278 28 36 0.029301027 
330 221 26 33 0.029128458 
441 230 24 32 0.028772939 
604 265 16 19 0.02862926 
743 249 17 20 0.028463697 
607 499 30 35 0.028441025 
350 145 17 20 0.028394789 
868 245 25 33 0.028244471 
810 226 28 36 0.028047489 
791 223 17 21 0.027733218 
431 217 19 23 0.027688127 
806 217 27 31 0.027645988 
789 22 82 110 0.02753618 
862 233 26 34 0.027501306 
157 172 92 116 0.02726929 
675 426 17 20 0.027145805 
182 386 27 37 0.027112506 
667 394 15 19 0.027032262 
728 237 40 51 0.02693464 
778 171 26 31 0.026901279 
58 42 163 241 0.02689312 
781 157 101 138 0.026658084 
840 37 31 41 0.02664422 
721 0 18 17 0.026606336 
932 26 25 32 0.026366703 
113 385 53 74 0.025952522 
899 252 31 37 0.025890756 
762 169 26 31 0.02580033 
810 243 31 40 0.02551811 
834 264 40 51 0.025374364 
859 257 43 53 0.025160003 
604 372 13 18 0.025039177 
661 254 52 49 0.024855882 
146 96 57 93 0.02455777 
67 336 17 22 0.024424981 
825 272 26 33 0.024357349 
630 337 23 30 0.024292639 
376 223 19 24 0.024119152 
151 365 56 75 0.024079446 
494 239 14 16 0.023978645 
902 224 50 69 0.023712432 
445 219 13 20 0.023596404 
814 197 94 124 0.023349367 
681 257 28 33 0.023141421 
612 267 14 18 0.02312878 
788 440 15 22 0.022857105 
587 259 22 29 0.022842696 
662 252 29 31 0.022800379 
438 422 52 78 0.022496419 
745 23 46 60 0.022380434 
615 277 24 28 0.022323418 
798 3 50 56 0.022305269 
900 0 19 17 0.022260893 
178 333 104 147 0.022257363 
636 307 13 17 0.022254983 
565 428 15 22 0.022127362 
2 294 28 36 0.022001093 
225 395 19 28 0.021565422 
902 202 25 31 0.021341372 
67 281 17 20 0.021185938 
366 245 17 23 0.021104852 
71 322 42 55 0.021103445 
605 356 55 67 0.021087019 
827 222 53 67 0.020996708 
805 264 28 41 0.020996083 
693 167 18 22 0.020963067 
159 190 35 55 0.02093795 
115 305 14 21 0.020914065 
229 142 45 63 0.020764505 
611 363 22 30 0.020682896 
777 147 62 74 0.020588199 
452 226 13 17 0.020546213 
504 437 9 13 0.020525599 
401 231 23 30 0.02047642 
674 276 27 31 0.02040727 
581 333 88 112 0.020216465 
