53_Raid_policeraid_53_256
51
576 124 67 70 0.98473465 
834 126 49 74 0.9436235 
970 82 48 82 0.8432167 
650 92 60 70 0.83724225 
480 271 98 136 0.8207329 
86 38 40 62 0.5695022 
373 101 51 61 0.33074728 
912 127 60 88 0.16595069 
388 82 49 58 0.14173526 
611 92 73 87 0.11609063 
822 153 50 66 0.10341878 
405 79 31 36 0.09604139 
382 232 183 257 0.08008865 
947 98 50 82 0.07865367 
756 144 49 61 0.07715703 
442 69 89 108 0.07181958 
751 53 26 37 0.060601883 
643 542 30 30 0.05717843 
901 146 88 108 0.05672771 
754 200 33 36 0.05196284 
416 69 53 56 0.04995619 
375 99 26 43 0.048647206 
28 38 46 66 0.046682827 
822 103 49 66 0.044016782 
746 136 26 39 0.04276024 
744 67 43 56 0.041380096 
359 143 386 469 0.039078236 
825 2 50 46 0.038020108 
151 270 12 14 0.037425783 
789 241 31 51 0.03530099 
794 250 45 63 0.035186213 
750 188 28 38 0.033978023 
475 103 17 22 0.03342153 
59 37 50 68 0.032416593 
514 41 26 37 0.02828819 
365 282 25 31 0.027541697 
842 258 36 53 0.027031416 
466 98 30 33 0.026877847 
824 91 27 35 0.026822222 
836 198 17 24 0.026778916 
790 120 31 42 0.025580443 
760 183 43 53 0.024606047 
759 126 80 94 0.024309088 
439 162 39 44 0.023755498 
53 209 88 124 0.02314645 
821 202 29 34 0.022214558 
779 161 51 59 0.022060277 
379 129 59 73 0.021102505 
830 184 29 36 0.020485012 
613 514 64 62 0.020313142 
400 82 99 116 0.020088362 
