53_Raid_policeraid_53_208
28
447 83 49 63 0.99683577 
892 53 48 81 0.9965065 
307 85 37 49 0.9905308 
698 69 44 57 0.990415 
98 102 39 51 0.98912853 
353 74 45 60 0.9857216 
581 47 38 53 0.9788215 
396 73 38 56 0.94543964 
367 258 37 40 0.27355424 
1001 1 23 37 0.13220987 
1000 208 24 40 0.06925802 
989 190 39 60 0.041653644 
92 276 73 54 0.040271502 
353 58 33 39 0.036704984 
741 76 21 32 0.033924986 
415 77 30 42 0.029784983 
453 191 388 524 0.028306954 
274 215 49 74 0.02815311 
861 172 35 40 0.026632292 
454 56 37 46 0.02638018 
277 68 46 57 0.025871582 
420 82 42 60 0.025731383 
992 310 11 14 0.025381299 
384 67 35 51 0.024919394 
69 244 113 108 0.02221386 
719 68 33 46 0.021917358 
355 63 20 22 0.02141521 
345 71 29 41 0.020173369 
