53_Raid_policeraid_53_489
109
54 139 39 50 0.9632939 
67 228 21 29 0.7428127 
443 272 16 23 0.3519509 
996 129 17 22 0.30610907 
930 309 8 11 0.25717175 
994 308 8 11 0.20336555 
652 228 53 67 0.17676209 
331 265 18 20 0.1172103 
1007 319 7 10 0.10477105 
393 301 23 34 0.09828503 
430 271 13 18 0.092133924 
333 271 23 28 0.08448456 
373 170 9 13 0.08028287 
997 305 8 11 0.073862 
934 326 8 10 0.06983859 
19 327 54 62 0.067959175 
409 304 29 32 0.061575543 
54 227 26 31 0.060149375 
678 161 24 30 0.059044134 
760 128 10 12 0.0577716 
880 312 9 11 0.05708626 
1000 336 7 10 0.052710637 
346 169 15 19 0.052554265 
92 346 13 16 0.05116373 
450 270 13 19 0.048370868 
965 317 9 11 0.047387313 
917 319 8 10 0.047079943 
933 305 9 12 0.046046276 
929 327 8 10 0.04600342 
961 316 9 12 0.04547685 
934 319 8 10 0.04491462 
396 418 16 22 0.043917097 
29 328 35 38 0.04348625 
919 48 7 10 0.042620342 
75 140 27 39 0.041399192 
950 328 7 9 0.040413417 
1014 357 9 14 0.037880726 
917 54 9 11 0.037707772 
71 336 44 53 0.03734908 
912 54 10 12 0.03682287 
479 283 13 19 0.035682227 
919 325 9 11 0.03501703 
666 162 25 28 0.034449693 
424 317 24 30 0.034252327 
993 358 8 10 0.033166528 
437 269 16 20 0.03305635 
1009 324 8 11 0.03288119 
592 355 62 92 0.03255032 
945 343 7 10 0.03172634 
902 318 8 10 0.03141458 
998 359 8 10 0.031108357 
885 316 9 11 0.030656127 
371 213 12 15 0.030512925 
536 36 27 32 0.030015083 
928 54 8 10 0.029620655 
92 135 17 23 0.029539617 
918 60 10 11 0.02945861 
863 311 9 10 0.029367134 
952 60 9 11 0.028537052 
83 334 25 32 0.028495269 
391 307 14 22 0.028473541 
1007 312 8 11 0.028203614 
576 535 12 16 0.028104572 
289 377 14 18 0.028006073 
928 343 7 9 0.027968593 
420 327 31 34 0.027781514 
951 342 9 12 0.027528452 
991 317 8 9 0.027328707 
936 343 8 9 0.027063288 
614 39 26 31 0.026881414 
967 335 8 10 0.026753666 
692 163 13 20 0.026218023 
951 335 8 9 0.02621494 
984 319 8 10 0.02606849 
501 362 30 34 0.025687993 
983 326 8 10 0.025283387 
1002 318 7 9 0.025129864 
943 319 8 10 0.02462999 
581 254 16 21 0.024582278 
944 327 8 9 0.023759292 
926 302 19 25 0.02347315 
967 360 8 10 0.023432126 
896 317 9 11 0.023212396 
960 335 9 12 0.023199596 
902 312 8 10 0.023183815 
693 158 11 15 0.02272047 
934 53 8 11 0.022701249 
434 315 16 22 0.022633951 
479 261 14 19 0.022626227 
585 572 18 20 0.022583844 
913 47 8 11 0.022493027 
293 290 15 19 0.022443183 
913 311 8 11 0.022289554 
976 352 7 9 0.022098167 
1014 351 10 14 0.021983102 
957 55 8 11 0.021934964 
742 128 10 11 0.021934936 
577 257 12 19 0.02185955 
13 331 36 42 0.021782838 
684 155 13 15 0.021751154 
991 299 18 25 0.02170395 
435 326 15 21 0.021550996 
986 310 8 10 0.02134562 
564 49 16 19 0.021018784 
667 175 17 20 0.02081095 
984 351 7 10 0.020714039 
896 311 9 12 0.02064145 
399 333 50 63 0.020623006 
426 306 16 20 0.020059984 
