53_Raid_policeraid_53_674
103
844 65 29 32 0.9827109 
288 50 51 61 0.9819739 
70 58 25 28 0.9562618 
497 63 45 52 0.9462066 
640 92 24 27 0.77750415 
163 101 13 17 0.38774568 
350 104 15 18 0.28025067 
687 133 12 15 0.19581144 
128 95 9 12 0.16446877 
174 95 12 14 0.1554842 
371 97 15 18 0.13096464 
91 90 12 14 0.12635362 
174 86 9 12 0.091074064 
179 98 11 14 0.08427683 
142 283 10 14 0.07225506 
166 95 13 16 0.06739671 
897 103 9 11 0.06443856 
118 92 10 12 0.05864814 
901 102 10 11 0.058132287 
360 102 24 26 0.057218507 
549 121 16 19 0.05693268 
70 69 16 20 0.0566445 
153 108 12 16 0.05541825 
279 62 37 47 0.050768428 
82 76 24 28 0.049148366 
183 260 10 12 0.048821695 
876 101 11 13 0.04741511 
640 102 27 32 0.047295146 
661 113 13 17 0.04712256 
111 87 10 13 0.04446687 
543 122 12 15 0.043956548 
64 59 39 44 0.043833382 
120 101 10 13 0.04355288 
158 110 13 17 0.042526152 
133 230 29 35 0.041879173 
80 47 12 14 0.04088854 
690 127 12 14 0.039363675 
352 108 24 27 0.039252017 
158 94 14 17 0.03663312 
38 92 12 17 0.035443645 
362 119 18 21 0.035043087 
661 122 11 15 0.03491145 
41 209 47 70 0.034759846 
681 116 9 13 0.03439439 
198 98 13 16 0.033135056 
838 75 34 40 0.03296118 
686 119 9 12 0.032866437 
862 50 13 17 0.032739155 
170 93 19 23 0.032262426 
651 83 18 22 0.03200874 
286 168 25 37 0.031832818 
554 127 15 18 0.031421088 
124 106 11 14 0.031360976 
344 89 43 52 0.03061166 
63 124 12 14 0.030301737 
603 115 14 17 0.030014735 
429 150 13 18 0.029845644 
902 108 11 13 0.029741595 
131 97 12 15 0.029089373 
61 101 12 15 0.027745528 
653 294 16 20 0.027536565 
316 569 25 30 0.027522424 
850 50 28 35 0.027372414 
655 78 13 17 0.027225992 
428 98 13 17 0.027080067 
649 348 10 12 0.026835462 
829 62 32 35 0.026698485 
93 97 12 15 0.02668912 
110 178 13 19 0.02659827 
61 81 11 15 0.026009599 
690 136 13 16 0.025957277 
128 125 11 15 0.024936125 
315 29 17 19 0.02489625 
671 130 12 14 0.024760831 
667 115 12 14 0.024255794 
870 110 11 12 0.024092976 
319 481 104 121 0.02402089 
190 140 25 30 0.023924375 
127 89 10 12 0.023669465 
693 148 11 14 0.02351256 
85 109 15 17 0.023434183 
153 93 10 13 0.023212936 
165 100 21 25 0.022697257 
653 108 22 26 0.0226595 
175 115 11 14 0.022640202 
964 454 57 78 0.02259799 
180 117 10 13 0.022380784 
663 148 10 14 0.022236554 
87 331 10 13 0.022155905 
703 126 10 13 0.02214087 
134 87 11 13 0.02207012 
76 51 19 23 0.02177187 
910 96 8 10 0.021734353 
143 116 11 14 0.021516021 
175 259 12 15 0.021187836 
134 125 10 13 0.021092538 
886 109 10 12 0.021090264 
869 115 11 13 0.021034513 
681 132 11 14 0.02099411 
669 147 12 16 0.020988783 
664 157 9 12 0.020903278 
154 98 20 25 0.020631121 
683 125 21 25 0.020344416 
