53_Raid_policeraid_53_171
76
922 48 56 79 0.882928 
555 8 32 38 0.30608737 
454 81 86 119 0.30120662 
660 411 61 67 0.27782175 
585 353 186 254 0.22348157 
291 320 242 266 0.1883323 
346 250 103 127 0.17535812 
127 56 23 30 0.1364331 
803 278 49 59 0.1130148 
929 76 85 118 0.099994674 
234 74 18 24 0.08424047 
549 229 374 468 0.077649534 
806 288 27 37 0.07571122 
262 78 21 28 0.07056902 
442 92 58 89 0.07001865 
131 107 20 21 0.068210445 
647 406 96 117 0.06767028 
77 148 18 23 0.06332795 
810 291 15 18 0.057746567 
420 68 11 17 0.054986447 
327 230 199 241 0.054880116 
173 145 25 29 0.054875292 
216 69 17 22 0.050365567 
762 238 16 20 0.048234202 
139 204 16 23 0.04779193 
465 -3 30 35 0.044713862 
533 10 49 61 0.04041188 
164 52 19 23 0.038987912 
226 0 17 15 0.038289916 
932 49 34 46 0.038056605 
561 6 22 23 0.033549182 
157 64 15 21 0.032745432 
137 101 17 21 0.032534864 
155 195 23 31 0.032199416 
242 -1 19 16 0.03215574 
161 2 23 29 0.032000575 
945 52 38 56 0.031560622 
486 83 103 131 0.03139511 
201 105 17 20 0.031138953 
794 76 12 15 0.030377122 
921 79 37 55 0.030255824 
116 106 13 17 0.028667897 
686 408 36 49 0.028210122 
718 309 46 58 0.02797956 
465 95 27 38 0.027698874 
944 471 33 42 0.026065106 
543 91 89 139 0.025897985 
751 210 11 15 0.025384331 
603 428 118 130 0.025344925 
514 2 51 53 0.025069173 
794 256 86 105 0.024912583 
454 101 31 47 0.024599435 
193 225 401 445 0.02416309 
84 99 16 21 0.023992417 
114 450 13 17 0.02332563 
511 8 31 35 0.023237042 
774 268 11 14 0.02316322 
775 258 13 17 0.023121187 
962 611 57 65 0.022970295 
179 158 19 22 0.022841856 
688 207 10 13 0.02280361 
964 459 40 52 0.022346588 
740 227 26 31 0.021638341 
139 55 21 30 0.021537267 
149 98 14 19 0.021055296 
654 410 43 47 0.021006541 
619 526 76 75 0.021003867 
162 0 17 17 0.020986017 
934 124 60 83 0.020793272 
117 58 23 29 0.020574234 
430 405 116 151 0.020552568 
202 18 23 29 0.020435043 
172 60 23 28 0.020342205 
143 527 13 17 0.020340506 
740 228 14 17 0.020239944 
692 177 13 18 0.020222269 
