53_Raid_policeraid_53_368
170
818 70 104 138 0.99963677 
755 147 34 38 0.9961687 
548 131 33 44 0.95960844 
59 100 12 16 0.5355356 
29 112 16 20 0.3651112 
712 418 237 238 0.3189761 
494 394 13 17 0.21626137 
220 98 12 14 0.20788945 
396 450 19 21 0.18370183 
720 146 13 17 0.16152743 
214 99 12 14 0.13660583 
363 121 12 15 0.12726767 
612 213 45 56 0.12721178 
55 96 12 16 0.12044149 
285 393 15 18 0.11939822 
324 387 15 18 0.11771028 
508 430 24 30 0.09766078 
566 260 13 15 0.09613718 
408 236 11 14 0.07936382 
518 232 105 119 0.07782593 
435 367 11 14 0.07530261 
66 100 11 16 0.073986806 
332 299 13 18 0.06591593 
316 412 16 18 0.06553756 
451 416 14 19 0.063576944 
413 443 14 18 0.061637014 
309 395 16 18 0.0609979 
568 126 29 43 0.060679484 
278 393 15 18 0.0565971 
395 402 18 19 0.05636076 
510 425 15 21 0.05598364 
208 100 12 15 0.053567044 
466 443 18 22 0.053060662 
402 416 17 20 0.052852128 
316 195 24 31 0.052833132 
386 456 15 19 0.051825885 
592 291 29 43 0.0512959 
406 379 13 15 0.05021783 
318 389 14 17 0.049397785 
24 122 10 14 0.046979632 
42 114 12 16 0.04561349 
678 137 11 15 0.045208078 
303 116 13 15 0.043520715 
414 283 12 15 0.04207267 
451 450 17 23 0.04158329 
357 501 14 18 0.041429527 
446 177 12 16 0.04140968 
333 379 14 18 0.041208427 
429 229 12 14 0.041102413 
445 146 12 15 0.040017277 
430 235 12 15 0.039921675 
388 426 13 18 0.0394198 
477 390 13 15 0.038569126 
227 95 13 15 0.037684675 
291 400 13 18 0.037640277 
655 206 41 53 0.037307512 
461 448 17 22 0.03698211 
392 243 11 14 0.036066815 
13 123 11 14 0.036022045 
451 443 14 19 0.035894327 
519 269 58 84 0.03563043 
542 116 25 42 0.035256308 
387 389 14 17 0.034650274 
446 413 14 19 0.0343735 
80 92 10 14 0.034243543 
331 392 13 17 0.033574976 
85 133 10 14 0.03345627 
620 236 30 39 0.032316204 
189 169 40 60 0.03212186 
420 500 16 21 0.0320516 
358 115 21 26 0.03200856 
381 462 16 21 0.03195726 
344 359 9 12 0.031828906 
631 210 44 56 0.031754944 
487 393 14 17 0.030784538 
323 363 13 17 0.030477999 
308 436 14 18 0.030005429 
422 229 12 15 0.029893184 
589 223 58 64 0.029550208 
571 255 11 14 0.02950461 
379 447 20 27 0.029219849 
384 307 10 13 0.029198984 
399 328 9 10 0.02914021 
437 530 44 56 0.028316725 
457 482 16 20 0.02825849 
86 107 10 14 0.028178439 
259 450 15 20 0.02787809 
307 45 54 61 0.02782585 
380 443 14 20 0.027745476 
392 198 12 16 0.027598115 
46 123 11 14 0.027510976 
254 443 13 18 0.02729879 
398 237 11 14 0.027191743 
396 194 15 19 0.027039042 
321 432 17 20 0.027001886 
404 387 14 17 0.026906347 
443 468 15 18 0.026749859 
388 286 13 15 0.026504062 
386 382 14 15 0.026175676 
563 264 14 18 0.026134688 
402 397 15 18 0.026096493 
543 166 47 71 0.026029265 
300 458 12 14 0.025875483 
551 221 62 79 0.025872951 
500 380 13 17 0.025553463 
443 533 25 28 0.025362987 
359 286 8 11 0.025360474 
376 301 10 12 0.025341019 
423 182 11 13 0.02530039 
6 125 13 14 0.025262943 
709 141 12 17 0.025258953 
389 253 12 14 0.0250064 
439 473 13 17 0.024944369 
596 310 17 26 0.024868013 
389 153 11 16 0.024644898 
411 418 12 16 0.024565723 
275 426 15 18 0.024535943 
508 444 31 35 0.024411997 
418 253 12 14 0.024349501 
388 308 12 14 0.024118152 
414 327 8 10 0.024005461 
398 333 10 11 0.023973683 
422 206 11 15 0.023947174 
308 206 16 20 0.023921764 
559 191 53 74 0.023739476 
319 460 12 14 0.023737807 
314 403 16 19 0.02372279 
278 401 15 19 0.023649119 
390 407 22 28 0.023420058 
522 454 24 28 0.023402719 
498 387 14 19 0.023247367 
420 212 12 15 0.02321093 
435 237 13 15 0.022961233 
414 332 10 12 0.02289178 
48 101 13 17 0.022552507 
409 284 11 14 0.022436377 
349 236 12 14 0.022419725 
333 226 15 18 0.022399845 
367 294 9 12 0.022368247 
742 122 43 53 0.022276746 
4 131 13 17 0.0222487 
499 400 12 17 0.022234129 
508 289 43 68 0.022150109 
407 332 10 11 0.022124963 
475 448 14 19 0.022101063 
461 541 14 17 0.022065168 
299 120 17 20 0.022025876 
359 301 10 11 0.022025116 
471 429 24 33 0.021935401 
332 412 13 16 0.021894751 
328 149 422 507 0.021702195 
325 106 14 16 0.02165437 
84 101 11 15 0.021566147 
469 394 14 17 0.021565946 
452 389 14 16 0.021495465 
631 220 27 35 0.021478476 
415 244 11 13 0.02106379 
421 284 10 13 0.021047464 
387 441 22 30 0.020984046 
257 654 9 12 0.020961715 
302 396 13 15 0.020866936 
446 426 15 20 0.020789728 
448 403 24 30 0.020751012 
437 519 26 29 0.02067689 
561 253 24 27 0.020603018 
471 419 12 16 0.020563738 
408 327 9 10 0.020558398 
383 202 11 15 0.020130064 
53 123 11 14 0.020019544 
302 225 14 16 0.020006405 
