53_Raid_policeraid_53_107
47
228 95 37 47 0.9867405 
857 302 32 35 0.3551563 
511 293 13 16 0.31873924 
139 116 12 16 0.16164173 
240 86 28 40 0.15014191 
440 254 58 72 0.11806775 
642 280 402 487 0.07982806 
875 293 24 37 0.07678485 
920 596 52 53 0.05198504 
856 57 144 144 0.050817985 
839 411 51 52 0.04898617 
539 289 34 41 0.04702495 
190 163 46 61 0.045679655 
448 262 38 44 0.0449214 
148 117 10 14 0.041853458 
510 406 219 259 0.041024327 
502 286 22 26 0.03243295 
213 526 93 113 0.03132514 
884 291 16 22 0.029891102 
819 394 52 58 0.028852323 
45 264 10 12 0.027910985 
300 106 12 16 0.027045188 
838 295 30 35 0.026742667 
281 102 9 13 0.026322128 
243 199 22 32 0.026233416 
362 318 36 39 0.025934683 
556 208 18 21 0.025460415 
83 387 214 296 0.025007006 
311 100 22 32 0.024657251 
459 245 104 111 0.024156537 
127 125 9 12 0.02374583 
936 604 28 35 0.023442423 
768 336 216 322 0.02303494 
151 114 9 11 0.023002109 
736 63 9 12 0.022966808 
292 419 16 19 0.02239302 
435 305 370 400 0.022325957 
530 253 58 78 0.022078926 
568 200 47 65 0.021596674 
169 165 47 61 0.021581454 
486 247 11 13 0.021562003 
134 120 12 16 0.021315513 
197 389 10 11 0.021253504 
136 113 10 14 0.021165792 
895 470 10 12 0.021066533 
832 284 27 37 0.020859975 
174 158 34 41 0.020720165 
