53_Raid_policeraid_53_736
110
487 189 41 52 0.76879215 
278 203 36 42 0.5623776 
615 312 44 55 0.5188848 
189 228 25 28 0.22249337 
250 365 19 23 0.21722358 
377 181 37 46 0.20430009 
824 330 53 72 0.185102 
411 269 22 30 0.1683002 
457 190 37 53 0.0986477 
252 241 25 33 0.0932175 
368 171 30 37 0.09019272 
414 415 41 52 0.08599918 
80 324 24 29 0.08026308 
554 239 30 36 0.080197714 
154 349 19 22 0.07727527 
323 240 30 38 0.07022234 
654 383 49 67 0.06633003 
107 215 24 28 0.065885775 
324 247 48 60 0.062668055 
173 257 15 21 0.06229072 
570 485 46 55 0.060770452 
155 210 15 18 0.058340326 
605 308 37 46 0.05829992 
115 224 26 32 0.057547174 
361 167 25 31 0.054449007 
689 188 9 12 0.04749378 
976 103 8 11 0.04566611 
637 466 60 76 0.045572784 
365 165 14 18 0.04466066 
107 211 15 17 0.04412801 
247 375 27 34 0.04204768 
849 337 54 68 0.0381136 
213 262 26 32 0.037783585 
254 435 23 28 0.036955092 
90 363 12 16 0.036927298 
412 253 25 35 0.03471512 
442 199 38 53 0.03414108 
635 417 81 111 0.03385358 
107 348 13 17 0.03377623 
229 247 16 20 0.033270303 
157 434 14 18 0.03297129 
109 234 27 36 0.032963503 
612 345 51 66 0.032576565 
152 436 11 16 0.032570425 
265 219 37 50 0.03230313 
640 405 56 70 0.031757105 
245 397 15 20 0.031104963 
394 192 28 38 0.031102216 
170 272 16 22 0.031006787 
181 237 24 31 0.030548068 
213 225 13 17 0.030202964 
268 263 17 21 0.029942831 
633 339 55 73 0.02958669 
200 231 18 21 0.029520636 
258 322 17 22 0.029017134 
476 166 11 14 0.02847045 
285 650 10 12 0.02832066 
528 277 43 57 0.028311543 
592 406 50 62 0.028180724 
903 387 135 191 0.027887333 
985 72 12 15 0.027809516 
247 394 25 32 0.027710617 
210 248 14 20 0.027226288 
280 215 42 56 0.027006295 
207 208 10 12 0.026418198 
336 261 53 65 0.02628389 
205 252 25 31 0.026187142 
599 297 28 39 0.026141543 
336 273 32 36 0.025301903 
201 239 18 23 0.025169075 
99 221 24 32 0.025106601 
77 268 12 17 0.025103766 
284 347 18 21 0.024922576 
99 275 29 40 0.024533834 
212 299 15 19 0.024501253 
202 304 16 19 0.024304627 
401 652 9 11 0.024242686 
395 261 42 59 0.023829237 
311 659 10 12 0.023539439 
190 218 15 17 0.023272427 
360 171 14 20 0.02271267 
250 371 43 57 0.022654796 
670 374 35 47 0.02253172 
253 384 16 20 0.022503491 
309 400 12 17 0.022353627 
458 273 45 51 0.022197576 
71 267 22 32 0.022108125 
214 309 26 33 0.021973332 
604 397 36 47 0.021915624 
227 410 15 19 0.02139902 
255 238 14 18 0.021368153 
122 260 46 65 0.021337226 
168 243 25 32 0.021207215 
140 227 11 17 0.021154542 
99 199 45 51 0.021132998 
205 301 26 30 0.020996958 
1010 73 14 20 0.020929007 
612 375 49 62 0.020708129 
96 235 24 34 0.020615103 
31 496 9 13 0.020606285 
275 211 22 26 0.020604638 
630 399 37 41 0.02045536 
132 218 15 19 0.020448118 
569 430 108 134 0.020435246 
196 212 12 15 0.020426748 
60 470 13 16 0.0203339 
316 347 15 20 0.02024839 
201 315 39 49 0.020121302 
319 459 14 18 0.020059004 
334 508 10 14 0.020050064 
