53_Raid_policeraid_53_272
74
904 191 18 24 0.84597504 
585 236 21 27 0.75221264 
315 240 15 20 0.52727735 
333 232 16 21 0.20141874 
594 240 19 24 0.17706339 
340 241 12 18 0.15350953 
662 2 51 49 0.1490806 
149 234 61 69 0.12499623 
320 237 18 26 0.123418525 
926 194 12 16 0.08361937 
290 261 23 28 0.07635287 
188 4 27 29 0.06314711 
63 293 10 13 0.060992863 
217 1 19 21 0.05922619 
974 317 33 38 0.053212263 
685 437 37 36 0.052127447 
342 5 30 32 0.04749445 
347 250 12 16 0.04635292 
736 75 45 57 0.04525096 
576 240 15 19 0.044415247 
262 301 8 11 0.04404872 
797 271 10 12 0.0424984 
220 1 30 33 0.042415764 
233 4 30 33 0.04216777 
462 232 88 111 0.042152543 
675 358 12 16 0.040194064 
380 299 11 13 0.039026927 
674 178 106 125 0.03854534 
133 190 92 120 0.038275696 
637 361 11 17 0.034328833 
338 227 14 18 0.034159955 
118 107 64 70 0.03361335 
392 266 8 12 0.033396114 
328 227 13 17 0.033390384 
962 330 16 21 0.032435317 
277 266 12 15 0.032304224 
55 294 10 12 0.03179116 
362 299 12 15 0.028580496 
349 258 11 15 0.02824195 
149 264 62 81 0.028070766 
335 237 22 30 0.02787912 
288 216 25 29 0.027212705 
635 316 13 18 0.02715097 
334 223 12 17 0.026943052 
394 286 8 10 0.026262168 
362 4 30 32 0.025481263 
141 302 8 10 0.025448361 
400 317 9 12 0.024968568 
135 324 10 12 0.0248477 
349 234 12 18 0.02396824 
119 272 8 10 0.02344114 
118 263 7 10 0.023051202 
948 252 11 16 0.02286731 
533 -12 109 94 0.022804804 
112 255 8 11 0.02277492 
49 294 9 12 0.022555282 
940 179 13 18 0.022442942 
534 259 10 13 0.021885604 
550 281 12 15 0.021874893 
27 260 11 16 0.021755233 
895 193 22 27 0.021725934 
334 247 13 18 0.021542221 
36 293 11 14 0.021363404 
358 214 12 14 0.021257155 
143 309 8 11 0.02098873 
240 27 43 54 0.020974735 
654 277 10 13 0.02093744 
291 34 13 20 0.02081495 
709 0 33 34 0.020594286 
330 219 22 30 0.020528708 
308 206 13 16 0.020395687 
70 275 9 12 0.020345835 
375 284 9 11 0.020334577 
603 237 21 28 0.020027854 
