36_Football_americanfootball_ball_36_373
19
636 63 77 91 0.9836097 
408 104 64 85 0.82282054 
386 109 56 76 0.6974218 
612 27 47 62 0.2905579 
550 33 49 67 0.2734077 
621 36 61 80 0.12996043 
769 156 28 48 0.06427576 
486 -25 363 448 0.060957152 
361 110 56 81 0.060719773 
422 113 44 49 0.0601277 
576 77 196 227 0.050637487 
355 209 45 56 0.040921837 
586 143 53 64 0.02886863 
373 219 27 34 0.027614998 
309 191 63 64 0.026254464 
708 186 112 140 0.025767315 
388 228 13 17 0.023887595 
408 122 43 50 0.020603992 
619 85 62 74 0.020002184 
