36_Football_Football_36_108
109
134 123 14 17 0.95579803 
531 67 16 20 0.92231125 
274 122 11 15 0.7143863 
14 47 21 25 0.6354252 
305 146 12 15 0.16271062 
224 104 7 10 0.13965842 
227 141 12 16 0.12608716 
199 115 10 13 0.11541864 
206 133 9 11 0.10251208 
1004 2 18 21 0.09454078 
230 179 10 14 0.075759865 
234 94 8 10 0.06968469 
240 125 9 13 0.06809081 
247 117 9 12 0.0652199 
254 108 10 13 0.05965641 
2 216 15 22 0.058243386 
169 85 8 12 0.054025196 
203 109 11 14 0.050628714 
237 93 9 12 0.04849474 
986 56 35 43 0.048394438 
206 164 10 12 0.047087867 
262 80 9 11 0.047017165 
206 158 10 12 0.045468934 
176 118 9 13 0.04471532 
321 166 10 13 0.044504777 
222 116 9 13 0.042908937 
215 164 10 12 0.042680494 
236 148 13 16 0.04222308 
200 158 10 12 0.04163199 
605 482 127 128 0.04118713 
293 131 10 13 0.039835703 
189 87 9 12 0.03974619 
199 165 10 12 0.03914002 
221 165 9 12 0.038479976 
262 116 10 13 0.038250446 
54 84 13 17 0.03823254 
280 91 13 16 0.035852138 
94 9 13 17 0.035366993 
156 164 9 13 0.035094652 
213 159 10 12 0.0350501 
236 173 11 13 0.034041546 
970 52 35 44 0.033839338 
228 109 9 12 0.03351411 
259 109 11 14 0.03314144 
208 94 9 10 0.032750636 
100 78 12 14 0.03265155 
255 115 9 13 0.03246702 
278 99 11 14 0.03238435 
225 180 11 14 0.03147337 
246 94 9 11 0.031023692 
193 103 8 12 0.030587947 
256 85 9 11 0.029442009 
343 153 14 17 0.029363941 
127 118 15 21 0.029065449 
201 151 9 11 0.02902626 
250 110 9 12 0.028947234 
193 172 9 12 0.028843425 
215 8 354 446 0.028720342 
198 172 10 13 0.02850401 
237 165 11 14 0.028037615 
149 84 9 12 0.027831377 
7 49 17 22 0.026810538 
184 87 10 12 0.026766721 
217 117 9 12 0.026535707 
501 144 13 18 0.026520109 
257 79 9 12 0.026256923 
233 89 8 10 0.02614978 
269 85 9 12 0.026148053 
205 151 10 12 0.026019413 
277 111 10 14 0.025581466 
308 123 11 14 0.02555376 
263 92 10 13 0.025528587 
207 87 9 10 0.025416339 
113 38 10 13 0.02519857 
126 77 12 15 0.025172886 
141 99 11 14 0.024815144 
199 104 10 14 0.024277382 
228 102 9 12 0.02407651 
215 96 9 10 0.024048544 
219 102 8 11 0.023873566 
244 123 10 14 0.023617126 
261 102 10 13 0.02331318 
287 219 11 14 0.023280527 
215 125 8 12 0.023271285 
326 116 15 20 0.023094006 
233 155 12 14 0.023034591 
59 84 14 18 0.023019262 
175 79 10 12 0.022944834 
181 134 10 12 0.022884902 
910 78 9 11 0.02281036 
878 71 8 10 0.022810116 
285 96 11 15 0.022353716 
349 128 16 20 0.022257017 
143 31 8 10 0.022218347 
294 158 10 12 0.022197824 
201 69 9 12 0.021804461 
517 60 24 29 0.021688929 
287 126 9 13 0.02129368 
270 100 10 13 0.021283183 
193 167 10 11 0.021249957 
223 69 8 11 0.021214077 
119 222 11 14 0.020897096 
271 111 12 15 0.020860657 
301 118 12 14 0.020559298 
24 45 16 19 0.020536548 
200 123 11 14 0.020487798 
205 174 10 13 0.02026193 
224 87 8 9 0.020078592 
174 93 9 12 0.020023104 
