36_Football_americanfootball_ball_36_234
20
328 96 104 138 0.99962795 
0 81 136 168 0.6284183 
3 72 209 283 0.44303983 
6 425 359 470 0.41830072 
749 353 428 550 0.24966075 
-129 8 434 568 0.11627929 
772 92 106 142 0.10288731 
780 447 241 338 0.07080017 
505 97 380 489 0.06786981 
25 115 82 105 0.03910543 
814 659 10 13 0.032150865 
620 217 443 545 0.030146254 
824 84 31 38 0.02631867 
547 462 176 278 0.024922876 
827 684 12 15 0.023900684 
829 691 11 15 0.023785697 
5 534 11 14 0.022243284 
813 654 11 13 0.0212027 
322 411 337 478 0.02119988 
813 87 69 76 0.020407619 
