36_Football_Football_36_110
48
290 159 32 43 0.999551 
813 158 32 40 0.9992192 
130 316 35 43 0.9989447 
222 311 34 44 0.99886835 
505 143 31 39 0.998725 
383 306 33 44 0.99872106 
714 122 30 38 0.99857795 
77 156 34 43 0.99819547 
780 272 36 43 0.9975794 
601 137 34 44 0.9970638 
505 332 32 42 0.9958977 
179 149 37 47 0.99549013 
636 294 34 43 0.994418 
397 148 33 42 0.9929219 
602 19 9 13 0.08494601 
457 454 24 30 0.057373196 
1004 67 11 15 0.051702525 
588 36 10 12 0.048473053 
400 31 9 11 0.040727925 
213 44 10 13 0.04018461 
622 21 9 12 0.038860474 
952 29 9 10 0.03767923 
744 31 10 14 0.030954784 
284 13 9 12 0.03070886 
264 30 9 12 0.029413076 
634 46 8 10 0.029278358 
590 497 10 13 0.029220855 
3 366 239 245 0.0288099 
654 11 9 11 0.028126165 
653 438 11 13 0.027971419 
918 23 8 10 0.027475782 
637 14 9 11 0.025749773 
509 511 11 14 0.024892233 
618 31 9 12 0.024654074 
520 110 22 28 0.024571648 
617 36 9 11 0.024444016 
991 608 8 11 0.023617782 
902 23 8 10 0.023486476 
51 246 434 458 0.022535743 
650 8 9 11 0.022531811 
621 29 10 13 0.022433078 
748 37 9 13 0.022293773 
638 40 9 11 0.021830013 
929 56 8 11 0.02150213 
775 500 10 12 0.021316715 
197 152 29 41 0.021188183 
285 45 11 14 0.020461805 
639 493 10 13 0.020067794 
