36_Football_americanfootball_ball_36_321
22
498 166 136 160 0.9949346 
631 319 265 193 0.4190971 
113 78 120 181 0.21702874 
241 317 134 160 0.08659223 
495 139 370 444 0.069910444 
245 78 53 77 0.06806416 
406 312 191 255 0.059626803 
482 145 209 293 0.05701635 
923 636 87 71 0.05133134 
657 242 369 403 0.04664357 
752 -9 227 248 0.0461299 
133 55 213 243 0.03589637 
128 111 70 107 0.03270225 
222 51 87 125 0.030149305 
251 134 46 66 0.02972561 
340 65 201 255 0.026873643 
891 605 152 112 0.02576954 
773 16 133 168 0.025666676 
337 212 347 422 0.02360979 
183 64 103 146 0.022656916 
453 157 119 166 0.021075252 
454 138 31 38 0.020016667 
