36_Football_americanfootball_ball_36_615
123
193 102 31 47 0.9771234 
377 145 24 32 0.92251205 
742 139 15 20 0.68622684 
451 155 17 24 0.6747315 
82 135 14 18 0.57513636 
926 97 23 33 0.51746416 
861 149 15 21 0.5125831 
529 182 18 24 0.51127326 
723 157 11 15 0.41574 
673 173 14 18 0.32129285 
688 158 9 13 0.26886955 
938 100 27 29 0.21513414 
620 154 11 17 0.20572543 
719 160 11 16 0.18223402 
719 149 11 14 0.17237398 
692 158 10 14 0.1655459 
435 156 14 20 0.16131556 
780 148 10 13 0.11791396 
724 150 11 16 0.11608792 
611 157 21 27 0.115040466 
519 155 14 18 0.11341373 
387 137 16 27 0.09856672 
702 158 9 13 0.0974848 
518 179 23 31 0.089773715 
918 96 17 26 0.07847616 
790 170 11 15 0.07432132 
584 209 14 18 0.071003586 
644 162 11 15 0.06946545 
403 166 53 60 0.05973915 
157 206 10 12 0.05904415 
712 163 10 14 0.059015345 
517 148 13 18 0.05197463 
517 178 12 17 0.051943332 
797 102 11 16 0.045879275 
994 100 15 19 0.04583275 
609 170 26 30 0.045289446 
215 232 9 12 0.044983234 
813 141 11 13 0.0442322 
458 150 13 18 0.04412047 
712 148 13 15 0.043310504 
670 167 12 18 0.04281378 
375 139 40 53 0.041639283 
586 196 24 35 0.039950114 
756 145 13 17 0.039502192 
737 140 13 18 0.039148282 
629 162 11 16 0.038706895 
722 219 24 29 0.038589433 
637 158 15 17 0.03818436 
426 191 28 30 0.037149895 
946 86 24 32 0.036727153 
676 165 15 20 0.03613931 
765 143 10 13 0.035079934 
8 108 192 243 0.034813754 
760 117 8 11 0.03436891 
372 119 10 14 0.0343172 
996 92 12 16 0.033530634 
683 173 12 16 0.033155672 
747 137 20 25 0.03263903 
598 161 14 19 0.032058924 
-52 -7 337 442 0.031797618 
363 148 29 32 0.03167767 
516 143 12 15 0.03112838 
710 158 20 24 0.031062769 
681 155 12 15 0.03046768 
579 194 45 51 0.030101145 
905 98 23 31 0.02903852 
536 179 16 22 0.028836686 
1006 86 11 14 0.02840703 
1007 100 13 17 0.027949266 
792 122 10 14 0.027940203 
887 217 11 15 0.02783512 
760 127 9 11 0.02769234 
118 220 11 15 0.027668236 
422 158 27 35 0.027662424 
514 167 23 29 0.027519356 
508 158 39 52 0.027387334 
170 128 14 20 0.02642504 
797 124 10 13 0.025535714 
524 150 11 18 0.025394455 
622 157 21 26 0.025369989 
795 166 11 15 0.02530216 
316 191 39 49 0.02528045 
618 167 17 20 0.025069257 
953 104 15 20 0.02477981 
758 133 11 14 0.024678469 
782 165 11 15 0.024676668 
369 127 28 37 0.024253836 
877 189 10 15 0.02364072 
792 106 10 13 0.023244133 
675 219 12 19 0.023236979 
791 158 10 13 0.023209525 
158 211 10 13 0.023187552 
810 138 10 13 0.023176933 
626 183 16 20 0.023176199 
597 189 48 59 0.02305873 
950 204 11 13 0.022886066 
757 161 13 17 0.022809468 
741 185 11 16 0.02269396 
509 159 23 27 0.022597985 
765 117 10 12 0.02239231 
540 220 13 18 0.022355387 
602 161 19 23 0.022194685 
851 138 27 35 0.022127131 
431 151 13 18 0.021738786 
443 186 13 17 0.021618813 
692 187 14 20 0.021583555 
92 132 13 17 0.021388194 
48 161 113 158 0.021058226 
1015 84 10 15 0.020989358 
815 145 12 15 0.020905472 
1014 91 10 16 0.020809138 
702 152 10 14 0.020761112 
366 119 25 31 0.02075387 
773 134 11 13 0.020695247 
680 198 24 32 0.02057051 
446 162 23 32 0.020557689 
1004 106 15 19 0.020512462 
765 126 9 12 0.020495968 
773 143 12 14 0.020394506 
781 154 11 16 0.020387106 
711 146 20 24 0.02032656 
763 228 13 18 0.02027236 
601 265 34 35 0.020146955 
