27_Spa_Spa_27_329
20
479 59 343 451 0.9989831 
280 659 397 466 0.55941117 
168 569 371 445 0.14867412 
338 1176 435 477 0.14190109 
317 803 278 260 0.12206902 
785 794 203 236 0.08426299 
557 876 497 526 0.061090387 
492 668 428 471 0.059879415 
113 776 411 511 0.059233285 
848 654 162 224 0.046212465 
570 677 59 72 0.043140482 
190 636 237 277 0.039165612 
892 629 124 116 0.034471106 
349 910 481 502 0.033408854 
563 148 409 473 0.026144372 
18 309 480 543 0.024936248 
623 442 412 434 0.023623267 
593 688 60 73 0.02225919 
910 658 68 78 0.020883983 
-69 971 446 460 0.020826288 
