27_Spa_Spa_27_512
126
356 626 96 112 0.9973074 
599 751 9 12 0.25213197 
633 743 10 14 0.18891396 
866 774 13 16 0.16321957 
42 907 14 17 0.1318733 
686 721 9 10 0.10038441 
701 747 12 15 0.09537301 
657 809 17 21 0.08031568 
680 726 10 11 0.077733174 
700 741 13 14 0.07257539 
550 760 7 10 0.06606834 
685 724 11 12 0.06302418 
681 720 9 10 0.056124363 
589 833 371 439 0.05251756 
622 810 13 16 0.052436586 
779 953 13 16 0.047742505 
693 738 14 15 0.047544602 
678 731 11 12 0.046881456 
655 515 11 13 0.044026032 
648 502 10 12 0.042811308 
893 735 10 13 0.042421233 
728 734 8 10 0.041950077 
501 726 8 11 0.040383633 
562 813 15 18 0.039796315 
545 750 9 11 0.03961756 
547 757 8 11 0.03892757 
630 739 19 24 0.03807018 
869 796 13 16 0.037066232 
532 741 10 13 0.03704825 
621 725 9 12 0.0355309 
856 780 11 14 0.03530344 
673 721 7 9 0.034668043 
206 749 11 14 0.034542825 
574 819 13 16 0.033427186 
694 719 9 10 0.03324094 
694 726 10 11 0.032703422 
680 711 8 10 0.032546356 
821 759 11 14 0.032440715 
699 735 12 14 0.03224946 
396 610 65 93 0.031943385 
550 743 9 11 0.03183397 
20 850 121 155 0.031683937 
632 478 8 10 0.031641338 
560 728 9 10 0.031364415 
622 719 9 12 0.0313059 
672 725 9 10 0.03088346 
617 726 9 11 0.030284436 
621 733 10 12 0.030046696 
735 734 10 12 0.02978289 
552 765 8 10 0.0293134 
752 727 12 15 0.02863766 
894 1184 64 57 0.028490795 
603 751 10 13 0.028480384 
601 782 11 14 0.027770119 
641 487 8 10 0.027711641 
582 796 12 15 0.02749535 
600 512 8 10 0.027493974 
696 712 8 10 0.027189076 
654 502 10 12 0.026882293 
678 780 14 16 0.026811708 
17 124 203 223 0.02652758 
1008 1168 12 15 0.026258903 
886 734 12 14 0.02616939 
652 770 12 14 0.026031569 
592 725 11 13 0.025911136 
758 702 12 13 0.025907166 
581 789 11 14 0.025679987 
676 740 14 17 0.02567194 
636 753 13 16 0.025637148 
685 732 12 13 0.025350766 
536 717 9 12 0.02531606 
661 503 10 12 0.025276637 
598 744 11 14 0.02506061 
727 749 9 11 0.024974618 
935 750 10 12 0.024945222 
570 812 22 28 0.024814742 
664 718 7 10 0.02475456 
549 749 9 11 0.024242783 
720 735 8 10 0.024198703 
805 767 12 13 0.024170449 
734 719 8 10 0.024167959 
615 733 10 12 0.024050627 
12 932 12 17 0.024007542 
438 742 386 485 0.023965036 
998 1184 10 14 0.02386619 
485 725 9 12 0.023731312 
699 790 17 20 0.023663566 
608 733 10 12 0.023656866 
533 759 9 11 0.023326244 
558 744 8 10 0.02304641 
876 750 13 15 0.022948762 
584 734 8 11 0.022836108 
662 711 8 11 0.02283571 
734 741 10 12 0.022823922 
580 887 235 267 0.0227966 
631 472 8 10 0.02266153 
872 750 11 13 0.022623016 
974 1181 13 17 0.022478104 
700 727 10 12 0.022395724 
805 772 10 13 0.022356452 
573 767 9 11 0.02182427 
569 766 8 10 0.021762988 
776 749 9 10 0.021744626 
405 379 215 186 0.021570811 
656 710 9 12 0.02148263 
544 741 9 12 0.021441378 
1015 1180 9 14 0.021416025 
518 799 13 15 0.021321313 
144 744 9 11 0.02129601 
29 931 15 18 0.021271482 
682 735 24 26 0.021205114 
815 758 11 13 0.021095896 
561 749 8 10 0.020979296 
646 717 9 11 0.0209353 
551 815 11 14 0.020737978 
622 495 10 13 0.020722413 
940 781 14 16 0.02070365 
665 725 8 11 0.020669276 
591 732 10 12 0.020588532 
803 738 14 16 0.020501344 
604 786 13 16 0.020223884 
696 689 8 9 0.020221334 
618 804 23 26 0.02017995 
581 781 11 13 0.020081226 
604 476 126 143 0.020064441 
934 798 14 15 0.020042975 
