27_Spa_Spa_27_768
91
336 265 51 75 0.9994615 
184 335 57 85 0.9978771 
566 244 57 80 0.9958929 
737 318 54 82 0.9921278 
54 356 11 13 0.13855657 
967 307 8 10 0.11016576 
792 681 215 215 0.10073637 
856 366 10 12 0.09362051 
895 295 7 9 0.07748377 
879 285 9 11 0.06357761 
885 304 9 11 0.059178792 
842 304 8 10 0.056125585 
846 302 9 11 0.055532742 
73 234 349 397 0.053634156 
20 382 10 12 0.053611223 
882 341 9 13 0.05298168 
77 371 12 16 0.052506942 
864 271 8 10 0.051326677 
52 363 16 18 0.048283752 
959 325 11 13 0.04544317 
881 281 9 10 0.04503581 
910 285 10 12 0.044691395 
16 376 9 11 0.044198304 
863 277 9 12 0.044026967 
226 347 58 76 0.041245703 
679 270 8 11 0.041169364 
873 319 8 11 0.040762164 
73 419 10 13 0.039686058 
60 357 10 13 0.03907489 
977 321 7 10 0.03758736 
881 309 9 11 0.03657114 
999 334 9 12 0.03578712 
23 387 10 13 0.03553613 
904 341 9 11 0.035064865 
1012 306 10 16 0.034085337 
9 388 9 12 0.033031568 
878 292 9 11 0.032979485 
40 383 10 12 0.032799967 
172 372 62 84 0.032564186 
904 309 8 10 0.032220423 
872 287 10 11 0.0319992 
871 292 11 12 0.031109601 
884 285 9 11 0.03103912 
894 396 9 12 0.030764038 
984 309 8 10 0.030489957 
849 297 9 10 0.030147737 
958 321 9 11 0.02958823 
880 347 10 14 0.028925627 
840 287 7 10 0.028866073 
873 368 8 10 0.027717585 
350 558 473 456 0.02750732 
838 343 9 13 0.02721187 
945 385 8 9 0.026259102 
975 293 9 11 0.02617518 
981 335 9 11 0.025901295 
13 387 10 14 0.025857903 
896 324 8 10 0.02560387 
1005 327 9 12 0.025203196 
46 408 9 11 0.024963224 
927 295 8 9 0.024646835 
719 280 8 10 0.024518503 
1002 326 8 11 0.024453474 
949 405 10 13 0.0244061 
68 415 12 14 0.024053033 
928 302 9 12 0.023991538 
845 306 9 13 0.023516046 
25 398 10 13 0.023383629 
62 349 12 13 0.023031417 
782 279 9 12 0.022933917 
991 309 8 10 0.02268724 
225 357 33 52 0.022578917 
877 318 9 12 0.022382881 
989 400 9 11 0.02227426 
116 372 13 17 0.022254802 
55 397 11 13 0.022236435 
721 284 8 11 0.021738537 
44 380 11 14 0.021493195 
24 404 10 13 0.021275416 
976 326 9 10 0.021197507 
84 356 11 14 0.02111366 
232 275 226 287 0.020982139 
847 271 9 11 0.020882726 
871 335 9 10 0.020804828 
0 366 9 12 0.020758707 
713 279 8 10 0.02056948 
663 263 10 12 0.020544715 
79 357 12 15 0.020392248 
44 412 10 12 0.020243842 
902 304 9 11 0.0201637 
64 413 11 13 0.020104492 
77 417 10 13 0.020049315 
