27_Spa_Spa_27_851
96
860 153 35 51 0.9900726 
447 139 33 48 0.9731993 
717 139 32 51 0.9400401 
744 148 35 41 0.57101184 
22 61 53 101 0.56338435 
473 354 22 29 0.5268129 
904 134 33 41 0.37601227 
73 316 19 22 0.25245452 
685 51 15 17 0.14358546 
50 282 15 24 0.14339097 
492 291 25 30 0.1071511 
26 246 28 31 0.0923893 
584 113 51 71 0.070289664 
480 142 26 38 0.067015715 
1 23 53 85 0.06381548 
191 366 25 28 0.06306876 
447 137 15 25 0.0578243 
397 366 13 15 0.05476804 
54 269 163 244 0.052598134 
542 324 26 35 0.0521401 
985 359 9 11 0.052062493 
681 45 26 31 0.05180659 
184 385 11 16 0.047579657 
126 261 9 12 0.04513306 
86 336 104 124 0.04404846 
140 325 14 16 0.043521136 
487 297 41 52 0.04232082 
3 220 82 139 0.041879218 
188 376 15 20 0.040821623 
127 246 9 11 0.04028277 
439 352 14 20 0.038968407 
372 262 11 13 0.038569957 
476 350 17 19 0.036611103 
117 396 12 18 0.03658955 
315 299 16 20 0.036391158 
268 275 13 15 0.035897378 
375 295 232 269 0.035850346 
882 117 48 51 0.035524867 
172 316 47 53 0.03416847 
132 263 198 262 0.03413538 
266 330 13 15 0.034131747 
211 308 13 18 0.032219935 
1008 219 11 14 0.03205509 
581 140 10 14 0.03124324 
730 136 31 45 0.030775435 
429 147 9 13 0.030319678 
649 296 354 463 0.029911663 
146 333 17 18 0.029723532 
176 343 25 32 0.029604338 
36 246 51 83 0.029573988 
126 255 10 12 0.029480757 
446 369 13 17 0.029007735 
462 142 31 42 0.028888585 
285 269 10 15 0.028623533 
15 29 40 43 0.028618364 
538 140 9 12 0.028563637 
58 283 15 21 0.028320536 
429 362 12 15 0.028081004 
517 324 13 16 0.027968738 
179 350 16 20 0.027571892 
595 71 14 16 0.026805686 
360 246 11 15 0.026411943 
964 284 15 20 0.026365375 
187 347 27 32 0.026246727 
436 288 405 497 0.026187086 
320 174 398 489 0.025853384 
190 376 30 34 0.025569418 
61 23 10 12 0.025194958 
82 313 26 35 0.024585737 
466 338 38 51 0.024578094 
391 371 12 15 0.024110734 
30 251 92 130 0.023977451 
60 259 15 21 0.023903549 
959 270 11 14 0.023343842 
437 215 10 11 0.02305247 
348 327 12 17 0.023000546 
430 355 13 17 0.022954293 
1005 190 10 12 0.02292383 
414 347 13 15 0.022844708 
921 138 16 24 0.022307474 
-33 276 165 248 0.022278236 
268 216 14 17 0.02185276 
568 79 87 122 0.021844216 
520 328 25 31 0.021713782 
985 221 9 12 0.02150947 
676 138 44 60 0.021498235 
19 232 50 75 0.02139429 
142 316 13 17 0.021386672 
366 252 9 13 0.021195512 
1006 417 12 15 0.021121917 
542 137 8 11 0.02085485 
530 333 14 18 0.020536888 
709 89 411 481 0.020517852 
967 213 9 11 0.020435574 
830 218 13 16 0.020355733 
132 298 14 17 0.02018193 
