37_Soccer_soccer_ball_37_698
28
887 455 46 57 0.98389417 
48 391 70 95 0.97033316 
683 456 44 58 0.805669 
506 476 62 79 0.7245395 
321 462 87 126 0.069268815 
751 464 32 45 0.056020077 
619 349 27 36 0.045485027 
334 445 62 88 0.04195082 
891 430 53 60 0.03999333 
675 443 69 99 0.039959833 
220 453 33 39 0.037836142 
435 23 237 204 0.03752711 
304 509 96 146 0.034459427 
322 545 59 89 0.033647336 
386 317 389 499 0.033433367 
405 -14 419 490 0.0297106 
106 -21 457 491 0.029611444 
118 240 406 504 0.028806088 
716 456 43 60 0.026951052 
466 474 197 270 0.026082078 
531 488 39 48 0.025129456 
200 429 41 55 0.023529964 
489 474 96 141 0.02104554 
713 528 44 61 0.020946454 
584 333 385 469 0.020906359 
551 -6 475 556 0.020900346 
669 601 15 18 0.020746466 
742 449 31 44 0.020229938 
