37_Soccer_soccer_ball_37_233
67
414 264 28 35 0.98585933 
627 203 45 47 0.80419683 
855 386 16 19 0.7977999 
328 450 31 34 0.25880924 
508 450 20 26 0.23329814 
9 392 232 204 0.22940475 
343 410 15 19 0.17928615 
1001 424 7 10 0.17611524 
572 459 14 18 0.14596577 
71 559 169 149 0.09275547 
377 449 48 52 0.07652107 
1011 412 9 12 0.066002525 
1006 422 8 12 0.058035657 
653 400 9 11 0.053698003 
510 444 14 19 0.04706054 
320 436 9 12 0.043903537 
960 406 8 11 0.042900268 
1008 475 10 14 0.041328497 
66 475 135 126 0.041322205 
1005 427 9 11 0.0407523 
975 406 9 12 0.039824076 
1 261 319 390 0.03916878 
1014 419 9 14 0.038976572 
852 461 11 13 0.036354575 
622 345 217 265 0.035501294 
879 429 10 13 0.035309575 
644 421 13 16 0.033496235 
1008 459 12 16 0.03337385 
1007 466 12 16 0.031349745 
457 381 189 225 0.030583026 
340 423 16 18 0.030409226 
96 512 128 134 0.029609822 
993 422 7 10 0.028456176 
558 416 9 11 0.028209692 
1013 407 10 15 0.02802697 
356 352 26 32 0.027893798 
404 444 27 32 0.02749985 
649 399 9 11 0.027454987 
567 223 359 449 0.026205655 
511 439 10 13 0.026196629 
888 423 9 11 0.02556668 
342 405 25 32 0.024759872 
354 436 51 52 0.023860315 
638 435 13 16 0.023655526 
849 452 10 14 0.023397058 
386 448 27 27 0.023309924 
608 400 7 9 0.023068935 
967 406 9 11 0.022703456 
555 421 9 11 0.022614662 
324 436 12 15 0.022524282 
615 432 8 12 0.022235923 
644 415 13 15 0.022212107 
134 526 67 76 0.022211561 
999 413 9 12 0.022145621 
339 433 16 19 0.022004038 
993 414 8 10 0.021985136 
328 432 28 36 0.021878803 
975 447 8 10 0.021351492 
630 475 11 14 0.020966666 
590 399 8 11 0.020840926 
521 458 14 18 0.020626225 
402 297 14 17 0.020494966 
684 404 33 37 0.020420479 
500 441 23 31 0.020375576 
885 429 8 12 0.020313827 
800 57 224 189 0.02029548 
920 415 8 11 0.020072412 
