37_Soccer_soccer_ball_37_341
24
545 201 212 266 0.7881197 
974 473 49 76 0.41129902 
393 183 21 25 0.21947695 
369 263 28 36 0.101823345 
460 115 346 420 0.084808685 
593 293 243 252 0.06702767 
469 45 111 105 0.056744467 
456 90 60 71 0.056576252 
573 344 383 401 0.052785832 
452 -4 183 196 0.045947913 
605 397 233 256 0.04296008 
491 79 225 263 0.032389764 
380 180 24 29 0.032362252 
828 515 177 217 0.03189615 
8 59 362 496 0.027775066 
349 247 16 22 0.027355382 
355 261 30 39 0.02718895 
5 29 30 39 0.02596764 
970 482 36 41 0.02361047 
375 182 13 17 0.022729287 
488 151 53 63 0.022204872 
202 197 208 238 0.021620573 
471 115 59 69 0.021218812 
357 258 43 61 0.020772524 
