37_Soccer_soccer_ball_37_818
37
555 96 66 86 0.9962745 
44 43 134 204 0.9934291 
639 8 82 106 0.99274147 
780 147 105 144 0.6331855 
109 19 167 259 0.37401065 
467 308 179 232 0.26538047 
770 67 157 248 0.17316118 
-90 27 444 553 0.10900052 
225 -65 399 516 0.10082704 
442 87 209 266 0.09049291 
400 526 108 147 0.0801536 
749 276 97 145 0.07913017 
828 21 168 318 0.07167069 
91 260 444 484 0.06507953 
653 523 122 153 0.05264159 
747 433 33 42 0.041804664 
475 68 57 66 0.040114164 
671 464 185 252 0.03671666 
512 98 57 77 0.033426218 
376 343 187 301 0.030633472 
741 475 54 84 0.029934093 
626 435 54 78 0.029726544 
718 4 94 133 0.02953812 
699 422 49 59 0.029370505 
683 -6 94 126 0.029254496 
580 683 48 60 0.028496912 
156 5 244 351 0.028408928 
766 460 48 75 0.027950743 
522 323 201 288 0.026630938 
751 192 126 169 0.023965688 
722 408 49 64 0.0222863 
614 692 47 55 0.022129463 
334 48 244 300 0.022085322 
634 17 37 54 0.021735882 
584 389 199 254 0.021231748 
710 317 102 143 0.020871803 
460 190 214 252 0.02084093 
