37_Soccer_soccer_ball_37_269
84
165 253 30 37 0.99798155 
242 245 28 36 0.9978066 
101 135 28 33 0.99729615 
175 121 28 37 0.9972765 
507 239 33 42 0.99679285 
325 234 30 40 0.9967554 
268 136 28 35 0.9964819 
619 136 27 33 0.99503565 
548 137 26 36 0.9945147 
832 243 27 33 0.99438864 
411 266 30 38 0.9937469 
740 236 30 36 0.9934075 
405 122 26 33 0.9932389 
595 249 29 35 0.9917863 
688 143 25 34 0.9915244 
899 231 26 34 0.9868504 
910 129 26 34 0.9851665 
833 143 25 32 0.9771878 
338 133 22 29 0.9730076 
665 229 24 32 0.9685969 
769 155 22 25 0.88070726 
495 127 22 27 0.8402712 
488 176 28 37 0.27665102 
549 202 32 39 0.2548707 
619 194 31 38 0.18993019 
225 157 14 18 0.12881479 
8 252 203 256 0.11566114 
862 172 14 16 0.07594701 
740 304 34 41 0.06605547 
132 85 15 21 0.058249272 
-51 166 338 418 0.05610282 
951 274 15 19 0.05275877 
469 179 29 33 0.05057962 
639 359 25 28 0.045906648 
764 102 13 15 0.04411431 
694 373 12 16 0.04174319 
911 232 26 34 0.03999672 
504 123 17 22 0.035748042 
226 243 15 19 0.034590848 
803 171 12 15 0.03389445 
788 356 26 29 0.032443877 
939 241 12 17 0.032006525 
956 209 16 22 0.031505823 
787 338 15 17 0.03142423 
358 163 14 17 0.031284884 
504 146 417 478 0.031193089 
741 108 15 17 0.030448439 
136 276 11 16 0.030283153 
728 447 12 15 0.029793218 
216 157 24 31 0.029288618 
243 307 38 47 0.029123165 
94 190 26 31 0.028849777 
470 263 28 38 0.02783788 
63 164 12 16 0.027279329 
672 9 232 219 0.027222956 
947 261 24 31 0.027152538 
601 243 21 24 0.026834024 
983 182 9 12 0.026784368 
383 172 24 31 0.026316574 
788 261 17 20 0.025923071 
933 237 13 17 0.025790565 
798 163 14 19 0.023978189 
468 69 9 12 0.023835953 
732 154 16 19 0.023833469 
775 133 13 16 0.023766527 
972 210 12 18 0.022979433 
119 355 14 17 0.022965254 
497 247 33 42 0.022826554 
883 213 14 19 0.02271277 
964 228 11 18 0.022600027 
652 287 23 28 0.022101227 
1007 162 13 17 0.021603795 
219 235 24 30 0.021497753 
780 275 15 20 0.021232482 
959 224 13 19 0.021215376 
780 266 15 19 0.021205353 
392 178 27 32 0.020991726 
375 380 25 32 0.02076382 
815 296 14 18 0.020650424 
777 165 15 20 0.02043941 
109 385 17 20 0.020280872 
349 170 17 19 0.020139078 
506 117 14 18 0.020079553 
769 139 23 30 0.020000212 
