37_Soccer_soccer_ball_37_113
63
519 155 119 167 0.99895406 
717 86 70 92 0.94171333 
429 101 35 51 0.94163436 
202 26 54 66 0.82664275 
274 163 36 48 0.6897325 
427 159 46 52 0.5733856 
221 233 44 59 0.5715358 
137 181 48 58 0.4183103 
82 114 45 61 0.39164564 
877 85 62 98 0.30254918 
138 229 48 67 0.26058835 
57 167 47 61 0.24751936 
924 242 93 127 0.17385982 
747 111 57 82 0.1281639 
73 117 34 45 0.110807426 
984 136 33 43 0.10287495 
861 50 32 43 0.09281201 
787 731 181 295 0.08644288 
273 835 233 288 0.08377279 
234 226 30 39 0.07781573 
650 130 176 219 0.06339042 
793 553 123 183 0.057603218 
527 105 405 487 0.05678695 
59 192 33 46 0.050115664 
145 261 41 47 0.049980015 
548 24 101 109 0.04887136 
71 140 56 74 0.04564365 
681 98 31 38 0.042357422 
69 94 78 107 0.04109349 
925 258 57 77 0.04088346 
863 61 46 66 0.0374851 
687 85 57 68 0.034533262 
247 212 25 32 0.032729395 
311 1057 133 231 0.03271661 
466 837 244 321 0.032523658 
127 182 74 100 0.03202136 
97 192 28 40 0.030804804 
1 265 389 485 0.029816581 
655 66 93 110 0.02931812 
598 41 105 106 0.028040625 
292 860 133 173 0.02792346 
131 190 32 42 0.027605357 
601 38 35 41 0.027560115 
300 1341 162 113 0.027461162 
89 162 47 65 0.02731632 
46 508 68 77 0.026193278 
155 190 33 38 0.026192507 
54 470 237 257 0.025837153 
822 794 105 201 0.024994405 
587 39 60 67 0.024713092 
935 275 34 44 0.024559958 
831 98 51 72 0.024432385 
798 372 29 36 0.022778135 
383 564 454 463 0.02235048 
978 147 29 45 0.02217677 
283 154 20 23 0.022064138 
707 647 306 439 0.02195707 
547 37 17 27 0.021937782 
589 281 381 482 0.02184647 
534 118 62 77 0.021562822 
110 159 50 64 0.021240259 
356 1362 77 56 0.021001875 
801 101 49 73 0.020822195 
