37_Soccer_soccer_ball_37_1001
28
365 168 224 279 0.9998586 
588 1169 489 493 0.34440914 
737 969 169 235 0.17381604 
3 23 50 91 0.1591938 
611 255 345 481 0.15037392 
938 1132 37 47 0.093484305 
350 1034 385 448 0.06896822 
-23 1137 262 292 0.06326377 
744 1001 111 130 0.058025904 
86 286 27 34 0.051160756 
720 1252 300 311 0.05086969 
284 228 222 249 0.04998614 
764 1022 68 80 0.04536372 
231 901 208 255 0.041342944 
158 1100 42 51 0.039952856 
406 1124 226 277 0.036611136 
-139 1041 439 453 0.035563946 
163 345 114 168 0.035451762 
265 530 407 492 0.033327546 
946 996 53 84 0.032505278 
556 1053 415 408 0.029176565 
3 179 51 69 0.027894348 
425 1158 419 455 0.026299063 
599 1227 305 305 0.024602791 
134 320 199 301 0.024517626 
265 1026 127 154 0.022342343 
35 192 29 37 0.021966008 
975 987 10 14 0.020946113 
