37_Soccer_soccer_ball_37_345
189
490 170 16 22 0.991033 
715 162 15 20 0.9902947 
621 178 17 20 0.98970044 
555 165 16 22 0.9892587 
818 167 14 19 0.9891433 
426 181 16 21 0.98068637 
364 179 16 20 0.97739124 
385 92 11 14 0.94508153 
1000 189 15 19 0.90196896 
968 181 16 21 0.8458168 
413 284 12 16 0.64209485 
139 316 17 23 0.57580703 
433 335 21 24 0.3954677 
447 282 11 15 0.29851517 
551 207 24 29 0.27818817 
484 208 22 29 0.24814107 
437 201 21 24 0.24147156 
948 276 12 15 0.23561202 
327 134 9 12 0.18875782 
560 197 21 26 0.17525843 
531 132 12 16 0.16609065 
613 219 23 28 0.15439042 
576 283 10 14 0.14542164 
510 279 11 14 0.14231086 
476 282 11 15 0.12985893 
705 137 8 10 0.12281893 
603 233 12 16 0.114686124 
405 131 10 13 0.11373394 
133 327 14 18 0.09799959 
698 257 11 17 0.09708546 
385 283 10 14 0.097028375 
687 134 9 12 0.08985637 
429 251 12 16 0.08982931 
471 133 10 12 0.08647834 
369 126 9 13 0.085874766 
503 131 14 16 0.08552024 
379 134 18 21 0.08386067 
380 87 18 23 0.08349629 
984 286 12 17 0.08001446 
351 279 10 13 0.07869361 
412 234 11 14 0.078117676 
490 239 15 18 0.0778904 
796 134 10 13 0.077107124 
654 134 9 11 0.076738104 
838 255 11 14 0.07402815 
436 134 9 11 0.07390117 
422 336 15 22 0.07386147 
422 221 14 18 0.07325282 
570 198 15 20 0.073036924 
443 332 16 22 0.07255243 
542 283 11 14 0.064756714 
501 200 15 20 0.06335642 
748 218 11 17 0.062344998 
598 135 11 13 0.06130841 
400 157 11 13 0.061037462 
401 125 10 14 0.059598517 
968 258 12 16 0.05908156 
370 243 12 14 0.056317583 
628 148 13 17 0.05614891 
375 207 12 15 0.055489566 
450 336 14 19 0.055467527 
453 133 10 12 0.054059766 
739 255 11 16 0.052339334 
295 131 13 15 0.051182076 
381 209 12 16 0.05032603 
734 134 10 14 0.049711935 
764 134 12 15 0.046605937 
433 191 21 27 0.045940556 
623 248 12 16 0.04505659 
690 217 12 18 0.04499974 
359 221 24 28 0.04320581 
609 287 9 12 0.042615145 
110 467 25 28 0.042205963 
369 159 9 12 0.040369287 
709 136 9 11 0.03917365 
349 233 11 15 0.039010618 
672 135 10 11 0.038936876 
575 133 10 13 0.03892757 
581 133 9 12 0.03868761 
391 235 11 14 0.038571727 
132 329 23 30 0.038093008 
81 55 8 11 0.03792574 
679 133 10 13 0.03780745 
967 237 9 13 0.03703259 
349 132 10 12 0.03688333 
828 195 12 14 0.036680177 
579 221 13 18 0.03653052 
835 142 25 31 0.0365204 
414 210 13 17 0.036447816 
367 120 9 12 0.035585277 
693 135 9 11 0.035524935 
548 205 18 22 0.035404153 
805 204 12 17 0.03522888 
648 236 11 14 0.03418674 
107 316 14 21 0.033011913 
413 131 9 12 0.0330114 
612 212 14 17 0.032998793 
264 135 10 12 0.032932464 
420 213 13 15 0.032584388 
135 346 12 16 0.03240788 
437 130 8 10 0.032284517 
373 163 11 13 0.032078713 
364 221 15 17 0.031930473 
525 129 14 16 0.031298093 
982 198 11 14 0.031088505 
506 151 15 18 0.030655092 
40 59 16 19 0.0301451 
424 246 11 15 0.02983734 
600 224 20 27 0.029784052 
806 260 13 16 0.029468413 
622 223 18 20 0.029334202 
149 309 11 17 0.029110389 
387 210 12 18 0.029031651 
848 205 10 12 0.029020807 
694 251 21 27 0.028896062 
321 133 11 14 0.028799431 
362 209 23 28 0.028144319 
489 220 25 29 0.02802584 
997 327 9 11 0.027930388 
597 149 14 16 0.027480474 
405 116 10 12 0.027406817 
236 132 11 13 0.02739012 
854 220 9 14 0.026409421 
650 132 9 13 0.02637861 
686 130 9 11 0.026347194 
80 72 25 32 0.025958 
824 165 14 17 0.025830176 
86 61 9 12 0.025780816 
406 149 10 13 0.025757654 
615 133 10 13 0.025567314 
801 216 11 17 0.025528995 
379 91 11 14 0.025475232 
566 204 22 29 0.025453672 
605 210 13 17 0.025404165 
725 193 13 16 0.025301786 
346 228 11 16 0.025233569 
357 212 13 16 0.02517301 
853 206 9 13 0.025143491 
853 213 9 13 0.025032263 
420 235 14 17 0.025014691 
505 284 11 14 0.024874074 
629 142 12 15 0.024691109 
92 69 11 15 0.024639098 
711 204 13 16 0.024575898 
1012 205 11 15 0.02454232 
715 208 16 18 0.024437688 
86 54 9 11 0.02414093 
693 197 12 17 0.024082629 
387 98 11 13 0.023943909 
564 190 14 19 0.023882937 
466 227 14 17 0.023723947 
396 236 12 15 0.023566507 
743 198 11 15 0.023516517 
388 109 12 14 0.023512768 
604 134 11 13 0.023444895 
988 203 11 14 0.023241922 
0 267 9 20 0.02275995 
415 101 8 11 0.022727093 
399 150 11 14 0.022612058 
805 253 12 16 0.022336349 
332 138 10 14 0.022261046 
344 221 21 30 0.022125239 
581 128 9 11 0.021877633 
438 139 10 12 0.021689206 
387 165 14 15 0.021634076 
360 141 8 12 0.021530079 
365 87 9 11 0.02127047 
711 128 8 10 0.021186918 
420 288 12 16 0.02111488 
369 226 15 16 0.021094238 
408 279 12 17 0.020951923 
624 131 11 14 0.02082096 
344 127 10 13 0.020793991 
641 291 10 13 0.020761315 
424 142 9 11 0.020723524 
453 139 11 13 0.020719573 
373 131 14 19 0.020661738 
348 219 12 17 0.020611798 
366 247 13 16 0.020569619 
541 289 11 14 0.020536784 
514 228 13 16 0.020469742 
826 153 21 24 0.020403033 
429 209 14 17 0.020372484 
579 279 10 14 0.020206086 
391 243 12 16 0.020185616 
610 291 12 13 0.020149207 
792 137 11 14 0.02011487 
643 211 14 18 0.020096097 
814 194 13 16 0.02001517 
