37_Soccer_soccer_ball_37_1011
24
323 -1 93 134 0.99831367 
407 233 76 94 0.9903178 
503 15 291 434 0.98782337 
775 322 38 48 0.98777103 
430 3 35 49 0.9853725 
840 278 25 32 0.98237234 
328 612 10 13 0.16511513 
742 392 55 68 0.08442964 
829 324 32 41 0.073025785 
309 615 9 11 0.053657193 
790 398 36 49 0.052154392 
376 314 45 61 0.050659247 
303 618 11 16 0.04009255 
472 172 368 492 0.03612118 
316 555 12 15 0.035179373 
845 267 27 34 0.029063603 
327 605 19 24 0.02885581 
350 296 14 17 0.025321752 
469 24 15 19 0.024457244 
677 454 113 142 0.024142316 
376 259 81 107 0.022431662 
407 -1 51 72 0.021906938 
705 452 67 84 0.0216435 
351 612 8 11 0.021411637 
