37_Soccer_soccer_ball_37_692
351
81 269 10 14 0.63398457 
658 260 10 14 0.32563293 
576 261 9 12 0.2614106 
461 263 8 11 0.19237523 
224 115 9 12 0.18700694 
106 94 9 12 0.16240072 
84 94 9 11 0.15564555 
573 258 9 11 0.13575879 
594 120 7 11 0.11387103 
57 96 7 9 0.1103853 
192 88 8 11 0.10373801 
24 101 9 10 0.09279811 
22 76 8 11 0.08603099 
583 270 7 9 0.08553521 
25 96 8 10 0.08156257 
857 150 10 12 0.08121523 
56 102 7 10 0.0757029 
617 264 8 10 0.07525361 
586 347 432 489 0.07026541 
13 141 10 12 0.066472396 
177 97 7 10 0.065036096 
743 732 24 32 0.064852394 
598 270 9 10 0.06438111 
40 86 7 10 0.06382356 
132 93 9 12 0.06356128 
102 118 7 10 0.0635518 
83 275 11 14 0.06297916 
120 151 9 11 0.062737286 
77 264 19 23 0.061558228 
29 94 9 11 0.060973186 
247 118 8 11 0.060874946 
569 262 8 10 0.060599014 
261 109 8 11 0.05844495 
61 96 8 10 0.058223743 
261 103 8 11 0.057400033 
70 149 9 12 0.056843013 
649 281 8 11 0.054525733 
657 267 9 12 0.053899102 
89 151 9 11 0.053534776 
472 230 8 11 0.05346469 
866 669 14 16 0.053149525 
584 246 9 12 0.052128587 
71 252 11 13 0.050804242 
545 73 7 9 0.05064907 
20 150 11 15 0.050316278 
105 99 9 11 0.050155107 
422 119 9 10 0.050076928 
624 281 8 10 0.049865045 
14 118 8 10 0.049433015 
272 119 8 9 0.04908841 
55 89 7 9 0.049024258 
621 262 9 10 0.048870765 
160 94 8 11 0.048672374 
41 79 8 11 0.048547167 
62 329 10 15 0.048021995 
457 256 8 11 0.04757777 
40 94 7 9 0.047477126 
599 288 7 10 0.047346316 
94 151 8 11 0.046824533 
616 269 8 9 0.046569817 
668 348 8 12 0.046036705 
72 112 9 11 0.045589812 
229 438 8 12 0.045577012 
542 89 7 8 0.045314897 
1007 87 8 10 0.044426147 
224 89 8 9 0.044332154 
49 85 7 10 0.044316206 
589 279 8 10 0.0437938 
567 271 7 9 0.043761306 
96 127 9 12 0.04365534 
46 48 8 10 0.043240663 
86 283 9 14 0.043035936 
46 79 8 10 0.04292896 
176 102 7 10 0.042504784 
707 729 28 37 0.042333312 
448 111 9 11 0.042266123 
136 151 9 11 0.04223507 
855 156 14 17 0.042227402 
654 284 9 12 0.041974343 
550 209 12 16 0.04117154 
96 318 9 12 0.040999684 
609 72 7 9 0.04068215 
558 239 10 11 0.04034497 
457 267 11 14 0.040253773 
103 132 9 12 0.03984537 
152 94 8 11 0.039750203 
684 464 246 323 0.039423503 
86 99 9 12 0.039129212 
608 280 8 10 0.039085757 
7 85 7 10 0.03901616 
572 344 10 14 0.03901024 
33 89 8 9 0.038832102 
577 268 8 10 0.038797177 
198 92 8 12 0.038419105 
141 111 8 10 0.038362693 
186 87 8 10 0.0380278 
664 283 9 13 0.037950754 
537 94 7 10 0.037824392 
65 78 8 11 0.037603784 
569 72 7 9 0.037367757 
246 404 10 12 0.036781542 
125 151 9 11 0.036705445 
193 91 9 12 0.036681335 
561 269 7 10 0.036632765 
866 647 16 18 0.03641978 
280 132 10 12 0.036391526 
87 302 9 13 0.03636597 
167 113 7 9 0.03631552 
23 143 8 11 0.036275074 
63 70 8 10 0.036242653 
50 143 9 12 0.03621339 
48 103 8 9 0.03620381 
655 253 19 26 0.035705034 
87 110 8 12 0.035674844 
662 266 10 12 0.035652343 
560 265 8 9 0.03560306 
199 117 8 10 0.035590008 
569 279 7 9 0.03533448 
49 95 7 9 0.03527327 
733 125 12 14 0.035149667 
208 85 8 10 0.03513013 
183 104 6 9 0.035112895 
653 344 9 12 0.03506196 
112 112 7 10 0.035060257 
568 86 8 11 0.034788232 
216 95 7 9 0.03473454 
82 263 12 15 0.034151446 
561 88 7 9 0.033888943 
598 265 9 10 0.033683885 
80 88 8 11 0.033679366 
434 104 7 10 0.033459768 
14 111 7 10 0.03342781 
106 141 7 10 0.03332746 
44 143 22 30 0.033312477 
428 252 11 13 0.03318214 
670 269 9 11 0.033103686 
453 103 8 10 0.033046093 
593 271 8 10 0.032981098 
856 78 9 12 0.032943416 
615 281 8 9 0.0328644 
280 103 8 11 0.032657064 
638 268 10 12 0.03253559 
0 156 8 12 0.032293048 
608 270 8 9 0.03228846 
447 116 10 13 0.032286137 
375 117 9 14 0.032282736 
224 93 7 10 0.0322798 
650 347 9 12 0.032156162 
186 110 7 9 0.031670272 
550 254 9 11 0.031611152 
72 277 9 11 0.03156623 
62 64 8 10 0.0315659 
255 387 12 14 0.031318594 
216 102 7 9 0.031049052 
192 118 8 11 0.031034451 
469 152 9 10 0.031026617 
161 117 8 10 0.03093312 
506 491 17 20 0.03088182 
228 111 9 11 0.03066592 
86 88 9 12 0.030619733 
823 156 10 13 0.030455964 
8 111 8 10 0.030409764 
582 103 7 11 0.03038188 
80 283 11 14 0.030281775 
166 117 7 10 0.030260203 
295 205 9 12 0.030214006 
838 150 10 11 0.02974812 
623 269 8 10 0.02965166 
821 151 11 12 0.029580744 
537 88 8 9 0.029491287 
208 95 7 9 0.029407345 
327 295 450 467 0.02922844 
1 85 8 11 0.029202128 
32 63 7 8 0.029129786 
17 103 7 10 0.029105656 
64 270 8 12 0.028957989 
193 38 8 11 0.028934928 
616 285 8 10 0.028886177 
416 110 7 10 0.028812878 
301 116 9 12 0.028797986 
48 149 12 17 0.028791746 
18 72 8 10 0.028680403 
223 105 8 10 0.028558554 
262 132 9 12 0.0285004 
854 669 12 15 0.028127378 
70 79 8 11 0.028101088 
109 100 9 11 0.028026845 
190 112 8 9 0.028014973 
470 270 9 12 0.027881285 
218 116 10 12 0.027788678 
528 72 6 9 0.027722575 
200 113 8 10 0.027642176 
40 102 9 10 0.027316026 
655 336 8 10 0.027245793 
829 125 12 15 0.027227534 
17 94 7 10 0.027166164 
238 132 9 12 0.02695617 
608 78 7 9 0.026923412 
624 150 8 10 0.026908876 
464 151 9 11 0.02689133 
447 255 8 10 0.026889846 
72 145 9 11 0.026853088 
93 300 9 13 0.026819652 
57 70 7 10 0.026780015 
805 150 9 11 0.02675935 
145 94 9 11 0.026587918 
615 63 7 10 0.026584495 
251 370 15 20 0.026346397 
591 72 7 8 0.026188228 
837 158 10 13 0.0261727 
519 79 7 9 0.026123365 
216 87 7 10 0.026059365 
566 302 8 10 0.026038678 
41 71 7 10 0.026030414 
473 255 8 10 0.02598097 
518 255 9 9 0.02597548 
241 111 8 11 0.02593802 
47 112 8 9 0.025897082 
622 256 8 11 0.025861466 
126 112 8 10 0.02584185 
600 102 8 10 0.025770944 
65 276 8 12 0.025717745 
553 96 7 9 0.025675423 
121 111 8 10 0.025668828 
510 93 8 11 0.025499832 
662 240 10 11 0.02546071 
497 102 8 10 0.025445158 
207 80 9 10 0.025429755 
529 211 8 13 0.0252831 
545 254 9 11 0.025265198 
10 116 9 11 0.02526111 
240 102 8 10 0.025160655 
663 315 9 12 0.024847273 
664 345 10 12 0.02472695 
79 40 8 10 0.024688615 
751 102 8 11 0.024674285 
191 127 7 9 0.024632767 
804 157 11 13 0.024558768 
636 84 9 12 0.024552159 
674 152 9 11 0.024526129 
471 278 9 13 0.024487427 
501 102 9 11 0.02448004 
511 89 8 10 0.024470652 
69 285 10 13 0.0243989 
42 48 8 11 0.024381746 
209 102 8 9 0.024377175 
0 151 7 12 0.024355227 
25 118 7 10 0.024121668 
609 264 8 10 0.024020765 
151 102 8 10 0.023894614 
218 110 9 12 0.023882203 
206 111 8 11 0.023789397 
376 97 13 18 0.023744486 
920 120 10 13 0.023721669 
14 147 19 24 0.023626702 
449 141 10 12 0.023563754 
584 78 7 9 0.023554018 
186 118 8 11 0.023481693 
542 94 8 10 0.023437794 
161 87 9 12 0.023422083 
135 156 10 12 0.023355315 
560 94 8 10 0.023321426 
1004 127 13 17 0.023273958 
169 102 7 10 0.023230843 
23 136 8 10 0.023225125 
815 93 8 11 0.023184426 
200 80 8 9 0.023183174 
592 114 8 10 0.023071572 
89 133 8 11 0.023012009 
999 130 12 15 0.022925893 
16 126 8 10 0.022835448 
25 62 7 8 0.022833236 
25 109 8 10 0.022770733 
1012 156 11 16 0.022736687 
465 95 7 9 0.02272446 
465 87 6 9 0.02271358 
592 285 8 11 0.022682967 
566 237 9 12 0.022678511 
8 135 10 13 0.022583485 
29 101 8 11 0.022485187 
461 257 9 10 0.022466663 
15 88 7 9 0.022430388 
48 71 8 9 0.022411365 
79 292 10 12 0.022411305 
829 157 11 14 0.02240729 
610 65 7 9 0.022336649 
54 109 9 11 0.022310777 
569 79 8 10 0.022152424 
590 253 8 10 0.02208219 
625 103 8 10 0.022082098 
616 87 7 9 0.022017885 
6 81 8 10 0.021977847 
272 127 9 11 0.021926867 
230 189 10 14 0.02181369 
46 116 8 11 0.021791039 
30 111 8 10 0.021781746 
1008 150 9 13 0.021746868 
785 150 9 10 0.02172095 
747 149 10 13 0.02170681 
624 205 9 11 0.021588163 
95 111 7 11 0.021577187 
996 118 10 12 0.021561692 
504 70 7 9 0.021517817 
537 72 7 9 0.021499489 
79 117 8 11 0.0214904 
647 270 9 11 0.02144747 
863 659 14 18 0.021408577 
18 78 8 10 0.02136467 
562 301 7 10 0.02130003 
1006 94 10 13 0.021289237 
616 119 7 9 0.02128555 
141 151 8 10 0.021282472 
583 253 10 11 0.021256488 
834 85 8 11 0.021187907 
586 73 7 8 0.021168562 
480 94 7 9 0.021100812 
601 79 7 9 0.021031382 
655 93 10 13 0.021008799 
584 283 8 12 0.020990454 
287 110 8 10 0.020979699 
120 117 9 11 0.020849032 
628 285 9 11 0.020830287 
551 246 10 12 0.020802576 
725 721 40 44 0.02077886 
247 125 10 12 0.020769974 
160 113 8 9 0.020748885 
632 64 7 8 0.020714685 
239 95 8 10 0.02070214 
104 156 9 12 0.020695407 
589 247 9 12 0.02068233 
529 79 7 8 0.02066469 
74 269 11 13 0.02066445 
58 65 7 9 0.020659067 
574 279 8 11 0.020651128 
261 454 10 14 0.020631619 
609 100 8 11 0.020612722 
551 78 7 9 0.020583397 
289 118 8 10 0.020519707 
616 294 8 10 0.020459607 
408 78 10 12 0.020442538 
8 93 8 10 0.020417543 
544 264 8 10 0.020378137 
657 70 8 10 0.02036312 
55 143 21 28 0.020330563 
101 88 18 25 0.020276912 
102 152 9 12 0.020239232 
198 38 9 11 0.020130636 
632 80 9 12 0.02012637 
670 303 8 11 0.02011846 
248 335 9 11 0.020008046 
1003 86 7 9 0.020001676 
