37_Soccer_soccer_ball_37_867
230
385 206 32 42 0.99920505 
517 219 47 64 0.99817324 
684 108 50 62 0.9973303 
252 238 45 59 0.9951238 
506 58 52 66 0.994574 
85 289 29 35 0.9696241 
900 227 40 52 0.9289361 
355 321 27 29 0.4255532 
451 386 18 24 0.17805193 
442 371 16 21 0.16755788 
134 368 31 45 0.14887613 
561 155 40 50 0.14493853 
7 240 8 10 0.13119988 
22 300 10 13 0.1104259 
845 277 10 13 0.096586995 
44 485 14 20 0.09275908 
278 153 13 16 0.08618878 
63 288 11 14 0.0858318 
30 248 7 10 0.07756218 
14 310 11 13 0.07468162 
20 229 9 11 0.07255887 
574 315 33 38 0.06992155 
475 339 13 17 0.06790443 
823 286 12 15 0.066592805 
833 228 11 13 0.06537289 
335 320 13 19 0.06489829 
49 113 7 9 0.062308386 
814 275 9 13 0.05995739 
471 247 36 48 0.059803393 
754 274 15 17 0.05939888 
484 309 15 18 0.057726033 
65 436 15 19 0.05729787 
340 309 33 43 0.054813687 
333 313 22 33 0.053343654 
105 368 12 16 0.052183453 
33 263 8 11 0.05112818 
265 134 11 14 0.049585916 
215 184 7 9 0.049574345 
20 306 11 15 0.0474416 
17 118 8 9 0.046982285 
783 269 9 12 0.046773385 
26 246 8 11 0.046367735 
135 223 8 10 0.04563844 
80 208 7 10 0.045094013 
31 128 7 10 0.044796545 
15 245 8 10 0.04414222 
30 253 9 10 0.04367262 
17 224 11 13 0.04353161 
17 112 7 9 0.04281447 
49 119 7 9 0.042384237 
15 143 8 10 0.041629374 
842 248 15 18 0.041454956 
41 150 8 10 0.041037526 
197 189 9 12 0.040903855 
419 283 14 18 0.04046945 
851 306 12 15 0.040192537 
22 118 8 9 0.039831687 
94 189 9 11 0.03957259 
157 245 10 13 0.039309718 
23 112 7 9 0.03878635 
29 283 11 12 0.038151003 
8 151 8 10 0.037582316 
64 96 7 9 0.03653485 
267 140 11 13 0.035154805 
183 142 8 11 0.03510162 
40 104 7 9 0.03495383 
232 159 9 12 0.034876764 
812 187 22 28 0.034780923 
178 142 8 11 0.03441596 
238 132 10 13 0.03438129 
53 119 8 9 0.03396861 
215 190 7 9 0.032922063 
152 223 8 10 0.032746945 
104 102 8 10 0.032714155 
224 181 8 10 0.032701187 
3 239 8 11 0.032645658 
118 208 9 10 0.03255069 
344 240 23 26 0.032314003 
33 268 8 11 0.03230092 
0 394 10 16 0.032289922 
284 152 10 13 0.032263514 
48 284 10 12 0.032204516 
76 277 11 12 0.031986948 
354 243 15 18 0.03187997 
494 529 63 59 0.0318137 
272 148 22 25 0.031026324 
62 103 7 9 0.030998027 
54 113 7 8 0.030965505 
21 315 12 15 0.030894615 
22 165 9 12 0.030647527 
72 208 8 10 0.030613836 
790 271 9 11 0.03060306 
230 497 43 63 0.030348713 
950 199 9 10 0.03000051 
238 523 28 34 0.029882504 
333 431 52 67 0.029861188 
484 396 11 16 0.029836182 
123 379 16 22 0.029667804 
14 239 8 10 0.029523056 
24 133 8 10 0.02932876 
100 365 21 26 0.029187102 
215 223 9 10 0.029164333 
102 458 11 15 0.028909782 
80 112 8 9 0.028890042 
16 104 8 9 0.028707583 
16 299 12 14 0.028621258 
24 127 8 11 0.028579041 
6 299 11 13 0.028395649 
931 481 14 19 0.028354885 
441 367 33 47 0.028338391 
16 127 8 10 0.028119417 
26 279 8 12 0.028105952 
363 451 11 16 0.027787333 
54 284 11 13 0.027738826 
177 229 8 10 0.027285049 
16 133 8 10 0.027171161 
24 104 8 9 0.0271432 
58 103 8 9 0.027066715 
31 103 8 10 0.026949722 
89 184 8 10 0.026826136 
344 457 27 36 0.02679384 
32 150 8 9 0.026786493 
750 266 15 17 0.026711855 
239 197 10 12 0.02659374 
479 169 41 47 0.026472755 
363 435 45 63 0.026472164 
177 222 9 11 0.026323963 
31 96 8 9 0.026303021 
836 235 12 14 0.026214138 
270 191 11 13 0.026213849 
28 343 12 16 0.026183615 
271 147 13 17 0.026117416 
78 86 8 10 0.02604227 
55 166 9 11 0.025982818 
209 189 8 10 0.025967462 
127 214 8 10 0.025542838 
730 265 13 17 0.025526708 
150 362 14 19 0.025501428 
167 126 9 11 0.025477812 
24 283 9 12 0.025429027 
40 192 7 8 0.025300454 
2 244 8 12 0.025233526 
230 117 10 12 0.025134305 
33 72 7 9 0.025048887 
54 278 9 12 0.0249259 
426 558 54 80 0.024770085 
336 198 9 11 0.024706546 
176 214 8 11 0.024672125 
47 126 9 10 0.024660697 
786 316 17 19 0.024588348 
232 153 8 9 0.024426952 
88 119 8 10 0.024413444 
25 86 8 10 0.02427386 
45 151 9 11 0.024054518 
81 212 8 10 0.023836315 
66 288 14 17 0.023797046 
144 363 26 36 0.023746103 
280 127 10 13 0.023692692 
104 173 9 10 0.023581544 
40 167 7 10 0.023561329 
751 280 15 18 0.023433488 
6 270 8 11 0.023332138 
48 135 7 9 0.023325793 
475 243 15 19 0.023284677 
230 183 8 10 0.023271734 
73 167 7 9 0.023245275 
209 223 8 10 0.023133775 
22 159 9 11 0.023119882 
129 238 8 11 0.023047118 
24 151 8 10 0.023036957 
102 128 9 11 0.022981342 
439 217 13 17 0.022803288 
198 183 9 12 0.02279845 
96 96 8 10 0.022654083 
210 183 8 10 0.022566976 
71 95 7 9 0.02253784 
248 184 8 10 0.022470456 
73 136 7 9 0.022459375 
164 179 10 13 0.022452869 
557 448 65 73 0.022445938 
462 380 26 35 0.022355616 
161 230 9 10 0.022353852 
161 174 10 13 0.022305831 
18 165 8 11 0.022279177 
248 207 10 12 0.022266563 
135 216 8 10 0.02221745 
50 437 24 28 0.022128647 
111 117 8 11 0.022090381 
79 166 8 10 0.02175921 
32 200 8 10 0.021699544 
456 292 11 16 0.021662517 
129 223 8 9 0.02160969 
445 182 10 12 0.021545772 
49 158 8 10 0.021419352 
74 80 7 10 0.021379918 
41 110 8 9 0.02135377 
183 230 8 10 0.02135277 
1010 283 14 20 0.021338902 
38 204 9 10 0.02130329 
42 54 8 10 0.021286655 
284 468 54 57 0.021266092 
47 184 8 10 0.021260325 
828 287 13 17 0.021257969 
225 176 7 10 0.021102948 
102 31 8 10 0.021084335 
102 358 11 13 0.020987708 
251 211 12 15 0.02098065 
40 127 7 10 0.020956637 
18 363 22 27 0.020936297 
136 206 8 10 0.020847123 
41 95 7 10 0.020827115 
64 168 7 9 0.02078431 
144 132 10 12 0.020774057 
38 307 16 19 0.020699793 
255 110 10 13 0.020610811 
118 278 11 14 0.02058017 
434 293 13 18 0.020534001 
81 118 7 10 0.020528631 
837 283 13 16 0.020528575 
143 205 8 10 0.0205121 
8 110 8 10 0.020505702 
17 254 8 10 0.020478947 
951 191 8 9 0.0204476 
24 143 7 10 0.020267872 
55 160 7 10 0.020254148 
125 255 10 12 0.020157026 
112 206 10 12 0.020129617 
41 144 7 10 0.020084491 
33 205 8 10 0.020073604 
175 285 10 13 0.020049289 
