37_Soccer_soccer_ball_37_32
81
368 129 60 80 0.9875115 
550 116 40 64 0.2057757 
884 75 15 19 0.13001391 
964 8 16 18 0.112088695 
861 33 13 15 0.09137939 
564 135 52 59 0.08443854 
132 213 10 12 0.080303535 
103 233 14 18 0.07938419 
137 173 9 12 0.06533886 
77 221 13 16 0.05912572 
87 245 11 14 0.057700194 
550 282 29 37 0.056347243 
136 166 10 13 0.054541487 
161 212 10 13 0.05239672 
277 116 48 60 0.047382645 
126 227 12 15 0.047058433 
142 166 9 12 0.046965312 
108 223 10 13 0.041330177 
550 93 55 66 0.040385973 
842 103 26 33 0.037962113 
913 115 15 19 0.037188668 
144 207 9 12 0.036770217 
85 204 12 15 0.03531312 
158 253 14 17 0.03531018 
517 -2 27 28 0.034940343 
86 250 11 14 0.03380508 
93 236 12 16 0.033388987 
959 5 14 17 0.033068348 
135 179 11 13 0.033010986 
166 196 10 13 0.032891136 
187 205 12 15 0.032244656 
174 225 11 15 0.031687595 
168 151 9 11 0.031248098 
128 164 10 13 0.03098032 
981 282 13 17 0.029329928 
117 166 10 12 0.028822882 
128 234 12 15 0.028645236 
129 157 10 13 0.028524367 
111 203 12 15 0.027754072 
884 11 13 18 0.027470805 
314 86 15 17 0.027468475 
85 180 12 14 0.027451105 
355 122 34 53 0.027365407 
94 164 13 15 0.02711903 
267 13 17 20 0.026492154 
124 302 15 20 0.026352074 
166 107 15 19 0.025554348 
206 205 13 16 0.025501864 
109 160 11 13 0.025005437 
924 52 15 19 0.024877124 
164 204 12 15 0.024830855 
119 228 11 14 0.024468075 
134 196 10 12 0.024297476 
245 5 17 20 0.024291592 
117 252 14 17 0.023960171 
414 83 14 18 0.023780437 
157 130 11 14 0.023707205 
933 117 15 22 0.023624593 
983 252 11 14 0.023557588 
866 30 11 15 0.022978617 
1012 63 13 19 0.02284559 
926 80 16 20 0.022683892 
131 218 12 15 0.022358725 
956 26 15 17 0.022270061 
189 123 11 13 0.02186954 
862 41 14 18 0.021740573 
150 212 10 12 0.021560103 
220 139 12 15 0.021481162 
87 236 12 17 0.021203052 
263 187 12 15 0.021127237 
168 228 11 13 0.021071997 
101 163 14 16 0.020829868 
904 275 55 56 0.020793336 
213 238 105 157 0.020783849 
271 99 12 16 0.02068205 
129 172 10 12 0.020626118 
810 59 17 21 0.020565093 
581 153 64 61 0.020377317 
948 0 14 17 0.020321371 
276 44 16 19 0.020080367 
968 108 55 94 0.020047903 
