37_Soccer_Soccer_37_170
32
946 64 66 83 0.9990207 
469 219 65 83 0.9981317 
617 88 74 91 0.9952407 
743 76 40 50 0.9942378 
601 1 26 31 0.98994035 
730 0 16 15 0.28972274 
363 417 35 44 0.079831734 
518 -2 13 12 0.07424534 
30 0 11 10 0.04558692 
0 3 12 18 0.039206225 
737 2 14 15 0.03818117 
570 55 46 71 0.03658747 
3 -1 12 12 0.03488455 
944 413 10 13 0.030663213 
866 267 34 42 0.029176565 
645 8 25 30 0.029077476 
1 3 46 73 0.02892204 
748 264 32 42 0.025557378 
709 579 28 34 0.023670256 
942 573 13 17 0.02316145 
614 1 25 29 0.023149712 
376 428 50 55 0.023048686 
982 39 38 45 0.022982134 
455 100 8 11 0.022289198 
542 -2 27 29 0.022110118 
989 563 11 14 0.02180753 
535 73 11 15 0.021215525 
760 69 32 39 0.021077018 
678 0 30 30 0.02076855 
817 590 9 11 0.020663012 
709 0 24 22 0.02063984 
645 41 14 17 0.020093907 
