37_Soccer_soccer_ball_37_506
67
607 264 32 41 0.99501795 
457 235 27 36 0.9908317 
690 253 33 41 0.98724127 
407 244 28 37 0.9525286 
499 390 14 17 0.2681926 
275 323 207 255 0.12335077 
713 136 389 489 0.08602566 
325 430 143 171 0.08312516 
-28 44 472 541 0.07765108 
590 320 14 17 0.059323907 
660 243 17 20 0.04712961 
500 47 434 529 0.04640789 
582 285 11 13 0.04610844 
583 42 12 16 0.04434486 
740 382 12 15 0.043164995 
441 235 27 32 0.04204138 
623 321 14 15 0.03939609 
444 219 12 14 0.037874974 
487 93 11 14 0.036702637 
589 278 11 15 0.036481366 
428 365 12 13 0.036076065 
525 286 11 14 0.03522395 
414 231 36 47 0.034600604 
630 234 12 14 0.034203064 
204 155 399 508 0.031250153 
718 309 16 20 0.031151114 
571 443 13 17 0.030594448 
559 286 10 12 0.029818512 
574 280 11 12 0.029809507 
638 215 9 11 0.029694956 
443 392 14 18 0.028732687 
656 229 9 11 0.02872498 
615 335 12 16 0.028095888 
604 469 29 35 0.027931985 
380 296 11 15 0.027790368 
549 299 10 13 0.027553994 
711 226 13 15 0.027497614 
613 254 14 16 0.027407497 
429 396 15 17 0.026704188 
526 291 12 17 0.026312908 
372 373 10 12 0.026211582 
700 228 11 14 0.025616193 
442 236 14 17 0.024991615 
381 387 10 13 0.024305768 
694 228 11 14 0.023915594 
581 35 21 27 0.023825854 
61 383 107 136 0.02329991 
660 239 13 15 0.02327344 
525 290 22 29 0.023201922 
439 220 12 15 0.023062857 
541 283 12 13 0.022846298 
655 237 12 14 0.022482384 
566 286 11 13 0.022459524 
672 220 8 11 0.021545408 
531 299 13 16 0.021520326 
617 475 19 23 0.021513335 
537 289 23 29 0.02110083 
533 305 12 17 0.02102831 
535 355 14 16 0.020989073 
-5 403 95 156 0.020540608 
405 492 13 15 0.020485712 
645 275 15 19 0.020401282 
568 280 10 12 0.020193927 
599 268 12 17 0.020176427 
436 393 15 18 0.020175148 
245 397 11 12 0.020126248 
574 275 24 28 0.02006624 
