37_Soccer_soccer_ball_37_8
20
667 73 53 77 0.9967777 
239 139 59 72 0.98538834 
698 324 57 71 0.3511398 
488 76 42 62 0.297701 
502 88 47 59 0.09383005 
234 123 34 54 0.065525986 
532 74 46 63 0.06428522 
720 329 38 43 0.043573137 
559 78 47 55 0.039077837 
293 137 37 52 0.036192127 
578 88 50 55 0.034163397 
530 45 52 61 0.027635973 
275 143 39 49 0.025899434 
578 347 450 460 0.025053877 
935 -3 39 36 0.024012908 
16 609 78 56 0.023288842 
754 69 45 68 0.022936128 
555 73 88 97 0.021714717 
510 385 59 90 0.0214702 
596 101 45 58 0.021058569 
