37_Soccer_Soccer_37_394
60
902 90 23 31 0.98817223 
585 123 20 26 0.8422972 
470 126 21 30 0.71626794 
133 149 11 16 0.47944513 
517 132 13 18 0.39475688 
651 159 16 24 0.27458882 
194 126 419 486 0.18757631 
3 185 16 21 0.10227508 
431 255 12 15 0.086865 
932 107 14 18 0.08154568 
249 371 32 31 0.07784735 
941 51 15 20 0.06651901 
636 153 24 34 0.060843714 
647 162 26 33 0.05702102 
465 135 13 21 0.054840244 
127 144 20 26 0.053480905 
358 140 9 12 0.05310601 
3 163 12 19 0.050579328 
72 622 60 56 0.04819013 
501 129 11 18 0.04717162 
912 94 23 31 0.04576596 
446 141 15 18 0.043780714 
907 127 15 21 0.043077473 
-4 483 43 80 0.042576596 
582 223 14 22 0.040880647 
935 52 23 30 0.04007483 
443 126 13 16 0.038040027 
353 141 8 12 0.03778477 
657 155 16 24 0.037190273 
642 143 24 32 0.03680556 
930 123 17 22 0.03559677 
655 142 25 32 0.035084188 
97 625 31 37 0.034483746 
624 155 23 33 0.03417567 
645 139 15 20 0.033910897 
522 136 13 19 0.033424463 
0 193 14 20 0.03165405 
383 160 8 11 0.029716752 
460 109 14 17 0.029042298 
661 124 13 16 0.028927065 
494 129 13 20 0.028898709 
675 143 13 20 0.028448654 
138 154 12 15 0.027388172 
923 103 23 30 0.025078783 
365 133 9 13 0.02406302 
506 122 21 27 0.024050798 
666 138 22 31 0.02372116 
654 175 26 31 0.02240681 
583 118 14 19 0.022294177 
129 143 11 14 0.022069873 
580 208 27 40 0.021752305 
668 151 15 21 0.0214918 
399 135 8 11 0.021315336 
531 154 13 16 0.02085754 
666 163 14 20 0.020780833 
931 38 40 52 0.02065025 
459 323 14 18 0.020521173 
924 127 15 20 0.020351414 
443 155 14 17 0.02019938 
398 141 9 12 0.020037321 
