54_Rescue_rescuepeople_54_335
34
829 142 103 145 0.9996855 
386 373 98 117 0.9991875 
522 232 98 129 0.99858814 
406 351 381 454 0.31566122 
489 210 333 410 0.1856875 
89 405 28 31 0.100995764 
9 7 101 122 0.08035525 
282 393 18 23 0.054223686 
139 441 30 32 0.050992735 
592 279 218 244 0.048129935 
299 395 13 17 0.045349978 
730 377 119 101 0.041675042 
486 89 16 20 0.036806084 
46 30 112 137 0.03389489 
50 71 17 19 0.0321816 
841 470 130 144 0.031893585 
531 204 72 95 0.031113042 
607 259 345 455 0.03033619 
278 380 14 18 0.030114701 
786 304 352 469 0.027980596 
104 409 18 22 0.027490012 
83 44 132 135 0.026858568 
973 18 13 18 0.026848959 
290 389 24 29 0.026465394 
81 411 28 33 0.025689796 
839 429 192 294 0.025532657 
635 267 15 20 0.024648152 
0 336 32 39 0.02407372 
72 390 45 49 0.023239387 
122 408 15 19 0.023087833 
100 31 241 167 0.02293399 
317 428 28 33 0.021514142 
546 235 153 208 0.021245606 
934 4 14 19 0.020907482 
