54_Rescue_rescuepeople_54_208
62
251 9 115 252 0.9842166 
283 16 180 270 0.73195124 
1 246 217 324 0.28240478 
414 505 13 16 0.13269536 
95 45 25 32 0.12728715 
970 9 55 83 0.12269431 
176 440 30 41 0.07318047 
455 530 14 17 0.069654904 
76 330 111 142 0.06933912 
148 46 105 189 0.06704742 
447 517 10 14 0.06554954 
360 26 212 274 0.057177175 
412 504 21 26 0.049192615 
429 516 15 18 0.047258183 
942 114 82 119 0.045613814 
197 594 11 15 0.042963073 
173 296 30 42 0.042659312 
81 225 29 34 0.042568877 
150 371 13 17 0.041934773 
2 135 95 120 0.041093506 
435 532 12 17 0.039994925 
616 69 10 12 0.036174867 
696 114 59 58 0.03442274 
100 60 18 23 0.03153863 
39 99 215 237 0.031249218 
109 107 16 19 0.03114357 
121 125 16 20 0.029902106 
411 517 26 30 0.029615989 
566 96 15 19 0.029290155 
72 36 57 61 0.02906012 
132 119 90 115 0.028834097 
435 514 14 18 0.028517127 
229 532 29 35 0.027379764 
508 548 11 14 0.027223028 
470 550 10 13 0.026886504 
435 523 13 18 0.02667753 
185 452 16 22 0.026305186 
405 511 24 28 0.026261298 
621 69 10 13 0.026176728 
16 76 109 143 0.025930205 
31 40 63 73 0.025765833 
529 554 15 17 0.025674213 
425 518 23 27 0.025640894 
830 304 171 253 0.025335614 
7 26 100 123 0.025166577 
133 299 16 20 0.024898982 
492 66 29 37 0.024614073 
876 97 96 129 0.024192229 
978 188 16 19 0.023140794 
1011 584 12 19 0.02311962 
784 34 187 250 0.022909183 
948 366 82 123 0.022401495 
508 532 12 13 0.021961216 
341 473 50 55 0.021756275 
103 367 70 87 0.021523174 
475 500 18 22 0.021027843 
369 504 203 179 0.020748924 
423 505 24 28 0.020458901 
94 278 31 38 0.020320682 
504 528 9 11 0.02027899 
86 65 15 18 0.020259757 
364 532 15 17 0.020016994 
