54_Rescue_firemanrescue_54_153
40
256 98 111 178 0.9987679 
396 400 117 90 0.67067033 
344 336 210 197 0.2988586 
942 144 25 35 0.11977562 
590 251 44 56 0.11729799 
997 60 13 18 0.09027383 
993 68 11 15 0.06700067 
714 322 50 68 0.055039305 
433 399 117 131 0.05250023 
555 245 17 21 0.04634364 
992 57 21 30 0.04237596 
352 367 132 117 0.039228998 
248 267 394 338 0.037774883 
995 71 14 21 0.03757117 
67 286 28 37 0.03585736 
802 330 17 24 0.035651498 
943 149 13 21 0.034298763 
746 312 45 67 0.033472758 
87 276 12 16 0.03327408 
802 405 198 294 0.033019163 
986 102 15 19 0.031727824 
180 399 120 121 0.027751187 
767 322 28 51 0.027728882 
21 218 12 15 0.026523814 
612 268 13 18 0.026523633 
142 365 10 12 0.026128078 
971 97 27 33 0.025871431 
546 226 28 36 0.025503954 
735 292 9 13 0.025316587 
1 298 11 18 0.02484129 
612 235 51 59 0.023002181 
126 206 9 11 0.022973645 
939 139 43 60 0.022902533 
727 283 85 127 0.021400351 
413 378 193 224 0.021376777 
602 264 28 34 0.021311793 
3 201 14 18 0.021060336 
619 275 13 17 0.020864286 
53 213 12 17 0.020453082 
44 217 25 32 0.02012265 
