54_Rescue_rescuepeople_54_188
44
406 102 205 246 0.9998266 
287 97 91 113 0.99768937 
694 15 51 59 0.99193454 
950 161 45 52 0.7962513 
238 40 30 51 0.22017062 
239 16 52 76 0.08772141 
839 127 26 35 0.083107024 
786 270 29 43 0.07772747 
-1 81 26 48 0.073896974 
-1 50 40 73 0.06740039 
594 -3 45 44 0.064761564 
93 221 42 57 0.059773177 
381 27 24 35 0.05525131 
848 120 26 37 0.045713995 
122 209 44 56 0.040400423 
246 69 94 134 0.03976251 
206 53 62 82 0.038379516 
501 143 135 186 0.036096085 
942 173 34 41 0.035345532 
574 -17 82 98 0.03457764 
854 117 13 18 0.033874277 
246 55 54 74 0.033745456 
36 22 93 134 0.033545572 
139 199 43 59 0.031864673 
867 291 52 77 0.02937399 
749 -5 31 36 0.028583756 
274 48 14 19 0.027806325 
937 70 56 73 0.025961239 
51 54 59 83 0.025938923 
165 224 15 21 0.025144612 
625 190 34 50 0.023229674 
592 27 84 137 0.022932533 
861 122 25 36 0.022570131 
889 300 50 77 0.021725653 
565 314 67 82 0.021701915 
63 43 99 142 0.02166655 
197 65 90 133 0.021429349 
783 471 36 42 0.021070963 
978 217 18 21 0.020992171 
802 288 17 21 0.02085429 
537 248 104 126 0.020785846 
250 7 34 48 0.020492563 
919 133 13 16 0.02026491 
2 98 18 25 0.020246677 
