54_Rescue_rescuepeople_54_135
281
872 484 61 69 0.9953815 
870 210 24 42 0.99200517 
503 3 48 65 0.98934937 
945 218 20 35 0.9760335 
330 45 31 48 0.95317596 
996 232 22 26 0.41469997 
965 366 28 33 0.38164148 
174 59 17 19 0.2902069 
791 294 26 36 0.25548837 
75 184 14 20 0.25166553 
920 398 26 40 0.22533883 
445 -1 46 54 0.21475416 
123 377 36 52 0.19830137 
41 581 60 68 0.19653675 
659 579 53 73 0.17899334 
42 553 61 62 0.17777252 
341 295 25 36 0.16396908 
158 175 24 33 0.16104269 
65 222 24 34 0.15424779 
452 378 17 23 0.14911377 
684 126 11 15 0.14879614 
101 182 15 20 0.14494571 
423 367 30 47 0.14449656 
152 59 18 22 0.14107096 
961 465 31 47 0.13450094 
148 204 14 18 0.1338438 
741 43 13 16 0.13333096 
951 475 49 70 0.124063104 
436 369 24 38 0.11706482 
593 31 15 18 0.113991365 
156 179 16 23 0.11141309 
264 197 102 132 0.105643146 
936 215 21 33 0.105223514 
835 334 26 29 0.100906104 
859 171 12 16 0.09948345 
700 43 10 14 0.09699087 
741 318 11 14 0.09568781 
365 132 92 120 0.09357801 
526 351 10 12 0.09322328 
107 389 37 51 0.092071414 
877 169 13 16 0.09181091 
1004 413 20 32 0.091566294 
164 55 20 26 0.09008416 
-6 577 51 75 0.088219725 
953 373 33 42 0.084990665 
909 423 45 57 0.08363684 
964 314 27 30 0.08213067 
406 365 33 48 0.081507295 
397 7 45 57 0.08065659 
716 55 16 21 0.07929759 
101 170 12 16 0.07812187 
752 321 12 16 0.07728607 
827 235 13 16 0.07447579 
976 361 25 32 0.07380118 
640 26 14 17 0.07240915 
131 199 15 22 0.06924719 
797 255 15 19 0.06847969 
808 228 9 12 0.06662657 
118 108 9 13 0.064608 
857 363 31 37 0.06431143 
98 232 16 22 0.06328913 
532 262 32 39 0.06256466 
164 231 14 18 0.06093286 
581 354 26 39 0.057865776 
992 233 15 21 0.057722606 
690 335 22 26 0.05762113 
354 298 17 22 0.055824973 
787 302 18 24 0.05581216 
742 340 14 19 0.054920007 
214 349 43 65 0.05270773 
141 199 16 23 0.05230829 
581 269 24 37 0.051991384 
74 229 26 28 0.05091754 
124 306 29 32 0.050324947 
625 372 28 39 0.05014913 
902 398 40 54 0.049430538 
170 164 24 35 0.049076874 
4 299 30 41 0.048775833 
776 250 11 15 0.048567932 
85 108 10 13 0.04828269 
252 158 27 37 0.048146337 
912 285 40 55 0.048040096 
871 170 12 15 0.047621872 
136 378 50 60 0.047583766 
104 223 20 30 0.047180817 
284 140 12 14 0.047114898 
769 330 16 20 0.046813007 
324 425 30 39 0.045963213 
854 164 13 18 0.04553167 
666 501 59 75 0.045281984 
81 107 9 13 0.04370075 
81 181 13 18 0.043526094 
111 131 10 14 0.043478604 
752 317 21 26 0.04307183 
15 245 24 32 0.04289571 
610 269 21 28 0.042835847 
930 289 23 34 0.042330332 
949 169 15 19 0.042161517 
17 588 56 68 0.04211103 
989 240 27 34 0.040829096 
910 207 22 34 0.040535804 
79 392 32 46 0.040090866 
1007 236 16 20 0.040088575 
393 18 27 38 0.039628405 
923 396 43 56 0.038811192 
731 409 40 54 0.03839785 
195 203 47 52 0.037562333 
95 58 10 13 0.037532803 
951 215 30 41 0.03739612 
327 59 16 25 0.03723294 
184 54 22 27 0.037005473 
136 308 17 21 0.03683596 
844 265 15 18 0.03665943 
94 167 13 16 0.03596812 
64 124 11 15 0.03595067 
652 494 47 62 0.035865262 
54 384 28 41 0.035787843 
76 171 12 16 0.0356827 
642 315 13 17 0.035672374 
585 341 41 58 0.035569753 
93 121 11 15 0.035200905 
517 419 16 21 0.03517003 
766 336 15 20 0.035158057 
749 331 14 18 0.035027582 
81 240 17 21 0.034034867 
930 420 28 44 0.033973876 
90 380 43 57 0.03381398 
92 227 17 21 0.033788137 
149 186 21 30 0.033742204 
122 190 20 29 0.033632357 
754 331 24 29 0.03361484 
69 166 12 16 0.033372045 
415 25 30 36 0.033356164 
173 163 14 20 0.03313394 
881 164 15 19 0.03311325 
922 438 49 61 0.03291059 
94 178 16 21 0.032878093 
476 331 13 16 0.032827094 
689 584 69 77 0.03272264 
278 133 12 15 0.032333832 
110 181 19 28 0.032299664 
335 49 48 64 0.03205403 
946 388 43 58 0.031932466 
971 404 32 45 0.0318956 
85 120 14 18 0.03148309 
837 265 15 19 0.03140904 
605 279 14 21 0.03139968 
662 595 30 50 0.031397566 
939 384 33 45 0.031205436 
59 567 60 64 0.031037232 
1001 245 18 23 0.030645104 
898 440 52 65 0.030554269 
622 490 50 62 0.030436223 
792 258 12 15 0.03029886 
563 346 37 52 0.02999279 
997 247 27 42 0.029890696 
107 189 13 19 0.02981178 
69 123 11 16 0.029742328 
736 317 11 14 0.029451385 
620 26 13 16 0.02940499 
790 596 57 69 0.029369945 
141 149 13 16 0.029289067 
554 497 33 51 0.029173195 
864 382 19 22 0.029137263 
67 171 20 29 0.02899276 
637 32 15 18 0.028624196 
143 207 25 29 0.028585205 
989 359 24 35 0.028504469 
153 199 16 23 0.028449947 
88 405 112 129 0.02844843 
968 380 19 24 0.027974026 
517 241 58 52 0.027741302 
390 104 65 87 0.027710827 
420 31 19 23 0.02761796 
869 180 13 17 0.027446141 
96 169 21 26 0.027435603 
971 206 19 23 0.027249381 
262 140 10 14 0.027187727 
130 238 25 33 0.02695942 
858 271 16 20 0.02695023 
612 397 15 20 0.026908599 
599 495 50 62 0.026691118 
732 310 12 15 0.026468122 
53 207 15 21 0.02645934 
77 122 13 16 0.026394574 
670 305 12 15 0.026313178 
846 263 24 26 0.026295444 
178 167 30 38 0.025874697 
101 115 11 15 0.025839148 
342 102 88 123 0.025341315 
42 359 44 56 0.025332583 
111 116 10 13 0.025301443 
802 228 9 11 0.025247209 
62 393 31 43 0.025217341 
17 510 114 114 0.02514473 
434 384 18 29 0.025115611 
417 1 50 60 0.02490894 
954 231 18 30 0.024897402 
676 305 12 15 0.024837604 
841 280 26 33 0.024765259 
399 355 32 40 0.024731316 
576 283 24 40 0.024697676 
964 362 20 24 0.02455911 
700 283 12 16 0.024532419 
920 216 23 32 0.024387328 
524 498 29 47 0.024349317 
118 114 10 14 0.024305357 
84 131 12 14 0.024139496 
232 351 47 66 0.024065623 
499 392 16 20 0.024058104 
114 218 17 25 0.02387986 
50 206 36 50 0.023862569 
859 200 26 36 0.023828272 
143 242 25 32 0.02382605 
107 172 13 17 0.023689255 
555 419 13 17 0.02352345 
278 123 55 62 0.02347973 
949 338 42 53 0.02344777 
136 220 43 51 0.023385832 
885 199 28 37 0.023314001 
271 189 29 34 0.023218198 
326 363 28 35 0.023147743 
260 155 14 18 0.023019798 
440 356 38 50 0.022965113 
324 287 36 44 0.022927452 
533 263 18 22 0.022926716 
762 321 17 21 0.022910079 
107 308 44 48 0.022765635 
183 186 45 49 0.022755375 
933 211 12 20 0.022686183 
76 274 17 20 0.022619862 
340 546 44 58 0.022580126 
150 290 12 18 0.022579297 
823 231 12 13 0.022562444 
272 141 10 12 0.022527827 
976 374 26 36 0.022511145 
59 191 14 20 0.022498315 
337 355 38 52 0.02246345 
317 119 52 75 0.022407528 
1 552 87 90 0.02240206 
594 282 14 20 0.022343913 
900 200 26 35 0.022220366 
535 69 27 32 0.022208745 
802 301 49 65 0.022193296 
62 364 48 58 0.022156766 
469 378 13 17 0.022026142 
125 104 10 12 0.022022111 
392 0 35 39 0.02194933 
535 13 32 42 0.021899382 
77 58 10 14 0.021866478 
501 6 33 38 0.02181792 
685 305 13 16 0.02170418 
605 341 40 59 0.021656817 
581 372 16 23 0.021586208 
971 219 27 36 0.021567475 
63 172 13 18 0.021439223 
319 137 30 43 0.0214175 
875 358 27 36 0.02137896 
822 259 44 54 0.02137521 
638 509 82 115 0.02133966 
274 23 47 63 0.021288443 
524 401 14 17 0.021131158 
519 349 12 16 0.021095099 
838 228 12 15 0.021087423 
70 189 14 21 0.021043813 
394 266 27 36 0.020790705 
878 380 49 62 0.020776259 
524 249 88 118 0.020642947 
262 149 11 16 0.02058974 
169 181 17 25 0.02058873 
291 168 113 139 0.020528926 
100 220 15 20 0.020522429 
276 198 17 20 0.020518541 
501 26 33 45 0.020466654 
154 228 23 30 0.02046142 
874 178 16 17 0.02037548 
91 219 16 20 0.020341814 
945 470 33 45 0.02024662 
286 144 54 69 0.020073222 
250 109 184 242 0.020030173 
719 292 12 15 0.020007217 
