54_Rescue_firemanrescue_54_617
32
584 218 213 333 0.9993445 
147 517 237 256 0.7480728 
42 1137 156 143 0.497003 
37 584 231 230 0.3738552 
462 77 364 531 0.26650006 
28 692 116 145 0.12414712 
276 547 179 294 0.1036381 
58 457 374 409 0.10048077 
175 720 108 112 0.09374084 
219 817 215 252 0.08020575 
790 826 55 65 0.064578354 
866 272 107 164 0.0598203 
691 839 243 265 0.059031304 
-1 989 28 59 0.05727437 
36 635 126 140 0.05611926 
773 233 175 248 0.05073897 
189 777 68 65 0.043954547 
165 640 151 164 0.041572794 
85 652 77 85 0.037791364 
281 1023 202 233 0.03582897 
641 290 257 323 0.02539579 
449 180 219 313 0.02535674 
27 675 194 249 0.02522498 
296 612 122 168 0.024862036 
75 601 132 150 0.023583094 
604 310 71 103 0.023479464 
237 1072 36 43 0.022953093 
595 167 29 44 0.022526858 
235 864 113 157 0.021516647 
341 762 16 18 0.020914419 
365 660 16 18 0.020441344 
49 1012 202 232 0.02007515 
