54_Rescue_rescuepeople_54_602
26
349 227 56 75 0.9994511 
494 199 67 86 0.99853146 
840 234 71 88 0.99834025 
218 199 57 68 0.99686265 
647 229 60 76 0.9954026 
243 492 50 68 0.075375415 
595 893 193 214 0.062564954 
129 458 128 149 0.043027755 
802 1446 9 11 0.03555007 
697 1216 29 34 0.034932908 
263 497 28 34 0.0346407 
718 322 86 117 0.034405492 
344 321 47 58 0.030360704 
201 496 62 87 0.029590234 
227 302 45 51 0.029363139 
177 1102 206 234 0.028326813 
483 895 385 439 0.027194312 
830 1455 10 13 0.027126746 
755 333 81 119 0.026995232 
901 143 51 61 0.023688518 
587 256 42 55 0.023406256 
416 803 120 140 0.023350762 
754 324 33 51 0.022144157 
27 0 203 244 0.022013124 
228 332 33 45 0.020769043 
84 368 46 61 0.020671418 
