54_Rescue_rescuepeople_54_108
38
223 332 209 298 0.9990978 
446 248 296 311 0.96625906 
589 64 270 263 0.9382721 
156 971 320 247 0.61629355 
454 914 430 447 0.44420788 
438 338 112 141 0.20272359 
669 127 151 181 0.18046704 
335 291 263 365 0.16825438 
560 1018 260 272 0.13461147 
496 90 386 398 0.1065383 
68 886 221 231 0.09382539 
556 146 104 129 0.09212711 
477 212 42 45 0.08757071 
626 486 387 431 0.08610135 
226 887 379 478 0.07390864 
715 412 122 120 0.061168384 
155 1064 241 273 0.06005375 
581 133 154 154 0.052921202 
397 523 240 295 0.049638923 
83 811 59 81 0.049613006 
487 280 140 198 0.04611118 
686 100 256 265 0.042255912 
279 657 512 607 0.037927452 
552 168 61 79 0.037166063 
163 430 375 423 0.037133217 
405 300 104 149 0.032740433 
976 285 47 97 0.030761065 
473 228 50 54 0.030162875 
392 434 385 482 0.030110026 
317 1005 30 36 0.02958088 
963 567 33 44 0.02830524 
85 987 129 153 0.028069321 
516 140 233 261 0.026779588 
765 704 223 267 0.025382403 
-4 667 331 438 0.024199907 
535 199 115 140 0.02190226 
464 322 67 91 0.021440912 
-11 -25 404 519 0.020410558 
