54_Rescue_rescuepeople_54_222
64
122 31 31 38 0.99907994 
49 35 34 41 0.9988533 
846 43 47 58 0.9965449 
223 69 33 44 0.99488896 
509 219 38 49 0.9930248 
174 53 36 44 0.99114907 
671 43 48 69 0.9130827 
331 93 41 44 0.84547144 
268 173 29 34 0.34113675 
19 177 16 18 0.18715346 
234 297 54 53 0.18081668 
101 214 27 32 0.17554758 
207 442 34 45 0.1316464 
217 438 44 57 0.13091555 
822 262 12 17 0.06933025 
321 59 32 41 0.065805905 
762 247 13 17 0.064801775 
383 238 32 45 0.054114144 
0 162 12 22 0.052010942 
200 60 38 48 0.050882 
666 57 33 44 0.048629537 
445 460 63 60 0.04269061 
663 362 93 150 0.03973627 
337 170 16 17 0.039567925 
701 46 38 50 0.038293786 
361 259 14 19 0.03715533 
347 219 11 14 0.03567499 
261 304 33 37 0.03522026 
356 493 13 16 0.03358284 
530 276 31 41 0.032734685 
453 454 39 41 0.03255795 
319 354 87 134 0.030685622 
1012 451 10 14 0.027164526 
723 248 29 35 0.026060505 
1013 444 10 15 0.025953807 
811 401 15 19 0.025783282 
316 68 74 93 0.025765514 
646 149 38 57 0.025708089 
100 187 12 15 0.025591847 
943 446 10 14 0.025556294 
12 165 25 30 0.024248665 
318 67 12 19 0.02420632 
326 68 39 52 0.024176305 
266 150 44 53 0.023765333 
242 379 87 114 0.023506029 
808 410 13 20 0.023435336 
122 251 17 20 0.023396965 
234 204 13 17 0.023290986 
941 385 11 15 0.02284566 
390 143 13 16 0.02272546 
160 34 43 54 0.022682719 
341 189 28 35 0.022242691 
238 448 35 46 0.022234492 
110 349 9 12 0.022174543 
461 242 12 16 0.021910816 
267 401 51 74 0.02173844 
255 286 33 42 0.02171209 
394 403 16 19 0.02161259 
662 109 10 14 0.021018337 
329 165 26 28 0.020732911 
564 -57 416 506 0.020730594 
100 35 447 485 0.020518541 
969 451 9 11 0.020242136 
943 404 10 13 0.020129902 
