54_Rescue_rescuepeople_54_557
25
696 131 37 49 0.9883387 
683 146 25 34 0.057361975 
788 227 48 60 0.043657668 
685 154 15 21 0.04292417 
688 232 53 49 0.040483948 
47 155 275 345 0.038915876 
141 106 466 464 0.036586083 
776 161 12 15 0.030660132 
40 -1 33 30 0.03051249 
659 145 25 34 0.028920654 
712 135 40 47 0.02868764 
671 146 23 34 0.02830499 
84 0 15 18 0.026396804 
646 143 28 35 0.026226824 
1014 517 9 13 0.025747988 
431 213 12 15 0.025677593 
572 258 77 57 0.023966642 
80 70 25 32 0.023870677 
870 315 11 14 0.023228642 
924 419 13 17 0.022736587 
895 300 10 13 0.021781268 
209 316 220 327 0.021767206 
839 221 210 239 0.021477599 
399 647 9 11 0.021091318 
56 0 19 18 0.020517206 
