54_Rescue_rescuepeople_54_860
20
312 438 172 239 0.9983455 
596 111 209 253 0.9814399 
143 884 204 288 0.3525403 
102 759 226 264 0.14447895 
272 699 439 550 0.107647814 
121 776 353 474 0.094120555 
699 662 388 449 0.080227405 
547 728 461 551 0.07211792 
74 683 120 149 0.066351995 
529 15 323 427 0.060504016 
50 689 214 215 0.057615034 
98 680 73 88 0.040683884 
17 712 155 154 0.03624569 
194 843 243 252 0.029494876 
595 83 119 163 0.028103653 
128 934 119 192 0.02558456 
718 220 340 457 0.022680586 
347 799 255 364 0.022222875 
456 32 90 139 0.021855615 
172 1051 13 16 0.021663934 
