54_Rescue_rescuepeople_54_526
62
470 21 70 65 0.9808928 
375 802 113 185 0.8326962 
185 814 166 208 0.33129153 
4 900 17 23 0.30610377 
262 800 169 212 0.29206383 
494 499 58 75 0.21069701 
493 0 62 70 0.16705938 
38 1174 25 33 0.08888905 
683 422 17 21 0.08632378 
438 501 91 106 0.077392146 
463 550 30 35 0.06172938 
773 410 25 30 0.055224977 
662 371 12 15 0.05515889 
676 370 15 19 0.0501453 
668 378 15 18 0.049188003 
409 802 61 114 0.04739462 
159 861 118 139 0.047157563 
52 913 23 32 0.046369277 
417 532 98 111 0.042504083 
220 880 75 74 0.040274944 
62 882 13 15 0.039864205 
0 867 13 21 0.03642833 
5 1167 24 35 0.035804525 
191 885 72 77 0.03359116 
179 911 54 65 0.033198886 
55 1041 25 33 0.03195951 
167 1305 50 60 0.03086654 
707 393 19 21 0.029904101 
76 842 15 21 0.029782565 
467 554 17 23 0.029286014 
942 154 24 33 0.02852582 
500 263 31 44 0.028332261 
666 374 24 30 0.02780351 
155 925 57 68 0.027693268 
23 1026 25 37 0.02739942 
203 901 14 18 0.026057841 
390 495 106 98 0.026004622 
7 889 18 23 0.025822058 
78 838 27 36 0.02564943 
903 171 12 17 0.025270388 
0 1069 12 20 0.025195433 
996 148 13 17 0.025156563 
731 404 25 29 0.024930028 
156 920 417 453 0.024737762 
909 170 12 17 0.024549339 
979 811 16 20 0.024479672 
506 202 25 36 0.02409663 
67 1037 15 22 0.022974905 
0 891 12 21 0.022882948 
18 1153 17 22 0.022798853 
35 868 12 16 0.02263017 
115 1269 43 69 0.021835184 
16 1055 27 38 0.021506956 
670 364 24 29 0.021255791 
929 148 27 33 0.021242889 
597 224 12 16 0.021063717 
917 171 13 17 0.020929947 
704 392 54 52 0.020634674 
100 889 112 128 0.020438045 
988 801 25 32 0.020375082 
739 416 15 19 0.020326903 
871 138 30 37 0.020182757 
