54_Rescue_rescuepeople_54_777
23
779 336 67 89 0.99921167 
692 121 58 74 0.9975846 
286 40 62 94 0.99660397 
410 297 74 110 0.9922931 
638 431 35 37 0.52385765 
173 281 109 120 0.07301126 
451 66 49 89 0.066659644 
191 177 173 187 0.061632 
969 428 16 20 0.058767565 
307 221 73 72 0.05407986 
1006 353 15 22 0.048697554 
632 144 45 58 0.047787905 
986 344 38 60 0.034274165 
1012 348 11 17 0.032665916 
945 428 16 23 0.032364924 
30 506 11 15 0.032047447 
468 35 77 137 0.02934307 
848 613 56 62 0.027737532 
999 351 24 37 0.026102517 
978 427 15 20 0.025645774 
992 438 29 41 0.02548827 
994 420 22 30 0.025250956 
949 179 79 130 0.024944143 
