54_Rescue_rescuepeople_54_529
34
408 26 63 85 0.9989427 
460 193 56 64 0.9388768 
297 225 61 85 0.79964876 
818 167 75 97 0.78833324 
694 203 282 225 0.5250181 
77 300 255 189 0.40632814 
843 205 65 83 0.33612633 
482 19 382 434 0.16423377 
806 254 180 238 0.15713724 
632 210 201 208 0.10296447 
287 246 101 102 0.09608356 
786 246 154 134 0.09501434 
798 203 125 113 0.082404815 
489 50 250 248 0.073886074 
396 292 49 55 0.07358824 
409 276 46 49 0.060870733 
465 161 197 244 0.051193 
411 264 33 32 0.04980231 
174 243 212 209 0.047911946 
514 249 112 155 0.037285693 
306 214 42 56 0.035512537 
875 234 34 45 0.03547137 
67 122 17 21 0.033302337 
488 177 35 46 0.03289319 
463 178 88 115 0.031329524 
858 242 42 47 0.028983861 
364 304 56 64 0.02807489 
32 229 223 230 0.026729032 
604 362 27 36 0.025093041 
480 142 48 59 0.025064291 
630 253 50 73 0.024252577 
633 217 94 126 0.021547353 
149 224 50 57 0.020642923 
677 214 110 149 0.020383747 
