54_Rescue_rescuepeople_54_581
578
539 318 9 12 0.8408876 
625 184 9 12 0.831765 
506 180 10 13 0.8106517 
435 182 9 12 0.70934784 
316 339 9 12 0.66108865 
908 370 10 15 0.6540598 
287 191 9 11 0.637225 
748 198 9 12 0.6357308 
59 350 9 11 0.6273926 
263 330 10 14 0.6197228 
691 373 9 13 0.61388195 
384 187 9 12 0.5951606 
842 367 9 12 0.57978857 
595 355 11 14 0.56687206 
691 190 11 15 0.5245848 
421 329 11 14 0.5113773 
792 366 9 12 0.5071115 
997 366 11 14 0.50682425 
642 366 10 13 0.5056942 
167 352 10 12 0.4900546 
481 319 10 11 0.48671916 
919 316 10 11 0.48576394 
372 352 12 15 0.4833802 
847 182 11 13 0.47941154 
654 198 9 13 0.47600842 
844 188 11 13 0.4708735 
479 180 10 14 0.47062826 
807 178 12 14 0.4654191 
972 421 13 15 0.46020338 
683 215 12 16 0.43001056 
886 353 12 15 0.4296641 
886 311 9 12 0.42314819 
95 357 10 13 0.41899055 
93 337 8 11 0.41405597 
405 181 8 10 0.4101519 
958 196 10 12 0.3955443 
192 181 12 15 0.37368277 
398 176 9 10 0.35861173 
361 341 9 13 0.35016143 
882 196 9 13 0.34703848 
454 190 9 12 0.33325422 
964 308 9 12 0.32037413 
106 192 11 14 0.3106531 
1013 372 9 13 0.28935426 
805 190 11 14 0.28804943 
537 367 10 13 0.27996653 
1 335 8 13 0.27574578 
878 370 13 16 0.24745645 
211 327 11 14 0.22841796 
232 374 9 13 0.21836564 
911 200 10 12 0.21590416 
367 357 11 14 0.21298032 
935 197 10 13 0.2100009 
394 175 9 11 0.20773968 
979 367 11 15 0.20216362 
817 366 9 12 0.19827859 
883 364 14 19 0.19141306 
361 358 9 13 0.18966956 
409 356 9 12 0.18799354 
540 338 10 13 0.18015854 
481 354 10 13 0.17985632 
401 179 9 11 0.17825712 
188 175 21 26 0.17003702 
884 332 10 13 0.16915767 
237 350 9 12 0.16070122 
241 341 9 12 0.15976365 
390 180 9 12 0.15707761 
967 189 9 12 0.15424544 
205 362 12 15 0.14494266 
672 198 11 13 0.13998544 
926 206 13 15 0.12906995 
111 223 8 11 0.12817432 
431 318 8 10 0.12541516 
250 188 8 11 0.12522173 
270 355 9 13 0.12311001 
801 194 11 12 0.12252559 
392 357 8 12 0.11897371 
413 352 9 11 0.109668985 
812 184 11 15 0.10904679 
901 222 16 21 0.108673 
306 192 7 11 0.103624344 
709 181 11 14 0.10347626 
742 366 10 12 0.10205239 
287 351 10 13 0.10130587 
398 356 9 13 0.09744661 
740 372 11 13 0.09475858 
884 191 11 14 0.09411139 
484 176 9 11 0.093578845 
264 355 10 12 0.08877584 
13 189 9 12 0.08862704 
322 198 10 12 0.08801968 
905 206 10 12 0.08711305 
456 328 8 10 0.086977564 
534 312 16 23 0.085313976 
448 360 11 14 0.08488823 
4 337 11 15 0.084692925 
391 349 10 13 0.08454927 
208 198 12 15 0.08339257 
292 190 8 11 0.08331649 
548 181 10 12 0.08189935 
171 354 10 12 0.08153643 
233 196 10 13 0.081435405 
407 270 10 13 0.080870934 
426 206 9 12 0.08055867 
440 327 8 10 0.07757394 
842 193 11 14 0.07755554 
452 362 10 14 0.07682193 
407 334 8 11 0.07664101 
391 318 7 10 0.07531983 
502 176 17 22 0.07479243 
925 416 8 11 0.07475161 
877 378 10 13 0.074633025 
745 201 10 12 0.07409297 
764 357 13 15 0.073887505 
245 335 8 11 0.07308528 
116 389 9 11 0.07274844 
455 332 8 11 0.07115978 
331 385 11 15 0.07059915 
924 332 13 16 0.07055778 
1012 376 11 18 0.06974308 
821 181 11 15 0.0696555 
333 356 9 13 0.06910428 
229 332 10 12 0.068670295 
531 379 13 17 0.06848351 
228 326 10 13 0.06707461 
379 189 9 12 0.066463746 
887 178 11 14 0.06640056 
256 349 10 12 0.06599611 
689 377 9 13 0.06565236 
677 371 12 16 0.065462776 
980 379 13 18 0.06530315 
915 198 11 14 0.064570874 
397 350 9 13 0.06445245 
37 183 8 12 0.06240923 
424 213 10 13 0.06235501 
868 335 10 11 0.062076908 
379 349 11 15 0.06190487 
481 313 8 11 0.061754823 
1005 386 14 19 0.061213885 
999 291 13 17 0.06103292 
864 413 10 13 0.060440347 
431 270 9 13 0.059723854 
407 340 10 12 0.059164293 
904 366 18 23 0.058810137 
840 183 18 23 0.058319747 
12 334 10 13 0.058316793 
686 185 19 24 0.057896584 
429 311 10 12 0.057154942 
693 183 12 17 0.057149995 
57 355 10 12 0.056557078 
592 363 11 14 0.05639596 
61 345 9 12 0.05611595 
897 451 10 14 0.05585715 
686 366 19 24 0.054324906 
870 411 11 14 0.05402101 
824 359 9 12 0.053739037 
702 186 12 16 0.05340852 
957 202 12 15 0.0516453 
253 185 8 10 0.050675854 
672 372 11 16 0.050370704 
471 198 9 12 0.050328758 
851 185 11 14 0.049588505 
767 336 12 13 0.049323816 
697 356 10 13 0.048887648 
963 388 12 16 0.048753932 
447 327 8 11 0.04855044 
798 190 21 24 0.048537705 
702 355 9 13 0.048423443 
484 323 10 12 0.047800455 
359 346 10 13 0.04770987 
981 343 10 13 0.047556393 
908 212 13 17 0.047552507 
430 176 17 22 0.046898637 
744 193 17 23 0.04683674 
482 393 13 16 0.04677974 
440 332 10 12 0.046757996 
901 213 14 18 0.04673618 
101 187 19 23 0.04625432 
406 328 9 11 0.045936774 
903 347 11 14 0.04579915 
975 197 11 13 0.045776255 
884 201 11 14 0.04547944 
918 324 13 16 0.045021944 
101 351 10 13 0.044464294 
54 344 17 22 0.044388965 
918 203 12 14 0.044048287 
805 182 20 24 0.043209773 
47 397 7 10 0.042868894 
404 261 10 13 0.042758327 
967 423 13 16 0.0425584 
366 228 8 11 0.042400602 
637 359 18 24 0.04234513 
998 287 10 14 0.042290457 
447 333 9 11 0.04225222 
427 324 11 13 0.041793544 
935 346 10 15 0.041790027 
401 334 9 11 0.041732803 
362 229 8 11 0.041640073 
890 311 11 13 0.04120325 
933 339 11 15 0.040896125 
12 196 11 14 0.04085779 
5 328 11 14 0.04073305 
486 313 8 9 0.040731613 
391 362 9 12 0.040691204 
872 374 12 15 0.04039807 
964 193 11 14 0.04033929 
786 364 11 14 0.040335994 
41 392 7 11 0.039913982 
828 358 9 11 0.039840803 
910 350 11 14 0.039782844 
32 186 9 13 0.03965371 
702 371 11 14 0.039627876 
621 347 12 17 0.03959158 
882 315 10 13 0.03954396 
428 245 12 15 0.0394643 
917 354 12 13 0.039395753 
593 239 9 11 0.039380945 
557 201 13 17 0.039312273 
992 358 12 15 0.039187416 
927 197 14 15 0.038865495 
853 426 11 16 0.038742375 
400 341 9 12 0.038556907 
621 363 9 14 0.0385021 
773 339 11 13 0.03847162 
476 373 15 18 0.038255207 
494 319 9 11 0.037964992 
875 408 14 17 0.03780668 
261 367 12 14 0.037752576 
784 358 10 12 0.037645187 
405 186 10 12 0.037093405 
21 333 11 13 0.037000034 
621 180 16 20 0.036695577 
462 317 10 11 0.03664732 
592 341 9 13 0.03643054 
363 351 19 24 0.03634105 
77 335 10 12 0.036285177 
292 350 10 12 0.036082968 
806 380 11 15 0.03606937 
190 328 9 11 0.03564463 
886 305 10 13 0.03553222 
922 419 9 13 0.035277925 
510 340 12 14 0.035167813 
888 246 9 12 0.035119597 
110 217 9 12 0.03511005 
287 334 9 11 0.0350579 
1015 310 8 13 0.034956075 
863 180 14 16 0.03489325 
311 334 19 24 0.034839872 
785 373 10 13 0.034798462 
821 370 9 14 0.03470321 
895 341 10 14 0.034579284 
916 387 11 15 0.034526244 
767 519 10 13 0.03439852 
89 354 11 14 0.034313563 
668 228 10 15 0.03419836 
930 333 11 15 0.034193832 
881 327 10 14 0.0341738 
862 428 11 15 0.034166265 
482 379 15 19 0.034146804 
799 198 25 32 0.033862997 
830 336 9 11 0.03382704 
959 428 11 14 0.03380321 
891 348 12 16 0.033797946 
36 198 11 15 0.033705633 
885 340 12 14 0.03359968 
715 181 11 13 0.03343165 
365 337 10 13 0.033427488 
795 371 12 15 0.033392288 
540 356 12 15 0.03323546 
676 204 11 14 0.033051275 
893 333 10 12 0.03303104 
484 341 13 16 0.032984722 
91 351 20 24 0.032955587 
838 361 18 23 0.032928783 
385 304 7 10 0.032859262 
279 349 11 15 0.032808732 
893 315 10 14 0.03277149 
524 213 13 16 0.032749172 
914 311 10 13 0.03267669 
200 358 13 15 0.03265077 
518 332 10 12 0.032602355 
232 353 11 13 0.0325355 
173 345 10 12 0.032434005 
368 225 8 10 0.03234842 
701 177 21 26 0.03233529 
425 319 10 12 0.032244656 
835 452 13 19 0.03208091 
860 373 11 15 0.031922195 
743 357 12 16 0.03190022 
365 362 10 12 0.0318417 
438 320 8 10 0.031838544 
971 538 24 30 0.031685594 
304 340 9 12 0.031670805 
868 194 13 16 0.03160172 
823 176 9 12 0.03150766 
447 319 9 10 0.031343605 
470 340 10 13 0.031323835 
268 328 10 12 0.031303316 
424 180 10 13 0.031145822 
965 382 10 14 0.03109328 
107 262 13 16 0.03104397 
502 326 9 11 0.030999191 
551 317 11 13 0.03099155 
606 380 12 15 0.030957177 
470 203 12 16 0.030944755 
605 349 10 15 0.030852012 
616 355 12 16 0.030851431 
781 361 20 24 0.030743577 
806 357 11 13 0.030663881 
998 279 8 11 0.03062635 
142 357 11 14 0.030428285 
211 358 11 13 0.030367563 
926 356 9 12 0.03022654 
470 334 11 13 0.030105695 
646 302 10 12 0.03007846 
184 341 10 12 0.030019747 
449 194 10 14 0.02989492 
550 177 9 11 0.02988168 
390 324 9 12 0.029877113 
892 179 11 14 0.029810831 
1004 366 12 16 0.029800178 
112 326 8 10 0.02976858 
474 189 10 12 0.02955166 
425 199 10 13 0.029515991 
971 188 10 13 0.029398343 
342 357 9 12 0.029361377 
914 206 21 26 0.029309463 
397 169 11 13 0.029272709 
189 332 11 14 0.029131085 
186 173 40 47 0.029026415 
526 385 13 16 0.029019764 
239 192 9 13 0.029005248 
798 358 10 13 0.028946286 
852 177 10 14 0.02877219 
735 215 8 11 0.02869611 
575 333 10 13 0.028624043 
863 195 12 15 0.02857222 
390 332 10 13 0.028549759 
953 189 11 15 0.028462788 
672 186 22 25 0.02844317 
262 337 10 12 0.028411271 
476 176 19 23 0.028336698 
757 215 11 13 0.028259791 
982 593 42 58 0.028259357 
925 202 22 27 0.028249174 
224 350 10 13 0.028136488 
933 191 19 25 0.028087463 
404 255 9 12 0.02799504 
583 315 11 13 0.027961915 
976 386 12 17 0.027861977 
989 355 21 26 0.027691258 
855 413 10 13 0.027670918 
162 355 11 13 0.027615508 
114 383 10 13 0.02756928 
801 180 12 15 0.02754396 
164 347 19 22 0.027482081 
878 190 18 24 0.0274601 
190 356 10 13 0.027452556 
71 339 10 13 0.027426772 
385 310 8 10 0.027397757 
796 205 15 18 0.027395552 
519 326 10 13 0.027362758 
72 317 10 12 0.027273433 
200 355 23 27 0.027111404 
39 350 9 11 0.027074413 
707 374 12 14 0.026990378 
460 190 9 13 0.026989827 
294 335 9 11 0.026989639 
661 347 11 16 0.026917098 
294 341 10 11 0.026849214 
105 326 9 10 0.026841763 
271 319 9 9 0.026820848 
583 340 9 13 0.026811052 
900 319 11 12 0.026803955 
5 348 12 16 0.026787354 
201 333 10 11 0.026784176 
447 285 9 12 0.026643038 
385 318 8 11 0.02663685 
453 341 9 12 0.026559949 
233 341 10 13 0.02649465 
320 203 10 13 0.026492314 
614 317 13 16 0.026472319 
281 196 11 13 0.02637637 
544 177 9 11 0.026322344 
427 333 10 12 0.026189076 
977 348 9 12 0.026150862 
258 328 10 12 0.026099743 
479 313 17 23 0.026048874 
1008 317 10 13 0.025899699 
278 356 10 13 0.025858702 
70 333 12 14 0.025857553 
287 343 10 12 0.025757244 
429 348 11 15 0.025742423 
621 309 10 13 0.02573238 
826 341 9 12 0.02570287 
38 407 8 12 0.025617717 
975 361 18 24 0.025513485 
917 460 12 15 0.025484264 
425 349 9 13 0.025475528 
914 371 12 15 0.025360407 
334 374 11 15 0.025335627 
101 341 9 12 0.025267962 
14 325 12 14 0.025247093 
918 336 12 16 0.025128083 
373 343 12 17 0.025092347 
941 190 12 16 0.02506189 
399 176 19 22 0.025054619 
391 312 7 9 0.024985878 
736 380 11 14 0.024940474 
828 186 12 15 0.024901599 
667 192 19 25 0.02488853 
918 395 10 14 0.024854835 
839 360 11 14 0.024791587 
413 181 9 11 0.024770238 
644 246 11 13 0.024734804 
-3 331 17 26 0.02472482 
479 295 8 11 0.024723615 
207 369 11 14 0.024660071 
280 365 10 12 0.02462345 
245 347 11 13 0.024489867 
952 204 11 14 0.024485854 
225 318 10 12 0.024474632 
418 326 18 22 0.024468519 
541 379 14 19 0.024463117 
631 382 10 14 0.024424529 
862 420 11 15 0.024411237 
440 303 9 11 0.024406565 
366 180 10 14 0.024295408 
453 370 11 14 0.024277339 
102 335 9 12 0.024271466 
561 413 10 13 0.024234574 
491 176 21 24 0.024181047 
853 221 14 15 0.0241685 
904 357 11 14 0.024133652 
799 380 12 15 0.024103504 
882 302 9 12 0.024087014 
440 294 8 11 0.024033679 
650 193 16 23 0.024031088 
423 301 10 12 0.023976123 
887 251 9 12 0.023963021 
264 320 8 9 0.023899928 
430 342 10 13 0.023881102 
257 355 10 12 0.023868287 
618 186 11 14 0.023858383 
356 336 18 24 0.023794837 
31 342 9 11 0.023772392 
87 335 19 22 0.023743184 
971 418 22 25 0.023722073 
1004 299 11 15 0.023686362 
683 209 20 26 0.023682183 
860 396 11 14 0.023681791 
41 397 8 11 0.023663368 
422 295 9 11 0.023660887 
661 195 12 16 0.0236156 
910 396 11 14 0.023613801 
830 380 11 12 0.023611406 
905 198 11 14 0.023593575 
901 341 11 15 0.023586487 
230 319 9 11 0.023581889 
461 327 9 11 0.023577858 
284 185 19 24 0.023523478 
483 188 12 15 0.02351451 
448 340 10 13 0.023481095 
373 195 10 13 0.023475192 
591 348 18 23 0.023420347 
909 194 20 24 0.023413217 
824 348 10 13 0.023364512 
216 198 24 30 0.023360373 
655 226 13 16 0.023354035 
619 228 11 14 0.023348132 
492 190 13 15 0.023312554 
382 343 11 15 0.023254832 
991 350 10 13 0.023254782 
800 539 10 14 0.023242831 
903 406 10 13 0.02322379 
667 348 12 15 0.02320945 
976 544 14 19 0.02314175 
471 348 12 14 0.023141647 
477 365 12 16 0.02313552 
495 310 9 10 0.02313478 
357 319 10 12 0.02312973 
812 393 10 14 0.023037275 
881 309 19 23 0.02298487 
308 198 9 11 0.022922708 
393 169 9 13 0.022851573 
495 324 10 12 0.022843424 
376 326 9 11 0.022794869 
638 228 9 12 0.022766815 
710 352 9 12 0.02276256 
1015 205 9 14 0.022754438 
944 324 9 13 0.022703268 
259 326 19 24 0.022691378 
811 195 13 16 0.022668263 
144 352 9 12 0.02262478 
876 387 13 15 0.02261267 
454 348 10 13 0.02255641 
663 246 9 12 0.022552349 
174 327 8 11 0.022515832 
480 302 9 12 0.022496864 
579 410 12 14 0.022438947 
294 184 8 11 0.022420472 
748 363 10 13 0.022402987 
974 301 9 12 0.022381771 
256 367 11 13 0.022337202 
383 333 10 12 0.022329647 
940 201 12 16 0.022325436 
456 319 9 11 0.022310136 
960 327 9 13 0.022303345 
935 317 9 12 0.022281175 
792 525 12 14 0.022254162 
982 299 10 13 0.02224944 
446 183 20 25 0.02221794 
574 348 10 13 0.02215557 
822 197 12 16 0.02213657 
861 407 11 14 0.022127014 
256 343 8 11 0.022085734 
476 350 19 24 0.022071937 
79 340 10 12 0.021979542 
808 387 11 14 0.021949 
925 190 14 15 0.021941034 
595 341 13 16 0.021937886 
15 213 10 12 0.021859253 
185 334 10 14 0.021776259 
103 183 10 13 0.021749677 
39 332 10 12 0.021680208 
924 312 10 13 0.021674864 
766 350 11 14 0.021645984 
613 203 25 31 0.021607876 
825 336 9 11 0.021572396 
104 238 8 10 0.021489399 
368 302 9 12 0.021468444 
105 213 9 12 0.02143768 
849 188 22 27 0.021423532 
431 294 9 10 0.021402258 
31 333 8 12 0.021363972 
902 376 14 18 0.021353435 
381 182 18 23 0.02134613 
476 236 12 14 0.021268794 
951 236 9 13 0.021242488 
399 326 10 12 0.021216363 
353 357 9 12 0.021189176 
591 380 10 15 0.02112506 
527 317 11 13 0.021111378 
106 230 8 11 0.021099126 
994 369 11 15 0.021067088 
511 327 11 13 0.021046538 
463 332 8 12 0.021010635 
111 334 11 14 0.021005183 
204 191 20 26 0.020987429 
6 355 11 15 0.020963425 
501 214 13 15 0.020883968 
213 319 10 12 0.020873636 
845 358 12 15 0.020870324 
541 346 13 17 0.02082425 
909 405 10 12 0.020789888 
422 338 11 14 0.020737967 
548 438 9 11 0.020723503 
464 195 9 12 0.02069058 
214 339 10 13 0.020606967 
415 206 9 10 0.02058619 
853 213 12 14 0.020563226 
279 333 11 13 0.020558596 
48 348 9 12 0.020484088 
532 367 18 22 0.020452451 
246 326 10 12 0.020405374 
118 326 9 10 0.020367539 
95 329 9 11 0.020312743 
493 381 11 15 0.020237882 
400 188 9 12 0.020234743 
780 341 10 13 0.020220434 
477 195 11 13 0.020173049 
771 364 12 14 0.020163616 
983 334 9 12 0.020151213 
622 341 22 28 0.020135768 
829 349 10 12 0.020120468 
21 326 10 13 0.02003737 
791 184 40 52 0.020032315 
393 171 18 22 0.02001465 
