54_Rescue_firemanrescue_54_814
63
379 153 119 118 0.9991184 
667 1207 54 66 0.38843322 
83 874 191 305 0.24810956 
136 627 12 14 0.13456175 
356 1164 9 13 0.09298033 
267 743 67 80 0.07581841 
755 823 103 197 0.074748605 
695 164 191 261 0.06097818 
216 644 9 13 0.060325664 
327 1166 8 11 0.05781605 
645 346 121 117 0.055248052 
464 1219 65 63 0.05421905 
342 120 173 207 0.047754105 
659 1233 64 66 0.041711338 
773 250 121 162 0.041027993 
319 1150 9 11 0.03967779 
125 628 11 13 0.039375365 
19 636 13 17 0.03900126 
731 205 119 141 0.03732058 
319 353 371 451 0.037228335 
181 638 10 13 0.03639817 
266 784 67 94 0.035490494 
665 253 132 182 0.03433103 
78 652 10 13 0.032213353 
437 1194 53 64 0.031260066 
36 791 12 14 0.029946234 
631 1226 64 60 0.029828398 
693 374 69 75 0.029192004 
319 1158 10 12 0.028371025 
603 1226 58 55 0.027796049 
353 1124 9 12 0.027115392 
376 1197 10 12 0.02702962 
283 731 64 60 0.025645202 
350 1151 10 11 0.025416935 
124 645 11 13 0.025308887 
691 1224 34 45 0.024817746 
779 549 106 138 0.024734182 
592 1228 37 42 0.02445568 
22 631 11 15 0.024153873 
351 1160 12 13 0.024130939 
120 624 10 13 0.023657521 
312 1148 10 11 0.022684392 
679 379 11 13 0.022670927 
351 1120 9 11 0.022307126 
284 1149 10 12 0.022176415 
318 1144 8 11 0.022158219 
120 635 11 15 0.02202267 
100 620 12 14 0.021845607 
313 928 443 509 0.021836601 
328 1173 9 11 0.021584678 
426 550 380 486 0.021498173 
576 -2 35 38 0.021440955 
821 490 135 200 0.02141496 
350 1171 12 14 0.021247843 
646 1215 40 44 0.021205515 
162 914 121 199 0.02112526 
775 853 64 113 0.021021368 
460 1202 96 108 0.020749934 
0 759 40 58 0.020733396 
669 82 233 233 0.02030047 
12 632 23 29 0.020256124 
70 661 12 14 0.020194799 
325 1151 10 12 0.020070685 
