54_Rescue_rescuepeople_54_406
25
738 321 36 40 0.9910376 
430 350 37 39 0.8999534 
414 353 35 35 0.13773791 
484 468 28 31 0.10776314 
73 55 30 36 0.09876483 
477 367 24 30 0.07800658 
229 345 374 446 0.046021014 
866 336 14 16 0.03760267 
975 323 47 84 0.035122104 
406 326 49 60 0.03307809 
714 121 26 30 0.03232713 
707 608 34 40 0.030113257 
146 124 16 23 0.029435936 
581 542 149 121 0.029407972 
845 19 12 14 0.029247226 
413 370 29 33 0.025830444 
441 369 22 25 0.024887675 
991 244 12 15 0.024792332 
58 287 410 469 0.024255166 
834 12 13 14 0.02354625 
131 72 98 134 0.022962347 
104 94 35 42 0.022749782 
940 119 9 12 0.022618398 
728 289 31 40 0.021487163 
250 109 14 18 0.02139391 
