54_Rescue_rescuepeople_54_159
426
883 24 33 41 0.9866585 
631 172 32 45 0.96109927 
636 115 18 24 0.9178162 
794 98 28 36 0.9152233 
807 36 19 23 0.91380095 
349 116 20 27 0.8280384 
296 204 21 28 0.7847613 
714 84 21 27 0.779449 
811 61 18 23 0.515441 
592 96 17 22 0.49980518 
66 176 31 37 0.43913803 
779 27 16 21 0.43671346 
732 20 13 16 0.36939853 
793 79 18 23 0.36313596 
752 53 20 25 0.3176538 
521 182 17 22 0.31538808 
154 79 28 36 0.2923678 
572 86 13 17 0.25437018 
649 116 22 28 0.20356563 
835 346 106 144 0.19243851 
684 111 24 31 0.18840408 
141 20 16 19 0.18779147 
112 135 17 23 0.17892078 
94 3 13 16 0.17334887 
427 231 14 18 0.16386761 
511 282 13 17 0.15588729 
172 125 17 21 0.15248312 
447 58 25 29 0.14460705 
303 90 25 30 0.14362589 
845 14 22 28 0.1355786 
784 35 14 18 0.1340028 
262 302 24 29 0.12804914 
240 212 19 22 0.1265887 
308 570 115 119 0.114475116 
396 315 22 30 0.11248586 
773 99 26 31 0.111630306 
658 51 14 17 0.11142303 
724 84 23 30 0.108931385 
711 143 26 35 0.106709324 
623 173 25 35 0.10619794 
692 18 14 17 0.10579154 
750 132 29 37 0.10573912 
657 138 23 28 0.10464697 
739 93 25 32 0.10363071 
661 116 21 28 0.10089841 
709 13 14 18 0.09926158 
916 78 16 18 0.09621062 
303 123 21 26 0.09610122 
284 514 180 196 0.09436399 
899 6 27 31 0.09323229 
106 107 16 20 0.091552176 
440 84 29 34 0.08833985 
499 453 18 25 0.086773776 
540 194 16 19 0.082392134 
715 18 14 18 0.08093001 
138 -4 24 24 0.07881245 
99 82 15 18 0.07832252 
218 274 27 32 0.07673236 
540 318 15 21 0.076616436 
516 393 17 24 0.07632327 
778 102 15 21 0.07335716 
761 54 16 20 0.07282068 
680 12 12 14 0.072350346 
447 276 14 17 0.07112178 
650 99 16 18 0.06999061 
580 54 13 17 0.06921356 
780 105 31 36 0.06772034 
129 189 26 31 0.06606722 
700 19 13 17 0.065137796 
602 61 14 16 0.06488614 
358 50 13 15 0.06467274 
802 12 23 27 0.06397602 
267 130 18 23 0.06306465 
250 110 16 21 0.06297829 
211 296 15 18 0.062790275 
101 41 13 16 0.061581913 
620 161 16 20 0.061246973 
440 66 28 35 0.06018434 
386 242 16 20 0.059604645 
621 163 23 31 0.059465542 
554 224 16 23 0.059424393 
549 172 21 28 0.058782917 
92 27 12 14 0.057407785 
578 91 14 18 0.05724066 
685 94 24 30 0.055915195 
594 361 101 127 0.055497598 
513 225 44 53 0.0551366 
373 532 31 34 0.05507287 
111 4 14 16 0.054253194 
566 89 14 19 0.054182794 
420 213 13 17 0.053672425 
709 26 14 16 0.053063724 
696 87 20 27 0.050521214 
310 77 26 30 0.05036714 
46 169 15 21 0.04826439 
700 83 13 18 0.048195302 
486 425 28 34 0.047927357 
201 33 25 30 0.04753061 
349 23 11 14 0.047403783 
435 230 12 16 0.046611562 
314 273 17 23 0.046401735 
725 14 15 19 0.046297397 
739 27 12 15 0.046270266 
395 45 11 13 0.045746293 
852 21 24 32 0.045598485 
187 240 25 29 0.045585375 
742 4 12 14 0.04534591 
243 89 15 18 0.044485595 
353 321 26 32 0.044376496 
525 102 14 16 0.04420078 
508 279 22 30 0.042632174 
513 65 19 22 0.04254221 
761 97 24 31 0.042531658 
261 93 14 18 0.042317804 
28 58 15 18 0.041741565 
480 64 29 31 0.041676074 
529 369 17 21 0.04017729 
881 330 94 166 0.039978925 
703 13 13 17 0.03973352 
301 75 16 21 0.03968966 
726 23 14 18 0.039663643 
763 25 13 16 0.039335765 
381 53 10 12 0.039268076 
647 19 11 14 0.039203703 
428 20 13 15 0.039182995 
316 304 16 21 0.03911559 
144 68 23 32 0.03907809 
684 13 14 17 0.039067585 
829 49 14 20 0.038911626 
298 110 23 31 0.038370643 
648 105 22 27 0.037931323 
628 76 14 17 0.03778525 
444 24 15 19 0.037706308 
483 245 14 18 0.037629988 
84 12 13 16 0.03761437 
486 237 10 13 0.037426934 
739 12 14 17 0.037295025 
375 51 12 15 0.037287407 
708 5 14 17 0.03725291 
64 3 11 13 0.036971316 
509 399 17 24 0.036900543 
103 93 24 30 0.036767162 
187 52 14 17 0.036733948 
284 206 26 32 0.036669984 
452 42 16 19 0.036280952 
914 69 26 30 0.036276855 
801 68 20 27 0.03618464 
476 110 25 29 0.036051415 
50 138 22 28 0.036018785 
371 121 18 23 0.036016583 
323 77 17 21 0.035690635 
34 52 15 18 0.03567518 
107 37 11 14 0.035526585 
36 309 13 18 0.035362437 
757 387 13 18 0.035218246 
99 76 24 31 0.03497543 
519 385 24 30 0.03487464 
438 10 12 14 0.03464894 
88 36 23 28 0.03447959 
356 280 15 23 0.034425456 
110 59 13 17 0.03407953 
814 0 13 12 0.034015246 
57 73 18 22 0.033905737 
248 96 24 28 0.033898197 
53 130 14 20 0.033840023 
253 353 17 21 0.033769093 
661 19 13 16 0.03373498 
390 51 12 15 0.033690885 
601 97 14 18 0.033411965 
396 83 17 21 0.033259526 
558 93 13 16 0.033194505 
692 115 25 32 0.033118866 
517 10 15 16 0.033029933 
415 219 12 14 0.032953948 
700 109 22 28 0.032568283 
471 22 23 29 0.0325558 
197 98 14 19 0.03236763 
460 41 13 18 0.032278158 
458 95 18 23 0.031810544 
88 -1 13 12 0.031701673 
676 34 15 18 0.031490035 
826 75 15 19 0.03137475 
557 164 12 15 0.03136472 
807 98 19 26 0.031237585 
99 125 24 30 0.031226957 
813 42 19 28 0.031216675 
22 217 30 34 0.031166133 
775 4 14 17 0.03107996 
125 13 11 14 0.030978259 
252 166 17 23 0.030943878 
310 52 13 17 0.03086345 
540 217 25 30 0.030752528 
-3 27 427 477 0.030751264 
245 128 15 19 0.030709526 
326 41 12 15 0.030618744 
604 336 50 67 0.03047044 
253 72 15 17 0.030458907 
755 102 16 21 0.030439325 
414 46 12 14 0.03034423 
143 96 26 34 0.030328121 
555 358 17 23 0.030293407 
674 60 25 30 0.03022596 
140 120 16 21 0.030208174 
201 293 24 28 0.030199934 
406 247 15 21 0.030138351 
451 52 17 19 0.030057726 
429 53 12 16 0.02998713 
225 349 26 29 0.029984578 
291 153 15 18 0.02990957 
359 120 17 21 0.02969941 
310 309 24 33 0.029688727 
774 20 16 20 0.029634077 
757 382 11 14 0.0296117 
32 100 27 35 0.029574467 
298 18 14 17 0.029554177 
778 11 14 16 0.029517582 
575 30 10 12 0.029478068 
35 43 14 17 0.029390806 
612 101 14 19 0.029373225 
788 48 15 19 0.029294426 
374 59 13 16 0.02924807 
541 163 13 17 0.029238204 
211 81 15 23 0.02921509 
366 20 13 15 0.029211255 
320 36 13 15 0.029151544 
865 805 30 34 0.029125756 
310 46 11 14 0.028995454 
240 349 26 30 0.02891766 
865 32 16 22 0.028887691 
299 264 28 36 0.028756456 
397 75 13 16 0.02873233 
757 5 14 16 0.02861647 
708 35 14 18 0.028500266 
775 -1 12 12 0.028454946 
200 315 33 37 0.028414013 
4 119 28 43 0.028267125 
297 77 42 52 0.028265536 
180 34 12 15 0.028215855 
481 238 9 12 0.02811842 
166 45 12 15 0.027697975 
357 392 28 36 0.027685747 
118 11 11 14 0.02759452 
758 0 11 11 0.027482094 
427 27 16 18 0.02730549 
117 67 13 17 0.027088191 
818 69 18 23 0.027081236 
196 107 26 32 0.027049316 
82 299 44 56 0.026963 
703 4 13 15 0.02691138 
349 68 13 18 0.026906516 
292 186 30 41 0.026897447 
201 83 21 29 0.02681598 
548 184 16 20 0.02678874 
599 335 35 43 0.026787996 
957 318 10 14 0.026776418 
127 131 25 28 0.026773656 
493 330 13 19 0.02669631 
38 110 27 34 0.026653787 
688 162 24 32 0.026651679 
50 23 15 19 0.02662423 
716 5 14 17 0.02656016 
285 4 13 16 0.026552578 
124 68 13 17 0.026489234 
413 270 14 16 0.02647971 
690 432 26 32 0.026443563 
84 69 41 54 0.026435396 
722 137 28 36 0.026263703 
709 107 15 20 0.026250841 
84 51 16 21 0.026174346 
788 58 14 18 0.026142845 
498 405 26 30 0.026051864 
342 14 9 11 0.025970165 
240 288 27 32 0.025968848 
743 68 27 36 0.025958642 
636 372 102 141 0.025940966 
532 27 12 15 0.02576957 
830 89 15 21 0.02576837 
428 10 14 16 0.025665225 
764 139 23 30 0.025627984 
682 5 14 16 0.025618803 
815 14 24 29 0.025540942 
98 295 33 38 0.025457693 
677 118 17 22 0.025435355 
783 66 13 16 0.0253916 
645 176 26 37 0.025375262 
692 33 15 19 0.02529119 
357 58 14 16 0.025285859 
124 19 12 17 0.02525962 
812 149 14 16 0.025212092 
20 9 17 19 0.025047721 
629 45 13 17 0.025041325 
336 13 10 12 0.025036277 
42 123 25 33 0.024972007 
408 28 11 15 0.024969092 
444 11 12 14 0.024891622 
186 296 45 50 0.024776248 
108 105 23 32 0.024708241 
109 119 25 35 0.024687579 
372 75 13 15 0.02465526 
478 438 32 36 0.024593348 
245 179 22 29 0.024591299 
423 12 12 13 0.024555907 
403 67 15 18 0.02451922 
306 80 18 20 0.024433618 
701 124 24 34 0.02437688 
403 309 14 19 0.024355263 
826 286 174 245 0.024335299 
697 49 17 19 0.02427918 
541 346 106 135 0.024274874 
650 145 26 30 0.02420259 
55 167 25 30 0.024107857 
530 65 17 20 0.024023717 
23 60 13 16 0.02397444 
595 86 13 15 0.023971818 
793 41 23 28 0.023960255 
635 170 20 24 0.02392359 
705 98 23 32 0.023880644 
480 120 25 30 0.023825344 
-1 108 22 35 0.023801856 
657 0 11 10 0.02378274 
693 5 12 14 0.02377647 
367 14 11 14 0.023720466 
492 68 27 30 0.02371144 
612 46 11 14 0.023692632 
606 44 13 15 0.023690697 
12 901 15 19 0.023681583 
60 162 14 18 0.02367525 
324 26 14 17 0.023672054 
756 19 17 18 0.023668328 
820 3 14 14 0.023647027 
518 6 23 26 0.023634166 
160 291 30 35 0.023609357 
77 7 13 14 0.023404948 
343 22 11 15 0.023337027 
113 180 28 34 0.023316972 
645 92 16 19 0.023307906 
404 323 23 30 0.023259087 
492 9 14 17 0.023257714 
763 72 17 21 0.023229662 
150 225 17 21 0.023201916 
314 90 26 32 0.023124471 
295 121 15 20 0.02308129 
684 19 23 26 0.023039775 
257 121 24 31 0.022954045 
708 140 18 23 0.02294784 
756 218 96 145 0.022946468 
177 42 24 28 0.022932408 
84 35 15 19 0.022914262 
331 43 13 16 0.022872223 
439 337 22 29 0.022863187 
774 34 21 27 0.022850178 
74 174 18 20 0.022845356 
491 250 15 19 0.022844708 
638 164 14 19 0.0228073 
644 107 15 19 0.022721251 
182 374 52 55 0.022673257 
950 198 24 35 0.02265246 
290 33 15 18 0.022608802 
604 51 14 17 0.022573356 
572 94 13 18 0.022527862 
743 0 11 11 0.022520598 
250 120 16 22 0.022450143 
681 34 214 225 0.022418292 
477 258 13 19 0.0224129 
635 78 14 17 0.022239987 
685 52 14 17 0.0221952 
413 12 11 12 0.022139555 
300 136 17 21 0.022097766 
177 82 17 23 0.02198212 
511 104 24 29 0.021953778 
622 69 13 16 0.021944601 
35 63 15 19 0.02193045 
148 60 14 18 0.021920694 
536 197 23 27 0.021851303 
292 161 15 19 0.021839282 
396 241 13 19 0.021807995 
319 22 13 15 0.021756563 
518 220 26 35 0.021659935 
202 136 17 21 0.02164283 
444 44 17 19 0.021631021 
440 495 34 49 0.021624137 
98 0 14 15 0.021611795 
290 134 22 27 0.021581117 
443 478 49 57 0.021560946 
800 17 15 19 0.02153671 
912 33 16 21 0.02152241 
364 39 13 16 0.021513013 
412 22 11 13 0.021512195 
487 230 11 14 0.021385925 
782 434 14 20 0.021357745 
51 163 15 19 0.021339132 
120 333 35 38 0.021289065 
14 30 12 15 0.021252977 
404 716 13 15 0.021246517 
30 40 24 29 0.021211263 
168 84 23 30 0.02118455 
140 74 34 47 0.021126524 
623 46 11 14 0.021107115 
459 441 32 41 0.02108127 
111 95 38 52 0.020996198 
178 81 40 50 0.020943608 
623 334 42 50 0.02090055 
613 364 61 78 0.020885717 
550 91 12 15 0.020845922 
83 106 14 17 0.020742163 
516 25 13 16 0.02069845 
149 191 25 30 0.02068641 
162 152 16 19 0.020670822 
72 104 40 58 0.020666495 
75 36 25 30 0.020562971 
787 125 17 22 0.02055633 
494 234 13 16 0.020549884 
450 438 97 103 0.020449834 
555 348 18 23 0.020433184 
669 66 16 21 0.020416971 
684 78 24 30 0.020404233 
350 15 9 10 0.020396575 
403 88 13 17 0.020385036 
693 73 21 27 0.020366764 
131 533 12 15 0.02030107 
791 388 12 15 0.020291643 
564 163 11 14 0.020222226 
550 165 12 16 0.020176498 
908 312 14 19 0.020169415 
124 820 14 17 0.02004043 
27 17 14 16 0.020025909 
