54_Rescue_rescuepeople_54_431
877
521 514 35 42 0.99853206 
569 460 32 42 0.99789375 
758 454 29 35 0.99518013 
368 395 35 44 0.9896119 
820 377 27 31 0.9889214 
675 399 24 30 0.98703647 
740 402 23 29 0.9833462 
626 553 36 43 0.977402 
85 316 76 80 0.9692759 
784 522 32 37 0.9648841 
532 381 21 29 0.9634849 
871 425 37 40 0.95358413 
662 357 22 27 0.94104314 
692 314 17 21 0.9172911 
554 192 15 19 0.89202094 
607 316 17 23 0.8381543 
652 276 14 17 0.7854162 
731 451 17 22 0.7850356 
298 218 16 20 0.7606624 
749 301 15 17 0.7571908 
775 328 21 24 0.74641293 
419 230 20 27 0.7420576 
315 194 13 17 0.71883523 
270 324 14 18 0.7106047 
601 286 14 17 0.6791071 
754 332 16 20 0.6741002 
686 293 12 16 0.67028993 
483 214 18 22 0.6093286 
509 170 14 20 0.58657056 
213 354 17 25 0.58408684 
517 259 15 20 0.54856855 
598 358 17 21 0.5474496 
467 326 24 31 0.5433371 
379 205 14 17 0.5244707 
211 287 17 20 0.51425403 
313 353 17 22 0.5136906 
872 132 11 15 0.4940101 
681 250 10 13 0.47879076 
446 210 13 18 0.47783387 
887 513 40 44 0.46466547 
916 141 11 14 0.45674777 
301 283 12 15 0.41070333 
331 206 14 19 0.4065 
797 461 20 24 0.3811772 
280 187 12 13 0.36801863 
325 302 12 15 0.34613568 
580 233 13 18 0.33075157 
571 317 19 23 0.31563485 
634 367 16 21 0.30330583 
226 222 9 11 0.29182678 
347 185 14 17 0.28971085 
147 282 16 21 0.2616925 
634 431 17 23 0.2609317 
820 114 15 18 0.25992903 
471 182 10 13 0.24448223 
716 393 14 18 0.22845073 
86 220 39 51 0.22333059 
633 244 10 12 0.22140406 
614 299 13 16 0.2155239 
324 187 10 13 0.21401925 
238 317 14 18 0.21100886 
678 221 9 12 0.20986712 
520 321 12 16 0.20873597 
653 479 21 34 0.20660514 
646 340 13 17 0.20294972 
654 229 9 11 0.19968463 
940 532 45 61 0.1970853 
208 282 14 18 0.19408219 
296 275 11 16 0.19236732 
628 417 15 18 0.18736571 
885 167 13 16 0.18516718 
825 419 15 19 0.17866442 
391 188 11 14 0.17864023 
738 355 14 17 0.17518426 
341 149 10 13 0.17208144 
293 197 10 12 0.17152475 
687 220 9 11 0.16916078 
540 140 13 15 0.16611005 
25 394 21 26 0.16498277 
735 100 11 13 0.16448991 
604 237 10 13 0.16370422 
310 299 10 14 0.15749471 
664 191 9 11 0.1574805 
778 410 16 21 0.15466337 
671 175 9 11 0.1545454 
761 328 18 25 0.1534975 
663 455 24 29 0.15160224 
285 185 10 13 0.15143113 
10 319 181 233 0.14651772 
245 294 12 16 0.14333324 
265 292 9 13 0.14182469 
663 231 8 10 0.13763747 
598 228 11 14 0.13465863 
672 214 8 11 0.13425742 
288 196 10 13 0.13173331 
253 182 11 13 0.13132255 
835 534 28 35 0.1302029 
495 325 13 19 0.12977578 
933 129 8 10 0.12973008 
768 165 8 11 0.12931624 
319 301 12 15 0.12615837 
245 197 11 13 0.12561758 
697 487 23 30 0.123449065 
246 190 10 12 0.11991106 
584 274 12 15 0.11931868 
190 215 9 11 0.119128264 
672 181 8 10 0.11758698 
166 277 16 21 0.11622284 
674 222 9 11 0.11592391 
699 456 23 27 0.11355897 
694 221 8 11 0.11319653 
638 198 10 12 0.11200021 
276 356 13 18 0.111388214 
616 388 22 28 0.11039068 
645 270 13 18 0.11025187 
377 254 20 29 0.10991805 
644 332 13 16 0.10938288 
695 175 8 10 0.10857643 
221 320 14 18 0.10843181 
720 158 9 12 0.107748404 
666 443 24 28 0.107215956 
571 425 14 19 0.106847055 
187 221 8 11 0.1057981 
825 158 10 13 0.104606144 
806 178 14 17 0.10246032 
929 132 9 12 0.101718314 
796 395 20 28 0.10157944 
237 262 11 13 0.10097991 
775 415 22 28 0.09820978 
305 316 10 13 0.09526455 
715 314 13 16 0.09517287 
638 204 9 11 0.09472539 
637 221 9 10 0.09472214 
292 269 13 17 0.09468838 
526 361 11 15 0.09430204 
993 143 8 12 0.094078764 
599 188 12 17 0.09148842 
310 199 14 18 0.09130825 
640 191 8 11 0.09096898 
780 112 16 20 0.09084531 
563 430 21 26 0.090646066 
239 237 10 13 0.09057812 
622 219 9 11 0.09022368 
592 228 12 14 0.09013056 
656 248 8 11 0.089648135 
968 127 9 11 0.08887885 
310 385 14 18 0.08647327 
633 221 8 10 0.08629375 
631 276 9 13 0.084265806 
603 438 23 30 0.08362548 
449 199 9 12 0.08342351 
670 191 9 10 0.083154194 
815 151 10 11 0.08178471 
622 260 10 12 0.08173713 
885 126 12 15 0.08168301 
345 396 25 31 0.08158141 
656 225 8 11 0.07907753 
651 384 17 21 0.07804263 
617 221 9 12 0.077684455 
670 434 22 27 0.07715093 
611 307 14 18 0.077053085 
612 400 21 25 0.076940075 
58 317 59 72 0.07689021 
936 110 9 12 0.07686557 
293 191 9 13 0.07685616 
655 253 10 11 0.0767087 
451 205 10 15 0.07659637 
464 312 26 31 0.076400295 
207 228 9 11 0.076156855 
727 381 14 18 0.076021716 
340 155 11 12 0.07571914 
1000 133 9 12 0.07550014 
636 240 9 12 0.07530221 
977 580 48 86 0.07529431 
776 105 26 31 0.07501368 
293 314 11 14 0.07451156 
605 188 12 16 0.07430876 
495 678 14 18 0.07416481 
651 231 8 11 0.07400486 
876 127 14 17 0.07383597 
292 377 15 19 0.07323139 
618 255 8 11 0.0730826 
527 296 13 19 0.07260681 
639 254 9 11 0.07127368 
679 243 18 23 0.07051246 
643 261 12 14 0.07005387 
292 356 13 18 0.06999569 
634 316 14 17 0.06945454 
668 350 15 18 0.06935703 
719 191 9 11 0.06897965 
736 172 9 12 0.06869517 
348 247 12 17 0.06618047 
604 432 16 19 0.0659906 
661 254 9 12 0.06598559 
319 280 8 10 0.065823026 
619 294 11 14 0.065767914 
695 465 25 31 0.06507277 
179 251 12 15 0.06505343 
826 529 25 33 0.064469285 
296 403 25 34 0.06444363 
325 325 11 14 0.06436545 
703 261 10 13 0.06431755 
615 175 9 11 0.063326046 
657 190 8 10 0.06300895 
637 323 14 16 0.062658444 
969 118 8 10 0.06205789 
679 191 7 9 0.061676964 
147 203 11 14 0.060909417 
826 290 16 20 0.06062283 
586 235 11 15 0.060336582 
706 182 8 10 0.060334805 
442 428 16 20 0.060109872 
685 240 10 12 0.059854534 
943 147 10 12 0.059845723 
741 387 23 29 0.059595633 
214 250 10 13 0.059276 
43 179 33 40 0.058968738 
248 184 10 12 0.058930594 
273 188 9 13 0.058689166 
197 300 13 17 0.058555778 
240 284 11 14 0.058247387 
671 283 10 13 0.058195222 
268 197 12 15 0.057972904 
750 326 13 15 0.05756191 
630 423 16 22 0.057080224 
668 237 9 11 0.055801924 
424 197 11 14 0.055728126 
371 264 15 23 0.055615034 
690 174 9 10 0.05494274 
710 183 8 9 0.054696728 
195 298 25 30 0.05403807 
229 217 10 12 0.053992126 
798 156 8 11 0.053355966 
744 304 14 18 0.053130135 
230 227 11 13 0.053064615 
646 192 7 9 0.05286768 
900 146 12 15 0.052685883 
788 399 20 25 0.05265687 
726 191 9 11 0.052600585 
438 202 19 27 0.05256844 
223 182 9 12 0.052534856 
307 284 11 15 0.052425653 
690 64 41 45 0.052046925 
328 364 24 31 0.051922567 
661 260 11 14 0.051921654 
40 312 49 65 0.05186169 
757 141 9 12 0.051712945 
735 198 8 10 0.051391978 
646 197 8 11 0.051244207 
463 188 9 12 0.05116314 
913 145 12 16 0.051145237 
657 183 7 9 0.05112632 
624 245 9 11 0.051120322 
153 273 20 28 0.050914846 
659 270 12 14 0.050612807 
816 218 12 17 0.05037277 
253 329 12 18 0.05028624 
632 216 8 11 0.049912464 
382 525 56 59 0.04955505 
635 294 12 14 0.049286176 
709 400 20 26 0.049070913 
610 289 19 23 0.04884455 
808 402 22 28 0.048402045 
734 349 14 18 0.048164185 
665 211 9 11 0.048054818 
188 45 12 14 0.04788929 
572 229 23 29 0.04772356 
685 259 11 14 0.04765061 
713 465 17 22 0.047563773 
744 191 9 11 0.047442444 
179 653 70 77 0.047345944 
466 181 10 13 0.047242265 
673 254 9 11 0.046824753 
396 182 11 13 0.04668314 
800 180 11 14 0.04659921 
43 326 98 125 0.046552304 
1004 132 11 14 0.046367727 
919 126 8 11 0.046343137 
388 194 13 18 0.046263028 
721 174 8 10 0.046131954 
769 160 8 10 0.04582176 
319 316 11 14 0.045801688 
288 219 10 14 0.045710146 
941 118 9 11 0.04566923 
187 86 37 40 0.045651276 
296 357 21 25 0.04560136 
244 238 10 13 0.0455495 
640 183 8 9 0.045263723 
614 181 9 12 0.044975623 
414 202 12 16 0.04495881 
689 297 14 17 0.044862684 
293 245 13 15 0.044818744 
727 197 9 11 0.044750776 
727 175 9 10 0.044434972 
407 164 9 14 0.044349097 
886 119 11 13 0.04420496 
742 167 8 11 0.044031896 
386 202 13 18 0.043952994 
403 261 13 18 0.04387065 
666 176 8 10 0.043563567 
599 278 11 14 0.0435385 
735 192 8 10 0.043416943 
250 299 12 17 0.04336097 
531 456 16 19 0.043312658 
140 276 17 19 0.043248013 
943 126 8 11 0.04319318 
454 554 41 53 0.04318695 
752 173 8 10 0.04296327 
300 245 12 15 0.042963002 
799 152 9 11 0.042902097 
813 111 15 19 0.0428858 
653 237 9 11 0.042633187 
851 531 24 38 0.04260033 
639 216 7 10 0.04247509 
606 412 24 29 0.04240889 
719 196 9 11 0.042183366 
977 490 48 70 0.04215238 
655 365 22 26 0.042132508 
269 288 11 14 0.042123254 
795 340 13 18 0.042092834 
682 387 15 18 0.04194562 
378 537 31 39 0.041945275 
333 322 12 16 0.041875407 
294 263 11 14 0.04187152 
285 324 12 15 0.041577667 
200 330 17 19 0.04135428 
238 230 10 13 0.041321166 
710 174 9 11 0.04127317 
737 167 9 12 0.04124141 
655 198 8 9 0.041148525 
244 307 14 19 0.040996686 
591 300 12 17 0.040979836 
935 116 9 11 0.040910576 
592 188 12 16 0.04090172 
728 182 7 9 0.040831808 
399 204 11 16 0.040672243 
670 209 8 11 0.04056252 
253 353 13 18 0.040409338 
665 182 8 9 0.04026198 
612 187 10 14 0.04004646 
582 386 15 18 0.040044215 
214 230 8 10 0.039892673 
669 230 9 10 0.039817456 
728 151 7 10 0.039783876 
304 289 12 15 0.039779358 
781 427 23 29 0.039709836 
106 218 25 32 0.039564103 
467 651 13 16 0.039501954 
597 183 12 15 0.039288606 
783 141 8 11 0.039246306 
621 482 16 22 0.039192878 
220 246 12 15 0.038999222 
321 195 13 17 0.038939897 
737 151 7 10 0.038936634 
274 319 14 18 0.03885166 
493 634 13 17 0.03883382 
596 323 22 28 0.038823005 
793 157 9 12 0.038791496 
773 361 12 16 0.038663436 
854 188 10 12 0.038596086 
219 348 15 22 0.03852786 
159 374 46 66 0.03844306 
616 245 9 12 0.03842258 
787 444 24 33 0.038221054 
201 223 9 10 0.038138486 
414 227 17 23 0.03795849 
655 208 9 12 0.03788649 
702 238 11 14 0.03787376 
761 167 8 10 0.03785441 
4 385 14 19 0.03768317 
596 404 15 18 0.037615478 
190 230 9 12 0.037445396 
671 170 9 11 0.037357036 
621 410 17 22 0.037180502 
608 448 23 29 0.037107144 
519 328 12 17 0.036905285 
831 342 12 15 0.036897127 
940 111 10 12 0.036891256 
579 327 15 20 0.03680319 
690 287 12 15 0.036768097 
65 186 49 56 0.036622312 
821 143 10 13 0.03661035 
829 152 10 13 0.03660783 
115 224 14 19 0.036577377 
293 323 11 15 0.036537737 
306 224 12 16 0.036525063 
807 115 12 14 0.036227934 
704 189 8 10 0.03612311 
302 195 12 15 0.03595013 
263 190 10 12 0.035949696 
192 293 11 15 0.035945177 
801 173 10 14 0.035891205 
843 169 14 17 0.0358725 
608 184 10 13 0.03580283 
577 418 15 18 0.0357794 
696 181 8 10 0.035649408 
642 402 16 21 0.03564179 
217 222 8 10 0.03552488 
719 456 22 28 0.03549813 
369 203 12 16 0.035447996 
305 301 11 13 0.035382424 
207 299 25 31 0.035351086 
704 175 8 10 0.03529583 
744 378 22 26 0.035285182 
808 151 9 12 0.035257496 
812 388 22 27 0.035055004 
201 228 9 12 0.0350275 
711 215 9 11 0.034986824 
742 152 8 9 0.034975786 
280 194 11 14 0.03496403 
373 199 15 19 0.034928884 
713 189 8 11 0.03485135 
938 104 7 10 0.03468763 
136 268 26 33 0.034680363 
604 279 11 14 0.034641605 
647 255 10 11 0.034595907 
974 126 8 12 0.03458055 
507 341 13 17 0.034351286 
638 229 9 11 0.034335915 
433 274 24 41 0.034204904 
876 136 11 16 0.03419444 
941 523 77 120 0.034168787 
703 221 9 11 0.034137275 
190 209 9 11 0.034116767 
785 335 17 20 0.034110185 
759 173 8 10 0.03409108 
679 183 7 10 0.034015264 
256 238 11 14 0.033978656 
597 350 17 21 0.0339038 
773 165 9 11 0.033900853 
598 336 15 19 0.0338351 
626 240 8 10 0.033800416 
632 250 11 13 0.03376313 
173 214 9 12 0.033734072 
633 191 8 11 0.03366694 
638 416 22 28 0.033595715 
640 374 21 27 0.033592027 
983 133 8 11 0.033575866 
967 111 9 10 0.03343685 
777 142 7 10 0.033409975 
253 293 11 15 0.033320293 
694 452 13 19 0.03331902 
485 631 14 18 0.033260837 
232 267 12 14 0.033147965 
261 323 19 25 0.033097103 
943 102 8 10 0.032974955 
663 225 7 10 0.03296002 
642 387 21 27 0.032887805 
654 289 11 15 0.03283804 
468 239 17 23 0.032691956 
923 527 45 54 0.032668732 
308 393 15 19 0.03263954 
419 210 14 17 0.032553893 
176 247 12 15 0.032412793 
812 174 11 14 0.03236739 
710 207 9 10 0.032363508 
338 205 12 15 0.032320105 
289 175 8 11 0.03226075 
821 150 10 14 0.03212865 
147 252 14 17 0.032095462 
685 267 11 13 0.03205077 
619 307 14 17 0.03203009 
250 315 12 17 0.03202493 
55 174 45 51 0.031907268 
554 439 18 22 0.031901736 
181 328 43 58 0.03178882 
990 126 9 11 0.031718373 
491 213 21 28 0.031684298 
735 132 9 12 0.03168403 
643 470 25 37 0.03164551 
469 227 12 16 0.03158985 
734 359 16 20 0.03155797 
535 193 11 16 0.031557478 
647 167 7 11 0.031557478 
852 339 12 15 0.03144303 
711 220 10 12 0.03140389 
238 276 13 17 0.031393204 
975 132 9 11 0.031204747 
787 371 22 26 0.031202205 
680 453 24 30 0.031183422 
633 231 9 11 0.031104432 
303 323 11 14 0.031103097 
216 214 9 11 0.031083057 
683 286 20 25 0.030930607 
334 243 9 15 0.030884286 
774 151 8 11 0.030843232 
688 183 8 9 0.030753562 
929 119 8 9 0.030749913 
829 428 28 34 0.0307039 
288 416 25 35 0.030695446 
613 238 9 12 0.030680308 
174 298 15 19 0.03064911 
405 202 13 17 0.030568074 
293 183 10 12 0.03055951 
26 375 121 137 0.030522449 
281 220 9 13 0.030490687 
826 111 15 18 0.030401023 
661 247 8 11 0.030345516 
281 352 21 25 0.03032685 
679 198 8 9 0.030309785 
572 414 14 18 0.030270355 
881 164 21 27 0.030250056 
703 267 12 16 0.030166743 
697 190 8 11 0.030158686 
614 195 10 13 0.030120954 
240 241 12 14 0.0300287 
639 175 8 11 0.029973507 
727 131 10 13 0.02996705 
418 221 15 18 0.029914008 
685 278 11 14 0.029819375 
983 149 10 11 0.0297931 
475 186 11 14 0.029772934 
864 140 11 14 0.02970283 
228 321 13 18 0.02968622 
75 237 46 58 0.029610934 
302 310 11 14 0.029433059 
500 218 12 16 0.02940985 
778 316 18 21 0.029324306 
743 294 13 17 0.029306138 
607 221 9 11 0.029300226 
326 150 9 12 0.029281829 
992 135 9 11 0.029168556 
590 243 10 14 0.0291612 
703 274 13 16 0.029145299 
310 278 11 14 0.029058438 
984 126 8 12 0.028900983 
241 204 9 12 0.028843924 
866 127 19 24 0.028799605 
634 175 8 10 0.02878924 
555 339 14 19 0.028771553 
245 229 10 12 0.028611835 
232 175 8 10 0.02858597 
632 411 21 27 0.028585317 
773 157 10 13 0.02856816 
696 261 9 13 0.028567426 
913 136 12 14 0.028555948 
244 355 12 17 0.028516583 
974 119 8 10 0.0285147 
461 150 11 12 0.028376205 
511 226 13 21 0.028268583 
94 209 30 36 0.028237965 
585 323 13 17 0.028225934 
199 214 8 11 0.028225303 
657 176 7 10 0.028201457 
399 174 10 13 0.028200567 
687 308 14 19 0.028187787 
456 190 9 12 0.028187415 
631 439 16 22 0.028138371 
820 248 15 20 0.028120115 
782 191 11 13 0.028024517 
925 140 9 13 0.02802403 
538 362 15 18 0.027940355 
352 357 12 15 0.027934738 
911 119 10 11 0.027919024 
646 207 8 11 0.02789905 
341 234 14 19 0.02789258 
816 408 22 27 0.027879404 
742 157 8 10 0.02785517 
891 126 11 14 0.027820228 
135 280 32 36 0.027812587 
711 244 9 12 0.027787961 
319 228 12 16 0.027753709 
178 305 17 21 0.027663516 
674 520 27 34 0.027648428 
624 190 8 11 0.027523352 
164 269 16 21 0.027452046 
546 140 14 16 0.027374819 
823 179 11 14 0.027353387 
769 152 8 10 0.027264966 
786 359 22 27 0.02722588 
812 184 12 16 0.027179746 
485 69 9 12 0.027144684 
286 292 10 12 0.027000213 
793 152 9 11 0.026952231 
712 450 22 28 0.02693614 
268 298 12 14 0.02693245 
727 324 14 17 0.026931705 
510 211 22 31 0.026903424 
725 157 8 11 0.02689222 
650 344 15 19 0.026882257 
588 342 21 27 0.02686008 
348 148 10 13 0.026789729 
189 327 15 20 0.02677768 
693 461 18 24 0.026768785 
523 445 22 28 0.026681518 
617 466 22 29 0.026678639 
687 229 9 11 0.026671479 
232 165 8 11 0.026618944 
680 258 11 15 0.026593687 
4 264 15 18 0.026564931 
828 161 12 14 0.02654543 
720 245 10 13 0.026544834 
288 315 12 16 0.026519492 
229 182 9 11 0.026504083 
886 160 11 13 0.02647344 
232 235 11 13 0.026453314 
332 307 11 12 0.0264386 
648 214 8 10 0.02642864 
681 297 12 15 0.026404575 
565 387 12 17 0.02637648 
676 175 9 11 0.026369432 
816 144 11 14 0.026359934 
966 165 11 13 0.026358852 
168 214 9 12 0.026309727 
586 395 15 19 0.026294658 
476 320 25 29 0.026294503 
951 133 9 11 0.026292361 
174 221 9 11 0.026291966 
318 354 21 27 0.026228055 
722 307 14 18 0.02617501 
579 379 14 18 0.02613356 
671 260 10 12 0.02611148 
405 210 12 17 0.026100975 
493 677 25 31 0.026080746 
469 176 20 25 0.026055707 
627 536 31 37 0.026023312 
819 203 12 16 0.025966696 
59 243 25 32 0.025949333 
640 267 12 16 0.02590878 
913 123 10 12 0.025883568 
229 648 59 62 0.025841989 
217 358 26 32 0.025828479 
768 117 9 11 0.02576766 
567 419 15 19 0.025715224 
275 184 9 12 0.025660403 
526 462 27 31 0.025659988 
679 308 11 16 0.02561122 
869 182 11 15 0.025608715 
536 147 12 14 0.025598744 
173 290 14 18 0.025586843 
719 152 10 12 0.025575968 
202 340 38 52 0.02557466 
180 258 12 16 0.02557453 
784 166 8 11 0.025562327 
288 307 11 15 0.025559666 
14 314 52 67 0.02550668 
622 205 9 12 0.025455335 
478 221 15 21 0.025437444 
131 329 82 110 0.025358714 
238 295 20 25 0.025321316 
679 284 11 14 0.025288459 
797 532 20 23 0.02524831 
278 203 10 15 0.025165958 
743 195 10 13 0.025120579 
224 308 22 28 0.025098065 
968 473 39 41 0.02509401 
296 387 23 29 0.02506181 
750 190 9 11 0.02506153 
208 213 9 10 0.025031408 
961 103 7 10 0.024982614 
605 269 11 13 0.024980495 
966 149 9 12 0.02495408 
503 648 14 19 0.02489763 
263 298 11 14 0.024880897 
630 262 10 12 0.024822323 
652 457 23 32 0.024767516 
355 166 12 14 0.024760937 
820 339 13 17 0.024688609 
705 214 9 12 0.024682472 
467 223 21 27 0.024652658 
328 196 19 25 0.024601711 
997 140 11 14 0.024591792 
503 234 12 16 0.02457151 
586 363 21 28 0.0245306 
742 548 14 17 0.024503333 
320 299 20 24 0.024502061 
461 221 12 15 0.024484254 
828 179 12 16 0.024468599 
888 495 36 43 0.02443757 
574 79 11 12 0.024402771 
616 228 8 12 0.024387203 
845 179 15 18 0.024382535 
555 183 14 19 0.024375366 
336 142 10 13 0.024372095 
374 252 13 21 0.024355568 
695 228 9 11 0.024352282 
819 421 25 33 0.024326636 
688 168 10 12 0.024304476 
286 398 42 60 0.02428332 
134 182 9 13 0.02425932 
295 174 8 11 0.0242561 
243 261 11 13 0.024211869 
759 111 9 11 0.024209635 
309 323 10 13 0.024172904 
636 461 24 33 0.024163175 
737 158 8 9 0.024130406 
509 314 21 27 0.024106175 
334 397 26 32 0.024104856 
395 199 20 27 0.0240152 
145 269 15 19 0.023980554 
254 178 10 11 0.023979517 
126 440 37 44 0.023970144 
909 133 21 25 0.023955233 
586 329 14 19 0.023942437 
460 279 16 22 0.02394009 
310 308 11 13 0.023939595 
360 274 45 64 0.023913525 
252 197 10 13 0.023867434 
353 188 12 16 0.023810131 
600 183 19 26 0.02379645 
949 140 10 14 0.023783943 
598 402 22 28 0.023754995 
639 274 11 14 0.023732802 
289 243 11 15 0.023711054 
390 258 22 28 0.023684785 
522 496 30 39 0.023671193 
205 348 16 20 0.023652928 
866 416 31 38 0.023650259 
661 292 10 14 0.023596048 
198 376 14 19 0.023577735 
231 254 11 15 0.023564696 
679 278 9 12 0.023561466 
679 207 9 11 0.02354692 
728 144 7 9 0.02354152 
598 231 19 24 0.023490401 
960 110 8 10 0.023446547 
413 165 10 14 0.023403078 
738 364 23 28 0.02339534 
800 141 10 13 0.023329481 
423 193 10 12 0.023322674 
182 236 10 12 0.023286602 
357 195 11 14 0.023283925 
342 231 22 30 0.023273291 
658 280 13 16 0.023256425 
687 189 8 10 0.023185 
406 235 13 17 0.02313059 
929 112 8 10 0.02312122 
540 266 12 17 0.023110839 
705 207 9 11 0.02304223 
841 533 17 23 0.023031 
282 429 27 34 0.022991901 
320 221 10 14 0.022935454 
834 347 13 17 0.022919523 
751 168 8 10 0.022879187 
156 128 54 62 0.022854863 
727 435 21 28 0.022848083 
333 215 13 17 0.022830594 
695 268 10 13 0.022824055 
717 355 13 18 0.022793798 
803 176 22 27 0.022779047 
525 255 22 29 0.022773642 
967 102 8 11 0.022719376 
516 204 13 19 0.022707729 
46 351 54 71 0.022643888 
542 186 13 18 0.022604503 
538 454 17 22 0.022515623 
680 267 11 14 0.022486297 
732 315 14 18 0.022482786 
598 242 12 16 0.022434771 
287 237 11 14 0.022409046 
675 214 18 24 0.022382276 
629 238 20 24 0.022363951 
316 183 20 24 0.02233352 
325 229 11 15 0.022301827 
590 296 19 27 0.022278622 
984 118 8 10 0.022277262 
352 254 45 60 0.022261895 
851 403 16 20 0.022194117 
283 330 12 17 0.022131693 
441 216 13 18 0.022110876 
761 160 8 9 0.022102417 
206 270 12 17 0.022099307 
320 330 13 15 0.022096964 
614 439 23 29 0.022083467 
328 157 9 10 0.022067076 
323 318 13 16 0.022052579 
275 261 13 16 0.022047209 
33 92 10 13 0.02203321 
486 452 11 15 0.021995693 
565 86 12 12 0.021977097 
727 252 10 12 0.021972988 
649 244 9 12 0.021965602 
484 280 21 27 0.021906203 
186 206 9 11 0.021883829 
647 184 7 9 0.021866709 
357 524 60 56 0.021854514 
303 203 10 13 0.021848584 
278 320 19 25 0.0218407 
608 216 9 11 0.021814194 
796 332 12 18 0.021783601 
745 228 9 13 0.02177735 
803 390 14 18 0.021710945 
688 319 15 20 0.021696718 
209 246 11 13 0.02161792 
960 127 9 11 0.021564486 
356 211 14 18 0.02154938 
935 147 10 13 0.021549104 
693 246 10 13 0.021546692 
6 94 9 12 0.021508845 
413 291 43 61 0.021490477 
578 309 14 17 0.021442149 
302 149 11 13 0.021418734 
700 301 13 16 0.02140345 
429 204 11 16 0.021399617 
789 383 22 27 0.02139915 
238 255 12 14 0.021397354 
861 174 11 13 0.021367794 
724 352 15 21 0.021361696 
589 402 14 17 0.021345422 
558 269 12 17 0.021313682 
863 146 10 14 0.021310667 
320 209 12 16 0.021298278 
720 182 8 10 0.021293657 
712 198 9 10 0.02122184 
582 220 12 15 0.021204174 
349 212 13 17 0.02117821 
358 205 13 16 0.021169893 
334 235 11 17 0.021126349 
649 223 8 11 0.021122796 
183 304 24 31 0.021121118 
733 308 13 16 0.021115785 
125 252 13 16 0.021104395 
468 247 23 31 0.021090683 
784 408 16 21 0.021060884 
879 116 12 14 0.021047562 
695 196 9 12 0.02104668 
304 401 19 24 0.021044765 
324 349 12 18 0.02103407 
502 642 12 17 0.021014152 
605 345 22 26 0.02097097 
144 234 11 14 0.020968309 
853 331 13 18 0.020952784 
293 341 12 17 0.020942852 
337 366 27 30 0.02091663 
812 418 22 29 0.020883193 
535 373 14 17 0.020857876 
444 431 26 36 0.020856358 
565 79 10 12 0.020826047 
734 252 10 13 0.020800728 
630 310 14 20 0.020792266 
559 79 10 11 0.020784194 
279 181 20 23 0.02077141 
844 533 45 55 0.020766893 
663 442 15 19 0.020738443 
572 85 12 12 0.020721408 
805 142 11 12 0.020697614 
537 440 23 31 0.020653963 
143 220 10 13 0.02064554 
727 261 10 13 0.020612512 
573 302 14 16 0.02059769 
263 317 13 17 0.02059729 
190 304 14 20 0.0205966 
1013 131 10 15 0.020591686 
213 391 30 35 0.020543389 
135 187 9 12 0.02049323 
990 183 9 12 0.020470323 
563 147 16 17 0.020432236 
687 208 8 10 0.020412957 
559 289 13 16 0.020402078 
396 196 13 16 0.020368272 
798 166 10 12 0.02035033 
708 340 13 17 0.020330533 
329 315 21 25 0.020328388 
736 181 8 9 0.02031685 
749 197 10 12 0.020293847 
222 237 12 14 0.020289209 
823 298 15 20 0.020279242 
216 295 17 21 0.020269467 
367 257 13 19 0.020243991 
229 330 12 14 0.020234546 
952 109 8 11 0.020222023 
818 213 13 17 0.02020704 
827 383 28 35 0.02019214 
231 275 12 17 0.020187646 
173 189 10 12 0.020172667 
406 171 10 13 0.020126043 
6 213 43 51 0.020103712 
649 402 16 19 0.020093184 
252 401 16 20 0.02009257 
961 148 10 12 0.020092336 
194 381 41 56 0.020049587 
696 506 27 36 0.020047445 
517 442 14 18 0.02004738 
925 147 11 14 0.020046296 
792 164 9 12 0.020012992 
782 135 10 14 0.020011231 
957 133 10 11 0.02000996 
