54_Rescue_rescuepeople_54_54
66
732 390 34 34 0.9812106 
792 410 29 36 0.34728488 
524 84 25 35 0.17586693 
418 67 16 21 0.14376552 
539 691 17 23 0.1431526 
636 294 24 27 0.08631947 
34 0 17 18 0.0784233 
525 700 27 32 0.07711132 
911 571 30 40 0.07267108 
540 428 27 44 0.071083724 
735 370 33 42 0.06865325 
83 27 102 131 0.059679087 
508 697 48 53 0.05819937 
514 82 20 32 0.05272331 
806 409 31 35 0.04754405 
848 21 30 34 0.04753402 
500 669 15 17 0.045173205 
80 84 20 22 0.043768417 
873 576 54 65 0.04366035 
817 1 16 15 0.042576224 
96 106 29 32 0.039994724 
123 511 15 20 0.038595084 
558 137 13 18 0.038370453 
799 590 43 65 0.037575446 
546 738 14 21 0.03698766 
85 83 56 53 0.036148198 
21 85 14 17 0.033286933 
189 396 14 18 0.03316665 
617 244 22 28 0.031572707 
901 469 26 36 0.031385936 
59 19 19 21 0.030995129 
524 723 33 43 0.029465217 
783 490 13 18 0.029336693 
33 365 10 13 0.02865837 
681 56 52 57 0.028378433 
5 731 10 13 0.02788422 
98 513 26 32 0.026837623 
78 534 99 133 0.026507106 
638 11 54 65 0.025442706 
490 698 18 24 0.0253489 
789 415 18 26 0.025249695 
805 390 33 39 0.024956051 
482 128 27 30 0.024593348 
885 555 15 17 0.024342848 
47 48 12 16 0.024205618 
675 368 25 31 0.024111688 
492 79 52 70 0.02405718 
681 223 27 33 0.023970162 
319 746 30 27 0.023931501 
979 668 32 38 0.023927461 
591 285 11 14 0.023174375 
625 280 41 49 0.022932408 
-1 54 13 20 0.02286552 
453 0 48 48 0.022838386 
884 453 26 34 0.022068305 
391 34 51 59 0.021557188 
509 83 15 23 0.02150611 
0 684 9 15 0.021432979 
776 389 40 49 0.021374693 
747 325 15 18 0.020960052 
5 0 16 18 0.020652493 
578 366 190 260 0.020558774 
875 424 26 30 0.020366 
644 192 13 17 0.020142466 
15 82 24 28 0.020108046 
591 431 127 152 0.020063365 
