43_Row_Boat_Canoe_43_276
33
510 214 23 30 0.9789629 
58 22 167 216 0.090978175 
852 118 14 17 0.05138647 
37 269 16 19 0.050523568 
36 188 14 18 0.047960486 
4 267 16 21 0.039440226 
130 108 26 29 0.039272 
33 142 10 13 0.038388982 
867 38 24 25 0.03665471 
121 89 68 81 0.03538178 
29 359 10 13 0.034766477 
70 130 12 16 0.03475492 
38 222 11 13 0.031407494 
886 81 14 19 0.030750198 
32 148 9 13 0.030442892 
37 279 16 19 0.029555757 
7 215 9 11 0.029220892 
20 286 11 14 0.027733041 
515 253 15 19 0.02767474 
21 156 10 13 0.026892249 
859 50 15 18 0.026096849 
22 220 9 11 0.024065735 
127 137 52 75 0.023694258 
6 206 9 11 0.023605362 
27 410 13 16 0.023534302 
-151 88 448 489 0.023185857 
5 350 11 14 0.022936603 
495 96 513 551 0.022615088 
810 97 14 17 0.022263698 
14 216 9 10 0.020715443 
5 145 13 16 0.02035088 
581 211 11 13 0.020233076 
852 57 15 17 0.02021305 
