43_Row_Boat_Canoe_43_325
141
185 384 17 21 0.88972646 
990 363 16 21 0.8819031 
797 416 16 22 0.8052261 
693 394 17 23 0.76817405 
920 420 16 21 0.62736905 
545 359 10 11 0.4414193 
322 402 14 21 0.33596528 
225 348 12 16 0.33011022 
421 351 9 12 0.2960154 
313 356 11 14 0.23953006 
468 348 9 12 0.23569365 
787 370 10 13 0.2052914 
798 405 14 17 0.19576962 
657 351 9 12 0.1792405 
182 275 236 285 0.1750657 
593 356 9 12 0.16408342 
387 377 15 21 0.14968556 
573 404 15 17 0.13669617 
806 416 15 19 0.12982075 
679 372 11 14 0.1186246 
688 360 8 11 0.117478624 
492 378 16 21 0.11250369 
595 352 10 11 0.11076403 
601 402 11 15 0.10402616 
533 477 27 35 0.10370744 
660 355 10 14 0.10238197 
438 407 9 12 0.09375943 
257 380 25 28 0.082937606 
685 364 11 14 0.07475225 
605 396 11 15 0.07097805 
687 399 14 19 0.07075639 
446 388 11 15 0.068361446 
574 498 17 22 0.06517685 
772 382 11 13 0.06430499 
129 357 9 13 0.05932004 
837 445 11 15 0.058022488 
382 384 14 20 0.056503046 
608 391 11 14 0.056280546 
158 332 12 14 0.05570102 
452 406 13 16 0.055113487 
205 382 12 16 0.055085205 
804 399 13 16 0.05372122 
144 379 15 22 0.053676326 
375 326 10 13 0.05338525 
574 396 14 16 0.051622234 
680 378 11 14 0.051479764 
576 390 11 14 0.050799597 
603 409 14 19 0.05011263 
116 313 11 14 0.048571393 
193 381 15 19 0.04810224 
598 415 14 19 0.047760896 
718 405 10 13 0.04486805 
-33 225 356 428 0.044279292 
498 371 17 23 0.0440564 
568 403 12 16 0.042818207 
253 377 17 20 0.04242603 
683 369 14 17 0.039842553 
704 396 13 17 0.03876186 
983 405 9 14 0.038388316 
566 396 10 14 0.035086636 
385 374 26 35 0.034555756 
182 374 12 20 0.03432514 
342 403 12 17 0.034168586 
541 353 19 23 0.032449566 
918 416 13 17 0.031831656 
670 365 10 14 0.031686816 
164 332 11 15 0.031667378 
316 352 11 14 0.030587578 
667 357 11 15 0.030382484 
185 372 18 25 0.030276867 
381 325 9 13 0.029620841 
131 364 12 17 0.028615743 
103 295 218 248 0.028134165 
599 398 19 25 0.028080901 
903 381 10 13 0.028054744 
929 419 13 18 0.027817482 
820 419 14 17 0.027804669 
610 392 15 18 0.027444562 
310 361 12 15 0.02731992 
308 351 21 24 0.027233835 
175 378 12 17 0.02722743 
469 406 12 15 0.027106173 
986 368 12 18 0.026927572 
381 348 12 16 0.02674398 
694 381 12 14 0.026499458 
260 386 31 34 0.026450846 
174 377 20 26 0.026418036 
556 412 26 30 0.02617816 
693 426 16 20 0.026160438 
664 363 11 14 0.02566844 
585 357 10 13 0.02558079 
913 420 13 17 0.025574835 
158 338 11 14 0.025572173 
412 397 12 17 0.025471728 
694 230 13 16 0.02536359 
152 330 13 15 0.02512604 
654 341 11 15 0.02492317 
565 405 23 27 0.024916517 
272 387 18 20 0.024251679 
228 497 14 16 0.024162361 
507 401 14 19 0.024123548 
591 363 10 12 0.023783078 
686 388 11 15 0.02374854 
611 412 23 27 0.023514302 
692 358 9 12 0.023475401 
220 347 20 25 0.023422334 
227 343 13 16 0.023104936 
701 419 12 17 0.022920916 
804 449 15 17 0.02280967 
767 437 11 14 0.022602502 
375 379 26 33 0.02255171 
281 418 16 19 0.022234356 
487 372 12 18 0.02198731 
559 429 28 29 0.021936568 
615 425 13 17 0.021778347 
188 389 27 33 0.021667894 
451 395 12 14 0.021653064 
437 374 11 15 0.021649044 
698 432 14 19 0.021592766 
604 373 11 15 0.02136636 
268 305 12 15 0.021271918 
793 404 12 17 0.021261772 
416 345 18 23 0.021223249 
210 381 12 16 0.021219308 
399 403 14 18 0.021010583 
168 386 48 61 0.020993797 
910 414 10 13 0.020973658 
774 374 12 15 0.020795194 
193 410 25 30 0.02079036 
901 386 12 18 0.020768585 
769 387 10 14 0.020759467 
668 350 12 14 0.02065137 
560 404 9 13 0.020574074 
469 352 11 16 0.020526955 
133 379 14 19 0.020504542 
329 395 15 19 0.020483758 
993 380 27 33 0.020441597 
604 404 24 28 0.020344192 
405 389 12 16 0.020308793 
552 418 11 16 0.020164395 
584 394 22 28 0.020156456 
