43_Row_Boat_Canoe_43_940
75
397 204 28 36 0.9976642 
309 187 31 39 0.9966607 
676 299 27 35 0.9918058 
759 301 25 32 0.987768 
507 212 30 33 0.9830872 
247 242 26 35 0.9687862 
116 396 28 34 0.96764094 
527 425 32 44 0.83867866 
218 299 18 24 0.21685822 
365 252 15 20 0.14752682 
430 245 12 15 0.14010526 
235 249 29 37 0.13203138 
7 259 45 59 0.1261621 
29 255 45 52 0.11301304 
460 293 25 28 0.07675669 
421 301 14 18 0.074470215 
690 387 14 19 0.07005141 
622 245 24 32 0.06838833 
477 265 14 16 0.06616423 
3 64 60 104 0.065071896 
94 233 26 31 0.06380362 
253 238 15 20 0.05996262 
453 267 12 15 0.05706517 
0 276 47 70 0.056528095 
35 481 136 145 0.05652092 
420 253 12 16 0.053726703 
629 400 14 19 0.053418577 
779 377 17 22 0.052138224 
970 77 51 75 0.050015144 
69 237 51 56 0.048054446 
460 267 12 14 0.046120528 
455 300 13 17 0.044697683 
746 397 15 18 0.041328408 
227 259 24 32 0.041001916 
78 256 15 19 0.040041775 
467 282 16 17 0.039169315 
104 390 28 34 0.03662058 
448 263 11 14 0.035517305 
93 235 16 20 0.03498406 
458 278 27 33 0.03433426 
-4 295 42 88 0.03333441 
470 266 13 15 0.032947503 
53 265 26 35 0.031417336 
786 382 14 19 0.030634433 
467 262 22 26 0.030261526 
381 245 11 14 0.028312052 
-1 509 45 73 0.027662594 
-2 270 27 43 0.027214952 
50 206 94 108 0.026547564 
923 399 118 157 0.025623055 
454 263 21 26 0.025416106 
514 434 30 39 0.025334317 
521 204 18 24 0.024570007 
578 273 16 19 0.0242216 
414 281 15 19 0.024043575 
283 266 17 20 0.02375215 
13 231 92 87 0.022901602 
635 244 12 17 0.022835739 
94 246 27 34 0.022648202 
629 237 13 16 0.022194989 
594 245 26 28 0.022122262 
624 390 25 31 0.022110587 
147 228 11 13 0.0220272 
235 257 16 20 0.021654498 
611 395 40 54 0.021641703 
444 284 12 17 0.021419622 
627 427 14 22 0.021233678 
577 279 27 34 0.02097179 
106 238 17 21 0.020968702 
211 409 32 43 0.0207031 
776 363 13 16 0.020485217 
226 294 13 17 0.020380126 
494 268 12 17 0.020164723 
23 251 29 35 0.020104654 
568 261 11 14 0.020002868 
