43_Row_Boat_Rowboat_43_563
29
620 113 47 50 0.8847273 
0 439 8 12 0.09325198 
896 570 24 30 0.051402908 
431 66 205 262 0.048821684 
201 401 51 65 0.044038866 
46 414 9 12 0.03958868 
109 389 9 13 0.039321966 
7 397 9 12 0.038478903 
13 381 12 14 0.03507409 
610 127 37 38 0.034775577 
83 391 12 15 0.03237107 
914 592 49 63 0.031806074 
358 -45 396 462 0.03177004 
152 421 8 10 0.03041702 
595 114 11 18 0.027563386 
63 436 9 13 0.024668515 
40 383 10 12 0.02463404 
41 421 9 11 0.024402807 
236 402 14 16 0.024042709 
198 415 30 40 0.023704816 
252 398 11 14 0.023103938 
590 109 20 30 0.022370081 
14 453 8 10 0.02232972 
31 431 8 10 0.022013297 
9 453 9 11 0.021765951 
593 108 11 16 0.02155246 
521 137 115 151 0.021233186 
46 389 8 11 0.021137275 
934 623 95 116 0.020048331 
