43_Row_Boat_Canoe_43_565
20
452 310 144 160 0.9926104 
200 369 196 234 0.15124463 
988 599 23 31 0.112003244 
307 691 492 527 0.10690056 
345 475 472 416 0.08771555 
500 566 214 248 0.07219985 
507 666 509 552 0.046520058 
406 888 415 527 0.043122493 
653 625 252 231 0.042732574 
303 338 237 206 0.042076092 
579 915 432 515 0.033711642 
973 558 9 11 0.025802352 
-32 879 217 241 0.025227863 
605 620 83 85 0.024079658 
969 552 9 11 0.023378383 
988 581 11 13 0.02283861 
1010 606 13 19 0.022833267 
32 607 228 194 0.021150043 
999 596 21 31 0.020894153 
1013 581 12 16 0.020879293 
