43_Row_Boat_Canoe_43_757
51
519 199 43 58 0.987346 
482 36 17 20 0.27480796 
618 56 16 18 0.16019306 
345 128 26 33 0.11608293 
460 36 16 18 0.09799091 
68 574 23 34 0.09373956 
358 76 15 19 0.08334808 
735 417 12 16 0.075262144 
362 82 14 18 0.07238823 
552 35 13 17 0.070777364 
532 77 15 20 0.06038911 
513 50 18 21 0.058782887 
454 171 31 42 0.055673916 
537 8 16 21 0.054862797 
405 64 13 17 0.04401961 
411 35 16 20 0.04094367 
412 60 13 18 0.03808165 
991 231 31 47 0.03801641 
983 112 43 78 0.035907384 
511 44 14 18 0.034585737 
847 532 12 14 0.03455431 
482 143 23 33 0.03406983 
410 92 15 19 0.031520437 
526 9 200 220 0.031343035 
386 28 16 19 0.030612824 
362 69 13 15 0.030597694 
491 113 17 22 0.030580254 
429 18 18 23 0.030419543 
492 90 16 19 0.027988337 
379 3 17 19 0.027557602 
254 299 28 31 0.026872596 
730 411 22 28 0.02675471 
991 529 8 9 0.026683837 
614 58 25 32 0.024875771 
727 417 13 16 0.02480786 
450 1 25 28 0.024035465 
332 88 13 20 0.023840986 
468 40 14 17 0.023301011 
738 98 154 182 0.023043588 
403 0 18 19 0.022436818 
976 535 7 9 0.022218972 
419 41 14 17 0.021450533 
344 144 12 18 0.021095222 
592 491 34 34 0.021065677 
514 188 28 40 0.020807758 
979 305 27 35 0.020714639 
958 527 9 10 0.020661358 
489 39 14 18 0.02064831 
903 533 9 11 0.020442553 
1008 527 8 11 0.020240502 
353 143 16 21 0.020234982 
