43_Row_Boat_Canoe_43_458
174
884 428 11 14 0.88532376 
848 428 9 11 0.3776858 
819 429 9 11 0.33198786 
7 299 12 16 0.31131208 
709 422 8 11 0.2520619 
686 417 7 9 0.17589578 
792 429 7 10 0.17073333 
730 422 7 10 0.1660287 
749 422 7 10 0.15492184 
22 293 8 12 0.12907606 
15 296 11 14 0.12689981 
777 454 8 11 0.12448948 
657 415 8 11 0.12371311 
720 432 7 10 0.107079804 
74 399 449 525 0.102479726 
661 408 8 10 0.09964019 
784 440 8 10 0.0899535 
792 467 10 12 0.08647741 
655 420 8 10 0.08144414 
369 351 8 11 0.07213458 
728 418 8 10 0.06786384 
70 317 10 13 0.066497184 
625 417 7 9 0.06532357 
760 432 7 10 0.061964896 
650 423 7 9 0.056248393 
924 491 12 15 0.054140847 
846 471 12 14 0.051375713 
760 437 8 10 0.050920885 
429 342 9 12 0.05037278 
368 356 8 11 0.050075863 
782 444 8 10 0.04791849 
734 447 8 10 0.04753738 
839 440 8 10 0.046434887 
40 326 8 11 0.045345757 
436 372 10 12 0.04260395 
683 421 8 10 0.04251467 
808 438 8 12 0.042482946 
750 418 8 10 0.04152823 
806 444 9 12 0.041409716 
989 215 9 11 0.04103367 
1002 207 8 10 0.038647447 
798 464 7 9 0.038637154 
555 148 14 17 0.038432512 
745 418 8 10 0.037939146 
776 429 8 11 0.03736661 
429 348 9 12 0.03687175 
822 471 11 11 0.036783468 
454 374 8 9 0.036543917 
815 435 9 13 0.036461394 
11 304 12 15 0.036427423 
358 382 8 10 0.03642356 
321 337 6 8 0.036165155 
783 461 9 11 0.03576279 
41 293 8 11 0.035687312 
511 373 7 9 0.0354017 
390 343 9 10 0.03538943 
789 437 9 11 0.035307754 
786 430 8 10 0.034891885 
843 430 8 11 0.034556326 
327 351 10 12 0.034554213 
63 310 10 12 0.034545068 
736 437 9 10 0.03420019 
880 436 10 13 0.034152087 
24 326 8 11 0.034122717 
-79 250 520 552 0.033099823 
333 352 8 10 0.032804385 
727 469 10 11 0.03265353 
46 293 8 12 0.03261534 
798 424 8 11 0.032418106 
743 437 8 10 0.032414414 
3 294 20 26 0.03202188 
766 469 9 11 0.03195194 
329 356 9 11 0.031743273 
815 471 9 11 0.031512924 
984 197 9 11 0.031319596 
447 367 8 11 0.031068068 
177 280 9 12 0.030911824 
744 465 8 10 0.03054519 
625 391 7 9 0.030541234 
480 377 7 9 0.030532518 
384 368 8 11 0.030503804 
455 406 8 10 0.030411048 
736 431 8 11 0.03030093 
180 285 9 12 0.030194769 
368 344 9 10 0.030010149 
47 324 9 11 0.029345192 
712 428 8 11 0.029176995 
727 464 8 11 0.029061107 
421 382 9 11 0.029007996 
30 326 9 11 0.028763564 
991 220 9 12 0.028702887 
430 336 8 11 0.028566303 
774 471 9 11 0.027814778 
55 326 8 10 0.02774214 
16 325 9 11 0.027600998 
616 448 7 9 0.027226811 
2 298 12 17 0.02700533 
752 439 8 10 0.026874706 
704 430 8 11 0.026672833 
760 470 10 11 0.02658716 
695 422 8 10 0.026554786 
648 399 7 9 0.026540598 
874 74 19 20 0.026468728 
777 459 8 11 0.026446762 
959 216 9 10 0.026438955 
989 197 9 11 0.026415683 
802 66 115 136 0.026369324 
423 336 9 12 0.02603413 
318 341 8 10 0.025896225 
701 437 8 10 0.025812697 
785 425 7 9 0.025764557 
808 480 9 10 0.025658108 
852 424 9 12 0.025625698 
809 471 8 10 0.025458816 
813 478 9 10 0.025426114 
881 422 19 23 0.025420526 
870 423 11 13 0.025288586 
742 431 8 11 0.025272062 
834 443 8 12 0.025170865 
815 423 19 24 0.025110161 
829 471 9 11 0.025051944 
696 438 8 10 0.024762398 
768 423 8 11 0.02462999 
750 462 8 11 0.02451909 
775 424 8 11 0.024404598 
638 409 8 9 0.02426948 
733 418 9 10 0.024162736 
482 237 9 12 0.02400986 
806 453 9 10 0.0239119 
777 448 9 11 0.023748789 
671 413 8 10 0.02363788 
479 382 8 10 0.023626756 
726 429 8 11 0.023414535 
327 334 7 9 0.023185626 
409 350 7 9 0.022910347 
807 484 10 12 0.02283016 
902 471 11 14 0.022820922 
822 72 32 34 0.02267456 
774 476 10 11 0.022283303 
733 468 10 12 0.022181362 
752 457 8 9 0.022121998 
823 476 10 11 0.02210312 
359 377 8 10 0.022017496 
778 437 8 11 0.02191776 
871 442 10 13 0.02190736 
607 415 8 9 0.02176814 
866 222 52 56 0.02176576 
21 298 9 13 0.02163357 
185 318 7 10 0.021628415 
807 463 8 9 0.02159814 
599 401 7 9 0.02154343 
374 343 8 10 0.021536991 
687 456 8 10 0.02143162 
522 389 7 9 0.021353306 
352 351 8 9 0.02125851 
967 207 8 10 0.021189386 
909 470 10 13 0.021135919 
336 344 7 9 0.021067185 
432 328 8 9 0.020933658 
598 405 9 11 0.020907482 
790 445 9 10 0.020690072 
792 456 9 11 0.020671574 
896 445 9 12 0.020640368 
844 423 19 25 0.020609556 
216 326 8 11 0.020489573 
799 456 8 9 0.020423416 
377 374 8 10 0.02022983 
232 320 7 8 0.020207262 
985 182 8 10 0.020170778 
679 437 7 10 0.020118065 
379 393 462 505 0.02011011 
422 405 10 12 0.020077247 
829 477 9 11 0.020028045 
574 414 8 10 0.020018846 
