43_Row_Boat_Canoe_43_726
20
484 324 26 46 0.9365627 
192 344 17 22 0.82863367 
521 434 106 138 0.5102444 
281 299 31 36 0.22805655 
462 406 158 215 0.06765002 
274 268 27 33 0.052356742 
197 385 25 33 0.05141444 
180 384 26 35 0.03824267 
490 330 41 53 0.0333222 
338 615 33 35 0.032714862 
361 451 29 32 0.031030929 
541 427 167 236 0.029228231 
525 318 25 32 0.027318032 
129 241 25 30 0.025871206 
498 318 27 42 0.02471792 
531 600 38 48 0.024506431 
472 332 25 32 0.024342576 
244 403 26 38 0.021663826 
195 408 15 17 0.021465467 
9 243 54 81 0.020205313 
