43_Row_Boat_Canoe_43_93
42
632 253 19 24 0.9340172 
356 28 11 15 0.09261817 
131 23 10 13 0.08205996 
348 35 12 16 0.07557199 
400 71 12 13 0.07462409 
415 22 8 10 0.05716018 
119 32 8 10 0.05044709 
177 24 9 11 0.04959338 
671 334 10 13 0.04946738 
696 324 9 11 0.044915594 
896 439 8 11 0.043038752 
651 257 16 21 0.037551753 
798 70 9 12 0.036576748 
452 1 10 10 0.036523435 
363 37 13 14 0.03509092 
799 75 10 12 0.034829978 
111 28 10 12 0.034283057 
943 542 11 12 0.03422522 
793 70 9 11 0.032740403 
933 438 9 12 0.03182798 
161 31 9 10 0.030034771 
104 30 9 11 0.028706593 
125 15 12 13 0.027388873 
217 50 33 33 0.027279204 
606 58 34 31 0.027074559 
808 60 8 12 0.026803486 
488 209 24 31 0.026523985 
807 69 9 13 0.025086178 
343 42 11 14 0.025055485 
917 437 10 12 0.024645155 
46 76 10 12 0.023889106 
435 390 32 34 0.023357648 
831 478 9 12 0.023310691 
627 247 16 21 0.023275526 
398 66 19 25 0.022400742 
880 484 8 12 0.022390647 
447 4 10 12 0.022305373 
466 349 17 18 0.022295352 
621 245 14 18 0.021486733 
735 66 12 14 0.020666257 
661 251 11 17 0.02062505 
375 30 9 11 0.020495353 
