43_Row_Boat_Canoe_43_942
144
909 458 26 31 0.95936257 
464 436 20 28 0.9339484 
179 475 23 29 0.9223373 
371 451 21 25 0.8332486 
264 382 14 17 0.38644505 
313 342 16 20 0.25800124 
835 385 12 15 0.19987129 
266 339 13 15 0.16288348 
161 351 16 19 0.15741284 
483 464 16 21 0.14458545 
366 511 24 31 0.13273124 
998 391 11 14 0.095326066 
425 263 8 10 0.07946919 
948 475 12 15 0.07668994 
398 453 11 15 0.07657578 
274 363 18 21 0.07629477 
334 340 12 14 0.072859325 
602 146 9 12 0.06850042 
342 271 9 11 0.06798364 
166 332 12 14 0.061295442 
542 395 11 14 0.061130825 
293 336 10 12 0.059531104 
415 272 7 9 0.056219447 
225 374 9 11 0.054734383 
399 256 7 9 0.053983808 
741 364 13 14 0.053160757 
449 484 17 20 0.052454278 
215 342 9 10 0.049372625 
68 277 13 16 0.049091216 
354 488 13 17 0.04901017 
268 369 16 20 0.048426498 
317 351 15 19 0.04775692 
464 254 8 12 0.046087664 
548 388 14 16 0.04485828 
354 460 13 17 0.043942023 
164 341 13 15 0.043892168 
1004 395 11 13 0.043408245 
345 263 9 11 0.041054267 
408 151 8 12 0.04035493 
288 338 11 14 0.03904176 
556 390 13 15 0.038963504 
984 415 11 15 0.038605195 
425 257 8 10 0.037397645 
424 267 10 12 0.03737215 
797 359 10 11 0.03735205 
189 341 10 12 0.037317645 
408 272 8 10 0.03710338 
395 507 27 36 0.036830027 
275 341 11 14 0.03570451 
543 389 11 15 0.035605676 
334 222 8 10 0.03550979 
369 260 8 10 0.03549451 
207 374 8 10 0.03545045 
279 276 9 10 0.03490468 
322 356 13 17 0.03383273 
557 379 9 12 0.03358042 
317 375 13 16 0.03296805 
773 365 13 14 0.032862723 
400 272 9 11 0.032730438 
215 350 11 12 0.032422967 
557 452 10 12 0.03231817 
633 144 7 10 0.031655826 
1013 397 10 12 0.03149077 
254 412 12 13 0.031250898 
55 374 13 16 0.031224545 
215 357 9 12 0.031111991 
632 148 9 11 0.030833028 
347 470 54 59 0.03069269 
97 264 8 9 0.02973305 
380 512 31 36 0.029248761 
76 283 10 13 0.029213933 
246 428 12 15 0.028723901 
516 459 15 17 0.028140152 
100 270 10 11 0.02787894 
824 367 9 11 0.027716408 
249 254 8 10 0.027538717 
270 344 13 17 0.027533676 
780 365 12 14 0.027250592 
262 324 10 11 0.027185822 
324 270 11 12 0.02686254 
253 373 12 15 0.026709592 
558 494 10 12 0.026672497 
357 278 10 11 0.02657249 
526 324 12 13 0.026546175 
792 360 9 11 0.026419463 
390 221 9 12 0.026148818 
829 380 22 23 0.025915649 
232 342 8 10 0.025539752 
200 373 9 11 0.02524333 
369 490 46 52 0.025238419 
542 360 10 11 0.02515759 
393 487 45 55 0.025122806 
375 272 7 9 0.02509825 
474 -49 431 489 0.024940623 
638 143 8 10 0.02484205 
419 483 43 51 0.024807988 
323 341 13 17 0.024581088 
278 257 9 10 0.024521988 
74 369 31 33 0.024145184 
381 429 13 16 0.024088116 
89 285 11 13 0.024027508 
346 469 24 28 0.023953961 
844 367 12 12 0.02383029 
208 341 10 11 0.023792353 
152 341 12 12 0.023593677 
249 374 10 11 0.023582758 
975 486 10 12 0.023463132 
271 326 11 12 0.023348985 
337 272 9 11 0.023315085 
323 496 59 60 0.023214735 
181 354 14 15 0.02313637 
50 517 31 35 0.023024047 
987 419 11 15 0.02265017 
47 286 9 10 0.022648275 
207 357 10 12 0.022634711 
267 373 24 28 0.022580137 
149 237 10 11 0.02248825 
103 263 8 10 0.022469565 
170 369 14 16 0.021813834 
563 394 10 13 0.021804705 
399 250 7 9 0.021775685 
122 277 8 11 0.021775639 
257 340 10 13 0.021668227 
553 374 11 13 0.021542694 
262 374 15 19 0.021519009 
782 360 11 13 0.021457447 
943 468 14 18 0.021430453 
752 535 9 11 0.021367393 
62 272 13 14 0.021329943 
820 389 13 15 0.021219013 
395 254 8 10 0.02114351 
222 351 9 12 0.021119207 
390 213 9 12 0.021061882 
559 359 10 11 0.020893333 
417 263 8 10 0.020884125 
1012 212 10 15 0.020724576 
464 248 9 11 0.020664414 
350 323 12 14 0.020656027 
187 348 13 15 0.020568414 
464 261 8 12 0.020463727 
223 342 8 10 0.02031216 
431 245 8 11 0.02022055 
606 453 10 12 0.020171382 
982 486 10 13 0.020105848 
