43_Row_Boat_Rowboat_43_797
25
479 370 17 21 0.6419651 
120 154 25 30 0.12192999 
478 427 14 18 0.11531931 
935 92 26 32 0.073611744 
120 160 13 17 0.06572165 
269 138 11 16 0.042876896 
509 435 12 14 0.037740633 
406 83 9 15 0.034975637 
943 82 11 13 0.03312464 
500 412 10 13 0.033012558 
484 421 13 18 0.0319182 
462 378 11 14 0.030971926 
400 108 8 11 0.029855354 
894 15 10 12 0.029523421 
12 130 12 16 0.02812102 
495 406 11 15 0.027337486 
750 504 30 36 0.026683584 
776 168 18 20 0.026573235 
401 104 8 10 0.025465041 
333 86 10 13 0.025206154 
483 432 14 16 0.023469422 
109 193 21 30 0.022380471 
152 131 11 14 0.021096075 
303 47 8 11 0.020993486 
948 82 11 14 0.020197578 
