21_Festival_Festival_21_225
39
381 445 49 58 0.9976382 
663 212 47 56 0.9972019 
625 470 51 59 0.9959359 
751 285 44 57 0.9934362 
846 306 48 62 0.9931223 
487 181 104 121 0.51900554 
101 81 193 238 0.2294456 
963 235 11 14 0.15326943 
754 526 31 34 0.12574464 
589 679 50 64 0.11151725 
355 682 16 20 0.07017015 
1010 310 12 17 0.06760008 
274 604 30 34 0.06500417 
180 676 22 25 0.059981734 
591 429 41 53 0.059552133 
767 531 28 32 0.048266392 
629 724 26 36 0.04289085 
-12 100 383 479 0.042270284 
244 676 15 19 0.038252767 
604 696 52 65 0.03276922 
186 667 18 21 0.032122485 
615 447 47 59 0.031479426 
473 739 34 32 0.030735057 
31 615 13 15 0.030616278 
460 426 12 17 0.030281503 
452 415 17 20 0.029014854 
735 740 30 29 0.026915427 
957 230 21 27 0.025927668 
285 633 14 17 0.025121732 
277 644 45 59 0.024936924 
427 429 27 36 0.023983339 
608 424 45 54 0.022983173 
247 675 23 27 0.022972597 
284 690 11 15 0.022485232 
1011 301 11 15 0.022318168 
263 644 13 15 0.021785129 
257 672 26 31 0.020494204 
772 525 15 20 0.020407215 
277 614 48 60 0.020021485 
