21_Festival_Festival_21_811
28
876 263 32 39 0.996985 
95 344 35 43 0.9859169 
594 256 35 39 0.9825447 
748 263 29 33 0.8118529 
481 267 37 41 0.4149234 
771 462 70 68 0.17042148 
754 442 109 114 0.09382243 
818 300 40 53 0.05701132 
790 477 39 44 0.05386036 
361 -16 400 479 0.039585534 
830 535 11 14 0.039000705 
233 392 26 28 0.036477856 
779 497 41 42 0.034441266 
781 284 11 14 0.031011954 
23 355 10 14 0.0282393 
356 519 18 21 0.027288347 
365 470 23 33 0.02393418 
745 509 10 13 0.023488237 
390 604 12 15 0.023159193 
836 535 11 14 0.022094237 
403 530 15 19 0.021991748 
740 273 26 36 0.02198121 
740 296 13 16 0.021773716 
322 512 15 18 0.021182286 
374 573 13 15 0.02082161 
750 501 11 13 0.020658033 
370 485 15 20 0.020067127 
541 387 18 21 0.020057658 
