21_Festival_Festival_21_785
204
332 412 277 347 0.99960905 
83 752 211 286 0.8547516 
728 1220 12 15 0.67695504 
750 1212 10 13 0.4431646 
756 1301 10 13 0.26965642 
752 1278 10 13 0.2550608 
832 1238 10 12 0.22444482 
598 1284 9 12 0.2000838 
617 -92 327 466 0.19692554 
718 1245 9 12 0.19015853 
219 -31 461 504 0.16525413 
550 1271 9 12 0.15114686 
725 1262 9 12 0.14446516 
626 1255 9 11 0.14365761 
672 1256 8 9 0.1376073 
798 1212 12 16 0.13340853 
591 1269 9 12 0.13138174 
100 730 354 392 0.13133256 
756 1327 14 18 0.13014007 
854 1034 167 261 0.12474269 
624 1260 9 11 0.11582602 
784 1236 8 12 0.11510012 
249 744 436 532 0.112891376 
817 1244 11 14 0.11202884 
732 1279 10 13 0.11075197 
718 1239 9 11 0.1038785 
823 1239 10 12 0.09713457 
727 1283 10 13 0.09535898 
790 1274 11 14 0.092812456 
583 1269 10 12 0.09073635 
333 899 251 330 0.08798661 
672 1260 8 11 0.08427104 
681 1247 8 10 0.081919365 
645 1277 9 12 0.07952337 
598 1270 8 12 0.07802353 
598 1279 9 11 0.07678579 
687 1255 8 9 0.07493531 
753 1306 11 15 0.07087777 
672 1238 8 11 0.07081033 
696 1303 11 14 0.07045744 
687 1272 10 12 0.068801306 
628 1260 10 12 0.06872231 
745 1246 8 10 0.068547845 
531 1276 10 13 0.06783887 
718 1251 11 12 0.06713159 
500 1269 12 15 0.0670477 
686 1248 9 10 0.06629918 
419 -37 432 453 0.064586945 
751 1237 9 11 0.06433915 
813 1298 12 16 0.06325993 
492 1302 16 19 0.062312063 
679 1254 8 10 0.061022706 
567 1293 10 12 0.060641963 
790 1237 9 11 0.05951533 
713 1238 9 11 0.05921426 
665 1248 8 10 0.057391174 
560 1276 10 12 0.057065114 
745 1207 11 15 0.055676367 
751 1272 9 11 0.054652404 
744 1221 9 12 0.052777145 
774 1245 10 13 0.052585065 
671 1247 7 9 0.051499084 
733 1217 9 13 0.05048879 
727 1244 8 11 0.04937634 
564 1277 11 13 0.049327627 
1 503 377 519 0.04865317 
735 1244 8 10 0.046940766 
606 1285 11 13 0.04689406 
735 1262 10 11 0.046437077 
742 1263 9 11 0.045578208 
593 1276 9 12 0.045169726 
644 1291 11 13 0.044943716 
724 293 190 304 0.04469009 
758 1272 9 11 0.04459093 
773 1293 11 14 0.04348284 
665 1251 9 11 0.04312829 
768 1275 9 12 0.04211311 
560 1284 10 12 0.041495603 
630 1267 10 12 0.041426685 
559 1291 10 13 0.040729124 
783 1244 10 13 0.03943685 
797 1270 9 12 0.03876303 
777 1236 10 12 0.03816321 
545 1275 10 13 0.037289117 
755 1284 11 13 0.037225064 
558 1271 10 13 0.036546215 
40 424 233 328 0.03632336 
763 1325 13 17 0.036284804 
566 1285 11 13 0.035592962 
720 1294 10 13 0.035312764 
797 1308 12 15 0.03517953 
808 1299 12 16 0.035047315 
656 1277 9 11 0.034532465 
774 1251 10 13 0.034529794 
776 1318 11 15 0.03449072 
694 1260 10 11 0.034434013 
720 1278 9 11 0.033726867 
496 1327 29 30 0.033116437 
745 1278 9 12 0.033108905 
796 1275 10 13 0.032682218 
774 1275 11 13 0.03267959 
783 1275 12 14 0.032269422 
566 1300 11 13 0.03215836 
790 1243 10 14 0.03175495 
656 1271 8 10 0.031555355 
719 1269 9 11 0.031343907 
728 1238 9 12 0.031166412 
513 805 245 232 0.031133568 
646 155 343 476 0.031114731 
824 1292 11 15 0.031011052 
597 1264 10 12 0.030797612 
720 1230 9 11 0.030453397 
672 1286 8 10 0.03032402 
662 1271 8 10 0.030308902 
646 1271 10 12 0.029985318 
572 1285 11 14 0.029969387 
726 1255 9 12 0.0296903 
582 1274 10 13 0.029502757 
639 1270 9 11 0.029476585 
769 1246 9 12 0.029407732 
297 5 323 289 0.029219726 
749 1245 9 11 0.028920166 
736 1255 8 11 0.028707776 
765 1299 11 13 0.028647296 
604 1271 10 12 0.028644795 
793 1218 9 13 0.028528588 
677 1261 9 10 0.028454956 
704 1246 9 10 0.028399747 
752 1293 19 25 0.028216481 
835 1232 11 13 0.028042817 
679 1310 11 13 0.027946575 
689 1260 8 10 0.027762102 
808 1278 11 14 0.027567102 
552 1293 10 12 0.027447237 
662 1278 8 11 0.027374998 
782 1284 11 13 0.027280381 
743 1254 8 10 0.027144214 
656 1301 10 14 0.02680321 
694 1255 9 11 0.026618121 
751 1254 8 10 0.026525328 
735 1321 12 14 0.026503265 
775 1286 11 14 0.026498105 
757 1237 9 11 0.026427452 
783 1252 9 11 0.026094219 
612 1287 10 13 0.026055867 
790 1232 8 10 0.02601087 
299 205 408 469 0.026008185 
781 1291 10 14 0.0259764 
746 1205 17 23 0.025836037 
819 1248 13 17 0.025794202 
666 1239 8 10 0.025694488 
791 1307 11 15 0.025481021 
751 1263 8 10 0.025286907 
713 1232 9 10 0.025141165 
640 1254 9 11 0.024882838 
798 1245 10 13 0.024703639 
663 1285 9 11 0.02442648 
575 1277 10 13 0.024363808 
744 1227 9 12 0.024194583 
796 1205 12 17 0.024055082 
804 1219 9 13 0.023831332 
781 1306 11 15 0.023665717 
641 1286 11 13 0.023562403 
725 1293 10 13 0.023558898 
527 1271 11 15 0.02344859 
47 36 413 501 0.023373092 
679 1302 10 11 0.023340406 
773 1299 12 15 0.023175837 
806 1252 11 14 0.02304218 
705 1239 8 10 0.022951521 
805 1306 11 14 0.022865595 
578 1271 9 12 0.022831608 
662 1308 11 13 0.0228073 
750 1231 9 11 0.022729646 
523 1329 14 17 0.022702698 
694 1247 9 11 0.022659447 
768 1229 8 11 0.022579601 
776 1231 10 12 0.022516357 
807 1269 9 12 0.022417633 
766 1223 9 11 0.02241753 
571 1291 11 13 0.022149112 
722 1285 10 12 0.022005854 
759 1221 8 11 0.021970473 
801 1262 10 12 0.02196421 
820 1296 12 18 0.02193799 
688 1302 9 11 0.021756014 
686 1240 9 11 0.021665994 
727 1268 9 11 0.02164666 
776 1308 11 14 0.021422714 
796 1238 9 12 0.021375395 
769 1252 9 13 0.021207713 
792 1194 12 16 0.021101965 
605 1277 10 11 0.0210477 
655 1307 12 14 0.02093766 
745 1268 8 11 0.020841172 
748 1273 20 24 0.020833025 
711 1306 12 16 0.020830626 
615 1278 8 10 0.020783124 
645 1254 9 11 0.020781888 
655 1263 9 11 0.020680299 
797 1299 14 18 0.020509092 
688 1295 9 11 0.020311968 
735 1292 10 13 0.020305675 
334 1143 16 21 0.020273473 
