21_Festival_Festival_21_219
623
561 281 81 113 0.9886352 
866 404 16 20 0.30125675 
955 268 14 16 0.25728494 
67 398 12 15 0.22625288 
786 358 14 16 0.22179055 
832 349 10 12 0.20468628 
329 518 8 11 0.19916278 
318 536 8 11 0.19524243 
333 519 8 11 0.182197 
366 448 15 18 0.17418462 
124 374 10 13 0.17001568 
792 335 8 10 0.16455157 
837 240 13 18 0.16275255 
806 332 10 12 0.15917516 
799 167 14 17 0.15819097 
981 270 9 11 0.1453548 
771 364 12 14 0.14014599 
711 380 10 12 0.13818103 
338 462 9 12 0.1346997 
333 525 8 10 0.13430943 
845 325 9 12 0.13302964 
996 135 11 14 0.13231212 
918 294 15 18 0.12568595 
702 358 8 11 0.12534468 
47 520 7 10 0.12219035 
911 365 27 32 0.11031523 
308 518 10 12 0.109034 
45 470 9 11 0.10471562 
830 326 9 10 0.10003866 
710 329 7 9 0.09941084 
257 551 16 19 0.099176474 
259 540 14 15 0.09718577 
812 350 11 13 0.09693743 
728 332 8 10 0.09673474 
350 462 11 14 0.09532116 
768 340 10 13 0.094050355 
904 308 10 13 0.09336815 
831 284 10 13 0.0931829 
733 163 15 17 0.09262888 
89 549 8 12 0.09226268 
1011 316 11 17 0.0910142 
976 143 10 13 0.090766236 
325 511 10 13 0.08899646 
841 326 9 11 0.0870573 
24 419 10 13 0.08655003 
774 311 9 11 0.086089015 
745 327 8 10 0.08533651 
820 372 13 16 0.08461537 
983 263 9 12 0.0842716 
942 141 13 16 0.083316244 
750 342 11 12 0.08220893 
789 340 10 11 0.08180419 
800 334 9 12 0.081099115 
717 344 8 10 0.08015155 
783 341 10 12 0.07892356 
39 486 10 12 0.07891703 
394 291 219 197 0.07850168 
773 339 11 14 0.07811217 
825 325 8 10 0.07789319 
923 282 12 13 0.07775666 
825 321 8 9 0.0773097 
330 436 9 12 0.077199444 
718 349 9 11 0.07707446 
990 252 10 12 0.0768353 
702 352 8 11 0.0760481 
806 347 13 15 0.075970404 
960 157 13 16 0.075817645 
293 560 12 15 0.07568157 
784 321 7 9 0.07562791 
358 533 8 10 0.07561045 
303 507 12 14 0.07348435 
6 525 7 9 0.072338544 
144 544 8 11 0.07118703 
46 438 9 11 0.07111498 
862 139 10 13 0.070037715 
40 415 10 13 0.06987449 
980 148 11 13 0.06982533 
325 478 7 10 0.06957177 
830 319 8 11 0.06868321 
999 260 9 12 0.068123 
480 260 154 183 0.06764466 
962 270 12 14 0.067555524 
846 320 9 11 0.0670071 
17 521 7 9 0.06656509 
73 521 7 8 0.06466358 
831 355 11 12 0.06412765 
939 181 13 15 0.06394166 
80 537 9 10 0.06389987 
823 302 8 11 0.063889846 
1 520 8 12 0.063641675 
831 344 8 12 0.062957704 
352 528 8 10 0.06283766 
87 544 9 12 0.06283663 
706 332 8 11 0.062557854 
950 274 13 16 0.06250348 
958 163 12 16 0.0623607 
727 351 9 12 0.06161565 
902 303 10 13 0.06155435 
42 521 6 8 0.06151523 
824 135 10 11 0.060956504 
261 460 10 13 0.06029562 
997 254 10 12 0.060034297 
61 430 10 11 0.059763096 
837 349 10 12 0.059729636 
807 357 10 12 0.059520263 
838 162 12 14 0.0592609 
759 341 9 11 0.05913154 
45 420 9 12 0.058516257 
911 133 12 13 0.05764395 
742 343 10 12 0.0575006 
807 318 8 10 0.05731958 
119 369 12 16 0.056563675 
902 146 13 16 0.05648035 
48 524 7 9 0.0564335 
964 150 12 16 0.05607765 
777 319 7 9 0.055634733 
127 543 7 9 0.05560812 
862 356 9 13 0.0554941 
112 535 9 11 0.05477079 
305 470 7 10 0.0546222 
903 374 11 14 0.05393656 
40 462 10 11 0.053873 
413 501 13 16 0.053668376 
310 523 9 12 0.05362253 
768 360 11 14 0.05351182 
801 348 10 13 0.053465627 
63 521 7 9 0.053387273 
308 504 11 13 0.053369243 
1008 263 9 11 0.053345747 
128 536 7 10 0.053249244 
871 340 12 13 0.053176787 
378 498 15 16 0.05311294 
800 341 11 12 0.05298077 
864 336 8 10 0.052974164 
358 528 8 10 0.052768983 
762 327 8 10 0.05272074 
526 437 10 12 0.052540757 
907 170 12 14 0.052471247 
343 466 10 14 0.051902197 
846 343 8 10 0.051739313 
1009 147 10 13 0.05157428 
835 366 11 14 0.051486522 
782 349 11 13 0.05116931 
14 560 7 9 0.05097059 
486 328 65 72 0.05086817 
976 263 9 12 0.050806217 
815 372 12 15 0.050802704 
357 469 9 11 0.050665945 
784 327 7 9 0.050647303 
750 327 8 10 0.050456572 
765 327 8 9 0.050390333 
293 502 11 14 0.050375722 
752 336 9 10 0.050083395 
749 357 11 13 0.049994703 
784 335 9 11 0.049816843 
804 341 14 15 0.049580235 
310 471 7 10 0.049506024 
831 310 8 11 0.049284413 
30 527 7 9 0.049092732 
507 44 14 16 0.048785556 
824 350 9 11 0.04820003 
824 343 9 11 0.04786985 
1009 268 10 11 0.047644313 
823 140 11 15 0.047634576 
374 550 8 10 0.047617707 
141 383 9 11 0.04759334 
760 335 8 11 0.04736359 
278 541 11 15 0.047283027 
985 253 10 12 0.0472136 
839 343 10 13 0.047061555 
988 189 10 12 0.04690283 
822 293 10 12 0.04666287 
863 365 10 14 0.046171527 
77 519 8 10 0.046091877 
992 285 9 12 0.04584591 
1006 247 8 10 0.04570534 
802 327 9 11 0.045512863 
898 339 13 16 0.04542112 
369 527 8 11 0.045327038 
369 568 9 10 0.044732656 
768 320 7 9 0.04466636 
31 561 7 9 0.044637628 
61 444 12 14 0.044493835 
64 544 8 9 0.04441609 
54 509 9 11 0.04425507 
846 349 9 11 0.04412898 
314 540 10 11 0.044099316 
357 461 10 12 0.043930504 
838 293 11 14 0.04385987 
705 379 9 12 0.043785617 
345 526 7 10 0.043046013 
16 525 8 10 0.04291407 
757 163 11 14 0.042732958 
1013 278 9 12 0.04270917 
321 509 10 13 0.04264255 
990 183 10 11 0.04241721 
23 521 7 9 0.04229221 
952 264 12 16 0.041759886 
886 398 10 13 0.04169009 
286 471 8 9 0.041684072 
942 242 12 14 0.041659202 
270 470 8 10 0.04162194 
61 437 12 14 0.04149088 
361 453 11 14 0.041487075 
113 518 8 10 0.041364428 
837 285 10 13 0.041076902 
265 468 8 11 0.041002993 
65 551 7 9 0.040960852 
28 543 10 12 0.040687148 
791 328 8 9 0.04063252 
453 457 29 30 0.040598795 
734 327 8 10 0.040562183 
111 543 8 11 0.040280506 
274 550 14 18 0.04013766 
983 163 10 13 0.040065028 
16 535 8 10 0.040025283 
446 539 11 14 0.03987779 
871 335 10 12 0.03938133 
30 470 9 12 0.039027665 
72 542 8 10 0.0386957 
909 245 11 13 0.038568668 
245 539 11 13 0.03850247 
959 189 9 12 0.038445078 
55 519 9 11 0.03821837 
750 348 11 13 0.038209476 
816 319 7 9 0.038124602 
61 394 20 24 0.038117368 
71 524 8 10 0.038054053 
304 523 10 12 0.0379677 
832 292 10 12 0.0378855 
56 403 11 13 0.037871014 
69 558 9 11 0.037856128 
168 529 7 10 0.037799813 
990 238 10 12 0.03769967 
304 464 7 10 0.03763382 
826 309 8 10 0.037609156 
990 166 9 11 0.037571702 
68 390 13 16 0.037553754 
25 561 8 9 0.0372472 
865 339 9 11 0.03724326 
713 350 9 10 0.037240844 
947 145 13 15 0.036908425 
285 476 9 11 0.0366658 
28 414 11 14 0.03663192 
468 461 15 17 0.036589067 
334 567 10 11 0.036435764 
698 349 10 12 0.03629245 
44 463 11 13 0.036074884 
807 312 9 11 0.035966862 
791 319 8 9 0.035457127 
119 376 11 14 0.035438795 
25 526 8 9 0.035413034 
899 261 16 21 0.03535553 
317 448 9 12 0.035350915 
119 535 9 11 0.035321623 
870 142 10 12 0.03507448 
807 363 11 13 0.034808256 
73 510 7 10 0.034780085 
896 285 10 13 0.03462967 
942 134 12 14 0.03451877 
787 369 13 16 0.034485526 
739 370 13 15 0.034363728 
830 332 9 11 0.034210026 
982 276 10 12 0.034208436 
46 476 9 11 0.034061354 
856 356 10 12 0.034054525 
54 469 10 12 0.03384865 
56 544 8 9 0.033488005 
286 501 12 14 0.033479534 
801 318 8 10 0.033337094 
735 350 10 12 0.03328258 
168 533 8 10 0.033243593 
825 334 8 10 0.03321212 
877 334 10 12 0.033195566 
847 333 9 11 0.03303537 
832 301 9 12 0.032943614 
900 187 11 14 0.032792453 
966 263 12 14 0.0327505 
768 347 10 13 0.0324817 
103 480 10 12 0.03244158 
408 544 10 12 0.032298822 
871 326 8 10 0.03229345 
813 342 10 14 0.0322001 
21 438 9 11 0.032167133 
337 456 8 11 0.032135155 
917 332 15 17 0.03186646 
892 425 18 20 0.031821337 
952 164 11 14 0.03162193 
964 293 14 17 0.03162075 
917 128 11 13 0.031617876 
848 366 11 13 0.03159556 
230 541 8 11 0.031484894 
799 188 11 13 0.03148296 
351 519 8 10 0.031475995 
328 567 9 11 0.031445224 
792 310 9 12 0.031407792 
869 248 16 19 0.03137666 
864 316 10 12 0.031369574 
896 183 10 13 0.031305913 
944 277 11 14 0.031291444 
295 462 8 10 0.03128342 
334 534 8 10 0.031202892 
49 560 8 9 0.031199941 
783 197 11 14 0.031188682 
872 147 10 13 0.031175096 
310 565 10 12 0.031049853 
511 136 211 305 0.03101619 
352 487 7 9 0.031003188 
30 430 8 10 0.030988296 
89 517 8 10 0.03087362 
1007 172 10 12 0.030857308 
991 259 9 12 0.030687451 
721 320 7 9 0.030588951 
312 560 10 12 0.030444356 
31 461 9 11 0.030415509 
758 358 10 12 0.030405756 
1008 276 10 13 0.030373316 
70 551 8 10 0.030293357 
64 525 7 9 0.030267665 
374 525 9 11 0.030223768 
816 312 7 9 0.030194644 
964 285 11 14 0.030175338 
722 327 7 10 0.030152785 
827 135 12 14 0.030145895 
269 499 12 15 0.030145336 
896 292 11 13 0.030141076 
798 227 11 15 0.030102592 
757 365 11 12 0.030060088 
321 516 9 12 0.030030308 
766 172 13 15 0.029980293 
975 163 10 13 0.02996803 
93 545 9 11 0.02995009 
774 346 12 14 0.029792778 
96 535 9 10 0.029715976 
821 173 13 15 0.029671773 
343 520 8 10 0.029619316 
17 564 8 9 0.029582502 
828 370 13 16 0.029570052 
278 499 12 15 0.029093836 
70 446 9 13 0.029085673 
72 536 8 10 0.029073874 
269 542 11 14 0.029006312 
924 162 14 15 0.028962439 
855 291 13 17 0.02894524 
836 355 10 12 0.02890662 
73 375 9 12 0.028832693 
281 477 8 11 0.02880308 
819 386 14 17 0.028772643 
769 355 20 24 0.028763516 
0 509 7 12 0.028760104 
500 515 14 17 0.028690249 
1015 284 9 12 0.028659524 
335 559 10 12 0.028642112 
411 548 11 13 0.028627519 
344 533 8 10 0.028598255 
758 349 9 12 0.028514734 
288 462 8 11 0.028506313 
853 318 10 11 0.028448325 
852 124 10 11 0.02836397 
326 472 8 10 0.02834273 
750 321 9 9 0.028340755 
38 371 10 13 0.02830325 
104 543 8 11 0.028273854 
936 187 13 15 0.028260225 
81 551 8 10 0.0282214 
749 365 12 13 0.028073346 
16 438 10 13 0.028035467 
45 433 10 11 0.028031608 
505 306 59 78 0.027961867 
312 452 9 11 0.02791818 
992 174 9 11 0.027714146 
916 163 14 15 0.02771309 
999 246 9 12 0.027636979 
22 454 10 12 0.027620088 
270 454 10 12 0.02757839 
62 422 11 14 0.027576145 
85 536 9 11 0.027567374 
352 455 9 12 0.027517691 
94 567 9 12 0.027491264 
207 548 9 11 0.027461132 
999 279 9 11 0.027451186 
89 512 7 10 0.027440408 
102 372 9 13 0.027397363 
23 469 10 12 0.027392661 
773 180 10 13 0.027309353 
967 133 9 11 0.027291084 
399 534 8 10 0.027277246 
236 562 12 14 0.027235016 
444 506 11 15 0.027229559 
908 309 11 13 0.02716705 
302 445 10 11 0.027123539 
765 199 12 15 0.027123105 
720 334 8 10 0.027071945 
846 293 11 16 0.027052969 
112 549 8 10 0.027049944 
296 517 10 12 0.027040942 
299 501 20 23 0.026921919 
46 443 11 13 0.026906822 
281 470 8 10 0.02689978 
1006 182 12 15 0.026888669 
87 555 9 12 0.026883485 
341 455 10 13 0.0268811 
93 363 12 15 0.026873527 
31 445 10 12 0.026817061 
812 334 9 11 0.026688438 
77 372 10 13 0.026670275 
983 286 9 11 0.026610615 
998 182 10 12 0.02655107 
327 534 8 10 0.026516829 
142 521 8 10 0.026507009 
303 453 8 11 0.026484499 
884 229 15 17 0.026430532 
390 549 9 11 0.026417363 
30 476 9 12 0.026394375 
87 475 9 13 0.026299208 
151 366 9 12 0.026237885 
1014 181 9 13 0.026107406 
908 138 12 15 0.026099853 
224 542 9 12 0.026090655 
103 445 9 11 0.026083102 
78 461 10 12 0.026020823 
366 532 9 11 0.0259722 
733 334 8 9 0.025959482 
984 182 11 11 0.025942748 
310 464 8 9 0.025939794 
303 541 9 10 0.02588605 
0 459 9 14 0.025839176 
342 552 8 10 0.025819724 
15 541 8 10 0.025760818 
992 294 9 12 0.025755567 
841 319 9 13 0.025551118 
303 486 8 10 0.025530849 
87 454 10 12 0.025522163 
376 544 8 10 0.025498316 
71 564 9 11 0.025457291 
264 548 22 28 0.025447225 
870 346 13 16 0.025439646 
118 519 9 11 0.02533452 
296 470 8 10 0.02533317 
777 326 8 10 0.025285533 
976 238 9 11 0.025267715 
812 366 12 14 0.025245724 
93 495 9 12 0.02522785 
788 349 12 14 0.025210889 
95 445 8 11 0.025110908 
902 398 9 12 0.025080906 
855 334 9 11 0.024998467 
805 185 12 16 0.024996078 
816 293 11 13 0.02496532 
113 526 8 10 0.024929361 
70 381 10 12 0.024868678 
32 521 7 9 0.024829939 
967 128 8 10 0.024758859 
842 237 14 18 0.024683634 
24 428 9 12 0.024676368 
820 394 12 14 0.024671135 
439 506 11 14 0.024663612 
111 367 9 13 0.024660192 
1013 164 10 13 0.024648326 
0 418 11 18 0.024617868 
745 322 8 9 0.024614323 
736 343 10 12 0.02459451 
55 524 7 10 0.024567796 
843 118 25 28 0.024534805 
368 558 9 11 0.024405785 
0 503 8 13 0.024290444 
279 533 12 15 0.024177447 
973 134 9 11 0.024119297 
840 332 9 11 0.024099505 
459 464 15 17 0.02408645 
327 454 8 10 0.024010926 
702 363 9 11 0.023956828 
677 -37 431 482 0.023940962 
888 278 9 12 0.023937311 
40 478 11 13 0.023923686 
96 527 9 10 0.02391997 
38 407 9 12 0.023842655 
975 174 9 11 0.023825688 
799 358 10 13 0.023823503 
800 311 9 11 0.023789184 
88 500 8 11 0.023744557 
831 270 10 12 0.023736719 
908 251 13 15 0.02363788 
103 549 8 11 0.023593089 
383 542 9 11 0.023589408 
923 289 23 28 0.023575705 
152 535 8 12 0.023530632 
319 566 9 12 0.023509735 
873 403 15 18 0.023344295 
22 461 10 12 0.023332225 
796 220 13 16 0.023331976 
56 443 11 13 0.023324031 
80 567 8 11 0.023251593 
333 512 10 13 0.02324601 
31 405 10 13 0.023242515 
87 470 9 12 0.023230718 
97 484 10 12 0.023228142 
731 164 23 28 0.023225727 
40 526 7 9 0.023202932 
761 320 8 10 0.023159537 
118 398 9 11 0.023135556 
911 373 14 17 0.023129927 
76 404 11 13 0.023129899 
128 550 8 10 0.023118947 
159 527 10 11 0.023100192 
997 285 9 11 0.02303908 
774 303 10 13 0.022964722 
62 476 10 13 0.022915492 
318 559 10 11 0.02290127 
31 438 10 13 0.02285051 
113 398 9 11 0.022821207 
64 381 9 11 0.022811845 
52 502 11 14 0.022800533 
732 150 15 18 0.022773933 
94 518 8 9 0.022652443 
501 41 27 27 0.022627238 
790 302 10 12 0.022620654 
4 469 9 12 0.022596061 
120 543 7 9 0.022536715 
975 244 10 13 0.022478722 
102 535 9 11 0.022451578 
294 494 10 12 0.022371575 
102 366 9 12 0.02226677 
873 237 23 27 0.0222641 
110 479 8 10 0.022258613 
886 369 11 15 0.022254497 
853 371 11 13 0.022252532 
16 513 7 9 0.022202237 
216 549 10 12 0.022194615 
14 552 8 9 0.022185765 
926 128 9 11 0.022181762 
959 283 11 14 0.022116482 
78 454 10 11 0.022112515 
44 485 11 15 0.022060372 
332 432 11 14 0.02203112 
727 320 7 9 0.021990065 
837 179 10 14 0.021970246 
79 412 9 12 0.021963501 
95 396 9 11 0.021958932 
1013 171 10 13 0.021918206 
509 419 10 12 0.021877317 
64 564 9 11 0.021875298 
77 437 8 11 0.021800896 
149 542 9 11 0.021784097 
951 282 11 13 0.021776918 
727 342 9 12 0.021768842 
520 405 10 13 0.021754425 
344 479 8 10 0.021711858 
361 477 9 12 0.02167033 
485 425 10 12 0.021665972 
454 496 12 17 0.021587469 
48 542 8 10 0.021567907 
542 444 10 12 0.02154035 
743 354 12 15 0.021538293 
77 468 12 15 0.021472132 
264 499 11 14 0.021471046 
865 327 8 10 0.021416403 
141 524 9 11 0.02140331 
335 542 9 11 0.021394499 
112 454 9 11 0.02133725 
896 380 10 14 0.021286026 
86 495 9 12 0.021284804 
373 567 9 11 0.021251526 
830 238 23 31 0.021251021 
720 356 9 11 0.021250555 
1015 247 9 12 0.021232748 
78 525 8 10 0.021222716 
21 405 11 13 0.02122075 
56 552 7 9 0.021218523 
960 196 9 11 0.021211958 
923 181 12 13 0.021211019 
159 455 9 10 0.02118661 
85 360 15 18 0.021180319 
26 548 8 11 0.021172471 
815 326 9 11 0.02113628 
95 438 10 12 0.02111543 
991 278 9 12 0.021050656 
65 535 8 9 0.021016575 
554 54 407 468 0.020995682 
719 366 10 11 0.020962188 
984 238 10 11 0.020957962 
160 542 9 12 0.020911105 
311 550 10 12 0.020908216 
39 454 10 11 0.020899562 
892 397 11 13 0.020893618 
789 243 11 14 0.020869605 
559 268 33 46 0.020835007 
428 464 16 17 0.02078391 
886 307 10 12 0.020713009 
824 129 7 9 0.020711763 
959 127 9 12 0.020695362 
917 282 20 23 0.020655284 
1009 166 10 12 0.020650972 
137 527 9 10 0.020650912 
359 517 9 11 0.020641478 
451 486 13 17 0.020638166 
714 205 14 17 0.020583142 
295 478 9 11 0.02057738 
887 393 10 12 0.020547332 
853 251 10 15 0.020513263 
327 572 9 10 0.020503683 
183 536 9 12 0.020493602 
325 542 9 10 0.02049357 
359 542 7 9 0.020481851 
854 156 10 12 0.020465514 
897 139 24 29 0.020447146 
319 503 11 13 0.020445049 
877 197 10 13 0.020407973 
933 163 12 14 0.02040635 
55 462 10 11 0.020383075 
1000 267 9 12 0.0203647 
94 372 11 14 0.020322226 
480 429 11 13 0.020319087 
955 371 15 17 0.020298967 
926 414 13 15 0.020296643 
311 477 8 10 0.020265726 
825 284 11 13 0.02026566 
29 398 10 13 0.020244956 
840 126 11 12 0.020236371 
695 379 9 13 0.020188285 
895 277 10 12 0.02017746 
213 534 9 11 0.020152098 
438 316 12 16 0.020030512 
