21_Festival_Festival_21_97
44
506 580 36 49 0.9914249 
260 612 47 55 0.9851563 
231 32 47 65 0.97523016 
137 604 44 50 0.9664442 
201 585 49 61 0.1104217 
837 550 50 64 0.05826136 
230 602 48 60 0.05650184 
802 579 37 53 0.054721043 
606 754 14 17 0.05209232 
354 4 18 19 0.048913483 
629 740 11 15 0.043594126 
616 775 31 43 0.040626626 
602 723 16 19 0.0402199 
574 748 13 17 0.03935658 
652 732 26 30 0.0380793 
654 741 14 15 0.035325028 
659 737 15 19 0.03346228 
80 666 28 36 0.032909177 
576 727 48 63 0.032185182 
619 61 223 237 0.03205848 
573 710 13 17 0.0314666 
192 592 36 49 0.030911397 
12 -22 177 198 0.030035617 
816 682 70 74 0.0294159 
573 93 380 439 0.028463643 
574 731 12 16 0.02827544 
185 610 26 38 0.026821705 
218 649 25 37 0.02638427 
615 709 10 14 0.02590029 
184 559 49 60 0.025616165 
797 344 133 189 0.025334477 
560 991 7 10 0.025202647 
622 765 14 18 0.02508943 
587 748 15 21 0.023489103 
661 755 14 18 0.023179503 
-4 631 112 202 0.022880029 
159 604 35 41 0.022802891 
580 746 52 74 0.022661582 
635 727 46 59 0.022341631 
23 309 8 11 0.021939488 
823 525 58 64 0.021644263 
591 713 27 31 0.020445067 
606 783 30 43 0.020331584 
573 722 12 16 0.020157663 
