21_Festival_Festival_21_201
142
771 307 31 44 0.98338056 
676 296 24 33 0.89824724 
392 366 24 33 0.82049525 
553 314 20 24 0.6943427 
905 308 17 23 0.6415484 
476 83 183 223 0.63394016 
392 57 178 261 0.586037 
218 428 17 22 0.49410468 
673 394 122 212 0.35437277 
637 293 18 25 0.34971514 
-22 133 385 475 0.27487227 
40 379 24 38 0.26634154 
578 341 14 18 0.26094994 
613 331 15 20 0.22765186 
544 -25 359 410 0.2143442 
592 379 12 15 0.20672916 
721 382 19 23 0.2004061 
17 200 237 223 0.1970357 
12 433 14 20 0.19629538 
603 315 15 17 0.19486976 
277 363 16 18 0.17132004 
628 361 17 23 0.16014381 
399 340 15 19 0.13239709 
3 198 95 154 0.13232504 
653 299 179 268 0.12395058 
551 50 221 260 0.119543426 
293 345 16 21 0.119474046 
505 348 24 31 0.10385325 
354 371 24 31 0.09740708 
592 323 12 15 0.09100046 
54 252 141 131 0.08673503 
462 285 28 41 0.078241326 
377 339 15 21 0.07717573 
352 99 133 174 0.07292948 
109 298 82 67 0.072297126 
934 127 85 126 0.069072254 
13 409 14 18 0.068617195 
665 314 12 15 0.067172125 
328 457 59 71 0.06437722 
633 298 13 17 0.06318047 
813 303 26 40 0.061214216 
774 254 14 18 0.057998963 
647 327 14 20 0.053781703 
242 385 14 18 0.051162016 
404 332 15 18 0.04758497 
438 343 15 22 0.0474367 
573 353 14 18 0.04662606 
644 405 11 14 0.044511016 
623 365 14 19 0.044376925 
13 397 13 17 0.04296908 
922 277 17 24 0.041575357 
629 314 14 19 0.04097902 
620 324 13 18 0.040735304 
245 406 16 20 0.04062694 
575 300 12 14 0.039364137 
325 401 27 35 0.038923014 
624 316 13 17 0.038290072 
343 120 32 44 0.03780466 
198 437 41 61 0.03760575 
77 307 131 105 0.0371378 
398 333 13 16 0.036492378 
0 422 10 15 0.036227513 
382 339 23 30 0.035975896 
895 370 119 150 0.0357257 
255 325 360 457 0.035683326 
428 324 13 16 0.035406068 
971 236 43 63 0.034936134 
568 349 12 16 0.034484114 
597 337 14 18 0.033720616 
320 428 56 71 0.032733846 
599 355 13 15 0.032697465 
604 330 21 27 0.03262553 
759 318 32 43 0.03242495 
493 332 11 14 0.031736586 
912 377 48 78 0.03167328 
593 317 20 25 0.031482946 
959 181 48 76 0.030871239 
930 292 89 117 0.030819979 
653 437 12 15 0.030451976 
116 88 341 403 0.0301718 
451 323 11 17 0.029969774 
338 410 26 33 0.029637422 
858 385 12 16 0.029531196 
211 430 25 34 0.028749287 
939 308 18 23 0.028729808 
442 431 34 48 0.028686106 
918 342 31 45 0.027770294 
687 28 258 281 0.027414223 
393 348 26 36 0.027364729 
582 315 12 15 0.027156781 
670 291 14 18 0.027065625 
665 304 24 30 0.026998788 
419 102 69 101 0.026777234 
493 324 14 18 0.02632816 
971 100 51 100 0.026072111 
194 449 28 38 0.025887486 
9 401 22 31 0.025601786 
908 372 31 47 0.025383754 
462 164 393 457 0.025284521 
474 319 28 34 0.025106799 
580 300 25 29 0.024812652 
927 154 15 19 0.024778552 
306 410 97 118 0.024622124 
282 368 14 18 0.024574723 
636 283 11 17 0.02433678 
555 59 116 178 0.02411428 
483 324 15 19 0.02406023 
9 423 24 32 0.024059987 
499 320 15 17 0.0239268 
947 202 48 72 0.023861697 
437 334 11 15 0.023824666 
333 395 14 17 0.023568109 
271 372 27 34 0.023493825 
380 416 13 20 0.02325685 
574 361 13 16 0.023211494 
620 377 14 18 0.023170158 
771 301 16 21 0.023146521 
922 168 65 90 0.023045588 
313 405 27 32 0.022907665 
579 334 14 16 0.02270039 
655 441 12 16 0.022655254 
491 313 26 30 0.022615366 
590 378 20 26 0.022143945 
354 382 28 37 0.021857176 
614 77 113 137 0.02185172 
984 251 42 67 0.021634249 
32 429 11 16 0.02155901 
675 319 90 144 0.021529512 
630 299 21 27 0.02150695 
1012 74 11 19 0.02139325 
901 324 90 138 0.02097554 
-35 519 177 242 0.020917462 
560 355 11 14 0.020720826 
275 390 18 21 0.020668937 
386 417 14 21 0.020620642 
753 289 17 20 0.02045558 
598 309 16 19 0.020409126 
114 329 81 54 0.020352574 
967 237 26 46 0.020201636 
568 300 11 14 0.020085664 
898 282 18 21 0.020047555 
583 322 13 15 0.02001374 
