21_Festival_Festival_21_254
74
489 237 99 127 0.9996499 
226 362 53 74 0.9926588 
210 491 27 35 0.677132 
716 499 20 28 0.16649134 
44 506 21 28 0.15653093 
749 180 14 18 0.12260711 
319 282 14 18 0.11162111 
786 539 16 22 0.09626284 
629 162 12 17 0.07065932 
750 512 14 18 0.06477724 
899 284 16 19 0.06232468 
2 516 15 24 0.06204959 
623 163 42 56 0.055246755 
718 492 15 20 0.055233613 
931 394 14 17 0.051869594 
90 97 17 23 0.051716316 
3 570 28 49 0.048307743 
0 508 10 15 0.045712207 
660 152 16 21 0.042781092 
849 912 117 157 0.041399203 
681 300 24 31 0.041178353 
290 274 16 20 0.041047987 
743 511 13 18 0.040989857 
719 342 31 44 0.03933586 
828 400 28 36 0.038391106 
226 321 52 79 0.037974197 
167 490 27 30 0.037646845 
222 500 20 25 0.036600836 
1000 248 25 40 0.035924483 
-19 720 387 521 0.034577 
592 253 80 113 0.0331103 
32 508 24 33 0.032426134 
628 293 45 63 0.032036766 
964 344 28 36 0.031399794 
248 372 44 52 0.0312539 
762 449 16 21 0.031020215 
869 352 16 19 0.030478217 
221 377 33 53 0.029461302 
153 483 22 30 0.029439788 
592 282 12 17 0.029415572 
134 234 15 21 0.029256519 
923 387 17 21 0.028720085 
195 490 27 33 0.02850265 
351 235 12 15 0.02759407 
131 117 16 21 0.027482338 
207 314 91 133 0.027408648 
283 279 18 21 0.026963504 
667 150 16 23 0.026757581 
636 163 27 32 0.026650615 
199 238 24 27 0.025981855 
14 512 24 31 0.025896994 
188 477 30 37 0.025728783 
918 315 14 19 0.025630545 
810 451 16 21 0.025545858 
365 836 14 19 0.024824925 
841 832 175 269 0.02465948 
548 158 16 22 0.024627224 
496 275 10 14 0.024139613 
91 272 28 41 0.023873745 
12 528 13 19 0.022994246 
357 813 12 16 0.022849677 
787 533 13 17 0.022717519 
658 755 13 18 0.022441205 
745 182 21 28 0.0222598 
739 387 18 21 0.021989394 
611 139 21 35 0.021867944 
298 369 40 54 0.021423122 
179 483 28 36 0.021357413 
73 577 17 22 0.02113414 
626 161 25 35 0.02102738 
716 254 43 60 0.020875467 
838 554 12 17 0.020837177 
703 571 13 19 0.020575782 
773 562 16 20 0.020517811 
