21_Festival_Festival_21_640
53
44 438 25 31 0.14327423 
7 39 432 485 0.11997252 
668 485 10 13 0.07365075 
617 598 15 18 0.07081581 
721 463 8 11 0.06344834 
647 299 391 508 0.059879195 
696 597 11 15 0.051540773 
125 428 13 15 0.04903613 
693 507 11 15 0.04638563 
318 315 12 14 0.045649532 
670 588 13 17 0.04537952 
951 356 8 11 0.04486734 
932 364 10 13 0.03961389 
170 245 15 18 0.037685305 
924 346 12 16 0.03668913 
662 453 9 10 0.03509225 
669 533 10 13 0.034151945 
936 531 10 13 0.033412635 
747 437 13 17 0.033082116 
686 448 9 11 0.032888845 
688 582 10 12 0.032501604 
718 486 9 11 0.032473713 
725 462 9 12 0.031027332 
727 447 9 11 0.031016486 
294 136 497 527 0.030419663 
702 494 10 11 0.029368274 
765 440 12 14 0.02866986 
734 447 9 13 0.028627837 
664 491 11 16 0.028538326 
859 410 12 16 0.027689848 
85 373 11 13 0.026610982 
119 433 24 29 0.026363013 
781 455 10 13 0.026291177 
83 380 13 17 0.025999611 
793 444 10 12 0.025640126 
683 557 11 15 0.024952188 
624 566 8 11 0.024865564 
616 550 9 12 0.024572436 
960 437 10 12 0.024339495 
620 591 13 15 0.024269175 
908 347 13 17 0.024003783 
960 487 7 9 0.024001392 
630 557 10 11 0.023524364 
732 413 12 13 0.02239561 
680 612 12 16 0.022065619 
916 343 22 27 0.021867456 
733 404 12 14 0.021796463 
720 446 8 10 0.02165124 
664 463 8 11 0.021519603 
703 446 8 10 0.021397794 
670 468 9 12 0.021118142 
728 452 9 11 0.02099297 
759 443 13 17 0.020073809 
