21_Festival_Festival_21_604
2196
9 543 18 22 0.933476 
685 501 14 18 0.89350307 
926 534 12 15 0.8784423 
205 624 23 26 0.87220645 
70 591 17 23 0.8546301 
294 495 10 13 0.76514137 
7 476 12 16 0.73821014 
200 495 12 15 0.7374861 
27 495 12 16 0.73649865 
162 630 17 21 0.69553715 
412 460 14 18 0.6732607 
97 444 10 13 0.67260295 
55 562 15 19 0.64817196 
102 540 11 15 0.63844633 
59 503 15 18 0.63427424 
761 555 17 21 0.63207906 
862 510 10 14 0.5793578 
702 552 14 16 0.53674257 
662 459 13 15 0.5188646 
221 509 11 15 0.514426 
216 479 10 12 0.51321834 
658 499 14 17 0.5120443 
205 574 14 17 0.5117867 
628 441 14 17 0.5099268 
731 586 16 19 0.48184696 
141 453 10 12 0.47364154 
256 483 10 13 0.46618894 
207 437 8 10 0.4660874 
950 515 11 13 0.45005858 
741 503 10 14 0.44598153 
288 564 13 16 0.44513282 
172 485 15 18 0.4304704 
804 552 14 19 0.4233423 
101 439 10 12 0.42176765 
900 437 11 15 0.4212108 
749 453 10 12 0.4197755 
897 460 8 11 0.40403205 
276 626 13 17 0.40345484 
397 476 13 17 0.40276027 
382 508 15 19 0.3995739 
314 452 9 12 0.38859773 
656 493 11 15 0.3826749 
861 493 11 13 0.38146022 
94 483 13 17 0.3762121 
759 517 12 14 0.37592605 
136 474 11 13 0.37555093 
39 478 12 14 0.36464557 
967 483 10 14 0.36447385 
903 460 9 12 0.35699263 
10 633 16 18 0.35408583 
893 660 17 18 0.35343444 
894 487 8 11 0.3524747 
909 455 10 12 0.35213295 
142 492 13 16 0.34485057 
391 429 10 12 0.33956274 
319 532 9 15 0.33950242 
805 478 10 13 0.3392472 
846 480 9 12 0.33890843 
872 461 10 13 0.33694598 
715 580 15 19 0.33518234 
973 468 11 13 0.33465973 
177 420 9 11 0.33172235 
478 461 11 13 0.31705004 
340 493 10 13 0.30673712 
946 463 9 12 0.30369225 
73 414 9 11 0.29982856 
63 477 9 12 0.29953417 
693 574 17 22 0.29830226 
908 461 10 11 0.2977221 
627 448 17 21 0.29720634 
701 470 11 13 0.29665095 
248 464 9 11 0.2947485 
303 479 9 12 0.29253522 
823 446 8 10 0.2902622 
747 538 14 18 0.28816673 
570 344 15 18 0.28583515 
870 479 11 13 0.28551057 
799 476 12 15 0.285388 
289 499 12 14 0.28355202 
213 514 12 15 0.27982977 
768 470 9 12 0.27814925 
958 445 9 12 0.27065316 
896 397 10 12 0.26935673 
359 506 11 14 0.2647156 
749 447 10 11 0.26294315 
78 413 8 11 0.26105794 
1008 479 10 13 0.25278026 
25 405 9 11 0.2526288 
917 423 8 11 0.24961933 
885 423 9 11 0.24825682 
88 556 10 15 0.24819182 
79 470 11 13 0.24770683 
264 542 12 16 0.24503595 
455 426 12 15 0.23911111 
219 453 9 12 0.23834147 
47 469 10 12 0.23417804 
3 408 8 12 0.22941393 
201 539 14 17 0.22927418 
61 431 8 10 0.22876537 
881 416 9 11 0.22840814 
736 421 8 10 0.22740152 
863 559 12 16 0.22462273 
390 616 14 18 0.22102995 
375 447 9 12 0.21923201 
211 596 11 15 0.21876793 
781 502 9 11 0.21807618 
805 432 10 13 0.21772178 
722 452 10 12 0.21719544 
508 438 9 11 0.21533152 
683 459 11 14 0.21516171 
240 448 7 9 0.21223326 
130 585 16 21 0.21135244 
814 477 10 13 0.21099965 
438 -6 437 536 0.21064864 
374 468 13 16 0.20920098 
959 540 11 16 0.20823203 
282 597 17 20 0.2074344 
949 468 10 12 0.20559305 
192 439 8 10 0.20400797 
335 482 12 15 0.20202605 
238 477 10 13 0.19889256 
54 470 9 12 0.19887513 
148 430 10 12 0.19637927 
773 430 9 11 0.19615225 
863 594 13 16 0.19473842 
29 469 12 14 0.1946937 
19 631 15 19 0.19386256 
157 479 8 11 0.19366251 
799 431 10 13 0.19315803 
863 429 11 12 0.19299473 
862 499 12 14 0.19286925 
123 618 11 16 0.19134647 
222 424 8 10 0.19104922 
665 422 8 11 0.1907345 
816 471 9 11 0.19065446 
53 414 9 11 0.18986997 
840 432 9 11 0.18591537 
365 482 11 15 0.1853212 
806 515 9 13 0.18242402 
903 492 9 11 0.18187876 
825 441 8 9 0.17954944 
25 430 10 13 0.17919345 
770 556 13 18 0.17851852 
832 416 8 10 0.17829627 
721 448 8 11 0.17788263 
909 488 9 12 0.17721005 
885 532 12 15 0.1747044 
150 453 10 12 0.17411064 
776 508 9 13 0.17254268 
45 381 8 10 0.17204916 
340 555 13 16 0.17118117 
885 428 10 12 0.16979717 
108 476 12 16 0.16887273 
896 491 9 12 0.16880651 
463 447 11 14 0.16648176 
248 600 12 17 0.16638698 
761 445 8 10 0.16627218 
366 540 12 14 0.16582665 
48 411 10 13 0.16535962 
878 456 9 11 0.16512778 
952 421 7 9 0.16507168 
425 417 7 9 0.16367182 
744 479 9 12 0.1623136 
338 474 14 18 0.16230875 
8 453 11 13 0.1620692 
822 453 9 10 0.16091244 
868 430 9 11 0.16017787 
743 422 7 9 0.15992992 
680 453 12 15 0.15888378 
279 478 9 11 0.15883836 
67 505 14 18 0.15867689 
847 448 10 11 0.15727425 
768 423 8 10 0.15467116 
1008 499 11 16 0.15012221 
467 335 8 10 0.14999518 
773 515 9 13 0.14983568 
134 550 11 16 0.14926596 
71 446 10 13 0.14860472 
76 519 13 19 0.14739224 
437 444 10 13 0.14704765 
839 390 8 10 0.14597978 
72 493 12 14 0.14518014 
231 535 12 15 0.14475541 
960 533 11 15 0.14422216 
965 532 11 14 0.14400414 
712 441 8 9 0.1440034 
765 446 8 10 0.1438231 
809 375 8 11 0.14348209 
988 603 18 21 0.14309348 
263 407 8 11 0.14308096 
371 529 14 16 0.14291614 
13 453 11 13 0.14264931 
831 463 8 11 0.14197455 
766 510 12 15 0.14145249 
765 439 8 10 0.14118072 
388 108 25 30 0.1411468 
175 380 9 11 0.13976893 
151 422 8 10 0.1395223 
324 560 12 16 0.13948733 
1014 541 9 15 0.13888839 
768 429 10 11 0.1387515 
71 392 8 10 0.13872081 
358 423 8 11 0.13760832 
939 576 16 21 0.13757972 
286 454 8 11 0.13756856 
101 477 14 19 0.13747524 
108 483 11 15 0.13680713 
192 445 8 10 0.13648704 
975 502 10 13 0.13534215 
710 471 9 12 0.13512215 
644 475 11 14 0.13470018 
840 479 10 12 0.13434997 
952 417 7 9 0.13373628 
94 408 7 9 0.13371216 
847 543 11 15 0.13352047 
831 446 8 10 0.13326962 
359 452 8 11 0.13225353 
240 452 10 10 0.13175395 
190 399 8 10 0.13175334 
262 439 9 10 0.1307561 
329 428 8 10 0.13032816 
911 508 11 16 0.12932056 
791 447 8 10 0.12919505 
719 478 10 11 0.12778021 
991 453 8 12 0.1260052 
990 472 8 10 0.12528127 
156 554 14 19 0.124812156 
295 471 8 12 0.124777496 
197 471 9 12 0.12455657 
680 445 11 13 0.12423518 
855 408 8 9 0.122736655 
784 440 7 10 0.12266533 
918 448 9 10 0.122533076 
992 486 10 13 0.12226767 
958 561 15 19 0.12210838 
695 424 7 9 0.12189703 
816 451 9 11 0.121712916 
729 423 8 10 0.121504046 
712 421 7 9 0.121436685 
76 446 9 12 0.12107374 
294 527 11 14 0.121071614 
885 438 10 12 0.12051978 
798 455 7 9 0.120485134 
110 470 12 15 0.12041731 
396 429 10 11 0.12028497 
104 557 11 15 0.11976793 
46 377 7 9 0.11955264 
831 537 10 14 0.11946781 
223 502 11 14 0.11940974 
62 437 9 10 0.11868881 
131 319 11 15 0.11840087 
252 572 11 16 0.11830473 
762 441 8 9 0.11797398 
967 415 7 9 0.11727637 
805 611 14 19 0.116957985 
839 448 10 12 0.1165703 
463 397 9 12 0.11640366 
927 470 9 12 0.11632583 
741 539 15 18 0.11623106 
849 397 8 10 0.116078444 
825 524 9 12 0.116078235 
463 404 9 11 0.11605681 
240 430 9 10 0.11604176 
288 376 7 10 0.115740746 
342 519 9 12 0.11530429 
309 479 10 11 0.11517837 
863 460 11 14 0.11513604 
787 490 12 15 0.114377454 
437 437 11 14 0.11434178 
528 374 9 10 0.114040025 
1006 461 9 11 0.11380962 
315 448 9 11 0.1137974 
38 630 45 54 0.11353764 
727 430 8 10 0.11331059 
191 365 8 10 0.113175154 
192 360 8 10 0.11304488 
429 416 7 9 0.11286732 
669 420 9 12 0.11226697 
37 444 10 14 0.11225413 
661 429 9 11 0.11216159 
113 383 8 10 0.11212534 
201 437 9 11 0.11202701 
830 439 8 9 0.111983426 
286 507 11 14 0.11119987 
848 392 7 10 0.1110602 
87 413 8 10 0.11088206 
879 539 12 15 0.11054554 
157 445 10 13 0.11049198 
398 446 9 11 0.11024239 
192 432 8 10 0.10948727 
750 468 11 13 0.10880965 
105 414 7 9 0.1084162 
871 455 10 13 0.10834645 
288 352 7 9 0.10832931 
191 462 9 11 0.10815611 
776 438 8 10 0.10810653 
191 469 11 13 0.10804212 
256 446 9 11 0.10783846 
193 476 10 13 0.10781491 
177 453 8 10 0.1076821 
888 399 8 9 0.107009366 
103 367 7 9 0.10674788 
837 539 12 15 0.10667574 
880 508 10 13 0.10637567 
660 399 8 10 0.10627902 
416 444 9 11 0.10619632 
702 552 22 26 0.10604032 
262 383 9 11 0.10538937 
149 547 14 18 0.10511746 
790 485 12 15 0.105115846 
936 383 7 9 0.10507763 
288 401 7 9 0.10499953 
296 617 12 16 0.10495288 
720 578 20 25 0.10482834 
505 444 10 12 0.104596056 
111 412 8 10 0.104506105 
440 432 8 10 0.10436455 
888 456 8 11 0.10426166 
271 246 12 14 0.103767164 
740 611 13 17 0.103496924 
863 424 9 10 0.10341611 
270 453 9 12 0.10336543 
958 471 8 10 0.10308254 
773 422 9 11 0.10298343 
942 439 8 11 0.10251666 
241 336 6 9 0.102251865 
30 422 9 11 0.102227725 
950 503 10 13 0.102184474 
119 581 21 26 0.10197442 
109 555 10 14 0.10189292 
48 446 9 12 0.10176854 
28 401 9 12 0.10142497 
315 585 15 21 0.10077802 
646 398 8 11 0.10000124 
720 461 11 12 0.099943615 
918 364 8 10 0.099869035 
855 438 9 12 0.0996613 
852 446 9 11 0.099005975 
1000 455 10 12 0.09872356 
716 502 10 13 0.09780183 
353 452 8 11 0.09779474 
780 541 11 15 0.09743811 
329 479 11 13 0.09669329 
61 471 10 13 0.096506245 
992 401 8 10 0.096053705 
781 507 10 13 0.095684625 
336 518 10 12 0.09532974 
763 521 12 16 0.095307074 
73 420 8 10 0.09527598 
241 438 9 11 0.09526557 
140 549 12 16 0.095173 
663 437 9 11 0.094935074 
167 437 10 12 0.09483003 
734 534 10 13 0.09480665 
57 360 7 9 0.094717436 
92 525 12 16 0.09419383 
127 352 9 11 0.09413937 
918 427 9 11 0.09400222 
822 485 9 11 0.09370871 
232 107 24 30 0.09341252 
176 524 14 16 0.09327783 
886 406 8 9 0.09327092 
917 383 8 10 0.09305382 
936 424 6 8 0.09304124 
813 375 7 9 0.09283112 
997 485 10 13 0.09259951 
257 408 8 10 0.09249992 
838 501 10 13 0.09247602 
142 458 10 13 0.09222464 
35 491 13 17 0.09206853 
144 376 8 9 0.09185502 
712 507 11 14 0.09183773 
829 517 9 12 0.091728136 
163 571 14 17 0.09171523 
166 400 8 10 0.09123626 
373 546 10 14 0.09121097 
386 382 9 10 0.091109514 
409 428 9 11 0.090704724 
1015 438 7 11 0.09070225 
655 475 10 13 0.09038884 
80 56 18 21 0.090209685 
980 625 14 18 0.09007739 
413 430 8 10 0.08955293 
447 431 10 12 0.08940268 
367 447 10 11 0.089298815 
388 501 13 17 0.08926682 
31 384 7 8 0.089266695 
359 428 9 11 0.089172095 
807 414 8 10 0.08904168 
111 391 8 11 0.08895889 
336 499 11 14 0.08882963 
832 470 8 10 0.08845098 
52 406 10 13 0.088384084 
442 398 8 10 0.088346995 
727 524 11 13 0.08806642 
946 418 6 8 0.08778141 
221 540 11 14 0.08740795 
352 448 8 11 0.086922266 
679 467 12 16 0.08690415 
270 430 8 10 0.08679926 
879 502 10 12 0.08676878 
240 472 9 13 0.08649716 
410 374 7 10 0.08647192 
168 469 10 12 0.086274296 
31 473 14 16 0.08626651 
793 453 9 11 0.086186185 
784 494 10 12 0.086168006 
223 429 8 10 0.08609992 
726 468 10 12 0.08593695 
793 478 10 12 0.08593596 
241 425 8 9 0.08588173 
823 470 8 11 0.08565787 
748 485 9 12 0.08561303 
81 376 7 10 0.085491195 
279 491 11 13 0.08545547 
944 456 8 11 0.085366875 
817 499 9 12 0.085362665 
29 436 9 11 0.08520257 
263 454 9 11 0.08501332 
796 649 16 19 0.08493727 
182 416 8 11 0.08475168 
104 392 8 10 0.08467748 
289 381 7 10 0.084589675 
21 453 10 12 0.08424198 
1001 432 8 10 0.08393862 
863 414 9 10 0.0839198 
318 382 7 10 0.083786964 
77 499 11 16 0.083758034 
170 376 7 9 0.083414845 
295 632 12 16 0.0833369 
335 430 8 10 0.08327558 
821 501 11 13 0.08318498 
15 447 11 13 0.083170906 
735 539 12 15 0.08310034 
765 475 11 13 0.08287218 
156 454 9 11 0.082681924 
89 484 12 15 0.08267169 
110 352 8 9 0.082640104 
463 391 9 12 0.08258969 
817 391 8 10 0.08255324 
115 623 21 29 0.08245751 
765 381 9 11 0.08242218 
418 360 7 9 0.0823434 
881 399 8 10 0.08224655 
174 479 11 15 0.082199365 
73 349 8 11 0.08219137 
825 88 64 87 0.08164034 
646 423 9 12 0.08137492 
913 361 9 10 0.08124443 
288 438 8 10 0.08108151 
145 422 8 10 0.08103379 
140 592 14 18 0.0810191 
761 485 9 12 0.080997445 
200 358 8 11 0.0809134 
950 534 10 14 0.08081336 
230 350 8 10 0.080742866 
906 335 13 15 0.080709785 
282 376 7 9 0.08067902 
214 400 8 10 0.0806728 
749 458 11 13 0.07992922 
811 540 11 14 0.07991504 
838 416 7 10 0.0797221 
208 399 8 10 0.07971797 
679 406 7 10 0.07970618 
354 555 13 15 0.07962017 
360 375 7 9 0.079455614 
261 490 10 13 0.07940768 
934 446 9 12 0.07936382 
39 366 7 10 0.07932399 
205 565 13 16 0.07930184 
950 476 11 13 0.07930024 
185 358 8 10 0.07919992 
42 414 9 12 0.07902472 
271 631 14 18 0.07898154 
442 392 7 10 0.07890183 
889 369 7 9 0.078814864 
309 592 14 20 0.07881004 
927 448 9 11 0.07874187 
9 390 7 9 0.078687966 
668 456 11 14 0.07841641 
743 417 7 9 0.07834616 
36 509 11 13 0.07820536 
89 408 8 10 0.07820346 
899 392 9 11 0.07794232 
53 452 10 12 0.07779669 
1007 431 8 11 0.077622704 
982 470 9 12 0.077491984 
928 377 8 9 0.077254765 
865 516 12 14 0.0769875 
831 477 9 11 0.07659846 
727 493 10 13 0.07657461 
150 460 10 12 0.07644587 
464 472 10 12 0.07633602 
857 632 16 22 0.076250866 
913 381 8 11 0.076005496 
695 428 8 10 0.07592272 
830 510 9 11 0.07582799 
38 471 11 14 0.07577038 
117 377 8 9 0.075700976 
31 452 11 14 0.07562768 
852 545 11 14 0.07547791 
248 580 12 17 0.075453185 
761 478 9 12 0.07542934 
901 514 11 15 0.07522555 
832 370 6 8 0.07505704 
856 413 8 10 0.07472254 
234 447 9 10 0.074455924 
318 562 14 17 0.07436828 
784 445 8 10 0.073965624 
321 408 6 9 0.0739459 
960 414 7 10 0.07382349 
17 400 6 8 0.07382298 
245 476 12 15 0.07363951 
784 416 8 9 0.0735902 
831 493 8 11 0.07353059 
125 547 14 18 0.07346017 
146 507 14 16 0.07341193 
823 385 7 8 0.07333476 
87 423 9 11 0.07282724 
962 642 13 20 0.07282588 
127 478 9 13 0.07273637 
660 464 14 17 0.07262669 
302 596 13 17 0.07253399 
336 437 9 11 0.072452694 
272 422 9 11 0.0723171 
592 382 9 11 0.072297 
872 447 8 10 0.072187565 
281 643 14 17 0.07217587 
205 598 14 19 0.07216518 
264 388 8 11 0.07184974 
136 393 7 8 0.07184067 
255 491 11 15 0.07156976 
117 475 12 15 0.071510896 
722 401 7 9 0.07144955 
144 434 9 12 0.07140462 
36 571 12 18 0.07128413 
304 360 8 9 0.071157895 
865 398 7 9 0.07108759 
898 588 14 18 0.071084 
275 216 14 18 0.070921525 
916 503 10 14 0.07083976 
311 570 12 17 0.07069794 
147 596 13 17 0.070467494 
976 415 8 10 0.070446044 
634 437 13 17 0.070332125 
865 486 10 13 0.070323125 
639 468 11 15 0.07030324 
247 563 11 15 0.0703006 
297 475 10 12 0.069997825 
190 514 9 13 0.06996453 
790 408 7 9 0.069800064 
421 454 13 16 0.06956745 
386 430 9 12 0.069533385 
75 507 12 17 0.069242194 
27 626 14 19 0.06908145 
790 375 7 9 0.06905471 
461 383 9 11 0.069007285 
895 369 7 9 0.068995155 
212 437 9 12 0.068847634 
696 406 7 9 0.06877267 
437 358 8 9 0.06865466 
808 446 9 12 0.06852675 
822 479 8 11 0.068450056 
58 562 22 26 0.06843119 
757 547 13 17 0.06839757 
246 429 9 11 0.068279676 
102 453 10 12 0.06825141 
279 509 11 15 0.06820158 
952 540 10 14 0.06819744 
223 415 8 11 0.06818128 
867 393 7 9 0.06813528 
270 509 12 15 0.068123884 
176 357 7 10 0.06794144 
868 493 10 12 0.067851625 
991 627 26 35 0.06785017 
791 438 9 10 0.067847036 
943 484 9 11 0.06782 
85 376 8 10 0.067817315 
398 438 8 11 0.06742401 
261 445 10 12 0.06734068 
354 421 8 11 0.06705023 
951 522 11 14 0.067022495 
768 500 11 13 0.066794045 
997 401 8 9 0.066792026 
768 465 10 11 0.06678433 
137 494 11 14 0.0667236 
751 399 9 11 0.06664253 
323 534 10 14 0.06658486 
801 398 8 10 0.066472486 
17 374 7 10 0.06646414 
174 531 14 16 0.06624199 
348 477 10 15 0.06616622 
101 508 12 14 0.06612493 
971 573 15 19 0.06609179 
750 423 8 9 0.06607705 
319 479 8 11 0.06592863 
928 452 9 11 0.06590532 
953 510 12 14 0.06584593 
64 591 14 20 0.06581873 
703 445 9 12 0.065761246 
518 382 8 10 0.065732144 
281 453 9 12 0.06552735 
277 423 10 12 0.06549154 
728 531 11 14 0.06536869 
743 527 10 13 0.06536313 
858 374 7 9 0.065322295 
766 415 8 9 0.06527114 
413 382 7 9 0.065231964 
889 565 16 20 0.0652001 
294 401 8 9 0.06515029 
719 469 10 12 0.06508149 
172 496 13 17 0.06498393 
274 630 20 26 0.06493839 
24 392 7 8 0.06479088 
725 477 10 13 0.06474053 
718 439 8 11 0.0647198 
401 407 7 9 0.064668484 
45 538 12 16 0.06454158 
281 438 9 10 0.06449478 
145 498 14 17 0.064369574 
383 438 8 10 0.06423473 
867 500 11 14 0.064189 
103 433 9 11 0.06406921 
326 540 9 13 0.063960694 
207 360 7 10 0.063909896 
391 406 8 9 0.06390168 
61 127 46 60 0.06374413 
896 499 10 13 0.063664064 
448 368 8 10 0.063577175 
336 524 10 12 0.06350982 
710 389 8 9 0.06343387 
214 431 8 11 0.063340425 
791 572 12 15 0.06320126 
231 345 7 8 0.06315417 
864 409 7 9 0.062990874 
293 376 7 9 0.062929645 
928 423 7 10 0.06291285 
704 416 8 10 0.062809914 
986 385 6 9 0.062796295 
96 412 7 9 0.06279253 
280 447 8 11 0.06278724 
240 367 8 10 0.062361922 
672 445 9 10 0.062302843 
870 392 7 9 0.062163115 
861 436 11 13 0.06214488 
959 451 9 12 0.062139347 
107 548 11 14 0.062067155 
414 376 7 9 0.062058695 
374 368 9 10 0.062020604 
854 400 7 9 0.06197788 
936 478 9 11 0.061962012 
881 438 9 12 0.061942447 
776 401 7 9 0.061877895 
318 517 9 13 0.061534382 
96 450 11 13 0.061406236 
33 479 20 22 0.061236564 
992 433 7 9 0.06123024 
756 596 13 19 0.061162535 
887 393 7 8 0.06108046 
849 406 9 11 0.06105754 
85 382 7 10 0.06076581 
960 476 9 13 0.06073102 
248 511 10 13 0.060614087 
108 438 10 11 0.060598236 
822 389 8 10 0.060560606 
425 367 7 8 0.060168706 
216 448 9 11 0.05985466 
968 400 7 8 0.0598203 
998 436 8 9 0.059780728 
66 391 8 10 0.059601728 
781 557 11 15 0.059569187 
201 351 8 10 0.059550848 
990 477 10 10 0.059415713 
46 439 10 12 0.059368737 
871 398 8 10 0.059234165 
959 391 6 7 0.059222016 
988 532 11 15 0.059187066 
295 489 10 12 0.05916346 
263 461 9 11 0.059098367 
126 422 8 10 0.059056193 
12 471 11 15 0.059033014 
877 563 11 14 0.058979526 
965 447 9 11 0.05882617 
908 600 12 17 0.058822416 
847 437 10 11 0.058763087 
234 538 13 17 0.058713805 
812 618 12 16 0.058610506 
264 412 9 11 0.058592692 
896 431 10 12 0.058512088 
879 547 12 15 0.0584939 
928 407 8 10 0.05848437 
678 423 8 10 0.05836698 
726 400 7 9 0.05803429 
95 429 8 10 0.058014523 
85 475 12 15 0.057954747 
379 446 10 12 0.05791874 
80 429 8 10 0.057908222 
117 381 8 10 0.05789951 
790 556 11 15 0.057859823 
93 530 14 19 0.05780969 
404 487 15 19 0.057719134 
936 407 6 8 0.057706308 
264 375 7 10 0.057706248 
321 423 7 9 0.057683337 
77 486 11 15 0.057683025 
806 472 10 13 0.057671256 
973 474 11 14 0.057640202 
416 424 7 9 0.05753722 
695 439 8 10 0.05751152 
247 425 7 9 0.057510346 
252 462 10 11 0.057494283 
945 534 10 13 0.057469442 
998 502 11 14 0.057435554 
968 376 6 8 0.05739808 
163 555 13 17 0.057373084 
342 436 9 11 0.0572596 
814 408 7 9 0.057234384 
734 525 10 14 0.05722252 
806 524 10 13 0.057208847 
295 446 8 10 0.057152055 
39 422 9 10 0.05714578 
137 399 6 8 0.05714148 
305 366 7 9 0.057075735 
823 508 12 14 0.05694954 
368 372 8 10 0.05690614 
79 422 8 11 0.05688743 
671 516 13 18 0.05684439 
832 374 6 8 0.05676282 
265 431 9 10 0.056690283 
982 416 8 9 0.05668487 
783 455 8 10 0.05664519 
305 400 7 9 0.056585506 
56 421 9 11 0.05648688 
166 444 10 12 0.05640351 
856 368 8 10 0.056386147 
676 534 13 17 0.05635607 
72 369 7 9 0.056204014 
197 454 9 10 0.056193333 
706 400 7 10 0.05613308 
921 407 7 9 0.056106035 
247 587 12 19 0.05609127 
751 441 8 10 0.055914238 
228 500 10 14 0.055897556 
410 382 7 9 0.055758044 
749 477 10 12 0.055755757 
437 450 11 14 0.05575345 
67 477 11 14 0.055700693 
752 515 13 16 0.055670895 
665 500 13 16 0.055582706 
191 404 9 11 0.05555766 
169 380 9 10 0.055449385 
263 553 13 17 0.055437233 
237 491 11 15 0.055431943 
119 540 12 15 0.055426426 
856 598 24 28 0.05542102 
445 392 8 9 0.055378776 
265 423 8 10 0.055272095 
25 467 12 14 0.055241726 
671 440 7 10 0.055217963 
849 369 6 8 0.055163458 
887 443 9 12 0.055147838 
352 376 7 10 0.055140886 
293 382 8 9 0.05504962 
772 548 13 16 0.054991458 
145 622 22 32 0.05489413 
89 444 10 13 0.0548041 
247 369 7 9 0.054794606 
34 365 7 9 0.054743327 
958 527 10 13 0.054570954 
89 400 8 9 0.0545491 
982 431 9 10 0.05446008 
832 432 8 10 0.054436468 
808 532 11 14 0.054416668 
288 447 8 10 0.054372218 
743 495 11 14 0.054264754 
0 435 8 13 0.054257803 
927 429 8 10 0.054256737 
16 392 7 8 0.054180298 
182 518 11 13 0.054161202 
17 370 7 9 0.05414024 
290 596 15 19 0.054088153 
790 549 10 14 0.054021962 
665 417 8 10 0.0540218 
159 360 7 9 0.05392654 
253 498 12 14 0.05387878 
207 365 7 9 0.053873483 
271 448 9 11 0.053850923 
669 484 13 15 0.053808153 
774 485 9 11 0.053608127 
837 471 9 10 0.05353492 
825 399 7 9 0.05348604 
184 461 10 12 0.053482156 
198 486 11 13 0.053445816 
920 401 6 8 0.053357694 
783 546 10 15 0.05329986 
825 461 10 12 0.053277787 
336 472 11 14 0.053266305 
953 386 7 8 0.053263124 
727 437 9 10 0.0532544 
656 405 8 10 0.053218003 
247 373 7 10 0.05305958 
809 452 8 11 0.05303901 
106 410 7 8 0.052888505 
464 340 10 12 0.052855413 
0 366 7 11 0.05283837 
180 453 10 12 0.052730907 
258 440 8 9 0.05265098 
579 397 14 16 0.05260063 
177 491 12 16 0.05258692 
270 368 7 9 0.052473027 
335 375 8 9 0.05236674 
765 486 10 11 0.052240696 
838 386 7 8 0.05223664 
735 438 7 10 0.052197464 
142 358 8 9 0.05218643 
174 470 9 12 0.052166335 
421 446 10 12 0.052156694 
103 461 11 12 0.052052327 
245 454 10 12 0.0520502 
816 423 7 10 0.052002225 
207 406 8 10 0.051984813 
881 390 7 9 0.05197628 
176 448 8 10 0.05189766 
278 204 13 16 0.051829718 
1008 384 8 10 0.05177942 
118 547 14 17 0.051738556 
184 468 11 13 0.051724624 
150 485 10 14 0.05163247 
321 430 7 9 0.051609315 
245 182 13 14 0.051605467 
982 423 8 9 0.051592454 
730 380 8 10 0.051570464 
773 463 9 10 0.05156618 
335 508 11 14 0.051484343 
710 401 7 9 0.051377255 
441 376 7 8 0.05123103 
128 415 7 8 0.051175248 
847 525 10 14 0.050920527 
224 408 7 8 0.050813463 
157 423 8 10 0.050799713 
736 383 7 9 0.050775815 
752 405 7 9 0.05074966 
830 407 8 9 0.05070735 
117 483 11 14 0.05059536 
894 481 10 12 0.05058635 
240 372 8 11 0.050534528 
842 559 14 19 0.050513316 
397 488 16 19 0.05044583 
256 452 10 12 0.050444677 
418 416 7 10 0.050399438 
26 424 9 10 0.050338883 
786 406 7 9 0.050306674 
49 507 11 15 0.050281025 
54 493 12 15 0.050264567 
120 423 9 10 0.050260704 
868 524 11 14 0.05026041 
351 551 12 16 0.050204948 
310 470 10 12 0.05012611 
776 446 8 9 0.050103724 
844 97 33 40 0.049995583 
497 352 8 11 0.04994072 
32 361 7 9 0.04988612 
888 492 10 13 0.0498408 
432 421 8 9 0.04982989 
653 487 12 15 0.049778886 
137 407 7 9 0.04977421 
809 408 7 9 0.049773976 
933 470 8 11 0.049762536 
985 453 10 12 0.049621806 
936 377 7 10 0.049570587 
686 440 9 10 0.049503118 
861 374 8 10 0.04947933 
680 401 8 9 0.04944682 
125 622 25 35 0.04936082 
928 464 9 11 0.049343817 
766 495 10 11 0.049342263 
881 406 8 9 0.049336854 
935 453 8 10 0.04910585 
311 460 11 12 0.04908265 
252 510 11 14 0.04895988 
704 421 9 10 0.048928607 
335 549 13 15 0.048908457 
206 586 15 19 0.048852026 
885 508 10 14 0.048819646 
279 429 9 11 0.048801526 
110 396 9 11 0.048795816 
231 400 8 9 0.048741665 
111 430 8 10 0.048704065 
376 440 9 11 0.0486654 
645 481 12 16 0.048658445 
185 447 8 10 0.048578735 
261 479 9 13 0.04855983 
319 510 9 12 0.04855839 
8 385 7 9 0.04854972 
285 513 11 15 0.048538327 
640 357 9 11 0.048532736 
1014 468 9 12 0.048462104 
833 385 7 9 0.048448343 
477 567 16 20 0.048445154 
31 485 13 17 0.04841413 
876 484 10 12 0.04839605 
993 437 8 10 0.04838785 
747 502 10 12 0.048316527 
218 415 8 11 0.048272803 
393 435 9 12 0.048266616 
950 484 10 11 0.048215836 
302 470 10 14 0.048175 
459 382 7 10 0.048156828 
345 447 9 11 0.048146877 
975 399 7 8 0.048124425 
171 537 15 17 0.048081737 
384 366 7 10 0.04806206 
374 373 8 8 0.048052005 
720 421 7 10 0.048028238 
880 443 9 12 0.048026904 
258 382 8 10 0.04801421 
872 437 9 12 0.048009012 
160 406 7 10 0.048007198 
401 392 7 9 0.047986194 
769 399 7 10 0.047972407 
292 503 13 18 0.047959846 
329 367 8 10 0.047954783 
853 533 10 12 0.04794083 
1007 531 12 15 0.04792623 
57 475 10 13 0.047910314 
286 621 11 14 0.047905095 
52 400 10 12 0.0478036 
311 400 7 9 0.04779428 
332 572 15 18 0.04764031 
46 633 11 16 0.04763637 
705 439 8 10 0.04758664 
128 662 12 16 0.047579035 
190 393 8 10 0.047560323 
46 390 9 10 0.04753892 
718 493 12 15 0.047463626 
456 375 7 10 0.047437504 
853 468 11 12 0.047366537 
969 462 10 12 0.047359902 
762 414 8 9 0.047356233 
919 486 10 13 0.04733578 
767 408 7 8 0.04731532 
95 518 12 15 0.047262188 
431 367 7 9 0.047191262 
186 365 9 10 0.0471747 
68 508 20 27 0.047034856 
247 482 11 13 0.047016624 
128 409 7 8 0.046986897 
944 479 9 12 0.046924308 
830 486 9 11 0.04689761 
1013 533 10 15 0.046890583 
656 429 10 13 0.046827342 
945 502 10 13 0.04680537 
9 318 8 10 0.04679717 
984 476 9 11 0.046751514 
816 482 10 12 0.046737902 
807 397 8 11 0.046734538 
735 477 12 13 0.046712015 
47 421 9 11 0.046704326 
109 463 10 12 0.0467033 
57 436 9 12 0.04666894 
41 406 8 12 0.04660794 
383 415 8 9 0.046584908 
15 510 11 14 0.04652916 
99 487 14 17 0.046504322 
448 421 8 11 0.046422165 
193 455 9 11 0.046420634 
351 392 7 9 0.046284217 
983 534 12 15 0.046283457 
231 423 8 9 0.046262227 
197 446 9 10 0.046238124 
834 389 8 10 0.046167716 
967 577 12 17 0.046125874 
102 469 12 14 0.045924954 
282 351 7 9 0.04591738 
98 365 8 10 0.045897484 
429 459 11 15 0.0458839 
197 543 14 17 0.045882042 
363 503 12 15 0.045835245 
767 453 8 10 0.04578937 
872 368 7 9 0.04573187 
796 461 10 12 0.04572698 
1015 463 9 11 0.045726016 
790 564 12 16 0.04569528 
977 431 10 11 0.04568542 
110 445 10 11 0.045669876 
783 476 10 13 0.045652516 
447 417 8 9 0.045635108 
35 451 12 13 0.045632858 
728 596 24 27 0.04563171 
897 442 10 12 0.045631025 
821 561 12 15 0.04559118 
902 478 10 11 0.045570564 
247 532 11 14 0.04555388 
282 400 9 10 0.045484915 
1014 430 9 12 0.04541319 
39 439 10 12 0.045374304 
191 422 8 10 0.045338836 
785 374 8 10 0.045302376 
831 501 9 13 0.04524029 
760 408 7 9 0.045238454 
880 494 9 12 0.04516043 
826 532 11 14 0.045136202 
79 592 16 19 0.04510572 
871 414 8 10 0.04506494 
286 476 9 12 0.04501815 
975 392 6 8 0.044998523 
102 523 11 16 0.044956714 
879 385 7 8 0.04490435 
181 478 11 14 0.044876162 
904 415 8 10 0.044840015 
440 423 8 9 0.044777617 
47 564 20 25 0.044766422 
521 377 8 9 0.044748474 
199 376 7 9 0.04474302 
299 499 11 14 0.044696663 
775 495 10 13 0.044671834 
735 429 9 10 0.044635847 
841 375 6 8 0.044632707 
271 491 10 14 0.04460293 
198 315 8 12 0.04459895 
748 526 13 15 0.04454727 
793 422 8 10 0.04452098 
945 509 11 13 0.044502832 
79 439 9 10 0.044492144 
533 373 9 10 0.044491667 
776 454 8 11 0.044467106 
240 181 9 12 0.044447128 
784 400 7 9 0.04444274 
126 357 9 10 0.04436881 
851 484 11 13 0.044363078 
720 405 8 9 0.044282887 
101 516 12 15 0.044279516 
891 577 16 21 0.044243794 
816 382 8 9 0.044239033 
30 642 27 31 0.04418632 
774 477 9 13 0.044161677 
56 366 7 9 0.04412952 
733 494 11 13 0.044105705 
218 481 12 15 0.04406024 
223 438 8 11 0.04400557 
953 409 7 8 0.04397402 
233 471 10 13 0.04396926 
950 401 7 7 0.043947045 
42 639 25 32 0.043910425 
841 368 7 8 0.04389778 
925 475 11 12 0.043887716 
927 415 8 9 0.04383442 
638 330 13 15 0.043831136 
245 438 9 11 0.04376643 
429 467 10 14 0.043760084 
705 570 22 27 0.04372834 
257 376 7 9 0.04372701 
29 414 10 11 0.04372599 
73 374 7 8 0.043683745 
872 468 10 12 0.043671727 
221 448 9 11 0.043650407 
335 455 9 11 0.04362194 
755 535 12 16 0.043584317 
303 415 8 10 0.043548424 
760 470 9 12 0.043530285 
26 360 6 9 0.043495663 
222 457 10 13 0.043488383 
151 417 7 10 0.04348294 
326 570 12 18 0.043414377 
960 410 6 8 0.04339062 
304 463 8 10 0.04337042 
297 422 8 10 0.043355297 
14 460 10 12 0.04335476 
619 226 14 19 0.043332446 
114 493 12 15 0.04330513 
896 508 12 15 0.04325476 
912 447 8 11 0.04323862 
421 359 8 10 0.04319156 
431 408 7 9 0.043140493 
311 406 8 10 0.043125726 
857 498 11 14 0.04312023 
985 406 8 9 0.043071937 
282 405 9 10 0.043049067 
925 487 9 11 0.042694956 
65 415 8 10 0.042648513 
47 430 8 10 0.042607363 
857 431 9 12 0.042580076 
207 413 8 10 0.04252163 
696 445 9 12 0.042493604 
468 473 11 15 0.042485066 
7 448 10 12 0.042462014 
695 464 9 12 0.04242863 
368 406 8 10 0.042407893 
199 344 8 10 0.04238824 
319 378 7 9 0.04238569 
211 564 12 15 0.042351637 
103 360 7 9 0.042322345 
381 608 22 28 0.042288896 
401 374 7 9 0.042256396 
114 378 7 9 0.042244714 
184 398 9 11 0.042171173 
119 415 7 8 0.04216612 
733 469 11 13 0.042094767 
789 541 11 15 0.042063244 
848 415 8 9 0.04203374 
831 453 9 10 0.042014964 
864 455 10 12 0.041982684 
351 398 7 9 0.04196402 
172 438 9 11 0.041833334 
391 375 7 9 0.04182283 
72 470 10 13 0.041820172 
813 430 9 11 0.04176659 
919 416 8 11 0.041763306 
290 471 9 12 0.041761406 
952 430 7 9 0.041760974 
342 463 10 11 0.041734368 
975 446 8 10 0.04172266 
184 391 8 10 0.041679002 
313 495 8 11 0.041674204 
264 402 8 9 0.041667726 
462 377 7 9 0.04166413 
656 436 10 13 0.041649286 
166 463 10 11 0.041598722 
14 318 9 10 0.041568037 
158 437 11 13 0.04156761 
167 432 9 11 0.04156484 
904 451 18 23 0.041552022 
564 333 25 30 0.041508924 
838 462 9 10 0.04143999 
353 508 11 13 0.041438833 
8 399 7 9 0.0414309 
41 390 8 9 0.04136569 
470 438 9 12 0.04136344 
822 494 10 12 0.041302733 
158 431 9 10 0.04129219 
945 400 7 8 0.041291807 
22 486 12 16 0.04119419 
65 444 11 13 0.041158702 
346 399 7 8 0.041157782 
871 407 8 9 0.04115362 
1005 577 14 18 0.041134167 
419 466 12 15 0.041118976 
79 553 12 17 0.041105237 
390 522 13 17 0.041086465 
1 547 10 16 0.041009966 
689 392 7 9 0.041004166 
177 406 8 10 0.040906742 
858 509 19 23 0.040899497 
336 412 8 10 0.040864434 
226 350 7 10 0.04085129 
216 366 8 10 0.040801708 
376 416 8 10 0.040799916 
319 501 10 11 0.040790934 
438 352 8 10 0.040760145 
718 416 7 10 0.04075871 
335 408 8 10 0.040755115 
405 408 8 9 0.04072662 
959 423 7 9 0.040681005 
95 546 12 16 0.04064843 
989 384 7 9 0.04063789 
757 452 10 12 0.040607948 
17 405 8 10 0.04057115 
193 374 8 10 0.0404968 
864 446 9 11 0.04042686 
317 494 10 12 0.040384963 
846 423 9 10 0.0403458 
310 359 9 10 0.040342506 
223 494 9 13 0.040314216 
223 230 9 12 0.04028241 
329 374 8 9 0.04028032 
688 399 7 9 0.040266477 
232 430 8 10 0.040265065 
1000 479 10 12 0.040182773 
305 405 8 9 0.040158104 
294 439 8 10 0.0401575 
54 463 10 13 0.040121723 
30 461 11 13 0.040118553 
384 400 8 9 0.03998595 
395 498 12 16 0.03996156 
230 416 8 9 0.03995493 
164 622 17 19 0.03993521 
384 423 9 11 0.039918814 
984 447 9 11 0.039912574 
184 428 9 12 0.039911013 
16 437 9 12 0.03988822 
743 429 8 10 0.039882045 
412 166 14 16 0.039836857 
137 357 7 9 0.039799362 
384 389 8 10 0.039767873 
445 435 10 12 0.03970969 
981 463 10 12 0.039693467 
767 511 18 24 0.039664898 
142 406 7 9 0.039624985 
105 352 8 9 0.03960812 
807 422 8 10 0.039591998 
152 358 8 9 0.039504774 
325 525 11 15 0.03943763 
216 384 8 9 0.039358314 
385 406 8 10 0.03933115 
702 464 10 13 0.039305717 
484 560 23 30 0.039293475 
416 367 7 9 0.039247848 
711 554 15 17 0.039241172 
967 409 6 8 0.039195385 
711 462 10 12 0.039188452 
87 439 11 13 0.03917826 
992 460 8 11 0.039176177 
1006 300 10 15 0.039153405 
815 397 8 10 0.03907634 
109 523 10 15 0.03904466 
302 420 8 10 0.039038327 
64 452 10 13 0.039010018 
880 375 7 9 0.038961757 
680 429 8 10 0.038959756 
176 519 11 14 0.038877495 
401 399 8 10 0.03879256 
824 369 8 9 0.03878392 
911 417 10 12 0.038747918 
239 558 11 15 0.03873242 
314 530 11 16 0.038686007 
129 399 6 8 0.038617786 
486 445 9 11 0.03857962 
183 509 12 15 0.03856018 
152 469 10 13 0.038534783 
690 423 8 10 0.038502745 
383 360 8 10 0.03850207 
284 636 13 17 0.038501 
0 373 7 10 0.038457844 
794 431 9 12 0.03844208 
912 429 9 11 0.03844112 
734 483 13 15 0.03843485 
839 421 8 10 0.038415205 
62 423 9 11 0.03835778 
624 455 13 17 0.038325585 
501 352 9 10 0.038299285 
64 384 7 9 0.03827441 
370 480 14 18 0.038260367 
814 517 11 13 0.038253337 
300 530 11 15 0.03825161 
892 526 10 12 0.038248725 
352 417 8 11 0.038229503 
929 400 7 9 0.038186137 
25 412 9 11 0.038135152 
143 380 8 10 0.038097057 
252 662 16 19 0.03807147 
993 360 7 9 0.038030922 
726 484 10 13 0.0380233 
394 100 17 19 0.038006052 
942 382 8 9 0.037943862 
249 414 8 9 0.037940506 
857 422 8 10 0.037932534 
70 484 13 16 0.037898406 
936 391 7 9 0.037870146 
848 470 9 11 0.037865892 
117 555 13 15 0.03786516 
943 377 7 8 0.037840143 
134 352 9 10 0.03782054 
977 422 9 10 0.03781912 
462 414 8 11 0.037727237 
6 437 9 11 0.037686527 
895 423 8 10 0.0376786 
200 562 11 14 0.03766745 
255 430 7 10 0.037578687 
225 507 12 15 0.037574615 
989 613 27 34 0.037568916 
248 174 13 15 0.037557703 
377 391 7 9 0.03752562 
721 431 9 10 0.03745877 
270 415 8 10 0.037439067 
408 467 13 17 0.03743706 
697 416 7 9 0.037434526 
748 508 12 14 0.03740194 
111 422 8 10 0.037367683 
238 633 15 19 0.037358586 
216 405 8 9 0.037343804 
735 400 7 9 0.03733244 
885 547 10 13 0.037318777 
344 452 10 12 0.037299704 
385 376 8 9 0.037283964 
937 401 6 8 0.037268348 
921 470 9 11 0.03722145 
377 422 8 10 0.037170168 
400 367 8 11 0.037119117 
935 508 10 13 0.037110504 
310 499 9 12 0.03709004 
456 405 10 11 0.037082806 
950 454 10 11 0.03707539 
953 440 9 10 0.03707358 
11 480 12 16 0.037045587 
815 414 7 9 0.036972597 
1 469 11 15 0.036949344 
629 373 9 11 0.03689341 
361 539 11 14 0.036866866 
784 391 7 8 0.03684693 
634 459 12 17 0.03677573 
189 415 9 11 0.036737263 
800 448 8 11 0.0367216 
977 436 10 12 0.03671435 
802 510 10 14 0.0366932 
155 542 15 19 0.0366834 
432 384 8 9 0.036660034 
368 415 8 10 0.036657184 
982 436 9 11 0.036597654 
86 522 13 19 0.036573723 
762 422 8 10 0.036523882 
96 435 17 22 0.03650532 
348 524 10 13 0.036428347 
305 392 7 9 0.036414426 
919 493 9 11 0.03639813 
288 345 7 9 0.03637894 
9 359 7 9 0.036364973 
434 431 9 11 0.03636428 
192 546 12 16 0.0363437 
937 415 7 9 0.03628426 
362 369 7 10 0.036192115 
160 366 7 10 0.036101144 
272 471 11 12 0.03608726 
831 398 8 10 0.036045913 
193 483 10 13 0.03603858 
222 390 8 9 0.036032498 
727 499 9 12 0.03602135 
751 555 20 26 0.03595895 
953 391 6 7 0.03595454 
231 390 8 10 0.035922974 
98 359 8 10 0.035880357 
144 515 13 15 0.035871543 
979 578 13 16 0.035849698 
97 391 8 9 0.03583867 
66 397 9 10 0.035800565 
161 400 8 10 0.03577304 
94 399 8 10 0.03573936 
304 440 9 10 0.03571182 
456 358 9 11 0.035687063 
271 360 7 9 0.035673603 
896 373 8 9 0.035653003 
131 547 20 25 0.035646457 
8 622 45 50 0.03562094 
97 353 8 10 0.035561346 
105 384 7 9 0.035544485 
55 375 7 9 0.035534363 
805 367 9 11 0.035527695 
607 380 9 11 0.035465896 
101 500 12 15 0.035456654 
364 452 10 12 0.035419606 
936 439 10 11 0.03540018 
231 406 7 10 0.03535619 
840 524 9 12 0.035351943 
770 605 56 62 0.03531312 
807 494 8 12 0.03531076 
215 360 7 10 0.035260662 
745 438 8 10 0.035231747 
127 317 19 26 0.035128247 
358 511 13 17 0.035112128 
679 440 11 12 0.035108127 
358 417 8 11 0.035062846 
896 515 11 14 0.035057038 
128 376 7 8 0.03502948 
151 399 7 9 0.035028916 
197 461 9 11 0.03494722 
463 436 11 13 0.03493809 
910 480 10 11 0.03486565 
288 459 9 12 0.034853615 
880 368 7 10 0.034853596 
631 405 10 12 0.03484728 
120 428 9 11 0.034836475 
689 430 8 10 0.034833174 
967 422 8 8 0.034792516 
1009 436 9 10 0.034682546 
283 627 12 16 0.03467318 
312 430 8 10 0.034659896 
344 374 8 10 0.034658886 
334 106 26 34 0.034647793 
745 399 8 10 0.03462915 
223 400 8 10 0.034623478 
911 467 9 11 0.03458723 
666 491 14 17 0.03456458 
825 375 7 8 0.034550205 
110 507 9 14 0.034541126 
437 98 12 14 0.03445161 
888 373 7 8 0.034435652 
687 406 8 10 0.034396887 
136 447 10 12 0.03439169 
360 478 11 15 0.034379594 
588 289 12 14 0.03430837 
341 508 10 13 0.03429377 
869 424 9 11 0.034250394 
101 586 11 16 0.03424843 
249 499 10 14 0.034211278 
143 353 8 10 0.034207024 
249 407 7 10 0.034203976 
104 421 8 11 0.034201987 
240 342 7 8 0.034192827 
1008 471 10 11 0.034189004 
708 148 11 13 0.03411956 
622 372 10 12 0.03410387 
158 559 19 25 0.03408006 
544 582 9 13 0.03407095 
756 509 19 25 0.034069277 
71 345 8 11 0.034035802 
99 552 19 24 0.034000125 
169 368 7 10 0.033994365 
225 335 7 9 0.0339661 
23 368 7 9 0.033965763 
646 435 11 13 0.03395617 
941 594 14 16 0.03392721 
64 366 8 9 0.033902943 
144 401 7 8 0.033881113 
137 383 6 9 0.033862993 
319 484 9 11 0.033846 
925 492 9 12 0.033805665 
281 382 7 9 0.03378602 
320 415 8 9 0.033737697 
96 376 8 9 0.03373253 
800 406 8 10 0.033715047 
144 369 7 9 0.033602297 
4 640 15 17 0.033569865 
660 474 11 14 0.033550438 
391 401 8 9 0.033546936 
815 368 9 10 0.03353436 
346 392 7 8 0.033532627 
226 344 7 9 0.033503626 
903 407 7 9 0.03350261 
104 375 6 8 0.03349895 
334 424 8 10 0.033460498 
179 381 10 11 0.033428576 
25 384 7 9 0.03341755 
71 385 8 10 0.03341391 
766 388 9 12 0.03340067 
126 469 11 14 0.03338426 
359 398 8 9 0.033377074 
736 448 9 10 0.033349533 
106 396 8 10 0.03333392 
168 353 8 10 0.03330454 
287 179 12 14 0.033263832 
630 431 13 15 0.0332516 
703 430 9 11 0.03321449 
941 444 10 11 0.033189114 
245 446 9 10 0.033181008 
170 421 9 11 0.033176452 
287 415 8 10 0.033169925 
903 468 9 11 0.033128127 
852 451 10 12 0.03311559 
38 361 8 10 0.033115264 
688 383 8 9 0.033090964 
678 414 9 10 0.033087306 
926 508 10 13 0.03308518 
183 406 8 10 0.03302878 
857 515 11 14 0.03302371 
329 437 8 11 0.033003077 
320 401 7 8 0.033002578 
121 358 8 11 0.03299646 
233 483 11 14 0.032966662 
712 406 7 9 0.032959666 
783 461 9 10 0.03294219 
456 415 10 12 0.03292904 
70 439 9 12 0.032926615 
302 507 11 14 0.03291065 
1014 407 8 10 0.032858722 
988 571 16 18 0.03281528 
343 415 8 10 0.032805443 
61 494 13 16 0.032798816 
412 115 16 19 0.032713264 
630 342 10 12 0.03267817 
21 619 16 21 0.03267748 
425 391 8 9 0.03267653 
993 424 7 9 0.032663606 
199 600 13 18 0.03258298 
234 358 7 9 0.032572657 
218 500 19 24 0.03255558 
328 447 9 10 0.03254768 
15 360 7 9 0.032517694 
392 368 8 10 0.032515023 
271 388 8 11 0.032465078 
801 373 9 11 0.03236602 
347 517 12 14 0.03233706 
1001 423 7 9 0.032322027 
184 353 8 9 0.03228846 
168 533 12 16 0.03226775 
256 412 8 10 0.03224895 
252 531 12 15 0.03224781 
728 539 11 14 0.03223618 
0 461 9 13 0.032235313 
29 495 18 23 0.032228846 
776 417 7 10 0.03222127 
254 557 13 17 0.032206036 
703 482 11 13 0.03220293 
903 384 7 9 0.032185335 
112 359 7 9 0.032175157 
709 495 13 15 0.032160565 
200 407 8 9 0.03214882 
966 455 9 10 0.032104768 
158 471 10 12 0.03210293 
152 392 8 9 0.03210019 
477 551 15 19 0.03209342 
936 484 9 12 0.032012124 
618 443 11 15 0.0320113 
934 430 8 9 0.031962745 
136 437 10 12 0.03196179 
158 500 11 15 0.031955965 
111 499 11 14 0.031909082 
959 386 6 8 0.031904574 
305 455 8 10 0.031838134 
736 502 19 23 0.031813543 
23 460 11 13 0.031773668 
896 416 8 10 0.031771842 
250 457 237 244 0.031719502 
969 393 7 8 0.03170056 
104 345 8 9 0.03160094 
71 429 9 11 0.03157653 
806 601 20 27 0.03156424 
703 453 9 11 0.03148823 
955 502 13 14 0.031485528 
405 111 25 31 0.031461783 
126 462 11 12 0.031434566 
924 642 15 19 0.031429853 
327 454 10 12 0.031419512 
668 466 12 14 0.031378727 
654 381 9 11 0.031369794 
789 414 9 10 0.03136109 
696 452 9 12 0.031265914 
440 382 7 9 0.031262867 
337 383 7 8 0.03126129 
96 469 11 14 0.03125045 
209 477 10 12 0.03119707 
393 117 27 34 0.03109724 
144 415 8 10 0.031080082 
294 453 10 12 0.031060323 
647 368 9 11 0.031046944 
208 444 8 10 0.03103174 
420 577 14 17 0.03102934 
193 342 9 11 0.031022497 
800 415 9 11 0.031019619 
826 406 7 10 0.031012438 
678 456 18 22 0.030999266 
959 430 8 9 0.030982364 
136 414 8 9 0.03098091 
280 461 9 11 0.030950818 
987 627 15 20 0.030940419 
705 406 7 9 0.030931579 
799 421 9 11 0.030916901 
257 389 8 10 0.030910766 
623 388 9 12 0.030897725 
886 516 10 13 0.03089161 
230 580 12 17 0.030788314 
294 462 10 12 0.030773556 
175 399 9 11 0.030770956 
237 526 12 15 0.030705512 
94 424 8 10 0.030681446 
192 556 12 15 0.030674743 
313 422 8 9 0.030664941 
336 401 7 8 0.030642169 
913 399 8 9 0.030611176 
310 441 10 12 0.030588385 
861 540 11 14 0.030544251 
851 619 23 26 0.030534504 
913 391 7 9 0.030527294 
138 594 23 28 0.030507836 
212 477 19 23 0.030458853 
168 476 12 15 0.03044895 
16 343 7 9 0.030446414 
199 365 8 10 0.030445984 
433 375 6 8 0.030439401 
837 517 10 14 0.03043936 
727 405 7 9 0.030409476 
296 368 8 10 0.030387972 
238 571 12 16 0.030386884 
959 462 9 11 0.030381236 
676 521 12 16 0.030380752 
230 545 14 17 0.030334156 
364 534 20 24 0.030306675 
742 646 13 17 0.030293295 
340 274 13 17 0.030288132 
119 446 9 11 0.030276552 
200 423 8 9 0.030245403 
874 384 7 9 0.03021961 
201 397 8 11 0.030207992 
133 573 14 17 0.030180959 
97 509 11 15 0.030132977 
328 360 7 9 0.03013113 
469 404 9 12 0.030124592 
641 421 10 13 0.030120293 
863 383 7 8 0.0300877 
979 500 11 15 0.030079616 
992 502 12 15 0.030061241 
64 350 8 10 0.030044112 
481 335 8 10 0.030024318 
761 493 9 11 0.029972201 
165 538 13 17 0.02993678 
251 468 11 12 0.02993476 
234 367 8 10 0.029913029 
280 499 12 15 0.029910833 
138 430 9 11 0.029897852 
305 445 9 11 0.029847786 
47 500 12 16 0.029842457 
336 533 9 12 0.029811995 
368 469 13 15 0.029779755 
270 374 8 9 0.029764071 
434 353 8 10 0.029746259 
273 353 6 8 0.029746003 
424 375 7 8 0.029720087 
838 547 13 16 0.029685114 
663 393 7 9 0.029667474 
359 382 7 9 0.029652352 
962 375 6 9 0.029636085 
240 405 9 11 0.029541612 
136 421 9 10 0.029527234 
407 399 7 9 0.029518308 
533 402 26 29 0.029514845 
328 516 10 13 0.029499456 
904 422 10 11 0.02948264 
148 608 15 20 0.02945174 
887 501 9 12 0.02943043 
788 499 11 13 0.029402023 
840 611 11 15 0.029325454 
128 367 7 9 0.029321682 
749 494 9 12 0.029265773 
848 386 7 8 0.029261416 
207 328 9 10 0.029251369 
792 400 7 9 0.029221406 
93 560 12 15 0.029202415 
344 365 8 11 0.029170513 
409 437 9 11 0.029168986 
425 408 8 10 0.029163774 
574 384 10 12 0.029152658 
846 518 11 15 0.029142695 
311 577 14 18 0.0291368 
263 513 10 14 0.029132808 
148 375 8 10 0.029079162 
68 580 13 18 0.029051786 
901 502 10 12 0.029017687 
872 373 8 9 0.028992454 
207 462 9 11 0.028941797 
25 334 7 10 0.028921353 
693 514 13 16 0.028913638 
150 352 8 10 0.028895963 
97 460 11 14 0.02885425 
175 353 8 9 0.028836591 
664 367 9 11 0.028833644 
192 498 13 16 0.02882544 
22 375 7 9 0.028790012 
51 634 12 18 0.02876404 
924 626 16 21 0.028748084 
365 423 9 11 0.028720222 
972 532 12 15 0.028713593 
745 406 7 9 0.028712383 
17 515 14 17 0.028671866 
223 383 8 10 0.028657142 
660 486 12 16 0.028655546 
238 352 8 9 0.028646752 
207 424 8 9 0.028637825 
376 505 15 18 0.028609758 
798 125 15 21 0.028609555 
856 461 11 14 0.028594082 
823 422 9 10 0.028584106 
359 438 9 11 0.028559415 
121 352 8 11 0.028554138 
986 402 6 8 0.028549561 
378 530 13 16 0.028539687 
1012 525 11 15 0.02848304 
667 508 14 18 0.028461402 
309 364 9 11 0.028452616 
655 423 9 11 0.028428037 
77 391 8 9 0.028343165 
359 391 8 9 0.028327692 
825 415 8 10 0.02831851 
803 593 17 22 0.028263362 
747 612 11 15 0.028263362 
997 492 11 14 0.028210038 
137 376 7 9 0.028206121 
263 470 9 11 0.028185647 
376 431 9 11 0.028181966 
407 414 8 9 0.028161356 
157 459 11 12 0.028155943 
1011 657 11 18 0.028146427 
369 360 7 9 0.028100148 
180 500 12 15 0.028061701 
64 376 7 8 0.028055139 
762 431 8 10 0.028045703 
172 641 14 18 0.028019894 
401 414 7 9 0.027997058 
310 353 8 10 0.027991695 
238 360 8 9 0.027981263 
751 416 7 9 0.027976342 
232 439 9 10 0.027916085 
204 557 15 18 0.027858613 
828 552 21 27 0.027857525 
215 501 12 15 0.027812842 
232 179 10 11 0.027811788 
211 129 14 19 0.027810367 
376 399 8 10 0.027804945 
357 351 8 10 0.027793285 
120 397 8 9 0.02778851 
638 428 11 13 0.027763529 
733 461 10 13 0.027724607 
335 489 17 22 0.027687306 
255 359 8 9 0.02768461 
313 377 7 9 0.02764445 
36 626 14 19 0.027636131 
208 333 9 10 0.027629497 
232 334 9 10 0.027592778 
647 416 8 11 0.02759008 
94 587 12 17 0.027589422 
81 335 8 9 0.027574655 
256 423 8 10 0.027554229 
404 578 14 18 0.027535342 
335 351 9 10 0.027522068 
45 493 11 15 0.02747018 
112 366 7 9 0.027464055 
862 368 9 10 0.02743442 
224 373 8 10 0.02739711 
368 400 7 9 0.027382696 
927 439 9 10 0.027380265 
61 462 9 11 0.027354626 
596 397 10 13 0.027351722 
77 636 12 16 0.027349887 
945 407 6 8 0.027343502 
319 522 18 25 0.027334938 
244 194 12 15 0.027307114 
62 359 7 9 0.027300235 
381 494 13 17 0.027280323 
400 384 7 8 0.027268723 
288 369 7 10 0.027267411 
1008 422 8 11 0.027242288 
912 407 8 9 0.027236588 
1015 505 9 14 0.02723326 
746 522 20 25 0.027216496 
518 412 11 13 0.027209196 
411 472 14 17 0.027185472 
40 429 9 11 0.0271635 
757 461 10 13 0.027151497 
824 432 9 10 0.027150659 
847 461 9 12 0.027144276 
332 561 15 19 0.027127411 
143 392 8 9 0.027114265 
467 398 10 13 0.027092658 
148 617 14 21 0.027086494 
644 462 12 16 0.027057236 
921 477 10 12 0.0270481 
478 438 9 12 0.027017605 
288 531 12 15 0.0270081 
402 571 14 17 0.026840918 
348 471 11 14 0.026825432 
86 491 11 14 0.026816068 
786 369 7 10 0.02680041 
328 413 8 10 0.026786312 
31 334 7 10 0.02676613 
327 501 9 12 0.0267634 
640 414 9 12 0.026748946 
51 643 14 22 0.02674538 
296 358 8 9 0.026707347 
681 506 13 15 0.026702885 
408 369 7 10 0.026699955 
962 484 10 13 0.026697002 
167 454 9 11 0.026696526 
376 360 8 10 0.026680714 
205 352 8 10 0.026654728 
222 368 8 10 0.026628409 
848 374 7 9 0.026600908 
939 566 14 16 0.026589202 
217 390 8 9 0.026586553 
973 493 11 14 0.026582917 
895 403 10 11 0.026577376 
159 414 9 11 0.026539374 
500 562 12 17 0.02653391 
977 409 6 8 0.026529232 
224 224 10 14 0.026526907 
950 369 8 9 0.026525808 
946 369 7 8 0.026476024 
317 470 9 11 0.026469462 
988 588 15 16 0.026465885 
277 549 10 15 0.026461132 
674 407 7 10 0.026448684 
469 451 11 14 0.026418796 
206 470 10 12 0.026393073 
904 374 7 10 0.026383882 
1013 374 9 12 0.02637876 
108 454 10 12 0.026371595 
335 555 22 26 0.026330722 
129 393 6 9 0.026284736 
836 494 12 14 0.026259076 
320 390 7 9 0.02624045 
267 407 9 11 0.02619295 
295 392 7 8 0.026167829 
705 385 8 10 0.026166782 
215 490 12 15 0.02616468 
319 440 8 10 0.026155824 
318 459 10 13 0.026137855 
639 143 8 10 0.026127879 
34 644 15 20 0.02611276 
353 382 7 8 0.026106605 
151 559 13 20 0.02610446 
902 542 12 16 0.026100205 
824 538 12 15 0.026083883 
832 546 11 16 0.026053727 
119 454 10 11 0.026019808 
270 437 9 11 0.026004085 
744 390 8 10 0.025968367 
853 526 11 15 0.025935592 
84 500 11 14 0.025928669 
55 382 8 9 0.025925195 
159 516 10 14 0.025888395 
711 454 8 11 0.025867533 
2 635 11 15 0.02586536 
327 408 8 10 0.025837667 
949 571 11 17 0.02581131 
199 381 8 10 0.025810072 
80 369 7 9 0.025800018 
242 460 10 12 0.025785211 
343 421 9 10 0.02578236 
286 606 15 20 0.025754785 
230 196 9 12 0.025740597 
992 595 19 21 0.025725463 
935 334 9 12 0.025689157 
854 394 6 8 0.025683388 
267 535 13 17 0.025636178 
431 389 8 10 0.02562321 
216 540 11 15 0.025619661 
17 431 9 11 0.025610337 
953 546 10 14 0.025604786 
230 382 8 10 0.025600892 
800 393 8 10 0.025567055 
320 365 8 9 0.025566513 
855 558 18 25 0.025565712 
87 343 7 9 0.02556058 
440 418 8 9 0.02555526 
304 354 8 9 0.025552375 
312 414 8 10 0.025519121 
134 467 18 23 0.025457151 
281 343 8 10 0.025443938 
808 393 8 10 0.025432855 
248 318 9 12 0.02537959 
524 612 13 18 0.025363889 
844 500 12 14 0.025353333 
378 141 17 21 0.025328292 
342 532 10 12 0.025324533 
201 608 22 31 0.025273101 
458 388 9 12 0.025260357 
342 542 11 14 0.02523002 
275 641 23 27 0.025228966 
944 394 6 7 0.025223566 
206 376 7 9 0.025206812 
256 336 8 10 0.025176728 
6 458 11 14 0.025160478 
232 374 8 10 0.02515472 
271 334 9 10 0.025131017 
814 438 9 11 0.02509877 
614 417 13 17 0.02504043 
698 475 11 13 0.025014888 
-2 514 10 17 0.024976991 
0 360 7 10 0.024959672 
846 651 12 16 0.024959197 
718 533 14 16 0.024948064 
711 385 8 10 0.024943547 
898 386 7 9 0.024935117 
336 445 9 11 0.024919465 
166 497 13 17 0.02490359 
783 486 12 15 0.024879726 
381 451 11 13 0.024855915 
66 556 15 20 0.024836518 
348 184 14 20 0.024834195 
692 133 11 13 0.02480748 
614 380 9 11 0.024781635 
700 523 10 13 0.024779364 
896 359 8 9 0.024756018 
58 353 7 10 0.024743458 
573 389 23 29 0.024716407 
857 382 7 9 0.024656137 
167 627 22 29 0.02463472 
1007 449 9 10 0.02461103 
239 390 8 10 0.024605522 
764 542 13 16 0.024572922 
304 383 7 9 0.024544451 
191 563 11 14 0.02452922 
177 389 9 10 0.024514485 
256 294 9 12 0.024477126 
95 381 8 10 0.024469 
992 390 6 8 0.024465047 
631 171 12 14 0.024446812 
782 514 11 16 0.024421498 
453 422 19 24 0.024419 
811 592 16 21 0.02440535 
844 611 14 16 0.02439311 
376 384 7 8 0.024363529 
125 592 24 28 0.024331016 
231 491 12 15 0.02432453 
807 500 10 12 0.024307843 
847 532 11 14 0.024297342 
162 375 7 10 0.024274435 
421 542 12 15 0.024252994 
799 492 10 13 0.024237642 
320 -43 387 471 0.024232592 
992 376 7 8 0.02422477 
789 516 12 15 0.024207799 
287 275 11 12 0.024197103 
282 616 18 24 0.024179406 
118 463 12 13 0.024157707 
925 543 17 20 0.024128715 
1000 416 7 8 0.024086153 
248 391 7 9 0.024080025 
174 506 11 15 0.024067013 
596 380 10 12 0.024046402 
1011 494 12 17 0.024044108 
985 369 6 8 0.024024181 
861 550 11 16 0.023977062 
280 556 11 16 0.023972252 
976 368 6 8 0.023939405 
292 613 22 26 0.02393799 
800 501 10 12 0.023932142 
220 156 10 13 0.023908637 
408 455 13 15 0.023888787 
912 377 8 10 0.023888055 
312 393 6 8 0.023882259 
423 440 9 11 0.023879603 
977 342 10 13 0.023871839 
269 621 17 21 0.023839375 
351 461 9 11 0.023838457 
123 571 21 29 0.023831824 
442 368 7 9 0.023823325 
1 455 8 12 0.023805834 
281 563 11 15 0.02378961 
176 428 9 12 0.02378245 
215 156 10 13 0.023705533 
984 609 13 18 0.023701118 
256 288 10 12 0.023674972 
474 455 21 25 0.02367462 
876 411 19 23 0.02367115 
136 460 10 13 0.02366959 
293 352 8 10 0.023661036 
66 344 7 10 0.02364705 
702 500 13 15 0.023645446 
815 462 11 13 0.023630995 
281 358 7 9 0.023621928 
448 351 8 10 0.023620833 
766 377 9 11 0.023602251 
764 529 13 17 0.023583949 
743 384 8 10 0.023576995 
454 366 9 10 0.023566177 
222 471 11 14 0.023565916 
253 481 17 21 0.023563007 
542 427 13 16 0.023562865 
694 400 8 9 0.02355574 
182 376 8 10 0.02351712 
146 448 18 23 0.023513481 
796 583 21 27 0.023511134 
643 396 8 12 0.023507405 
458 399 9 12 0.023500144 
774 534 12 15 0.023477208 
366 489 11 14 0.023456924 
248 360 8 9 0.023453517 
257 400 7 9 0.023443835 
982 493 11 13 0.02344214 
328 547 11 13 0.023441555 
804 539 19 26 0.023440778 
986 375 6 8 0.023438133 
760 367 9 11 0.023430824 
334 367 8 10 0.023430258 
869 549 13 17 0.02340574 
810 473 18 22 0.02339324 
286 485 11 14 0.023393076 
367 391 8 9 0.023382185 
928 369 7 9 0.023372501 
135 481 12 15 0.023341352 
86 336 8 9 0.023334926 
201 391 8 10 0.023319937 
841 396 7 9 0.023283202 
926 501 10 14 0.02327254 
167 391 8 10 0.023246331 
271 460 9 11 0.023217855 
929 382 7 9 0.023196708 
207 381 9 11 0.023192184 
174 649 12 16 0.023166949 
920 439 8 10 0.023155697 
296 417 8 10 0.023147516 
106 534 13 18 0.023143454 
861 533 13 15 0.023124235 
734 517 11 14 0.023109768 
270 501 12 14 0.023107912 
119 439 9 11 0.023053652 
208 485 10 12 0.023044843 
1015 399 8 10 0.02302635 
686 485 10 12 0.023017075 
88 368 7 8 0.023016535 
214 632 24 29 0.022992782 
969 369 7 8 0.02298955 
417 353 8 10 0.022968922 
423 430 9 10 0.02296381 
241 330 7 8 0.022904638 
343 383 7 9 0.022888722 
366 605 22 29 0.022834657 
564 401 12 16 0.022821609 
997 449 11 13 0.022806961 
968 489 10 13 0.02279303 
56 486 10 13 0.02278062 
248 351 8 9 0.022734404 
84 463 12 15 0.022729103 
439 405 8 10 0.022718119 
496 454 10 13 0.022705333 
846 544 18 24 0.022687098 
319 360 7 10 0.02262212 
721 377 7 9 0.022596898 
893 391 18 23 0.022596708 
486 333 9 11 0.022595624 
966 520 12 15 0.022564199 
118 391 8 11 0.022542901 
871 359 8 10 0.022537231 
970 501 9 13 0.022530349 
974 455 10 11 0.022529006 
157 620 15 20 0.022491664 
193 317 8 12 0.022386711 
378 491 21 28 0.022372 
30 390 7 9 0.022341615 
295 432 8 10 0.022267003 
224 329 8 9 0.022266138 
757 585 24 31 0.022265933 
874 504 19 24 0.022258736 
42 467 17 22 0.022252962 
47 409 18 23 0.02225097 
697 554 13 16 0.02224598 
310 447 19 23 0.022242328 
300 566 20 24 0.022224855 
655 445 10 12 0.022203792 
2 401 8 11 0.022181153 
519 356 8 11 0.022152992 
455 353 8 10 0.022145672 
72 461 9 11 0.022140207 
15 413 9 11 0.022126002 
289 629 21 26 0.022123968 
240 516 12 15 0.022120008 
238 499 11 14 0.022118842 
266 657 14 18 0.022108352 
888 481 10 12 0.02210745 
693 390 8 9 0.022099167 
735 454 9 12 0.022094052 
798 540 12 16 0.022089513 
15 423 9 10 0.02201583 
977 386 6 7 0.022014394 
359 407 8 9 0.022012958 
55 318 9 10 0.022004642 
514 389 9 12 0.022001449 
772 505 17 22 0.021980418 
1 541 19 27 0.021960137 
477 554 24 27 0.021944007 
351 440 9 10 0.021937776 
880 515 9 13 0.021909269 
649 494 21 27 0.0218746 
235 584 20 24 0.021862933 
366 438 11 13 0.021861985 
903 522 10 13 0.021845857 
937 516 11 14 0.021823578 
293 494 19 24 0.021804195 
580 383 25 30 0.021797886 
344 360 8 10 0.021775208 
971 649 13 18 0.021735672 
120 366 7 9 0.021699112 
128 381 7 10 0.021686792 
264 250 11 14 0.021655044 
845 509 11 13 0.021624641 
81 42 16 19 0.021617258 
824 513 242 225 0.021611726 
265 360 8 10 0.021610871 
201 413 8 11 0.02159748 
360 357 7 10 0.021574592 
744 470 10 12 0.021569366 
437 538 14 18 0.02155853 
729 610 22 27 0.021539854 
91 593 12 16 0.0215354 
9 353 7 9 0.021509822 
711 431 8 9 0.021499725 
776 376 7 9 0.021497145 
800 359 11 13 0.021487132 
226 515 13 15 0.02148446 
928 634 23 28 0.021472998 
614 398 9 11 0.021471564 
945 431 8 9 0.021471076 
230 526 13 15 0.021455966 
415 400 7 9 0.021437759 
279 391 7 9 0.02143017 
513 357 8 10 0.021404898 
684 476 11 13 0.021389708 
374 552 12 16 0.021381615 
908 439 9 11 0.021377703 
918 391 8 9 0.021370232 
327 461 8 10 0.021362914 
527 428 11 14 0.021361774 
292 556 20 27 0.021355411 
479 429 9 12 0.021333596 
1015 444 8 11 0.021327123 
798 601 15 21 0.021308502 
832 624 45 49 0.021295648 
902 332 20 24 0.021290546 
7 420 8 11 0.021281252 
493 615 26 31 0.021272881 
821 520 19 25 0.021254469 
462 329 20 24 0.021203585 
688 415 8 10 0.02120031 
589 402 11 15 0.021198878 
135 580 16 22 0.021185067 
761 374 9 11 0.021174693 
193 335 9 11 0.021167645 
391 388 8 10 0.021149853 
351 502 12 14 0.021144725 
66 638 29 37 0.021129534 
206 524 12 14 0.021114135 
5 449 19 23 0.02110551 
222 641 13 17 0.021074893 
737 391 7 8 0.021074072 
247 399 8 9 0.021073792 
40 582 25 29 0.021054342 
171 564 11 15 0.021049956 
22 466 21 25 0.021033423 
459 451 9 13 0.021031655 
448 358 9 9 0.021012878 
456 344 8 10 0.021009464 
935 463 8 11 0.020999297 
333 70 10 14 0.020976165 
406 609 14 19 0.020963058 
181 536 13 17 0.020948585 
333 542 10 13 0.020946123 
50 466 18 23 0.020901568 
949 495 11 14 0.020896213 
256 367 7 9 0.020870797 
724 611 16 19 0.020864898 
968 384 7 7 0.020862533 
48 368 7 9 0.020856839 
309 508 12 15 0.02084673 
200 626 15 20 0.020845719 
318 138 15 20 0.020840755 
899 596 20 25 0.020793276 
992 352 9 10 0.02078819 
528 390 11 14 0.020771964 
86 440 19 23 0.020755956 
463 491 12 15 0.020752758 
88 390 8 9 0.020730443 
772 522 11 15 0.020712998 
837 443 19 22 0.020709047 
138 626 16 21 0.02070296 
871 538 13 15 0.020685919 
448 383 8 9 0.020647995 
392 344 8 10 0.020643791 
126 428 9 12 0.020609047 
429 475 11 14 0.020600444 
663 405 8 10 0.020597124 
128 499 11 16 0.020595282 
32 575 12 17 0.020581516 
925 595 14 17 0.020548765 
1013 380 8 12 0.020525938 
695 384 7 10 0.020519996 
878 344 8 10 0.020512985 
751 390 10 13 0.020506408 
23 327 8 11 0.020436002 
102 542 18 23 0.020431627 
151 382 8 9 0.02042706 
215 458 11 13 0.02042595 
749 591 12 17 0.020388415 
795 579 14 20 0.020376071 
54 287 9 10 0.020359349 
327 391 7 9 0.020358263 
727 591 15 19 0.020351283 
852 104 20 23 0.020339068 
133 561 14 19 0.020328004 
165 507 13 16 0.020325307 
939 633 23 26 0.020320598 
479 423 9 11 0.020320455 
1013 595 11 15 0.020316202 
569 383 9 11 0.020313237 
48 501 19 25 0.020308422 
174 367 8 9 0.020303931 
790 524 12 14 0.020299131 
202 431 18 23 0.020262763 
970 465 18 23 0.020253384 
406 392 7 8 0.020237258 
348 557 16 21 0.020211399 
112 345 7 9 0.020209122 
463 500 11 14 0.020208668 
412 146 14 16 0.020206798 
65 408 8 10 0.020200862 
365 462 12 14 0.020199878 
614 181 10 11 0.020198734 
241 509 11 14 0.020194765 
917 514 12 15 0.020192247 
783 433 8 11 0.020176224 
45 656 17 22 0.02016585 
404 425 19 23 0.020156665 
993 367 6 9 0.020153293 
776 497 18 23 0.020151742 
857 352 8 9 0.020146014 
767 418 19 22 0.020145837 
927 553 14 16 0.020143112 
38 375 19 24 0.020141963 
157 507 12 16 0.02012668 
312 516 11 14 0.020115897 
527 604 11 15 0.020097103 
137 448 18 23 0.020082701 
659 531 12 15 0.020080954 
740 556 13 17 0.020069016 
647 531 11 13 0.020045487 
839 408 8 9 0.020044338 
987 615 17 23 0.020042477 
444 510 11 14 0.020038456 
941 456 19 25 0.02003698 
852 659 12 16 0.02002578 
