21_Festival_Festival_21_491
47
458 551 187 230 0.9995427 
138 517 359 451 0.86401725 
237 484 126 173 0.63531417 
651 1080 214 351 0.5503008 
584 23 254 259 0.39691603 
281 -9 419 485 0.20837255 
194 403 185 220 0.1644798 
337 522 64 97 0.15168615 
746 22 221 190 0.12254936 
16 1035 244 389 0.112783924 
298 511 94 135 0.08932496 
718 1192 126 232 0.07452283 
592 -43 416 436 0.07279995 
-55 150 411 402 0.06545225 
-99 919 438 554 0.065036274 
240 840 113 137 0.06024971 
-3 1225 204 277 0.05194349 
604 1002 228 300 0.04932238 
68 304 369 491 0.04495853 
423 427 49 68 0.044332936 
88 806 416 467 0.043802697 
888 40 75 75 0.043477625 
162 961 115 159 0.04337269 
385 482 35 54 0.043142185 
403 175 410 504 0.04077066 
191 757 237 271 0.037814807 
241 4 255 264 0.03513621 
601 865 244 265 0.034907848 
668 58 137 179 0.03399511 
46 316 232 326 0.0337916 
571 821 399 441 0.03276208 
650 558 194 262 0.032570522 
533 517 172 249 0.031205248 
116 482 232 362 0.030921044 
865 27 127 124 0.02994437 
243 119 118 147 0.029782847 
555 444 68 60 0.028252574 
118 896 259 256 0.027377555 
357 505 57 86 0.02698912 
343 556 12 18 0.024748368 
537 422 110 101 0.024177013 
460 259 218 274 0.022517363 
-24 1361 150 177 0.02161445 
513 459 15 19 0.020557893 
139 120 262 222 0.020383334 
794 101 133 145 0.020107403 
580 0 129 142 0.020071177 
