21_Festival_Festival_21_943
306
739 189 10 13 0.69810605 
807 191 10 11 0.4886369 
761 185 8 11 0.44810122 
889 182 10 13 0.41373995 
259 187 13 16 0.36594817 
594 436 12 14 0.3533311 
293 187 14 18 0.3220427 
111 194 12 17 0.3127195 
399 352 59 72 0.29949504 
549 184 10 12 0.2895951 
189 190 10 12 0.28574386 
153 195 9 11 0.2547103 
832 196 9 12 0.2525255 
157 197 9 12 0.23954919 
622 443 14 17 0.23300467 
580 412 12 15 0.20974192 
69 195 10 14 0.20654458 
544 187 10 12 0.19895081 
355 179 11 14 0.19571498 
224 182 10 12 0.19192278 
492 190 9 11 0.19192138 
186 189 9 12 0.18127163 
103 181 10 14 0.16819319 
712 191 11 14 0.16261332 
661 441 14 17 0.14606118 
568 190 8 11 0.14119855 
938 198 8 10 0.14032722 
255 184 12 15 0.13070205 
230 183 8 12 0.12747605 
85 190 11 13 0.12669523 
764 186 10 12 0.123472154 
169 192 9 11 0.121220045 
174 191 8 11 0.11342485 
746 227 10 14 0.108748645 
133 192 9 11 0.10569455 
603 423 11 13 0.10485652 
519 183 9 11 0.09928099 
27 453 205 228 0.09832477 
801 190 10 13 0.0962757 
893 187 9 11 0.0960372 
717 193 11 14 0.089628465 
518 188 8 11 0.087952316 
215 182 10 12 0.083320476 
276 188 12 14 0.08301574 
693 221 12 15 0.082148 
166 197 9 11 0.082049504 
572 221 12 14 0.081389606 
942 224 8 9 0.07944229 
573 191 8 11 0.07859504 
943 231 8 11 0.077604465 
214 189 9 11 0.076653115 
568 219 11 13 0.07572741 
422 155 11 13 0.07540327 
673 435 24 27 0.07531191 
835 192 10 13 0.07484513 
301 171 12 14 0.07375497 
636 234 16 21 0.0722671 
959 237 9 12 0.06989601 
1006 222 9 12 0.06904182 
85 182 12 14 0.06827947 
107 180 13 17 0.068153344 
662 437 23 26 0.068127155 
223 175 10 12 0.06800463 
587 414 12 15 0.06726128 
317 187 13 16 0.066612735 
558 184 9 11 0.06648024 
208 182 9 12 0.066137284 
240 171 9 12 0.0624614 
642 239 14 17 0.062337223 
117 235 11 14 0.062190443 
616 223 11 14 0.061912116 
343 182 11 13 0.058811583 
129 190 10 12 0.058807842 
81 190 9 12 0.05863837 
167 223 9 12 0.058257706 
214 215 10 13 0.055906933 
513 189 10 12 0.055883285 
174 196 8 11 0.055462375 
735 193 11 13 0.055296727 
526 190 10 12 0.053922456 
174 184 10 12 0.05345314 
158 251 10 16 0.05306915 
239 197 9 12 0.053012047 
168 212 10 12 0.05235633 
246 173 10 11 0.05135232 
513 183 9 11 0.051125675 
951 239 8 10 0.051105432 
725 195 10 13 0.050983023 
936 216 7 9 0.050658308 
938 221 8 10 0.05060882 
239 204 10 14 0.05050245 
397 215 13 17 0.05038812 
580 223 10 13 0.050109535 
300 181 12 17 0.049403362 
589 431 21 23 0.0491647 
886 176 11 15 0.048785903 
565 185 9 11 0.04849368 
735 185 18 22 0.047189604 
636 229 13 16 0.047065213 
648 198 8 11 0.04699844 
968 254 11 13 0.046551526 
93 189 11 14 0.046184774 
700 221 12 15 0.046152297 
568 195 10 12 0.046063922 
944 237 8 12 0.045918517 
209 189 10 11 0.044123683 
1007 203 11 13 0.043863025 
813 195 9 12 0.04385976 
268 187 13 18 0.04380724 
504 182 9 10 0.043765962 
825 197 10 12 0.04371003 
596 424 19 23 0.043708265 
236 190 9 11 0.04304023 
942 244 9 11 0.042966023 
160 203 10 13 0.042756103 
700 443 19 21 0.042739052 
593 281 33 36 0.04217092 
526 179 12 14 0.04214931 
692 243 14 17 0.04200337 
391 187 10 14 0.04177367 
249 183 9 12 0.04159133 
535 181 12 13 0.040588103 
553 389 241 256 0.040528942 
753 183 11 13 0.040502053 
928 252 9 12 0.04007602 
230 174 10 12 0.040015586 
746 235 10 13 0.04000005 
487 184 11 15 0.03991082 
773 184 10 12 0.039802127 
195 190 10 11 0.039792944 
-2 217 19 34 0.039792705 
102 194 13 18 0.039780833 
397 195 13 15 0.039714992 
855 197 8 10 0.039127976 
94 210 13 18 0.03871559 
1002 223 9 11 0.037890818 
576 410 22 25 0.03775317 
108 233 15 17 0.03724047 
700 239 15 19 0.03718371 
309 181 13 18 0.03690065 
144 198 8 10 0.036870517 
171 262 13 15 0.036752567 
254 244 10 13 0.036496222 
648 192 8 10 0.03598755 
623 441 21 27 0.035936773 
239 212 10 13 0.035885494 
913 283 18 19 0.03587402 
99 203 12 16 0.03570903 
751 99 25 30 0.03569454 
239 220 9 13 0.035281684 
704 197 10 13 0.035138413 
179 286 15 18 0.035133593 
999 228 9 11 0.035110284 
687 221 12 15 0.0350647 
551 402 11 15 0.0349935 
977 207 8 11 0.034714933 
83 188 21 26 0.034162864 
635 443 17 21 0.034117818 
251 188 9 12 0.03351405 
96 182 10 13 0.032823343 
622 206 10 11 0.032772396 
256 193 11 14 0.032748718 
156 257 11 16 0.032472454 
537 188 11 14 0.032305535 
800 196 10 12 0.031806655 
576 409 11 16 0.03170328 
965 237 9 11 0.031322524 
538 294 366 426 0.031268373 
168 184 10 12 0.03125654 
764 261 13 16 0.030978793 
383 188 11 15 0.030932214 
237 183 10 13 0.030799916 
299 191 13 17 0.030685442 
165 205 10 13 0.030411677 
165 250 10 15 0.030373337 
276 194 12 16 0.030352755 
115 189 11 14 0.030247243 
216 176 10 13 0.030190442 
208 198 9 12 0.029833969 
116 201 10 15 0.029742938 
715 236 12 13 0.029728444 
885 156 13 15 0.029500315 
543 177 11 13 0.029411364 
707 237 14 17 0.029218437 
286 183 13 16 0.028934645 
213 196 10 12 0.028859202 
493 185 10 12 0.02861232 
648 203 10 13 0.028402248 
478 154 11 14 0.028383926 
324 190 11 13 0.028361721 
143 174 11 13 0.028357845 
798 205 10 13 0.028194452 
970 257 14 16 0.028146926 
936 245 9 11 0.027973907 
968 215 7 9 0.027906697 
396 187 13 17 0.027761899 
501 261 9 11 0.02770786 
936 238 9 12 0.027502837 
86 197 23 27 0.027472187 
534 165 10 11 0.02747194 
222 167 11 12 0.02694571 
830 203 10 12 0.026783086 
472 261 11 12 0.026713619 
294 168 22 26 0.026711456 
811 184 13 16 0.026514957 
727 252 10 13 0.026473723 
510 174 9 11 0.026407048 
974 247 8 10 0.026221717 
888 178 16 22 0.026212674 
781 359 12 14 0.026050301 
293 171 13 15 0.026032954 
542 194 11 14 0.02592973 
929 199 8 9 0.02586597 
943 216 8 10 0.02579204 
913 213 8 12 0.025789905 
666 226 15 17 0.025681991 
582 191 10 11 0.025665294 
700 205 11 13 0.025656905 
992 199 9 12 0.02542166 
791 237 11 13 0.025223283 
117 242 12 15 0.025158413 
399 318 36 39 0.02512631 
52 179 11 15 0.025124278 
701 304 16 18 0.025109483 
1014 214 9 12 0.024943726 
352 174 17 23 0.024906738 
198 175 11 12 0.02489845 
934 205 9 11 0.024777792 
622 197 8 11 0.024754936 
952 324 13 16 0.024650447 
174 205 11 13 0.024642454 
544 179 17 21 0.024615262 
799 185 11 14 0.024602659 
365 182 12 14 0.024096359 
891 335 23 30 0.02409478 
627 438 14 17 0.0240512 
654 192 8 10 0.02404224 
124 229 9 13 0.023847645 
77 195 11 13 0.023736773 
134 275 11 14 0.023719132 
918 214 8 11 0.023712622 
223 228 9 12 0.023700738 
495 262 10 11 0.02354039 
837 244 14 16 0.023508178 
332 237 12 17 0.023428092 
532 393 13 16 0.023395887 
181 206 10 13 0.023374826 
792 220 10 14 0.02332035 
535 253 11 12 0.023297874 
135 183 10 12 0.023202036 
211 246 13 16 0.022944937 
1013 219 9 13 0.02286427 
909 313 15 17 0.02285833 
952 245 8 10 0.022723813 
583 206 9 12 0.022644216 
689 220 23 26 0.022623094 
823 191 11 13 0.022565661 
751 188 10 12 0.022543602 
920 197 8 10 0.022525132 
508 197 12 14 0.022523899 
583 215 11 15 0.02250533 
147 255 16 21 0.022469256 
140 266 12 16 0.02246168 
638 198 10 11 0.022383988 
745 243 10 13 0.022321444 
245 212 12 15 0.022142652 
629 219 23 27 0.022086207 
968 221 8 10 0.02189295 
594 249 15 17 0.021826683 
158 183 11 12 0.021784293 
420 367 41 45 0.021778652 
678 215 10 13 0.021736272 
700 214 12 15 0.021725928 
872 191 9 11 0.021517724 
998 200 10 12 0.021469282 
637 205 10 12 0.02145238 
198 181 11 12 0.021431347 
222 223 9 11 0.021399317 
206 176 9 12 0.02138829 
390 195 13 16 0.021347947 
286 192 13 17 0.021304643 
792 189 10 12 0.021261636 
505 174 9 12 0.021243429 
910 198 9 10 0.021206217 
584 197 10 11 0.021194918 
535 219 9 12 0.021170903 
488 194 10 13 0.02107444 
772 253 13 14 0.021047337 
587 291 51 48 0.02091649 
929 213 8 11 0.020870157 
849 197 9 11 0.020786634 
486 268 12 13 0.020731343 
685 437 24 25 0.020672461 
555 404 12 15 0.020534936 
688 205 10 12 0.020534223 
990 253 12 15 0.02050357 
542 159 9 11 0.020453617 
932 254 12 14 0.020446997 
975 238 8 10 0.020420061 
206 204 11 12 0.020348938 
233 213 9 12 0.020276267 
534 176 11 12 0.020217994 
613 218 18 24 0.020187631 
642 230 21 28 0.020115973 
951 404 58 59 0.02009239 
633 198 9 11 0.020084132 
