21_Festival_Festival_21_395
136
545 126 33 42 0.9840157 
513 275 38 50 0.98393226 
762 414 36 47 0.98003334 
561 401 39 47 0.9651352 
409 266 27 34 0.9161046 
746 592 67 98 0.47487405 
309 426 31 37 0.39689964 
43 442 213 196 0.33629373 
420 589 14 19 0.30594802 
686 265 32 40 0.26131946 
976 500 23 29 0.25010037 
76 484 18 23 0.23494944 
669 408 40 50 0.16991785 
665 500 14 17 0.13813026 
210 405 45 54 0.12773754 
548 588 31 46 0.12635687 
546 -74 442 513 0.12571923 
667 507 14 19 0.12531929 
238 409 32 48 0.121287875 
19 466 13 17 0.10661531 
67 441 13 18 0.10581637 
644 461 31 41 0.10484226 
299 260 22 27 0.10087706 
66 449 14 20 0.10007705 
925 459 115 133 0.093841344 
562 573 44 60 0.0907535 
-5 281 367 431 0.08824658 
660 508 23 30 0.08785716 
812 389 199 208 0.08629992 
5 573 27 43 0.08333628 
71 486 136 122 0.08189588 
829 487 63 61 0.07579239 
284 377 44 55 0.07022174 
828 438 132 117 0.06958418 
108 488 16 21 0.0685021 
529 264 47 60 0.068360746 
464 385 40 53 0.06619243 
372 387 41 52 0.06395223 
290 395 46 57 0.06385438 
849 459 39 39 0.061466496 
859 449 32 31 0.059154328 
709 369 23 33 0.05792633 
752 427 32 45 0.056933995 
997 501 13 18 0.05568294 
2 497 15 23 0.0555934 
659 260 24 43 0.054439787 
60 614 46 53 0.054377533 
746 440 28 43 0.053540606 
921 439 30 35 0.052376147 
318 355 25 30 0.052127965 
963 490 13 20 0.05105903 
695 589 14 17 0.050750677 
968 501 59 82 0.049645327 
610 466 18 23 0.049544882 
957 492 21 29 0.047808807 
3 540 14 20 0.047132816 
10 521 14 20 0.04699388 
512 607 50 62 0.046825957 
697 261 368 426 0.045959234 
60 456 17 22 0.045254968 
858 447 52 49 0.039377198 
532 600 51 64 0.03831756 
229 546 45 61 0.0382604 
703 559 91 117 0.037451077 
696 273 30 41 0.03741978 
538 398 45 54 0.037351675 
11 562 39 57 0.03724432 
385 363 45 60 0.037162837 
479 381 43 55 0.036790397 
683 602 14 17 0.036434125 
409 571 25 32 0.036077872 
41 475 12 17 0.03550396 
409 177 31 40 0.03502944 
85 472 24 30 0.03495391 
648 473 40 53 0.034939397 
170 492 26 29 0.034277286 
835 469 58 50 0.033537228 
371 593 16 19 0.033187464 
11 536 15 22 0.03268842 
95 468 26 32 0.03249413 
662 428 28 35 0.032442722 
579 567 43 56 0.030378232 
0 446 10 17 0.030181771 
290 344 52 64 0.029824087 
871 454 65 56 0.029583527 
379 407 20 23 0.029271528 
37 450 13 17 0.02907666 
968 410 50 73 0.029053044 
470 296 27 32 0.029007705 
121 484 77 68 0.028847745 
353 603 48 62 0.028346034 
135 546 123 120 0.027845578 
51 488 15 20 0.0274099 
734 469 57 79 0.027134735 
891 449 28 33 0.026965113 
166 397 57 63 0.026595788 
60 472 14 17 0.026459826 
388 333 48 62 0.026091626 
346 382 30 38 0.026086198 
196 413 34 49 0.026049143 
840 438 52 49 0.0257938 
903 443 26 29 0.02524009 
38 467 13 17 0.02488375 
915 474 18 20 0.024883717 
-112 -97 453 535 0.024028067 
555 273 28 40 0.024027228 
0 490 12 20 0.023910787 
650 448 45 56 0.023814896 
3 524 20 33 0.023655621 
21 556 14 22 0.023487482 
362 595 30 37 0.023249267 
516 633 32 46 0.02306688 
92 533 17 23 0.022999072 
669 260 40 53 0.022981497 
69 562 14 19 0.022866623 
410 351 44 58 0.02276858 
337 384 23 36 0.022756746 
328 349 26 33 0.022747096 
657 487 26 30 0.022270247 
133 487 26 32 0.022219166 
114 476 28 32 0.022031376 
738 573 29 42 0.021856995 
946 490 16 20 0.021840569 
389 220 15 22 0.021538746 
41 634 32 46 0.021461846 
941 491 25 32 0.021419782 
175 382 89 97 0.021365687 
870 469 34 36 0.021235539 
721 612 68 81 0.021018399 
539 228 36 48 0.021011079 
54 485 23 26 0.020894786 
401 239 40 54 0.020719074 
808 468 104 101 0.020542944 
517 661 15 22 0.020445742 
379 595 14 19 0.02021051 
28 489 13 17 0.02012561 
