21_Festival_Festival_21_373
323
78 184 36 48 0.99869627 
871 180 17 21 0.93190175 
397 201 22 27 0.8841772 
392 245 30 31 0.77063537 
683 220 13 16 0.75598544 
833 170 16 21 0.7493992 
933 166 19 23 0.74648225 
605 214 11 14 0.7428118 
747 189 9 12 0.68569225 
550 220 14 19 0.6501294 
799 187 12 14 0.60136247 
593 264 24 30 0.5796164 
857 219 20 21 0.5120837 
643 208 16 22 0.4788977 
808 243 20 28 0.43881458 
565 191 10 14 0.38800594 
604 365 14 16 0.35981473 
728 187 8 10 0.2761381 
487 188 10 12 0.22263509 
543 206 10 13 0.20945226 
843 179 14 17 0.20401911 
613 235 12 16 0.18168779 
487 254 22 30 0.17971644 
601 213 10 15 0.1690684 
397 232 33 36 0.16748558 
645 191 9 12 0.15879075 
656 290 11 14 0.14617953 
797 192 12 16 0.14521694 
630 284 13 18 0.14384156 
1003 129 17 24 0.14204808 
528 221 10 15 0.14013295 
469 264 17 22 0.13417414 
728 247 10 13 0.13297148 
788 204 11 15 0.12654023 
779 197 14 18 0.12326462 
518 179 10 13 0.11675155 
600 190 9 12 0.115485266 
532 220 12 16 0.10832885 
587 264 18 24 0.10675287 
734 184 9 11 0.10332018 
856 229 26 32 0.10255112 
622 190 12 16 0.100956775 
575 246 9 14 0.09812065 
492 244 18 20 0.09722257 
581 181 9 12 0.09309489 
590 237 9 12 0.091928616 
621 323 10 14 0.090920314 
550 188 11 14 0.09077988 
4 197 9 13 0.08671908 
533 273 16 20 0.08602434 
39 196 8 11 0.0833163 
850 180 12 16 0.081925094 
790 196 13 16 0.078835115 
672 199 8 10 0.07757221 
639 214 15 20 0.077228904 
792 188 13 15 0.07663264 
692 198 9 11 0.07633668 
710 181 9 12 0.07498762 
509 204 11 15 0.07338769 
563 307 15 20 0.07247589 
794 182 12 14 0.072125636 
557 249 14 18 0.07133014 
601 269 24 30 0.06647605 
838 148 13 16 0.065680236 
718 269 10 11 0.065468684 
644 196 11 16 0.06532492 
637 173 9 12 0.06470411 
716 212 11 14 0.062831156 
556 217 18 25 0.061215706 
541 211 12 16 0.060755413 
545 200 11 13 0.060327094 
563 226 12 17 0.06021469 
521 267 25 30 0.059403107 
367 190 11 14 0.05871533 
385 254 30 40 0.056495976 
703 260 11 15 0.05615521 
556 242 13 17 0.05566963 
382 200 22 30 0.055518337 
774 178 10 14 0.053788755 
580 245 11 14 0.0537818 
392 179 10 13 0.05370789 
2 191 8 13 0.053392053 
742 183 19 23 0.053134613 
332 147 28 32 0.052782945 
544 224 14 18 0.052288868 
610 219 11 14 0.0521487 
825 178 11 16 0.05162578 
791 228 12 17 0.05098661 
411 200 25 30 0.050704356 
438 195 13 16 0.050659455 
728 239 10 13 0.05039917 
838 166 20 24 0.049058262 
513 182 10 11 0.048346434 
480 186 13 14 0.048133492 
600 184 9 12 0.047244724 
760 198 11 13 0.047168747 
680 215 12 14 0.04661837 
862 240 25 32 0.046331264 
611 273 23 28 0.04456564 
277 591 11 12 0.044418834 
689 220 13 15 0.04432137 
676 198 9 11 0.044244558 
769 180 9 12 0.043543413 
655 275 9 12 0.043285914 
782 190 13 15 0.04318815 
579 207 14 19 0.04314502 
651 206 11 17 0.042749014 
836 154 13 16 0.04258338 
640 362 14 17 0.04158562 
597 134 10 13 0.041449446 
340 154 15 17 0.041170806 
537 267 15 18 0.040734462 
389 236 46 57 0.040715132 
548 195 11 14 0.040664777 
640 184 9 11 0.040460855 
489 322 30 42 0.040436964 
584 238 10 12 0.04029731 
603 210 19 23 0.040196154 
694 193 8 10 0.039892673 
680 269 10 14 0.03950627 
565 234 11 16 0.038684074 
780 209 13 17 0.03864663 
807 223 14 18 0.038615394 
535 91 9 11 0.038330544 
494 184 9 11 0.038274873 
832 150 11 14 0.03807909 
616 316 12 16 0.038057588 
734 206 9 12 0.037534922 
427 207 15 21 0.037510242 
606 251 13 16 0.037346117 
654 189 9 13 0.03728128 
605 288 16 19 0.0371624 
456 182 11 12 0.037007716 
661 191 10 13 0.03687817 
720 230 9 11 0.036831986 
706 182 8 11 0.036620773 
750 205 9 12 0.03650888 
576 175 11 12 0.03642374 
605 154 10 13 0.036187947 
664 196 9 12 0.035956014 
339 360 41 43 0.035945263 
574 193 12 17 0.03591118 
688 192 9 10 0.03567912 
312 148 51 53 0.03510153 
942 167 17 22 0.034411427 
599 173 9 12 0.034231868 
678 191 9 11 0.034115426 
613 252 12 16 0.033994623 
598 205 10 15 0.033852775 
705 190 8 11 0.033848844 
852 164 14 17 0.033756375 
679 243 10 15 0.033581685 
65 202 11 16 0.033334717 
822 142 9 11 0.033301715 
693 203 11 14 0.033066396 
538 204 10 14 0.03300898 
850 171 14 20 0.0328699 
669 318 9 13 0.032848686 
720 183 10 12 0.03237399 
515 256 24 29 0.032342397 
404 289 14 20 0.032221857 
623 185 10 12 0.03222175 
399 258 20 24 0.03201153 
516 188 10 13 0.03177761 
388 270 28 44 0.031741913 
556 233 15 19 0.03173962 
563 250 13 17 0.03153281 
720 188 11 12 0.031287145 
485 192 14 16 0.031276327 
662 275 10 13 0.031206414 
632 168 10 12 0.031103725 
777 203 11 14 0.031089013 
707 254 11 15 0.030917393 
582 188 11 15 0.030600704 
832 126 9 12 0.030462384 
627 193 12 16 0.03027964 
471 182 10 12 0.030203175 
598 194 11 15 0.03011286 
459 186 12 15 0.0301007 
781 180 12 13 0.030071178 
748 218 12 16 0.029948816 
370 195 13 17 0.029655164 
817 181 11 15 0.029561011 
588 73 436 507 0.02950325 
368 197 24 29 0.029503196 
668 174 12 13 0.029458813 
692 213 12 15 0.029423648 
718 277 13 16 0.029308744 
33 191 10 12 0.029195022 
669 322 12 16 0.028962245 
686 204 11 14 0.028906291 
568 518 9 11 0.02888704 
590 244 10 12 0.028542435 
505 79 7 8 0.028539948 
584 261 14 20 0.028314231 
516 249 15 20 0.028145771 
457 112 8 10 0.02782975 
672 220 13 16 0.027802141 
617 189 12 15 0.02758833 
834 250 17 22 0.027258826 
786 317 25 33 0.027170474 
820 246 26 29 0.02715893 
603 195 11 14 0.02715791 
528 252 24 29 0.027149979 
1013 652 10 14 0.027128471 
559 303 14 17 0.027109845 
591 208 13 18 0.02677789 
649 438 8 10 0.026710778 
737 175 8 11 0.026629467 
610 368 13 16 0.026613077 
694 181 9 11 0.026504287 
620 284 21 25 0.026485696 
568 524 11 12 0.026232842 
629 252 12 16 0.025929239 
331 159 17 21 0.025886409 
516 196 11 15 0.025818065 
833 184 25 30 0.025778288 
630 184 10 12 0.0257097 
503 183 9 12 0.02558646 
777 23 8 11 0.025576098 
304 176 52 71 0.025407169 
321 154 27 33 0.025406955 
671 204 9 11 0.025289992 
706 317 15 17 0.025243804 
748 195 10 13 0.025181906 
389 202 43 50 0.025142638 
622 202 12 15 0.024997817 
718 197 11 13 0.024885323 
600 544 8 10 0.02484256 
573 239 11 15 0.024788914 
642 224 15 20 0.024784926 
529 93 9 11 0.024647111 
606 243 12 15 0.02462565 
709 195 12 14 0.024426216 
671 276 10 13 0.024334377 
535 214 12 15 0.024109343 
759 173 10 13 0.02405653 
735 213 9 12 0.024038738 
845 154 13 15 0.023998484 
487 245 14 17 0.023978245 
579 195 16 20 0.023871876 
493 239 13 16 0.02381757 
515 204 12 15 0.023781475 
32 198 9 11 0.023777986 
0 29 9 16 0.023652596 
679 205 10 12 0.023579655 
720 218 10 14 0.023573626 
709 189 11 13 0.023495497 
614 349 10 13 0.023349928 
847 219 14 18 0.02332864 
6 202 9 13 0.023327157 
663 205 10 13 0.023320893 
629 381 14 16 0.02328364 
555 539 17 19 0.023169523 
793 176 10 13 0.023162585 
365 541 11 12 0.023141917 
760 180 10 12 0.023074264 
495 112 7 10 0.023025297 
650 216 12 17 0.022911131 
599 368 14 17 0.022877302 
45 198 10 11 0.022846676 
670 180 10 12 0.022834405 
317 126 13 19 0.022723775 
612 359 12 15 0.02264339 
518 102 8 11 0.02261111 
703 196 10 14 0.022587007 
961 128 8 11 0.022572815 
669 332 12 16 0.022559946 
886 476 9 11 0.022515068 
407 253 17 22 0.0224514 
759 213 12 15 0.022447199 
639 235 14 18 0.02241549 
1006 120 10 12 0.0222306 
557 186 19 23 0.022222904 
622 258 13 17 0.022217723 
646 185 10 12 0.022205256 
581 251 12 15 0.022176782 
654 196 10 14 0.022160927 
495 88 7 9 0.02201884 
457 238 42 48 0.021945221 
597 236 11 14 0.021863308 
805 236 39 47 0.021849154 
502 210 13 17 0.021751149 
535 233 12 17 0.02174876 
703 126 9 11 0.021687232 
582 198 21 27 0.021660717 
615 331 11 13 0.021654913 
605 325 12 16 0.021637931 
542 242 11 15 0.021582287 
396 175 10 13 0.02157375 
620 230 12 15 0.021568075 
878 141 13 15 0.021564376 
712 230 9 12 0.021479685 
728 184 19 22 0.021412406 
519 211 12 15 0.021255886 
783 143 8 11 0.021242166 
683 263 12 15 0.021212632 
671 440 9 10 0.021173207 
318 169 14 19 0.021160582 
504 103 8 10 0.021157196 
598 245 12 14 0.021084905 
620 244 11 15 0.021024829 
743 168 9 12 0.020930834 
543 87 9 11 0.020903647 
864 214 17 21 0.020903613 
435 199 17 24 0.020840028 
989 638 10 12 0.020698678 
591 191 10 13 0.020656511 
688 180 9 12 0.02054157 
487 103 7 9 0.020525414 
635 288 11 15 0.02046351 
485 263 15 21 0.020434996 
479 238 39 45 0.02038301 
529 71 8 10 0.020375468 
500 255 24 30 0.020256625 
823 112 7 9 0.020229336 
760 192 10 12 0.020224176 
591 172 10 12 0.020138284 
23 201 10 11 0.02013819 
843 145 11 13 0.02010765 
782 166 9 11 0.02007984 
474 250 23 33 0.020073315 
594 355 22 26 0.020054491 
