21_Festival_Festival_21_777
204
493 470 21 25 0.6060929 
572 467 20 23 0.56098783 
247 258 69 78 0.4947824 
904 521 13 17 0.4461724 
409 169 208 292 0.4409352 
671 487 14 18 0.3536551 
359 104 346 469 0.2664321 
721 259 60 61 0.222559 
685 465 16 18 0.19073857 
528 470 14 18 0.18682335 
615 603 10 13 0.15243872 
628 252 359 518 0.15023343 
520 101 339 461 0.14348386 
264 13 25 42 0.13972406 
574 501 11 14 0.11925959 
858 157 15 21 0.099684365 
473 599 9 11 0.089010105 
851 545 13 16 0.086159006 
719 260 34 36 0.085143045 
727 564 11 12 0.07609217 
688 584 8 10 0.07288174 
774 567 12 14 0.07104824 
866 443 15 18 0.070262924 
685 589 8 10 0.0666384 
462 591 9 11 0.06522548 
639 651 8 10 0.064854965 
641 601 7 9 0.06395003 
663 477 11 15 0.06378247 
861 564 13 15 0.061612125 
725 587 10 13 0.058681697 
568 472 13 18 0.058667883 
680 592 7 10 0.056181706 
457 590 8 12 0.055841904 
857 60 9 14 0.05549315 
181 268 201 295 0.05469806 
545 533 10 13 0.053416345 
720 584 11 14 0.05259191 
525 607 9 11 0.05243572 
910 375 14 17 0.051287577 
702 511 11 14 0.049524754 
477 600 10 11 0.04837512 
481 582 7 9 0.047858987 
536 591 8 10 0.045584545 
861 596 13 17 0.045466922 
510 579 10 12 0.044532552 
510 543 11 13 0.043768346 
263 50 31 49 0.042339865 
767 567 10 12 0.041971657 
263 15 44 62 0.041809913 
900 572 27 29 0.04161671 
629 589 9 11 0.041547827 
746 257 37 41 0.0413767 
632 648 8 10 0.041272357 
456 585 9 12 0.040996663 
520 607 9 11 0.040817697 
633 600 7 9 0.040601496 
654 520 12 16 0.039892215 
623 639 7 10 0.039713293 
557 670 11 14 0.038871493 
587 474 12 16 0.03875559 
489 604 8 12 0.03862201 
853 525 11 14 0.038568668 
667 477 16 19 0.038335484 
501 564 9 11 0.03831604 
1014 124 8 13 0.038225822 
664 599 6 8 0.03812826 
567 507 14 16 0.037812978 
495 604 9 12 0.03724725 
871 395 13 15 0.037190907 
690 263 52 63 0.037188336 
609 655 7 9 0.035973366 
657 598 7 8 0.03515971 
634 652 7 9 0.035153378 
577 632 9 12 0.03504928 
225 263 106 123 0.034853183 
705 630 9 13 0.034801245 
267 40 49 66 0.03426441 
628 218 48 74 0.03423903 
528 632 8 11 0.034238536 
526 566 8 11 0.034225743 
688 633 8 9 0.03390188 
534 630 10 12 0.033831425 
918 523 12 15 0.03339652 
732 582 13 15 0.033384483 
885 593 14 18 0.033180535 
502 603 10 13 0.03304924 
718 560 10 13 0.032962043 
688 577 8 10 0.032852385 
711 564 10 12 0.032724023 
704 590 8 10 0.032639775 
276 267 43 47 0.032586046 
463 507 12 16 0.03225607 
647 555 9 11 0.032028466 
985 544 9 11 0.031723298 
521 564 8 10 0.03155048 
904 529 12 15 0.03114052 
204 259 54 70 0.03112078 
630 584 8 11 0.030854985 
661 507 12 15 0.030831432 
663 317 214 313 0.030775597 
707 261 90 104 0.030683255 
581 637 8 10 0.030317338 
917 489 13 16 0.030273154 
694 522 12 16 0.030260744 
795 589 13 14 0.030188624 
510 623 8 10 0.03013451 
94 123 351 492 0.029980293 
527 582 8 10 0.029771551 
695 632 8 9 0.029711891 
610 589 8 12 0.029220693 
896 516 14 18 0.029027913 
795 268 45 56 0.028951146 
866 594 15 17 0.028894886 
647 243 32 50 0.028771019 
899 509 20 27 0.028616156 
214 354 110 163 0.028543042 
132 179 47 61 0.028212234 
718 598 9 11 0.028130678 
528 573 8 11 0.027952703 
592 657 7 9 0.027851867 
868 405 14 17 0.027839577 
266 250 85 102 0.02753346 
907 542 25 30 0.027443822 
473 582 7 10 0.02741482 
646 599 7 9 0.027077073 
510 607 9 11 0.026958415 
461 493 11 13 0.02693408 
925 524 10 14 0.02676864 
518 500 10 14 0.026767131 
121 406 11 15 0.026707867 
578 461 15 19 0.02662423 
537 624 8 10 0.026608244 
546 607 9 12 0.026493862 
657 594 6 8 0.025670173 
2 217 16 23 0.025648957 
712 589 9 11 0.025452094 
927 509 11 16 0.025393499 
575 656 7 9 0.0251567 
943 478 11 14 0.024936393 
613 655 8 10 0.024841344 
532 193 114 144 0.024799058 
503 634 10 13 0.024668733 
750 374 51 75 0.024509873 
544 553 10 14 0.024489386 
640 556 8 11 0.024484692 
879 540 24 34 0.024468394 
649 513 23 29 0.024372254 
656 647 7 9 0.024020301 
318 22 27 35 0.023951212 
626 646 7 10 0.023909029 
464 594 9 11 0.023797086 
549 666 12 16 0.023769585 
244 369 57 83 0.02376191 
689 472 15 18 0.023723971 
680 616 7 9 0.023722026 
246 484 55 67 0.023672279 
484 582 8 10 0.023304434 
494 526 9 12 0.023163557 
877 547 14 19 0.023074474 
632 622 7 9 0.022992501 
525 601 10 11 0.022974448 
767 560 10 13 0.022891248 
941 590 14 18 0.022819418 
486 575 7 10 0.022812784 
282 15 29 41 0.022600973 
940 557 12 16 0.022578074 
504 629 10 13 0.02256764 
673 592 7 9 0.022559855 
519 612 9 10 0.022555273 
708 515 10 13 0.022519957 
535 573 8 10 0.022416012 
612 598 21 26 0.02221872 
478 622 8 11 0.022201529 
549 652 9 11 0.02212188 
568 655 9 10 0.022060502 
792 297 46 56 0.022042038 
623 671 10 12 0.021939736 
925 532 11 14 0.021744313 
500 509 10 13 0.021686759 
1015 45 8 12 0.021632573 
541 493 13 17 0.021607714 
444 568 9 12 0.021584319 
859 330 15 19 0.021558719 
624 584 10 12 0.02152965 
822 591 11 12 0.021238621 
250 263 38 42 0.021235764 
685 482 13 18 0.021175884 
844 588 12 14 0.020941967 
605 532 13 17 0.020839483 
501 558 9 13 0.020767415 
608 647 8 11 0.020686995 
309 257 57 71 0.020682793 
1013 284 10 14 0.020659024 
446 549 9 12 0.020518865 
625 653 7 10 0.020481952 
712 599 9 11 0.020384211 
512 614 8 10 0.020345075 
640 533 10 14 0.020306159 
933 535 11 13 0.020303907 
643 483 11 15 0.020227943 
693 582 8 11 0.020184897 
591 482 11 15 0.020169273 
468 592 9 11 0.020123336 
614 590 9 12 0.020021303 
