21_Festival_Festival_21_526
1820
402 41 27 37 0.67567307 
468 153 24 28 0.5962683 
110 467 10 13 0.59026545 
623 630 14 17 0.5153812 
470 74 22 28 0.490231 
77 600 22 27 0.46145147 
182 308 16 19 0.452727 
727 508 10 13 0.43728653 
219 211 16 21 0.3772376 
864 565 11 14 0.3652127 
611 230 15 21 0.35005438 
552 206 27 30 0.34299138 
33 117 22 28 0.3420179 
230 521 12 17 0.33828515 
189 193 17 22 0.33239442 
742 111 25 30 0.33012545 
113 307 13 16 0.32720238 
256 244 13 17 0.3232678 
563 55 24 30 0.3183671 
10 149 19 24 0.31378108 
150 315 14 16 0.30696988 
402 407 14 18 0.30487192 
309 524 11 13 0.3007773 
881 19 36 40 0.29720736 
715 362 17 20 0.2907475 
822 632 15 19 0.28467882 
868 81 25 31 0.27806258 
66 155 18 23 0.27250403 
274 120 23 29 0.26597518 
262 681 11 16 0.2635151 
581 269 14 17 0.26293695 
241 501 13 18 0.26143214 
329 121 28 36 0.25504464 
997 527 9 11 0.25206554 
0 58 27 33 0.24515365 
645 638 14 21 0.24075459 
357 301 15 19 0.24037628 
45 506 12 15 0.2375471 
181 534 11 13 0.23496993 
951 558 10 12 0.23219243 
982 560 12 14 0.22838949 
881 539 10 13 0.22834285 
264 502 11 14 0.22736666 
458 192 19 23 0.22676198 
313 248 16 21 0.22328085 
827 570 13 17 0.22171465 
899 114 28 33 0.21553852 
607 508 9 12 0.2002927 
218 292 13 17 0.19967265 
193 373 11 14 0.19863549 
967 2 52 67 0.19701189 
684 324 16 21 0.1927087 
522 189 15 18 0.19258521 
909 583 17 22 0.19249913 
159 476 10 13 0.1913588 
1008 548 10 13 0.19102612 
249 132 24 30 0.1897858 
150 469 10 12 0.18831463 
193 217 15 20 0.18650001 
557 156 23 28 0.18546318 
764 337 17 21 0.18462892 
576 612 11 14 0.18324678 
945 511 10 13 0.1816293 
698 72 13 17 0.1815305 
585 517 9 11 0.18012635 
138 454 9 12 0.17645809 
185 314 23 27 0.1747111 
217 299 15 21 0.17455862 
929 563 10 14 0.17175089 
613 183 17 19 0.17011936 
259 274 14 20 0.16940908 
660 428 10 12 0.1679953 
501 56 26 29 0.16720642 
54 564 12 15 0.1665081 
695 563 13 17 0.16383825 
729 60 24 31 0.16351283 
722 667 15 19 0.15906392 
975 581 9 11 0.1568103 
45 523 13 17 0.15482025 
70 452 10 12 0.15273947 
884 534 9 12 0.15065588 
573 479 9 11 0.15009546 
224 659 13 17 0.14997768 
401 324 11 15 0.14985494 
712 503 8 11 0.14921789 
116 268 14 17 0.1467707 
948 534 9 12 0.14431056 
947 349 17 22 0.14326444 
179 468 12 15 0.14267668 
278 533 11 14 0.14158264 
522 207 17 21 0.14120367 
52 509 10 13 0.14026089 
801 413 14 18 0.13990566 
350 322 10 14 0.13881546 
55 490 11 14 0.13842599 
981 542 10 11 0.13824572 
307 369 11 17 0.13804658 
159 454 10 12 0.13768719 
1007 543 9 12 0.13731782 
278 364 10 13 0.13617894 
728 486 11 14 0.13577712 
202 140 23 26 0.13570039 
472 560 10 14 0.13517825 
657 487 9 12 0.13473791 
732 509 10 13 0.13420558 
147 230 13 16 0.13408938 
348 356 11 14 0.13282107 
372 249 14 17 0.13125923 
544 277 24 30 0.13114867 
585 513 7 10 0.13078324 
244 284 12 15 0.1306425 
327 7 50 61 0.13014276 
414 181 12 16 0.12980153 
30 490 12 17 0.12967473 
240 245 11 14 0.12825656 
133 483 11 15 0.12737004 
267 507 10 14 0.1260284 
683 549 11 15 0.1254244 
615 104 28 34 0.123365454 
208 426 13 17 0.12209039 
109 503 10 13 0.121772185 
696 427 9 13 0.12042422 
288 517 10 12 0.12032099 
132 387 11 16 0.120311774 
557 288 15 22 0.11972181 
130 347 15 20 0.11968862 
80 476 12 15 0.11906854 
262 372 10 14 0.118162446 
119 413 12 15 0.11727879 
227 491 11 15 0.11558314 
796 660 19 28 0.115367346 
569 478 9 12 0.114851594 
109 529 13 17 0.114642076 
590 461 9 12 0.113733836 
532 241 15 19 0.11365263 
327 439 8 11 0.11346663 
22 530 11 15 0.113281466 
984 536 8 11 0.11305003 
749 533 8 10 0.11303172 
54 426 11 16 0.112451255 
793 533 9 12 0.111663155 
812 634 14 17 0.11148906 
612 282 17 22 0.11102054 
774 265 15 17 0.11090936 
274 252 13 16 0.110859916 
26 301 17 22 0.110742934 
308 230 17 22 0.11032976 
345 199 22 27 0.10848541 
601 692 11 16 0.108429044 
926 542 9 11 0.1077562 
843 329 15 19 0.10756913 
430 549 9 11 0.10730848 
720 502 9 13 0.10653032 
115 200 17 20 0.1053876 
412 193 17 21 0.105096705 
31 4 28 32 0.105046086 
343 381 12 15 0.10504385 
864 561 9 11 0.1035925 
136 460 9 12 0.103090234 
647 289 13 18 0.102519706 
321 405 10 13 0.10251868 
149 349 15 18 0.10250205 
259 341 13 17 0.1020229 
668 525 9 12 0.10069725 
250 318 13 16 0.10064424 
405 472 9 12 0.1003413 
760 542 10 13 0.09981526 
325 501 10 15 0.09923907 
622 459 9 12 0.09920066 
1 442 10 16 0.09902968 
490 262 23 30 0.0984777 
769 534 10 12 0.0983562 
285 364 11 14 0.09818744 
911 619 12 16 0.09799082 
312 438 8 11 0.09787855 
361 293 16 19 0.09764474 
454 550 11 14 0.0973979 
45 272 16 19 0.09693448 
198 470 9 12 0.09684401 
750 527 9 12 0.096771 
390 355 10 15 0.09647669 
225 473 11 14 0.09603302 
693 361 12 17 0.096032195 
168 420 12 14 0.09592349 
140 257 14 16 0.09564303 
492 195 17 21 0.095188625 
620 522 24 31 0.09506823 
833 549 10 12 0.09469207 
80 471 10 13 0.0943562 
190 485 10 11 0.094319254 
188 494 12 15 0.09405056 
131 301 13 17 0.09357211 
62 474 10 13 0.09350196 
997 532 10 12 0.092994824 
22 632 14 20 0.092991866 
694 518 9 13 0.09263123 
814 571 10 15 0.0923774 
658 491 10 12 0.09184747 
753 675 15 20 0.09171944 
365 405 10 13 0.09146453 
304 349 13 16 0.089185305 
84 512 12 15 0.088809684 
695 492 10 13 0.08848873 
446 485 9 12 0.08821168 
223 517 13 17 0.08811049 
315 301 13 17 0.0877849 
922 542 9 12 0.08744969 
982 548 10 12 0.08737251 
603 697 13 20 0.087105006 
69 598 21 28 0.086895406 
47 556 12 15 0.08674017 
624 567 10 13 0.086709596 
889 282 23 27 0.086083144 
919 416 23 30 0.086002916 
753 335 25 29 0.0853563 
254 280 16 23 0.085315846 
566 542 10 14 0.08506825 
71 446 10 13 0.08467817 
780 321 14 18 0.08465172 
221 458 12 16 0.08427863 
265 326 10 14 0.08345036 
133 468 9 12 0.08340358 
765 539 10 13 0.08311484 
30 438 13 17 0.08305064 
282 412 12 15 0.0828764 
432 544 8 11 0.08268181 
387 347 13 16 0.0826251 
128 220 13 17 0.08215627 
670 453 10 12 0.08194417 
201 533 12 15 0.08166391 
34 443 14 18 0.08165099 
333 338 13 15 0.08136579 
417 427 10 13 0.08104148 
140 545 10 16 0.08079617 
751 569 15 18 0.08076221 
702 486 11 13 0.08049769 
196 444 10 15 0.08035627 
668 364 11 13 0.08034704 
140 484 10 13 0.0799938 
670 285 11 16 0.07953915 
655 147 12 15 0.07948121 
916 502 9 12 0.07946384 
793 527 9 12 0.07931103 
422 555 10 13 0.079263695 
1001 540 9 12 0.07878634 
631 252 10 15 0.07844829 
95 510 11 15 0.078033976 
432 411 11 14 0.07798725 
943 573 9 12 0.07758574 
709 508 9 11 0.0774501 
374 387 11 15 0.07680269 
208 460 10 14 0.07680218 
756 154 25 31 0.07664735 
607 582 11 14 0.076215826 
101 525 13 18 0.07610074 
102 502 12 14 0.07601144 
164 589 13 16 0.07574403 
568 511 9 11 0.07544092 
95 454 8 11 0.0754348 
589 468 9 12 0.07532518 
191 556 14 18 0.07511513 
181 473 11 15 0.07485693 
517 290 16 20 0.07428779 
455 355 12 15 0.0740289 
892 316 18 20 0.07400474 
431 406 10 13 0.07383486 
539 247 16 20 0.07361013 
617 417 8 11 0.07352864 
618 429 8 12 0.07350474 
351 463 8 11 0.07323891 
814 333 13 17 0.07299744 
231 315 13 17 0.07280159 
979 377 19 22 0.07274827 
576 327 12 15 0.07263454 
77 513 16 20 0.07248447 
259 650 14 17 0.07241634 
287 260 13 17 0.071992226 
882 547 10 13 0.0716054 
294 438 8 10 0.07158175 
717 524 9 12 0.07145143 
100 507 13 16 0.07136192 
188 499 15 19 0.07114233 
606 430 8 10 0.07109183 
902 567 9 12 0.07074106 
424 82 16 22 0.07070705 
482 192 16 20 0.070604265 
100 513 12 17 0.07040832 
384 341 13 16 0.06994309 
198 451 10 13 0.06991552 
166 554 11 15 0.06988388 
661 543 10 14 0.06965599 
967 590 10 14 0.06963294 
172 187 12 16 0.0695196 
622 526 14 17 0.06951188 
1006 268 15 19 0.06948418 
840 122 24 29 0.06948042 
302 313 12 18 0.069123395 
463 773 13 17 0.06909032 
368 358 11 16 0.068714686 
936 737 11 18 0.06869303 
822 619 10 13 0.0686542 
968 527 8 11 0.0682854 
808 571 9 13 0.06798861 
769 570 11 15 0.067457005 
999 567 9 12 0.067027204 
288 444 9 12 0.06700873 
222 496 14 17 0.06646518 
774 317 13 17 0.06645185 
945 539 10 12 0.06627192 
680 553 12 16 0.06626522 
431 315 14 18 0.06610576 
864 51 17 22 0.06603343 
629 536 14 17 0.065948255 
620 420 11 12 0.06578864 
241 436 9 13 0.06539147 
631 476 10 14 0.06531518 
614 478 9 12 0.06504615 
692 200 15 18 0.064807475 
194 265 13 18 0.06478993 
5 509 11 15 0.06469698 
437 312 11 16 0.06459111 
660 323 11 16 0.06456408 
159 445 10 12 0.06441368 
902 653 88 131 0.06423506 
333 278 11 14 0.06404957 
65 310 14 17 0.063816026 
229 470 10 14 0.06373615 
446 388 14 18 0.0635625 
226 635 12 17 0.06356202 
600 477 9 12 0.06333791 
969 580 9 13 0.063321866 
853 518 9 12 0.063307926 
442 471 8 10 0.06330391 
181 501 15 19 0.06328204 
4 501 11 13 0.06305894 
62 592 14 20 0.062753476 
717 554 13 17 0.062734075 
791 539 11 13 0.06269645 
238 430 10 13 0.06264586 
932 560 10 13 0.062447287 
45 515 13 16 0.06240239 
676 418 14 18 0.062381975 
908 532 9 13 0.062247064 
111 493 8 12 0.062215507 
214 459 12 16 0.062201012 
205 501 11 15 0.062188957 
175 461 12 15 0.0621802 
577 275 21 27 0.062166896 
309 315 16 20 0.06198946 
86 499 9 12 0.06197456 
86 469 10 14 0.06180263 
127 480 11 15 0.061768662 
821 603 11 15 0.06171746 
453 516 10 14 0.061670095 
799 551 9 11 0.061630998 
151 495 9 11 0.061579127 
247 538 11 13 0.061423834 
727 117 12 16 0.061347637 
487 247 23 28 0.061318748 
920 549 9 12 0.06130117 
341 186 23 30 0.06108213 
19 350 14 19 0.061013848 
22 250 15 19 0.06095116 
109 701 13 19 0.060938768 
499 140 13 20 0.060936637 
670 348 10 13 0.06084932 
751 542 9 11 0.06084702 
77 445 10 12 0.060557704 
400 437 9 12 0.06055099 
721 669 23 31 0.06028405 
514 243 16 20 0.06022108 
983 572 10 13 0.060213253 
951 291 26 33 0.059949696 
796 452 12 14 0.059803702 
413 354 12 15 0.05979988 
195 501 14 16 0.059799276 
303 329 11 16 0.05978491 
968 574 9 12 0.05945775 
648 507 10 12 0.059357364 
573 461 8 10 0.059350543 
882 556 9 13 0.05927877 
320 467 11 14 0.05912075 
591 557 10 13 0.059091154 
875 285 14 19 0.05902523 
111 485 10 13 0.058818642 
719 280 13 18 0.058574982 
985 511 8 11 0.058296107 
695 510 8 12 0.05828923 
829 577 12 16 0.058232933 
670 308 11 13 0.058199503 
453 420 11 14 0.05809271 
437 150 15 19 0.057882287 
462 453 9 13 0.057811867 
659 571 11 14 0.057753015 
569 471 8 10 0.057610128 
606 475 11 13 0.05751165 
328 444 8 10 0.057501405 
849 257 16 19 0.05739138 
902 409 15 20 0.05723196 
4 430 11 13 0.05717994 
163 593 17 22 0.057045873 
751 506 13 17 0.057028636 
724 210 11 14 0.056806415 
679 516 10 13 0.056800734 
927 525 9 11 0.056689553 
109 544 12 17 0.05622931 
445 480 9 11 0.056172363 
240 454 8 11 0.056119386 
695 500 9 12 0.05605938 
631 555 10 12 0.055890888 
679 509 9 11 0.055777695 
925 547 10 13 0.055695556 
873 539 9 12 0.05563124 
917 307 18 20 0.055601362 
911 525 8 13 0.055517063 
78 431 10 12 0.05532584 
972 526 9 11 0.055314686 
309 396 10 11 0.055292506 
872 518 9 11 0.055189915 
87 463 9 11 0.055071525 
454 361 11 14 0.054975204 
704 382 11 14 0.05485109 
688 358 12 16 0.054825693 
461 460 9 12 0.054819513 
1009 573 8 12 0.05460297 
310 305 14 19 0.054580636 
782 561 13 17 0.054481126 
423 472 11 14 0.05444929 
254 501 11 15 0.054410357 
613 500 12 15 0.05424677 
926 534 10 11 0.054190524 
271 257 13 17 0.05399689 
987 563 12 15 0.053993605 
311 446 9 11 0.05397463 
160 437 10 13 0.053950302 
142 478 11 13 0.053945497 
654 508 9 11 0.05326558 
671 342 11 14 0.053248696 
302 390 9 12 0.05313639 
652 554 12 15 0.053100735 
238 291 16 19 0.05299795 
664 359 10 13 0.052905433 
704 500 10 12 0.052755587 
644 423 10 13 0.05261621 
688 503 8 11 0.052555356 
628 572 11 14 0.052299116 
921 321 14 18 0.052248336 
265 474 11 16 0.052158013 
593 495 8 11 0.052055843 
564 605 12 15 0.052053846 
230 547 9 13 0.05204949 
243 287 20 25 0.05194067 
188 393 14 18 0.051878408 
586 462 9 11 0.051848702 
166 323 11 14 0.051810294 
854 571 12 17 0.051690582 
400 237 12 16 0.051672425 
419 422 11 13 0.05155719 
267 683 11 15 0.051554654 
248 460 9 12 0.05148325 
719 519 9 12 0.051450163 
656 469 9 11 0.051418304 
285 523 12 15 0.051350534 
0 314 9 18 0.051303323 
238 471 10 13 0.050924063 
586 280 16 21 0.050876573 
84 480 11 15 0.05079662 
97 501 9 12 0.05074312 
576 494 8 11 0.05073041 
269 391 10 13 0.050546058 
574 512 8 10 0.05050838 
661 470 8 10 0.05048806 
868 602 13 15 0.050428487 
663 180 13 18 0.050392788 
669 520 10 12 0.05028444 
197 234 14 18 0.05027077 
934 526 8 11 0.050246116 
243 432 11 13 0.05023076 
648 485 8 11 0.05019737 
847 501 8 12 0.050193332 
364 323 15 17 0.049977817 
289 439 8 10 0.04985427 
262 443 10 14 0.049701408 
343 317 12 16 0.04959531 
136 414 11 14 0.049532544 
573 549 9 12 0.04952629 
653 454 9 12 0.049237765 
598 414 9 11 0.049190838 
1015 565 8 13 0.04918235 
278 145 12 18 0.04911609 
253 534 11 14 0.04890117 
960 542 8 11 0.048888236 
690 495 8 11 0.04884871 
142 460 10 12 0.04868921 
172 549 11 14 0.048636045 
705 509 9 12 0.04863086 
301 131 11 15 0.04856387 
755 575 13 17 0.048516907 
559 507 9 12 0.04841103 
720 495 9 11 0.04840531 
939 324 15 18 0.048268538 
1013 609 10 15 0.048202597 
129 463 8 11 0.0481628 
566 536 9 12 0.04812683 
146 468 10 12 0.04809231 
323 412 11 14 0.048035704 
343 363 9 13 0.048001904 
10 351 23 32 0.04791425 
203 538 14 17 0.047849316 
391 375 9 11 0.04772407 
640 426 10 12 0.047711752 
632 547 11 15 0.047704455 
655 565 10 14 0.047657453 
429 556 10 12 0.047590077 
667 242 12 17 0.04758731 
63 436 10 14 0.04748893 
664 520 10 14 0.04747868 
573 616 14 19 0.04728613 
22 437 12 15 0.047208387 
653 324 13 17 0.047150873 
731 591 16 22 0.04713278 
208 442 11 15 0.0471012 
726 443 12 15 0.04709944 
714 328 16 19 0.046977222 
359 374 10 13 0.046761904 
670 627 15 20 0.04665944 
150 506 11 15 0.04661259 
772 579 10 14 0.04652894 
860 562 20 24 0.046492726 
192 476 10 13 0.046452787 
151 517 11 14 0.046387535 
722 369 13 15 0.04638523 
671 460 9 11 0.04637482 
934 579 11 14 0.046365563 
290 365 12 13 0.0463532 
478 603 10 14 0.04617643 
239 677 11 16 0.04615131 
685 355 20 27 0.046088837 
414 518 9 12 0.0460681 
0 516 10 16 0.04591085 
627 580 12 16 0.045874055 
849 517 9 13 0.045775063 
622 499 10 14 0.045762114 
155 318 15 19 0.045726955 
688 508 8 11 0.045708366 
81 500 10 12 0.04557729 
925 589 11 15 0.04553256 
659 613 11 15 0.04548178 
397 383 10 12 0.045458596 
727 589 12 17 0.045439884 
853 549 10 13 0.04540933 
114 168 16 20 0.045295198 
165 437 10 13 0.045225415 
864 510 9 10 0.04518568 
569 462 8 11 0.045179654 
441 218 15 19 0.045175634 
473 421 9 12 0.045113556 
191 450 11 14 0.045113042 
687 517 11 14 0.045069773 
379 292 16 21 0.04502814 
214 630 10 15 0.045026254 
689 446 10 13 0.045024265 
591 564 11 14 0.044966117 
273 364 10 14 0.04494378 
432 527 7 10 0.044886697 
672 532 9 11 0.04486143 
239 496 11 15 0.044776693 
168 460 8 11 0.04471106 
907 220 14 18 0.044571005 
526 235 15 19 0.044559885 
588 589 12 16 0.044475038 
114 468 11 14 0.04446533 
153 446 10 13 0.04443702 
717 616 16 23 0.044427294 
399 372 10 12 0.044296127 
414 381 11 14 0.0442483 
224 297 21 27 0.04421529 
336 381 11 14 0.04413453 
153 452 9 11 0.044031553 
508 273 16 21 0.04402427 
885 578 12 15 0.04399867 
874 354 14 18 0.043881524 
471 541 9 12 0.043836754 
762 149 15 20 0.043786936 
993 533 9 12 0.04371234 
305 520 11 13 0.04370561 
132 419 12 13 0.043704975 
934 499 9 13 0.043699052 
687 523 12 16 0.04359756 
600 428 9 12 0.043565925 
902 178 29 34 0.043513898 
445 400 13 18 0.04351209 
457 453 9 13 0.043380674 
70 437 10 12 0.043371014 
191 469 10 14 0.04333139 
175 538 11 13 0.043301526 
934 533 9 12 0.04322109 
89 454 8 11 0.043210324 
281 418 11 16 0.04317837 
248 497 20 25 0.043129787 
225 216 14 20 0.043095432 
9 276 15 18 0.043028336 
932 588 11 15 0.042971045 
695 549 11 14 0.042953927 
597 601 13 18 0.04289987 
969 382 26 28 0.042887405 
837 587 11 15 0.042856 
462 533 9 12 0.042738914 
561 485 8 11 0.042722978 
984 516 8 11 0.042655103 
430 484 9 11 0.04264206 
895 425 14 18 0.04256708 
0 209 14 20 0.042502824 
228 580 12 15 0.042479295 
21 442 15 19 0.04241589 
624 478 9 11 0.04234462 
707 299 13 17 0.042331412 
670 581 15 18 0.042311814 
948 638 14 19 0.042293705 
563 316 12 16 0.04225536 
178 571 16 19 0.042208467 
174 501 12 17 0.04215991 
343 402 11 15 0.042152572 
327 432 9 12 0.042142842 
632 10 13 18 0.04211176 
680 470 11 12 0.042088535 
884 443 12 15 0.042047087 
18 616 16 22 0.042043235 
183 512 12 16 0.0419911 
906 403 16 21 0.041950893 
405 595 9 12 0.041943226 
624 588 11 16 0.0419419 
744 508 11 14 0.041906122 
771 333 12 15 0.041897673 
910 425 14 18 0.04187548 
93 540 11 15 0.041803177 
715 638 13 21 0.04180269 
704 619 22 31 0.041709393 
586 299 14 18 0.04169396 
957 344 27 31 0.041669384 
849 549 9 12 0.041665394 
799 104 23 28 0.041649286 
868 559 11 13 0.041577805 
614 484 10 12 0.041506074 
593 445 7 10 0.04147145 
647 279 12 16 0.041434765 
977 557 11 14 0.04140009 
766 547 10 13 0.041398678 
53 444 11 14 0.041346937 
238 249 14 18 0.041337773 
672 501 9 12 0.041280128 
275 306 18 21 0.041154154 
734 343 12 17 0.041110255 
229 497 12 17 0.041057017 
412 405 12 14 0.041021187 
417 373 10 13 0.040984508 
655 480 8 11 0.040883012 
77 452 10 11 0.040855303 
637 570 11 14 0.040810578 
0 523 11 18 0.040796388 
710 495 8 10 0.040751066 
28 541 11 16 0.04058795 
12 475 13 16 0.04045577 
208 483 11 13 0.04043401 
646 404 11 13 0.040337563 
607 171 23 27 0.040308155 
229 462 9 12 0.040267296 
740 641 15 20 0.040260654 
448 548 11 15 0.040222876 
606 539 11 13 0.04020522 
680 542 10 12 0.04019662 
231 509 11 16 0.040182326 
175 362 11 15 0.040177435 
255 267 15 20 0.04013574 
381 383 10 13 0.040065236 
282 531 12 18 0.040054962 
574 517 9 11 0.039924152 
18 58 19 23 0.039910518 
911 555 10 13 0.039772995 
255 574 10 13 0.039685972 
599 406 8 10 0.039632086 
973 588 10 13 0.039628994 
781 361 16 18 0.039615463 
448 511 9 13 0.03958288 
765 691 14 18 0.039514266 
816 620 10 13 0.039490595 
985 619 11 16 0.039458085 
630 382 10 13 0.039439112 
660 435 10 12 0.0394116 
620 718 12 16 0.039398886 
391 381 10 12 0.03938186 
583 495 8 10 0.039347515 
370 256 17 19 0.039330073 
982 639 12 17 0.03927637 
957 596 14 17 0.0392261 
981 580 10 12 0.039190266 
846 571 13 16 0.039164275 
662 463 8 11 0.039158266 
653 364 10 14 0.039148256 
416 203 16 21 0.03911929 
541 152 22 28 0.039110586 
401 451 10 13 0.039062522 
676 292 11 14 0.03901413 
870 512 8 10 0.038978647 
310 419 9 13 0.038940374 
837 580 12 16 0.038879905 
94 233 15 18 0.03887645 
0 459 9 15 0.038862627 
205 613 12 15 0.0388318 
878 637 12 17 0.03876854 
357 232 15 18 0.038685396 
357 161 14 18 0.038618803 
414 397 11 13 0.038578093 
232 564 10 13 0.038486745 
206 477 10 13 0.038484324 
825 300 14 17 0.038454935 
673 508 10 12 0.038420223 
160 459 9 12 0.0383824 
874 323 14 18 0.038367417 
319 400 10 13 0.038326703 
967 519 8 11 0.038325638 
261 260 13 18 0.038296644 
254 493 12 15 0.03826813 
662 650 21 29 0.038249858 
803 96 16 20 0.038223248 
457 532 10 12 0.038213123 
236 207 23 26 0.03820372 
401 444 10 13 0.03817012 
806 558 9 12 0.038017675 
116 270 22 25 0.03799216 
263 513 12 16 0.03793455 
143 493 11 13 0.037934102 
854 485 10 11 0.037933838 
157 508 10 13 0.037933603 
85 530 11 15 0.037918285 
976 548 11 12 0.037896764 
353 299 14 17 0.037871446 
351 329 13 17 0.03784917 
497 251 14 17 0.03782028 
654 535 11 15 0.037815683 
558 463 9 11 0.037771057 
240 460 9 11 0.037770458 
86 591 11 15 0.037764344 
584 522 9 13 0.037762105 
447 543 10 12 0.037755676 
442 486 9 11 0.03773281 
632 389 9 11 0.037681263 
646 563 11 14 0.037650075 
593 486 8 10 0.037594847 
548 268 14 19 0.03757449 
701 395 14 17 0.037554998 
65 452 11 13 0.037549548 
862 314 16 19 0.037512835 
934 541 9 12 0.03748144 
28 530 12 16 0.03743733 
334 363 11 14 0.037400868 
237 653 12 15 0.037400264 
684 543 11 14 0.03733074 
59 511 12 14 0.037208583 
775 550 9 12 0.037166853 
366 212 14 18 0.037162624 
640 566 10 13 0.03714776 
575 444 9 11 0.037130624 
834 365 18 22 0.03703819 
152 474 10 14 0.037007064 
926 482 11 14 0.036989674 
391 362 10 13 0.036918323 
229 685 15 19 0.036813896 
452 382 12 15 0.036770564 
269 661 12 15 0.036645245 
934 571 11 14 0.03661096 
646 412 10 12 0.036582224 
230 428 12 15 0.036555544 
310 -2 86 110 0.0365555 
181 503 22 29 0.03654873 
109 270 16 19 0.03651713 
402 674 25 34 0.036481652 
989 551 10 12 0.036431193 
749 689 14 19 0.03636037 
991 582 9 11 0.036346514 
73 197 14 18 0.036319718 
584 503 8 9 0.036315773 
360 364 11 14 0.036303956 
985 370 19 23 0.036164444 
477 407 12 14 0.036131356 
83 726 49 67 0.036091816 
727 450 11 14 0.036087725 
127 435 13 15 0.03606446 
627 186 12 18 0.036060423 
752 684 22 28 0.03596637 
774 539 10 12 0.03580506 
486 323 15 19 0.03577939 
580 608 11 15 0.035667922 
456 523 9 13 0.0356658 
837 570 12 17 0.03565216 
272 526 10 13 0.03561683 
621 436 11 14 0.035601508 
417 551 9 13 0.035569318 
677 453 10 12 0.035568137 
904 549 9 14 0.03554103 
53 515 12 15 0.03554009 
168 493 10 13 0.03551657 
975 519 9 10 0.035514973 
422 405 11 14 0.03548971 
165 455 9 13 0.035489187 
687 452 10 13 0.03545661 
214 522 12 15 0.035405777 
874 346 13 17 0.03538515 
302 245 23 29 0.035368215 
27 638 14 21 0.035357803 
548 112 18 21 0.035261407 
109 472 13 16 0.035258643 
708 486 9 12 0.03523382 
515 398 14 17 0.035226136 
345 210 25 31 0.035194647 
455 305 11 15 0.03513185 
647 444 10 12 0.03500178 
640 358 11 13 0.034988303 
942 578 10 14 0.034987453 
948 630 13 17 0.034973208 
496 403 13 17 0.0349692 
249 410 12 16 0.034953736 
44 279 20 25 0.034927312 
755 511 14 17 0.034825716 
911 667 56 81 0.034805425 
86 445 10 12 0.03480076 
14 437 12 14 0.03478787 
944 550 9 12 0.034774344 
347 374 12 16 0.034773298 
311 451 8 11 0.034758095 
212 485 11 14 0.03471235 
710 533 11 14 0.034670006 
165 483 11 14 0.03463422 
79 463 10 12 0.034629103 
429 347 11 14 0.03458604 
400 365 10 12 0.034560494 
588 511 9 12 0.034544747 
1 106 22 32 0.034516357 
13 431 12 14 0.03451086 
745 540 9 12 0.034504056 
144 500 12 14 0.03448696 
610 700 14 19 0.034459505 
769 393 24 30 0.034400202 
436 526 9 12 0.034334417 
405 402 20 24 0.03430606 
165 274 15 18 0.034283064 
655 502 9 12 0.034263734 
505 743 17 21 0.034247227 
5 493 10 13 0.03421285 
647 398 9 12 0.03417567 
989 625 13 15 0.034145027 
654 389 10 12 0.03413655 
269 314 14 17 0.034084536 
129 395 11 14 0.034067042 
664 341 9 13 0.034030624 
493 206 16 21 0.034012157 
742 284 15 19 0.034001924 
807 579 10 14 0.03398175 
813 297 25 28 0.033949476 
583 563 9 13 0.033851564 
477 255 17 22 0.033847786 
185 324 26 31 0.03381966 
442 364 9 12 0.03378822 
296 386 13 16 0.033781707 
655 462 10 12 0.03375776 
624 469 9 13 0.033753622 
420 412 11 14 0.033724204 
693 445 11 13 0.033695802 
950 552 10 13 0.03369492 
158 539 12 15 0.03367755 
1001 549 10 13 0.033659853 
493 643 11 15 0.033629756 
940 216 18 22 0.033616137 
976 533 8 10 0.033561483 
933 597 13 16 0.033509295 
959 499 11 12 0.03347706 
862 588 10 14 0.03347022 
698 557 12 16 0.033451427 
278 371 11 13 0.033449348 
772 371 13 17 0.033413436 
727 434 12 16 0.033403315 
252 506 12 15 0.033321604 
836 557 11 13 0.033296093 
602 508 10 13 0.033277772 
768 527 12 13 0.033273857 
406 557 9 13 0.033222146 
291 273 16 20 0.033155914 
569 494 8 10 0.033104956 
522 192 21 26 0.033076927 
838 545 10 11 0.033031736 
599 502 9 12 0.03299264 
438 533 9 12 0.032948826 
211 415 13 15 0.03292885 
69 563 11 16 0.03287622 
268 469 10 13 0.032853667 
880 529 9 12 0.032820042 
662 696 14 20 0.032817096 
694 370 11 15 0.032809142 
741 558 12 15 0.032787398 
812 445 11 15 0.032779045 
93 589 11 14 0.03277092 
844 306 17 20 0.032769147 
94 582 10 14 0.032748725 
717 560 14 19 0.032746892 
879 492 9 13 0.03272891 
327 518 10 15 0.032719366 
713 519 9 12 0.032710984 
117 463 10 12 0.032696366 
733 581 13 17 0.032611266 
799 570 11 15 0.03259376 
631 483 9 12 0.032590225 
644 589 12 15 0.032583058 
420 388 11 15 0.03257373 
654 615 13 17 0.03257231 
811 282 17 21 0.032562565 
809 287 23 28 0.032507643 
730 577 24 32 0.032495324 
185 483 11 13 0.03248088 
637 478 10 12 0.032431394 
944 528 9 13 0.032401673 
830 369 14 17 0.03236986 
669 380 9 12 0.032251608 
973 58 46 69 0.032243047 
422 396 10 14 0.032228068 
313 321 15 19 0.032225084 
853 736 11 15 0.032211266 
10 514 13 17 0.032146044 
245 478 10 13 0.032136343 
221 578 13 18 0.032116424 
416 187 15 18 0.032113653 
623 485 9 11 0.032080293 
106 463 11 13 0.032052044 
22 538 12 16 0.03203972 
22 432 11 13 0.03199554 
142 372 11 14 0.03198226 
598 590 21 29 0.03197354 
575 482 9 12 0.031935174 
917 379 13 16 0.031918246 
851 322 14 18 0.03191643 
296 314 12 16 0.031908236 
781 652 10 15 0.031905554 
867 461 13 17 0.031828906 
747 498 26 29 0.031823613 
16 480 20 27 0.031815387 
641 500 11 14 0.031767122 
270 515 10 13 0.031761825 
575 557 9 12 0.031761542 
349 286 11 14 0.03174054 
574 535 9 11 0.031692304 
615 492 11 14 0.031683423 
801 556 9 13 0.031672604 
255 526 12 14 0.031657144 
647 454 10 12 0.031639006 
848 532 9 12 0.031627093 
939 603 13 17 0.03159247 
865 505 7 9 0.031586878 
110 585 15 18 0.031586442 
341 369 20 26 0.03157319 
920 525 9 12 0.031435277 
567 483 9 12 0.03141707 
1011 241 13 19 0.03140528 
625 62 14 17 0.03137708 
617 316 18 21 0.03132612 
74 669 27 35 0.031242339 
535 429 9 11 0.031232808 
201 461 10 13 0.031191908 
751 547 10 12 0.03118623 
1000 281 19 25 0.03117939 
917 354 14 18 0.031177802 
52 149 13 17 0.031174118 
497 398 11 14 0.031163981 
255 145 26 33 0.031161498 
703 534 10 13 0.03114531 
679 298 12 16 0.031144183 
733 477 13 17 0.031141603 
450 393 14 16 0.031082006 
941 672 29 38 0.031027956 
665 383 8 11 0.031024732 
326 381 11 13 0.03096154 
164 562 13 18 0.030930484 
856 433 13 16 0.030919816 
886 529 8 11 0.030904396 
70 490 12 16 0.03089996 
614 399 9 10 0.030897541 
593 479 8 10 0.030883651 
432 533 8 11 0.030879833 
640 483 9 12 0.03086586 
612 602 12 17 0.030860743 
580 624 13 17 0.030819729 
962 25 59 79 0.030812422 
65 227 15 18 0.0308105 
461 468 10 12 0.030803408 
309 405 10 13 0.03080272 
241 475 9 12 0.0307573 
616 276 15 18 0.030752087 
726 539 11 13 0.030708492 
440 130 15 18 0.030686745 
664 479 9 12 0.03065199 
534 52 12 16 0.030641269 
533 491 10 13 0.030567424 
303 405 11 14 0.030560471 
523 129 17 20 0.03055763 
116 503 10 13 0.030528337 
903 526 9 13 0.030524662 
143 506 13 17 0.030504534 
678 364 11 14 0.030497449 
324 400 11 14 0.030452713 
454 185 18 22 0.030449646 
254 581 10 12 0.030446518 
652 357 12 14 0.03044394 
736 676 23 32 0.030388055 
442 317 13 15 0.03035005 
816 402 14 18 0.030347733 
262 264 20 25 0.030347688 
916 480 13 16 0.030343188 
293 444 9 12 0.030310996 
636 533 11 15 0.03030647 
177 233 17 21 0.030300565 
394 284 13 19 0.030276133 
607 438 8 11 0.03026763 
4 449 11 16 0.03025805 
56 576 22 28 0.030251661 
132 565 12 14 0.030208712 
92 469 11 13 0.030198187 
104 482 12 15 0.030190103 
378 306 14 18 0.030183492 
94 562 14 17 0.030181982 
352 337 12 17 0.030178705 
305 397 9 12 0.030163463 
405 146 13 17 0.030162383 
711 249 14 18 0.030142795 
676 447 10 12 0.030121867 
763 561 21 27 0.03011041 
65 198 21 25 0.030083777 
526 471 9 12 0.030077735 
206 453 12 15 0.030077044 
612 587 12 16 0.030072354 
678 345 12 15 0.030007074 
1007 566 10 14 0.029973775 
958 548 10 13 0.029969947 
47 425 13 17 0.029965138 
617 236 12 16 0.029958902 
896 526 10 12 0.029939882 
336 423 9 12 0.029919712 
876 677 11 15 0.029890541 
160 484 10 13 0.029884176 
392 431 9 12 0.02987287 
366 370 11 15 0.0298474 
576 525 9 11 0.02983111 
693 529 11 15 0.029805768 
598 579 13 16 0.029787539 
811 135 23 28 0.029758966 
35 487 11 16 0.029744403 
438 548 10 13 0.029712915 
670 278 11 15 0.029709315 
459 550 10 13 0.029701166 
619 243 11 15 0.029700333 
59 569 14 18 0.0296827 
442 477 9 12 0.029673077 
29 235 15 17 0.029651916 
707 660 15 20 0.029622959 
921 564 10 13 0.029588142 
959 516 9 12 0.029578526 
215 451 21 27 0.029562207 
786 318 16 18 0.029555451 
748 465 15 18 0.029551504 
470 381 10 13 0.02954137 
463 589 10 12 0.029535301 
630 494 9 12 0.0295318 
632 299 11 15 0.029491857 
116 475 11 15 0.029477406 
696 396 12 15 0.029403813 
141 405 12 15 0.029396083 
350 293 13 18 0.029333498 
654 371 9 11 0.029323285 
118 484 11 15 0.029303012 
396 357 11 14 0.02928517 
630 461 10 14 0.029223753 
262 503 18 23 0.029206386 
573 543 10 13 0.029202532 
666 454 9 11 0.02920176 
125 474 19 25 0.029183803 
610 507 11 14 0.029144058 
998 597 14 17 0.02912582 
1014 555 9 13 0.02909725 
813 694 12 16 0.02908993 
921 534 10 14 0.02902904 
357 357 11 14 0.029017841 
613 573 10 13 0.029016104 
853 493 9 12 0.028999362 
946 555 9 12 0.028976776 
927 582 10 14 0.02897184 
654 578 11 15 0.028928632 
719 531 11 14 0.028890336 
319 436 9 12 0.028883215 
733 533 10 12 0.028877879 
647 518 12 15 0.028871665 
1007 534 9 13 0.028811758 
246 443 9 12 0.028792253 
470 403 11 14 0.02879202 
200 208 22 29 0.028753296 
842 116 18 22 0.028747562 
78 544 12 17 0.028746339 
83 521 13 19 0.028703578 
286 369 12 16 0.028693683 
919 556 10 12 0.028652476 
125 419 12 14 0.028640615 
670 493 9 13 0.0286358 
722 486 9 12 0.028585887 
738 378 16 20 0.02857556 
845 741 12 16 0.028569648 
305 21 57 72 0.028562745 
948 571 11 14 0.028516583 
507 226 13 18 0.02851412 
970 351 15 18 0.028512409 
151 486 10 13 0.028465003 
423 525 9 12 0.028412381 
406 205 21 28 0.028343983 
254 257 14 18 0.028340565 
235 682 15 20 0.028324867 
476 23 13 16 0.028304955 
782 549 9 13 0.028270727 
592 500 8 11 0.028267998 
414 535 9 12 0.028267067 
1010 330 14 19 0.028246133 
70 26 14 19 0.028225433 
78 527 13 17 0.028220033 
680 462 8 11 0.02821309 
299 216 26 32 0.028206265 
848 495 9 13 0.02818607 
726 477 11 15 0.028140718 
261 353 12 16 0.02813422 
470 428 11 14 0.02810129 
39 529 13 16 0.028096693 
646 580 12 15 0.028061459 
952 621 10 12 0.02803697 
569 620 12 17 0.027994463 
14 482 12 16 0.027972877 
282 209 16 20 0.027951973 
851 643 11 14 0.027900599 
647 480 8 10 0.027890326 
685 141 14 18 0.027866092 
915 469 15 17 0.027865948 
895 518 10 11 0.027861707 
125 316 14 18 0.027857693 
678 523 11 14 0.02782871 
59 485 13 18 0.027792336 
251 126 43 56 0.027788473 
784 533 9 12 0.027774133 
581 485 8 11 0.027771994 
877 518 9 11 0.027770616 
961 527 8 11 0.027743967 
708 597 13 19 0.027734743 
968 565 9 13 0.027692905 
178 187 20 24 0.027669903 
932 698 37 49 0.027647411 
918 575 10 11 0.027641874 
644 610 15 19 0.027638856 
645 357 12 15 0.02763799 
604 162 18 20 0.027636861 
966 353 29 35 0.02761603 
581 478 9 11 0.027608909 
837 323 17 22 0.027604274 
351 468 9 12 0.02758635 
336 428 10 13 0.027573267 
576 502 8 9 0.02755741 
35 227 15 18 0.027546488 
743 476 11 15 0.027528808 
956 563 10 13 0.027515842 
6 369 23 30 0.027478296 
775 556 9 13 0.027462846 
623 444 11 12 0.027456565 
333 345 13 17 0.027450003 
605 516 11 14 0.027416913 
587 626 12 15 0.027381774 
193 309 14 18 0.027379466 
628 407 10 11 0.027364958 
445 67 13 19 0.027352381 
348 289 23 29 0.027343832 
669 300 13 15 0.027325913 
721 477 10 12 0.027325569 
847 524 10 12 0.027320677 
699 364 11 14 0.02730027 
90 697 49 62 0.02728669 
577 562 10 13 0.027275538 
916 584 20 26 0.027274424 
86 539 13 18 0.027273364 
915 420 14 20 0.02724316 
965 542 9 11 0.027236696 
283 234 12 15 0.027220322 
773 602 12 17 0.02717786 
911 520 8 11 0.027174594 
408 539 9 13 0.027148291 
125 213 13 17 0.027140437 
867 617 16 19 0.02713063 
950 503 10 12 0.027115632 
668 549 10 13 0.027112182 
50 338 15 18 0.027072782 
617 454 11 14 0.02705203 
686 346 10 14 0.027050555 
465 435 11 14 0.027038578 
246 548 13 17 0.02702862 
263 394 12 16 0.02702818 
239 445 10 12 0.027016506 
685 387 12 15 0.026992608 
400 131 248 239 0.026979934 
75 523 22 29 0.026975507 
117 491 10 13 0.026954519 
712 357 13 17 0.026927227 
85 436 10 13 0.026878746 
839 805 12 15 0.0268621 
663 510 8 10 0.026860839 
159 492 9 12 0.026858646 
1003 411 15 19 0.026850795 
351 329 22 28 0.026848417 
960 580 10 13 0.02681697 
944 504 9 12 0.026794912 
917 449 14 18 0.026787162 
640 445 9 12 0.026760219 
815 612 14 17 0.026724441 
591 594 12 17 0.026718842 
36 426 15 18 0.026711632 
187 303 14 18 0.026706902 
155 609 16 20 0.026698451 
869 683 13 19 0.026693724 
65 445 10 13 0.026682999 
627 600 14 20 0.026670747 
180 548 12 15 0.026663734 
678 533 10 12 0.026610876 
457 468 9 12 0.026577579 
337 398 11 14 0.026554877 
319 174 13 18 0.026547283 
692 576 15 19 0.026546668 
599 523 11 14 0.026536612 
229 586 13 15 0.026483595 
664 284 13 18 0.026467089 
837 725 39 55 0.026466124 
374 423 11 13 0.026457984 
662 501 8 11 0.026455613 
616 187 22 26 0.026447168 
722 506 11 13 0.026446369 
306 437 8 11 0.026437648 
-3 665 21 38 0.026428256 
276 274 15 19 0.026424795 
465 402 11 13 0.026420448 
410 516 9 14 0.026416332 
333 372 12 15 0.026414309 
607 444 11 14 0.026413247 
686 462 8 10 0.02638874 
874 644 22 32 0.02637887 
255 391 10 14 0.02637137 
432 374 10 13 0.026371362 
909 565 11 13 0.026365513 
637 390 9 11 0.026356362 
314 524 12 15 0.026350096 
744 549 9 12 0.026346946 
392 438 8 12 0.02630707 
844 453 14 16 0.026306098 
247 307 11 14 0.0262973 
835 420 14 19 0.026282882 
121 288 23 25 0.02627729 
654 548 12 15 0.02627016 
964 668 13 19 0.026260894 
612 376 12 16 0.026258992 
406 346 21 27 0.026226904 
438 556 10 12 0.026187282 
107 65 48 63 0.026169356 
609 557 10 13 0.026159128 
215 491 13 16 0.02613711 
135 448 11 14 0.026105091 
121 453 10 12 0.026091684 
253 460 10 12 0.026083875 
941 629 13 17 0.026079979 
734 469 11 13 0.026072154 
960 589 12 16 0.026071513 
348 396 12 15 0.026054922 
690 274 13 16 0.026041558 
847 639 11 15 0.026004205 
227 505 19 26 0.025996 
540 273 18 23 0.02599332 
449 411 11 15 0.025959978 
677 437 10 11 0.025951104 
731 429 12 17 0.025949683 
277 205 15 18 0.025946418 
239 668 13 17 0.025938723 
727 421 11 15 0.025934791 
568 503 8 10 0.02593037 
595 565 12 15 0.025910508 
350 413 9 12 0.02590314 
852 316 14 17 0.025874384 
485 136 24 28 0.025858656 
872 550 9 11 0.025834491 
636 309 13 17 0.02583159 
667 228 12 16 0.02582953 
410 268 15 20 0.025827251 
628 194 14 20 0.025801549 
604 324 13 16 0.025785558 
341 358 21 26 0.025778383 
23 490 13 20 0.025773818 
827 620 13 14 0.025773643 
903 539 10 13 0.025764963 
159 580 13 16 0.02575855 
312 432 9 13 0.025753908 
798 318 12 15 0.025746515 
270 464 9 11 0.025732921 
929 681 25 34 0.025718607 
773 565 11 16 0.025709337 
195 198 22 30 0.025689187 
435 135 21 28 0.025674125 
645 322 15 18 0.02566562 
640 494 10 13 0.025656309 
700 517 10 13 0.02565308 
739 689 15 21 0.025645701 
508 388 12 14 0.02562118 
920 519 9 12 0.025598971 
105 316 22 27 0.025596626 
349 157 13 19 0.025568185 
594 188 15 20 0.025557261 
175 459 21 25 0.02554492 
343 460 10 12 0.025528802 
368 381 11 15 0.025520386 
514 257 15 20 0.025510259 
653 350 12 14 0.025459424 
70 470 10 13 0.025445746 
394 258 13 18 0.025429588 
721 594 24 31 0.02542811 
442 492 9 12 0.025416119 
242 247 19 24 0.025407536 
678 357 11 14 0.025388265 
645 317 12 15 0.025384601 
93 460 10 12 0.025381876 
863 552 9 11 0.025342124 
737 312 13 18 0.025338253 
279 330 15 17 0.025332423 
234 321 13 17 0.025325343 
951 614 11 15 0.025280774 
831 585 13 17 0.025273535 
743 690 26 32 0.025243292 
949 529 9 12 0.025239408 
238 556 12 15 0.025239388 
185 464 19 24 0.025213532 
177 529 10 12 0.02519303 
788 407 22 29 0.025185235 
649 549 11 15 0.025178537 
709 634 15 22 0.025164058 
278 388 10 13 0.025161013 
464 573 9 11 0.025152778 
804 187 16 21 0.025135292 
281 383 8 11 0.025121095 
243 356 12 16 0.02511407 
216 346 12 16 0.025091508 
45 641 24 35 0.025077974 
177 317 12 15 0.025051083 
877 643 14 20 0.02504874 
838 478 8 11 0.025046034 
115 527 11 16 0.02501626 
231 444 11 14 0.02500618 
720 541 9 11 0.025004325 
917 737 12 15 0.0249733 
727 532 11 15 0.024966793 
437 55 248 235 0.02495959 
613 247 16 20 0.024956403 
736 371 13 17 0.02494025 
792 546 11 14 0.024921209 
757 593 14 18 0.024893774 
911 540 9 12 0.024874657 
765 490 12 15 0.024871547 
977 235 26 30 0.02486673 
88 605 16 22 0.024856057 
960 533 9 11 0.024812516 
198 527 12 16 0.0248094 
676 330 22 27 0.024782125 
172 415 12 14 0.024769867 
326 167 438 528 0.024754671 
25 483 20 27 0.024748266 
895 657 51 74 0.024731077 
96 696 28 36 0.024713766 
955 635 13 18 0.024626343 
134 449 19 24 0.024614524 
665 349 10 13 0.024597598 
284 118 22 31 0.024591632 
623 356 11 14 0.024586704 
253 557 11 14 0.024578992 
190 551 12 16 0.024570739 
439 541 9 12 0.024557943 
409 355 11 15 0.024540983 
927 509 9 12 0.024521831 
253 483 11 14 0.024500584 
968 556 10 14 0.02449987 
787 387 14 17 0.024490027 
582 543 8 11 0.024489779 
432 419 10 13 0.024481134 
545 245 15 18 0.02443854 
349 387 12 16 0.024435489 
381 415 9 13 0.024397142 
358 462 9 11 0.024371702 
383 437 8 11 0.024329545 
766 377 13 16 0.024319893 
804 550 10 13 0.02431536 
360 453 9 11 0.024288706 
670 556 11 13 0.024280485 
860 578 12 17 0.024232019 
765 596 12 15 0.024211818 
462 420 9 12 0.024209661 
1012 543 9 14 0.02420484 
130 332 15 18 0.024191063 
-28 135 232 221 0.024174962 
124 404 13 17 0.024136644 
662 389 9 12 0.024115294 
321 507 9 13 0.024114273 
594 283 13 17 0.024111222 
597 460 9 13 0.02409838 
637 460 11 13 0.024094833 
880 287 24 29 0.02408449 
149 595 15 21 0.024081426 
894 531 11 14 0.024027476 
708 306 14 16 0.024007656 
596 327 15 18 0.024006974 
518 138 14 19 0.024000887 
671 542 9 12 0.02399069 
57 421 13 16 0.023963384 
424 533 9 12 0.023960503 
894 588 11 15 0.023938837 
326 418 10 13 0.023932422 
407 202 14 20 0.0239305 
341 350 12 16 0.023929283 
872 526 9 12 0.023888879 
744 556 24 28 0.023876011 
645 595 13 18 0.023860548 
1014 595 10 17 0.023844896 
648 470 8 11 0.023838956 
83 393 14 19 0.023834007 
20 483 12 17 0.023810431 
551 741 12 16 0.023792317 
498 259 15 19 0.023780404 
735 549 9 12 0.023777787 
261 162 16 17 0.023765659 
656 422 12 15 0.023760185 
980 554 20 24 0.023749668 
141 448 11 13 0.023715794 
917 506 10 13 0.023711141 
292 371 13 16 0.023706252 
758 473 13 17 0.02369349 
53 417 13 16 0.023690222 
0 66 16 20 0.023687158 
673 204 13 16 0.02367208 
424 482 10 12 0.023654437 
702 480 12 14 0.023649944 
628 444 10 13 0.023626821 
639 557 9 12 0.023624241 
250 218 14 18 0.02357583 
15 490 12 16 0.023575572 
869 589 10 13 0.023571571 
181 565 23 28 0.02357036 
90 595 14 18 0.023542628 
228 654 14 18 0.023531599 
552 501 9 12 0.023525123 
991 540 9 12 0.023508396 
751 669 15 18 0.023500653 
79 493 11 14 0.023482911 
66 478 21 27 0.02347469 
-1 539 9 17 0.023449989 
850 477 8 12 0.023445794 
319 389 9 11 0.023439648 
301 516 21 25 0.023431443 
971 593 12 17 0.023427509 
563 585 14 18 0.023418307 
843 365 15 19 0.023408 
897 418 21 26 0.023404632 
462 604 9 12 0.023396486 
313 103 43 59 0.023395507 
371 265 15 17 0.023357872 
357 319 24 29 0.023356998 
573 472 9 11 0.023343673 
591 569 13 16 0.023324518 
236 565 11 15 0.023318732 
462 155 16 21 0.023301404 
139 306 19 25 0.023295216 
867 454 12 15 0.023281686 
237 572 10 14 0.023277365 
375 393 12 14 0.023275962 
534 485 10 13 0.023273405 
630 356 10 13 0.02327142 
327 371 11 15 0.02325666 
766 609 14 18 0.023240421 
116 282 16 20 0.02321168 
624 382 9 12 0.023178142 
821 547 11 13 0.02317078 
414 540 9 12 0.023162855 
461 621 12 17 0.023156753 
622 583 19 27 0.023125838 
215 205 15 20 0.023121903 
285 430 9 12 0.02312034 
652 706 12 17 0.023104725 
544 342 9 12 0.023102129 
714 589 23 29 0.023098966 
58 429 13 16 0.023093889 
558 365 10 13 0.023089267 
118 636 16 20 0.023073511 
270 371 10 14 0.023070952 
301 362 19 27 0.02306614 
909 396 16 21 0.023058424 
863 597 12 15 0.023053255 
471 707 66 69 0.023050388 
206 526 13 16 0.023043908 
407 383 10 13 0.023042826 
92 475 13 17 0.023035767 
647 147 12 17 0.02303015 
263 130 23 31 0.02301935 
712 539 9 12 0.023014277 
647 494 9 11 0.022991134 
300 300 13 17 0.022968177 
630 42 12 16 0.022967577 
860 681 14 21 0.022937994 
724 658 23 30 0.022936016 
597 495 9 11 0.022932125 
197 547 14 18 0.022918206 
824 354 13 15 0.02288953 
911 574 10 13 0.022887044 
608 398 9 12 0.022885328 
788 419 16 20 0.022882171 
917 496 10 13 0.022873918 
-4 200 21 33 0.022869159 
275 403 20 23 0.022863267 
763 685 13 17 0.022845637 
989 572 9 12 0.022837011 
853 637 12 15 0.02282762 
962 391 27 32 0.022815203 
352 421 9 11 0.022807507 
726 677 23 35 0.02279996 
71 460 10 12 0.022797314 
71 515 13 16 0.022796517 
416 362 11 14 0.022795592 
230 572 12 17 0.022774538 
723 612 15 21 0.022745516 
912 508 9 12 0.022737097 
803 233 15 19 0.02273144 
726 348 13 16 0.022721918 
688 580 12 17 0.022702914 
783 542 9 12 0.022698792 
263 318 11 16 0.022678757 
44 444 12 15 0.022671878 
257 444 10 13 0.022663161 
134 267 14 18 0.022638036 
458 216 16 20 0.022625942 
614 565 9 13 0.022622889 
806 627 14 17 0.022618042 
855 585 12 16 0.022615409 
694 350 10 13 0.022607854 
581 291 23 31 0.02260523 
567 610 12 15 0.022591349 
100 454 11 12 0.022582242 
381 267 11 15 0.02257425 
56 157 24 28 0.022530172 
463 615 10 14 0.02252232 
243 493 12 16 0.022522109 
809 632 23 26 0.022515023 
350 222 24 30 0.022512201 
908 406 22 30 0.02250483 
596 571 13 16 0.022493577 
506 158 242 229 0.02248376 
1009 578 10 13 0.0224681 
156 518 11 13 0.022457797 
598 437 9 12 0.022440812 
550 343 9 12 0.022421563 
530 145 23 27 0.022418898 
392 471 9 11 0.02241156 
773 524 13 15 0.022404399 
136 343 19 26 0.022391876 
405 365 9 12 0.022385146 
614 471 10 13 0.022352388 
19 477 12 14 0.022335356 
904 587 13 17 0.02233088 
194 513 15 19 0.022319006 
395 349 12 15 0.02231486 
325 8 31 39 0.022308607 
461 554 10 14 0.02230732 
447 242 16 19 0.022304881 
316 530 13 16 0.022296712 
965 599 12 18 0.022274092 
738 404 13 16 0.022264345 
760 534 10 13 0.02226225 
919 327 14 19 0.022253715 
211 531 14 16 0.02225095 
638 589 12 16 0.022247981 
270 228 14 18 0.022240361 
432 432 11 14 0.02223952 
847 556 10 12 0.022229329 
344 410 10 13 0.02222849 
482 315 23 31 0.02222582 
670 286 20 26 0.022225183 
670 372 10 13 0.022224322 
640 292 12 17 0.022212364 
695 382 10 13 0.022209134 
712 573 23 29 0.022195974 
704 66 17 22 0.022183457 
815 541 12 15 0.02218304 
606 523 10 12 0.022177909 
424 322 13 17 0.022158962 
341 454 10 12 0.02214175 
280 510 9 13 0.022124294 
623 400 8 9 0.022109069 
556 274 25 34 0.022069547 
380 422 9 11 0.022045184 
478 143 26 31 0.022037795 
290 250 15 19 0.02203746 
327 364 12 15 0.022037046 
99 227 14 18 0.022030849 
867 625 15 19 0.022027174 
101 162 13 20 0.022021415 
234 517 13 18 0.022014517 
375 316 13 17 0.022012621 
328 453 8 10 0.022000272 
72 147 15 21 0.022000145 
787 241 24 28 0.021988407 
823 587 11 14 0.021978863 
501 615 29 34 0.02197679 
669 323 12 15 0.021971932 
929 570 10 14 0.021963708 
471 548 10 12 0.021957029 
260 673 19 26 0.021955216 
605 596 22 28 0.021940567 
337 455 8 11 0.02193991 
595 549 13 15 0.021925895 
339 339 11 15 0.021871943 
636 470 12 15 0.021858986 
559 611 10 13 0.021854505 
209 435 13 17 0.02184817 
179 427 14 18 0.02183712 
400 475 10 14 0.021830859 
551 486 8 11 0.021808082 
639 636 13 20 0.021801999 
173 368 13 16 0.021799117 
589 396 12 14 0.021776546 
861 55 26 35 0.021769807 
1013 436 10 15 0.021765003 
662 397 9 12 0.021764018 
632 428 10 12 0.021753479 
935 548 10 12 0.02171956 
103 499 19 24 0.021691736 
367 67 12 16 0.021672532 
591 598 22 29 0.021668734 
710 454 13 15 0.021666355 
414 53 21 24 0.021664266 
247 574 10 13 0.02165898 
391 462 8 10 0.02165761 
664 372 9 11 0.021636821 
712 571 12 16 0.02162112 
879 573 12 17 0.021619556 
861 517 10 12 0.021615282 
502 739 28 34 0.02161486 
927 494 11 15 0.02158653 
715 662 17 21 0.021582402 
12 563 15 20 0.021579579 
607 574 11 14 0.02154726 
621 250 11 16 0.021544604 
696 437 10 12 0.02154379 
207 493 13 16 0.021516683 
824 578 12 15 0.02148655 
21 556 14 17 0.021465302 
51 555 22 26 0.021449817 
597 444 10 12 0.02144378 
612 296 16 19 0.02143729 
167 540 11 15 0.021422094 
773 518 23 29 0.021386465 
223 509 13 17 0.021380821 
1013 533 9 11 0.021377869 
95 532 12 16 0.021372396 
988 668 14 17 0.021367075 
248 582 10 12 0.021363413 
797 502 9 12 0.021348748 
32 430 11 16 0.021342274 
321 382 9 12 0.021324199 
277 322 16 19 0.021323627 
268 445 10 12 0.021310974 
496 269 27 33 0.021301746 
220 482 21 25 0.021296801 
351 194 15 20 0.02127999 
76 467 20 26 0.021264732 
788 526 20 26 0.02126372 
389 334 21 27 0.02126254 
598 484 9 12 0.021242348 
213 498 12 16 0.021241805 
582 558 10 12 0.021227282 
848 542 8 13 0.021226944 
625 558 9 13 0.021197172 
691 584 15 20 0.021193929 
213 443 11 14 0.021181459 
292 210 14 19 0.021179326 
420 364 11 14 0.021164505 
262 564 11 14 0.021147804 
839 494 10 15 0.021145849 
853 532 10 13 0.021140046 
681 550 19 24 0.021122433 
981 596 12 15 0.021119922 
280 445 9 11 0.021118125 
1014 571 8 13 0.021081993 
165 517 10 13 0.02107685 
14 522 13 17 0.02107272 
618 229 11 15 0.021060584 
422 521 9 11 0.021050485 
303 410 12 16 0.021049717 
774 509 13 15 0.021023493 
55 452 10 13 0.021013638 
280 438 9 12 0.020991288 
670 390 9 11 0.020971453 
768 558 10 12 0.020967055 
828 581 21 26 0.020966021 
447 535 9 12 0.020964427 
14 526 20 26 0.020957531 
680 622 22 28 0.020945678 
1011 322 14 19 0.020925548 
46 475 12 14 0.020925153 
786 559 14 16 0.02090819 
702 374 10 13 0.02089192 
189 462 11 13 0.020886077 
381 311 21 28 0.020864695 
685 475 9 13 0.020863613 
469 251 14 20 0.020860268 
699 382 22 25 0.02085159 
605 638 11 14 0.020824617 
342 435 12 15 0.020821737 
692 620 22 30 0.020820308 
26 561 14 18 0.020819923 
299 283 13 16 0.020816 
438 168 15 19 0.02080464 
932 676 12 20 0.020803008 
603 344 15 18 0.02080207 
453 323 11 14 0.020775938 
541 669 13 17 0.020766685 
145 251 15 19 0.020754443 
304 452 10 12 0.020752119 
169 534 10 13 0.020743936 
273 262 21 26 0.020736687 
890 518 8 10 0.02073662 
481 231 23 30 0.02073556 
886 730 10 15 0.0207344 
96 522 11 17 0.020724792 
279 454 9 11 0.020720186 
88 580 12 15 0.020718021 
567 525 10 13 0.02071578 
731 117 24 28 0.020711081 
641 438 9 12 0.020708641 
70 521 14 19 0.020704255 
528 202 16 22 0.020703254 
662 553 11 14 0.020702522 
648 372 9 12 0.020685488 
983 216 26 29 0.02066709 
476 59 16 19 0.020651601 
281 517 9 12 0.020650119 
886 274 15 18 0.020650035 
107 218 17 20 0.02064978 
716 460 10 13 0.02062239 
597 398 10 12 0.020617614 
681 388 11 13 0.020607715 
991 519 8 9 0.02059964 
606 424 7 11 0.020599533 
62 540 12 15 0.020596892 
428 329 14 18 0.02056699 
655 524 11 14 0.020553978 
661 582 22 27 0.020549847 
648 627 21 27 0.020520905 
913 624 15 19 0.020504188 
287 361 20 25 0.02049843 
83 349 14 18 0.020491846 
957 511 10 11 0.020491168 
167 471 10 13 0.020486113 
246 468 10 13 0.020484822 
221 623 21 31 0.02047586 
292 512 11 12 0.020469716 
654 444 9 12 0.020460868 
677 305 12 15 0.020460552 
749 560 12 14 0.020453278 
600 421 9 13 0.0204505 
967 548 10 13 0.020445663 
863 613 12 17 0.020443048 
338 461 8 12 0.020435512 
106 461 18 22 0.020406812 
731 420 13 15 0.020392401 
331 368 21 26 0.020385468 
378 246 13 17 0.02038461 
578 686 16 19 0.020383516 
295 432 9 11 0.020380085 
97 598 23 30 0.020369146 
896 739 10 13 0.02035568 
157 534 11 14 0.020348134 
785 650 22 31 0.020331321 
647 391 10 13 0.020319492 
214 367 11 15 0.020304808 
231 453 9 13 0.020276325 
620 341 13 16 0.020266153 
869 578 11 16 0.020252135 
662 404 10 13 0.02023542 
799 407 12 18 0.020201117 
733 514 10 13 0.020197166 
470 582 11 14 0.020189632 
166 426 13 18 0.020179925 
447 415 21 25 0.020176228 
726 484 19 25 0.02015496 
615 114 14 17 0.020143362 
654 337 13 16 0.020139335 
647 537 12 16 0.020137887 
240 539 11 14 0.0201367 
669 442 21 26 0.020125741 
520 243 23 27 0.020123268 
121 445 10 13 0.020118188 
342 445 11 13 0.020111255 
542 482 10 14 0.020101164 
552 470 8 11 0.020088667 
607 584 21 26 0.020087583 
30 580 13 18 0.020079913 
878 511 9 11 0.020078586 
304 340 11 14 0.02007084 
770 342 15 21 0.02006243 
685 185 24 30 0.020055221 
792 459 11 14 0.02003418 
302 378 11 15 0.02002339 
190 184 13 17 0.020011477 
703 293 14 18 0.020009505 
245 455 11 13 0.020003296 
