21_Festival_Festival_21_22
2003
207 491 32 46 0.9922356 
979 405 13 17 0.8338704 
916 398 13 17 0.81705076 
749 458 21 29 0.78068656 
153 277 10 14 0.7327488 
233 457 23 27 0.6328843 
686 329 12 16 0.6071913 
293 361 13 16 0.5638346 
268 372 12 14 0.56071126 
660 327 11 14 0.53684753 
823 343 11 13 0.50645155 
942 440 14 18 0.50603527 
351 378 13 17 0.49410135 
315 493 20 28 0.4797341 
556 369 11 15 0.47192767 
645 332 9 11 0.4677022 
751 308 11 13 0.458074 
566 346 13 16 0.44167277 
720 348 11 14 0.39823934 
788 359 14 19 0.39595613 
319 528 47 45 0.39369816 
117 264 9 13 0.39227822 
944 500 16 22 0.37610942 
346 441 20 30 0.37536034 
752 352 8 10 0.37366298 
694 362 10 14 0.35869086 
336 341 9 12 0.3559991 
737 292 8 11 0.35004672 
340 439 15 24 0.34613416 
867 426 10 15 0.34394997 
954 302 8 11 0.34356627 
934 419 16 18 0.33494025 
358 403 12 17 0.3338825 
253 372 9 12 0.333328 
291 411 13 16 0.33288613 
140 310 11 14 0.3233615 
813 296 9 12 0.32264346 
876 382 11 15 0.31534484 
886 461 12 17 0.31271255 
525 351 10 12 0.31261766 
39 302 9 12 0.30872694 
849 311 8 11 0.3076471 
502 326 9 13 0.30413225 
733 334 9 12 0.30236915 
853 310 9 12 0.3021169 
319 360 11 12 0.30096006 
979 436 14 20 0.29956043 
763 520 26 36 0.2972532 
942 331 10 13 0.2923228 
669 354 12 15 0.28786057 
871 381 12 15 0.28380498 
581 430 12 17 0.28336844 
375 427 22 31 0.28313866 
114 268 9 12 0.28302717 
32 317 11 15 0.26017237 
878 287 11 14 0.26017034 
853 301 9 12 0.25978357 
742 291 9 11 0.25977677 
9 324 10 14 0.25732833 
684 396 13 17 0.2549846 
355 452 15 23 0.248799 
167 299 10 12 0.24608876 
973 300 10 12 0.24477519 
383 326 10 13 0.24408297 
277 427 13 19 0.23932707 
255 325 10 14 0.23454902 
411 348 10 13 0.23291154 
751 288 8 11 0.23263337 
341 333 10 13 0.23237538 
687 338 11 15 0.23062286 
67 283 12 14 0.22574641 
929 303 8 10 0.22547893 
850 331 14 18 0.22219142 
647 343 11 15 0.22119898 
902 335 9 11 0.2204263 
709 363 12 15 0.21997851 
445 311 9 11 0.21937904 
810 471 21 26 0.21803226 
652 406 13 16 0.2164204 
601 299 8 10 0.21502562 
593 356 11 14 0.21467595 
550 302 8 11 0.21407653 
849 278 8 11 0.21401225 
899 491 24 32 0.21329826 
1 360 15 19 0.21290955 
616 350 9 11 0.21207765 
988 342 10 12 0.21184702 
723 475 17 22 0.21179752 
895 301 9 11 0.21150969 
895 318 8 10 0.21013331 
758 351 10 12 0.20884159 
789 324 10 12 0.20719509 
765 349 9 12 0.20617977 
910 420 12 15 0.2043233 
744 310 9 11 0.20431553 
939 385 15 18 0.20346627 
608 338 10 12 0.20322779 
568 262 9 10 0.20226216 
887 374 10 13 0.20069139 
712 317 8 11 0.20030493 
134 263 8 10 0.19928932 
918 278 8 10 0.19664688 
651 348 11 13 0.19412339 
327 449 15 21 0.19410254 
334 319 8 11 0.19402668 
308 310 10 14 0.19219095 
727 389 12 17 0.19147018 
510 371 11 14 0.19110233 
718 318 9 11 0.18978159 
186 352 13 17 0.18902683 
53 283 10 12 0.1887765 
502 279 8 10 0.18685797 
654 309 9 11 0.18668795 
96 276 11 14 0.18653423 
743 412 12 15 0.18588854 
0 391 11 21 0.18410212 
991 318 8 11 0.18327211 
809 299 9 12 0.18321623 
559 296 9 11 0.18095292 
323 362 11 14 0.18089682 
376 398 12 15 0.18080443 
703 302 9 11 0.18078174 
493 371 10 13 0.17925094 
902 299 9 11 0.17920977 
527 277 10 13 0.17821091 
329 324 9 11 0.17747718 
118 290 10 13 0.17596838 
789 341 12 14 0.1756193 
934 303 7 10 0.17486463 
782 285 8 10 0.17320581 
536 342 10 12 0.17119187 
864 288 8 10 0.17054845 
321 292 9 12 0.1699259 
673 316 8 11 0.16976039 
136 285 11 14 0.16963029 
537 319 9 12 0.16899486 
510 343 9 12 0.16786087 
495 303 9 11 0.16722791 
707 386 13 15 0.16700932 
664 350 11 14 0.16671184 
915 422 11 13 0.16668138 
181 276 9 13 0.16591425 
1013 350 9 13 0.16407715 
614 403 12 16 0.16345437 
795 361 13 17 0.16243201 
895 366 12 15 0.16195218 
845 388 9 13 0.16185652 
303 349 9 12 0.16114578 
438 304 9 12 0.16111031 
969 302 9 12 0.1605824 
424 474 24 31 0.1594773 
380 332 10 13 0.15922318 
701 382 13 16 0.1584066 
615 341 9 12 0.15783651 
986 441 13 18 0.15763146 
344 294 8 11 0.15639791 
732 365 13 16 0.15619372 
777 283 9 11 0.15618655 
288 324 10 12 0.15484487 
1 269 11 15 0.15479456 
711 339 11 13 0.15451266 
923 397 12 17 0.15432616 
427 502 23 29 0.15346098 
567 256 9 11 0.15326826 
288 335 9 12 0.15278356 
300 358 10 13 0.15173367 
806 343 9 12 0.15167098 
496 326 11 13 0.15052702 
0 291 11 16 0.150461 
22 279 9 10 0.15022357 
911 427 12 14 0.15014887 
697 303 7 10 0.15012686 
641 327 10 12 0.15002269 
494 309 9 10 0.14930962 
441 308 9 12 0.14898695 
517 403 11 15 0.14870963 
798 342 10 13 0.14804602 
573 422 10 15 0.14802481 
481 301 8 10 0.1478285 
496 428 13 16 0.14658093 
765 343 8 11 0.14636433 
144 278 8 11 0.14506361 
408 520 41 59 0.14393401 
568 269 8 11 0.14389461 
893 371 11 14 0.1436595 
265 307 11 14 0.14365539 
269 354 11 13 0.14245415 
289 364 12 15 0.14149895 
199 274 11 15 0.14030215 
428 285 9 11 0.13942413 
378 310 9 11 0.13841708 
36 308 11 15 0.13814175 
583 294 9 11 0.13769664 
968 319 8 11 0.13553746 
325 293 9 12 0.13495404 
953 320 7 9 0.13456434 
793 271 9 11 0.13430451 
798 272 9 11 0.13428296 
749 315 10 13 0.13419048 
424 287 9 12 0.13376711 
341 311 8 10 0.1335763 
253 262 11 13 0.13286057 
504 371 10 14 0.1321181 
717 343 11 14 0.13173541 
392 350 9 13 0.13167311 
848 296 8 10 0.1314783 
559 277 8 11 0.13067709 
872 318 8 11 0.13043943 
623 334 8 10 0.12969482 
797 288 8 10 0.12946944 
900 390 12 15 0.12922116 
846 316 9 12 0.12857343 
961 326 8 11 0.12817763 
688 319 10 11 0.12780231 
14 317 10 12 0.12748751 
663 286 9 11 0.1269494 
675 357 11 14 0.12682131 
735 329 8 10 0.12610425 
151 273 18 22 0.12602788 
572 312 10 11 0.12479015 
41 277 10 12 0.12474189 
46 279 9 11 0.12448068 
569 312 8 10 0.12433739 
1010 482 13 17 0.12375341 
799 319 9 12 0.1235704 
263 366 13 15 0.12273503 
93 271 11 13 0.12247655 
637 448 13 18 0.12229054 
304 289 8 10 0.1222424 
976 342 8 11 0.121964164 
72 248 8 11 0.12177375 
765 295 9 11 0.1214242 
901 278 8 11 0.12141242 
30 263 8 11 0.120874785 
725 356 12 14 0.120666206 
382 318 8 10 0.12046458 
622 343 8 11 0.11992356 
621 348 9 12 0.11941311 
595 370 14 17 0.11924477 
884 378 12 15 0.11899237 
292 269 10 13 0.11890584 
655 305 8 9 0.11889419 
40 271 9 10 0.118813194 
271 547 25 29 0.11869442 
854 378 11 15 0.11851306 
957 295 9 12 0.11836757 
532 275 11 14 0.11775893 
319 381 13 16 0.117392704 
967 310 9 10 0.11732851 
408 426 21 27 0.117326155 
761 294 9 11 0.11702451 
878 326 10 12 0.11675413 
664 388 12 15 0.11533071 
292 333 9 12 0.11505326 
488 366 11 14 0.11481168 
654 317 9 11 0.114514545 
888 308 9 12 0.11445389 
390 325 11 14 0.11426082 
688 312 8 10 0.11406509 
310 289 8 10 0.113748804 
287 386 12 14 0.11363765 
919 310 8 9 0.11339595 
573 427 13 18 0.113206 
937 309 7 10 0.11253131 
585 272 10 14 0.11232876 
396 526 30 40 0.112166144 
286 319 10 13 0.11176283 
980 477 14 19 0.11171266 
323 490 16 25 0.11155529 
180 477 15 21 0.11127051 
712 189 9 13 0.11115313 
700 358 12 16 0.11081503 
499 419 13 16 0.110768534 
662 445 15 18 0.11017566 
887 302 11 13 0.109779455 
255 267 11 14 0.10962912 
286 404 13 17 0.1095175 
895 311 8 11 0.10848493 
838 394 14 17 0.10837275 
461 304 8 10 0.10823007 
825 312 8 11 0.10809014 
574 333 10 11 0.10798544 
100 283 10 14 0.10794116 
946 387 14 17 0.107714936 
990 348 10 12 0.10724944 
485 462 24 30 0.107081175 
447 314 11 13 0.10679521 
932 403 13 18 0.10635197 
914 279 8 11 0.10600539 
422 291 9 12 0.10595906 
973 364 11 13 0.105885044 
519 388 11 15 0.105729826 
965 324 9 12 0.10548574 
551 397 11 15 0.10543396 
479 278 8 9 0.10541017 
297 295 8 11 0.10519528 
398 -3 360 443 0.10504151 
922 304 7 9 0.1048711 
365 327 10 13 0.10469153 
304 314 11 14 0.10466628 
517 370 11 15 0.104572594 
471 316 9 10 0.10445807 
999 349 9 12 0.10438556 
24 285 10 12 0.10379702 
430 280 8 10 0.1037258 
390 294 9 12 0.10300356 
499 411 15 17 0.102768555 
210 559 14 16 0.102736816 
588 433 12 17 0.10247604 
644 435 13 16 0.102413006 
979 498 14 20 0.10225714 
720 296 8 10 0.10214443 
845 465 18 21 0.10196294 
551 328 8 10 0.10183677 
136 278 9 11 0.10178751 
975 276 9 12 0.10153461 
983 302 8 11 0.10091965 
993 294 8 11 0.10088187 
446 284 10 13 0.10082144 
793 288 8 10 0.1007556 
726 301 9 11 0.10075037 
361 302 10 14 0.10033877 
801 277 8 9 0.100018695 
680 297 8 9 0.09995696 
687 295 7 9 0.09952107 
777 302 8 9 0.09932663 
925 331 10 13 0.09924886 
136 314 12 14 0.09916494 
729 295 8 10 0.099155515 
435 476 15 21 0.0990499 
460 465 15 21 0.09889698 
807 347 10 13 0.09873807 
183 271 8 11 0.09858812 
693 318 9 10 0.09811674 
559 333 10 11 0.09797397 
719 479 13 19 0.097884156 
268 384 12 17 0.09759328 
615 325 8 11 0.09723047 
0 275 9 14 0.09709364 
903 339 10 12 0.09678751 
340 529 49 48 0.09661095 
24 316 10 13 0.0965214 
452 317 9 12 0.09626786 
1012 401 12 17 0.096180074 
495 331 10 12 0.09608134 
791 348 12 14 0.0952754 
242 451 17 26 0.09496869 
166 276 11 14 0.09449174 
638 284 10 12 0.0943824 
690 326 10 12 0.09432496 
968 295 9 11 0.09428787 
815 331 10 12 0.09385351 
326 287 10 12 0.09383559 
814 348 11 13 0.09366143 
676 363 12 14 0.09364695 
161 215 7 9 0.09359939 
936 319 7 10 0.09349788 
401 286 9 11 0.092942856 
961 334 8 10 0.092896394 
585 340 9 12 0.092070445 
135 269 9 11 0.09191218 
489 320 7 9 0.0918518 
974 506 13 21 0.09135948 
695 380 13 16 0.09115735 
1008 331 10 12 0.090907276 
484 403 11 16 0.09080156 
255 319 9 12 0.09063723 
348 435 15 23 0.090404734 
983 336 11 14 0.090330005 
1008 350 9 12 0.090287395 
399 294 9 12 0.09016983 
871 287 10 12 0.08993477 
608 317 9 12 0.089457646 
299 413 12 16 0.08931399 
385 525 28 33 0.08895909 
526 326 8 10 0.0885082 
312 333 10 12 0.088488184 
786 366 14 20 0.08845467 
534 417 15 18 0.0883099 
840 278 8 10 0.088132285 
803 362 12 16 0.08812614 
936 443 12 16 0.08808017 
712 298 7 9 0.087833345 
212 400 15 18 0.08740803 
637 429 12 15 0.087099895 
553 276 8 11 0.08707607 
1014 284 9 13 0.087076046 
144 247 8 10 0.087058656 
975 349 10 13 0.086739704 
592 363 13 15 0.08640196 
419 432 16 20 0.086208925 
406 279 8 10 0.08616197 
823 301 8 10 0.08611188 
934 297 7 9 0.086045064 
479 331 10 13 0.08602423 
872 323 10 13 0.0859433 
543 325 9 11 0.08524587 
173 231 8 11 0.085051484 
302 292 9 12 0.08497446 
292 387 12 15 0.08469436 
795 463 14 20 0.084648795 
632 286 9 12 0.08464336 
519 334 9 10 0.08446053 
990 381 12 16 0.08433785 
514 263 7 11 0.084334575 
610 287 8 10 0.08418529 
440 280 9 11 0.084165275 
254 283 11 14 0.08411935 
655 276 9 12 0.083906636 
658 415 15 21 0.08365329 
781 302 9 10 0.083575755 
318 395 14 18 0.08324426 
414 263 8 10 0.08306334 
78 268 9 12 0.08300746 
487 303 8 10 0.08300029 
619 429 12 17 0.08294904 
831 301 9 10 0.082860366 
981 536 15 23 0.08211172 
918 318 8 11 0.08198255 
689 364 11 13 0.081632145 
639 364 10 13 0.08155643 
377 315 10 12 0.081543505 
339 338 11 14 0.08149091 
880 308 9 12 0.08140229 
902 411 14 16 0.08122039 
740 427 14 20 0.081084706 
480 295 8 10 0.081066504 
385 294 8 11 0.08092862 
885 516 22 30 0.0808618 
740 364 11 15 0.080505416 
829 317 8 11 0.080390684 
623 277 8 11 0.08021099 
743 276 8 10 0.080110475 
317 334 9 11 0.08001846 
454 470 14 20 0.079956524 
397 332 10 14 0.079944745 
566 278 8 10 0.07992429 
464 307 9 12 0.079878196 
936 324 10 14 0.079581514 
525 364 11 14 0.079029374 
23 270 10 11 0.07890428 
646 286 9 11 0.07856171 
616 335 8 11 0.07849056 
911 285 9 11 0.078345105 
725 441 12 16 0.078273945 
991 313 8 10 0.07809445 
175 277 10 13 0.07766092 
862 293 9 11 0.07765667 
471 331 10 13 0.07747222 
591 294 9 11 0.07726414 
1004 552 14 18 0.07716677 
692 436 14 18 0.07713414 
554 403 13 17 0.07712768 
344 327 8 11 0.07685305 
727 340 10 12 0.07683072 
349 292 9 12 0.07653466 
530 498 18 24 0.07644951 
557 461 16 22 0.07643829 
574 326 9 11 0.076425225 
22 291 10 12 0.076308414 
374 254 11 13 0.07623312 
886 326 9 11 0.07619857 
416 302 10 13 0.07608946 
862 301 9 11 0.07571158 
983 295 9 11 0.075605616 
705 319 8 10 0.07554506 
517 263 8 11 0.07548458 
821 379 10 14 0.075091176 
310 340 10 13 0.07508114 
979 429 13 17 0.0750465 
710 396 14 16 0.07498895 
357 277 10 12 0.074948296 
590 336 9 11 0.07492601 
783 341 11 13 0.07486217 
680 311 8 10 0.07485506 
1012 278 9 13 0.074762754 
649 311 9 11 0.07466895 
488 325 8 11 0.074632935 
479 311 8 10 0.07457078 
1012 325 10 14 0.07449203 
725 370 14 16 0.07448588 
693 310 9 10 0.0744727 
997 293 9 11 0.07438432 
832 507 22 29 0.07425857 
162 299 10 12 0.0739267 
854 297 9 11 0.07385384 
386 427 15 23 0.07383953 
712 313 7 10 0.07377518 
983 349 10 12 0.073515795 
401 278 9 11 0.073493995 
797 292 10 12 0.07341746 
957 355 12 14 0.073404714 
337 279 8 10 0.07335223 
193 184 8 11 0.073176265 
697 259 10 12 0.07307236 
984 325 9 11 0.07294131 
793 400 24 33 0.07272344 
489 333 8 12 0.07263626 
621 403 10 15 0.07244534 
986 545 15 21 0.072319776 
817 319 8 10 0.07209035 
571 342 12 15 0.071899906 
911 435 13 16 0.07180899 
127 271 8 11 0.0717862 
901 450 15 20 0.0717787 
6 287 9 13 0.07170424 
892 501 21 34 0.07165023 
788 335 11 13 0.07164434 
24 262 10 12 0.07158744 
552 296 9 11 0.07148971 
39 357 13 19 0.07120682 
398 300 9 11 0.0711181 
679 247 7 10 0.071060546 
13 330 11 15 0.071034655 
678 316 9 11 0.07097427 
821 335 11 13 0.070935585 
823 296 8 10 0.07079401 
920 274 8 9 0.07076051 
504 285 9 11 0.0707273 
502 302 8 11 0.07072319 
499 277 8 10 0.07072008 
700 456 13 18 0.07065341 
834 278 7 10 0.070525736 
693 342 10 12 0.07049539 
848 467 24 30 0.070494756 
911 381 10 12 0.07005076 
958 341 10 11 0.07003439 
362 332 9 13 0.06983462 
716 364 12 15 0.06976246 
985 318 10 12 0.06967484 
552 332 8 11 0.06963875 
646 420 13 16 0.069637395 
405 285 9 10 0.06962757 
956 411 12 16 0.06957618 
979 379 14 18 0.06956023 
606 296 8 9 0.06952216 
567 333 10 11 0.069355346 
803 465 20 26 0.06929699 
127 198 7 9 0.06920313 
0 246 8 12 0.06912194 
392 311 9 11 0.06907377 
745 315 9 12 0.06892618 
721 301 8 10 0.068747036 
1015 342 8 12 0.06870488 
438 340 10 14 0.06869312 
489 310 8 10 0.06858923 
891 452 16 20 0.06856877 
309 499 17 25 0.0685543 
383 278 8 10 0.06851002 
276 436 16 23 0.06842839 
416 491 28 40 0.06835686 
952 298 8 10 0.06834036 
368 377 12 16 0.068263955 
974 358 10 13 0.068199486 
895 349 8 12 0.06817113 
861 421 19 25 0.0681338 
640 357 10 13 0.06770932 
370 529 42 48 0.06770381 
631 325 9 12 0.06766573 
958 320 9 11 0.06753638 
883 287 11 13 0.06747988 
805 357 12 16 0.06740058 
559 285 9 10 0.06727566 
942 339 10 12 0.06722994 
847 273 9 12 0.067200065 
324 386 11 16 0.06718145 
960 288 8 10 0.06714007 
736 300 9 12 0.06708331 
734 358 11 13 0.06690026 
584 335 9 12 0.06681042 
377 304 8 10 0.0667921 
848 382 10 14 0.066765726 
814 374 13 15 0.0666968 
285 419 13 16 0.06652763 
280 318 9 12 0.06643179 
102 271 11 14 0.0664076 
668 393 12 15 0.0664032 
293 318 11 13 0.06625912 
705 298 8 10 0.06623478 
287 413 21 25 0.065668695 
983 287 8 10 0.06560992 
174 236 8 11 0.06554892 
363 411 11 15 0.065465406 
767 336 9 11 0.0654158 
776 334 8 11 0.065406054 
774 377 12 17 0.06532092 
744 436 15 17 0.065250196 
127 223 7 9 0.065106794 
373 515 27 34 0.06489293 
520 366 11 15 0.064716905 
914 318 8 11 0.064582475 
910 342 8 10 0.06451711 
921 332 9 12 0.06448833 
1015 293 8 12 0.064413466 
631 347 10 12 0.06435376 
581 398 11 16 0.064349264 
759 365 11 15 0.06433716 
958 307 9 12 0.0640305 
927 271 8 9 0.06391346 
579 387 11 15 0.06347271 
950 324 10 13 0.06347239 
535 346 10 13 0.06341277 
694 370 11 14 0.06323101 
912 325 8 11 0.063217536 
323 400 13 17 0.06313063 
519 381 12 15 0.063082166 
646 355 10 14 0.06302964 
616 295 7 9 0.06293017 
247 324 9 14 0.0628491 
817 554 19 19 0.06282185 
5 262 11 14 0.06254614 
302 388 11 15 0.062467765 
623 270 8 11 0.062307213 
518 459 12 16 0.06229546 
735 465 22 28 0.06225856 
648 294 8 10 0.062255282 
464 343 10 12 0.062237907 
807 325 9 11 0.062097684 
639 308 8 11 0.06205187 
527 333 9 11 0.06194116 
267 303 10 12 0.06192439 
127 277 9 10 0.061835352 
473 277 7 10 0.061743055 
601 335 9 13 0.061659142 
472 272 8 11 0.061631314 
982 277 8 11 0.06162747 
150 334 11 15 0.061562624 
719 324 9 10 0.061517872 
788 448 14 19 0.061464462 
588 275 11 14 0.061347596 
838 325 10 13 0.06128356 
927 364 10 14 0.061261505 
967 347 10 13 0.061221235 
219 395 15 17 0.061185505 
553 273 7 10 0.061076257 
604 301 9 10 0.060930528 
776 296 8 10 0.06084237 
900 370 11 14 0.060613804 
522 356 10 13 0.060254972 
489 340 9 12 0.060240455 
662 302 9 10 0.06022743 
264 378 13 16 0.060207397 
366 295 8 11 0.06018974 
169 229 9 12 0.060012992 
129 261 10 12 0.060000304 
592 286 9 11 0.059988268 
509 476 14 19 0.059892077 
861 310 10 12 0.059849773 
645 364 10 12 0.059789 
891 461 13 19 0.05953804 
725 381 12 15 0.05951947 
430 318 9 11 0.059477698 
649 316 9 11 0.059458885 
919 327 9 12 0.059369158 
984 309 9 11 0.059135973 
142 272 9 11 0.05912637 
391 317 10 11 0.05904711 
565 303 8 10 0.058943354 
622 197 10 12 0.05882477 
710 403 15 17 0.05877701 
639 379 12 15 0.058765832 
574 412 12 16 0.058577336 
239 381 11 13 0.058548547 
911 374 11 13 0.05853297 
991 260 8 11 0.058275234 
411 481 25 33 0.058257166 
391 424 21 28 0.05812538 
966 334 8 10 0.05803992 
342 301 9 11 0.057910487 
73 316 30 38 0.05782892 
862 459 12 17 0.057782616 
148 314 11 15 0.057622027 
939 425 16 18 0.05757668 
722 450 17 22 0.057490326 
358 285 8 11 0.057256848 
780 376 12 18 0.057231043 
510 287 8 11 0.057206832 
474 292 8 10 0.057205517 
333 436 17 26 0.0571914 
565 429 14 18 0.05709039 
887 394 11 15 0.057025198 
1006 487 14 19 0.057012677 
310 348 9 12 0.056994233 
972 319 10 11 0.056808457 
705 334 10 12 0.05675118 
493 320 10 12 0.056635022 
309 303 10 11 0.056567144 
486 294 8 10 0.056450415 
356 427 16 21 0.056445584 
944 285 8 10 0.056391835 
410 263 7 9 0.056365956 
575 402 12 16 0.056307454 
974 373 13 15 0.056284145 
704 341 10 12 0.056097895 
127 307 10 15 0.056032788 
359 358 12 15 0.056002114 
949 332 10 12 0.05589726 
559 328 8 12 0.055861544 
169 167 7 9 0.055851746 
937 332 10 14 0.055820756 
510 401 14 18 0.055805538 
572 356 12 14 0.055645343 
590 316 10 12 0.05553229 
205 284 53 83 0.055449218 
440 316 9 12 0.055373434 
15 284 9 12 0.055365544 
125 286 10 13 0.055312146 
72 260 9 13 0.055294733 
161 219 9 11 0.055237755 
235 472 24 30 0.055156417 
533 336 11 13 0.05495704 
639 348 11 13 0.0548796 
560 316 8 11 0.054801434 
998 286 8 10 0.054703 
647 411 13 15 0.05462188 
135 256 9 11 0.05461509 
149 247 8 10 0.054526675 
805 277 9 11 0.054489072 
782 296 7 9 0.054451585 
504 294 9 10 0.054388672 
581 409 11 16 0.054295287 
712 278 8 12 0.05429395 
844 519 14 21 0.05424761 
555 453 14 20 0.054196138 
409 343 10 13 0.054174017 
863 378 13 16 0.054159537 
672 300 8 10 0.054138463 
555 410 14 19 0.054070923 
969 277 9 11 0.05404775 
793 293 9 10 0.054012388 
840 287 7 10 0.053964745 
639 387 11 15 0.05395297 
732 489 15 23 0.05375213 
612 319 9 12 0.053601068 
359 433 25 31 0.053504545 
493 457 16 23 0.05343716 
828 346 10 13 0.053342402 
294 263 10 14 0.053320754 
860 466 13 21 0.053319775 
334 346 11 13 0.05331373 
904 327 8 11 0.05329222 
742 358 10 12 0.053288322 
292 368 12 15 0.05303382 
376 339 10 12 0.053028215 
30 268 10 12 0.053003624 
614 433 13 17 0.052973937 
496 272 8 10 0.052880183 
575 383 11 14 0.052867815 
381 364 11 14 0.05282707 
214 197 9 12 0.05280252 
944 303 8 10 0.052715663 
304 268 10 13 0.05240666 
500 389 12 15 0.052389517 
560 272 8 10 0.052299093 
655 355 10 12 0.05217588 
926 357 10 13 0.052137543 
946 429 15 20 0.05209014 
751 279 9 11 0.051995985 
953 309 9 10 0.05198455 
24 310 10 13 0.051901285 
58 328 51 66 0.051801015 
583 349 8 12 0.05176089 
140 333 14 20 0.05174076 
563 459 26 30 0.051695444 
336 285 9 12 0.05166339 
560 311 8 11 0.051571727 
863 316 10 12 0.051564604 
644 387 13 17 0.051449776 
687 287 8 11 0.051420372 
718 388 12 16 0.05141716 
1014 388 9 14 0.05139125 
950 404 13 17 0.051364485 
28 312 20 24 0.05134567 
537 310 9 11 0.05122635 
1008 317 9 13 0.051115684 
246 480 22 31 0.051114038 
128 191 8 10 0.05105296 
840 317 10 14 0.051037278 
197 332 12 16 0.05100141 
54 362 39 48 0.05097813 
613 379 12 15 0.050898567 
750 385 12 16 0.050876826 
683 410 13 16 0.050817255 
839 454 13 15 0.05071064 
837 357 12 16 0.050623354 
897 334 9 11 0.050520092 
588 463 22 32 0.050450742 
416 269 8 11 0.050428387 
472 348 9 12 0.050423954 
276 355 11 14 0.05039968 
807 319 8 10 0.050288167 
788 407 15 20 0.050252013 
449 269 7 10 0.050222915 
139 292 10 13 0.05013939 
661 278 11 14 0.050127834 
92 264 10 11 0.05010296 
756 287 10 11 0.050039425 
786 487 14 20 0.050027598 
600 316 9 12 0.049921963 
848 285 8 10 0.04986441 
303 343 10 13 0.049825475 
678 251 9 12 0.049774036 
910 334 9 11 0.049650554 
184 459 20 33 0.049647365 
622 263 9 11 0.04959935 
462 455 23 31 0.04959111 
56 373 11 17 0.049535193 
623 301 8 10 0.049512822 
309 278 9 10 0.049455866 
33 302 11 13 0.049420092 
786 458 20 28 0.049349155 
586 403 14 17 0.04927716 
704 326 9 10 0.049247257 
568 326 10 12 0.04923865 
238 485 17 23 0.049236104 
600 311 8 11 0.04914428 
707 425 15 19 0.04906253 
649 278 8 12 0.04905913 
325 262 9 12 0.049056813 
901 318 8 10 0.049012214 
160 295 10 13 0.048978817 
496 295 8 10 0.048940495 
617 301 7 9 0.048894044 
524 404 10 16 0.04886901 
274 373 11 14 0.04877132 
784 334 10 12 0.04876265 
294 275 9 11 0.048762143 
594 434 16 19 0.048703056 
967 343 9 11 0.0486093 
1013 309 9 11 0.048529632 
929 319 8 10 0.04849347 
644 372 11 14 0.04846103 
974 308 9 11 0.04834116 
494 358 10 12 0.048337497 
623 328 10 11 0.04831072 
425 318 9 11 0.048302718 
508 326 9 12 0.048246358 
718 380 12 15 0.048222076 
342 287 9 12 0.04816144 
326 299 9 12 0.048102718 
917 283 10 12 0.048072662 
981 523 14 21 0.048039477 
15 292 10 13 0.048022248 
542 309 9 11 0.048010204 
249 262 10 13 0.048006434 
43 299 10 16 0.047973998 
350 428 14 19 0.047964085 
271 315 9 14 0.04795774 
191 164 9 11 0.047956303 
631 428 12 15 0.047915883 
319 310 10 13 0.047894828 
604 365 10 14 0.047881775 
167 207 7 9 0.04783709 
792 277 7 10 0.047783732 
606 312 9 11 0.047756467 
745 351 9 12 0.047643963 
934 493 21 28 0.047642857 
878 318 8 10 0.047547884 
277 258 10 13 0.047509678 
142 304 10 13 0.047410212 
398 310 9 11 0.047393236 
478 273 8 10 0.047299698 
265 348 11 13 0.047272988 
75 247 9 12 0.047217377 
805 428 12 18 0.047181457 
614 354 11 13 0.047158446 
8 318 12 13 0.04713615 
976 337 8 10 0.047126163 
528 342 10 12 0.047061663 
830 296 8 10 0.047009096 
823 288 8 10 0.046995223 
600 326 9 11 0.04676709 
639 371 11 16 0.04672522 
656 243 11 14 0.04663297 
652 398 12 15 0.046618875 
454 269 8 10 0.046592705 
470 343 9 12 0.046575684 
948 417 14 18 0.04652505 
890 317 8 11 0.046512943 
862 396 12 17 0.046437062 
564 363 12 16 0.046351768 
662 320 11 12 0.046333626 
159 197 8 10 0.046289794 
879 457 21 26 0.046112645 
631 421 12 15 0.046111833 
663 341 11 13 0.04586377 
505 348 11 13 0.045855507 
364 307 10 13 0.045828912 
895 393 11 15 0.04581846 
328 333 9 12 0.045802586 
126 167 7 9 0.045759164 
497 464 15 24 0.04574423 
1010 302 8 10 0.04569827 
464 327 9 11 0.045667257 
984 272 9 11 0.045608144 
608 324 9 10 0.0456011 
259 276 12 15 0.045484036 
993 542 22 28 0.04542322 
446 322 12 15 0.045420866 
664 294 8 10 0.045401823 
14 262 9 12 0.0453371 
195 266 22 28 0.04529729 
939 414 15 19 0.045284376 
535 294 8 10 0.045262795 
428 325 12 15 0.045169502 
368 277 9 13 0.045144908 
803 498 16 21 0.045051336 
96 266 19 24 0.045033533 
1015 365 9 13 0.044970397 
695 296 8 9 0.044951975 
864 281 9 10 0.044863276 
292 394 12 16 0.04484124 
743 326 8 10 0.04467141 
752 343 9 11 0.044606112 
583 300 9 11 0.04455356 
558 388 12 16 0.044545166 
271 433 15 20 0.0444977 
527 283 10 12 0.044463847 
279 404 10 15 0.044442855 
687 371 11 14 0.0443909 
521 326 10 12 0.044363923 
902 349 8 10 0.044342935 
47 272 8 10 0.044312544 
806 272 9 11 0.044284295 
847 326 10 14 0.044012118 
932 444 20 25 0.043969393 
473 288 8 10 0.04393267 
261 331 9 12 0.04392512 
317 373 13 16 0.043903604 
737 309 9 10 0.043866303 
920 356 10 13 0.043660555 
156 332 11 14 0.043632794 
709 194 10 12 0.043566983 
689 240 7 9 0.043565325 
926 371 10 13 0.04344029 
261 363 20 25 0.043383647 
506 405 21 27 0.043373354 
390 288 9 10 0.043336827 
0 252 9 13 0.04330829 
211 409 16 18 0.043307856 
574 361 12 15 0.04317507 
511 303 8 11 0.04313254 
584 318 9 12 0.043051668 
544 296 9 11 0.04304527 
273 255 10 13 0.04300829 
628 191 11 12 0.04291043 
989 323 10 12 0.04289963 
527 319 9 11 0.042884324 
840 272 8 9 0.04285869 
858 332 13 16 0.042778105 
630 436 12 15 0.04269479 
910 441 12 17 0.04266684 
160 248 8 10 0.042652175 
54 271 8 10 0.042578455 
412 354 11 16 0.04255916 
159 193 7 9 0.0425269 
633 303 7 10 0.04251327 
867 402 13 16 0.042377602 
655 372 11 14 0.042280186 
752 334 8 11 0.042250607 
198 207 7 10 0.042240366 
815 386 13 17 0.042238515 
359 214 11 15 0.04220455 
871 280 9 12 0.04219049 
896 324 8 10 0.04217307 
688 301 8 10 0.042085726 
852 353 12 16 0.04207502 
477 350 9 12 0.042034324 
552 262 7 10 0.042028368 
352 287 9 11 0.04202686 
79 276 10 13 0.04186034 
949 393 14 17 0.041809566 
695 348 10 12 0.041790888 
704 196 9 11 0.041780878 
37 265 8 10 0.041681767 
525 394 11 17 0.04165924 
624 310 9 11 0.041636057 
758 303 8 10 0.041623045 
693 451 16 21 0.041619204 
423 308 8 11 0.041611254 
184 166 9 10 0.041598648 
656 286 8 10 0.041587852 
229 227 9 12 0.041570865 
1005 380 15 19 0.041566115 
958 347 12 15 0.041565355 
1014 301 8 12 0.04156123 
514 481 15 20 0.04150206 
880 374 10 15 0.04142916 
380 372 11 15 0.041224703 
592 300 8 11 0.04117095 
470 453 12 14 0.04114166 
479 316 8 10 0.041092113 
336 329 18 24 0.041090388 
260 537 43 44 0.040995277 
971 546 15 20 0.040962707 
687 346 11 12 0.04095557 
375 276 9 12 0.04094062 
206 415 25 28 0.040924158 
304 382 11 15 0.040908344 
193 270 9 13 0.04089867 
719 313 8 10 0.040861327 
878 280 11 15 0.040800665 
360 293 9 12 0.040790036 
219 417 15 18 0.04077654 
816 287 8 10 0.04058896 
675 467 13 17 0.040583346 
165 306 12 15 0.04048891 
931 554 16 18 0.040440746 
463 252 10 13 0.040440146 
766 300 9 10 0.04040118 
4 298 11 13 0.040383786 
885 386 12 16 0.04030021 
30 151 11 14 0.04028279 
662 308 10 12 0.04025552 
668 343 10 12 0.040164664 
119 256 9 12 0.040158007 
415 277 8 10 0.040150378 
893 480 21 32 0.040148735 
168 198 8 11 0.040104114 
309 419 11 15 0.040061623 
765 365 11 16 0.039983477 
426 279 8 10 0.039981637 
616 279 8 10 0.03995701 
392 299 10 12 0.039891135 
708 458 12 18 0.03988113 
465 279 7 9 0.03986313 
823 271 8 9 0.039803203 
640 320 8 10 0.039738305 
621 356 11 13 0.03963145 
991 355 11 13 0.03956035 
583 356 9 13 0.039458115 
677 371 13 15 0.039389383 
286 396 13 17 0.03934561 
21 333 10 14 0.039251555 
485 505 15 22 0.039244607 
677 421 12 16 0.03907523 
512 270 7 9 0.03906984 
992 289 9 11 0.039003216 
400 256 7 10 0.038989305 
975 386 14 16 0.038959965 
160 510 24 30 0.03892091 
598 286 8 9 0.03891314 
976 398 13 17 0.03890798 
503 381 11 14 0.038853906 
385 285 8 11 0.038846266 
964 411 12 16 0.03883193 
430 291 9 12 0.038815927 
403 394 12 17 0.038744863 
885 294 10 11 0.038695663 
1010 547 14 18 0.03863046 
998 356 10 12 0.038553093 
511 389 11 16 0.03850053 
841 312 9 11 0.03849142 
991 270 8 10 0.03849111 
364 397 12 17 0.038436353 
224 224 8 11 0.03842281 
471 459 25 31 0.038404707 
942 319 9 11 0.038359087 
532 365 11 15 0.03831549 
839 302 7 10 0.03830252 
400 272 8 10 0.03826756 
632 388 10 13 0.038265944 
303 300 10 12 0.03824076 
510 379 12 15 0.038077146 
769 280 9 11 0.038054496 
298 524 43 49 0.038048696 
444 340 11 13 0.038046245 
503 321 10 13 0.038013764 
294 339 10 12 0.037984353 
1009 355 10 13 0.03797037 
447 349 10 12 0.037967302 
999 343 9 12 0.037888803 
364 419 13 17 0.03787927 
342 316 9 12 0.03786942 
520 318 9 11 0.037852235 
776 309 8 10 0.037766796 
603 436 15 18 0.0377632 
705 190 10 12 0.03775407 
110 262 19 24 0.037655167 
980 366 10 13 0.037620768 
254 292 10 13 0.037568823 
669 371 13 16 0.037554547 
623 245 8 11 0.03747534 
841 294 8 10 0.037461814 
488 288 7 10 0.037396524 
137 183 7 9 0.03737829 
941 311 7 9 0.037376326 
486 360 11 13 0.037375562 
667 326 11 13 0.037363574 
171 446 25 30 0.037322827 
269 344 9 12 0.03728122 
485 498 12 17 0.037157502 
742 304 9 11 0.037108187 
345 380 12 14 0.037072897 
459 504 14 19 0.037012804 
891 379 12 14 0.03698767 
305 520 22 31 0.03698732 
168 252 8 11 0.03696648 
331 448 29 36 0.03696446 
839 330 11 15 0.036941264 
511 309 9 10 0.03694057 
705 309 8 11 0.036838688 
580 423 11 16 0.036758278 
503 273 9 11 0.03673077 
666 332 11 14 0.03673004 
409 503 24 37 0.036719173 
524 370 12 16 0.036651045 
896 342 8 11 0.036623295 
444 473 13 18 0.03659083 
302 528 14 21 0.03652191 
466 532 29 37 0.036517967 
596 477 17 22 0.036433645 
631 364 11 14 0.036416736 
344 382 19 25 0.036376484 
851 414 22 29 0.036346465 
564 386 11 16 0.03629898 
142 253 9 10 0.036280163 
518 340 10 12 0.036258794 
214 205 9 11 0.036245298 
952 340 10 12 0.03623364 
913 312 8 11 0.03620858 
709 229 9 11 0.03620173 
4 276 10 13 0.036134653 
263 343 10 12 0.036133695 
986 261 9 11 0.036109235 
73 267 10 12 0.036054548 
169 183 7 10 0.03602367 
189 333 12 16 0.03602064 
527 311 8 10 0.03598466 
838 382 13 16 0.035937287 
553 286 8 9 0.03591837 
636 500 46 61 0.035899553 
543 263 8 11 0.035888076 
164 346 28 32 0.035875037 
384 238 11 13 0.035771787 
341 278 8 10 0.035761546 
454 294 9 10 0.03574366 
541 347 9 12 0.03571555 
996 482 15 20 0.0357098 
287 274 10 12 0.035641443 
918 351 9 10 0.035639886 
653 440 20 25 0.035624042 
377 295 8 10 0.035609443 
729 287 8 10 0.035495684 
910 390 12 14 0.035464823 
416 288 9 11 0.035360206 
760 336 9 11 0.03534168 
661 371 13 15 0.035333503 
872 311 8 11 0.035320047 
676 350 11 13 0.03531499 
901 273 8 10 0.035294402 
756 425 15 19 0.03528016 
25 258 8 10 0.035265245 
433 302 10 13 0.035258584 
765 428 13 18 0.03525652 
274 522 14 21 0.03525278 
870 330 12 15 0.035191394 
998 364 11 13 0.035182055 
509 355 12 14 0.03511685 
701 348 10 13 0.035113525 
724 319 9 10 0.0350693 
816 272 8 10 0.035016265 
746 426 16 20 0.035008885 
361 237 9 12 0.034995392 
552 360 11 13 0.034930766 
920 294 8 11 0.03492622 
70 354 59 75 0.034902148 
808 333 10 12 0.034832474 
655 365 11 13 0.0348185 
494 394 13 15 0.03481159 
130 296 21 27 0.034659546 
797 336 11 12 0.034629293 
701 276 12 15 0.034620106 
45 293 11 14 0.03457083 
646 395 12 16 0.034565505 
726 309 9 11 0.034561135 
727 455 23 28 0.03455631 
751 326 8 10 0.034545098 
959 545 24 28 0.03452982 
654 387 12 17 0.034519967 
175 174 8 11 0.0345068 
376 326 11 14 0.034503248 
250 272 21 26 0.034458444 
181 281 10 14 0.03444945 
136 310 19 23 0.034438718 
737 271 10 12 0.0344271 
167 283 10 13 0.034400057 
144 161 6 8 0.034374576 
640 341 12 15 0.034371983 
694 386 13 17 0.03437023 
520 269 8 10 0.034355573 
151 254 8 10 0.03435162 
690 473 17 19 0.034344565 
974 324 9 11 0.03434143 
509 279 8 10 0.034296166 
909 364 11 15 0.03427035 
621 377 11 15 0.034263622 
134 301 12 16 0.034255505 
544 333 9 12 0.034126975 
942 355 10 12 0.034040514 
215 213 8 10 0.034019284 
137 207 8 10 0.03397203 
336 293 9 12 0.03394596 
552 307 9 12 0.03392083 
169 235 9 13 0.03390977 
244 380 12 14 0.033875518 
832 363 12 15 0.03386442 
821 326 9 12 0.033863187 
955 435 11 17 0.033838924 
393 263 7 10 0.033779837 
135 190 7 10 0.03377787 
712 346 11 14 0.033762537 
647 343 19 23 0.033759706 
589 451 11 17 0.033710256 
661 436 14 18 0.033678573 
182 199 8 11 0.033623856 
64 313 27 34 0.033614807 
465 332 10 12 0.033614065 
534 261 10 12 0.03360274 
232 372 12 16 0.033568274 
513 367 19 24 0.033520322 
367 284 9 11 0.03348756 
886 331 9 12 0.03347916 
856 285 8 10 0.033446558 
661 346 19 24 0.033407703 
782 308 9 11 0.033360455 
306 261 15 17 0.03335673 
760 450 21 28 0.033351894 
445 332 12 15 0.03332043 
991 365 11 13 0.03330891 
88 276 11 13 0.033267114 
633 320 8 10 0.033249415 
533 372 11 14 0.03324284 
527 303 8 10 0.033234358 
973 519 14 19 0.03322557 
120 207 8 9 0.033214465 
654 380 12 16 0.033197667 
493 404 16 21 0.0331681 
326 310 9 12 0.033122618 
259 263 11 13 0.033118427 
687 246 8 9 0.03307771 
920 364 11 14 0.033035725 
655 296 7 8 0.033013962 
605 386 12 16 0.032983538 
382 419 14 19 0.032982223 
38 353 21 32 0.0329814 
277 364 12 15 0.032943852 
837 474 14 19 0.032921758 
833 272 8 10 0.03286248 
832 333 9 12 0.032832757 
552 318 9 11 0.032821264 
245 330 11 14 0.032769512 
422 324 12 16 0.03273624 
735 350 9 13 0.032712296 
785 319 10 12 0.032692596 
479 355 10 13 0.032680906 
201 425 24 32 0.032653935 
785 404 12 18 0.03264881 
23 301 9 11 0.03263813 
919 373 11 12 0.032586504 
745 383 10 15 0.0324973 
599 441 25 31 0.03248512 
806 370 12 16 0.032479864 
433 308 9 13 0.032457672 
582 452 13 17 0.03243602 
719 286 8 10 0.03242228 
928 479 21 29 0.032420546 
305 277 8 10 0.03237398 
769 286 8 10 0.032341067 
259 282 11 15 0.032332003 
932 392 20 25 0.032322895 
728 326 9 10 0.03228792 
638 438 20 26 0.032267366 
602 371 12 16 0.03226214 
513 334 8 11 0.032246705 
502 309 9 10 0.032240335 
179 348 22 26 0.032173827 
741 439 23 27 0.032149833 
402 527 16 26 0.032125216 
719 372 12 14 0.03210374 
952 355 11 14 0.032102674 
15 311 11 13 0.032082666 
316 339 10 13 0.032073893 
175 199 9 11 0.03207209 
735 182 9 11 0.03204216 
910 301 8 10 0.03204033 
192 214 8 11 0.032030728 
730 467 16 22 0.032023165 
980 519 23 33 0.031998258 
632 443 13 16 0.0319874 
737 319 7 9 0.031981744 
951 277 8 11 0.031947426 
895 483 12 19 0.031940114 
593 368 23 28 0.031926785 
624 296 7 8 0.031919964 
833 324 9 13 0.031886276 
448 357 11 13 0.03188172 
505 341 9 13 0.031873044 
1013 317 9 13 0.031862848 
910 294 9 11 0.03185463 
696 182 10 13 0.031798244 
160 268 22 27 0.031775348 
577 293 10 12 0.03175885 
806 253 9 12 0.031684738 
816 342 11 14 0.031635292 
523 278 9 11 0.031623904 
608 358 9 12 0.0315899 
813 354 12 15 0.031584386 
316 502 46 54 0.031561155 
449 263 8 11 0.03154371 
743 415 19 24 0.031543355 
274 379 13 16 0.03152738 
171 295 10 13 0.031522702 
380 254 10 13 0.031440396 
832 287 9 10 0.031436224 
309 381 13 16 0.03142569 
408 271 8 10 0.031422902 
741 333 9 12 0.031389225 
982 355 11 13 0.031338725 
367 253 10 13 0.031291485 
166 222 8 11 0.031288963 
130 286 20 24 0.03125535 
128 256 10 12 0.03123275 
111 358 35 42 0.031152315 
938 322 17 24 0.031123994 
716 520 21 31 0.031109186 
543 424 12 17 0.031106414 
625 285 8 11 0.031089794 
29 277 9 12 0.031079292 
16 268 10 13 0.031047532 
419 365 14 21 0.031026252 
977 286 8 11 0.031000493 
278 411 12 17 0.030964024 
390 364 11 15 0.030923417 
998 317 10 12 0.030911084 
248 267 10 14 0.030894237 
705 230 8 10 0.030884998 
111 285 11 14 0.030863058 
335 271 10 12 0.030841997 
631 357 10 13 0.03082044 
997 372 12 16 0.03077619 
629 405 12 15 0.030723814 
862 326 11 13 0.030716693 
422 270 7 10 0.03071622 
710 223 8 11 0.03071027 
337 301 8 11 0.030662604 
955 387 11 16 0.03064067 
788 154 14 17 0.030610565 
925 276 9 11 0.030605894 
783 148 24 28 0.030591676 
680 402 13 18 0.030540658 
193 206 8 10 0.030484082 
174 181 9 11 0.03046813 
191 263 8 10 0.03043534 
465 285 7 10 0.030386848 
562 254 9 11 0.030360173 
890 458 23 30 0.030329885 
281 335 9 11 0.030323481 
518 407 18 24 0.030313559 
285 320 19 24 0.030233234 
419 494 36 61 0.03023209 
650 301 8 12 0.030216815 
350 409 13 18 0.030185426 
808 309 8 11 0.030160185 
932 364 12 14 0.030155918 
737 277 9 10 0.030102052 
1009 294 8 12 0.030059304 
500 367 20 23 0.030029759 
886 367 12 14 0.030017493 
292 503 14 20 0.030016193 
382 301 9 11 0.03001008 
623 363 10 14 0.029998431 
562 262 8 10 0.029995654 
454 310 9 11 0.029994324 
732 434 14 19 0.029940771 
989 432 22 30 0.02992585 
88 269 11 13 0.029903978 
311 395 14 17 0.029897837 
984 479 19 26 0.029873049 
215 223 9 12 0.029868454 
733 176 10 12 0.029864972 
152 160 7 8 0.029833972 
766 355 10 12 0.029833015 
716 463 22 28 0.029815035 
399 261 8 10 0.029803336 
367 372 21 25 0.029795092 
841 264 8 9 0.029680109 
138 247 8 11 0.029614693 
668 286 9 10 0.029587375 
541 371 11 14 0.029587341 
666 380 16 19 0.029561065 
113 291 10 13 0.02954851 
757 413 12 17 0.02950705 
902 310 8 11 0.02949977 
253 393 12 16 0.029480629 
936 402 21 27 0.029458938 
945 351 9 11 0.02945009 
206 397 14 17 0.02943695 
153 197 9 11 0.029423265 
213 191 9 12 0.029396078 
966 286 9 10 0.02935747 
489 271 7 9 0.029356968 
755 387 13 15 0.02933723 
510 319 9 11 0.029335372 
915 440 14 17 0.02930216 
873 292 9 11 0.029248545 
947 402 21 27 0.029231083 
643 96 36 47 0.029227706 
479 287 7 10 0.029204894 
174 166 8 10 0.029180441 
846 362 11 15 0.02909956 
258 481 15 21 0.029092459 
185 263 8 11 0.029081944 
154 191 8 10 0.029045893 
197 187 8 11 0.028958268 
371 399 19 23 0.028956043 
164 435 27 31 0.028923575 
295 445 21 30 0.028914165 
298 289 8 10 0.028904555 
651 434 13 16 0.028873166 
668 438 13 20 0.028851429 
209 227 9 12 0.028836101 
343 363 11 13 0.028827747 
750 364 12 16 0.02881892 
0 376 24 34 0.02880567 
301 495 17 24 0.028804015 
478 380 11 15 0.028749429 
753 434 22 25 0.028728852 
729 181 9 12 0.028718408 
391 371 11 16 0.028713662 
328 280 8 11 0.028706148 
771 433 13 19 0.02870526 
497 320 18 24 0.0286936 
504 355 10 12 0.02865284 
519 302 7 10 0.028612915 
748 304 18 24 0.02860647 
194 471 22 33 0.028591594 
873 518 27 32 0.02857325 
773 349 10 14 0.028565845 
40 283 10 12 0.028559493 
238 330 12 18 0.028526122 
420 405 12 16 0.028493587 
525 443 12 15 0.028412962 
354 402 22 26 0.02840942 
606 270 9 10 0.028373215 
715 428 13 18 0.028326303 
267 515 41 54 0.0283142 
436 480 23 31 0.028299712 
465 272 7 10 0.028287394 
361 244 9 12 0.028247898 
679 538 28 34 0.028215665 
551 418 10 16 0.028211324 
168 247 8 11 0.028198661 
175 190 9 11 0.028178845 
110 275 9 12 0.028164249 
446 236 8 11 0.028157359 
285 311 9 12 0.028149053 
352 272 11 14 0.028131507 
430 346 12 15 0.028119236 
368 438 25 30 0.028110746 
925 391 12 15 0.028109986 
770 515 17 23 0.028102934 
671 269 10 13 0.028085692 
535 301 10 11 0.028065499 
718 335 9 12 0.02805792 
995 379 14 18 0.028051084 
254 310 11 14 0.028046403 
135 197 8 11 0.028036455 
557 357 11 14 0.028028874 
532 357 10 13 0.027991453 
842 247 8 10 0.027975416 
952 286 8 9 0.027975256 
304 324 9 12 0.027930172 
798 431 15 21 0.027910534 
584 324 8 12 0.027886016 
951 272 8 11 0.027865516 
534 283 10 13 0.027843347 
4 354 21 28 0.027837042 
393 270 7 10 0.027817363 
218 430 15 20 0.027790798 
452 285 10 12 0.027789826 
246 308 11 15 0.027764592 
520 285 8 11 0.027760582 
310 511 27 35 0.027729873 
933 474 14 19 0.027728649 
291 519 23 31 0.027721396 
184 221 8 11 0.0277179 
184 245 8 10 0.027689107 
894 358 11 12 0.027645487 
140 323 12 15 0.027636673 
807 262 8 10 0.027625812 
928 340 9 11 0.027614394 
893 442 15 18 0.027612168 
1004 497 14 18 0.027610634 
688 459 23 28 0.02760079 
588 458 13 22 0.027591301 
596 452 25 34 0.027569758 
814 279 8 11 0.027551988 
123 159 7 10 0.027540345 
396 355 11 14 0.027511384 
128 215 7 10 0.027493358 
690 359 18 22 0.027452644 
280 323 9 12 0.02745135 
662 364 12 15 0.027381739 
605 429 13 15 0.027275538 
670 357 21 25 0.02724661 
968 291 19 24 0.02724285 
653 426 13 18 0.02723912 
407 317 10 12 0.02721817 
390 278 9 10 0.027216397 
37 297 18 26 0.027201047 
631 229 8 11 0.027200108 
1001 333 9 11 0.027190458 
398 316 9 11 0.027158648 
631 293 8 9 0.027139088 
510 520 26 40 0.027126476 
164 213 8 11 0.027123079 
397 370 12 17 0.027120752 
847 355 11 16 0.027091855 
320 263 9 12 0.027077008 
649 271 10 12 0.027047511 
538 496 22 28 0.027026853 
585 436 21 27 0.027018424 
718 435 13 17 0.027015448 
629 331 11 13 0.027009526 
486 278 7 9 0.026967367 
169 190 7 10 0.026960528 
1009 283 9 12 0.026959222 
444 305 11 13 0.026925288 
709 476 20 27 0.026901316 
244 442 15 22 0.026873162 
190 301 9 13 0.026852831 
985 378 21 27 0.026838059 
699 270 12 15 0.026741862 
748 406 12 16 0.026733639 
122 230 7 10 0.026712311 
612 457 98 125 0.026705079 
666 205 9 13 0.026701678 
151 261 9 11 0.02669111 
374 388 15 18 0.026679795 
901 475 26 34 0.026673134 
351 317 9 12 0.026655568 
248 277 10 12 0.0266545 
680 241 8 10 0.02663815 
581 195 12 17 0.026634216 
629 370 13 16 0.026612476 
936 339 9 12 0.02659386 
791 301 10 11 0.0265867 
84 341 86 104 0.026570855 
312 357 10 13 0.02656517 
674 247 9 11 0.026545055 
184 189 8 11 0.026521252 
883 465 21 30 0.026496094 
777 341 9 11 0.026465701 
780 121 118 134 0.02645323 
47 368 10 15 0.026444972 
522 488 21 29 0.026436275 
659 237 10 13 0.026429983 
669 419 12 17 0.026419416 
753 510 26 37 0.02641044 
741 396 10 13 0.026407931 
23 355 10 15 0.026407583 
710 506 23 36 0.026404256 
238 338 13 19 0.02639738 
351 395 13 18 0.026372598 
361 511 27 36 0.026367463 
398 389 19 27 0.026367413 
261 553 17 21 0.026348796 
785 270 8 11 0.026295077 
352 363 10 14 0.026269421 
122 198 8 11 0.02626886 
136 175 8 10 0.02623474 
161 308 10 13 0.02622014 
249 448 16 23 0.026197396 
109 168 9 11 0.02619509 
740 449 15 20 0.026180552 
998 411 13 17 0.026177136 
175 245 8 11 0.026164148 
1 169 9 16 0.026135227 
564 412 14 18 0.026094448 
900 401 19 23 0.026068348 
925 451 14 18 0.026060242 
25 322 9 14 0.026055444 
416 324 9 13 0.026052775 
991 300 8 10 0.026046915 
950 349 12 14 0.02602475 
873 468 21 31 0.026022982 
318 352 9 12 0.026021749 
431 338 13 16 0.026017498 
804 482 23 29 0.026013203 
101 290 12 14 0.02596563 
591 325 9 12 0.02594013 
245 506 13 19 0.025937134 
507 500 13 18 0.025919778 
693 247 8 9 0.0258678 
758 280 8 10 0.025848225 
761 263 8 11 0.025844054 
632 280 10 13 0.025806766 
0 280 19 26 0.025806073 
135 331 13 19 0.025750006 
142 263 9 11 0.025732229 
630 378 12 16 0.02572805 
31 292 9 12 0.025692707 
142 166 8 9 0.025639573 
126 300 12 16 0.025627593 
63 291 11 14 0.025627177 
738 450 24 30 0.025614664 
867 347 14 17 0.025557628 
137 229 7 9 0.025541255 
220 448 25 35 0.025492592 
772 364 13 18 0.02547692 
742 184 10 11 0.025466627 
784 156 11 13 0.025455356 
453 322 11 14 0.025452271 
777 524 26 36 0.02543925 
276 400 20 26 0.02538676 
853 385 11 14 0.02537474 
478 340 10 12 0.025295021 
722 425 20 27 0.025283564 
383 243 10 13 0.025283262 
270 333 8 11 0.025254834 
567 393 12 17 0.02521032 
309 509 16 25 0.025198424 
355 384 12 16 0.025188254 
238 320 12 19 0.025171518 
636 412 12 14 0.025148943 
454 264 7 10 0.025145419 
671 346 19 23 0.025134364 
353 349 10 12 0.025129402 
717 277 9 13 0.02512117 
561 501 25 33 0.025114644 
407 309 8 11 0.02510666 
562 371 12 16 0.025089147 
952 297 18 22 0.025088798 
582 363 10 13 0.025084525 
217 292 31 44 0.025066525 
991 245 10 12 0.025037412 
957 381 13 17 0.025013428 
115 349 51 63 0.025006237 
575 302 10 12 0.024994371 
249 367 19 24 0.024983803 
282 540 27 36 0.024983635 
479 263 8 9 0.024979932 
698 443 14 18 0.024973392 
76 284 11 13 0.024968097 
888 348 11 15 0.024967257 
912 349 9 11 0.024952613 
320 325 10 13 0.024940353 
886 356 10 13 0.02492554 
421 357 12 18 0.024903798 
661 261 11 12 0.02489041 
999 301 7 10 0.024873272 
306 426 23 32 0.02487179 
768 444 20 26 0.024867436 
623 316 10 13 0.024850652 
454 467 26 32 0.024827264 
170 337 25 28 0.024825966 
169 161 7 9 0.024812462 
556 480 16 21 0.024799239 
294 419 23 31 0.024795918 
613 424 12 16 0.024768507 
175 161 7 9 0.02476744 
303 305 19 23 0.024766475 
622 254 8 10 0.024745174 
486 408 12 17 0.024736313 
968 356 10 14 0.024715506 
937 287 8 9 0.02470795 
66 248 8 10 0.024654126 
683 131 15 20 0.024647132 
795 415 15 21 0.024642948 
564 441 13 16 0.024610149 
699 472 16 20 0.024605453 
390 344 10 12 0.0245905 
239 274 10 14 0.024569098 
860 469 21 32 0.024557458 
786 376 14 18 0.024551209 
1000 280 8 10 0.024507487 
951 364 12 14 0.024507144 
876 282 19 24 0.024498958 
963 497 24 31 0.024478847 
169 173 8 10 0.024455708 
310 327 10 13 0.024455074 
244 386 14 17 0.024451144 
436 333 11 14 0.024434872 
57 307 23 31 0.024426669 
61 300 13 16 0.024424804 
100 357 30 37 0.024411306 
680 287 9 11 0.024387158 
637 420 12 15 0.02435277 
198 323 12 19 0.024345824 
151 325 11 15 0.024330975 
9 511 61 79 0.02432475 
119 335 9 13 0.024323897 
655 261 11 12 0.024323178 
30 257 8 10 0.02431712 
193 461 15 23 0.024293734 
334 395 11 16 0.024280643 
829 475 14 19 0.024273848 
480 398 12 18 0.024234433 
576 286 9 11 0.024230085 
311 372 13 15 0.024206348 
731 383 11 14 0.024182735 
159 181 9 11 0.024150299 
573 270 9 10 0.02413758 
454 350 10 12 0.024130182 
800 253 10 11 0.024125542 
684 426 14 17 0.024123024 
496 286 9 10 0.024113797 
528 262 10 11 0.024073666 
596 447 15 20 0.024053596 
869 411 13 18 0.024024326 
324 371 11 16 0.0240192 
719 442 13 17 0.024013655 
707 520 15 24 0.023950636 
356 295 20 26 0.023933213 
700 521 14 21 0.02391224 
270 517 12 18 0.023889631 
6 319 20 25 0.023887474 
723 490 23 33 0.023883764 
246 316 11 15 0.023860568 
676 269 10 13 0.02383252 
924 435 14 17 0.023825556 
1001 325 9 12 0.02382072 
792 265 10 12 0.023815375 
68 288 13 16 0.023810694 
126 228 8 10 0.023808977 
743 340 9 12 0.023779094 
551 392 19 25 0.023770655 
564 295 9 12 0.023765707 
29 331 13 17 0.02374952 
431 272 8 10 0.023749076 
929 420 12 15 0.023740198 
802 503 22 27 0.023718882 
513 392 18 25 0.023716185 
272 324 9 12 0.023711054 
260 297 19 26 0.023708502 
1004 418 13 18 0.02370728 
716 184 11 13 0.023696614 
989 426 13 17 0.023668416 
279 302 11 13 0.023649009 
368 272 10 13 0.023625074 
759 396 12 15 0.02362301 
584 285 10 13 0.023612067 
161 208 8 10 0.023608299 
785 139 13 15 0.023596227 
858 407 20 28 0.023589702 
358 340 10 12 0.023584157 
285 428 23 31 0.023515977 
792 164 25 30 0.02349701 
417 256 8 10 0.023471138 
120 276 10 13 0.023460386 
445 357 238 237 0.023456816 
333 402 11 16 0.023445116 
15 299 10 13 0.023433892 
105 254 8 11 0.023425223 
418 230 8 10 0.023421656 
712 324 9 11 0.023352854 
1007 364 11 14 0.023341713 
502 463 21 29 0.023301944 
6 309 12 14 0.023280742 
759 462 17 23 0.02324172 
183 240 7 9 0.023231644 
61 276 20 23 0.023185436 
301 405 12 16 0.023184467 
199 200 8 9 0.023175802 
968 511 15 21 0.023168547 
197 315 50 68 0.02316218 
737 418 13 18 0.023132948 
301 372 11 13 0.023130408 
773 356 12 15 0.023128742 
859 392 20 26 0.02308274 
933 356 11 14 0.023078192 
821 337 18 24 0.023065828 
549 428 11 14 0.023061907 
701 418 17 19 0.023040803 
683 417 14 18 0.023039775 
995 492 24 29 0.023030115 
367 317 9 11 0.023010239 
183 203 9 11 0.022982566 
112 301 10 13 0.022981314 
153 173 11 13 0.022948632 
805 291 18 23 0.022944309 
407 301 8 11 0.022915892 
192 445 21 34 0.022914473 
514 377 20 24 0.022882849 
135 213 8 10 0.022859864 
348 417 15 20 0.022859572 
701 371 11 14 0.02285471 
1014 371 10 14 0.022852648 
240 316 21 29 0.022852533 
866 373 20 25 0.022844668 
795 449 14 21 0.022791445 
25 320 22 30 0.022776613 
812 364 13 18 0.02276316 
896 405 11 13 0.022713268 
207 160 7 9 0.022694446 
978 511 14 21 0.022693526 
350 341 10 12 0.022691084 
956 363 13 14 0.022660412 
799 300 11 13 0.022654772 
900 359 11 13 0.022654386 
250 303 22 28 0.022650938 
986 410 13 16 0.02264619 
255 299 10 13 0.022626193 
656 250 10 13 0.022620574 
464 247 11 14 0.022617327 
136 167 8 9 0.022588078 
53 291 12 14 0.022545027 
775 158 10 13 0.022501387 
0 156 9 15 0.02248044 
582 310 10 12 0.022479294 
495 349 10 13 0.022475434 
414 318 11 13 0.02246954 
558 435 22 28 0.022454899 
555 383 20 27 0.02245231 
415 351 21 31 0.02243111 
767 325 10 12 0.022360614 
256 340 10 14 0.022350892 
711 492 23 32 0.022350017 
903 383 11 13 0.022343371 
542 397 13 16 0.022328336 
452 363 11 13 0.022320857 
328 350 9 12 0.022319427 
759 405 12 14 0.022262605 
993 278 7 9 0.022258518 
330 340 9 12 0.022206321 
18 282 20 23 0.022204619 
439 253 9 12 0.022195237 
612 385 12 16 0.022195028 
222 472 27 35 0.022181 
313 364 10 13 0.022179388 
879 270 10 11 0.022146879 
559 378 12 16 0.022142664 
645 460 11 17 0.022131318 
951 413 20 24 0.022094686 
248 291 10 14 0.02208289 
731 503 28 42 0.022079729 
610 99 48 62 0.02203632 
405 294 8 11 0.022034807 
511 256 9 12 0.022021458 
805 421 22 30 0.02201159 
115 300 21 27 0.021996435 
635 359 20 25 0.021993995 
10 380 14 21 0.02197348 
475 452 12 15 0.02196979 
189 308 11 14 0.02193459 
846 264 8 9 0.021930737 
590 421 11 16 0.021921815 
575 405 20 25 0.021887617 
567 419 13 17 0.021885594 
479 445 11 14 0.021804756 
261 314 12 14 0.021803249 
112 255 10 12 0.021800783 
901 437 12 17 0.0217935 
674 506 24 32 0.021793274 
637 221 8 11 0.02177212 
991 373 12 16 0.021764806 
415 361 13 19 0.021763347 
630 411 13 14 0.021760175 
708 510 15 23 0.02175743 
590 476 15 22 0.021747986 
596 214 11 12 0.02170011 
320 300 10 12 0.021678198 
599 386 13 17 0.021671252 
606 394 13 17 0.021658542 
995 539 13 18 0.021656604 
638 375 20 25 0.0216553 
185 161 7 9 0.021643413 
66 252 10 12 0.02163224 
438 323 11 14 0.021629466 
867 414 20 26 0.021622267 
622 204 11 13 0.021573337 
37 334 78 106 0.021567661 
780 467 22 28 0.021514794 
237 306 11 18 0.021514237 
375 285 8 11 0.021509228 
657 101 35 46 0.021508137 
998 261 8 11 0.021507392 
1007 341 10 14 0.021497028 
735 189 10 12 0.021496426 
539 366 20 24 0.021489719 
966 436 13 17 0.021488957 
800 309 9 11 0.02148586 
370 361 22 28 0.021461776 
956 252 97 118 0.021441923 
369 259 10 12 0.02143618 
254 346 12 15 0.02143533 
839 467 14 18 0.021412786 
776 432 22 30 0.021405416 
397 363 11 17 0.02135429 
656 327 20 22 0.02135417 
10 363 12 16 0.021339111 
759 325 9 11 0.021332897 
112 214 8 11 0.021329354 
678 461 12 17 0.02130062 
128 183 8 9 0.02129735 
751 229 9 12 0.021272305 
584 270 20 25 0.02126744 
160 166 8 10 0.021266023 
836 537 15 21 0.02125173 
57 313 12 19 0.021241188 
767 454 23 29 0.021227965 
184 181 10 13 0.021224918 
117 347 12 17 0.021221407 
398 339 11 15 0.021204077 
637 252 9 10 0.021195382 
573 375 12 15 0.021171536 
286 301 11 13 0.021167006 
679 261 9 11 0.021154482 
556 366 20 25 0.021148317 
745 282 17 23 0.02114604 
632 308 9 11 0.02113276 
222 198 9 12 0.021131298 
532 403 14 19 0.021119026 
210 451 25 35 0.021108346 
182 334 21 28 0.021107432 
195 352 14 19 0.021086534 
759 270 9 11 0.021067627 
608 -16 481 480 0.021060117 
928 410 12 16 0.021035481 
365 362 11 15 0.02101189 
597 279 8 11 0.020953555 
341 394 13 17 0.020945534 
833 395 12 15 0.020932876 
598 394 12 16 0.02089769 
690 297 19 24 0.020878144 
638 247 8 9 0.020846335 
396 521 18 23 0.020837767 
566 283 9 11 0.020806715 
357 418 14 19 0.020789366 
999 403 12 15 0.020788215 
197 165 8 11 0.020784866 
227 395 12 15 0.020773904 
199 239 8 11 0.02076243 
716 408 12 17 0.02076145 
119 341 10 15 0.020759841 
143 229 8 10 0.02074779 
837 311 19 26 0.020747188 
141 183 8 10 0.02073568 
46 324 10 14 0.020707348 
687 261 10 11 0.020697396 
478 407 14 20 0.020665135 
328 313 18 23 0.020660195 
786 432 23 29 0.020657567 
803 403 24 31 0.020652182 
341 404 13 16 0.020636195 
303 414 21 27 0.020634886 
518 294 8 10 0.020634416 
731 451 15 20 0.020626998 
868 339 12 16 0.020614734 
844 305 18 23 0.020613473 
193 239 7 9 0.020600613 
60 302 53 59 0.020582866 
812 344 19 22 0.02056158 
609 374 20 26 0.020539938 
261 529 12 17 0.020529782 
354 503 45 58 0.020519016 
754 346 18 22 0.020514505 
489 438 23 30 0.020509485 
805 520 16 20 0.020473354 
250 319 19 26 0.020468902 
634 399 21 25 0.020464553 
880 366 10 12 0.02045374 
96 315 24 31 0.020440675 
846 246 9 11 0.020438947 
926 427 12 15 0.020409105 
152 166 9 10 0.020405322 
783 416 13 18 0.020394607 
268 557 17 19 0.020383334 
979 438 23 27 0.020373022 
864 325 20 26 0.020360675 
209 387 25 27 0.020349964 
553 555 16 19 0.020337407 
791 309 10 11 0.02032935 
343 412 11 14 0.020328207 
577 277 8 11 0.020325089 
912 358 10 12 0.020313563 
348 333 10 13 0.020289645 
847 298 19 22 0.020261534 
762 419 14 19 0.02025755 
269 394 12 16 0.020251404 
126 152 7 9 0.020238746 
471 387 10 14 0.020234466 
982 552 13 18 0.020220343 
282 465 14 19 0.020214312 
446 253 9 11 0.020208487 
564 348 20 24 0.020197315 
673 252 9 12 0.020183332 
344 374 11 14 0.020146111 
698 295 20 25 0.020123268 
638 272 9 10 0.020111602 
687 253 8 11 0.020100541 
728 176 10 12 0.020097466 
677 391 12 16 0.020069236 
632 245 9 11 0.020062 
571 494 24 32 0.02004976 
605 378 13 16 0.0200452 
877 393 12 16 0.020039545 
407 257 8 10 0.02003178 
750 382 21 25 0.020024264 
253 417 15 19 0.020021131 
945 444 16 21 0.020019595 
917 410 12 16 0.020011067 
