13_Interview_Interview_On_Location_13_521
109
895 11 116 144 0.9994524 
880 212 34 41 0.99649626 
705 41 88 152 0.99569905 
176 220 36 47 0.9844939 
429 60 94 123 0.41430303 
604 326 12 16 0.27214125 
96 351 38 42 0.18061979 
76 340 62 73 0.1802386 
4 259 31 36 0.1709066 
387 349 16 18 0.14733815 
518 278 9 12 0.13459018 
377 315 16 21 0.1173359 
109 286 14 18 0.11083897 
642 269 9 13 0.106713325 
528 304 12 16 0.08932787 
326 381 124 158 0.07906749 
636 324 11 13 0.078550905 
591 276 10 14 0.07562103 
381 -7 176 242 0.059502214 
589 343 11 14 0.05579834 
115 286 12 15 0.046663675 
446 291 11 14 0.046073742 
418 315 26 31 0.045649063 
524 298 22 27 0.044708963 
519 222 10 13 0.044508312 
344 433 73 92 0.042462148 
534 270 10 12 0.042364135 
641 264 8 12 0.04119768 
599 292 9 13 0.03971542 
437 262 11 13 0.038055755 
540 215 13 17 0.03755502 
638 274 10 13 0.03752762 
550 308 10 13 0.037507422 
56 549 9 12 0.035661984 
439 287 11 14 0.03341194 
535 275 11 14 0.033113357 
488 230 9 11 0.033044957 
607 269 8 10 0.032458108 
611 333 11 13 0.032034747 
501 316 12 14 0.031843446 
694 275 9 12 0.030557774 
623 270 8 10 0.030297305 
464 216 8 11 0.029969111 
607 264 7 9 0.028908398 
408 215 8 10 0.028729208 
607 293 10 13 0.028692244 
412 291 12 14 0.028135072 
512 221 10 12 0.028074969 
455 309 11 13 0.02799434 
429 237 11 12 0.027914602 
379 310 12 15 0.027737001 
445 326 11 13 0.027678464 
503 230 10 12 0.027397027 
56 544 8 11 0.027152732 
121 551 7 10 0.026863134 
494 224 9 10 0.026708424 
479 244 9 12 0.026641859 
715 343 24 32 0.02650316 
600 263 9 11 0.026229225 
110 542 8 11 0.025941074 
56 535 8 10 0.02592473 
452 284 12 14 0.025859348 
623 334 10 12 0.025435427 
381 319 23 30 0.025422169 
422 284 11 12 0.025242917 
573 318 9 12 0.025231441 
688 276 9 11 0.02516838 
637 286 10 12 0.024758982 
452 292 10 13 0.023864524 
186 313 13 18 0.023555588 
600 325 20 25 0.023489092 
706 355 16 20 0.02342653 
406 286 12 15 0.023250652 
493 229 10 12 0.022958405 
624 255 8 10 0.022894703 
472 246 9 12 0.022867806 
133 259 12 14 0.02247774 
633 285 9 12 0.022332663 
496 251 12 15 0.022263432 
455 277 11 14 0.022236846 
606 215 9 11 0.022101238 
447 228 10 13 0.02203582 
647 294 9 10 0.022024035 
31 92 13 16 0.02197084 
290 -102 355 442 0.021936495 
109 280 11 14 0.021852423 
68 326 90 130 0.021758683 
211 227 15 20 0.021693416 
550 301 11 14 0.02162193 
633 269 8 11 0.021579219 
549 275 11 13 0.021495687 
48 544 8 11 0.021219298 
487 316 10 12 0.02117128 
526 277 10 12 0.020996235 
621 340 12 13 0.020974694 
541 274 13 15 0.02083515 
192 214 31 41 0.020804701 
605 320 11 14 0.020629449 
479 238 9 12 0.02062898 
430 277 10 13 0.020613704 
638 292 9 11 0.020605456 
610 326 11 14 0.020557117 
399 292 11 14 0.020479504 
425 237 10 12 0.020395115 
593 292 10 13 0.020383935 
497 315 10 13 0.0203548 
431 260 11 14 0.020312846 
114 277 47 52 0.020216417 
85 306 106 110 0.020213613 
