13_Interview_Interview_2_People_Visible_13_254
29
375 133 92 167 0.99872905 
448 31 98 133 0.99747807 
728 220 52 66 0.99645436 
629 18 70 69 0.24734765 
769 -2 40 37 0.16613497 
330 82 154 187 0.1632868 
512 217 50 65 0.11450578 
272 2 155 106 0.11244306 
221 208 112 130 0.10235027 
228 129 36 46 0.092922755 
214 21 49 69 0.07087353 
725 161 15 19 0.05735378 
604 20 115 111 0.051888786 
776 160 29 39 0.04045024 
680 115 28 33 0.03811458 
536 36 33 44 0.037125446 
320 38 118 109 0.035935905 
517 28 49 71 0.033658035 
793 222 42 58 0.032351077 
651 105 17 21 0.03214358 
572 10 198 176 0.029991105 
392 57 144 191 0.029122215 
646 83 28 31 0.029097928 
223 -4 128 129 0.02815771 
507 226 32 43 0.026293904 
537 207 33 42 0.025386076 
580 -1 38 35 0.024536507 
767 198 36 44 0.022051735 
651 83 16 18 0.021291018 
