13_Interview_Interview_On_Location_13_129
68
404 13 178 233 0.99985135 
706 462 24 29 0.8149975 
809 0 53 46 0.2286402 
761 423 137 162 0.182025 
658 464 19 21 0.17586727 
857 213 23 27 0.1696186 
662 526 13 17 0.15402861 
667 369 25 32 0.14310674 
602 495 24 29 0.14294836 
248 16 21 32 0.10596608 
972 119 22 28 0.09747873 
598 82 31 48 0.09393172 
2 344 13 19 0.09038416 
799 2 34 32 0.08865229 
19 443 91 139 0.07653848 
925 127 32 39 0.0624483 
783 257 31 35 0.061727628 
1005 142 16 23 0.05954576 
800 291 25 30 0.058534894 
737 359 28 30 0.050747935 
914 209 16 20 0.050013646 
781 266 40 47 0.046471063 
641 457 20 26 0.04560032 
301 35 11 14 0.039814647 
785 255 219 241 0.039222866 
791 298 24 30 0.03750582 
862 373 161 208 0.0372404 
740 4 61 58 0.0356064 
645 380 15 17 0.03515764 
175 317 183 237 0.03196126 
667 15 114 102 0.031858195 
852 325 115 131 0.030770259 
169 3 18 21 0.029020913 
833 218 15 19 0.028849589 
312 75 17 21 0.02839974 
481 248 234 293 0.027824802 
660 329 24 29 0.027728306 
657 471 24 30 0.027712176 
893 120 56 71 0.02730351 
828 459 76 97 0.027173163 
332 85 403 506 0.027015366 
767 3 33 34 0.02683614 
919 394 35 46 0.026619893 
796 274 44 53 0.026423613 
637 499 15 19 0.026209421 
844 245 17 22 0.026173176 
841 286 56 65 0.025030565 
722 427 31 36 0.024568299 
163 12 29 37 0.02386272 
20 331 15 17 0.023033027 
892 211 14 16 0.023011982 
-2 504 49 77 0.022737674 
317 3 27 33 0.022702575 
827 254 93 113 0.022585118 
833 7 61 56 0.022408085 
654 548 27 32 0.022393756 
654 522 22 27 0.022108475 
931 220 16 18 0.02200916 
812 245 15 19 0.02193937 
587 550 19 21 0.021784315 
27 492 14 18 0.021592423 
0 350 10 17 0.021475498 
1006 191 15 21 0.021366455 
745 344 35 44 0.021241194 
741 308 13 17 0.021228814 
781 274 19 22 0.021188514 
937 87 27 35 0.021046283 
291 0 14 15 0.02004568 
