13_Interview_Interview_On_Location_13_238
47
645 123 78 100 0.99265385 
559 160 336 505 0.23535314 
-7 392 108 148 0.13767864 
10 35 15 20 0.10921906 
245 190 16 19 0.07965077 
89 -1 32 33 0.066820115 
0 465 17 21 0.05941572 
726 0 27 30 0.052374586 
722 137 31 44 0.05088065 
786 84 30 46 0.04736811 
616 354 43 64 0.038369134 
-1 2 11 18 0.037230138 
649 316 215 294 0.035872035 
4 24 15 21 0.034635205 
2 429 58 95 0.033964235 
946 86 57 89 0.03288632 
787 23 16 19 0.032742485 
752 36 27 35 0.029829785 
43 0 18 20 0.02763346 
768 0 29 33 0.027613962 
248 82 15 20 0.02744652 
421 0 20 22 0.027414935 
698 6 19 25 0.027339337 
334 58 407 462 0.026232038 
12 0 17 16 0.025451973 
18 0 18 18 0.025005093 
-2 469 21 31 0.024561564 
309 92 14 18 0.024042366 
300 347 16 21 0.023973195 
981 76 44 78 0.023614528 
765 427 129 167 0.023356881 
630 107 54 72 0.023284601 
245 203 27 37 0.023114469 
143 -1 32 34 0.023103584 
0 17 13 22 0.022897433 
213 67 13 18 0.022890005 
31 11 26 29 0.02195136 
771 0 18 18 0.021666419 
595 106 39 60 0.02153985 
57 17 16 20 0.02131877 
644 0 16 15 0.021203954 
778 74 17 22 0.020862103 
761 2 47 50 0.020828994 
84 1 18 19 0.02080909 
4 230 23 34 0.020750167 
900 385 51 75 0.020632818 
742 1 45 50 0.020130794 
