13_Interview_Interview_Sequences_13_937
32
261 360 491 583 0.999393 
718 33 126 142 0.5647191 
471 315 385 529 0.28110993 
699 -3 202 251 0.2414506 
732 807 228 300 0.2148057 
639 74 439 529 0.19929324 
836 5 162 242 0.12340074 
385 899 410 489 0.100810945 
250 215 384 498 0.0980573 
839 619 105 157 0.08585654 
140 -18 196 240 0.07961783 
563 617 396 539 0.07817405 
222 579 431 511 0.07131616 
906 44 134 224 0.0671022 
820 572 183 234 0.06625799 
160 347 356 476 0.047897972 
717 45 78 79 0.03863914 
-46 -126 387 445 0.03854997 
952 106 67 117 0.037178308 
812 573 115 144 0.03642125 
860 663 120 180 0.03493406 
938 636 34 48 0.034857053 
330 1026 269 307 0.0341195 
66 795 115 176 0.0317101 
400 125 364 452 0.0310674 
655 -89 368 468 0.030524557 
-19 833 193 241 0.028456934 
641 432 359 446 0.02803432 
38 997 127 123 0.025895094 
838 612 68 88 0.025001315 
870 139 141 201 0.024302471 
881 800 61 86 0.024159152 
