13_Interview_Interview_On_Location_13_287
19
765 92 118 147 0.9997545 
128 144 106 138 0.9997507 
397 63 114 147 0.9996152 
111 297 141 196 0.0667272 
215 43 11 15 0.059604954 
465 2 56 53 0.051083 
346 78 29 39 0.040917598 
36 9 99 132 0.038757082 
268 1 56 59 0.034575056 
67 -15 106 130 0.028765576 
205 51 11 15 0.027573064 
620 69 121 119 0.027476646 
206 31 10 12 0.026849737 
293 91 345 482 0.024001764 
179 16 13 16 0.023989864 
198 35 12 14 0.022904567 
334 74 48 64 0.022403209 
513 10 89 114 0.021827437 
523 0 34 31 0.020263651 
