13_Interview_Interview_On_Location_13_554
38
289 122 315 402 0.991343 
290 1028 412 454 0.77797955 
224 485 456 581 0.37855887 
158 789 480 614 0.35895517 
654 1033 373 533 0.2745685 
804 8 94 123 0.26736584 
597 435 385 521 0.23305853 
395 30 357 506 0.15012972 
459 839 364 483 0.14214358 
329 354 468 535 0.12359246 
939 3 87 134 0.09966107 
-17 501 493 606 0.096482545 
763 7 98 108 0.08432118 
308 686 447 564 0.082222745 
66 562 226 324 0.07987169 
308 1189 236 263 0.079740085 
870 4 95 127 0.06764235 
701 13 99 102 0.06595262 
932 61 91 143 0.061310317 
823 178 88 116 0.060683504 
673 49 93 105 0.055482395 
939 148 84 132 0.049110577 
843 16 75 94 0.044279657 
-28 1053 418 431 0.043979518 
732 8 70 65 0.04306433 
627 16 178 191 0.040462412 
690 69 57 67 0.039510325 
865 167 96 123 0.038913585 
807 93 98 121 0.038759917 
618 51 96 115 0.03551047 
569 26 110 146 0.028818358 
785 52 99 120 0.028397847 
538 1079 278 318 0.026526596 
571 640 444 552 0.023738919 
893 131 86 131 0.021566192 
742 38 96 114 0.02050213 
824 171 55 71 0.02038609 
938 201 99 144 0.020314142 
