13_Interview_Interview_Sequences_13_31
17
197 147 133 174 0.9984028 
661 254 143 193 0.99738234 
141 451 146 201 0.32594746 
806 32 224 237 0.039819993 
609 164 246 294 0.03431467 
841 27 67 63 0.031682193 
0 216 202 328 0.031278193 
103 501 62 83 0.030914593 
105 467 56 71 0.030386526 
277 446 12 14 0.030174332 
131 465 34 39 0.02824347 
526 468 207 223 0.02782022 
670 -60 431 456 0.026975287 
96 449 127 177 0.023996575 
160 538 29 33 0.022342324 
809 492 132 180 0.021905076 
217 469 15 18 0.02133038 
