13_Interview_Interview_On_Location_13_284
24
450 72 85 111 0.99678147 
100 221 43 64 0.8843194 
678 86 12 15 0.12659642 
104 171 63 106 0.06268739 
64 105 182 250 0.047376953 
97 108 106 165 0.03798709 
601 84 11 14 0.032892477 
-4 38 43 73 0.031959567 
8 4 33 38 0.030918429 
446 90 41 50 0.030621743 
671 83 13 16 0.030120805 
208 471 102 138 0.029388452 
19 1 17 19 0.028209455 
674 81 21 25 0.027727686 
232 518 60 67 0.027546667 
27 25 16 21 0.027299272 
138 292 51 58 0.025028663 
48 121 111 162 0.024478642 
76 -1 25 28 0.02427682 
5 13 39 62 0.023196142 
76 209 74 99 0.022256587 
126 270 51 67 0.02221424 
37 5 12 13 0.02085316 
615 365 12 18 0.020410841 
