13_Interview_Interview_On_Location_13_426
41
303 292 90 113 0.98193157 
113 299 180 271 0.32424122 
415 386 225 232 0.24787132 
17 154 390 480 0.098732635 
274 285 19 20 0.09558281 
-56 -32 400 531 0.09547952 
440 415 142 127 0.08052275 
317 196 194 250 0.069604374 
711 542 99 121 0.06797133 
260 95 357 464 0.055453416 
341 294 380 372 0.050493598 
6 15 260 311 0.041542906 
458 300 14 20 0.034992725 
239 402 59 72 0.034579944 
207 394 93 119 0.0309168 
235 415 26 37 0.030692592 
167 338 28 32 0.029926168 
371 258 222 266 0.02885953 
786 643 12 16 0.02884685 
205 411 57 75 0.028155008 
312 265 13 16 0.028024971 
419 485 150 137 0.026685083 
793 611 59 66 0.026188236 
302 347 39 48 0.026086597 
160 384 118 160 0.025611348 
810 642 14 20 0.025603555 
268 413 37 46 0.025108306 
47 287 43 60 0.024881372 
1005 409 13 17 0.024200097 
212 344 14 15 0.02372168 
244 413 16 23 0.02335364 
734 524 72 80 0.023250017 
739 608 60 70 0.022882978 
275 326 13 17 0.022749746 
57 292 26 31 0.022642588 
220 342 12 14 0.021822752 
198 468 96 138 0.021512758 
218 409 16 20 0.021457044 
455 295 12 17 0.021366654 
766 611 56 66 0.020719545 
701 624 9 11 0.02066716 
