13_Interview_Interview_2_People_Visible_13_217
25
313 163 308 410 0.9936738 
804 1189 204 254 0.26390034 
296 790 497 614 0.1521968 
218 48 40 53 0.11739105 
934 142 48 68 0.10333284 
795 1019 180 220 0.09950439 
911 149 40 57 0.095943645 
985 497 35 54 0.085021295 
287 383 433 515 0.052922044 
727 1121 337 391 0.050664313 
123 1262 212 278 0.04392402 
284 0 45 45 0.042960413 
935 121 82 115 0.0355132 
31 1401 130 133 0.034019515 
-21 -9 400 506 0.03061439 
977 504 29 40 0.026810141 
95 1343 120 140 0.026110075 
161 996 445 453 0.025611455 
893 255 105 157 0.024828626 
-18 -45 224 283 0.024820892 
931 153 31 49 0.022529816 
675 14 108 126 0.02158714 
646 20 34 44 0.021461401 
832 152 26 37 0.021147368 
99 404 15 18 0.020027595 
