13_Interview_Interview_2_People_Visible_13_189
48
169 211 64 75 0.9982041 
752 241 36 47 0.9974721 
570 183 38 52 0.9974137 
511 217 49 67 0.996784 
252 225 43 54 0.99451244 
676 245 38 53 0.9926986 
816 253 41 53 0.99253345 
920 249 41 49 0.99220806 
397 219 47 60 0.9829569 
733 241 22 33 0.11083066 
755 619 18 21 0.086272985 
612 425 28 32 0.08326066 
441 252 34 40 0.049365006 
646 263 23 32 0.047055453 
997 761 11 15 0.040681913 
995 56 14 16 0.03860767 
988 147 11 12 0.036202796 
995 584 13 16 0.036096703 
630 174 28 36 0.03484033 
598 460 28 39 0.034538977 
962 67 12 16 0.033731077 
993 643 12 15 0.033623964 
995 232 14 17 0.032015458 
629 373 15 19 0.030174429 
786 67 62 49 0.02861796 
807 248 209 231 0.028510427 
653 113 15 19 0.02846243 
9 53 36 41 0.028336372 
246 318 103 128 0.027464906 
95 106 13 18 0.027274592 
371 65 144 121 0.02718207 
996 705 12 14 0.027123166 
999 733 12 14 0.02615549 
604 461 15 20 0.02615342 
428 250 29 34 0.02581977 
790 239 23 36 0.025818568 
848 247 28 38 0.025471244 
58 526 374 448 0.024052244 
1005 729 13 18 0.024022171 
218 219 26 44 0.023218207 
436 258 17 22 0.02309633 
725 249 23 32 0.022886774 
414 110 10 13 0.022015894 
591 121 18 22 0.021588529 
223 167 30 36 0.021523485 
96 211 11 16 0.020881662 
996 409 12 14 0.020713443 
971 720 25 30 0.020033643 
