13_Interview_Interview_On_Location_13_861
18
402 112 254 343 0.99976987 
831 1049 182 269 0.99792224 
871 634 142 237 0.9763373 
810 799 187 253 0.8484497 
451 634 239 313 0.5140163 
3 605 54 80 0.13727093 
338 545 428 461 0.10672704 
188 329 218 285 0.105397224 
31 610 54 71 0.07324722 
598 585 203 312 0.06502452 
-3 614 34 60 0.04823233 
861 747 153 208 0.045972314 
714 725 308 412 0.041232478 
216 389 135 159 0.03700317 
21 548 370 517 0.033994596 
49 318 89 133 0.033837367 
74 279 340 461 0.02649003 
344 695 241 274 0.02122893 
