13_Interview_Interview_On_Location_13_921
206
751 391 28 36 0.99878234 
660 387 24 33 0.99366635 
200 390 21 26 0.96758735 
935 384 21 33 0.93281007 
180 351 21 27 0.3198472 
788 407 17 21 0.2414619 
962 333 14 18 0.23824099 
708 386 16 20 0.17094088 
811 324 12 14 0.15914571 
151 370 12 16 0.14860061 
641 351 18 22 0.14364804 
686 381 14 18 0.13888642 
584 359 11 15 0.114505105 
498 361 15 18 0.0982407 
72 376 9 11 0.097483404 
580 377 14 18 0.09063963 
254 368 15 21 0.087697506 
558 356 11 14 0.08504107 
572 374 14 17 0.078269 
816 370 10 14 0.07780899 
936 383 13 21 0.07678979 
725 340 15 20 0.075855106 
729 354 17 21 0.07557283 
190 389 20 26 0.07496198 
987 465 15 20 0.07331745 
184 395 13 16 0.07273179 
94 383 13 17 0.071932115 
690 407 16 19 0.06908416 
863 349 13 16 0.06630599 
965 378 13 18 0.06596367 
219 348 15 18 0.0654413 
90 360 17 21 0.06459789 
122 358 13 16 0.06375867 
116 357 14 18 0.06375403 
266 346 13 15 0.062672876 
558 349 11 14 0.06190518 
150 355 12 15 0.061037622 
787 397 14 18 0.06018451 
702 358 12 15 0.058645662 
632 350 22 28 0.05827059 
433 306 14 17 0.05690658 
842 353 14 18 0.05422209 
739 361 16 21 0.05378236 
259 362 14 20 0.053276587 
640 396 13 17 0.053114835 
269 364 12 15 0.052886058 
694 399 23 25 0.052242197 
820 366 11 13 0.05182475 
542 354 12 16 0.05153828 
289 507 12 16 0.051084734 
587 380 12 16 0.049977105 
806 350 11 13 0.04982024 
700 380 19 24 0.049662564 
565 357 9 12 0.049370065 
677 347 14 17 0.049165506 
247 357 12 14 0.04697923 
113 388 10 14 0.046908956 
476 339 15 16 0.04572756 
76 379 10 13 0.043636177 
564 365 13 15 0.042997405 
228 397 13 16 0.042927224 
748 357 15 18 0.042622782 
943 394 18 26 0.042347148 
810 409 15 19 0.042344775 
246 341 12 14 0.04220261 
494 342 11 12 0.041997425 
139 363 15 18 0.041986644 
252 357 14 18 0.041806497 
573 365 12 13 0.04141547 
707 402 15 18 0.041049637 
236 356 13 16 0.040811352 
972 331 11 16 0.040579908 
694 373 12 15 0.040459376 
541 381 11 14 0.04034169 
149 347 14 18 0.039995935 
628 334 11 13 0.039400794 
147 395 12 16 0.03935236 
185 368 16 20 0.039034482 
549 354 12 17 0.03884208 
697 364 12 14 0.03816432 
135 388 11 13 0.037800536 
832 379 10 13 0.037576456 
419 346 15 20 0.037431233 
707 357 10 14 0.03709525 
134 388 24 28 0.03651487 
484 358 13 16 0.036447257 
974 327 10 13 0.036279656 
773 362 12 15 0.035756204 
673 380 22 27 0.035654947 
651 347 15 20 0.035104863 
551 362 11 15 0.03467901 
966 390 14 20 0.034346525 
237 340 13 14 0.034122672 
535 373 11 15 0.0341195 
848 373 9 12 0.033889815 
277 370 11 14 0.033597857 
166 338 11 15 0.03317164 
279 398 15 18 0.032907262 
591 300 10 15 0.032721303 
165 321 13 16 0.03264784 
540 374 11 13 0.032632243 
845 363 11 14 0.032552276 
756 358 13 16 0.0324258 
424 344 22 27 0.032288615 
789 388 12 15 0.03225223 
836 379 10 12 0.0322132 
437 350 17 20 0.031939656 
632 355 13 16 0.031215707 
238 349 12 15 0.030968891 
636 401 17 22 0.030953968 
598 382 11 16 0.030874727 
232 505 12 17 0.030797333 
139 389 15 17 0.030692393 
495 348 11 12 0.030671012 
525 364 9 12 0.030531507 
806 380 10 14 0.030383302 
821 439 9 11 0.030256169 
565 339 11 13 0.030112041 
582 338 13 16 0.030081412 
559 341 10 13 0.03007458 
706 410 14 17 0.02995307 
640 341 11 14 0.029813616 
765 363 13 17 0.029610097 
710 375 14 17 0.029595226 
223 401 13 18 0.02952577 
140 356 14 17 0.029206602 
229 475 9 14 0.029119976 
240 380 11 14 0.028570767 
598 331 9 13 0.028031414 
655 341 12 16 0.02802775 
576 358 9 12 0.027724814 
304 370 11 16 0.02746882 
805 372 12 14 0.027294664 
630 349 12 15 0.027271053 
790 364 11 13 0.02719291 
285 340 13 17 0.026932228 
564 349 10 13 0.026546001 
329 316 13 18 0.026543433 
813 387 13 16 0.0263599 
829 448 10 12 0.026267435 
500 351 11 13 0.026146699 
285 390 10 13 0.025656631 
247 348 11 14 0.025621468 
298 341 28 31 0.025555369 
277 379 11 13 0.025506781 
684 374 14 18 0.025461864 
834 325 46 53 0.02532192 
798 364 12 13 0.02525094 
802 349 9 13 0.024734532 
260 375 12 17 0.024690768 
619 544 13 19 0.02465994 
598 363 10 15 0.024608806 
587 372 12 16 0.024460463 
644 335 11 12 0.02432891 
549 381 12 17 0.024242038 
483 341 13 14 0.024234742 
836 344 23 29 0.023799695 
658 346 14 19 0.023645673 
501 388 13 16 0.023543302 
251 341 14 15 0.023438087 
566 371 14 17 0.023406666 
701 392 18 21 0.02339335 
782 364 11 14 0.023338549 
144 352 21 26 0.02326285 
329 331 10 14 0.023159323 
861 360 13 18 0.023084188 
820 381 11 13 0.023070792 
229 356 13 16 0.0230207 
621 371 13 18 0.022742214 
279 341 13 14 0.022612488 
540 340 12 14 0.022209466 
285 366 12 14 0.022177324 
494 370 14 17 0.021923149 
684 347 13 16 0.021886708 
733 367 15 19 0.021800982 
850 343 25 31 0.02177171 
801 374 22 28 0.021753702 
821 358 12 15 0.021749167 
268 335 14 15 0.021544445 
582 358 20 23 0.021505024 
127 370 11 14 0.021417392 
452 389 14 17 0.02136749 
470 306 13 15 0.021366915 
805 365 14 16 0.021308905 
231 495 10 14 0.021253431 
558 336 10 12 0.021231113 
494 382 13 16 0.02121792 
958 324 22 30 0.021072177 
135 358 13 17 0.020958193 
221 335 13 15 0.020946207 
813 365 20 26 0.020928508 
129 387 10 13 0.02077721 
797 380 13 16 0.020688547 
508 364 10 13 0.020682717 
694 411 23 26 0.020529043 
543 386 12 16 0.020442475 
624 308 9 12 0.020438712 
794 436 13 18 0.020390384 
838 338 13 17 0.020264465 
815 381 11 14 0.02020729 
173 339 12 15 0.020141501 
558 389 12 16 0.020089263 
824 448 10 12 0.020038774 
854 380 9 12 0.02003763 
553 351 19 25 0.020019656 
962 374 21 30 0.020015078 
