13_Interview_Interview_2_People_Visible_13_374
19
376 46 235 293 0.99971193 
518 341 224 313 0.5465004 
506 31 187 319 0.45492017 
475 215 367 497 0.21213137 
238 1 356 461 0.20400552 
753 -28 263 238 0.19434044 
553 467 163 153 0.18223798 
486 -70 327 459 0.12971345 
733 42 123 122 0.09259382 
586 16 450 621 0.06555201 
601 16 262 239 0.041219562 
-25 -12 400 520 0.040089123 
76 163 379 500 0.037724093 
93 380 138 150 0.034798235 
671 -150 347 481 0.03241564 
867 -2 140 157 0.030712716 
634 513 68 87 0.024835734 
267 428 213 219 0.023166021 
37 8 220 321 0.022978388 
