13_Interview_Interview_2_People_Visible_13_252
149
619 29 59 80 0.99876475 
871 11 63 85 0.9984106 
863 525 33 38 0.9968671 
30 29 53 67 0.9963025 
804 275 34 41 0.9921658 
110 554 44 57 0.99145645 
83 287 28 33 0.9902777 
579 510 32 40 0.9849127 
327 561 43 53 0.97823024 
226 17 29 32 0.97661304 
434 12 24 29 0.95353276 
501 282 25 31 0.94698936 
273 266 22 26 0.8163048 
20 262 25 31 0.73579127 
27 331 21 27 0.62681717 
120 6 29 36 0.37785834 
791 343 65 68 0.28278923 
456 286 28 37 0.18514219 
339 314 12 17 0.16826509 
571 310 25 31 0.16441126 
307 365 20 27 0.120696515 
385 296 15 22 0.11853099 
85 337 24 30 0.11651063 
369 307 14 18 0.11306052 
549 347 12 16 0.100702144 
773 332 50 61 0.098793514 
199 277 10 14 0.092429094 
217 139 17 21 0.090267874 
56 324 26 34 0.07769777 
815 332 62 71 0.077264346 
989 322 14 18 0.075753376 
187 339 17 20 0.07323129 
160 355 15 19 0.07235084 
915 361 15 21 0.072289705 
286 298 23 29 0.07174795 
979 372 15 21 0.070126034 
985 316 24 30 0.069138914 
723 311 19 23 0.06426271 
245 339 15 21 0.06281517 
621 306 26 31 0.058271367 
308 298 17 26 0.057331845 
237 282 12 15 0.057307515 
987 397 21 27 0.053510837 
614 295 45 55 0.051342327 
346 369 16 19 0.050910927 
28 303 16 20 0.050191853 
39 325 24 30 0.04998913 
271 345 17 20 0.049417675 
541 291 23 29 0.045403685 
110 58 25 36 0.04516086 
230 388 27 35 0.04480693 
179 401 28 31 0.04446512 
461 284 38 53 0.044258595 
764 263 28 42 0.04147175 
630 599 25 30 0.03962477 
73 333 21 30 0.03942411 
981 403 16 20 0.03918365 
22 315 14 19 0.03896175 
624 292 29 36 0.03817852 
322 363 20 29 0.037968483 
558 267 14 20 0.03699707 
731 292 15 18 0.036968842 
41 240 26 31 0.03407315 
622 322 26 31 0.0337686 
640 292 26 31 0.033480983 
346 307 15 19 0.033429578 
998 338 15 17 0.03297617 
764 273 15 23 0.032695565 
981 315 40 52 0.03200423 
239 338 14 18 0.03167811 
371 283 14 18 0.03153997 
593 389 24 28 0.031512313 
774 268 39 51 0.031490784 
994 334 24 29 0.031023111 
460 282 16 21 0.030989636 
732 269 16 20 0.030851785 
250 256 16 20 0.030813007 
179 406 16 20 0.030016715 
993 347 23 29 0.029780827 
543 344 21 27 0.029289763 
372 333 12 15 0.029248437 
876 339 14 20 0.029230515 
220 343 10 13 0.02889474 
541 326 13 17 0.028163616 
261 335 21 28 0.028132446 
651 292 15 18 0.02807617 
301 291 16 20 0.027864844 
0 -1 32 39 0.027773924 
177 340 12 15 0.027404854 
99 60 25 35 0.027394654 
436 71 32 38 0.027261293 
298 298 17 25 0.026872635 
358 324 11 14 0.026366087 
22 308 23 30 0.02617091 
121 57 25 37 0.026166249 
396 323 14 18 0.026020607 
219 347 13 17 0.02595708 
183 341 26 29 0.025928508 
175 379 13 16 0.02589173 
346 296 16 19 0.02565855 
738 298 22 27 0.025653534 
420 53 49 61 0.02534446 
215 131 14 20 0.025134433 
455 296 15 20 0.024549358 
480 282 40 51 0.024473254 
534 329 23 32 0.024412664 
293 360 26 30 0.024374891 
349 675 28 38 0.024368696 
925 575 39 45 0.024272883 
847 -3 33 37 0.024209851 
997 404 18 22 0.023713294 
544 354 25 35 0.023681449 
325 238 12 14 0.02361786 
621 389 15 19 0.023603227 
634 331 14 17 0.023575563 
714 315 24 27 0.023376804 
388 284 21 34 0.02329753 
545 319 42 53 0.023206279 
625 340 22 29 0.023192823 
909 366 16 20 0.023119124 
301 264 16 20 0.022993984 
150 108 26 32 0.022936497 
612 285 29 32 0.022698589 
841 319 51 69 0.022659065 
285 309 16 21 0.02264552 
317 303 18 28 0.022635717 
325 397 12 15 0.022423068 
558 222 27 33 0.022174507 
213 352 14 18 0.022124335 
741 650 25 30 0.02209144 
219 151 15 20 0.022074567 
910 358 15 19 0.021961719 
462 382 11 14 0.021755349 
276 356 52 56 0.021635106 
237 98 12 15 0.021575097 
405 266 12 18 0.021518636 
142 355 23 30 0.021417392 
235 362 18 20 0.021214128 
141 340 15 20 0.021174446 
466 300 45 64 0.021125447 
325 354 14 20 0.020996822 
408 257 27 39 0.020900398 
633 337 17 22 0.020784725 
171 67 17 23 0.020641314 
286 331 26 32 0.020326218 
458 402 14 17 0.020241288 
797 344 36 41 0.020163141 
996 365 17 21 0.020140704 
708 332 16 19 0.02008593 
