13_Interview_Interview_On_Location_13_394
25
696 145 83 126 0.996935 
602 234 78 95 0.9884848 
278 114 73 101 0.45297408 
135 62 180 250 0.12504224 
274 40 66 72 0.10682308 
503 559 8 11 0.10137531 
394 419 45 57 0.057491947 
452 600 27 34 0.051475625 
225 100 124 158 0.050018463 
335 363 30 40 0.049879644 
472 560 10 11 0.04644471 
668 383 48 62 0.04408076 
669 411 29 37 0.0345865 
660 168 77 118 0.0345168 
520 549 10 13 0.03210868 
200 115 76 90 0.031555165 
665 193 38 54 0.027015919 
476 564 10 13 0.026946023 
548 511 124 152 0.026725452 
315 115 68 92 0.02626413 
264 88 69 94 0.025358012 
-8 -43 346 448 0.024177257 
525 549 9 13 0.023334956 
654 500 26 36 0.020569764 
715 197 186 194 0.02042212 
