13_Interview_Interview_On_Location_13_847
19
838 92 87 141 0.9984346 
152 128 81 130 0.9968882 
402 56 76 116 0.9920156 
632 147 73 113 0.98382527 
743 684 55 62 0.13736136 
143 226 428 560 0.121676005 
800 489 35 45 0.117458194 
789 509 50 88 0.06910403 
47 736 25 28 0.056383487 
776 480 17 23 0.051156797 
21 674 13 15 0.042597808 
738 250 27 34 0.030056898 
699 774 34 35 0.028547827 
509 455 10 13 0.02824739 
807 343 12 17 0.02310326 
687 394 93 113 0.021351751 
659 353 32 42 0.020843752 
819 365 171 255 0.020459808 
775 296 25 29 0.020365786 
