13_Interview_Interview_Sequences_13_55
72
615 124 171 326 0.9993772 
541 372 52 76 0.99474686 
627 429 26 38 0.6615781 
991 454 29 39 0.60173273 
24 276 11 17 0.23515205 
630 262 114 190 0.21964462 
451 54 307 412 0.11304607 
173 196 28 32 0.08333817 
831 173 150 241 0.07863772 
53 431 24 35 0.07739968 
57 260 18 22 0.07592867 
309 69 222 235 0.07465816 
494 351 48 69 0.07191848 
245 40 188 236 0.06991852 
276 626 17 22 0.06905413 
721 129 174 259 0.068197824 
43 267 12 15 0.06295665 
26 269 16 18 0.0583015 
294 456 34 41 0.054255348 
971 445 48 64 0.05270796 
5 429 49 70 0.050493386 
178 598 26 36 0.04619415 
617 333 90 141 0.045896657 
300 564 12 17 0.04526426 
20 274 21 27 0.041877177 
928 215 108 220 0.041842368 
101 344 35 45 0.040381383 
34 262 22 26 0.039817385 
90 267 17 20 0.039056543 
150 348 33 47 0.03883022 
258 573 16 21 0.03856326 
307 589 14 20 0.03747676 
0 78 171 206 0.036228828 
923 158 97 164 0.036213763 
310 564 13 16 0.035720706 
0 289 12 21 0.035582364 
607 263 58 110 0.03521991 
622 400 48 77 0.03291729 
226 595 57 54 0.03230078 
387 83 238 307 0.03112992 
633 426 17 24 0.030861154 
215 587 34 39 0.029454127 
11 275 22 32 0.029396316 
191 581 47 53 0.029348329 
205 192 13 15 0.029328154 
87 238 27 31 0.029026113 
251 618 13 19 0.028724937 
189 594 24 36 0.028674096 
142 527 31 43 0.028345892 
119 83 19 21 0.02772169 
235 611 25 30 0.02756065 
593 229 105 187 0.027556216 
327 564 14 17 0.027352482 
293 563 13 18 0.027271088 
522 365 46 67 0.027241768 
3 203 51 60 0.02696794 
63 331 42 57 0.026843458 
114 281 24 34 0.026720515 
160 177 52 67 0.026655069 
605 360 45 79 0.026329951 
102 283 25 30 0.025404124 
254 596 65 56 0.024821078 
32 273 24 31 0.02450241 
59 257 29 38 0.023874514 
178 197 17 20 0.023435742 
444 344 26 38 0.02311142 
625 302 53 111 0.021942602 
-3 279 21 36 0.021153081 
-2 39 108 149 0.020432077 
108 411 50 56 0.0204282 
305 628 16 19 0.020202788 
82 337 46 60 0.020201677 
