13_Interview_Interview_Sequences_13_717
92
297 166 179 237 0.99848914 
624 150 82 113 0.9914368 
845 276 19 26 0.82988244 
130 303 20 26 0.77747947 
682 449 15 22 0.71733123 
601 409 22 27 0.53540605 
807 404 22 29 0.3557751 
171 376 21 25 0.34945732 
72 309 17 21 0.3254241 
41 28 163 245 0.26460776 
689 449 17 22 0.20630938 
644 135 14 17 0.20559275 
298 142 17 21 0.20537274 
647 465 21 31 0.18929851 
263 3 332 454 0.11384426 
386 408 19 20 0.107379965 
254 443 13 16 0.09719319 
162 421 16 22 0.09493268 
907 309 12 15 0.09378372 
699 452 13 17 0.081042476 
156 490 14 16 0.077522434 
905 322 15 21 0.07471778 
651 348 68 79 0.063279174 
154 109 23 27 0.058158558 
493 377 25 37 0.057709202 
934 360 15 19 0.053823095 
906 314 15 19 0.05064627 
878 335 13 19 0.05023622 
927 328 13 17 0.045115363 
787 505 18 19 0.04424486 
336 475 25 36 0.04332457 
940 300 11 14 0.042216446 
86 152 63 89 0.040817473 
850 354 15 19 0.038177844 
693 436 12 16 0.037803896 
825 131 11 15 0.035945736 
925 66 13 16 0.03546601 
831 457 24 43 0.034998957 
340 479 15 23 0.03472838 
61 305 17 21 0.033562075 
255 163 31 46 0.03348759 
831 458 13 21 0.03341706 
299 516 28 47 0.032972682 
59 330 12 17 0.032786816 
699 444 14 18 0.032401673 
945 325 11 14 0.032249343 
841 117 9 13 0.031173572 
127 387 14 18 0.031157287 
839 180 14 18 0.030608766 
759 204 13 18 0.029247934 
129 188 28 39 0.029132282 
926 341 13 17 0.028680135 
164 403 14 17 0.02812649 
178 73 8 10 0.02768216 
916 77 12 15 0.02718755 
861 361 13 16 0.027105257 
647 579 83 134 0.026889024 
319 623 12 19 0.026837299 
815 402 17 21 0.026399922 
156 351 16 22 0.026157318 
850 271 15 19 0.025969187 
152 413 23 28 0.025763474 
630 601 50 78 0.025468813 
686 435 23 31 0.025418777 
167 383 16 20 0.025396682 
588 150 16 22 0.025186162 
201 198 362 456 0.025142865 
412 109 185 226 0.024766834 
160 389 24 30 0.0244235 
920 68 13 16 0.02431144 
921 63 11 13 0.024199005 
643 509 14 19 0.024194013 
289 523 27 40 0.024184136 
574 134 12 15 0.023683114 
389 635 12 16 0.023081845 
204 308 26 28 0.022874856 
669 497 14 16 0.02248581 
180 76 10 12 0.022371408 
911 79 13 16 0.022368915 
781 184 12 17 0.022001833 
607 600 51 74 0.021856152 
113 164 54 82 0.02178514 
779 466 48 64 0.021606902 
302 507 11 17 0.021204947 
610 87 167 203 0.021185856 
356 147 17 21 0.02098853 
247 444 14 16 0.020906249 
611 369 61 67 0.02083303 
822 204 13 18 0.020712953 
68 316 18 23 0.02060312 
707 453 108 134 0.020428114 
924 343 22 26 0.020212054 
