13_Interview_Interview_Sequences_13_3
197
178 48 362 479 0.998643 
844 10 57 73 0.8048854 
862 400 22 27 0.28985792 
722 439 25 33 0.22896364 
582 275 14 18 0.16211326 
650 380 22 30 0.15870805 
617 265 14 19 0.1428892 
741 392 14 22 0.13869287 
892 280 13 17 0.13407579 
914 535 36 41 0.113490425 
583 241 13 17 0.10855078 
684 232 17 21 0.10233348 
835 359 21 29 0.10217783 
920 279 25 32 0.10058893 
973 130 14 18 0.09464477 
957 68 16 19 0.08926494 
723 233 12 16 0.0891446 
737 306 11 16 0.08685348 
719 230 12 16 0.08643103 
883 417 43 67 0.08284588 
844 273 14 17 0.080892 
647 278 12 14 0.07952156 
711 392 21 30 0.07696511 
864 340 17 21 0.07452436 
987 57 35 50 0.07207709 
882 249 23 28 0.07057059 
717 389 13 17 0.06987374 
854 156 15 20 0.069352865 
693 258 14 19 0.06729954 
898 420 24 34 0.06316736 
746 389 14 20 0.059135303 
832 397 26 31 0.058768485 
808 424 27 33 0.05745545 
851 398 24 29 0.057204593 
733 397 16 20 0.05637572 
702 368 14 18 0.055515867 
996 249 21 28 0.05551101 
738 183 16 20 0.0535634 
882 16 54 75 0.052444976 
877 174 14 21 0.048830815 
983 468 26 40 0.04862123 
949 251 15 21 0.048163388 
975 429 12 17 0.047838666 
76 348 14 18 0.04772321 
830 455 15 21 0.04741285 
693 366 25 33 0.047235686 
924 397 15 21 0.047189623 
925 278 14 18 0.0463862 
611 74 23 28 0.046351347 
943 241 14 16 0.045793977 
775 389 14 18 0.045533407 
813 203 17 20 0.0451377 
75 554 14 18 0.044047724 
697 393 24 30 0.04336612 
576 269 11 14 0.042892493 
947 116 23 31 0.04129409 
771 384 25 31 0.041103303 
805 357 186 225 0.040526517 
875 305 13 17 0.04033896 
884 267 24 29 0.03937443 
974 218 14 18 0.039177414 
768 23 31 40 0.039118852 
720 393 23 29 0.03894826 
831 52 213 230 0.038579967 
759 124 11 15 0.03846684 
631 241 12 16 0.03829962 
803 242 15 20 0.037023522 
110 371 12 14 0.036981136 
748 146 14 18 0.036460094 
675 188 11 14 0.036237486 
843 424 14 19 0.035712767 
830 376 30 41 0.035302103 
837 270 15 20 0.035096373 
629 261 11 16 0.03507697 
921 394 26 33 0.03500776 
818 443 26 34 0.034807704 
950 405 26 30 0.034786753 
747 312 29 37 0.034594446 
946 112 17 22 0.034480955 
572 134 10 12 0.034289367 
618 259 22 28 0.032756627 
705 382 23 33 0.032087263 
864 400 45 59 0.032013204 
847 3 88 131 0.03184799 
899 316 28 36 0.03152335 
692 240 13 17 0.031358227 
685 274 13 17 0.03133175 
749 387 23 33 0.030490853 
638 308 12 16 0.030410621 
891 24 30 42 0.030394794 
630 306 13 16 0.030222042 
555 35 27 31 0.030205062 
742 324 13 19 0.029797083 
788 178 16 19 0.029624786 
889 429 28 40 0.029601108 
612 323 12 15 0.029526781 
851 147 24 32 0.029523421 
806 91 30 36 0.02934741 
904 409 49 72 0.029250007 
794 427 41 52 0.02895792 
841 272 24 30 0.028931096 
899 26 56 80 0.028897194 
610 251 13 16 0.02888684 
870 333 23 28 0.028872965 
870 25 36 47 0.028809572 
808 41 32 44 0.02866176 
734 243 12 15 0.028507864 
897 282 15 17 0.028420325 
1010 254 14 22 0.028286196 
835 242 16 20 0.028215704 
765 395 13 17 0.02800685 
869 301 22 27 0.02794103 
734 301 20 26 0.027792834 
59 206 14 19 0.027669918 
820 25 54 68 0.027634133 
607 247 11 13 0.027398298 
686 396 26 32 0.02711596 
565 254 10 11 0.026464231 
644 304 16 20 0.026444638 
824 342 41 52 0.02635298 
687 338 13 16 0.026182171 
903 386 26 34 0.026161838 
848 386 38 52 0.026006622 
725 251 12 15 0.025772778 
541 97 14 17 0.025444636 
809 105 13 17 0.025407488 
762 388 24 32 0.025325337 
4 57 27 37 0.025220318 
990 255 16 21 0.02521386 
1012 225 12 18 0.025044758 
657 433 14 20 0.02500311 
974 174 12 14 0.024965828 
881 337 15 20 0.024940101 
797 421 27 34 0.02487411 
971 217 22 29 0.024711793 
570 220 9 12 0.024427487 
607 254 22 28 0.02431687 
648 298 18 22 0.024240121 
37 260 13 18 0.02423954 
774 23 45 57 0.024065806 
983 242 27 34 0.024037316 
675 398 27 33 0.023931202 
140 41 241 370 0.02382803 
493 101 12 14 0.023757987 
796 352 16 19 0.023741558 
612 246 13 14 0.023718499 
717 224 11 15 0.023634251 
13 205 12 16 0.02350489 
785 233 23 28 0.02345972 
0 139 8 14 0.023353206 
596 190 10 13 0.023283388 
909 89 14 20 0.02313769 
606 288 13 17 0.02301693 
964 125 22 30 0.022984844 
606 335 26 32 0.02295321 
756 393 14 19 0.02294592 
717 320 23 29 0.022943731 
798 42 26 37 0.022941032 
402 191 119 170 0.022937007 
685 266 14 18 0.02285575 
732 252 12 16 0.022813732 
718 243 13 17 0.022734098 
932 301 16 21 0.022715244 
618 300 16 20 0.022661801 
838 409 23 31 0.022507407 
632 444 12 17 0.022479191 
1012 124 12 18 0.022325676 
670 443 12 16 0.022319248 
775 221 23 30 0.022203315 
724 242 12 17 0.022130169 
658 442 14 20 0.022077639 
644 278 21 26 0.022038415 
710 233 14 19 0.02199694 
821 358 27 32 0.02199182 
821 36 32 42 0.021908531 
63 323 14 15 0.02189353 
585 131 10 13 0.021853238 
801 315 17 21 0.021832105 
826 434 13 19 0.02178771 
5 283 185 225 0.021760542 
779 379 15 19 0.021302797 
581 263 12 16 0.021258699 
107 559 16 17 0.021243189 
906 426 31 45 0.021064425 
791 248 22 26 0.020995596 
78 380 15 19 0.020933986 
587 126 12 14 0.020916762 
807 134 12 15 0.020866925 
774 143 14 16 0.020854322 
904 27 30 38 0.020667823 
908 416 102 141 0.020531202 
961 408 18 21 0.020418156 
740 235 16 18 0.02031347 
739 131 23 31 0.020296978 
724 432 42 57 0.020148398 
560 236 10 13 0.020041808 
667 182 23 30 0.020040149 
