13_Interview_Interview_Sequences_13_7
98
637 192 36 50 0.99823713 
253 205 36 48 0.99682486 
475 245 27 33 0.99616086 
104 243 24 31 0.9935029 
382 262 23 27 0.90183765 
863 243 21 25 0.6515451 
921 256 15 21 0.59373426 
774 313 12 15 0.3505053 
769 333 10 13 0.29887265 
950 221 14 18 0.17707692 
768 295 10 13 0.16631646 
887 285 23 30 0.16218708 
783 278 10 16 0.14781351 
861 236 15 17 0.11414595 
984 277 11 15 0.11316642 
858 325 12 16 0.1007281 
844 280 16 19 0.09813623 
548 284 22 27 0.09578097 
673 250 25 27 0.083800614 
885 275 11 14 0.08304816 
770 300 12 14 0.07099308 
942 250 11 15 0.066749886 
879 277 11 15 0.06307392 
786 280 13 19 0.060633678 
577 414 23 30 0.060461078 
386 298 16 22 0.053439192 
962 238 22 27 0.053256854 
851 277 15 18 0.05275685 
893 257 11 16 0.052726414 
94 266 44 54 0.05193107 
420 334 14 21 0.05098512 
102 278 26 30 0.050583076 
721 317 22 27 0.04915113 
938 218 22 29 0.048735138 
957 243 15 18 0.04808669 
770 338 12 15 0.046376858 
934 252 12 15 0.046332337 
875 239 12 15 0.045080848 
886 251 13 18 0.043982085 
760 326 10 13 0.043085463 
912 252 14 19 0.042672947 
932 290 19 21 0.03965859 
715 346 25 28 0.039627 
858 277 13 17 0.03928689 
647 270 24 30 0.03851639 
468 344 55 76 0.037634462 
772 347 12 16 0.03757283 
898 273 16 17 0.036806118 
417 327 23 34 0.0365698 
119 275 25 28 0.03606877 
65 299 25 41 0.035771843 
839 272 13 18 0.035735052 
972 227 12 13 0.035544652 
928 259 13 17 0.03432477 
772 324 14 18 0.034293145 
780 350 13 17 0.034161042 
287 172 9 12 0.033518516 
982 270 11 14 0.031661272 
872 281 11 15 0.031022266 
872 222 10 12 0.030186165 
748 334 11 13 0.029696904 
782 273 10 13 0.029586006 
637 286 15 19 0.029564334 
343 320 23 31 0.028839506 
968 212 9 12 0.028612351 
940 231 14 18 0.028079983 
950 251 11 15 0.027620157 
885 283 14 20 0.027388973 
793 260 10 14 0.027302956 
818 277 16 18 0.027243651 
115 281 17 19 0.026676266 
878 203 9 14 0.026612222 
733 309 12 16 0.026350368 
108 282 16 18 0.026348181 
436 191 319 452 0.026092669 
746 346 17 22 0.02591169 
768 307 13 17 0.025818326 
670 254 16 20 0.025184024 
668 281 24 31 0.02486006 
764 328 19 24 0.024841983 
773 258 11 14 0.024442742 
947 275 16 19 0.024363713 
931 265 13 17 0.023890262 
242 207 31 42 0.023358822 
90 275 27 34 0.022569817 
435 283 13 17 0.022427155 
917 228 11 15 0.022402164 
829 268 13 17 0.022131216 
670 334 14 18 0.02203318 
850 268 15 16 0.021898113 
397 332 23 28 0.021654535 
762 331 10 13 0.021574188 
263 363 26 28 0.021508623 
729 348 14 18 0.021348346 
715 307 13 16 0.020743005 
889 275 25 28 0.020676482 
146 312 27 36 0.020636851 
944 259 12 17 0.020628419 
