13_Interview_Interview_Sequences_13_495
64
539 70 39 51 0.9623172 
429 141 30 32 0.904364 
411 150 21 28 0.7139417 
349 129 28 30 0.31775934 
497 121 26 29 0.3015248 
305 130 24 28 0.1822447 
401 118 22 28 0.15790772 
109 42 14 20 0.13838199 
109 125 24 30 0.12874523 
584 89 23 36 0.11598825 
-2 121 22 39 0.0924946 
648 90 43 65 0.08360767 
406 138 22 30 0.081864506 
180 138 16 21 0.064942196 
502 1 43 47 0.06153233 
283 258 27 32 0.06051188 
388 105 16 21 0.05186115 
145 200 27 42 0.047119536 
504 112 18 22 0.04631953 
409 128 15 20 0.043052692 
360 83 13 18 0.03963343 
92 137 14 18 0.036205012 
89 170 19 23 0.03390443 
0 106 40 62 0.032462575 
368 66 24 28 0.032148734 
162 387 25 31 0.031328335 
164 149 14 19 0.030181881 
86 100 14 19 0.030111352 
108 253 32 39 0.03004071 
316 131 22 29 0.02964746 
105 304 28 33 0.029645603 
120 128 15 21 0.029430479 
19 127 19 22 0.029264938 
0 314 10 19 0.02902768 
340 118 25 33 0.028787745 
431 236 37 53 0.028457165 
68 91 13 18 0.02775229 
409 133 36 44 0.026879855 
343 104 44 50 0.025572738 
396 119 40 49 0.025467336 
365 85 25 28 0.025134305 
347 76 45 49 0.02459121 
103 112 24 28 0.02456653 
593 96 15 22 0.024537738 
433 139 42 50 0.02422795 
51 97 29 35 0.023500925 
157 99 12 17 0.02324449 
562 83 35 43 0.023217538 
98 130 23 28 0.023153203 
398 112 17 22 0.02280254 
93 164 15 17 0.022728253 
330 136 14 20 0.022285562 
108 153 14 19 0.021948412 
376 96 23 28 0.02183255 
325 258 13 15 0.021786597 
289 110 18 23 0.021400861 
76 161 15 17 0.021356704 
195 139 13 19 0.021190101 
80 173 23 29 0.021116072 
799 139 10 13 0.020977331 
90 44 11 16 0.020869391 
100 163 14 18 0.020343345 
108 194 17 22 0.020310055 
186 160 16 20 0.02014142 
