13_Interview_Interview_Sequences_13_867
145
387 261 248 334 0.99955827 
282 401 34 49 0.9908631 
879 424 25 33 0.9394087 
102 63 65 81 0.9074815 
174 419 20 26 0.9070658 
997 369 15 20 0.7573368 
920 465 23 32 0.641082 
214 452 23 32 0.6248815 
735 224 182 248 0.54751223 
16 453 24 31 0.4166044 
882 325 18 22 0.334219 
826 3 16 18 0.27742136 
237 415 24 30 0.25792205 
983 435 12 15 0.23469947 
877 471 13 17 0.2278536 
845 447 10 13 0.22004423 
125 451 12 16 0.17045249 
937 435 11 14 0.15127082 
1003 366 17 20 0.149155 
598 63 13 16 0.14891796 
0 419 12 17 0.13438576 
944 362 16 20 0.12818415 
8 442 24 30 0.11790593 
227 429 16 22 0.11762055 
973 382 14 16 0.11709289 
321 518 29 41 0.11625173 
716 23 14 16 0.10637678 
942 278 53 71 0.10198045 
1011 365 12 16 0.08039832 
860 393 15 17 0.07896916 
107 386 17 20 0.07863261 
943 407 15 19 0.076347336 
871 415 47 53 0.07589988 
188 525 11 15 0.07459392 
204 399 16 19 0.07376293 
11 436 16 21 0.06287867 
20 282 13 17 0.060896527 
111 380 23 28 0.058216427 
134 393 13 20 0.057840157 
173 596 10 14 0.05679834 
817 27 10 13 0.05572703 
45 238 39 50 0.05497187 
167 418 17 25 0.053902242 
641 18 32 34 0.053370137 
967 386 12 15 0.05311926 
15 420 10 15 0.05292132 
828 436 14 16 0.05232247 
453 110 10 12 0.051864784 
820 461 15 18 0.051843427 
187 380 14 19 0.05120685 
255 387 12 15 0.051191643 
687 113 14 18 0.050641306 
3 529 13 16 0.05056809 
107 451 13 16 0.048760448 
58 316 27 43 0.046644017 
297 400 28 40 0.046575278 
221 85 134 181 0.04412007 
111 69 41 44 0.042015407 
709 29 16 18 0.041768823 
20 324 12 15 0.04148919 
2 424 15 20 0.04110252 
839 454 25 32 0.040036052 
692 360 244 262 0.039244805 
259 424 15 21 0.03848962 
194 371 23 30 0.03823675 
957 387 12 16 0.037950978 
805 6 11 13 0.037395194 
260 43 13 15 0.036827784 
381 347 340 510 0.036689337 
117 445 21 27 0.036292 
769 1 16 17 0.036226157 
700 128 307 400 0.036086813 
966 440 10 13 0.034996293 
974 373 13 17 0.03479527 
229 421 36 46 0.033195827 
974 511 10 12 0.03204429 
28 284 11 15 0.031243818 
92 423 18 22 0.030885221 
750 3 13 16 0.030726083 
69 454 13 16 0.03057557 
197 380 26 33 0.030503359 
873 463 23 27 0.030383756 
262 217 12 17 0.030253483 
210 451 40 50 0.030246926 
62 303 14 18 0.03000278 
878 420 15 20 0.02986965 
248 419 19 28 0.02975818 
897 434 14 20 0.029656298 
642 29 18 21 0.029646523 
58 464 17 20 0.02918186 
414 141 14 17 0.02897146 
234 394 13 16 0.027415963 
783 331 124 137 0.027318535 
84 453 13 17 0.02702371 
228 420 16 22 0.02676132 
274 371 17 22 0.02666704 
269 418 16 20 0.025957955 
397 173 10 13 0.025897566 
950 437 11 13 0.025608215 
206 231 8 10 0.025364539 
867 430 30 34 0.025296576 
36 416 12 16 0.025126016 
78 454 13 15 0.024945125 
551 115 14 17 0.0248118 
699 544 221 288 0.024684582 
965 378 20 25 0.02468408 
198 393 16 20 0.02458934 
783 421 12 14 0.024299368 
847 440 11 13 0.024054997 
191 214 11 13 0.02395483 
100 442 23 28 0.023775464 
814 7 12 13 0.023717334 
787 398 12 13 0.023700802 
14 274 22 27 0.023634095 
935 380 11 14 0.023567293 
-55 225 442 502 0.022913361 
23 544 176 246 0.022898087 
201 232 8 10 0.022828374 
555 258 359 423 0.022693627 
947 352 24 29 0.022412416 
941 443 11 15 0.022239156 
851 436 12 15 0.022180764 
233 426 19 26 0.022087274 
895 440 49 59 0.021973465 
123 381 15 21 0.021846855 
769 67 14 16 0.021824708 
225 408 25 31 0.021807877 
703 33 15 16 0.02161575 
835 437 12 14 0.021511711 
222 419 14 19 0.021462739 
628 41 13 15 0.021447442 
156 421 21 27 0.021401558 
571 112 14 16 0.021337902 
840 444 20 25 0.02132811 
935 358 22 28 0.021316465 
955 475 11 16 0.02124388 
681 107 24 27 0.021161271 
19 426 15 19 0.020638442 
989 529 13 17 0.020594072 
245 428 27 33 0.020555882 
147 444 13 16 0.020470094 
547 109 23 29 0.020242687 
822 374 62 69 0.020139225 
102 246 10 12 0.020132953 
30 411 16 18 0.02009102 
