13_Interview_Interview_Sequences_13_557
168
508 353 82 98 0.99210584 
100 143 13 18 0.33455345 
113 322 121 114 0.2680791 
88 217 11 15 0.19830503 
124 147 14 17 0.16381651 
117 257 13 18 0.13890031 
934 297 24 32 0.12527879 
132 147 15 19 0.1184641 
222 327 12 17 0.11321616 
885 109 15 23 0.088977076 
836 5 12 14 0.087616526 
81 240 10 13 0.0850174 
833 11 12 15 0.07905845 
126 214 13 17 0.078283966 
1013 296 10 17 0.07817488 
87 261 12 15 0.07753068 
72 251 11 14 0.062914215 
631 535 10 15 0.062837094 
798 35 11 14 0.058819573 
22 350 9 12 0.05734318 
764 424 16 18 0.05580591 
142 224 12 15 0.053425845 
990 389 14 17 0.053115856 
77 251 12 15 0.051450223 
804 31 10 12 0.051170513 
754 96 61 77 0.04997334 
792 37 10 12 0.047532335 
219 324 23 27 0.046576403 
100 178 14 18 0.04615385 
871 59 10 13 0.04607341 
803 53 12 16 0.045503132 
848 62 8 11 0.045117054 
16 323 10 13 0.043361463 
137 152 15 18 0.04334962 
75 156 11 15 0.042826768 
88 342 9 12 0.042805213 
92 266 11 14 0.042208653 
70 165 13 17 0.041989177 
998 372 12 16 0.041404698 
112 253 11 16 0.041181855 
1 172 17 22 0.04065632 
74 149 11 13 0.04005108 
900 11 13 17 0.039781347 
122 254 15 19 0.039703075 
821 35 12 16 0.039058004 
148 222 12 15 0.03903058 
973 299 15 20 0.03902087 
71 334 8 12 0.0387967 
216 326 12 14 0.038667664 
95 313 210 179 0.038243797 
55 352 10 13 0.037985913 
120 218 11 16 0.03777134 
765 35 12 17 0.03766518 
120 318 8 10 0.03741 
797 45 13 17 0.037351742 
0 127 12 18 0.036755316 
205 335 12 13 0.035827555 
45 178 12 14 0.03559432 
806 34 11 14 0.03489771 
125 170 17 20 0.034762725 
101 135 14 18 0.034597516 
148 200 12 15 0.034371626 
926 312 24 30 0.03416886 
26 147 14 21 0.0340325 
-1 252 10 17 0.033690043 
96 133 22 31 0.033506125 
147 260 13 15 0.03335766 
590 178 223 300 0.03335214 
159 239 12 14 0.033330817 
59 201 13 19 0.03332556 
816 36 11 15 0.03331354 
246 422 12 14 0.033165388 
782 10 10 15 0.032501377 
103 284 10 13 0.032309886 
24 180 9 13 0.03198445 
985 397 21 31 0.031909253 
167 285 9 12 0.031789333 
103 301 10 12 0.03169256 
87 347 11 13 0.031592 
95 310 10 14 0.03158421 
85 214 19 25 0.03156415 
110 235 10 13 0.031558055 
116 196 12 15 0.03136453 
224 293 10 12 0.031170677 
25 381 10 13 0.031093324 
83 255 12 14 0.03073586 
142 294 9 12 0.030507432 
79 170 12 16 0.030069832 
261 413 11 13 0.029741932 
141 312 13 17 0.02968716 
45 256 14 16 0.029683607 
134 237 11 13 0.029210607 
159 285 10 11 0.02908958 
124 161 17 19 0.02872684 
796 406 18 19 0.028669048 
128 153 22 26 0.02828106 
70 220 11 14 0.028253054 
1004 383 15 21 0.028227499 
153 299 12 15 0.02816374 
1003 372 13 17 0.028036317 
701 531 15 18 0.027901702 
93 356 11 14 0.027566722 
83 180 12 16 0.027294623 
93 225 12 16 0.027206397 
93 207 10 12 0.027173605 
127 234 12 14 0.027162192 
73 328 8 11 0.02712612 
62 189 10 13 0.026417842 
956 354 17 19 0.026372366 
949 274 16 19 0.026272252 
996 28 10 13 0.025954943 
831 17 11 15 0.025937531 
163 235 12 16 0.025816642 
585 261 434 477 0.02548904 
806 12 9 13 0.025423516 
740 387 12 16 0.025265856 
69 215 10 13 0.02511398 
237 427 12 13 0.024868429 
213 146 222 267 0.024808262 
957 27 11 13 0.024773449 
155 186 12 16 0.024753187 
156 295 11 14 0.024753064 
38 356 10 13 0.024677055 
255 415 11 13 0.024638802 
798 379 14 17 0.024531882 
995 378 17 23 0.024409708 
974 349 25 32 0.024338001 
765 28 13 16 0.024237102 
125 126 12 15 0.024207406 
131 219 12 15 0.024133293 
487 532 14 18 0.024065588 
1006 437 17 22 0.02393004 
138 161 15 17 0.023850534 
74 235 21 26 0.023748903 
38 350 11 13 0.023488728 
943 304 16 21 0.023241162 
847 68 10 13 0.023211375 
174 276 12 15 0.023067106 
807 22 9 11 0.022614125 
137 184 25 30 0.022395376 
782 52 13 15 0.022311535 
119 202 23 31 0.022234218 
117 356 10 12 0.022230841 
51 84 12 14 0.022170909 
4 373 10 13 0.022106577 
41 261 11 14 0.022015005 
875 77 11 13 0.02191405 
141 302 11 13 0.021798944 
124 224 13 17 0.02179356 
165 260 13 16 0.021716963 
130 259 13 17 0.021432625 
142 375 43 47 0.021399926 
811 402 16 19 0.02129198 
30 408 9 12 0.02129043 
55 315 10 13 0.021200666 
783 35 12 14 0.021166096 
115 338 14 16 0.02116372 
40 342 9 11 0.021161055 
94 341 10 14 0.021007964 
855 549 32 36 0.020763177 
94 321 12 15 0.020687072 
980 294 12 16 0.020584017 
828 36 11 14 0.020435335 
39 366 11 13 0.020303402 
781 45 13 16 0.02027337 
864 59 10 14 0.020272467 
742 461 10 13 0.020107305 
71 365 12 14 0.020089494 
