13_Interview_Interview_Sequences_13_868
208
287 87 32 43 0.99874324 
717 238 11 15 0.30431303 
919 266 25 31 0.21540408 
754 166 27 36 0.20492816 
771 249 14 19 0.14453079 
875 240 14 19 0.13958041 
571 541 14 17 0.13673633 
732 546 14 17 0.115362205 
903 544 14 18 0.11048681 
347 52 29 37 0.10025387 
914 271 16 22 0.09715625 
544 564 10 13 0.09713921 
690 37 13 17 0.095853105 
375 551 10 12 0.08973996 
766 256 13 19 0.08580814 
700 522 11 14 0.085291415 
1012 475 11 15 0.084950104 
558 558 10 13 0.083161615 
919 516 10 14 0.083116494 
389 26 12 14 0.08214096 
927 548 13 17 0.078962706 
364 293 10 13 0.076969706 
358 39 13 16 0.07571489 
861 500 10 14 0.07359778 
779 246 11 15 0.07257397 
404 291 10 14 0.07207188 
855 500 11 14 0.07044759 
366 237 12 16 0.067352876 
711 234 14 18 0.06561818 
711 243 12 14 0.06514944 
224 115 379 514 0.06365113 
409 139 55 71 0.06239446 
924 518 10 13 0.062072434 
726 557 13 17 0.058079153 
524 229 16 18 0.05790313 
669 324 13 15 0.057744585 
910 280 13 17 0.05733215 
937 271 15 19 0.05371657 
968 508 9 13 0.053502508 
900 291 17 20 0.053295393 
354 523 11 16 0.05297725 
849 286 11 12 0.052141722 
767 246 11 16 0.05102057 
884 525 11 14 0.05096547 
726 539 23 29 0.050135598 
573 258 17 20 0.05000911 
737 539 14 17 0.049835637 
877 202 15 22 0.049493127 
959 34 10 13 0.048995603 
864 492 11 14 0.048937276 
901 277 13 15 0.047151893 
694 299 12 15 0.04629903 
690 235 15 18 0.046041988 
861 299 13 15 0.045602456 
544 557 11 15 0.045329347 
678 526 9 12 0.044998407 
944 516 10 13 0.04496035 
414 541 12 15 0.044303253 
902 283 14 18 0.04389771 
883 198 13 17 0.04368229 
946 308 12 15 0.0431248 
634 518 9 12 0.04287461 
360 173 35 49 0.04269567 
403 110 92 120 0.04261968 
854 493 13 16 0.04169648 
933 154 26 33 0.040721945 
931 289 13 19 0.040275156 
261 399 14 19 0.0399048 
750 516 10 12 0.03988971 
981 415 16 22 0.039876495 
703 244 11 15 0.03887456 
1007 51 12 17 0.038777996 
340 62 30 43 0.038178835 
834 27 29 36 0.037667952 
351 43 22 28 0.037446976 
389 245 9 12 0.03716499 
942 524 11 12 0.03706887 
550 557 10 14 0.037066206 
397 549 10 12 0.037041213 
930 265 25 28 0.036367223 
913 263 42 52 0.036362022 
869 489 10 14 0.035851724 
427 23 32 35 0.03521217 
542 552 9 11 0.03517516 
634 3 50 54 0.035098616 
811 58 16 21 0.034524016 
982 519 10 12 0.034311984 
853 484 12 13 0.03399152 
647 285 14 17 0.032938976 
580 287 32 46 0.032598387 
800 293 12 14 0.03257802 
349 38 13 15 0.03235686 
759 257 14 19 0.032289322 
421 160 33 39 0.0321931 
702 251 10 14 0.031657714 
792 508 11 14 0.031598378 
374 66 29 37 0.031315703 
680 494 10 12 0.030939447 
564 274 28 36 0.030913915 
902 39 16 20 0.030911935 
324 408 62 78 0.03070625 
212 373 12 15 0.030674292 
830 518 10 12 0.030516433 
719 28 10 12 0.029933015 
966 501 11 15 0.029910676 
339 132 16 21 0.029702593 
783 248 24 30 0.02919526 
381 556 9 11 0.029044861 
695 260 10 14 0.028916504 
846 484 11 13 0.02887679 
972 508 10 14 0.028647136 
543 570 9 12 0.028625695 
959 528 9 12 0.028217927 
534 523 10 13 0.028039392 
813 519 11 14 0.027596556 
770 409 13 17 0.027582519 
679 292 9 12 0.027229788 
414 276 10 12 0.027176248 
702 44 11 15 0.02715866 
882 44 12 16 0.027098918 
547 319 106 158 0.026961075 
975 525 11 12 0.026940677 
965 526 10 13 0.026524635 
376 180 28 36 0.026472593 
108 305 23 29 0.026434058 
757 285 30 42 0.026250243 
974 252 10 14 0.025747264 
469 254 12 12 0.02574393 
721 242 13 15 0.02561163 
385 61 25 33 0.025600811 
790 515 11 14 0.025395535 
932 544 11 14 0.025368705 
637 287 25 32 0.025149072 
948 512 10 13 0.025142005 
547 48 15 18 0.02507272 
703 50 13 16 0.02505044 
853 351 26 38 0.024726426 
726 28 9 12 0.024714753 
693 514 22 28 0.024323286 
461 262 15 18 0.02429798 
493 531 12 14 0.024286376 
215 361 12 15 0.024224032 
373 523 10 13 0.024147242 
572 283 26 38 0.024129203 
772 288 14 20 0.02411809 
926 544 11 14 0.024026847 
846 516 10 13 0.0239885 
880 180 12 16 0.023936007 
644 534 12 13 0.023927944 
600 118 402 512 0.023614239 
695 557 11 15 0.023543285 
726 59 15 17 0.023414 
629 598 12 16 0.023346916 
839 516 10 13 0.023111556 
835 299 12 14 0.023020266 
504 174 40 56 0.023018982 
775 516 10 12 0.022903528 
381 260 9 12 0.022848696 
700 235 15 17 0.022847857 
585 523 10 12 0.02272732 
743 479 9 11 0.022641068 
579 289 14 20 0.022598455 
976 518 10 13 0.022465983 
455 283 10 12 0.022402627 
895 13 11 13 0.022196984 
602 39 47 54 0.022187795 
616 520 9 10 0.022145731 
940 254 43 51 0.022044936 
389 237 10 14 0.021997148 
521 300 11 14 0.021985017 
464 253 10 11 0.021947395 
673 526 9 12 0.021941673 
987 299 15 18 0.021909157 
386 112 50 63 0.02182789 
949 538 13 18 0.021809395 
583 518 9 11 0.021768246 
589 525 10 11 0.021649737 
391 225 11 16 0.021516718 
408 236 9 12 0.021476649 
696 253 11 14 0.021419073 
1006 293 10 13 0.02135287 
565 565 10 12 0.02124816 
948 546 13 17 0.021178339 
771 242 24 30 0.021107627 
902 535 13 16 0.021023078 
770 139 14 18 0.021004453 
701 209 14 16 0.020978674 
383 243 10 13 0.020978354 
344 37 11 14 0.020931214 
400 275 10 12 0.020896677 
709 250 10 14 0.020739142 
468 260 14 17 0.020724993 
622 284 11 15 0.020707121 
414 236 10 13 0.02069214 
-41 -33 454 531 0.020691603 
497 322 113 162 0.020685319 
413 23 26 31 0.020627186 
721 64 23 31 0.020517796 
964 317 15 18 0.02048275 
731 65 13 16 0.020456875 
914 516 10 13 0.020381412 
537 549 9 13 0.020367412 
907 47 14 17 0.020360472 
814 511 10 11 0.020343749 
611 391 22 31 0.020343404 
363 233 23 28 0.02033816 
688 524 10 13 0.02025752 
552 525 10 12 0.020153446 
