13_Interview_Interview_On_Location_13_610
36
306 121 178 299 0.9979048 
561 215 172 284 0.9938518 
139 154 96 140 0.23232462 
192 1039 334 474 0.18887323 
499 551 388 434 0.17861953 
145 194 53 87 0.12285178 
299 1149 11 14 0.084021546 
371 172 199 281 0.07960262 
263 1146 14 18 0.07672704 
490 189 310 396 0.06538735 
68 554 362 474 0.061008256 
41 959 374 486 0.05168432 
208 1323 10 13 0.046955496 
655 803 226 293 0.037888333 
303 1089 209 302 0.037347026 
539 259 117 207 0.03416655 
270 1126 10 13 0.034086682 
131 1100 214 292 0.032951005 
265 1132 11 14 0.031550378 
209 1132 11 15 0.03096129 
223 103 189 274 0.028829437 
285 1217 14 18 0.027983801 
244 1150 10 12 0.027654463 
336 1131 138 170 0.02759037 
161 110 160 232 0.026954181 
331 1154 13 20 0.026751397 
459 361 144 140 0.026194 
218 235 234 235 0.025105385 
463 297 227 214 0.025090735 
180 1323 13 15 0.024352737 
219 1238 29 33 0.021861283 
185 1211 108 158 0.02185667 
156 201 109 130 0.021326061 
271 1268 25 32 0.02064079 
296 1143 11 13 0.020593075 
591 318 252 307 0.020222785 
