13_Interview_Interview_Sequences_13_1032
26
388 142 215 279 0.9999331 
601 1086 281 293 0.5286674 
289 253 431 430 0.13230169 
139 562 11 14 0.11151296 
267 1339 133 133 0.065499425 
461 990 398 486 0.048637953 
753 1197 142 163 0.043639068 
6 521 24 37 0.04362871 
180 795 192 271 0.03829512 
346 856 61 88 0.032259047 
949 545 11 15 0.03042103 
684 237 11 15 0.0302897 
267 696 387 486 0.029556977 
108 97 210 310 0.028005475 
-24 702 151 253 0.026330013 
519 74 99 147 0.026272863 
189 464 241 270 0.026236746 
768 498 29 37 0.024565034 
1005 536 14 19 0.023311002 
877 747 45 61 0.022423515 
18 528 18 24 0.021142317 
708 290 12 17 0.021101352 
829 368 63 76 0.020492056 
899 785 14 18 0.020390049 
952 1122 64 74 0.020239621 
820 293 112 144 0.020192066 
