13_Interview_Interview_Sequences_13_2
120
265 191 53 70 0.9978077 
636 237 57 78 0.9970317 
495 171 49 64 0.9957 
916 218 37 49 0.99458474 
944 19 60 64 0.9924413 
656 24 34 46 0.99133885 
644 149 28 38 0.99111336 
548 198 32 46 0.98867 
742 286 76 97 0.98346186 
324 27 31 43 0.97999763 
120 272 58 67 0.9682889 
313 139 26 35 0.9658918 
233 30 38 44 0.9282698 
0 24 23 43 0.9137477 
565 30 42 47 0.8121945 
5 236 26 35 0.8079223 
226 190 28 40 0.8033503 
677 167 29 34 0.2886529 
449 -3 35 26 0.24474435 
117 -3 37 28 0.20511165 
554 32 67 74 0.17664737 
303 130 42 55 0.15701579 
714 159 16 19 0.1472066 
329 21 51 57 0.13583997 
217 39 68 66 0.12473862 
0 224 37 61 0.11132086 
322 233 34 39 0.10142705 
52 149 14 17 0.09721342 
-1 140 13 25 0.0824739 
883 194 27 33 0.073344804 
300 431 29 37 0.07037126 
709 187 25 31 0.05900894 
369 166 26 35 0.05766301 
123 202 30 31 0.055846117 
507 593 49 61 0.0522586 
52 173 18 24 0.05135543 
322 5 117 145 0.04899886 
694 380 27 33 0.048141886 
258 555 14 18 0.047139224 
733 622 72 67 0.045217093 
651 158 41 47 0.04469978 
935 11 91 111 0.044206534 
287 199 50 64 0.04417416 
655 509 105 85 0.043964867 
1012 235 12 21 0.043779287 
199 155 15 19 0.04375406 
339 155 28 35 0.043675743 
418 172 23 29 0.04318284 
591 200 38 50 0.042452764 
618 -3 33 32 0.039917286 
573 191 43 56 0.03733755 
101 202 26 31 0.03707179 
889 176 17 20 0.037041318 
241 178 44 62 0.03540564 
216 449 49 57 0.03496809 
935 23 26 35 0.03482665 
862 276 43 55 0.03412603 
374 153 13 16 0.0336813 
723 274 67 78 0.033399083 
761 183 39 49 0.033046722 
936 27 13 17 0.032560665 
211 192 40 56 0.032144915 
165 269 32 46 0.03208502 
318 139 46 62 0.031882014 
427 173 25 30 0.03152525 
109 173 15 17 0.030887686 
-2 0 94 112 0.029203776 
558 207 19 25 0.029129555 
297 -4 36 34 0.028819706 
718 191 30 38 0.028388219 
219 42 106 123 0.028134637 
689 6 56 64 0.027933877 
35 155 41 62 0.027721444 
106 207 16 20 0.027637055 
1014 226 10 18 0.027382012 
908 229 29 37 0.027197069 
411 176 16 20 0.026856186 
0 13 46 67 0.026684579 
348 491 15 18 0.026606034 
505 12 101 119 0.026256789 
472 631 61 59 0.026113465 
142 198 28 37 0.025809508 
156 196 29 34 0.0256104 
139 136 15 18 0.025513615 
518 177 46 63 0.025067404 
619 227 44 60 0.024964733 
686 7 97 123 0.024889264 
178 232 43 59 0.024858298 
687 253 38 55 0.024438605 
616 147 47 62 0.02429686 
702 320 51 73 0.02400768 
85 196 12 16 0.023946265 
111 250 54 68 0.023920512 
717 604 68 69 0.023391983 
758 189 25 33 0.023218362 
662 24 51 65 0.02263246 
8 179 47 76 0.022473745 
329 239 20 24 0.02241653 
945 300 54 68 0.022320876 
701 179 25 33 0.022247665 
373 384 14 20 0.021812486 
500 622 62 61 0.02180689 
666 179 30 36 0.021776898 
108 219 50 58 0.021729229 
311 423 25 30 0.021541491 
539 35 109 122 0.021513507 
875 197 22 28 0.021430636 
312 222 33 44 0.021421941 
764 638 63 53 0.021313433 
330 366 46 53 0.021114979 
536 28 53 60 0.021087414 
14 162 31 40 0.020984594 
818 253 30 46 0.020769412 
423 516 14 22 0.020687776 
670 569 121 120 0.02038863 
339 148 44 59 0.02026772 
600 250 43 60 0.020201674 
677 -63 469 484 0.020157551 
279 126 51 61 0.020092264 
756 196 15 19 0.02002084 
