13_Interview_Interview_Sequences_13_209
39
420 57 60 79 0.9985077 
85 116 73 91 0.99664414 
867 66 79 99 0.98960495 
686 176 28 47 0.9877389 
518 198 25 42 0.97232515 
282 172 35 49 0.8121138 
469 267 269 298 0.30753574 
715 67 63 65 0.2212002 
635 256 14 18 0.17693532 
512 5 15 18 0.10811642 
353 173 443 464 0.07803596 
541 52 19 28 0.077244185 
644 250 15 17 0.065914564 
552 195 26 37 0.05678288 
526 195 36 49 0.056733727 
585 37 23 28 0.055415966 
722 278 49 64 0.05523701 
559 58 13 17 0.053411536 
565 5 16 17 0.05074954 
224 449 73 73 0.044331234 
448 196 13 16 0.042936113 
518 198 13 19 0.03750813 
708 188 32 41 0.03615674 
796 216 25 39 0.029958274 
491 2 13 16 0.029083615 
631 229 13 18 0.026343139 
635 253 25 31 0.025583748 
374 259 10 14 0.025334211 
613 226 13 15 0.02466972 
528 241 29 32 0.024263449 
196 427 117 126 0.024249127 
426 2 17 19 0.02423324 
377 279 233 290 0.023052523 
863 178 49 57 0.022681726 
691 166 44 57 0.022589086 
572 218 13 18 0.022480063 
500 275 12 15 0.021697987 
675 274 15 24 0.020960415 
565 356 128 181 0.020387636 
