13_Interview_Interview_2_People_Visible_13_239
30
541 88 230 309 0.9998958 
166 609 197 280 0.42967978 
267 759 46 71 0.17903715 
58 131 443 567 0.16419904 
242 1243 270 267 0.13073653 
222 679 116 155 0.119773746 
41 1003 146 225 0.09202043 
237 221 419 477 0.08600276 
410 1168 415 538 0.082191 
284 737 28 32 0.074739896 
32 384 419 537 0.06960363 
176 33 370 444 0.066457845 
542 1065 194 238 0.061097287 
155 1308 377 495 0.050206766 
505 1191 191 236 0.04442712 
536 812 229 298 0.041497324 
400 560 402 498 0.040078774 
657 1365 369 461 0.03454354 
684 409 189 255 0.033021834 
638 901 375 499 0.031260166 
204 1427 226 325 0.02937593 
590 28 307 443 0.028528605 
749 475 218 258 0.0278656 
522 906 186 301 0.026914593 
516 1264 121 146 0.025309104 
564 1136 117 143 0.025231374 
534 1657 95 134 0.023592066 
591 1326 27 33 0.022133166 
201 1046 386 457 0.02116879 
332 62 235 283 0.020093516 
