13_Interview_Interview_On_Location_13_569
67
285 410 315 434 0.9922368 
855 649 40 51 0.71130234 
802 610 39 63 0.35437962 
704 305 109 115 0.27423012 
729 198 181 191 0.20700638 
757 608 25 35 0.18504107 
770 658 41 65 0.15175296 
711 335 65 73 0.13502412 
791 612 28 37 0.111587405 
683 314 55 61 0.10612843 
751 261 34 38 0.10550414 
826 729 33 40 0.10388172 
772 728 29 42 0.09834137 
772 610 28 36 0.091745496 
788 619 16 25 0.08933852 
704 360 30 39 0.08747288 
727 698 47 64 0.078302436 
896 682 32 40 0.074682504 
698 258 180 207 0.07373612 
826 627 46 65 0.070351854 
752 709 50 69 0.06952662 
370 284 337 482 0.06942151 
803 603 30 42 0.06812004 
823 740 50 57 0.05886781 
677 323 35 41 0.058274053 
855 682 31 38 0.053168766 
294 783 405 520 0.05067868 
701 368 61 75 0.044759315 
818 624 29 44 0.043205313 
631 782 458 576 0.04309839 
844 746 16 20 0.04248577 
813 820 30 32 0.042180337 
810 695 28 36 0.040164743 
867 267 15 19 0.039995655 
837 743 27 31 0.03620649 
735 344 40 44 0.03514307 
817 698 18 21 0.034875717 
790 671 44 62 0.034406055 
830 629 27 40 0.034327507 
841 727 28 33 0.0341082 
722 707 32 40 0.03338865 
708 637 47 62 0.033076048 
776 600 46 60 0.03158153 
872 274 17 21 0.030128537 
786 683 18 30 0.029791214 
706 244 31 33 0.029710267 
740 64 238 320 0.02819644 
776 730 52 63 0.027952619 
649 351 102 120 0.027352655 
144 327 359 492 0.027106762 
778 607 18 22 0.02678398 
739 708 30 36 0.026424654 
821 768 25 33 0.025579188 
755 666 83 119 0.025563365 
799 645 31 42 0.025071261 
858 729 16 21 0.024709685 
723 353 36 45 0.024681015 
822 773 15 20 0.022961495 
803 713 47 62 0.022689354 
772 651 16 21 0.0218585 
808 625 22 32 0.021532103 
800 245 77 76 0.02141109 
786 653 28 39 0.02132716 
779 786 65 60 0.020686796 
785 610 16 22 0.020584038 
853 712 27 33 0.02049915 
835 777 15 21 0.02045162 
