13_Interview_Interview_Sequences_13_111
23
762 117 29 41 0.99865025 
212 151 36 45 0.9975579 
290 171 25 33 0.9952866 
122 210 23 29 0.9821683 
595 33 40 49 0.968778 
388 219 22 28 0.9640003 
509 178 22 29 0.92021763 
460 252 13 18 0.12067819 
513 210 14 19 0.099053204 
925 365 55 60 0.06809459 
268 345 14 22 0.050154652 
335 333 10 14 0.04887593 
534 346 25 34 0.04271311 
548 388 11 15 0.042233407 
141 324 25 33 0.032566253 
276 338 13 17 0.032490205 
545 348 18 22 0.031181553 
453 341 10 14 0.026533177 
538 257 40 56 0.026450457 
203 429 17 22 0.024951713 
71 286 13 18 0.024044214 
466 251 14 18 0.021628803 
452 273 11 17 0.02027344 
