35_Basketball_basketballgame_ball_35_478
624
127 415 68 95 0.9986333 
893 208 15 19 0.61352766 
720 318 12 15 0.58212703 
620 109 9 11 0.30922335 
924 240 23 31 0.28710923 
660 159 11 13 0.23846966 
473 168 9 12 0.20921235 
463 149 8 10 0.19530277 
687 180 11 14 0.1924975 
697 168 8 11 0.19081019 
624 160 9 12 0.17718236 
600 160 8 10 0.1724084 
430 144 9 11 0.17095992 
735 164 9 12 0.15515894 
401 159 9 11 0.14949763 
494 142 9 12 0.14910066 
612 181 9 11 0.1452223 
478 149 8 11 0.14372212 
623 140 9 13 0.1434251 
493 165 9 12 0.13757014 
343 148 7 10 0.13452904 
498 102 9 12 0.13154732 
441 158 8 11 0.12241685 
655 135 8 11 0.12141732 
742 160 8 11 0.112097986 
789 242 11 13 0.11185479 
489 161 9 11 0.11024527 
380 262 11 14 0.10564406 
577 103 8 10 0.10388425 
749 244 10 12 0.099479094 
310 271 23 26 0.09752661 
694 172 9 11 0.09451549 
629 164 10 13 0.092512004 
638 166 8 10 0.09202967 
657 196 9 12 0.09008201 
440 198 9 11 0.08816854 
323 272 16 19 0.08720627 
614 199 12 15 0.08635187 
458 158 8 10 0.08557937 
472 148 9 12 0.08337628 
806 244 11 13 0.08292267 
744 239 11 14 0.0826932 
949 261 15 21 0.080932505 
689 176 9 12 0.07864667 
583 100 9 11 0.07690232 
782 176 7 9 0.07618163 
103 191 8 11 0.074752726 
622 134 9 13 0.07366067 
809 158 8 11 0.07345594 
767 141 8 11 0.07102162 
718 167 9 12 0.0703546 
264 189 9 12 0.07015281 
395 175 11 13 0.06999796 
459 152 7 9 0.069675915 
704 151 9 11 0.06938812 
447 125 8 11 0.06858283 
513 89 7 9 0.06789828 
330 182 8 10 0.06702847 
659 163 9 12 0.066587135 
613 176 9 12 0.065871075 
426 150 7 11 0.064734526 
510 260 11 14 0.06448989 
445 181 9 12 0.0632052 
498 65 7 9 0.062712766 
111 168 10 13 0.062482957 
304 168 8 9 0.061450712 
369 192 7 9 0.060959976 
624 149 10 12 0.06074218 
461 157 8 11 0.060268678 
68 187 9 13 0.059866305 
632 85 8 11 0.059702467 
330 273 14 22 0.059673782 
472 32 8 11 0.058677174 
427 142 8 12 0.05865871 
624 172 9 12 0.058094822 
383 164 8 11 0.058075555 
889 212 12 16 0.05754429 
82 91 8 12 0.057298116 
341 244 10 13 0.05725169 
730 165 8 11 0.05673012 
289 150 6 9 0.056726843 
813 158 8 11 0.056150246 
621 191 9 12 0.055799298 
71 207 10 13 0.055696208 
404 260 11 14 0.054890215 
620 197 12 14 0.053823337 
270 189 8 12 0.053706776 
624 128 8 11 0.053477097 
430 207 8 10 0.053092245 
463 112 8 9 0.053079013 
798 88 9 10 0.05304593 
489 117 9 12 0.052504968 
488 136 8 10 0.052210417 
477 128 9 11 0.051672317 
70 232 8 11 0.05142356 
497 69 8 10 0.050791226 
440 153 8 10 0.05018774 
282 174 7 10 0.049454533 
616 189 9 12 0.04943474 
677 260 11 14 0.049385156 
778 175 7 9 0.048648436 
278 213 9 12 0.048264835 
662 202 10 13 0.047932003 
270 185 8 10 0.04772833 
502 64 7 10 0.047725156 
333 258 13 17 0.047391556 
597 203 11 14 0.047090326 
544 53 8 10 0.046881154 
751 197 8 11 0.046753272 
496 108 10 12 0.0466951 
398 190 10 13 0.046459597 
669 173 10 13 0.04625343 
661 152 10 13 0.045988858 
366 166 8 11 0.045862984 
90 197 8 10 0.0452608 
397 211 10 13 0.045158584 
239 143 9 10 0.04501961 
639 198 8 11 0.044913903 
447 120 7 10 0.044767443 
759 120 9 10 0.044575438 
860 276 10 13 0.044437304 
424 206 9 11 0.04432712 
805 334 13 14 0.043791406 
757 192 8 10 0.043718927 
490 141 9 12 0.04338958 
804 341 15 18 0.04317757 
495 171 8 11 0.04302229 
550 36 9 11 0.04292696 
338 144 7 10 0.04292344 
552 166 9 10 0.04272419 
448 139 10 13 0.04241196 
669 158 10 13 0.04240188 
552 25 7 9 0.042329997 
440 174 10 12 0.041985184 
713 168 9 11 0.041812096 
455 96 8 10 0.041754883 
265 151 7 9 0.041750636 
338 149 8 9 0.04165208 
273 150 8 9 0.041624606 
709 151 8 10 0.041616254 
440 193 8 10 0.041524038 
495 147 9 11 0.04145035 
600 188 9 11 0.04138281 
512 93 9 11 0.041354567 
440 165 9 11 0.041280553 
264 176 7 9 0.041207574 
645 150 9 11 0.04105342 
70 131 10 13 0.040727388 
88 229 8 10 0.040606808 
326 262 13 15 0.040501352 
574 109 10 12 0.04011419 
444 175 9 12 0.039892577 
273 145 7 9 0.039744154 
380 218 10 13 0.03956992 
476 172 9 11 0.039347954 
550 29 9 12 0.039273575 
752 193 8 10 0.039246038 
681 205 8 11 0.03923478 
120 223 9 12 0.03920328 
633 53 8 11 0.0390656 
543 104 8 10 0.038943164 
89 224 8 10 0.038694847 
64 152 12 16 0.038655967 
446 134 11 13 0.03862686 
432 173 8 11 0.038456988 
718 341 11 14 0.038421914 
470 144 9 13 0.03831496 
204 181 419 457 0.038264446 
883 213 24 30 0.038259644 
552 49 7 9 0.038119983 
400 164 8 10 0.03811561 
396 180 11 13 0.03802616 
769 207 10 11 0.03784986 
589 102 8 10 0.03780824 
887 226 13 17 0.0377889 
638 111 9 10 0.03774655 
416 152 8 10 0.037642527 
604 158 9 12 0.03753047 
628 141 9 13 0.03739653 
543 49 8 9 0.03737273 
574 74 10 14 0.03727321 
88 192 8 11 0.0371773 
729 151 8 9 0.037154835 
776 192 8 10 0.037106063 
614 36 9 11 0.037020434 
280 145 7 9 0.03700864 
278 159 9 11 0.036624394 
647 157 9 11 0.036547083 
96 110 8 11 0.036351196 
876 219 12 15 0.036108315 
623 78 9 11 0.03610805 
745 197 8 10 0.036094103 
808 190 8 11 0.036013223 
609 36 9 11 0.035953913 
441 180 10 11 0.035883352 
271 102 7 11 0.03579977 
529 103 7 10 0.035793927 
489 95 8 9 0.035476275 
517 158 8 10 0.03545912 
494 123 10 13 0.035382506 
465 52 7 10 0.03534359 
326 238 10 12 0.035245966 
321 193 7 9 0.035219602 
681 198 8 12 0.03517597 
65 237 9 13 0.03513167 
823 143 8 11 0.035004374 
639 160 9 11 0.0350008 
185 24 7 10 0.034988806 
784 143 8 10 0.034921315 
792 184 8 9 0.034889687 
432 335 410 466 0.03485835 
841 197 11 13 0.034826774 
360 152 7 9 0.03473465 
447 204 9 10 0.034678917 
561 158 9 12 0.034656975 
736 136 7 10 0.03449677 
661 132 10 14 0.0344615 
703 158 8 10 0.03439971 
264 184 9 11 0.034371357 
359 160 8 10 0.034281235 
313 158 8 9 0.03409076 
280 150 7 10 0.034013797 
863 189 10 13 0.033916935 
608 150 8 11 0.03384121 
799 189 9 11 0.033739433 
808 153 8 10 0.033734802 
328 37 7 10 0.03369884 
600 85 9 12 0.03369378 
729 159 9 12 0.033639736 
618 140 10 13 0.033526447 
582 174 9 13 0.03343918 
311 278 26 34 0.03335696 
202 126 8 10 0.033347435 
787 324 59 60 0.033209633 
438 142 8 10 0.03310696 
484 154 20 26 0.03309852 
729 111 8 9 0.0329484 
245 187 10 13 0.032939207 
760 140 9 11 0.032904312 
361 165 8 11 0.03285509 
79 231 8 10 0.032822337 
501 70 8 10 0.032690063 
350 149 9 11 0.032622356 
144 25 6 9 0.032614797 
375 191 9 11 0.032465413 
790 151 8 10 0.03241189 
264 159 8 9 0.0323967 
800 141 7 10 0.032322083 
336 250 23 29 0.03228863 
359 46 9 11 0.032262217 
377 216 8 12 0.032231033 
327 150 7 9 0.032191433 
750 205 9 12 0.032160453 
702 171 9 11 0.03201427 
768 32 8 11 0.031831656 
704 207 8 10 0.031766653 
472 96 8 10 0.03173742 
657 125 8 12 0.031613007 
792 134 8 10 0.031537034 
793 190 7 10 0.031355046 
761 159 8 10 0.031183474 
255 140 9 11 0.031173479 
393 209 8 10 0.030979894 
633 49 8 9 0.03097812 
646 174 9 10 0.030918786 
366 216 10 12 0.0308673 
744 192 8 11 0.030857962 
814 192 10 12 0.0307479 
351 176 8 10 0.03072775 
358 206 9 12 0.030702762 
608 187 9 12 0.03068418 
616 102 19 25 0.030649345 
625 94 8 11 0.030543495 
664 170 11 14 0.030521568 
769 174 8 10 0.030425588 
585 86 9 10 0.030317353 
593 190 8 11 0.03027964 
106 221 8 11 0.03027205 
940 300 10 12 0.030221919 
678 158 9 11 0.030167082 
287 175 7 9 0.029910233 
839 148 8 11 0.029897638 
405 206 8 12 0.029831607 
280 129 7 9 0.02981679 
159 28 8 10 0.029760465 
766 136 8 11 0.029758772 
503 158 8 11 0.029752865 
629 197 9 12 0.029686065 
456 143 9 11 0.029676015 
235 149 12 15 0.029672183 
478 38 7 10 0.029664982 
64 131 9 13 0.029566502 
701 342 11 13 0.029536057 
616 55 8 9 0.029529458 
669 166 9 12 0.029498 
743 142 8 10 0.029377643 
448 96 8 10 0.029305821 
608 111 8 10 0.029280018 
119 216 8 10 0.029271325 
343 183 8 9 0.029241689 
537 48 7 10 0.029221654 
512 99 9 12 0.02921937 
553 68 10 13 0.02921619 
521 78 8 11 0.029183492 
551 176 10 14 0.029176924 
798 227 13 15 0.029124068 
870 166 8 11 0.02908529 
824 150 7 9 0.029070016 
638 48 8 10 0.029053628 
263 129 7 9 0.02902614 
282 133 7 9 0.029012648 
783 181 7 10 0.028978871 
576 175 9 11 0.02883441 
594 156 10 12 0.028798938 
295 71 7 9 0.028604811 
943 200 8 12 0.028578464 
599 70 8 9 0.028520472 
865 182 10 13 0.028350644 
441 119 8 10 0.028336752 
542 110 9 12 0.028310498 
782 192 8 10 0.02830377 
288 145 6 9 0.028296275 
527 63 8 10 0.028255152 
337 239 10 13 0.02820177 
775 142 8 10 0.028049408 
424 136 8 10 0.027951607 
806 124 9 12 0.027948763 
632 109 9 11 0.027913958 
153 25 7 9 0.027882673 
472 53 7 9 0.027860735 
640 124 10 12 0.027833227 
645 119 9 11 0.02781475 
327 167 8 10 0.027781252 
790 127 8 10 0.027742904 
791 158 8 11 0.027711155 
738 79 8 10 0.027615665 
511 61 8 11 0.027606556 
753 142 8 11 0.02755313 
398 153 10 13 0.027518624 
217 175 7 10 0.02751636 
809 207 9 11 0.027510215 
279 165 8 11 0.027508834 
734 152 9 9 0.027458617 
759 183 8 10 0.027447417 
406 163 9 11 0.027437473 
144 215 8 11 0.027430374 
393 158 8 11 0.027424708 
588 28 10 13 0.027391283 
814 237 10 13 0.027385805 
726 237 9 12 0.027377265 
610 70 8 10 0.027331136 
256 109 9 10 0.02729946 
626 84 9 11 0.027287522 
447 153 7 9 0.027237145 
376 165 8 10 0.027205413 
398 388 11 14 0.027201623 
748 302 109 132 0.02716051 
513 156 8 11 0.027109923 
616 128 8 11 0.02707204 
591 85 9 11 0.027055366 
280 111 7 10 0.027049454 
617 77 8 11 0.026997022 
641 71 8 10 0.026957195 
807 184 7 9 0.026900697 
967 613 36 37 0.02676699 
455 101 8 10 0.026681866 
624 55 8 10 0.02664278 
271 176 8 9 0.02656071 
646 204 10 12 0.026552837 
735 48 8 10 0.026540931 
803 304 63 72 0.02650187 
480 159 8 10 0.026458917 
799 136 8 10 0.026386382 
695 242 12 15 0.026338425 
600 55 7 9 0.026194554 
488 87 8 10 0.0261782 
319 150 8 11 0.026143115 
286 136 8 9 0.026103497 
812 267 15 16 0.026085198 
557 64 10 13 0.026079439 
441 124 9 11 0.026075443 
801 176 7 9 0.026073843 
615 241 11 15 0.025904289 
278 190 8 11 0.025892295 
480 190 9 10 0.025879845 
559 23 8 11 0.025868641 
608 54 8 10 0.025760718 
656 119 9 12 0.025756208 
734 111 7 10 0.02562315 
77 211 9 11 0.025587888 
337 206 8 11 0.025576655 
629 92 10 12 0.02553674 
807 212 9 11 0.025518773 
345 176 7 10 0.025381345 
426 172 9 11 0.025371121 
560 150 10 13 0.02530032 
110 223 8 11 0.025295753 
647 101 9 12 0.025255956 
462 125 9 12 0.025232695 
937 204 9 12 0.025229253 
505 87 7 9 0.025203567 
416 205 9 11 0.025191203 
505 79 7 9 0.025112273 
800 184 7 10 0.025109319 
761 221 9 11 0.025094645 
606 165 9 11 0.025094349 
528 149 10 12 0.025080038 
288 111 7 9 0.025073811 
455 164 9 11 0.025029093 
614 71 8 10 0.025014894 
593 55 7 9 0.025013214 
785 149 8 11 0.025003567 
130 40 7 9 0.024980374 
326 197 8 10 0.02496739 
394 267 15 17 0.024944233 
415 157 8 11 0.02492582 
817 174 8 10 0.024898767 
646 166 9 10 0.024889555 
270 95 8 11 0.024878575 
273 164 8 10 0.024853038 
629 239 12 16 0.024752485 
846 178 11 14 0.024733413 
314 152 8 10 0.02473255 
264 143 8 10 0.024728667 
545 35 9 12 0.024727661 
381 244 12 13 0.02464503 
350 143 9 11 0.024643322 
641 117 9 12 0.024614742 
569 110 9 10 0.02456708 
737 143 7 9 0.024531268 
456 181 8 11 0.024508582 
433 192 8 10 0.024475327 
288 118 7 10 0.024423216 
559 165 10 11 0.024388324 
809 164 8 11 0.024376107 
750 173 9 12 0.024351131 
486 182 10 13 0.024305886 
798 243 12 14 0.024282767 
720 150 7 10 0.02420172 
934 250 22 31 0.024183923 
110 179 10 14 0.024166808 
792 110 8 11 0.024110852 
485 202 11 13 0.024098726 
440 204 9 10 0.024057068 
815 231 11 14 0.024009483 
326 191 8 11 0.024006126 
392 167 8 9 0.024001244 
863 195 10 13 0.023989983 
760 153 8 9 0.023977663 
766 241 11 14 0.023759767 
824 182 8 10 0.02375039 
608 126 8 11 0.023745926 
767 104 7 8 0.023670351 
818 142 8 11 0.02366731 
445 199 9 12 0.023663634 
795 86 8 11 0.023650363 
495 96 10 11 0.023623137 
231 190 8 11 0.023596548 
785 135 7 9 0.02359212 
512 143 9 10 0.02357103 
312 38 7 9 0.02348349 
270 87 8 9 0.023482352 
575 180 9 11 0.023436276 
575 36 9 11 0.023404835 
661 140 9 13 0.023375895 
719 104 8 10 0.023356244 
589 174 10 12 0.02328741 
293 151 8 9 0.023274822 
736 244 10 12 0.023263464 
464 48 7 10 0.02326197 
799 92 10 12 0.023259906 
64 63 9 13 0.02325431 
327 71 7 9 0.023223108 
640 172 9 11 0.023222012 
576 31 8 10 0.023214186 
599 65 7 9 0.023211878 
721 207 7 10 0.023211114 
950 210 11 15 0.023183454 
856 357 11 15 0.023148019 
321 183 7 9 0.023103952 
590 181 10 12 0.023059117 
496 87 8 9 0.023056265 
217 197 9 11 0.023007706 
433 198 8 11 0.022973549 
802 119 8 11 0.022944937 
359 191 8 11 0.022928951 
529 93 7 9 0.022876255 
727 127 7 10 0.022875788 
648 142 10 11 0.022873327 
720 191 8 10 0.022859784 
659 191 12 15 0.022845378 
94 221 9 11 0.022844112 
774 207 9 11 0.022826502 
328 176 9 11 0.022694038 
335 136 7 9 0.022678398 
568 102 8 11 0.022654027 
848 101 8 10 0.022650616 
887 183 11 14 0.0225948 
222 191 9 11 0.022588613 
528 144 9 11 0.022586895 
418 103 7 10 0.02257556 
694 61 9 12 0.022561539 
698 268 15 19 0.022549376 
785 127 8 9 0.0225221 
744 96 7 10 0.022518737 
489 173 8 10 0.022518275 
639 143 9 12 0.022509288 
422 87 7 10 0.022474123 
526 88 8 10 0.02242831 
528 31 8 11 0.022387214 
485 189 10 12 0.022366272 
615 24 8 9 0.02229742 
631 192 8 12 0.022292642 
577 97 8 11 0.022291021 
647 124 9 11 0.022249239 
489 71 8 10 0.022245975 
353 197 9 12 0.022245849 
143 30 8 9 0.022219397 
452 150 20 26 0.022208631 
95 190 9 11 0.022207709 
105 104 8 10 0.02214762 
222 205 10 13 0.022146014 
327 111 7 9 0.022092286 
696 162 9 10 0.022088418 
97 116 8 11 0.022084815 
352 191 9 10 0.022071468 
694 230 12 14 0.022049624 
454 86 8 10 0.022034636 
689 237 10 13 0.022012783 
487 79 7 10 0.021989565 
480 54 7 9 0.021959651 
623 71 9 11 0.021943111 
551 158 8 11 0.021922344 
792 166 8 11 0.021866683 
424 166 8 11 0.021774257 
318 157 8 10 0.021759411 
719 142 8 11 0.021723649 
68 101 10 14 0.02163576 
568 53 8 11 0.021626981 
215 25 7 9 0.021617591 
473 133 9 11 0.021520313 
335 38 7 9 0.021515654 
558 101 10 12 0.021511286 
796 236 13 16 0.021508498 
492 116 11 14 0.021443194 
365 276 14 18 0.021438759 
128 141 8 11 0.021438012 
256 150 9 11 0.02143697 
104 109 8 11 0.021421973 
621 236 12 16 0.02140738 
590 23 8 11 0.021403706 
138 25 7 9 0.021371434 
589 94 9 12 0.021366414 
446 191 9 11 0.021336548 
462 96 8 10 0.021307651 
623 116 8 10 0.02129133 
605 86 8 11 0.021227172 
176 46 8 9 0.02122512 
464 174 10 13 0.021210505 
783 87 9 10 0.021208683 
302 142 7 10 0.02120246 
535 133 8 11 0.02118583 
768 112 7 8 0.021118665 
432 125 9 10 0.021067703 
517 152 9 11 0.021064015 
918 298 12 15 0.021017449 
431 37 8 11 0.021010695 
333 159 8 10 0.021010043 
152 199 6 8 0.020994704 
196 182 9 12 0.020975346 
161 105 6 8 0.020926382 
527 68 8 11 0.02091712 
456 125 8 11 0.020912832 
384 182 8 11 0.020883674 
704 182 9 12 0.020883419 
774 262 11 14 0.02087828 
690 167 8 11 0.020861967 
615 63 9 11 0.020827238 
352 157 9 11 0.02079718 
822 175 8 10 0.020747991 
423 157 7 11 0.020739244 
217 190 9 12 0.020735754 
551 82 11 13 0.020709343 
783 207 9 11 0.020679384 
449 80 7 9 0.020675777 
816 152 7 10 0.020669648 
452 135 10 12 0.020619487 
519 142 9 11 0.020582728 
423 110 7 9 0.020578088 
103 118 8 11 0.020575926 
381 191 10 12 0.020570612 
520 61 8 10 0.020554993 
394 153 8 10 0.020520546 
600 111 8 10 0.020514037 
538 53 7 10 0.020507416 
744 153 7 9 0.020502027 
393 190 9 12 0.020490486 
467 162 20 24 0.020475462 
845 202 10 13 0.020473799 
422 103 8 10 0.020439107 
671 179 9 13 0.02042397 
191 24 7 9 0.020388324 
816 183 8 10 0.020369742 
104 124 9 11 0.020364981 
273 213 9 12 0.020348895 
265 95 10 12 0.02033478 
231 173 8 12 0.02030905 
177 41 6 8 0.020280113 
392 273 14 18 0.020278972 
528 37 8 10 0.02023487 
450 86 7 9 0.020217951 
870 174 9 12 0.020202005 
303 172 9 11 0.020177465 
598 152 10 13 0.020161344 
85 157 9 12 0.02014811 
441 135 9 12 0.020137196 
375 184 9 10 0.020133866 
911 39 9 10 0.020125566 
904 236 11 14 0.020082295 
872 127 9 11 0.020079425 
314 124 8 10 0.020067967 
799 214 10 11 0.020042222 
804 248 13 16 0.020027392 
352 136 8 10 0.020018985 
