35_Basketball_Basketball_35_801
25
642 276 15 20 0.67035115 
921 252 16 21 0.5245229 
2 344 220 282 0.15667053 
592 342 31 36 0.11170305 
574 322 51 61 0.070382416 
539 304 101 103 0.056184206 
267 103 16 22 0.05304891 
903 250 43 57 0.044998758 
34 195 125 178 0.03669046 
639 299 34 38 0.036305577 
632 275 27 36 0.035466786 
1010 323 12 17 0.03205089 
894 272 51 67 0.02920394 
911 249 13 18 0.027620088 
304 87 10 13 0.026830057 
10 2 33 36 0.024880633 
551 350 62 83 0.024303637 
503 312 63 66 0.023757236 
-17 67 357 473 0.023573257 
888 231 11 15 0.023359038 
525 405 10 13 0.023197457 
59 410 140 172 0.023091959 
526 279 154 180 0.022439275 
853 504 181 179 0.021212148 
516 222 24 27 0.020638304 
