35_Basketball_basketballgame_ball_35_389
203
505 231 35 45 0.9954921 
622 588 18 23 0.89849126 
321 612 12 15 0.7476555 
565 618 13 17 0.49661702 
28 596 9 12 0.27397037 
85 619 10 14 0.27014098 
14 608 13 19 0.2502628 
221 610 9 14 0.2409481 
151 621 11 14 0.20437287 
257 625 10 13 0.1865782 
4 600 22 33 0.18486097 
137 566 8 11 0.17717463 
136 584 9 12 0.1612416 
805 304 20 29 0.1517708 
933 228 30 34 0.14278403 
110 550 8 12 0.12807718 
821 304 21 30 0.12417892 
864 575 25 40 0.10213733 
286 604 9 11 0.084168285 
153 602 10 14 0.07648037 
61 580 9 12 0.070746735 
913 405 9 13 0.070167765 
141 567 8 10 0.067902975 
20 592 19 25 0.06490282 
902 436 11 14 0.0630909 
499 583 10 14 0.06250363 
162 567 8 10 0.061362516 
301 557 9 12 0.06130563 
314 595 9 13 0.059859168 
94 580 9 13 0.059701856 
145 619 10 14 0.05749793 
891 563 56 69 0.056817688 
311 572 10 13 0.055783793 
157 591 8 10 0.055176213 
185 591 8 11 0.053771574 
11 596 13 18 0.053065505 
517 572 14 18 0.052302968 
19 604 13 19 0.052037705 
294 572 8 12 0.051764153 
111 587 9 13 0.05118399 
52 546 14 18 0.050474226 
2 553 13 19 0.05005591 
266 495 29 43 0.04935497 
237 550 9 14 0.0464318 
103 572 9 13 0.046211507 
26 523 15 18 0.045333076 
202 541 7 11 0.044508073 
193 574 7 9 0.044448756 
233 555 9 13 0.044224914 
867 582 15 25 0.043832213 
930 594 29 41 0.043743987 
45 565 11 15 0.043630376 
139 587 10 12 0.04347334 
20 527 16 21 0.043015737 
130 566 8 11 0.042718407 
261 614 10 12 0.042033028 
117 589 10 12 0.041885722 
286 589 9 11 0.041303318 
145 542 8 11 0.041057333 
540 625 15 16 0.040795237 
111 568 8 10 0.0405502 
639 575 22 30 0.04051526 
160 572 8 11 0.04046143 
216 558 8 10 0.039284304 
200 557 8 10 0.03873776 
80 550 10 13 0.038552526 
260 566 11 14 0.037954815 
411 618 18 21 0.037820384 
177 543 8 10 0.03752972 
200 573 8 10 0.0375128 
104 568 8 11 0.037152845 
209 559 8 9 0.03693065 
104 542 9 12 0.03676065 
95 574 9 13 0.036469765 
271 605 8 12 0.035986762 
318 566 10 12 0.034804806 
605 595 12 16 0.03453498 
129 584 9 12 0.034213435 
263 599 8 12 0.03419747 
239 544 8 10 0.03406879 
917 405 10 14 0.034031045 
572 569 11 16 0.033908527 
342 564 10 13 0.033900592 
684 619 12 15 0.0338758 
871 438 11 14 0.033842072 
111 615 10 14 0.03368112 
263 605 9 12 0.03356522 
161 559 8 9 0.033329774 
153 573 8 11 0.032616492 
95 566 8 11 0.032230612 
91 618 11 15 0.032142837 
312 611 13 17 0.031840667 
370 454 29 43 0.031832986 
868 564 52 62 0.03161984 
69 547 10 14 0.031490497 
282 589 8 12 0.03143786 
89 575 10 12 0.031154582 
637 64 29 34 0.030701078 
323 392 26 36 0.03052669 
167 561 7 10 0.0305162 
-3 586 38 50 0.03048401 
177 558 7 11 0.030157818 
224 557 8 12 0.03007072 
119 568 8 10 0.029975126 
126 538 9 14 0.029739538 
954 578 51 63 0.02959929 
142 561 8 9 0.02956188 
387 602 12 16 0.029404193 
160 552 8 10 0.029258192 
102 580 11 15 0.028771134 
142 572 9 10 0.028743628 
380 520 14 18 0.028533649 
190 589 9 12 0.028437823 
926 578 57 64 0.028128548 
15 582 9 13 0.028119275 
150 597 20 26 0.028102111 
282 597 10 13 0.02777471 
137 572 8 10 0.027152712 
926 399 9 12 0.027141077 
95 557 9 12 0.027006634 
200 569 7 9 0.026889805 
935 95 11 13 0.026799217 
392 538 11 14 0.026748443 
185 574 7 10 0.026578108 
387 619 14 16 0.02642196 
350 604 9 13 0.026139492 
199 548 9 13 0.026110128 
908 437 10 13 0.026086012 
439 569 11 16 0.02607664 
200 587 9 12 0.025878746 
152 568 8 10 0.02585318 
262 559 9 12 0.025807038 
85 550 10 13 0.025629532 
150 542 8 11 0.025441082 
329 260 59 48 0.0253901 
566 590 12 17 0.02533635 
375 161 40 47 0.025200935 
28 602 13 17 0.025172083 
206 573 8 10 0.024791507 
641 620 17 19 0.024529312 
221 600 10 13 0.024486385 
984 118 11 14 0.024319857 
153 559 7 9 0.024175957 
104 556 9 12 0.024112916 
359 581 10 14 0.023999797 
80 615 11 15 0.023969987 
177 549 8 11 0.023793804 
230 582 8 11 0.023759615 
16 524 12 16 0.02359759 
103 618 10 14 0.023414088 
70 612 10 15 0.023000488 
215 567 8 10 0.022998279 
216 551 8 10 0.02291103 
22 561 11 17 0.022828713 
94 586 10 13 0.022746928 
873 456 26 31 0.022703763 
104 585 11 15 0.022623874 
166 572 8 12 0.022558289 
381 598 21 28 0.022476455 
208 568 7 9 0.022411492 
281 604 9 13 0.022396524 
413 546 11 16 0.02239498 
717 -85 434 480 0.02228848 
261 478 16 18 0.022286538 
109 544 9 13 0.022284612 
916 457 13 15 0.022217816 
1 415 12 20 0.022206208 
756 618 11 15 0.02205367 
40 562 12 17 0.022015698 
60 547 12 16 0.021856595 
54 571 10 14 0.021831144 
556 544 12 17 0.021797283 
153 626 12 13 0.02175771 
29 547 12 16 0.0217033 
95 604 10 13 0.021702752 
152 583 8 11 0.021679707 
313 398 40 50 0.02151031 
375 563 9 14 0.021446029 
395 619 13 16 0.021287099 
419 604 14 18 0.021269977 
201 537 7 10 0.021261932 
37 555 13 17 0.021229798 
959 415 8 11 0.021180324 
676 625 14 15 0.021155074 
70 563 11 13 0.02114744 
934 404 10 13 0.02097653 
380 611 17 23 0.020945529 
13 589 11 15 0.020908246 
89 565 8 11 0.020901667 
62 555 10 14 0.020782756 
128 560 8 11 0.020756198 
38 603 11 16 0.020750016 
96 550 8 12 0.020726794 
68 572 11 14 0.020587135 
143 549 8 10 0.020542646 
875 445 12 15 0.020435153 
225 581 8 11 0.020351278 
319 559 10 12 0.020234909 
587 573 13 17 0.020222131 
317 591 10 13 0.02018099 
543 587 11 17 0.020173116 
560 613 14 17 0.020108338 
397 586 11 14 0.020033643 
