35_Basketball_Basketball_35_653
32
264 41 58 80 0.9992829 
366 45 58 80 0.9990995 
207 314 51 69 0.9990915 
462 69 55 77 0.9986613 
93 271 54 75 0.99861276 
597 26 55 72 0.9985262 
734 45 52 71 0.9985066 
871 32 52 72 0.99807775 
652 271 51 69 0.9977925 
380 296 51 71 0.99772304 
537 292 54 76 0.997497 
923 281 54 71 0.9973688 
99 32 54 77 0.9965879 
810 278 52 69 0.9960347 
173 295 32 44 0.28054056 
994 357 32 52 0.110491365 
461 377 47 54 0.07430741 
160 396 51 62 0.04507686 
189 296 46 58 0.042370185 
140 423 124 145 0.041508608 
982 280 29 34 0.036301386 
705 251 43 59 0.035068266 
146 277 45 59 0.025211446 
167 439 77 83 0.024959017 
166 306 14 19 0.023947876 
873 374 43 60 0.023460282 
439 238 53 51 0.022180608 
177 313 20 27 0.021664197 
12 120 51 63 0.021614676 
447 272 51 65 0.021330709 
987 287 18 21 0.02088872 
553 251 49 57 0.020205615 
