35_Basketball_playingbasketball_35_283
68
664 346 107 104 0.8899273 
-4 226 163 246 0.5558971 
232 4 31 36 0.12892066 
32 -66 337 502 0.09634081 
256 1 33 36 0.079965085 
0 978 12 21 0.07880121 
41 276 220 251 0.067711495 
122 283 26 33 0.062452298 
157 30 214 270 0.0609376 
67 141 462 526 0.05769046 
0 817 12 19 0.05451499 
373 908 14 18 0.05200502 
157 306 17 22 0.051887162 
188 606 13 15 0.037069272 
463 -1 39 33 0.037020896 
492 40 17 18 0.035093326 
444 49 17 21 0.03500902 
184 607 11 13 0.03467922 
-1 770 11 18 0.034145113 
351 -18 352 475 0.03227401 
0 1003 12 20 0.03207132 
1013 640 11 21 0.0315207 
1005 793 19 34 0.031174533 
737 -1 32 32 0.030450458 
726 477 50 56 0.030399982 
339 1132 399 491 0.03005486 
348 910 15 19 0.029464267 
1005 741 19 40 0.02921586 
92 588 17 20 0.02915967 
536 681 109 157 0.028864877 
140 638 14 17 0.02862673 
131 190 50 70 0.028562397 
345 883 23 29 0.028376805 
203 -1 31 31 0.027778875 
302 985 10 15 0.027714431 
-2 756 18 32 0.027440984 
47 1129 455 518 0.02732436 
443 88 15 18 0.026819516 
1011 688 13 23 0.026661204 
779 1372 16 18 0.026638897 
483 -94 366 486 0.0259276 
565 -11 243 288 0.025826706 
234 -2 50 52 0.025205113 
696 364 45 52 0.024963498 
182 623 12 14 0.024340639 
382 822 10 13 0.024155656 
0 954 12 22 0.024128934 
382 828 11 15 0.023902075 
166 637 11 13 0.02370877 
129 732 24 27 0.023350962 
425 195 15 17 0.023335408 
373 38 37 53 0.022926278 
483 84 15 18 0.02258039 
187 629 13 15 0.022424322 
159 590 9 11 0.022416439 
740 1372 16 17 0.022279264 
532 1 14 14 0.022258788 
-6 208 104 176 0.02199385 
148 582 10 13 0.021971865 
0 802 12 19 0.021276655 
173 637 12 16 0.021273334 
0 931 11 18 0.021202002 
160 639 10 13 0.020989114 
519 5 29 31 0.020787198 
435 839 11 14 0.02048742 
174 612 9 13 0.020452198 
549 720 66 92 0.020323616 
135 637 13 15 0.020023394 
