35_Basketball_playingbasketball_35_495
453
338 752 65 78 0.99583924 
232 1156 24 31 0.99407023 
737 1058 24 32 0.99257654 
824 819 61 76 0.99137235 
171 1117 25 32 0.99067783 
205 965 23 31 0.9847088 
741 989 24 32 0.98309386 
535 402 110 87 0.97970665 
252 1104 24 31 0.9793758 
179 923 23 30 0.9742176 
988 694 16 21 0.96930546 
844 605 15 19 0.965331 
4 777 77 78 0.96042573 
221 587 13 17 0.95755273 
819 658 15 20 0.94487834 
284 671 17 22 0.9271234 
263 773 20 27 0.9249619 
741 600 15 19 0.92211944 
243 704 18 23 0.9213365 
802 727 16 19 0.917502 
971 896 20 24 0.9171358 
793 757 16 20 0.9100332 
861 765 17 20 0.90566814 
835 794 17 21 0.898026 
261 607 15 20 0.896232 
902 815 22 29 0.8961677 
205 608 19 24 0.89315015 
168 632 18 24 0.88622034 
739 751 16 22 0.8722019 
347 473 15 19 0.86843187 
168 569 16 21 0.86634487 
918 670 17 23 0.8658384 
233 639 16 22 0.86573523 
946 864 16 22 0.85822827 
670 986 20 27 0.85133237 
285 741 19 25 0.81777143 
287 581 14 17 0.81771344 
225 743 20 25 0.8130836 
676 822 19 24 0.8082589 
202 434 14 19 0.7824207 
728 813 20 25 0.77725583 
934 695 16 22 0.77705854 
710 623 16 21 0.7769728 
974 843 15 19 0.7767382 
1009 898 14 23 0.76792276 
173 704 22 28 0.7670708 
950 829 16 22 0.72468334 
318 610 18 22 0.7177277 
942 792 18 23 0.71616596 
107 576 16 21 0.71322566 
933 607 15 18 0.696784 
44 567 19 24 0.69629717 
773 858 15 21 0.6854077 
134 671 17 22 0.6654568 
113 22 80 72 0.6635221 
830 631 16 21 0.6460949 
690 691 15 20 0.6434542 
883 690 13 17 0.63936365 
104 620 21 27 0.62800634 
994 609 14 18 0.62289864 
724 851 15 19 0.6178829 
933 728 17 21 0.617073 
289 705 16 20 0.57699347 
983 636 15 19 0.5746283 
964 739 13 17 0.54129326 
43 623 22 28 0.540918 
790 645 15 19 0.53375447 
874 631 16 20 0.5326308 
783 818 18 23 0.4705248 
1012 833 12 21 0.46951827 
730 659 14 18 0.45560035 
683 962 23 27 0.4470717 
302 634 17 20 0.4267636 
694 753 16 20 0.3974041 
723 901 16 21 0.3949847 
698 795 14 18 0.3739735 
997 762 17 20 0.3706367 
261 829 22 30 0.36217457 
870 659 16 23 0.35746267 
83 843 26 32 0.35507017 
289 450 14 20 0.3403972 
1007 1196 16 32 0.3242647 
143 437 13 17 0.31968966 
796 80 17 19 0.29520357 
1004 1094 16 30 0.2927858 
947 633 14 18 0.28397143 
120 616 22 30 0.25981796 
793 705 14 19 0.24751225 
855 485 13 16 0.23884831 
350 581 15 19 0.22598259 
733 790 15 19 0.21607082 
124 446 12 16 0.20024264 
867 729 17 21 0.19698073 
994 659 15 20 0.19300492 
339 738 17 22 0.18915428 
162 609 17 20 0.18652873 
754 829 11 14 0.18633595 
248 851 22 30 0.17275482 
359 426 14 18 0.16967277 
219 458 14 19 0.16875271 
864 704 15 20 0.16825697 
520 148 17 21 0.16782656 
867 89 15 20 0.16207749 
53 449 12 15 0.15995878 
986 736 16 19 0.15913452 
699 718 17 23 0.1543583 
678 440 16 20 0.1533464 
594 709 17 20 0.15138209 
585 786 28 36 0.14765371 
990 878 12 16 0.14709513 
6 818 93 118 0.14608735 
704 473 16 22 0.14443527 
660 858 19 23 0.14358853 
38 790 43 50 0.14060056 
739 660 14 18 0.13736397 
742 900 14 18 0.13508528 
768 895 17 22 0.12797172 
846 770 14 16 0.123497084 
29 10 103 137 0.12153334 
278 86 159 211 0.12100073 
80 20 106 121 0.11956889 
238 482 14 19 0.11906114 
784 116 30 35 0.11680636 
773 667 17 22 0.116419636 
815 796 12 16 0.11505142 
779 490 14 17 0.11274307 
733 796 21 25 0.11158723 
840 1058 49 70 0.11106937 
851 501 14 20 0.1104864 
842 658 16 21 0.11046115 
335 936 100 126 0.1102209 
108 589 17 21 0.10083309 
825 775 11 15 0.099129304 
765 451 15 20 0.0983748 
890 815 26 34 0.093029715 
852 767 17 20 0.08830654 
893 678 12 16 0.08818266 
783 796 13 17 0.083244964 
157 603 15 20 0.08267984 
746 660 13 17 0.08116002 
301 789 42 57 0.080129646 
741 868 13 17 0.07977032 
606 63 17 22 0.077904634 
780 774 14 18 0.07367708 
54 627 17 22 0.07326658 
656 803 19 22 0.07326234 
116 698 17 20 0.07293217 
162 614 23 28 0.07221151 
226 785 18 21 0.06995388 
975 657 12 17 0.06923635 
727 788 14 18 0.065038614 
130 41 78 84 0.06462141 
189 478 15 23 0.06372655 
806 821 12 16 0.062182426 
995 738 13 17 0.060314994 
721 623 15 20 0.060298856 
296 744 16 22 0.059873737 
1007 443 13 20 0.05930957 
203 1128 18 21 0.05706229 
752 987 25 35 0.05658698 
169 608 18 21 0.05597783 
228 1123 18 21 0.05569492 
-6 757 64 78 0.054500822 
892 704 16 21 0.054202076 
902 776 15 19 0.05373892 
166 922 37 48 0.053668227 
212 609 21 28 0.05317489 
270 785 25 36 0.053026624 
124 770 14 19 0.05290596 
902 850 25 35 0.052461743 
1 441 12 21 0.05138566 
1002 718 15 18 0.05128953 
750 820 13 19 0.051234417 
969 737 14 20 0.051091705 
960 831 20 25 0.050930332 
947 762 16 21 0.0505351 
888 689 15 20 0.04990324 
228 1132 26 37 0.049414206 
131 451 12 16 0.049027838 
159 492 13 16 0.04769614 
959 740 21 27 0.04733535 
884 704 16 22 0.047250118 
35 617 18 21 0.046963476 
38 629 17 21 0.04622988 
765 796 15 19 0.04562921 
44 460 15 21 0.045453 
227 461 12 17 0.045283675 
1003 609 14 20 0.045228995 
228 609 17 21 0.04508051 
170 838 16 23 0.044833817 
763 971 17 21 0.04481232 
835 76 12 15 0.04466721 
283 752 22 29 0.04464685 
241 490 14 20 0.044210296 
275 779 37 49 0.043963157 
373 459 15 20 0.043789208 
983 744 14 18 0.043526337 
225 613 24 29 0.043439448 
763 705 15 20 0.043310337 
773 106 52 58 0.04313758 
60 443 13 16 0.043089435 
288 819 25 32 0.043031655 
309 660 16 21 0.042929478 
998 859 15 20 0.042911466 
133 444 13 17 0.04249062 
746 796 14 18 0.04232135 
217 619 25 33 0.042250533 
517 468 27 37 0.042070158 
39 466 15 19 0.041686825 
63 417 13 17 0.041486215 
746 759 14 20 0.041365806 
75 2 174 195 0.041266553 
874 736 15 19 0.040968645 
973 718 17 22 0.040958233 
747 631 18 22 0.040457856 
966 751 23 31 0.039771616 
248 1140 22 33 0.039660588 
86 603 14 18 0.038588814 
182 462 12 15 0.03834574 
322 789 28 38 0.03820414 
157 614 17 22 0.038041126 
201 1089 25 30 0.03797721 
876 745 14 19 0.037798498 
717 653 21 26 0.037637178 
948 1168 59 74 0.037496235 
183 1102 25 31 0.037484303 
750 811 13 17 0.03743414 
520 442 54 65 0.037014585 
761 459 22 31 0.03665472 
980 882 20 26 0.03663252 
941 755 14 18 0.03658964 
890 766 21 25 0.03634679 
234 626 23 31 0.036226314 
286 661 14 18 0.036186527 
705 655 15 20 0.03618046 
983 875 14 17 0.03614265 
991 762 14 19 0.03596984 
989 741 21 26 0.035707545 
885 767 16 22 0.03524884 
953 633 14 19 0.035015367 
865 738 22 29 0.034702666 
923 630 15 19 0.034400973 
725 999 13 18 0.03431999 
974 920 12 16 0.033860408 
749 7 17 21 0.03375863 
237 742 21 29 0.033478472 
951 793 16 22 0.03347243 
162 595 14 17 0.03341616 
812 739 14 19 0.033151668 
113 618 20 25 0.03314849 
974 708 13 18 0.03311021 
262 692 15 20 0.0330637 
989 878 20 25 0.032923307 
150 601 16 20 0.03284698 
934 859 23 30 0.032827042 
148 567 14 19 0.03266554 
737 609 22 28 0.03264694 
85 474 15 19 0.032507658 
814 1003 43 51 0.03243604 
-2 823 29 39 0.03236737 
68 827 49 60 0.03234745 
899 516 13 16 0.03230096 
667 141 13 17 0.0322025 
981 755 14 20 0.031927556 
252 701 21 29 0.031770054 
786 648 22 28 0.03144039 
244 752 17 23 0.031134916 
345 787 63 68 0.031081086 
803 654 22 26 0.030921958 
788 74 18 24 0.030801646 
243 672 19 22 0.0307369 
737 598 13 16 0.030699182 
885 730 13 19 0.030515945 
605 650 12 17 0.030505108 
294 791 30 35 0.030480724 
852 796 14 18 0.030459033 
179 890 23 29 0.030248238 
1015 962 10 17 0.030184353 
718 1078 25 31 0.03015395 
133 521 14 17 0.029999254 
108 569 12 14 0.02996493 
781 786 15 20 0.029954644 
145 727 16 19 0.029868461 
745 749 15 20 0.029793086 
57 959 25 30 0.029739479 
950 846 22 29 0.029709203 
295 704 20 28 0.02967281 
557 1025 15 22 0.029594062 
-5 778 37 43 0.029593699 
343 461 22 28 0.029537702 
211 666 18 23 0.029380063 
1007 827 15 22 0.029165834 
90 611 22 28 0.02916275 
988 1176 41 65 0.029118448 
785 649 14 17 0.028944863 
980 868 13 16 0.028761938 
842 707 13 17 0.028740628 
758 976 16 19 0.028518591 
942 768 13 19 0.028405728 
745 39 23 36 0.028268848 
48 452 14 17 0.02815334 
945 729 15 19 0.028147215 
953 764 21 27 0.02810729 
258 789 25 32 0.028075393 
1009 594 12 16 0.027973901 
678 172 14 21 0.027963497 
882 789 14 17 0.027929638 
1012 609 13 20 0.027894733 
866 758 14 19 0.02781258 
683 857 17 22 0.027687447 
229 627 17 22 0.027651167 
11 782 41 41 0.027583007 
27 619 44 50 0.027582277 
770 800 14 19 0.027471542 
989 835 14 18 0.027471479 
918 1171 64 66 0.027446248 
265 615 14 18 0.027246978 
819 791 18 25 0.027146716 
55 808 32 39 0.027110927 
755 849 14 19 0.027103739 
706 816 15 21 0.027052881 
686 983 25 32 0.02701291 
844 635 13 17 0.026997562 
707 881 16 22 0.026902726 
178 605 14 19 0.026865685 
126 387 12 15 0.0267496 
834 794 29 36 0.026508907 
585 567 109 182 0.026484523 
413 76 53 62 0.026365265 
30 611 17 21 0.026330426 
740 620 21 27 0.026273629 
79 479 27 36 0.02617363 
791 1167 64 52 0.026057273 
606 76 100 168 0.025999242 
235 587 15 19 0.025974017 
879 693 20 24 0.025970181 
123 721 16 20 0.02586838 
894 529 15 18 0.025852026 
955 752 23 29 0.025768636 
54 717 12 16 0.025760032 
932 770 15 20 0.025641805 
326 600 12 15 0.02561651 
3 503 52 72 0.025425239 
915 840 38 52 0.025315069 
759 898 23 28 0.02529992 
559 409 40 41 0.025227156 
26 796 65 90 0.025193961 
200 -4 55 64 0.025106465 
668 970 34 44 0.025086902 
730 997 26 32 0.024976015 
348 719 16 20 0.024968417 
881 628 14 18 0.02491867 
828 1028 86 115 0.024839064 
943 833 22 30 0.024811598 
887 865 17 22 0.024805369 
250 738 18 21 0.024794636 
188 826 14 17 0.024763383 
322 777 52 65 0.024745839 
1003 728 15 19 0.024543183 
129 611 16 23 0.024505572 
821 773 19 25 0.024437001 
780 660 24 30 0.024403311 
968 846 24 30 0.024242235 
778 679 16 21 0.024101013 
174 596 13 15 0.02408445 
948 574 11 16 0.024075266 
324 678 14 17 0.024039235 
277 701 21 27 0.023974365 
580 782 47 58 0.023774685 
218 1142 26 35 0.023756754 
703 632 24 30 0.023711085 
1001 739 13 16 0.023588689 
68 441 14 17 0.02355677 
528 480 17 23 0.023525143 
958 733 16 20 0.023503061 
1011 762 13 18 0.02338879 
0 837 15 22 0.023365727 
886 571 13 16 0.023304474 
138 516 14 17 0.02311796 
72 838 28 33 0.023089917 
337 456 41 50 0.023056643 
969 765 17 23 0.023023477 
954 823 15 20 0.023020636 
748 30 47 62 0.023006096 
3 725 25 35 0.022988785 
757 740 15 18 0.022883194 
866 712 15 18 0.022846712 
66 412 14 17 0.022733504 
770 39 51 65 0.022708787 
106 672 16 20 0.022703828 
293 295 58 69 0.022678604 
718 813 20 27 0.022599256 
146 492 15 18 0.022521075 
213 699 14 19 0.022493143 
776 861 21 32 0.022480136 
850 487 20 25 0.022469461 
918 746 14 17 0.022358578 
76 443 15 18 0.022307301 
192 1117 24 32 0.022234559 
204 763 17 21 0.02215547 
778 799 20 25 0.022153325 
2 768 29 36 0.022101177 
293 638 21 26 0.02207307 
505 530 181 250 0.022013716 
317 681 14 18 0.02196727 
22 744 15 19 0.021895885 
979 649 15 20 0.021881074 
178 616 16 19 0.021827077 
842 772 21 26 0.021814521 
876 793 17 22 0.02179665 
275 562 13 16 0.021732528 
113 572 14 18 0.021699544 
248 621 22 30 0.021601077 
727 782 12 15 0.021538071 
69 1078 55 72 0.021501679 
322 618 17 24 0.021498147 
869 760 20 27 0.021462994 
786 777 15 18 0.02143844 
741 881 14 19 0.02139867 
682 754 23 28 0.02137806 
278 459 13 17 0.021338187 
780 840 14 17 0.021328 
997 904 26 32 0.021283055 
275 484 16 21 0.021209585 
980 819 15 18 0.021162914 
782 573 11 13 0.021064822 
821 787 13 19 0.021019313 
365 458 14 18 0.02100464 
314 892 97 123 0.020983975 
103 583 17 21 0.020848997 
933 859 14 19 0.02083011 
848 826 44 52 0.0208269 
778 612 14 17 0.02078581 
744 892 15 19 0.020740038 
681 740 23 31 0.020704916 
834 1184 55 54 0.02064757 
710 1002 15 20 0.020625044 
276 610 12 16 0.020620156 
756 704 16 19 0.020532994 
899 1002 33 34 0.020518452 
1013 601 11 19 0.020517025 
0 419 10 19 0.02045965 
628 158 16 21 0.020420155 
797 610 14 17 0.02040009 
140 673 21 28 0.020394892 
620 794 14 20 0.020380227 
664 0 28 30 0.020359226 
866 78 26 34 0.02035676 
300 663 19 26 0.020327864 
875 841 43 57 0.020321254 
440 76 53 68 0.020204142 
59 470 46 61 0.020103691 
83 451 12 17 0.02002653 
