35_Basketball_playingbasketball_35_252
34
595 59 50 63 0.9988667 
556 -4 41 49 0.99120986 
102 12 47 63 0.9904355 
478 62 51 75 0.9867612 
723 15 178 255 0.19713669 
435 10 56 68 0.1403437 
1005 70 19 30 0.08377908 
454 24 58 72 0.0733135 
499 70 52 70 0.06917912 
133 53 214 264 0.057531852 
383 147 52 73 0.05137005 
395 447 99 111 0.04670608 
525 78 32 47 0.045879483 
646 -27 304 400 0.045612738 
66 -4 32 33 0.04193937 
443 39 81 108 0.03798191 
395 75 47 61 0.03517825 
169 211 413 403 0.035116337 
485 34 53 70 0.03499161 
408 0 55 67 0.033070773 
343 84 410 428 0.03293825 
332 51 62 74 0.03242107 
-8 30 97 132 0.032004077 
424 460 61 70 0.027167533 
504 11 48 60 0.024111923 
388 -12 91 111 0.023996864 
451 154 63 78 0.023197906 
412 70 56 71 0.023043575 
611 237 61 54 0.022964299 
462 68 82 109 0.02292583 
253 233 33 33 0.021322647 
418 18 34 41 0.021030227 
352 128 80 126 0.020723019 
328 11 58 66 0.020344125 
