35_Basketball_playingbasketball_35_36
50
821 59 54 90 0.9844685 
37 434 252 304 0.9313924 
886 72 56 81 0.48303348 
648 64 72 75 0.22481783 
475 290 42 53 0.10251475 
674 137 96 173 0.07848863 
101 620 79 71 0.06577188 
894 99 62 77 0.06402195 
101 425 146 170 0.06067636 
135 599 75 77 0.059437845 
156 388 241 231 0.05415865 
713 176 108 138 0.054133695 
682 115 34 44 0.052831363 
772 230 80 65 0.04892115 
146 329 344 422 0.045865253 
513 654 28 31 0.044942725 
60 473 145 169 0.042588755 
498 291 17 21 0.039906062 
672 88 51 66 0.039866086 
90 575 119 121 0.0385843 
581 86 9 11 0.03824678 
571 652 13 18 0.037454817 
534 644 29 34 0.03727868 
555 638 27 32 0.035140425 
468 306 32 43 0.033715364 
746 215 130 103 0.03353426 
647 -4 94 99 0.032167315 
851 67 76 109 0.031780593 
564 178 13 17 0.0308566 
499 663 13 15 0.029824715 
439 307 52 66 0.027301257 
530 657 17 20 0.026585776 
630 51 58 70 0.02594307 
528 632 54 51 0.02578447 
458 272 50 59 0.025124721 
137 563 61 77 0.024622098 
788 254 40 39 0.024039105 
835 32 57 86 0.023195367 
136 518 64 72 0.023101302 
574 188 10 14 0.022537487 
518 652 15 17 0.022244886 
492 294 17 22 0.022027206 
508 273 13 18 0.021838903 
922 90 30 40 0.021157665 
436 0 33 31 0.021064447 
568 629 27 32 0.02099757 
440 268 47 58 0.020808512 
549 646 17 21 0.020685052 
575 195 10 12 0.02040506 
566 196 10 13 0.02034756 
