35_Basketball_playingbasketball_35_366
18
416 329 28 34 0.840307 
508 751 17 22 0.194043 
395 324 48 54 0.08507647 
551 168 28 40 0.06537511 
402 331 30 33 0.042885624 
383 347 38 40 0.038793337 
426 795 17 22 0.035520773 
462 523 47 56 0.030946016 
631 116 9 12 0.030127075 
509 318 385 451 0.030046925 
369 343 36 43 0.028117437 
436 787 11 14 0.02770554 
430 787 15 19 0.02721493 
553 390 250 274 0.025545739 
559 156 25 35 0.024155289 
513 174 45 54 0.023140075 
360 312 104 104 0.021522537 
418 785 38 51 0.021133961 
