35_Basketball_Basketball_35_664
157
51 340 14 17 0.36875355 
20 315 11 15 0.30078056 
67 369 13 17 0.29556006 
168 341 8 12 0.28538486 
175 340 8 11 0.2527895 
41 326 9 13 0.24295466 
137 383 9 13 0.19303796 
115 351 10 13 0.16548243 
140 349 9 12 0.14142282 
161 340 9 12 0.13458642 
141 382 10 13 0.12203214 
193 348 11 13 0.114389144 
136 342 8 10 0.10592403 
144 316 9 11 0.10314858 
127 367 11 14 0.10284394 
86 346 11 14 0.092498615 
136 336 8 9 0.08618957 
127 313 7 9 0.082007244 
747 235 24 30 0.08011452 
747 182 16 18 0.07932064 
0 278 8 13 0.07752059 
132 447 12 14 0.07588362 
2 390 23 33 0.06890788 
64 311 9 11 0.06735714 
97 309 8 10 0.066862404 
134 373 9 13 0.06633736 
141 343 10 11 0.062436182 
64 296 8 10 0.06187118 
149 318 8 10 0.061772145 
93 339 11 17 0.06069599 
102 309 7 9 0.05989782 
6 443 12 16 0.05987949 
502 73 385 443 0.0581495 
741 185 15 18 0.05781823 
136 317 8 10 0.057284083 
128 317 8 10 0.05702857 
637 327 30 40 0.056281727 
159 336 9 13 0.055406343 
45 330 13 17 0.052910827 
112 326 9 12 0.052270196 
76 373 11 14 0.050803397 
81 341 11 15 0.050692465 
113 355 11 15 0.050356895 
56 308 8 12 0.05026326 
181 340 9 12 0.049966138 
68 375 14 17 0.049382795 
119 335 8 10 0.048980493 
533 410 32 37 0.048777904 
46 321 10 13 0.04729512 
112 332 9 12 0.046675663 
31 325 10 13 0.046589464 
151 341 9 12 0.04618327 
3 297 14 21 0.045879826 
87 304 8 10 0.045677047 
130 341 7 10 0.04553597 
71 311 8 11 0.045040973 
56 302 8 12 0.045012396 
150 363 12 14 0.0444635 
80 304 7 10 0.04355313 
94 331 11 17 0.043485407 
23 286 11 12 0.043295413 
780 241 13 18 0.042999268 
101 364 11 14 0.042115062 
79 378 11 14 0.0420964 
14 283 10 13 0.041558392 
77 404 13 18 0.041549228 
153 335 8 10 0.041375525 
79 309 8 10 0.03984507 
374 401 31 32 0.03914395 
21 341 11 17 0.038414393 
812 405 11 17 0.036929596 
113 343 9 11 0.036734898 
141 336 9 10 0.03660623 
830 391 9 13 0.035841934 
86 320 8 11 0.0352908 
119 327 8 10 0.034041487 
4 386 17 22 0.033841852 
145 364 10 13 0.03320652 
26 316 11 15 0.03258858 
152 327 8 10 0.032061238 
15 313 21 26 0.031503644 
47 292 9 12 0.031080944 
197 353 12 16 0.030924074 
129 336 8 9 0.030902818 
63 301 9 11 0.030616477 
112 319 9 11 0.03058536 
86 324 11 14 0.030405007 
70 316 9 12 0.030001426 
80 356 12 13 0.029812539 
122 312 8 10 0.02972829 
-1 300 22 32 0.029535228 
366 379 50 46 0.029430134 
12 298 13 17 0.029405719 
56 294 8 11 0.0293523 
448 445 46 45 0.029214032 
0 457 24 33 0.02912648 
44 420 10 13 0.02904909 
166 347 9 12 0.028923647 
102 340 9 13 0.028809112 
39 320 18 25 0.028548092 
30 363 13 16 0.028223654 
548 355 24 30 0.028208762 
64 316 10 13 0.028051628 
821 430 8 11 0.027555227 
135 355 10 12 0.027374342 
160 348 10 13 0.02694109 
86 331 14 18 0.02618573 
30 300 12 16 0.025947845 
126 358 10 12 0.025905127 
121 318 8 10 0.025890548 
491 410 14 15 0.02573251 
118 342 8 11 0.02565629 
142 355 10 13 0.025228584 
749 274 14 16 0.025109556 
431 389 14 18 0.024694486 
182 327 9 12 0.024489745 
58 339 11 15 0.024478354 
79 323 11 14 0.024426725 
4 278 11 14 0.024398448 
142 373 10 15 0.024239507 
167 324 9 12 0.023319151 
167 358 10 13 0.023289574 
97 364 10 13 0.023004858 
87 309 8 10 0.022974202 
501 360 28 33 0.02265964 
540 359 13 17 0.022639854 
128 326 8 10 0.022639595 
67 400 24 31 0.022635706 
516 42 203 247 0.022619806 
71 324 10 13 0.022598725 
79 318 10 12 0.02240458 
772 234 22 32 0.022373836 
135 328 8 10 0.022298496 
29 307 11 16 0.02210869 
72 339 11 15 0.021988867 
1 399 14 21 0.021920133 
797 444 11 15 0.021874465 
164 334 18 24 0.021810615 
107 373 12 15 0.02180796 
63 324 11 15 0.021802777 
798 308 11 15 0.02179654 
408 71 133 134 0.021744434 
22 292 12 15 0.0215083 
24 318 20 25 0.021283817 
133 377 19 25 0.02119947 
191 352 13 16 0.020912021 
509 192 47 60 0.020710327 
104 318 9 11 0.02054441 
84 375 11 14 0.020515265 
846 404 10 11 0.02045624 
111 311 8 10 0.020378372 
638 297 26 36 0.020377785 
815 421 9 13 0.020318102 
-4 374 37 55 0.020281695 
102 333 10 14 0.020240095 
85 363 11 13 0.020111667 
743 269 14 17 0.02003621 
