35_Basketball_playingbasketball_35_588
25
591 160 69 85 0.9982541 
596 471 147 196 0.97289455 
157 0 45 45 0.9187857 
651 422 177 218 0.12393568 
206 87 234 258 0.116777904 
107 194 36 38 0.060011405 
233 120 147 143 0.054711178 
11 114 27 38 0.051575284 
315 14 68 69 0.049781766 
750 498 139 159 0.047949526 
-3 28 37 70 0.046183374 
452 287 131 160 0.035801664 
435 7 57 64 0.035224814 
302 730 95 131 0.03412762 
627 503 90 124 0.03248506 
159 21 234 214 0.030880501 
289 446 67 86 0.029824095 
165 11 369 434 0.028102841 
594 -4 28 29 0.027357012 
18 -2 16 16 0.0272521 
0 157 29 50 0.026540006 
262 3 138 137 0.024872473 
332 243 102 141 0.024475256 
705 0 17 18 0.021891063 
243 432 109 143 0.02071113 
