35_Basketball_basketballgame_ball_35_201
47
275 377 121 172 0.9998012 
593 -3 117 142 0.9995485 
12 400 110 161 0.99953413 
631 395 113 132 0.9991375 
718 162 104 136 0.99908113 
122 275 96 128 0.99896586 
502 224 107 143 0.9989209 
932 218 91 128 0.9988004 
85 138 94 132 0.99767 
839 -4 87 113 0.9974088 
-5 39 82 141 0.9964489 
385 158 93 122 0.99407613 
679 489 132 134 0.78921705 
168 792 129 200 0.39884436 
646 432 141 150 0.32978922 
289 1 46 33 0.24079691 
484 -1 78 68 0.21388714 
496 5 104 115 0.16478223 
142 782 226 290 0.10290582 
803 0 83 107 0.09653801 
386 1123 63 87 0.094113186 
55 1115 11 16 0.0890741 
21 69 86 131 0.080976404 
99 203 105 144 0.079034135 
54 105 92 140 0.07369194 
971 -2 46 69 0.06043921 
374 196 79 127 0.058359094 
0 1167 30 50 0.04880879 
449 -3 108 123 0.038730625 
29 728 46 52 0.03690437 
689 875 351 480 0.036126543 
345 139 157 197 0.03321934 
1 778 29 52 0.03212402 
426 159 86 113 0.030715378 
94 1162 11 15 0.028993696 
477 0 48 37 0.02760678 
386 392 91 130 0.025189845 
959 16 52 81 0.024829207 
192 824 78 122 0.024271755 
727 523 14 17 0.023216432 
217 13 123 103 0.023069283 
759 1153 51 62 0.02273043 
94 1148 12 14 0.022472141 
455 201 117 154 0.021932222 
14 741 49 68 0.021820733 
53 1141 15 20 0.021062227 
329 394 102 136 0.020822614 
