35_Basketball_basketballgame_ball_35_287
1334
768 388 12 15 0.7836444 
373 389 10 13 0.7594611 
675 369 12 15 0.6889851 
273 426 11 14 0.66913676 
810 416 13 18 0.6378103 
295 427 11 14 0.62278473 
732 435 14 17 0.616819 
648 448 12 16 0.61368155 
794 357 10 13 0.61299014 
950 422 12 15 0.5952537 
609 408 11 16 0.5381404 
216 447 10 12 0.53337234 
896 381 10 13 0.5172776 
257 437 10 13 0.4812177 
929 370 11 15 0.47710976 
304 412 9 11 0.4752751 
950 378 11 14 0.47002178 
931 399 11 14 0.4616735 
395 359 10 12 0.4422343 
243 402 10 12 0.41841438 
703 343 8 11 0.39911118 
869 361 10 13 0.39701477 
55 365 10 13 0.39624333 
872 310 9 11 0.38341153 
830 304 8 11 0.38109446 
840 389 22 27 0.35566887 
829 307 11 14 0.3525332 
649 310 8 11 0.35062265 
837 363 11 15 0.34466377 
694 323 9 12 0.32642868 
744 373 11 14 0.31773725 
894 318 10 12 0.3175668 
199 398 9 12 0.31332174 
376 385 10 13 0.30785188 
422 358 12 18 0.30252197 
889 445 14 16 0.2948637 
792 351 10 12 0.27949628 
627 452 13 15 0.2785374 
773 363 12 15 0.27703378 
723 413 11 14 0.27685618 
789 304 9 11 0.27491072 
912 362 10 14 0.27112228 
981 381 9 11 0.26939708 
641 472 22 27 0.26697156 
632 407 11 14 0.2659331 
60 382 12 16 0.2640571 
702 403 10 12 0.26401863 
887 323 10 12 0.2636118 
649 316 9 12 0.26015815 
630 424 15 19 0.24080062 
865 311 8 10 0.23110463 
971 450 10 14 0.22721365 
796 423 11 14 0.22714342 
944 350 9 11 0.22186717 
694 413 9 12 0.21432199 
685 441 13 17 0.21295388 
938 313 7 10 0.2127671 
918 318 9 11 0.21126959 
852 341 11 15 0.20883936 
353 373 8 11 0.20764036 
687 384 10 13 0.20689707 
712 384 8 10 0.20569623 
1000 366 9 11 0.20492607 
809 304 7 10 0.202823 
986 328 8 10 0.19943962 
19 419 12 15 0.1947111 
976 395 10 13 0.18784502 
991 403 12 16 0.18732463 
913 310 9 11 0.18565558 
825 310 10 12 0.18541968 
673 403 10 13 0.18342437 
895 311 8 10 0.18108802 
785 307 10 13 0.17828257 
1005 381 8 11 0.17779414 
766 371 10 13 0.17416862 
341 397 10 13 0.17400087 
415 491 16 20 0.17349643 
343 391 9 12 0.1723982 
572 315 11 15 0.1709846 
992 460 12 14 0.17060146 
823 287 10 11 0.16896306 
583 319 10 14 0.16746905 
853 334 9 11 0.16701205 
516 294 15 20 0.16600081 
694 426 13 17 0.16526997 
738 436 12 15 0.16469875 
964 364 11 13 0.16349238 
957 317 8 11 0.16027084 
983 375 10 12 0.15885198 
870 342 12 14 0.15850872 
692 387 11 12 0.15795186 
918 312 7 9 0.15599695 
581 308 10 12 0.15412754 
802 450 12 16 0.15393671 
920 349 9 11 0.15348606 
431 390 11 14 0.153469 
742 356 10 12 0.15246291 
948 350 9 12 0.15188384 
575 309 10 13 0.15180598 
656 428 12 14 0.15150806 
661 412 9 12 0.15077755 
917 390 11 14 0.14776762 
662 374 10 13 0.14761418 
615 316 9 11 0.1472037 
981 399 9 12 0.14533266 
312 436 10 13 0.14444232 
872 305 8 10 0.14443946 
430 328 14 18 0.14408079 
964 357 13 15 0.14377926 
957 453 11 14 0.14339131 
649 396 10 13 0.14179298 
238 428 13 15 0.14073044 
796 375 12 16 0.13942459 
25 331 11 13 0.13933851 
821 366 10 13 0.1391377 
444 355 14 17 0.1378768 
829 286 9 11 0.13642871 
185 443 10 13 0.13603573 
31 404 11 14 0.13398618 
718 319 8 11 0.13388827 
685 336 8 10 0.1335046 
719 387 9 12 0.13246422 
285 410 10 13 0.13087091 
774 304 7 9 0.13023564 
714 357 8 10 0.13016622 
830 371 12 15 0.12943646 
974 389 10 13 0.12744758 
704 348 8 10 0.12627658 
712 352 8 9 0.12541936 
713 320 8 10 0.12469968 
942 343 8 10 0.12343823 
726 387 9 11 0.123419546 
445 307 10 13 0.12307539 
856 310 9 11 0.120089054 
725 404 9 13 0.11951495 
352 391 8 10 0.11917759 
828 314 11 14 0.118612744 
689 319 9 11 0.11776778 
902 326 8 11 0.11658455 
205 462 11 14 0.11515316 
913 317 10 12 0.11487295 
27 309 13 15 0.11398238 
358 389 9 12 0.11223091 
1006 415 9 12 0.111857705 
877 348 10 12 0.11075296 
802 335 8 11 0.10965832 
253 432 10 13 0.10934236 
988 410 11 14 0.108659156 
1001 372 10 14 0.10852896 
632 295 7 9 0.107266724 
755 254 8 10 0.10678921 
685 340 9 10 0.106318206 
814 302 7 10 0.10581135 
832 365 12 16 0.10487272 
718 325 8 11 0.104518816 
967 329 7 9 0.104393505 
796 350 10 13 0.10432226 
893 356 10 11 0.104197904 
942 296 8 9 0.10380331 
326 357 11 14 0.10333829 
941 317 8 10 0.103267826 
983 403 11 15 0.10326064 
759 327 8 10 0.10296683 
864 305 8 10 0.10141117 
767 365 12 15 0.101365425 
1001 423 8 11 0.10114939 
928 444 12 15 0.10079985 
246 430 11 14 0.10073195 
738 247 8 11 0.10034484 
916 360 10 12 0.10011979 
784 327 11 12 0.10008002 
418 485 15 18 0.09989014 
648 305 8 11 0.099870995 
697 406 10 12 0.098886594 
743 328 8 10 0.09865397 
370 334 8 10 0.09796787 
750 309 8 10 0.097932376 
977 319 7 9 0.097648576 
857 304 8 10 0.09751903 
380 382 9 12 0.097486645 
954 424 14 16 0.097379304 
299 453 11 14 0.09735472 
900 374 10 13 0.09711422 
203 468 12 16 0.09678001 
521 290 15 19 0.09632267 
821 371 12 16 0.09619902 
750 437 11 14 0.09547973 
609 297 7 10 0.095402025 
894 367 9 11 0.09515132 
728 343 6 9 0.0946152 
711 288 7 9 0.094243765 
621 316 9 11 0.09421914 
775 350 9 11 0.09390578 
966 375 9 11 0.09317725 
937 295 8 11 0.093122624 
974 304 8 10 0.09303871 
59 365 11 15 0.0926772 
734 384 9 11 0.092400394 
937 336 8 10 0.092357844 
968 381 9 11 0.09230664 
807 308 8 11 0.091800585 
815 373 12 16 0.09133148 
805 317 9 12 0.09101831 
720 343 8 10 0.090754986 
943 335 8 10 0.090579025 
278 323 9 10 0.089969 
793 240 7 9 0.08976037 
655 405 9 12 0.089727804 
970 246 8 12 0.089723974 
958 312 9 10 0.08971561 
767 317 8 10 0.089700215 
709 343 8 10 0.089589775 
366 366 8 10 0.08913655 
878 305 8 10 0.089092106 
864 315 9 11 0.08873992 
999 428 9 10 0.08824778 
533 471 11 17 0.0873291 
726 237 7 11 0.08648249 
882 420 12 14 0.086216494 
671 447 10 13 0.0850417 
758 231 8 10 0.08493695 
718 367 9 11 0.08457286 
608 333 9 12 0.0841467 
983 349 8 10 0.08408367 
869 315 10 11 0.0839928 
937 342 9 11 0.08340232 
647 390 11 14 0.08251865 
327 397 10 14 0.08228375 
762 366 9 13 0.08186879 
796 363 10 12 0.08142505 
676 468 17 20 0.08126096 
1014 436 9 13 0.08124958 
277 494 11 14 0.07990634 
358 382 9 11 0.07969635 
996 467 10 14 0.079568446 
759 389 11 15 0.078872584 
919 324 8 11 0.07865966 
678 411 9 12 0.07811435 
751 328 8 10 0.078007825 
955 380 11 12 0.077827886 
813 378 15 21 0.07777618 
614 326 9 12 0.07776509 
630 302 7 10 0.07735078 
717 351 8 10 0.07651668 
750 410 12 18 0.076499976 
547 291 13 17 0.07634834 
975 311 8 9 0.076057985 
828 335 11 15 0.07595169 
951 334 7 10 0.075708285 
728 309 11 14 0.07540517 
62 309 12 16 0.07521899 
68 389 11 14 0.07490207 
770 304 7 9 0.07481112 
981 429 9 12 0.074774005 
253 465 10 12 0.07474415 
769 240 7 10 0.07463484 
961 326 8 10 0.07440979 
612 333 9 12 0.073937796 
609 317 8 11 0.07381543 
707 403 12 14 0.073535696 
461 510 15 18 0.07350873 
895 305 7 9 0.0734662 
614 297 8 10 0.07327451 
667 422 12 15 0.073155984 
1013 431 9 12 0.07311177 
762 483 11 15 0.07309719 
976 377 9 11 0.072932795 
791 377 12 16 0.07270499 
62 373 11 15 0.07253112 
607 327 9 12 0.07248212 
384 373 9 11 0.072282866 
989 333 8 10 0.07121111 
489 332 26 31 0.07120105 
919 334 8 10 0.07117268 
831 295 8 10 0.071140096 
695 372 10 12 0.071010984 
367 342 9 11 0.07091703 
629 406 19 25 0.07082857 
336 396 11 14 0.070761375 
889 304 8 9 0.07074545 
982 422 9 11 0.07073805 
751 305 8 10 0.07056657 
662 421 12 16 0.07050815 
889 366 8 11 0.070345156 
384 368 8 10 0.07024314 
836 308 10 13 0.070153594 
680 341 9 11 0.06979611 
898 184 8 10 0.06978258 
316 374 11 14 0.0697143 
625 302 8 11 0.06930196 
886 238 8 11 0.06891117 
791 286 8 10 0.068651296 
441 305 9 11 0.068458214 
951 326 8 10 0.068452634 
687 426 11 15 0.06835604 
928 320 7 10 0.068289205 
919 343 10 12 0.06822838 
764 420 12 17 0.06813921 
895 208 8 9 0.068025604 
888 351 9 12 0.06801999 
890 214 8 10 0.06800562 
679 443 12 15 0.067594185 
1011 153 11 20 0.06750481 
705 288 7 10 0.06741954 
390 323 8 11 0.067378126 
837 302 10 11 0.06729782 
712 294 7 9 0.06720884 
976 428 11 13 0.06719899 
640 288 8 10 0.06686638 
894 342 9 10 0.06684641 
299 422 11 13 0.06677062 
719 371 10 12 0.06671106 
889 356 9 12 0.066639245 
1000 360 9 12 0.066635884 
598 309 9 11 0.06624981 
904 365 11 12 0.06609786 
209 444 9 12 0.06583467 
427 360 13 19 0.06538099 
351 370 8 11 0.06513509 
694 366 9 12 0.06497692 
994 398 12 14 0.06486813 
767 311 8 9 0.0648346 
766 327 8 9 0.06463526 
703 221 7 10 0.064535014 
662 407 9 13 0.064502165 
863 340 10 14 0.06449605 
818 287 8 11 0.064449556 
803 340 12 13 0.06414526 
912 324 9 11 0.06382192 
367 360 8 10 0.06345603 
337 391 9 12 0.06341318 
350 334 9 10 0.063365676 
818 400 13 18 0.06312801 
727 317 10 12 0.063072115 
817 296 7 9 0.0630605 
405 533 12 15 0.063040055 
993 392 9 11 0.06284977 
872 296 7 9 0.06281885 
969 311 8 10 0.06167131 
783 231 7 10 0.06142994 
806 199 8 10 0.061371528 
706 311 7 9 0.061348464 
704 381 10 12 0.061282564 
623 399 11 13 0.061121933 
889 310 9 11 0.061036095 
970 303 7 10 0.060746703 
949 415 13 15 0.060625914 
949 387 11 14 0.06051829 
848 328 10 12 0.060370415 
984 320 7 9 0.06025057 
652 310 9 12 0.059803836 
429 336 13 16 0.059645575 
22 347 11 15 0.0596195 
1008 455 9 12 0.059572376 
680 387 9 11 0.059450667 
952 397 9 11 0.059271526 
886 199 8 9 0.05925177 
598 303 9 11 0.05913667 
703 374 9 11 0.059018873 
728 336 7 9 0.05827577 
622 326 8 11 0.05803958 
921 246 7 10 0.057952162 
774 343 10 12 0.05764918 
862 334 9 12 0.05754812 
368 329 8 10 0.057299096 
79 333 11 14 0.05726965 
944 367 9 11 0.057166856 
735 334 9 11 0.056749325 
958 375 11 13 0.056524076 
360 367 8 11 0.05643911 
797 167 10 12 0.056125067 
307 269 8 12 0.056030773 
687 349 10 12 0.055830207 
437 361 14 17 0.05581929 
887 168 8 10 0.0556489 
749 356 10 13 0.055611763 
1014 390 9 12 0.055503238 
949 355 9 12 0.055426568 
622 492 13 17 0.05535858 
575 320 10 15 0.05523711 
926 391 11 14 0.055216894 
783 373 10 13 0.05506399 
368 384 10 12 0.05506091 
895 335 9 11 0.05504006 
689 412 10 13 0.05466141 
944 356 10 11 0.05455162 
428 429 11 16 0.054521758 
691 432 13 18 0.05449824 
646 293 9 11 0.054454725 
672 390 8 10 0.054400343 
350 294 10 11 0.05438032 
892 438 14 18 0.054280158 
362 359 7 9 0.054275654 
793 167 9 11 0.054269582 
983 343 9 11 0.05419113 
726 233 8 10 0.054162417 
263 433 10 12 0.05407752 
947 373 10 13 0.05395885 
594 302 8 12 0.053847793 
785 296 7 9 0.053806663 
711 311 8 10 0.05371795 
951 342 8 11 0.053676516 
720 406 10 13 0.05346904 
586 239 8 10 0.053407297 
957 412 12 14 0.05331963 
623 470 14 18 0.053223684 
688 313 7 9 0.05307818 
902 262 7 10 0.053049274 
193 465 25 29 0.05256864 
806 348 9 12 0.0524686 
350 309 9 11 0.052443042 
600 332 9 12 0.05243608 
698 341 10 12 0.052402962 
703 338 9 12 0.052355845 
751 333 8 9 0.052302945 
847 303 9 11 0.052163597 
0 287 12 24 0.05211619 
699 422 11 16 0.051954526 
344 368 8 10 0.051853154 
688 254 6 9 0.051795248 
206 440 9 12 0.051740438 
751 350 9 11 0.051591657 
309 407 9 11 0.051582977 
434 324 13 16 0.051536765 
318 460 12 16 0.051219765 
927 360 9 11 0.051103685 
422 358 23 32 0.05105222 
944 389 10 13 0.050924294 
953 312 8 10 0.050916597 
790 344 9 12 0.05084581 
918 207 7 9 0.050823573 
775 247 7 9 0.05079737 
788 396 14 17 0.050733875 
415 446 11 14 0.05064582 
359 351 7 9 0.050597057 
710 411 12 15 0.050547786 
899 388 10 13 0.050535142 
4 414 11 16 0.050483532 
775 296 7 9 0.050454717 
703 320 8 10 0.050419122 
720 335 9 10 0.050293848 
912 306 8 10 0.050264165 
385 320 7 10 0.050111666 
437 351 23 27 0.050100937 
336 383 8 9 0.050056987 
271 396 10 13 0.049788695 
587 379 12 17 0.049630847 
871 287 8 10 0.04962834 
685 367 10 12 0.049529694 
743 241 7 9 0.04935732 
375 359 8 10 0.049145203 
801 221 7 10 0.049005758 
943 302 7 9 0.04883908 
789 388 13 16 0.04865955 
695 272 7 9 0.048623603 
609 435 12 15 0.048458606 
420 377 12 17 0.04841071 
416 361 14 18 0.04830844 
770 245 7 9 0.048293285 
744 208 9 11 0.048277326 
333 352 9 11 0.04812585 
800 293 10 11 0.04795772 
750 318 8 10 0.047814332 
992 344 8 11 0.047795016 
384 344 8 10 0.04766803 
700 409 11 14 0.0476436 
847 309 10 12 0.04761552 
849 388 16 20 0.04755784 
901 190 8 10 0.047467746 
351 302 9 11 0.047373563 
758 359 10 12 0.047371443 
988 373 10 12 0.047305126 
735 341 9 10 0.04725656 
633 288 7 9 0.04713102 
322 356 8 11 0.047129694 
800 286 10 12 0.04697224 
777 182 8 11 0.046913028 
312 336 7 10 0.046861593 
823 293 10 10 0.04659675 
311 443 11 13 0.046293575 
362 549 27 30 0.046223406 
743 342 9 10 0.046159945 
998 475 10 13 0.046082538 
590 240 7 9 0.046055246 
887 255 7 9 0.045979947 
1009 389 9 12 0.04587255 
315 430 13 17 0.045852575 
401 313 7 8 0.045826558 
761 310 7 9 0.045809288 
503 314 26 31 0.045800377 
920 191 7 8 0.045786478 
925 343 10 12 0.04561805 
756 404 12 16 0.0456137 
910 165 11 13 0.045613527 
791 296 7 9 0.045597855 
569 310 12 15 0.04552737 
755 390 20 24 0.045314588 
592 296 8 10 0.045070358 
929 303 8 10 0.04505384 
749 394 13 15 0.044997618 
862 287 9 11 0.044837873 
816 359 11 14 0.044830132 
461 302 10 12 0.044820394 
726 325 9 11 0.044818617 
588 324 10 12 0.04475978 
800 310 9 11 0.044707906 
71 323 11 14 0.044689912 
421 494 26 34 0.04468686 
1009 429 9 12 0.044634175 
796 395 14 17 0.044454597 
912 173 9 11 0.044441678 
751 399 21 27 0.04439531 
777 255 7 10 0.044389736 
952 296 7 9 0.044335242 
14 426 14 19 0.044304404 
935 232 7 10 0.044280313 
260 441 11 14 0.044210628 
991 318 8 9 0.044210523 
353 382 9 11 0.0441948 
780 426 14 18 0.044151053 
662 324 10 13 0.04413873 
926 467 12 15 0.044109516 
386 324 8 10 0.0440798 
937 303 7 9 0.044058274 
726 182 7 11 0.043873742 
879 335 9 11 0.043820575 
830 364 22 27 0.043715097 
901 319 9 12 0.043587673 
704 293 8 10 0.043423906 
934 390 10 13 0.043420568 
422 322 11 15 0.043386515 
881 315 9 12 0.043360755 
312 325 8 10 0.043288734 
679 379 12 14 0.043250028 
791 351 18 24 0.043114047 
775 308 9 11 0.04306736 
903 230 8 11 0.042823445 
681 318 8 10 0.042777672 
748 379 12 14 0.042753074 
927 324 8 11 0.042718384 
295 458 11 13 0.04263122 
847 223 7 10 0.04244785 
989 437 12 14 0.042442154 
981 388 10 12 0.042389825 
981 228 9 13 0.042378295 
696 350 8 10 0.04236006 
784 279 8 12 0.042279653 
634 225 7 10 0.042232804 
357 412 9 12 0.04222907 
722 183 7 10 0.042218454 
913 333 9 11 0.04216216 
810 403 20 28 0.04213999 
103 285 450 497 0.042047173 
759 349 10 12 0.04195301 
281 302 7 9 0.04192233 
880 264 8 9 0.041879706 
86 312 8 11 0.041829076 
881 254 7 10 0.041742396 
882 200 7 9 0.041726027 
889 373 9 12 0.041711412 
752 248 7 9 0.04166381 
976 343 10 12 0.041601103 
88 316 8 12 0.041505743 
736 327 9 11 0.041449565 
655 322 9 12 0.04139575 
646 288 8 10 0.04135605 
945 326 7 10 0.04135335 
790 280 9 12 0.04132757 
875 380 12 15 0.04132026 
863 206 7 9 0.04116817 
760 237 8 9 0.04111877 
367 542 11 15 0.041116573 
816 326 8 11 0.04109258 
851 353 14 16 0.041056544 
336 375 8 9 0.041001093 
313 358 8 10 0.040967338 
747 311 7 9 0.040938936 
959 350 12 15 0.04085902 
919 305 7 9 0.040677365 
908 419 15 17 0.040677004 
384 349 7 10 0.040591702 
927 334 8 10 0.040435765 
933 380 10 12 0.04031402 
871 181 8 11 0.0402973 
857 206 8 10 0.040279306 
817 334 9 11 0.04022313 
768 350 9 11 0.040211342 
898 247 7 10 0.040131416 
370 383 17 23 0.040112007 
898 262 7 9 0.040106133 
903 254 7 10 0.040072408 
302 445 10 14 0.040060103 
906 167 8 11 0.039921094 
343 316 9 12 0.03991068 
806 296 9 10 0.039897475 
965 428 12 14 0.039861277 
977 326 7 10 0.039768923 
1008 485 11 15 0.03947543 
321 353 7 9 0.03947216 
694 278 7 10 0.03930185 
77 327 10 13 0.03929692 
783 390 10 13 0.039237887 
934 361 9 11 0.039235737 
747 366 12 13 0.039227866 
890 207 8 10 0.039130777 
634 245 6 9 0.039058633 
839 295 9 11 0.03902318 
910 451 10 12 0.038931888 
912 394 10 14 0.03888045 
398 539 12 14 0.03874147 
352 407 9 12 0.038738195 
888 332 9 12 0.03869174 
706 199 6 9 0.03863286 
784 340 11 14 0.038504817 
705 164 10 14 0.03844058 
303 350 7 9 0.03843847 
784 378 11 14 0.038382526 
678 271 8 9 0.038380075 
785 286 8 10 0.03835566 
921 241 7 9 0.038342107 
649 254 8 11 0.03826232 
900 350 10 12 0.03825006 
618 238 7 9 0.03819074 
344 312 10 12 0.038119152 
938 349 9 11 0.038114622 
592 308 9 12 0.03810353 
902 332 9 12 0.038094778 
832 177 7 9 0.03802202 
760 319 8 10 0.038021624 
219 450 11 13 0.03796679 
15 382 10 13 0.03794564 
350 329 8 10 0.037928652 
847 230 7 9 0.037886444 
16 388 9 12 0.03771717 
726 373 9 11 0.037691426 
567 295 8 11 0.037691195 
557 299 11 15 0.037690975 
642 309 9 11 0.03747705 
887 193 7 9 0.03745567 
767 333 9 11 0.037365902 
388 459 11 15 0.037346456 
880 269 9 10 0.03731892 
570 221 9 13 0.03709711 
824 333 10 14 0.036937986 
303 344 7 9 0.036905076 
549 304 12 15 0.036851007 
367 349 9 10 0.036817055 
21 397 11 15 0.03662708 
800 301 8 12 0.036609754 
679 426 11 14 0.036407806 
277 446 11 13 0.03632253 
321 311 7 9 0.036278322 
529 289 18 21 0.036193892 
783 401 13 18 0.03618879 
634 446 20 24 0.036061045 
688 249 6 9 0.0360499 
373 527 10 12 0.035991464 
999 350 8 10 0.035960875 
604 351 12 15 0.035919968 
759 332 10 11 0.03589408 
295 336 7 9 0.035893306 
776 208 7 9 0.035877362 
289 311 8 9 0.035824183 
612 449 13 17 0.03582134 
759 342 10 12 0.035797905 
639 397 11 12 0.035772488 
699 221 8 11 0.035764594 
960 333 8 10 0.035731662 
901 248 7 9 0.035717025 
590 340 12 14 0.03561252 
727 350 8 9 0.03560879 
22 381 11 13 0.03559252 
621 239 7 9 0.035562098 
388 524 14 16 0.035553765 
661 342 11 13 0.035546955 
809 206 7 9 0.03552604 
842 167 7 10 0.03548567 
913 342 9 11 0.035457153 
736 352 10 11 0.03541267 
752 200 7 9 0.035387266 
673 271 8 10 0.035378 
625 295 8 11 0.035352837 
960 302 8 10 0.03533255 
903 357 11 14 0.03526228 
335 344 8 10 0.035204463 
276 451 10 13 0.035197772 
543 295 15 19 0.035156373 
311 399 8 10 0.034923896 
736 158 9 11 0.034874596 
309 302 8 9 0.03485033 
558 239 7 10 0.03484026 
649 403 9 13 0.03480694 
898 255 7 9 0.03476353 
364 548 16 20 0.034749106 
641 317 10 13 0.03474194 
768 358 11 13 0.034689687 
323 476 15 21 0.034639627 
429 321 13 15 0.034562707 
877 365 10 12 0.034397192 
695 238 7 10 0.03439566 
872 177 8 10 0.034385815 
373 508 11 14 0.034385752 
304 320 7 10 0.03438213 
969 394 11 14 0.034286194 
959 295 8 9 0.034263566 
318 343 7 9 0.034234837 
327 293 9 11 0.034180395 
872 207 7 8 0.03413496 
316 443 11 14 0.034130923 
967 435 12 15 0.034118805 
910 371 10 13 0.034066096 
951 406 11 13 0.03405171 
712 269 8 11 0.033988964 
877 356 10 13 0.03390062 
887 263 7 10 0.033894 
281 295 8 10 0.033889797 
929 311 7 8 0.033881374 
913 206 8 10 0.033871744 
784 348 10 11 0.03380922 
663 397 9 12 0.033758048 
801 217 6 9 0.033731338 
877 375 10 12 0.033696976 
990 366 11 12 0.033654418 
286 325 8 10 0.033644453 
197 429 11 14 0.033627775 
733 402 12 16 0.033585608 
391 390 11 17 0.033556104 
749 209 8 10 0.033533722 
840 327 8 10 0.03351558 
207 454 10 11 0.03342751 
576 255 7 9 0.03342318 
271 452 11 14 0.033392806 
134 40 384 472 0.033381578 
847 336 20 23 0.03337037 
862 347 12 15 0.033279017 
468 308 13 15 0.03327567 
914 421 13 17 0.033211507 
788 440 21 28 0.03318256 
963 411 10 12 0.033177733 
367 526 10 13 0.03311683 
903 206 7 10 0.033089347 
939 445 11 14 0.033055663 
407 312 7 9 0.033005625 
624 421 13 16 0.032997724 
925 247 7 9 0.03299579 
418 324 9 11 0.03295869 
212 442 18 22 0.032955345 
328 319 8 11 0.032927122 
816 307 8 12 0.032925755 
684 372 10 12 0.03283057 
390 353 18 23 0.032819256 
784 317 10 12 0.032773945 
478 303 11 14 0.032746535 
359 395 10 12 0.03271633 
695 358 8 10 0.032608014 
334 414 9 12 0.032568153 
273 321 9 12 0.03255599 
445 325 11 14 0.03255437 
967 223 7 11 0.032506067 
711 374 10 12 0.032480683 
975 350 10 12 0.032470096 
992 421 8 11 0.032467496 
373 341 9 11 0.032457553 
869 335 12 13 0.03242495 
855 316 9 11 0.032414503 
760 225 7 11 0.032401018 
780 391 20 26 0.032380257 
414 395 11 15 0.032348532 
597 340 10 13 0.032332104 
689 271 8 10 0.032303777 
886 269 8 10 0.032258116 
725 176 8 11 0.032254953 
977 402 11 15 0.03223079 
230 481 13 17 0.032199517 
687 355 10 13 0.032197375 
863 294 9 10 0.03217533 
317 454 11 14 0.03213105 
1013 421 10 13 0.032120533 
816 209 6 8 0.032062043 
728 246 7 10 0.03203948 
303 435 10 14 0.03197351 
721 232 8 10 0.031904377 
781 183 8 10 0.031899303 
182 405 11 14 0.031828385 
755 411 14 19 0.031809643 
943 160 7 10 0.031800702 
640 264 7 9 0.031757854 
310 453 11 14 0.031729683 
997 390 10 12 0.03168547 
984 367 11 13 0.031684827 
849 184 7 10 0.031684555 
752 343 8 10 0.03168058 
863 269 8 10 0.031666085 
618 233 7 8 0.031630524 
199 461 13 16 0.03162721 
993 271 7 10 0.03161369 
556 307 11 14 0.031537168 
991 430 10 11 0.031524457 
201 436 10 13 0.031522255 
284 510 11 14 0.03147263 
721 254 6 9 0.03144229 
931 232 8 10 0.031412482 
863 201 7 9 0.031383656 
894 430 13 17 0.031372055 
677 347 12 14 0.031333763 
350 341 9 12 0.031330977 
431 423 10 13 0.031275824 
733 317 9 11 0.031235596 
757 425 13 18 0.03121033 
346 334 9 11 0.031195575 
917 413 12 15 0.031191608 
997 344 9 10 0.0311912 
713 365 10 12 0.031179884 
671 410 11 14 0.031042684 
788 503 28 39 0.031019988 
297 342 7 9 0.031015528 
894 169 8 10 0.031011831 
760 249 7 8 0.030963436 
456 303 9 12 0.030932792 
745 319 8 10 0.03092414 
413 500 16 22 0.030900633 
992 313 7 9 0.030894822 
872 271 7 10 0.030846471 
672 473 13 17 0.030836025 
888 343 8 10 0.03081966 
967 229 7 10 0.030816784 
306 324 7 10 0.030643675 
864 225 7 8 0.03057778 
864 182 8 11 0.030555483 
973 467 12 15 0.030547265 
831 181 7 10 0.030442664 
1006 479 11 13 0.030364305 
590 333 12 14 0.03034272 
710 199 7 10 0.030327043 
425 310 8 10 0.030317761 
768 342 10 12 0.030292861 
298 319 7 10 0.030258825 
735 200 8 9 0.030157756 
904 310 8 10 0.030146673 
351 358 8 9 0.030100865 
25 402 11 15 0.030094199 
368 533 10 13 0.030047081 
425 329 23 29 0.030045828 
187 438 12 15 0.030042097 
879 214 8 9 0.030029576 
345 326 8 11 0.029970462 
1011 460 12 15 0.029960662 
630 399 9 13 0.029911503 
736 251 8 11 0.029901426 
827 389 23 31 0.029899523 
928 379 11 13 0.029861651 
195 396 9 12 0.029855229 
695 285 8 11 0.029846067 
773 410 11 16 0.029827647 
608 312 9 11 0.02978685 
181 399 10 14 0.029785106 
373 487 10 14 0.029784694 
1009 436 9 13 0.029754763 
717 293 9 11 0.029754627 
655 221 8 10 0.02974738 
1014 443 9 13 0.029734563 
904 199 7 10 0.029725727 
702 325 8 10 0.029701496 
745 230 7 9 0.029653134 
790 413 13 16 0.02962624 
971 356 10 12 0.029591102 
376 377 8 10 0.029508382 
883 325 9 12 0.02949192 
968 317 9 10 0.02939176 
352 349 9 11 0.029390642 
773 241 8 9 0.029366136 
382 394 10 14 0.029334027 
952 302 7 9 0.029285392 
567 301 9 13 0.029267272 
831 282 9 11 0.029217934 
176 437 9 13 0.029041981 
663 310 8 10 0.028963996 
631 309 8 11 0.028948436 
305 336 8 9 0.028947264 
157 414 9 14 0.028937245 
653 303 9 11 0.02893612 
310 296 8 10 0.02892093 
703 261 8 11 0.028892292 
718 409 17 23 0.028880613 
565 306 19 25 0.028874649 
590 386 11 17 0.02887386 
861 238 9 11 0.02886953 
802 197 8 10 0.028789587 
770 297 7 10 0.028763112 
198 454 11 12 0.02871882 
719 398 10 13 0.028704153 
632 262 7 9 0.02865559 
949 367 9 12 0.028642291 
192 421 10 13 0.028631866 
289 436 9 13 0.028586019 
711 335 7 9 0.028572747 
895 174 8 9 0.028560167 
969 241 8 11 0.028529134 
985 436 10 13 0.028482726 
936 214 7 9 0.028474985 
614 246 8 10 0.028391223 
392 351 11 14 0.028359488 
29 374 11 13 0.028347468 
743 182 8 10 0.028297601 
695 302 8 10 0.02827836 
697 294 8 10 0.02826337 
1005 358 9 12 0.028251706 
711 303 8 10 0.028241338 
437 319 13 16 0.028232975 
719 215 7 9 0.028221194 
30 429 11 16 0.028201437 
608 232 6 9 0.028139278 
903 397 11 15 0.02809646 
673 343 9 11 0.028069805 
744 201 7 9 0.028009854 
15 396 12 14 0.028001128 
752 192 8 10 0.027999869 
846 295 9 11 0.027971163 
728 254 6 9 0.027962629 
816 214 7 9 0.0279555 
896 229 9 11 0.027929764 
999 412 11 13 0.027922152 
578 394 15 19 0.027902683 
996 454 12 16 0.0278933 
932 410 12 14 0.027860938 
849 207 7 9 0.027839622 
889 381 20 24 0.027754728 
624 278 8 10 0.027749002 
919 383 10 13 0.027732396 
293 424 19 23 0.027724035 
28 418 13 18 0.027715392 
272 445 9 13 0.027714288 
20 387 11 13 0.027666716 
862 232 7 9 0.02764473 
881 247 7 10 0.027595647 
22 308 20 25 0.02753977 
279 351 8 10 0.02753612 
781 358 10 13 0.027535925 
374 350 9 11 0.027529798 
777 224 8 10 0.02751102 
753 238 7 9 0.027504873 
900 405 15 17 0.027499966 
407 319 7 10 0.027488045 
68 318 11 13 0.02746501 
682 312 7 9 0.027405217 
800 193 7 10 0.027367285 
688 263 7 9 0.027361933 
697 399 10 12 0.027350066 
992 277 9 11 0.027329652 
837 286 11 12 0.027320791 
631 256 7 9 0.027308363 
869 327 10 11 0.027265903 
239 397 18 24 0.027262619 
194 392 8 11 0.027229419 
918 224 7 9 0.027208135 
223 470 10 12 0.027205627 
559 231 8 10 0.02720221 
713 207 7 9 0.027185002 
796 329 19 25 0.027169961 
252 432 18 22 0.027086552 
307 502 13 16 0.027078195 
252 395 11 15 0.027050842 
324 468 13 17 0.027034985 
590 244 8 10 0.027010579 
759 382 9 12 0.026916314 
831 230 6 9 0.026903424 
759 176 8 10 0.026895499 
635 433 13 15 0.026886815 
23 374 11 14 0.026873894 
801 231 7 9 0.026870608 
873 201 7 9 0.026867585 
958 342 9 11 0.026830856 
913 224 7 10 0.02680962 
345 359 7 10 0.026745476 
912 382 9 12 0.026740104 
719 208 7 10 0.026738798 
615 338 10 13 0.026728662 
988 394 20 25 0.026712766 
952 447 11 13 0.026701368 
879 207 7 9 0.026696919 
247 423 12 15 0.026657883 
312 341 8 9 0.026642304 
736 214 8 10 0.026627036 
933 420 12 14 0.026608067 
668 396 20 24 0.0265858 
509 289 16 19 0.026526568 
807 324 9 11 0.026485182 
989 380 11 13 0.026463784 
738 373 9 12 0.026437618 
908 357 18 22 0.026422588 
689 278 9 11 0.026326375 
721 310 9 11 0.026303144 
592 221 7 11 0.02624809 
61 305 19 25 0.026225403 
929 239 7 9 0.026224269 
350 395 9 12 0.026220797 
720 303 8 10 0.026153976 
71 332 12 14 0.026141921 
851 364 12 14 0.026134603 
662 333 10 12 0.026068037 
928 198 8 10 0.026049327 
969 295 8 10 0.026034802 
893 222 9 11 0.026018092 
662 417 19 25 0.025980797 
688 407 10 13 0.025935652 
318 365 10 13 0.025899656 
404 374 14 17 0.025895862 
541 284 15 20 0.025890078 
299 409 18 21 0.025870567 
680 570 17 21 0.025836391 
864 215 7 9 0.025819952 
680 264 8 10 0.025813105 
590 372 11 17 0.025801081 
757 457 14 20 0.025794165 
842 222 8 11 0.025764603 
434 393 11 15 0.025703913 
807 373 11 16 0.025679272 
797 238 9 10 0.025677506 
462 189 10 13 0.02565025 
968 213 8 10 0.025621355 
294 446 12 14 0.025596086 
400 565 28 30 0.02557066 
325 489 13 17 0.025560273 
930 448 14 17 0.025560267 
298 351 8 8 0.02552683 
631 318 9 11 0.025523955 
760 448 21 28 0.025514781 
607 339 10 12 0.025499802 
398 508 11 13 0.025496645 
325 312 8 9 0.025487773 
861 264 9 11 0.02548352 
550 277 11 15 0.025482997 
517 293 26 30 0.025476357 
663 207 7 9 0.025459297 
886 246 8 10 0.025393002 
704 269 7 10 0.025390482 
429 380 20 27 0.025355622 
303 367 10 12 0.025330834 
190 451 10 12 0.02531197 
415 340 10 12 0.025286037 
871 279 9 10 0.025284044 
965 444 20 23 0.025275191 
959 174 7 10 0.025215536 
368 374 9 11 0.02521447 
911 256 7 9 0.025183618 
584 296 8 9 0.025177605 
422 385 12 16 0.02512496 
656 281 8 9 0.025117315 
173 462 13 16 0.025103778 
760 198 8 10 0.025100777 
425 340 9 11 0.025081284 
415 304 8 10 0.02507256 
764 381 20 23 0.025071645 
967 486 11 13 0.025054902 
839 192 8 9 0.025042271 
461 295 11 13 0.02503103 
192 428 11 14 0.02496551 
585 244 8 10 0.024962155 
890 379 11 15 0.02494534 
703 256 7 10 0.02491195 
974 295 9 12 0.02489822 
310 366 11 14 0.024891747 
787 331 11 13 0.024804406 
66 380 13 17 0.024803195 
797 476 13 16 0.024797047 
656 381 10 13 0.024796927 
0 345 8 18 0.024764867 
191 411 10 14 0.02476155 
928 192 8 10 0.02473958 
413 523 12 16 0.024721662 
448 532 41 52 0.024709703 
856 295 9 10 0.024660021 
198 411 12 15 0.024645768 
760 305 8 9 0.024638833 
405 412 15 20 0.024617348 
213 460 11 13 0.024612056 
776 261 7 9 0.024570841 
779 487 15 17 0.024508607 
737 240 8 11 0.02449701 
345 341 9 12 0.024492987 
671 380 10 13 0.024469601 
302 493 11 13 0.024469089 
400 319 7 10 0.024468109 
345 293 9 12 0.024417076 
320 404 9 13 0.024397649 
444 317 11 15 0.024390606 
704 356 8 10 0.02436429 
1000 336 8 10 0.024349382 
321 396 10 14 0.024334038 
957 398 10 12 0.024305932 
473 504 42 55 0.02429868 
420 474 16 17 0.024261225 
825 198 7 9 0.024181254 
264 452 10 13 0.024177965 
589 350 11 13 0.024173511 
377 319 8 9 0.024166128 
334 364 9 13 0.02415244 
576 249 7 8 0.024136987 
848 201 7 8 0.0241061 
554 199 8 10 0.024025941 
640 271 7 9 0.023996893 
982 313 8 9 0.02399644 
768 436 11 15 0.023991283 
638 247 8 9 0.023976564 
776 213 8 10 0.023970552 
479 295 9 11 0.023946494 
295 398 8 10 0.023940364 
879 295 9 10 0.023920828 
873 167 7 8 0.023898453 
989 443 13 15 0.023870056 
423 352 11 15 0.023863085 
213 468 11 15 0.023825668 
713 280 8 10 0.023810672 
1015 382 9 12 0.023804486 
622 233 7 8 0.023799816 
673 348 10 13 0.023773367 
789 316 10 12 0.02376792 
535 217 7 9 0.023716582 
721 191 8 9 0.02369686 
981 400 19 24 0.023615636 
467 486 24 30 0.023581566 
660 433 12 14 0.023564575 
772 434 16 19 0.023559025 
805 380 13 17 0.023531707 
838 340 11 14 0.023531346 
408 526 12 17 0.02352865 
896 200 7 10 0.023519158 
631 278 7 10 0.023472304 
311 459 12 15 0.02343753 
887 296 9 10 0.023408048 
754 260 9 12 0.02338102 
360 344 8 10 0.023372576 
319 320 9 10 0.023290502 
880 175 8 10 0.023276536 
414 385 12 18 0.023251085 
830 348 12 13 0.023248516 
637 229 9 11 0.023230225 
732 410 12 15 0.02322739 
1013 413 10 13 0.023215521 
639 280 7 10 0.023211109 
677 356 12 15 0.02320323 
729 199 7 9 0.023104457 
545 322 406 481 0.023075227 
683 253 7 10 0.023044853 
509 321 15 18 0.023031713 
566 322 11 15 0.023014555 
463 504 22 27 0.023004038 
936 289 9 12 0.02300267 
312 378 12 14 0.022999866 
887 231 9 12 0.0229238 
992 475 11 14 0.022916865 
290 335 8 10 0.022892917 
421 445 13 17 0.022890266 
390 541 13 17 0.022873016 
912 215 8 9 0.022869434 
328 343 8 9 0.022858856 
920 269 8 11 0.022837257 
926 165 8 12 0.022792501 
502 330 24 31 0.022782443 
665 388 9 12 0.022768311 
328 335 8 10 0.022746887 
943 406 10 14 0.022714306 
384 525 11 13 0.02270802 
297 367 8 11 0.022689665 
807 215 8 9 0.022670839 
936 209 7 9 0.022665743 
857 201 7 9 0.022620453 
656 341 11 14 0.022616168 
839 199 8 9 0.02257008 
754 175 8 11 0.022556797 
891 372 18 22 0.022550048 
953 403 22 24 0.022529742 
641 214 7 9 0.022483634 
856 263 10 13 0.022482838 
983 357 9 12 0.022472048 
837 280 10 11 0.02246753 
437 539 25 33 0.022462036 
928 254 7 9 0.022460246 
704 280 7 9 0.022449072 
945 412 12 14 0.022417676 
695 247 7 9 0.022397485 
289 358 7 9 0.022382934 
847 216 8 9 0.022382632 
812 389 21 27 0.022366652 
614 398 11 15 0.02234623 
770 357 19 23 0.022338891 
910 229 8 11 0.022327371 
327 277 9 13 0.022326836 
918 165 9 13 0.022308676 
670 319 10 12 0.022300236 
631 356 9 12 0.022249972 
927 270 8 10 0.0222406 
848 316 9 11 0.022193395 
702 368 9 11 0.022187952 
484 294 11 14 0.022179227 
856 287 9 11 0.02215995 
833 207 7 10 0.022137718 
606 397 11 15 0.022122737 
974 206 9 12 0.02212264 
977 224 9 12 0.022116046 
748 483 16 20 0.022106122 
569 254 7 10 0.022098122 
730 215 7 9 0.02207416 
368 395 10 12 0.022031248 
817 384 14 20 0.021998703 
437 376 12 18 0.021953803 
391 334 11 11 0.021953436 
63 304 11 13 0.02191859 
992 264 7 9 0.021887157 
974 435 10 13 0.021844216 
647 422 10 13 0.021840695 
837 374 23 29 0.021831622 
840 333 10 13 0.02182823 
776 286 8 11 0.02180977 
673 277 9 11 0.021776738 
449 350 16 19 0.021742327 
919 185 7 9 0.021740751 
280 310 7 9 0.021718938 
620 443 20 26 0.021691667 
626 255 7 10 0.021669459 
597 393 12 15 0.02164236 
863 326 10 12 0.02164038 
680 302 8 10 0.021638589 
283 502 11 13 0.021600792 
638 223 8 10 0.021598639 
779 229 7 10 0.021592474 
944 395 10 13 0.02157295 
640 303 9 11 0.02155472 
1014 350 10 13 0.021544201 
346 547 15 20 0.0215383 
718 429 12 16 0.021525653 
435 336 13 16 0.02152539 
1014 466 11 14 0.021509642 
414 365 21 27 0.021497816 
930 459 15 17 0.021460654 
333 419 11 14 0.021439355 
659 208 6 9 0.021431465 
248 467 12 14 0.021410769 
784 201 7 9 0.021382004 
663 262 10 12 0.021351075 
758 407 21 28 0.0213262 
262 324 8 11 0.02132061 
913 238 7 9 0.021288922 
946 371 18 23 0.021285681 
622 348 10 13 0.021284053 
357 470 13 15 0.02127792 
574 305 19 24 0.021276634 
913 190 7 10 0.02127592 
473 345 92 133 0.021273695 
692 483 13 18 0.021265566 
905 174 7 9 0.021263447 
647 271 7 10 0.021256931 
961 349 21 24 0.021236422 
718 270 9 11 0.021233454 
-3 279 21 36 0.021222288 
721 248 7 9 0.021203998 
482 301 13 15 0.021190582 
789 423 19 22 0.021172998 
969 207 8 11 0.02115025 
888 426 23 27 0.021145178 
335 293 9 11 0.021124037 
756 435 11 15 0.021084055 
729 224 6 8 0.021080112 
857 338 18 22 0.020988818 
234 426 12 15 0.020970112 
428 500 15 21 0.02096471 
656 215 7 10 0.020955648 
682 248 8 10 0.020920992 
646 335 10 11 0.020909725 
781 299 18 23 0.02090578 
569 248 7 9 0.020896388 
38 373 10 14 0.02086671 
624 286 9 11 0.020830315 
604 366 15 19 0.020828918 
769 214 8 10 0.020824471 
688 379 18 21 0.0208017 
984 445 11 14 0.02079472 
920 199 7 10 0.020789763 
398 325 9 10 0.020765949 
57 371 19 24 0.020758202 
705 302 8 11 0.020753518 
302 478 12 14 0.020730812 
843 356 15 17 0.020722453 
630 326 9 11 0.02071562 
874 255 7 9 0.020695807 
973 493 9 11 0.020671729 
777 326 9 11 0.020669276 
558 246 8 10 0.020659916 
882 193 7 9 0.020657737 
398 499 12 16 0.020642037 
597 366 14 19 0.020633508 
305 358 8 9 0.020628387 
405 422 14 18 0.020626873 
876 387 14 17 0.020590197 
647 321 11 13 0.020534778 
741 525 14 18 0.0205345 
904 226 7 9 0.020524845 
961 423 20 23 0.020523073 
36 433 12 18 0.020512894 
672 436 10 13 0.020512661 
776 333 9 12 0.020494843 
494 306 11 15 0.020492027 
952 459 12 15 0.020477219 
935 325 9 10 0.020465445 
7 433 11 15 0.020409469 
1012 539 12 16 0.020404078 
760 191 8 10 0.020401029 
378 221 429 494 0.020392092 
619 402 19 22 0.02038224 
929 295 9 12 0.020366069 
295 448 18 24 0.020362694 
279 373 8 10 0.020350264 
733 238 19 27 0.020332921 
830 304 18 23 0.020321203 
811 446 11 14 0.02031444 
413 403 11 15 0.020313507 
961 223 8 11 0.020274274 
713 215 7 9 0.02025569 
704 542 49 52 0.020226534 
840 208 7 8 0.02019788 
601 318 9 12 0.0201602 
695 333 11 13 0.020152174 
882 167 8 10 0.020151712 
640 389 13 15 0.02014676 
335 318 10 12 0.020144802 
255 390 9 12 0.020138893 
676 475 22 27 0.020128813 
278 392 9 11 0.020092845 
417 334 9 12 0.020086687 
655 287 8 11 0.02007793 
955 448 19 23 0.020045199 
407 363 11 15 0.02004176 
816 175 7 10 0.020019894 
15 375 10 13 0.020000165 
