35_Basketball_basketballgame_ball_35_479
2189
211 209 13 18 0.38554248 
134 437 9 11 0.36708266 
80 517 11 13 0.35213053 
388 502 11 14 0.2995164 
106 618 22 32 0.26114035 
102 424 8 10 0.24368967 
77 491 10 14 0.23641072 
84 521 12 15 0.23538007 
254 516 13 15 0.23460737 
271 577 10 14 0.23239991 
901 301 9 13 0.21785939 
500 595 12 16 0.21317439 
398 276 8 11 0.21245289 
383 278 8 10 0.21209286 
102 429 9 11 0.19635467 
462 487 8 10 0.19355944 
985 266 15 20 0.18977095 
1 292 9 13 0.18495102 
438 312 8 10 0.18291442 
46 428 10 12 0.17913288 
697 334 9 12 0.17565507 
51 515 11 16 0.17244393 
498 312 7 10 0.17144199 
195 484 11 14 0.1709434 
959 260 9 12 0.17006484 
881 328 8 10 0.16992542 
959 343 8 11 0.16909747 
865 319 7 10 0.16778596 
264 541 11 14 0.16152872 
24 557 11 14 0.15572996 
47 462 8 11 0.15567757 
990 207 9 11 0.1481819 
80 439 8 11 0.14639285 
159 446 8 10 0.14633472 
914 308 8 12 0.1449239 
317 555 11 15 0.14349918 
142 529 11 16 0.14337516 
328 569 12 16 0.13994297 
831 366 8 10 0.13991253 
576 359 8 10 0.13837433 
125 425 8 9 0.13802469 
703 317 9 12 0.13729206 
410 264 8 10 0.13614222 
198 534 13 18 0.135806 
886 328 7 10 0.13513233 
361 222 7 10 0.12738568 
514 198 8 10 0.12479025 
768 657 12 16 0.12449949 
414 221 8 9 0.124219924 
542 508 9 12 0.124164045 
85 468 11 15 0.12351483 
136 531 11 15 0.12248389 
130 439 9 11 0.12181377 
7 327 9 11 0.12168868 
902 268 9 11 0.12132636 
542 503 9 11 0.12124389 
183 253 8 11 0.12121668 
277 485 10 12 0.12039304 
393 276 8 11 0.12033174 
471 509 9 11 0.12019865 
17 405 9 11 0.116037145 
717 293 9 11 0.115661405 
255 542 10 14 0.114487134 
86 430 8 11 0.114289865 
111 469 9 11 0.11418642 
623 337 8 10 0.11224197 
469 524 11 14 0.11196967 
677 327 9 10 0.10874149 
393 620 15 21 0.10852309 
513 505 8 10 0.10775441 
87 462 10 12 0.10759693 
97 428 9 12 0.10755393 
504 257 8 9 0.10728047 
511 509 10 11 0.10701474 
191 223 8 10 0.106643856 
151 245 9 12 0.10622075 
336 247 7 10 0.1061057 
936 239 7 10 0.105377056 
17 401 8 10 0.10522304 
47 407 10 11 0.10521784 
558 311 8 9 0.105141066 
598 598 13 16 0.10503208 
393 429 8 12 0.104288146 
693 269 8 11 0.10388778 
975 230 8 11 0.1024997 
471 503 9 12 0.10236229 
222 270 8 10 0.10209044 
966 253 10 12 0.10206589 
554 311 8 10 0.10120819 
688 227 8 10 0.10112881 
147 530 12 16 0.10104369 
128 444 10 12 0.09991698 
102 448 9 10 0.09985825 
360 523 9 13 0.09937246 
489 273 6 9 0.09897329 
818 642 24 37 0.09821088 
938 287 8 11 0.09814203 
481 303 8 10 0.09740834 
921 287 8 10 0.09726861 
904 376 7 10 0.097163364 
126 429 9 11 0.09686385 
87 476 11 13 0.096813515 
657 285 8 10 0.0967028 
870 280 7 9 0.09637652 
919 351 7 9 0.09523465 
501 539 11 14 0.095055036 
15 324 9 12 0.09483366 
182 247 9 11 0.094431594 
437 287 8 10 0.0943811 
605 601 13 17 0.09431184 
631 277 8 10 0.09377914 
93 479 10 13 0.093777545 
300 595 12 16 0.09320452 
639 327 8 10 0.09305728 
416 367 9 13 0.09289468 
433 311 8 10 0.09272204 
944 373 10 12 0.092382684 
78 444 9 11 0.092175335 
904 365 8 10 0.0920711 
890 351 8 10 0.09153415 
653 533 10 13 0.08988943 
478 246 9 11 0.08965794 
912 352 8 10 0.089557 
549 625 13 19 0.089430556 
959 310 10 12 0.089389525 
222 186 8 10 0.089246355 
919 344 9 10 0.08914938 
751 341 8 11 0.08897267 
878 263 8 9 0.08862372 
887 281 8 9 0.0882643 
6 391 8 12 0.08743906 
928 272 8 11 0.085961536 
734 287 9 12 0.085898146 
366 264 8 10 0.08576063 
311 238 7 9 0.08561691 
952 342 9 11 0.08533896 
486 295 8 10 0.08519131 
869 319 8 11 0.084859714 
458 486 8 11 0.08437019 
751 336 7 10 0.08431321 
110 432 9 11 0.084180675 
1 422 8 12 0.08397084 
543 318 8 10 0.08347218 
397 244 9 12 0.08290043 
794 289 7 9 0.08207677 
304 509 9 11 0.08201942 
343 231 8 9 0.081953794 
865 312 7 9 0.08187954 
922 214 7 9 0.0818469 
437 518 10 14 0.081187375 
879 367 8 10 0.08064003 
982 189 7 10 0.080483146 
410 221 8 11 0.08042598 
287 503 8 10 0.07984042 
235 597 14 23 0.079790205 
559 332 8 12 0.07970529 
494 223 8 10 0.078809455 
911 304 9 12 0.0784464 
30 484 10 12 0.07835863 
470 517 11 14 0.07822099 
615 303 8 9 0.07820033 
783 328 8 10 0.07798225 
857 310 7 9 0.077979155 
968 200 7 10 0.07797717 
632 305 8 9 0.07763661 
525 557 10 14 0.07745857 
167 193 7 8 0.07735733 
526 366 7 10 0.07719981 
72 488 9 13 0.07717794 
454 279 8 10 0.076899745 
922 291 8 12 0.07667452 
63 398 8 10 0.07665909 
936 278 9 10 0.07658747 
896 383 7 10 0.076551065 
23 368 8 10 0.076177135 
416 198 7 9 0.07610555 
966 341 9 11 0.07607038 
544 665 24 26 0.075883694 
584 328 6 9 0.075849086 
546 294 8 10 0.07569617 
477 586 12 16 0.07558199 
825 325 8 10 0.07545615 
653 310 9 11 0.07531785 
254 279 7 9 0.07521421 
453 301 9 12 0.075152434 
16 446 8 11 0.07512413 
873 303 7 9 0.07504726 
495 273 8 9 0.07483029 
856 305 7 9 0.07436835 
126 510 10 12 0.07427158 
887 318 8 9 0.07420254 
719 558 10 12 0.07409961 
977 190 8 10 0.07361945 
16 320 9 11 0.0734551 
130 285 8 10 0.07345233 
464 262 8 9 0.07330427 
866 278 7 9 0.07325333 
710 317 8 10 0.07316931 
486 303 7 9 0.07295458 
16 414 9 11 0.072795875 
489 221 9 11 0.07276204 
255 484 10 13 0.07239594 
897 263 8 10 0.07239371 
176 229 7 11 0.07237025 
941 278 10 11 0.07219657 
480 273 7 9 0.072194465 
370 207 7 10 0.072102994 
62 430 9 12 0.07185982 
62 472 9 11 0.0713508 
670 540 9 11 0.07086909 
634 325 8 10 0.07047685 
371 631 15 18 0.070253976 
313 562 10 14 0.070229925 
41 424 8 11 0.069800206 
213 500 12 15 0.06978462 
766 327 7 9 0.06967604 
401 461 9 13 0.06952618 
23 318 8 10 0.069259435 
919 375 7 9 0.06904504 
470 358 9 12 0.069011964 
581 527 11 14 0.06892354 
152 253 9 11 0.068870164 
816 583 9 12 0.068800025 
368 240 7 10 0.06869199 
876 650 16 20 0.068651296 
13 475 10 14 0.06857347 
149 511 10 12 0.068541326 
320 272 7 9 0.06845536 
645 294 8 9 0.068361826 
266 241 7 9 0.06832291 
192 478 11 14 0.068255015 
446 270 8 10 0.06817997 
341 524 8 12 0.068104066 
830 361 8 9 0.06809558 
496 316 8 10 0.06800794 
693 224 8 10 0.067945175 
384 273 8 11 0.067791946 
55 471 9 11 0.06770715 
537 503 9 11 0.06760507 
310 304 9 12 0.067603976 
760 303 7 9 0.06757229 
577 365 8 10 0.067458495 
905 247 8 10 0.06745192 
794 318 7 9 0.06744483 
375 287 8 9 0.06739081 
660 334 10 13 0.06718974 
568 369 7 9 0.067027465 
133 287 8 10 0.066966824 
612 603 12 17 0.066937715 
839 366 7 9 0.06693093 
462 320 8 9 0.06692446 
311 262 8 10 0.066581 
857 382 8 10 0.066375084 
21 454 9 11 0.066369824 
872 324 8 10 0.06626142 
846 318 7 10 0.06598626 
649 525 11 14 0.06574909 
432 286 9 11 0.06564294 
117 463 9 12 0.065526046 
326 210 7 9 0.06531834 
359 270 8 10 0.06527885 
842 317 7 10 0.065200254 
776 297 7 8 0.065195136 
797 319 8 9 0.06517979 
517 502 10 12 0.06515269 
466 288 7 9 0.065110356 
97 448 8 11 0.06498578 
895 308 9 11 0.0647538 
287 565 10 13 0.0647057 
216 189 9 10 0.06464614 
794 294 7 9 0.0643792 
255 264 7 9 0.06436228 
546 373 8 11 0.06432981 
557 557 11 16 0.06431498 
921 208 7 9 0.06403999 
826 342 8 9 0.06402999 
366 223 8 10 0.06392662 
825 360 7 8 0.06371539 
593 633 14 21 0.06362445 
798 294 7 9 0.0631812 
6 445 10 12 0.06307905 
361 264 8 10 0.06303086 
599 293 8 10 0.062984936 
54 500 9 13 0.06287588 
511 323 9 11 0.06286551 
446 264 8 10 0.06276514 
537 344 8 10 0.06257324 
398 548 10 13 0.062569536 
632 596 11 14 0.062459067 
200 513 12 15 0.062291615 
63 421 9 11 0.062160905 
514 311 7 9 0.06215517 
953 261 9 11 0.062023554 
80 462 10 12 0.06201864 
274 574 12 14 0.061846238 
663 620 11 16 0.06176629 
847 311 8 9 0.061677225 
840 273 7 9 0.06128979 
260 523 12 14 0.061202057 
57 397 8 10 0.061201833 
23 462 8 11 0.061097912 
953 253 9 11 0.061079543 
425 193 7 9 0.06086453 
856 326 7 9 0.06083158 
57 477 8 10 0.06070993 
878 373 8 10 0.060569916 
141 437 9 11 0.06051738 
581 366 8 11 0.06044149 
649 309 9 11 0.060333017 
175 200 7 9 0.0601939 
656 304 8 9 0.06017461 
591 311 7 9 0.06010165 
558 351 8 10 0.06008054 
245 176 8 11 0.059977494 
762 325 8 11 0.05985293 
112 464 10 12 0.059658118 
279 168 8 10 0.059591018 
944 233 7 9 0.059511345 
528 309 7 10 0.059485685 
942 237 8 10 0.059477754 
87 484 12 14 0.059348576 
84 577 11 16 0.05881618 
453 196 9 11 0.058809828 
718 224 8 10 0.05873199 
335 253 8 10 0.058731567 
288 558 9 12 0.058704894 
470 287 8 9 0.058684427 
809 296 7 9 0.058550045 
713 328 9 12 0.058245912 
325 239 7 9 0.058213077 
430 292 9 11 0.058200844 
608 320 7 9 0.058103714 
553 351 9 10 0.0580953 
351 239 7 9 0.05791974 
874 263 8 9 0.05791166 
976 225 8 10 0.05786801 
864 323 8 10 0.057610184 
681 294 8 10 0.05749927 
638 321 8 10 0.057405908 
968 336 9 11 0.057238963 
943 319 10 12 0.057014123 
542 344 8 11 0.056971066 
544 255 7 10 0.05689094 
192 217 8 10 0.056800257 
479 618 13 17 0.056742955 
599 334 8 9 0.056616273 
882 296 8 10 0.05641862 
432 198 8 10 0.056257434 
385 678 27 31 0.05623365 
453 296 9 11 0.056192804 
1001 193 7 9 0.056150172 
799 287 7 10 0.05613318 
200 278 8 10 0.056124736 
441 264 8 9 0.05605595 
398 199 8 10 0.055851825 
964 260 11 14 0.05584858 
910 229 8 9 0.055813666 
646 328 8 10 0.055789188 
54 429 9 13 0.05577611 
181 525 9 13 0.055571422 
864 240 7 9 0.055541445 
496 278 7 9 0.055503465 
5 421 10 12 0.05546888 
359 192 8 10 0.05542031 
511 644 12 16 0.05541576 
101 628 16 22 0.055410095 
952 350 8 10 0.055121053 
952 248 9 11 0.055097833 
416 428 9 11 0.055063516 
263 533 11 14 0.054983478 
903 326 9 11 0.05496735 
617 325 7 9 0.05483795 
897 375 7 10 0.054817364 
412 309 9 11 0.054740727 
392 262 8 10 0.054646246 
320 223 8 9 0.05462866 
335 277 9 12 0.054397624 
912 375 8 10 0.054387897 
727 303 9 10 0.054365437 
335 272 9 11 0.054324772 
352 277 7 11 0.05423898 
481 216 7 10 0.05420173 
887 365 7 10 0.054010574 
42 460 9 13 0.05400286 
62 335 7 10 0.053808346 
344 208 7 8 0.05360146 
15 334 8 10 0.053485636 
518 510 8 11 0.053480588 
242 181 8 10 0.053278245 
888 312 8 10 0.053214855 
663 296 8 10 0.053039726 
374 231 7 9 0.052947424 
847 360 8 10 0.05286969 
498 288 7 9 0.052806713 
34 398 9 11 0.052791465 
271 303 7 9 0.05269897 
1016 189 7 11 0.05264011 
552 317 8 10 0.052615527 
423 239 8 10 0.05260713 
972 246 11 13 0.052456822 
287 507 9 11 0.052310176 
462 245 8 10 0.052262302 
558 358 8 10 0.05221023 
215 477 10 12 0.052182637 
57 446 9 11 0.052075367 
56 390 10 12 0.052072287 
511 216 7 10 0.052040342 
31 539 12 15 0.05195383 
381 604 14 17 0.051944476 
616 321 6 8 0.051908005 
831 288 7 9 0.051888943 
303 504 9 11 0.05183777 
870 310 7 9 0.051827583 
858 375 8 10 0.051795773 
502 351 8 10 0.051785637 
629 607 13 18 0.051701523 
905 359 8 11 0.051531006 
623 327 8 9 0.051522173 
255 271 7 9 0.051461194 
423 477 8 10 0.051410496 
368 229 8 10 0.05139847 
430 277 10 12 0.05137154 
416 380 10 14 0.051227145 
575 296 8 9 0.051159717 
895 256 7 9 0.051140416 
542 350 7 9 0.051133275 
760 319 8 10 0.051077064 
467 636 15 17 0.05097466 
858 320 7 9 0.05094601 
157 245 9 11 0.050884873 
351 494 8 10 0.05087889 
624 287 7 10 0.050830714 
582 303 7 9 0.05074606 
501 359 9 12 0.050674018 
538 349 8 9 0.050629158 
232 229 7 10 0.0505475 
24 484 11 12 0.05052645 
457 247 8 10 0.0504991 
544 312 8 10 0.0504959 
906 212 8 9 0.050319415 
934 244 9 10 0.05023381 
886 285 8 9 0.05017563 
175 519 11 13 0.05016826 
408 269 8 10 0.05010527 
273 166 8 12 0.049974706 
839 278 7 8 0.04995051 
974 342 8 10 0.049880657 
449 277 9 11 0.049874466 
641 332 8 10 0.04985276 
222 264 8 10 0.04982749 
841 312 7 9 0.049808834 
487 216 8 11 0.049791835 
321 209 8 10 0.049783193 
31 422 9 11 0.04977108 
311 233 7 9 0.049652435 
226 167 6 9 0.049639184 
695 311 9 10 0.049623888 
640 278 7 9 0.049585916 
338 230 8 9 0.049507685 
269 534 11 13 0.049477942 
186 189 7 9 0.049470294 
592 304 7 9 0.049420428 
927 215 7 10 0.049407564 
145 485 8 11 0.049364492 
45 467 11 14 0.049168795 
173 619 14 19 0.049132913 
157 440 10 13 0.04907991 
128 281 8 10 0.04898085 
622 255 8 9 0.048919406 
929 241 7 9 0.048902534 
24 312 8 10 0.048895463 
92 462 9 11 0.048851065 
161 209 6 9 0.04882258 
847 350 7 9 0.048794363 
184 185 6 9 0.048780747 
1001 300 9 14 0.04875483 
729 286 9 12 0.048734024 
897 366 8 10 0.048694402 
198 469 10 12 0.048592377 
431 182 7 10 0.048580673 
399 192 8 9 0.048562802 
951 311 10 11 0.048416708 
919 368 7 9 0.048401795 
392 222 8 10 0.048353318 
501 304 8 9 0.048304036 
208 189 8 11 0.048274986 
334 262 8 10 0.048273593 
463 168 8 12 0.048137866 
864 359 7 9 0.048057202 
792 367 8 10 0.048049342 
158 254 8 12 0.04796824 
457 262 8 10 0.04788124 
469 365 9 12 0.047877982 
927 262 8 10 0.047859747 
881 287 7 8 0.04784311 
457 326 8 11 0.04782901 
216 493 11 14 0.04782391 
556 625 16 19 0.04780783 
382 573 10 14 0.047797743 
636 631 15 19 0.0477972 
498 191 6 9 0.047610644 
7 471 11 13 0.047575966 
559 248 7 10 0.04747195 
270 492 11 14 0.047466516 
578 302 7 9 0.047406167 
910 357 8 10 0.047389176 
474 246 8 11 0.047382213 
503 289 7 9 0.04725225 
358 277 8 11 0.04723194 
768 289 7 9 0.047123656 
248 294 8 10 0.04711616 
246 215 8 10 0.047071625 
848 272 7 9 0.047032557 
760 295 7 9 0.04693168 
449 196 9 11 0.046921134 
663 281 7 9 0.046883274 
567 373 7 10 0.046861548 
950 336 10 11 0.046839718 
120 430 9 11 0.046836212 
45 508 15 21 0.046784103 
592 329 7 9 0.046689298 
569 278 7 10 0.046613365 
717 333 8 11 0.046408944 
991 357 8 10 0.04639492 
625 311 7 9 0.046355076 
928 335 9 10 0.04631958 
550 368 8 10 0.04627826 
992 341 8 10 0.046256494 
150 516 11 14 0.046206273 
969 192 8 9 0.046181828 
167 279 7 10 0.046176974 
178 183 6 9 0.046170484 
447 554 12 16 0.046118576 
93 469 9 12 0.046099793 
893 190 8 10 0.04597045 
545 290 7 9 0.045913268 
519 248 8 10 0.045886375 
472 303 7 10 0.04578173 
647 288 8 9 0.0457684 
360 218 7 9 0.045758583 
7 414 9 11 0.04574424 
889 240 7 10 0.04569375 
1007 317 10 14 0.045692686 
592 351 8 11 0.045682117 
880 301 8 11 0.045583744 
496 349 9 11 0.04557587 
415 257 8 9 0.045555167 
558 585 13 18 0.045497768 
488 277 7 9 0.045392193 
648 231 8 10 0.045350682 
599 329 7 8 0.045350537 
375 245 8 10 0.045350038 
694 265 8 11 0.045340057 
101 478 11 14 0.045230456 
154 445 9 11 0.045218084 
711 301 8 10 0.045203086 
864 343 7 9 0.045201182 
871 296 7 10 0.045181587 
528 360 8 11 0.045170326 
146 246 10 12 0.045134697 
559 318 7 9 0.045115147 
701 339 9 11 0.045112487 
400 467 9 12 0.045079306 
269 239 8 10 0.04504197 
871 285 7 9 0.045037575 
397 554 11 14 0.045005813 
696 278 9 12 0.044958927 
5 538 12 16 0.044901326 
458 319 8 10 0.044886034 
724 557 11 13 0.04488312 
301 548 11 13 0.044875 
322 212 8 11 0.04480602 
895 231 7 8 0.044784635 
937 208 7 9 0.044762406 
600 320 7 9 0.04475877 
927 189 8 9 0.044741098 
551 248 9 10 0.04473272 
463 492 8 10 0.044707045 
424 197 7 9 0.044670876 
55 485 9 12 0.04466481 
559 182 8 10 0.04466276 
232 278 8 10 0.044660967 
343 225 7 9 0.044625126 
481 287 8 10 0.044544227 
329 262 8 9 0.04454183 
540 596 13 16 0.044518385 
272 480 9 11 0.044484586 
504 511 9 12 0.04444559 
615 311 7 8 0.044321403 
528 304 8 9 0.04431889 
847 345 7 9 0.044313025 
310 517 9 12 0.044309583 
929 245 8 10 0.04427788 
191 191 8 10 0.04425942 
519 310 7 10 0.04424835 
862 383 8 11 0.044230025 
577 326 7 10 0.0442191 
793 372 8 10 0.04420501 
496 326 8 10 0.044155054 
576 238 7 10 0.044117622 
394 240 9 10 0.044102803 
502 295 8 9 0.04410089 
875 367 8 10 0.044095516 
927 208 7 9 0.04397433 
40 468 10 14 0.043970782 
590 626 14 20 0.043963883 
472 225 7 9 0.043781 
415 476 9 12 0.043703903 
856 273 7 9 0.04366828 
392 231 8 9 0.043591492 
665 540 10 12 0.043574814 
760 310 7 10 0.043553475 
232 213 8 11 0.043497857 
142 478 9 13 0.04348776 
216 539 10 15 0.043466024 
463 240 8 10 0.043452434 
504 208 7 10 0.04343792 
30 477 10 14 0.04342559 
769 294 7 9 0.043359883 
504 271 7 10 0.043343313 
506 594 12 16 0.0433325 
429 690 14 16 0.0432725 
471 263 7 9 0.04323243 
455 309 8 11 0.04321226 
469 229 8 10 0.04316918 
477 517 10 13 0.043058403 
425 295 9 10 0.043041397 
240 294 8 9 0.042977452 
488 311 7 8 0.04296624 
183 484 10 12 0.04293801 
46 456 9 11 0.04277175 
437 292 9 11 0.04273944 
22 493 10 12 0.04272287 
71 500 10 13 0.042695623 
775 313 7 8 0.042665973 
992 336 8 10 0.042589005 
183 206 7 10 0.04256603 
106 470 8 11 0.042530626 
600 272 7 8 0.04224407 
98 309 8 11 0.0422286 
511 516 10 12 0.0422244 
313 206 7 10 0.042191073 
249 159 7 9 0.0421748 
69 398 9 11 0.042174604 
960 222 7 9 0.04217076 
591 264 7 9 0.042127885 
83 491 12 15 0.042117454 
153 439 9 12 0.042096455 
145 252 9 11 0.042045128 
888 358 8 10 0.04203996 
510 255 8 10 0.04203161 
814 295 7 9 0.041984554 
944 270 9 12 0.041961435 
960 303 10 13 0.041957423 
162 214 7 9 0.04192315 
463 256 7 9 0.041873544 
41 375 9 11 0.041861504 
197 570 12 17 0.041796762 
909 248 8 9 0.041779168 
424 472 8 10 0.04173666 
505 214 8 10 0.04172437 
559 305 7 9 0.041679937 
938 177 7 9 0.041679744 
53 406 9 10 0.04166557 
695 252 8 10 0.041649662 
95 453 9 11 0.04158416 
986 206 8 10 0.041466914 
551 503 9 11 0.04142712 
456 493 8 11 0.041356172 
430 595 12 17 0.041271474 
535 302 7 9 0.041262385 
745 327 8 10 0.0412437 
165 626 16 22 0.041239988 
62 485 11 13 0.041223522 
213 548 11 14 0.041209135 
933 311 8 10 0.041205324 
777 302 7 9 0.04110351 
808 351 8 11 0.04107358 
396 430 9 11 0.040984403 
784 319 7 8 0.0409824 
166 448 8 10 0.040949043 
630 272 8 10 0.040944204 
862 367 7 9 0.0409418 
847 295 7 9 0.040922053 
413 388 13 18 0.04091725 
321 233 7 9 0.040905192 
622 604 13 18 0.04090226 
472 255 8 9 0.040864777 
369 287 8 10 0.040861145 
782 344 7 9 0.04085176 
1005 298 10 14 0.040792454 
312 247 7 9 0.040775165 
260 510 11 13 0.04076268 
22 413 8 11 0.040757637 
310 288 8 9 0.040675588 
169 197 7 8 0.040658828 
922 262 8 10 0.040591903 
429 472 9 11 0.04057707 
529 239 7 9 0.040544175 
681 289 7 9 0.040529143 
991 201 7 9 0.04039306 
263 574 13 16 0.040323697 
299 602 14 18 0.040269095 
848 327 7 9 0.040242933 
943 263 9 10 0.040217515 
879 390 8 9 0.0401765 
697 328 10 13 0.0401484 
209 175 8 10 0.040116623 
545 677 25 28 0.04009168 
144 215 7 9 0.04008691 
495 248 7 9 0.040078055 
40 453 10 14 0.040069986 
74 445 8 12 0.039998304 
912 381 7 10 0.03995529 
446 562 11 15 0.039927837 
62 436 9 11 0.03991813 
389 611 12 17 0.039889224 
245 476 10 13 0.03987162 
943 350 8 10 0.039842583 
279 534 9 12 0.039766863 
413 269 8 10 0.039735038 
89 455 9 11 0.03971854 
472 272 8 9 0.0396806 
936 350 8 11 0.039661177 
944 343 8 10 0.039615557 
670 667 11 14 0.039602026 
485 580 11 14 0.039593875 
593 333 7 9 0.039580215 
22 325 8 10 0.039572403 
343 215 7 8 0.039550327 
305 303 9 12 0.039529435 
417 194 7 9 0.039462462 
873 373 9 11 0.03941644 
345 493 9 11 0.03937465 
479 241 8 11 0.03935811 
230 168 8 10 0.039353587 
648 304 8 10 0.03935146 
383 284 8 11 0.03934088 
350 232 8 9 0.03928167 
207 183 8 10 0.03926614 
265 245 7 11 0.039219733 
157 518 9 12 0.039196137 
890 255 7 9 0.03918323 
765 367 9 12 0.039143983 
37 499 13 17 0.03908907 
822 143 8 11 0.039085187 
663 329 8 11 0.039065823 
824 336 8 10 0.039065544 
921 190 7 9 0.03902571 
63 415 8 11 0.039016474 
906 353 8 9 0.038980126 
564 586 14 19 0.038968027 
848 303 8 10 0.038937338 
713 269 9 11 0.0389171 
517 516 9 11 0.038905278 
705 239 7 9 0.038880788 
750 328 8 9 0.03886128 
409 216 8 10 0.038857542 
353 216 7 9 0.03881294 
679 321 9 11 0.038803175 
672 614 11 15 0.038790584 
592 318 7 9 0.038757574 
379 279 9 10 0.038746692 
84 511 12 15 0.038733214 
262 223 8 11 0.038689945 
359 496 9 10 0.03867923 
376 215 7 9 0.038670838 
599 288 8 11 0.03865675 
76 517 21 25 0.038614497 
873 646 27 33 0.038604442 
639 309 8 10 0.038582392 
973 237 10 11 0.03853904 
165 215 8 9 0.03852308 
921 278 9 11 0.038485102 
756 114 29 35 0.03847795 
617 247 8 11 0.038410377 
560 343 8 10 0.03835432 
365 382 10 15 0.038305685 
903 333 9 11 0.038277708 
643 628 12 16 0.03818042 
591 255 8 8 0.03815065 
337 199 7 9 0.038067292 
430 192 7 9 0.038008016 
824 382 8 9 0.037986394 
455 285 8 10 0.037935097 
15 500 11 13 0.037931465 
717 287 10 13 0.037916858 
535 358 9 12 0.037910506 
354 223 7 9 0.03784716 
585 223 7 9 0.037845016 
64 407 8 9 0.03772801 
940 284 10 12 0.037715234 
161 278 8 10 0.0376774 
432 327 7 9 0.037647013 
73 439 9 11 0.03761337 
0 556 11 16 0.037567306 
526 502 10 12 0.037561376 
841 295 8 9 0.037514396 
503 517 10 13 0.037513006 
865 287 8 9 0.037490893 
420 371 10 14 0.037485745 
158 240 8 11 0.037485037 
746 341 9 11 0.037476774 
487 289 6 8 0.03747091 
569 296 6 8 0.037448812 
975 318 9 12 0.03741277 
132 442 10 13 0.037374686 
959 336 10 12 0.03737029 
177 207 8 9 0.037342582 
797 368 8 9 0.037336927 
617 341 8 10 0.037321836 
518 193 8 10 0.037317954 
921 241 7 9 0.03726347 
733 222 9 12 0.037263352 
776 271 8 10 0.03724608 
320 277 8 10 0.037231073 
426 183 7 9 0.037208397 
83 436 10 13 0.037195943 
205 463 9 11 0.0371864 
407 469 9 11 0.037177984 
32 502 11 15 0.037147354 
591 613 10 14 0.037137367 
262 470 10 10 0.03711902 
969 230 9 11 0.03702834 
353 272 7 10 0.037009362 
520 239 7 9 0.036981724 
549 508 10 12 0.036947593 
476 523 11 15 0.036911592 
39 444 10 13 0.036904883 
869 656 13 18 0.036803536 
720 262 10 13 0.036762618 
249 278 8 9 0.036731053 
497 255 8 10 0.036691613 
169 231 9 10 0.036690887 
237 237 9 10 0.036685456 
305 295 7 9 0.03666996 
825 289 7 9 0.036659356 
457 254 8 10 0.036632363 
815 248 7 10 0.036629003 
358 500 10 12 0.036624353 
329 256 7 9 0.03659168 
718 269 10 12 0.036580466 
903 287 9 10 0.036541026 
769 312 7 9 0.036532313 
248 238 8 10 0.03652587 
624 304 8 10 0.03652109 
183 509 9 11 0.03651468 
74 515 12 15 0.036504444 
152 223 7 9 0.036485743 
928 301 10 12 0.036479883 
377 192 8 9 0.036430962 
733 112 14 18 0.03641169 
215 485 10 12 0.036409706 
400 223 8 10 0.036402497 
96 417 7 9 0.036375843 
463 501 9 11 0.036372308 
866 295 7 9 0.036371347 
536 233 8 9 0.036323216 
424 277 10 12 0.036310997 
248 152 7 9 0.036289528 
542 516 9 11 0.03626376 
952 200 7 8 0.036251776 
223 228 10 11 0.03624335 
911 214 7 8 0.036236838 
118 436 10 13 0.036220487 
961 206 7 9 0.03621038 
23 468 10 13 0.036191657 
238 277 8 10 0.036190473 
898 296 10 14 0.03617662 
45 499 13 16 0.03613666 
668 617 12 18 0.036134925 
478 341 9 12 0.03612767 
942 413 9 10 0.036111224 
793 313 7 9 0.036062106 
342 278 9 11 0.03604588 
952 207 7 9 0.03603908 
30 469 10 13 0.03600642 
466 293 8 11 0.036002383 
328 478 9 12 0.035959672 
380 534 12 16 0.035862353 
952 192 6 8 0.035817325 
439 280 8 10 0.035786815 
567 343 8 10 0.03578309 
985 358 8 10 0.035770632 
192 175 7 9 0.035770364 
400 205 8 10 0.035753395 
204 509 12 14 0.03573508 
797 372 9 11 0.035713084 
974 325 9 11 0.035712376 
424 573 9 12 0.035709523 
90 524 11 14 0.035703957 
72 461 9 11 0.035702564 
320 296 7 9 0.03570122 
529 342 8 11 0.035691075 
936 261 8 10 0.035630465 
935 291 9 11 0.035617683 
505 326 8 10 0.0355972 
183 493 9 12 0.035596725 
88 423 8 10 0.035565034 
376 624 21 26 0.03556258 
374 293 8 10 0.035533514 
182 240 9 10 0.035528053 
609 280 8 10 0.03547941 
1005 333 9 13 0.035426274 
141 535 13 19 0.035408374 
857 366 8 10 0.035403106 
231 286 8 10 0.03538442 
424 310 8 10 0.03535566 
911 366 8 11 0.035350185 
175 493 9 12 0.035260152 
297 549 9 13 0.035243034 
1 414 8 12 0.035232347 
553 304 7 9 0.03520144 
895 389 7 10 0.03517948 
962 175 7 9 0.03517639 
969 248 10 12 0.035163242 
584 333 8 10 0.03515514 
747 730 16 19 0.035154678 
585 270 8 9 0.035119012 
655 618 12 17 0.035118483 
41 381 9 12 0.03511237 
479 319 8 10 0.035110172 
472 582 11 15 0.035094175 
31 462 9 11 0.035067886 
487 341 10 12 0.035043806 
911 199 8 9 0.03503228 
840 326 8 10 0.03501967 
670 548 9 11 0.03500876 
544 301 8 9 0.035003792 
231 470 10 12 0.03488075 
409 257 7 10 0.034843776 
409 237 8 11 0.034809083 
480 279 7 8 0.03478152 
416 280 8 10 0.034725763 
465 271 8 9 0.034714613 
494 600 13 18 0.034668673 
449 295 9 11 0.034659475 
936 181 7 9 0.0346552 
948 367 9 12 0.034650687 
929 185 6 9 0.034647357 
360 246 8 10 0.034627736 
753 318 8 10 0.034615602 
33 390 9 11 0.034592334 
206 524 10 14 0.034569878 
112 525 11 14 0.034568947 
888 246 7 9 0.034511287 
495 509 10 12 0.034505755 
354 191 7 9 0.034477774 
774 207 9 11 0.034451995 
423 261 8 10 0.034434218 
967 223 8 10 0.034417514 
22 508 12 16 0.034381676 
655 223 8 9 0.034377355 
800 351 7 9 0.03434272 
553 225 7 9 0.034336768 
55 421 10 13 0.034314618 
7 407 8 10 0.034313705 
313 223 7 8 0.034313504 
30 507 11 15 0.034291554 
65 462 9 10 0.034291048 
30 318 7 10 0.034287427 
369 244 8 11 0.034273423 
375 207 7 10 0.034265403 
798 314 7 9 0.034247123 
580 359 9 10 0.034237754 
776 318 8 9 0.03421465 
324 555 10 14 0.03418847 
834 278 7 9 0.034186177 
949 317 11 13 0.034176193 
497 294 8 10 0.034170613 
212 565 13 16 0.034164365 
654 317 9 11 0.034137893 
501 524 11 13 0.03412625 
697 284 9 12 0.034111015 
503 423 9 12 0.03408079 
149 537 13 19 0.034057166 
385 222 7 10 0.034038488 
864 337 7 9 0.034009334 
49 486 10 12 0.03400329 
366 501 9 12 0.033997834 
856 360 8 9 0.033981264 
598 352 9 11 0.03394417 
743 738 14 15 0.033938207 
913 342 8 11 0.033935007 
440 182 8 10 0.033915013 
319 262 8 10 0.033908818 
255 470 9 10 0.03389348 
993 150 6 9 0.03387219 
537 265 6 8 0.033862673 
558 328 8 10 0.03386246 
472 279 7 9 0.03385234 
311 255 8 10 0.03385205 
814 375 8 9 0.033845883 
926 165 7 10 0.03382985 
601 343 7 8 0.033816658 
498 262 8 9 0.033807725 
520 253 8 10 0.033804532 
494 342 10 12 0.03379829 
305 289 7 9 0.033786822 
717 327 9 10 0.03376675 
177 177 6 8 0.033761952 
510 534 11 14 0.03374697 
342 247 8 10 0.03373422 
364 573 11 16 0.033726323 
361 229 8 10 0.033706162 
561 366 8 10 0.033624753 
567 602 12 15 0.03359435 
496 524 10 12 0.03358808 
311 295 7 9 0.03355662 
881 311 8 9 0.033542037 
183 158 7 9 0.033460323 
767 351 7 8 0.033459164 
25 302 7 10 0.03344972 
896 333 8 11 0.03343454 
641 287 8 9 0.033403363 
471 340 9 12 0.033347115 
104 437 9 10 0.03332588 
832 305 7 9 0.033294532 
269 525 11 14 0.03327563 
830 324 8 11 0.03322473 
538 256 7 9 0.033209532 
809 374 7 10 0.033189017 
273 198 8 10 0.033182826 
367 199 8 10 0.033140916 
25 430 9 11 0.033114906 
591 619 11 16 0.033114452 
946 192 7 9 0.033094704 
424 245 8 10 0.03308845 
127 199 8 11 0.033030193 
247 471 9 11 0.033023026 
22 477 12 14 0.0330147 
464 311 7 10 0.033014044 
936 233 8 10 0.033013154 
550 288 8 9 0.032948997 
7 319 10 12 0.032929894 
439 198 7 10 0.032921806 
190 501 9 12 0.032918952 
303 565 9 12 0.032890745 
889 383 8 9 0.032879777 
438 540 12 17 0.03287103 
830 382 9 10 0.032846045 
307 237 8 11 0.03284177 
198 197 9 12 0.032839622 
705 302 8 11 0.032798257 
609 310 8 10 0.032758165 
392 435 10 12 0.032744445 
760 288 8 10 0.032734204 
584 263 9 10 0.03272682 
840 361 7 9 0.03271365 
152 184 7 9 0.03269917 
561 295 7 9 0.032669146 
491 586 22 28 0.032664187 
574 279 8 10 0.032628454 
985 213 8 11 0.03262637 
912 226 7 9 0.03262398 
952 285 10 12 0.032619234 
463 182 8 10 0.032583185 
344 201 6 8 0.0325318 
857 342 7 9 0.032530643 
446 311 8 10 0.03252109 
455 588 23 28 0.032516483 
998 341 8 11 0.032507215 
910 207 7 9 0.03248454 
416 484 10 13 0.032457072 
847 383 7 10 0.032432772 
608 327 7 8 0.03242697 
200 271 8 11 0.032424692 
488 248 7 9 0.03241194 
615 517 11 14 0.032388072 
335 477 9 12 0.0323796 
476 502 10 12 0.032349974 
768 319 7 9 0.032319266 
337 224 7 10 0.0322838 
592 270 7 9 0.032258272 
350 488 9 11 0.0322358 
239 144 7 9 0.032230377 
629 342 9 11 0.03221849 
512 286 8 10 0.03220018 
524 372 10 12 0.03219928 
713 286 10 13 0.03218599 
142 453 10 11 0.03214718 
962 201 7 9 0.032133088 
433 205 8 10 0.0321313 
537 319 8 10 0.03212118 
135 500 11 14 0.032101188 
535 215 7 9 0.032090288 
486 644 11 15 0.032082163 
974 335 8 11 0.032080267 
953 185 6 8 0.03206547 
569 326 7 10 0.032035705 
28 547 14 18 0.03202003 
277 491 10 12 0.03201144 
935 215 8 9 0.032007236 
503 222 8 10 0.031982638 
809 302 7 9 0.03198027 
783 302 7 8 0.031965084 
344 238 8 10 0.031937208 
22 335 8 9 0.03192098 
144 232 8 9 0.031919964 
73 453 9 13 0.03191401 
548 585 14 18 0.03189839 
392 286 7 11 0.031887777 
239 231 8 10 0.03186514 
574 618 11 17 0.031862155 
710 196 9 11 0.031847466 
423 221 7 9 0.031842478 
753 232 8 10 0.031827107 
841 350 7 9 0.031789895 
785 222 9 11 0.031766556 
53 521 12 15 0.031763118 
701 282 10 13 0.031756174 
151 191 7 9 0.031736843 
581 619 11 15 0.031731524 
125 482 13 15 0.031729538 
725 262 11 12 0.03172152 
78 453 9 12 0.031715874 
321 159 7 10 0.03167415 
913 286 8 10 0.03167181 
568 248 7 10 0.031663556 
567 309 8 10 0.031660456 
798 326 8 10 0.031606108 
673 302 7 11 0.0315863 
137 230 7 9 0.03156713 
626 271 8 11 0.031556606 
534 588 12 15 0.031555448 
778 350 7 9 0.031553365 
433 317 8 10 0.031548906 
920 356 7 10 0.031527333 
295 508 9 12 0.03152139 
552 281 7 8 0.03150918 
623 366 8 10 0.03148981 
543 232 7 8 0.031462483 
414 472 9 10 0.031448413 
409 303 10 13 0.031439204 
661 285 8 10 0.03143776 
819 713 40 48 0.031426758 
375 253 8 11 0.03140912 
864 304 7 9 0.031408843 
352 247 8 9 0.031385988 
584 279 8 10 0.03138098 
462 325 8 10 0.031347398 
321 255 7 10 0.031336036 
726 246 9 11 0.03131371 
424 207 7 9 0.031310275 
296 492 9 12 0.031275235 
317 588 14 17 0.031275142 
544 368 9 10 0.031266645 
690 247 8 10 0.03126352 
486 519 10 12 0.03125585 
824 249 7 9 0.031243984 
815 313 7 9 0.031215314 
614 280 7 9 0.031199813 
553 326 9 11 0.03116656 
689 265 8 11 0.031162841 
586 320 6 8 0.031125318 
477 510 8 11 0.031117504 
999 319 10 13 0.031088062 
145 199 7 9 0.031082282 
218 263 8 11 0.031082245 
579 68 11 14 0.031058302 
831 337 7 9 0.03101333 
167 509 9 11 0.0310031 
583 199 7 9 0.030995287 
301 487 11 14 0.030993612 
408 193 7 9 0.030952295 
184 215 7 10 0.030934785 
391 216 7 9 0.030918786 
176 269 8 10 0.030911492 
719 319 8 10 0.030908693 
679 301 8 11 0.030831167 
834 272 7 10 0.030830871 
249 288 7 10 0.030829972 
399 309 8 10 0.03081503 
635 604 12 16 0.030796094 
638 304 9 11 0.030795198 
832 310 8 9 0.030779716 
14 419 9 12 0.030776685 
476 653 13 17 0.03076861 
97 304 9 11 0.030763254 
350 208 7 8 0.030745026 
375 240 7 10 0.030744988 
594 295 7 10 0.030741282 
71 469 9 11 0.030724578 
88 417 7 8 0.030716434 
423 254 8 10 0.03068065 
569 319 7 10 0.030673653 
80 475 10 12 0.0306648 
769 334 6 9 0.030632291 
536 209 7 9 0.030612832 
598 303 8 9 0.030597018 
329 285 8 10 0.030554261 
905 611 16 17 0.030549087 
961 183 6 8 0.030540293 
232 173 9 10 0.030524813 
721 246 8 11 0.03050583 
636 597 12 15 0.030503033 
543 585 12 17 0.030502068 
607 294 7 9 0.030478647 
415 285 9 11 0.030467039 
683 222 8 10 0.030456359 
953 292 9 12 0.030453697 
899 270 7 9 0.030453505 
111 492 10 14 0.030426886 
792 327 8 9 0.030423224 
817 335 7 9 0.030407213 
789 220 9 12 0.03039872 
662 534 11 14 0.030376475 
870 343 7 10 0.030348022 
376 224 7 9 0.03033839 
193 197 8 11 0.030254243 
949 325 10 11 0.030238975 
185 501 9 11 0.030232674 
136 471 10 14 0.030229716 
399 456 10 13 0.03022005 
911 253 8 10 0.030183975 
70 406 8 10 0.030183261 
654 168 11 14 0.030181449 
38 475 11 14 0.03017128 
55 453 8 11 0.030163962 
537 271 6 8 0.030134404 
528 296 8 9 0.030129619 
671 332 10 14 0.030129062 
490 199 6 8 0.03011865 
240 213 9 11 0.030115465 
563 626 15 20 0.03009314 
184 261 9 12 0.030090008 
267 585 15 20 0.030076932 
527 508 10 11 0.03005734 
512 278 8 10 0.030038478 
16 342 9 11 0.03003675 
521 271 6 9 0.030021979 
509 588 12 17 0.030009102 
607 256 8 10 0.02999958 
232 309 8 11 0.029994175 
776 288 7 9 0.029992694 
480 310 8 9 0.029977188 
830 374 9 10 0.029942915 
692 117 16 21 0.029916575 
967 267 9 13 0.029902974 
832 294 7 9 0.029868139 
464 302 8 10 0.029866291 
38 389 9 11 0.029856252 
464 532 10 13 0.029819908 
353 169 6 9 0.029789848 
890 231 7 9 0.029772183 
662 263 8 9 0.029757299 
343 254 8 10 0.029736686 
233 252 9 12 0.029695518 
824 293 7 10 0.029689051 
351 262 8 10 0.029684942 
656 327 9 11 0.02968341 
624 320 7 9 0.029672321 
658 263 6 9 0.029671121 
478 350 9 11 0.029669885 
919 256 9 10 0.029652616 
953 168 7 9 0.02964578 
879 258 7 9 0.029618267 
527 526 11 13 0.029608535 
920 223 7 8 0.029578643 
256 158 8 10 0.029574433 
385 429 10 12 0.029568225 
649 319 8 9 0.02954822 
993 318 9 12 0.029535877 
284 486 10 12 0.029523116 
399 252 9 12 0.02952104 
608 285 8 10 0.029443644 
23 421 9 11 0.029424844 
673 239 8 9 0.029409466 
816 288 7 9 0.029405938 
528 271 7 8 0.029403208 
820 661 15 25 0.029398268 
631 294 7 9 0.029391048 
894 239 7 9 0.029378267 
719 300 9 11 0.029359054 
201 185 7 8 0.029351981 
438 303 9 11 0.029341074 
84 528 13 17 0.029335046 
472 310 7 9 0.029303215 
502 190 7 9 0.029258085 
640 343 9 11 0.029246263 
374 501 11 14 0.029217692 
949 232 8 10 0.029215919 
393 206 7 9 0.029215481 
423 462 9 10 0.02919951 
302 78 8 10 0.029193701 
623 517 10 13 0.029177923 
953 223 7 9 0.029169338 
321 191 6 8 0.029167585 
110 423 9 11 0.02916515 
80 423 9 10 0.02915832 
238 573 13 16 0.029149964 
543 207 7 9 0.029144827 
313 279 8 9 0.029135693 
432 223 7 9 0.02913152 
326 223 7 9 0.029119115 
81 416 8 9 0.029118434 
493 363 12 15 0.029095648 
648 273 6 8 0.029073166 
984 168 8 9 0.02904948 
293 557 10 13 0.029033236 
457 407 8 10 0.029030569 
391 515 12 15 0.029025987 
536 191 8 10 0.028994417 
454 271 9 10 0.02898803 
231 272 8 11 0.028979005 
545 248 8 10 0.02897734 
674 198 8 11 0.028960804 
672 320 8 10 0.028954517 
709 254 9 11 0.028952964 
985 199 7 10 0.028922342 
109 447 9 11 0.02892022 
421 366 10 13 0.028918484 
645 598 10 12 0.02891145 
327 494 9 11 0.028901089 
360 173 7 10 0.02889044 
194 470 10 14 0.028872203 
729 228 8 10 0.028862538 
623 597 12 15 0.028854044 
384 626 23 26 0.028841523 
264 159 8 11 0.028825345 
479 190 9 11 0.028819524 
896 327 8 10 0.028817466 
127 451 10 12 0.028797487 
840 383 8 9 0.028796138 
983 289 11 14 0.028781481 
581 517 11 13 0.02875486 
273 192 7 9 0.028746925 
18 598 26 31 0.028728219 
231 223 9 11 0.028725056 
609 304 8 9 0.02870324 
124 95 9 11 0.028690988 
376 538 11 14 0.028669376 
399 263 8 10 0.028624758 
145 508 10 14 0.02857969 
704 213 8 11 0.028566578 
728 309 9 11 0.028556412 
856 335 8 9 0.028550934 
596 521 12 15 0.028455555 
936 326 9 11 0.02845516 
470 588 13 17 0.028420348 
47 476 10 13 0.028418852 
189 268 9 11 0.028393287 
543 200 7 9 0.02838871 
293 564 11 15 0.028362166 
679 255 8 10 0.028330563 
143 494 10 14 0.028327262 
591 248 7 9 0.028327158 
518 533 10 13 0.028296769 
808 357 7 10 0.02827196 
199 191 9 10 0.028254561 
846 365 8 10 0.028242767 
447 485 10 12 0.028160721 
965 309 10 13 0.028155603 
885 726 29 35 0.02813231 
813 663 14 22 0.0281228 
486 572 12 16 0.028115515 
924 342 9 11 0.028104363 
206 271 8 10 0.028101746 
423 216 7 9 0.028069751 
568 273 7 9 0.028065624 
313 183 7 10 0.028059736 
911 335 9 10 0.028056238 
247 484 10 13 0.02804966 
182 531 10 14 0.028034532 
560 201 7 8 0.028028583 
119 160 7 9 0.028023945 
178 246 8 11 0.028020076 
905 241 7 9 0.028016407 
294 626 10 13 0.027990129 
906 230 7 9 0.027986344 
894 207 8 9 0.027981773 
942 177 7 9 0.027961532 
975 206 7 9 0.027948614 
359 486 9 10 0.027937928 
727 292 9 11 0.027892325 
359 477 11 14 0.02787069 
719 199 8 10 0.027833855 
326 232 8 9 0.027822409 
15 508 11 14 0.027814196 
302 582 12 15 0.027794003 
870 239 7 10 0.027785843 
929 221 7 9 0.027776495 
366 350 9 12 0.027759632 
945 335 9 11 0.027757607 
865 350 8 10 0.027757127 
686 287 8 10 0.02774414 
578 623 21 27 0.027733892 
304 515 10 12 0.027728504 
342 477 10 12 0.027721278 
513 248 8 10 0.027716095 
432 149 8 10 0.027694745 
858 239 7 10 0.027687036 
624 294 8 9 0.027681813 
800 392 9 10 0.027668335 
537 496 8 11 0.027656654 
413 567 10 13 0.027651455 
745 301 8 11 0.027631506 
577 517 9 12 0.0276193 
496 549 10 12 0.027613666 
1007 191 8 10 0.027602656 
164 525 15 18 0.027599193 
239 288 8 9 0.027597811 
977 174 7 9 0.027593417 
277 635 13 15 0.027590275 
286 493 10 11 0.027574746 
191 531 13 18 0.027537007 
254 533 12 14 0.027526302 
917 303 9 12 0.027506664 
967 176 7 9 0.027504921 
576 532 12 14 0.027503297 
616 272 7 9 0.027500382 
207 262 8 10 0.027484871 
783 279 8 9 0.02748446 
560 287 7 9 0.027473416 
87 343 7 8 0.027471347 
569 358 8 10 0.027454885 
415 572 10 13 0.027442861 
487 327 8 9 0.02744161 
511 342 10 11 0.027419373 
519 216 6 9 0.027418394 
208 554 12 15 0.027417848 
384 216 7 9 0.027412469 
721 343 8 9 0.027411671 
22 447 9 11 0.027400533 
201 254 9 11 0.027375182 
676 330 11 13 0.027369024 
288 310 8 9 0.027367854 
438 532 11 15 0.027360318 
464 279 7 9 0.027356973 
608 342 7 10 0.027347568 
929 231 8 9 0.027345221 
810 247 7 10 0.027324336 
77 570 15 20 0.027318818 
974 199 7 9 0.027295435 
535 238 8 9 0.02729337 
246 573 11 15 0.027285386 
616 297 7 9 0.027267382 
473 327 7 9 0.02724 
410 198 7 9 0.027217228 
13 381 10 13 0.027209325 
777 327 8 10 0.027198816 
942 208 7 9 0.027198285 
511 169 8 10 0.027171282 
824 375 9 10 0.027161242 
541 497 10 11 0.027160777 
392 253 9 12 0.027130237 
529 191 7 9 0.02712533 
168 246 8 11 0.027082354 
800 359 7 8 0.02707821 
254 310 8 9 0.027074378 
26 560 13 17 0.027073236 
969 236 9 11 0.027054524 
550 253 8 10 0.02705219 
456 542 10 12 0.027041689 
965 303 10 12 0.027015736 
575 255 8 9 0.027006563 
827 365 7 10 0.027004914 
266 296 7 10 0.026997693 
200 261 8 11 0.026994256 
261 478 10 12 0.026979841 
927 255 9 11 0.026964242 
621 247 9 11 0.026918149 
232 143 8 10 0.026912551 
992 351 8 12 0.026911851 
416 182 7 9 0.026901774 
511 271 8 10 0.02688447 
46 446 9 11 0.026870046 
977 185 8 10 0.026829466 
406 277 8 11 0.026824439 
554 357 9 10 0.026819663 
225 276 8 11 0.026805859 
470 494 9 12 0.026766088 
887 300 9 11 0.02676431 
476 609 22 29 0.026749462 
310 531 11 15 0.026739415 
809 312 8 9 0.0267327 
804 657 15 19 0.026723597 
129 222 8 11 0.026723295 
184 477 11 14 0.026721587 
327 158 7 9 0.026717575 
945 310 9 12 0.026713151 
960 237 8 10 0.026679542 
752 302 8 10 0.026655858 
600 248 7 8 0.02665584 
902 166 9 10 0.026652247 
408 230 8 10 0.026640745 
110 485 10 13 0.026635112 
540 602 14 19 0.026622068 
178 159 7 9 0.026620895 
312 213 7 10 0.026620591 
740 286 10 13 0.026615802 
383 192 7 9 0.026608517 
311 525 10 13 0.026569122 
136 327 7 10 0.026537582 
792 360 7 9 0.026535178 
753 310 8 10 0.026517814 
410 151 6 9 0.026516987 
621 530 11 15 0.026516305 
726 343 8 9 0.026507126 
160 222 8 9 0.026502362 
17 287 8 10 0.026495516 
221 541 10 13 0.026466303 
814 647 16 24 0.026464056 
473 215 8 9 0.026439846 
0 544 21 30 0.026435114 
629 567 12 18 0.026423378 
573 626 12 17 0.026409134 
367 152 7 8 0.026407283 
922 270 9 11 0.026396459 
414 597 12 15 0.02632286 
607 335 7 10 0.026313249 
155 518 221 221 0.026289767 
698 316 10 12 0.026276726 
247 232 8 9 0.026242346 
4 546 13 18 0.026238032 
63 490 11 14 0.026235716 
543 191 7 9 0.026234485 
728 325 8 11 0.026230894 
856 388 9 11 0.026215501 
912 295 8 11 0.026204916 
908 269 9 12 0.026189994 
881 280 7 9 0.026186692 
394 192 7 9 0.02618037 
183 229 8 11 0.026169736 
82 326 7 9 0.02615769 
240 649 18 20 0.02615703 
654 613 11 14 0.026147153 
466 340 8 11 0.026137272 
544 271 6 8 0.026128002 
197 542 14 19 0.02611276 
398 326 10 12 0.026084315 
536 595 11 14 0.02606882 
368 214 8 10 0.026063582 
313 189 7 9 0.026055627 
200 214 10 11 0.026052305 
751 182 8 11 0.026037652 
911 278 9 11 0.026028134 
593 287 8 10 0.026021674 
495 335 9 10 0.02601344 
318 572 12 15 0.025994308 
681 271 8 10 0.025982633 
441 192 7 9 0.025978344 
207 278 7 10 0.025975337 
549 574 12 16 0.025968928 
79 545 10 15 0.025960272 
944 153 6 8 0.025956623 
222 562 11 16 0.025947582 
344 261 8 10 0.025945254 
1016 184 7 11 0.025933411 
950 359 8 10 0.025886752 
567 304 7 8 0.025885442 
287 571 11 13 0.025876664 
279 304 8 10 0.025871247 
631 287 8 9 0.025854846 
450 655 15 20 0.025845362 
254 304 7 10 0.0258441 
831 350 8 10 0.025832755 
663 271 7 8 0.025804583 
585 256 7 9 0.025795836 
118 175 7 10 0.025793716 
239 208 9 11 0.025793549 
38 336 8 10 0.025771031 
185 223 8 10 0.025764482 
136 208 7 8 0.025748415 
208 479 10 12 0.025736513 
536 297 7 8 0.025703462 
257 223 8 11 0.02568933 
448 285 9 10 0.025687607 
821 586 11 13 0.025673877 
617 336 9 10 0.025672419 
967 349 8 11 0.025666866 
432 303 8 11 0.025665382 
777 277 7 10 0.02566399 
1001 197 8 10 0.02562877 
206 319 9 11 0.025624331 
611 378 106 136 0.025621071 
256 477 10 13 0.025614034 
592 602 11 15 0.025601886 
665 318 7 10 0.025597734 
792 302 7 9 0.025593868 
62 445 9 12 0.025547644 
521 151 7 10 0.025542185 
988 291 11 13 0.025530348 
825 278 7 9 0.025527889 
1001 324 10 12 0.025522787 
784 287 8 9 0.025515277 
862 388 9 11 0.02551182 
982 223 7 10 0.02550733 
392 308 8 10 0.025498196 
40 405 10 12 0.025493244 
849 255 7 8 0.025468333 
122 631 15 19 0.025468012 
382 565 12 16 0.025457665 
566 335 8 10 0.025453895 
688 303 8 10 0.025451412 
336 214 7 9 0.025449345 
999 223 8 10 0.02544595 
191 229 8 11 0.025440862 
1013 317 9 13 0.025429657 
528 287 8 9 0.025411857 
135 292 7 10 0.025408976 
437 589 11 14 0.025397647 
700 750 11 14 0.025396582 
272 635 11 14 0.025372915 
447 183 7 9 0.025370225 
583 285 7 9 0.025355538 
945 359 8 10 0.025332063 
573 603 10 16 0.025331436 
936 317 9 11 0.025318647 
605 592 12 14 0.025307558 
872 358 8 10 0.02530673 
805 582 11 15 0.02529474 
657 294 8 10 0.025274495 
53 414 9 10 0.025271943 
485 563 12 15 0.025270646 
938 373 8 11 0.025242284 
257 206 7 9 0.025240242 
543 263 7 9 0.025226606 
1 446 9 12 0.025222972 
678 205 8 10 0.025200468 
784 333 8 9 0.025199026 
840 334 7 9 0.02519631 
624 359 8 10 0.02519555 
535 311 8 9 0.025178771 
695 304 9 10 0.025174726 
518 351 9 10 0.025168953 
799 587 10 14 0.0251684 
457 637 22 28 0.025167828 
855 255 7 8 0.025167322 
246 617 13 17 0.02516715 
983 173 8 9 0.025149727 
1009 357 8 11 0.02514525 
111 453 9 11 0.025141425 
617 254 8 10 0.025139915 
894 318 8 10 0.025135726 
144 167 6 8 0.025125591 
250 272 7 9 0.025114251 
975 216 8 9 0.025085183 
407 208 7 8 0.025071777 
552 228 7 10 0.02504599 
119 499 12 15 0.025044898 
786 360 6 9 0.025030542 
266 575 21 24 0.024990177 
313 201 7 9 0.024988974 
825 351 7 9 0.02497661 
262 269 8 10 0.024967268 
264 287 8 9 0.024965033 
503 416 8 10 0.024961675 
219 213 10 13 0.02495098 
631 263 8 9 0.024939558 
182 591 26 29 0.02493646 
423 335 9 10 0.024923492 
944 182 7 9 0.024898147 
477 643 11 14 0.024880389 
575 310 8 9 0.024870623 
423 580 10 14 0.02484189 
647 279 7 8 0.024834843 
184 199 8 10 0.02481646 
17 461 10 11 0.024780639 
332 647 15 20 0.024775188 
571 588 13 16 0.024763416 
807 345 8 9 0.024760377 
859 652 23 31 0.024750328 
224 310 8 11 0.02471928 
608 261 7 9 0.024715815 
286 223 9 10 0.02470502 
375 199 8 10 0.024696864 
358 507 11 14 0.024694243 
329 279 9 11 0.024678988 
461 589 13 18 0.024670918 
535 279 7 8 0.024661655 
509 422 9 12 0.024656385 
585 342 8 10 0.0246461 
440 255 7 9 0.02464351 
479 326 8 9 0.024634367 
495 557 11 14 0.024622738 
354 174 7 9 0.024622202 
554 332 10 12 0.024615275 
469 487 9 11 0.02461331 
159 524 11 15 0.024606872 
270 297 7 9 0.02458389 
753 287 7 10 0.024565144 
396 515 13 15 0.024564587 
248 120 7 10 0.024551984 
175 191 7 9 0.024551036 
758 343 8 10 0.024536544 
253 579 12 16 0.02453525 
334 283 9 11 0.02452561 
519 343 8 10 0.024514342 
399 285 8 11 0.024507917 
30 429 10 11 0.024504922 
135 224 7 9 0.02450067 
384 206 7 9 0.024493802 
87 336 7 10 0.024478253 
86 500 12 14 0.024471583 
445 174 9 10 0.024468007 
238 471 10 12 0.024467723 
504 318 8 10 0.02444547 
92 517 11 14 0.024443064 
625 277 8 10 0.02441113 
489 265 7 8 0.024404742 
746 333 9 12 0.024403168 
113 624 24 30 0.024361327 
602 152 7 9 0.024342632 
294 503 9 11 0.024324276 
39 439 9 12 0.024322066 
630 634 13 18 0.024306968 
55 562 11 15 0.024298491 
404 546 11 15 0.024294661 
575 352 8 11 0.024279239 
413 437 10 12 0.024279226 
422 428 9 11 0.024275338 
69 579 15 19 0.024269931 
136 238 8 10 0.024269609 
21 499 12 16 0.024261232 
440 216 8 9 0.024251182 
511 350 10 11 0.02423383 
262 501 10 12 0.024232464 
315 581 13 17 0.024222376 
894 224 7 10 0.024211429 
936 255 8 10 0.024207858 
60 539 14 18 0.024203436 
800 280 7 10 0.024194896 
703 263 9 11 0.024192005 
336 240 8 11 0.024190934 
375 580 9 13 0.024190182 
623 373 9 11 0.024175385 
32 453 9 12 0.024169318 
137 184 6 8 0.024166614 
951 237 8 10 0.024132099 
839 374 8 10 0.024117598 
6 493 11 14 0.024099499 
783 296 7 9 0.024088457 
263 206 7 9 0.024087774 
369 293 8 9 0.024075927 
961 267 9 12 0.02406547 
454 592 13 17 0.024057366 
362 238 8 10 0.024045317 
910 327 8 10 0.024039451 
63 341 8 10 0.024031157 
328 486 9 10 0.024027064 
297 309 8 10 0.024026528 
349 642 13 18 0.024011437 
3 560 14 17 0.023997253 
256 246 7 9 0.02399596 
465 230 9 10 0.02398987 
385 309 7 10 0.023979316 
456 587 98 125 0.023973871 
313 270 8 11 0.023970021 
417 238 8 11 0.023943217 
840 303 8 9 0.023941992 
320 287 7 9 0.023938304 
967 315 9 13 0.023935836 
824 272 7 10 0.023934327 
269 499 11 13 0.023925843 
383 494 10 15 0.023901507 
510 702 11 14 0.023895914 
847 334 8 9 0.023889812 
881 319 8 10 0.023888733 
192 185 7 9 0.02388864 
31 302 8 10 0.023879005 
615 285 7 9 0.023872295 
374 564 10 14 0.023861447 
239 273 8 10 0.023861386 
170 492 9 12 0.023860203 
520 174 8 10 0.02384559 
121 286 7 10 0.02383728 
592 279 7 9 0.023834834 
992 246 10 12 0.023832232 
194 624 14 17 0.023830302 
561 373 8 11 0.02382062 
863 273 7 9 0.023819545 
470 206 8 11 0.02381292 
848 265 7 9 0.023801418 
934 222 8 9 0.023798354 
586 310 7 9 0.023762189 
433 523 11 14 0.023730632 
816 278 7 9 0.023721432 
705 196 8 11 0.023714254 
554 184 7 9 0.023704413 
933 272 9 11 0.023701573 
633 373 9 11 0.023694238 
461 406 9 12 0.02368231 
232 206 8 11 0.023681842 
257 229 8 11 0.023649443 
53 462 8 11 0.023644147 
439 333 9 11 0.023631344 
510 262 7 9 0.023626408 
60 391 11 13 0.023622993 
488 209 6 8 0.023613581 
102 418 8 9 0.023603002 
950 279 9 13 0.023594476 
69 422 8 11 0.023515102 
521 367 9 11 0.023513224 
502 485 10 13 0.023507528 
143 446 9 11 0.023501698 
815 200 8 10 0.023487372 
271 470 9 10 0.023472842 
816 317 8 10 0.023470553 
220 485 12 14 0.023470318 
500 546 12 14 0.023463324 
591 343 8 9 0.023463003 
212 200 11 13 0.023449365 
544 633 11 16 0.023435662 
873 387 9 12 0.023429336 
280 502 9 11 0.023392 
600 264 7 9 0.02338922 
408 475 10 12 0.023376502 
180 518 10 14 0.023353118 
397 436 9 12 0.023351738 
807 288 7 8 0.02335118 
504 184 8 10 0.023350209 
367 555 12 14 0.02333644 
575 635 22 27 0.023328668 
24 438 8 10 0.023325168 
824 304 8 9 0.023322891 
438 206 8 9 0.02331856 
104 296 7 8 0.02330953 
754 237 9 11 0.023304071 
238 454 10 12 0.023293935 
520 359 9 11 0.023276376 
150 501 9 12 0.023267312 
284 540 11 14 0.02325552 
562 271 7 9 0.023237417 
904 277 9 11 0.023227045 
471 168 8 11 0.02322471 
238 463 9 10 0.023217566 
8 595 22 30 0.023193963 
385 262 7 10 0.023187801 
799 304 7 8 0.023177743 
576 334 7 9 0.023172135 
191 526 11 14 0.023159051 
120 483 11 14 0.023154652 
703 253 10 11 0.0231322 
482 586 12 16 0.02312809 
616 263 7 9 0.023095058 
4 289 9 11 0.023090027 
894 359 9 10 0.023070669 
222 469 10 12 0.023066849 
206 485 10 12 0.023066044 
618 153 7 9 0.023059785 
326 648 13 17 0.023047848 
33 444 9 12 0.023044026 
452 549 13 16 0.023038793 
199 525 11 15 0.023037544 
672 271 7 9 0.022978982 
792 333 8 10 0.02295935 
215 287 7 10 0.022935444 
688 277 8 10 0.022931064 
333 487 9 10 0.02292677 
87 446 8 11 0.022918003 
952 216 8 9 0.022914639 
6 453 9 12 0.022902321 
944 303 8 10 0.022884166 
671 231 7 10 0.02288145 
271 161 8 11 0.022876836 
856 264 7 9 0.022870626 
527 325 8 11 0.0228644 
576 216 7 8 0.022863746 
583 350 9 11 0.022857387 
56 295 7 10 0.022835616 
441 175 8 9 0.022806916 
568 198 7 9 0.022804368 
671 310 9 10 0.022802258 
456 500 10 13 0.022799226 
888 375 8 9 0.0227958 
702 601 12 20 0.022776842 
984 341 8 10 0.02277403 
397 630 14 20 0.022756886 
870 151 9 12 0.022749709 
345 488 9 11 0.02273966 
599 239 8 10 0.02273583 
733 600 23 32 0.022725904 
665 222 8 10 0.022688854 
544 642 11 15 0.022687493 
799 334 8 9 0.022685977 
880 360 8 10 0.02268549 
208 216 12 15 0.02268366 
632 256 7 9 0.02267819 
39 513 13 18 0.022671709 
249 541 11 14 0.022661716 
718 276 10 12 0.022637771 
422 515 10 13 0.022634573 
335 518 11 14 0.022630032 
169 286 8 10 0.022626681 
639 263 7 9 0.02262159 
681 216 8 9 0.022605574 
552 270 7 9 0.02259564 
997 214 8 10 0.022588475 
243 607 15 21 0.022584211 
502 461 10 11 0.022581032 
135 453 10 12 0.022577433 
479 336 9 11 0.022570668 
399 184 7 8 0.022554366 
984 335 8 11 0.022550857 
678 540 9 12 0.022546267 
1 326 9 12 0.022536643 
840 287 8 9 0.022522803 
993 166 7 9 0.022511058 
1015 350 8 12 0.022503564 
168 262 8 9 0.02249081 
237 247 10 12 0.022489915 
944 223 7 8 0.022487557 
889 214 8 9 0.02248535 
974 261 13 15 0.022454415 
188 262 9 12 0.022451656 
248 168 7 9 0.022450376 
495 198 7 9 0.022429079 
495 485 10 13 0.022382632 
287 551 9 13 0.022375058 
38 505 14 19 0.022367768 
31 491 10 13 0.022366896 
184 169 7 8 0.022354417 
592 515 12 17 0.02234282 
221 477 11 13 0.022342302 
287 215 8 9 0.022340704 
912 390 8 11 0.022324618 
504 278 7 9 0.022281934 
399 230 8 9 0.022269681 
992 309 9 12 0.022268271 
198 221 8 11 0.022264589 
109 476 11 13 0.022254799 
469 630 22 27 0.022248592 
945 200 6 8 0.022189764 
344 143 7 9 0.022183321 
870 246 8 9 0.022182273 
984 367 8 10 0.02217466 
344 111 7 9 0.02217249 
870 350 8 10 0.022166872 
207 547 11 15 0.022163898 
173 530 12 17 0.022161532 
887 263 8 9 0.022160966 
319 501 11 14 0.022150744 
126 514 12 14 0.022149634 
394 200 7 9 0.022146953 
512 306 7 8 0.022121409 
224 161 7 9 0.022111757 
328 191 7 9 0.022084782 
375 343 10 11 0.022076543 
480 628 23 30 0.02204584 
384 169 7 9 0.022043591 
689 334 9 11 0.022039859 
403 604 14 16 0.022029841 
265 253 8 10 0.02202951 
919 336 9 11 0.022022637 
672 246 7 9 0.022021398 
128 204 9 10 0.022019953 
469 586 23 28 0.022013593 
393 423 9 12 0.022012906 
513 415 8 10 0.021978501 
117 529 11 15 0.021969898 
780 652 14 18 0.021967957 
327 182 8 10 0.021965202 
319 477 10 13 0.02194518 
582 594 12 18 0.021929367 
477 554 11 16 0.021925349 
630 142 8 10 0.021906396 
520 264 7 9 0.021904718 
1 396 9 12 0.021896135 
872 382 8 11 0.021888738 
478 252 9 11 0.021888126 
69 546 13 16 0.0218769 
943 215 6 9 0.021874614 
126 501 11 14 0.021873692 
645 581 10 13 0.02185652 
496 532 13 16 0.021856463 
912 191 8 10 0.021851506 
256 240 7 9 0.021850701 
502 334 9 10 0.021833975 
158 303 9 11 0.021797763 
229 190 8 10 0.02178682 
367 173 8 10 0.021780618 
385 303 8 9 0.02177787 
207 493 10 13 0.021766953 
488 228 9 11 0.021759113 
945 254 8 10 0.021734009 
430 580 11 14 0.021718128 
920 185 8 9 0.021712448 
215 470 11 13 0.02170408 
463 437 8 10 0.021693401 
309 510 9 12 0.021689147 
739 616 14 20 0.0216835 
251 94 8 11 0.021673635 
352 185 6 8 0.021660538 
312 572 11 14 0.021643756 
343 273 7 9 0.021624701 
48 344 6 8 0.021618038 
248 198 8 10 0.02161523 
307 261 7 10 0.021612357 
441 168 7 9 0.021611536 
73 486 17 24 0.021609737 
241 160 7 9 0.021592522 
368 169 7 9 0.021589402 
283 637 12 14 0.021587906 
45 380 10 12 0.021579674 
600 278 8 10 0.021568801 
222 549 11 15 0.021565443 
518 324 8 11 0.021556498 
888 344 9 10 0.021546513 
338 208 7 9 0.021543136 
923 734 36 35 0.021539414 
937 368 8 10 0.021532938 
749 151 9 11 0.021519277 
520 109 10 13 0.021505216 
760 334 7 9 0.021488706 
944 378 9 12 0.021485083 
696 601 26 41 0.021471513 
557 501 12 13 0.02143625 
129 432 17 22 0.021427441 
79 310 8 10 0.021372946 
440 223 8 10 0.02137026 
518 540 11 13 0.021359779 
1000 229 8 10 0.021357937 
543 239 7 8 0.021351378 
497 207 8 9 0.021350576 
377 572 9 14 0.021347677 
735 557 10 13 0.021347094 
479 574 12 14 0.02134658 
676 666 12 15 0.02134392 
191 159 7 9 0.021328012 
703 182 7 10 0.021318696 
93 419 20 23 0.021309068 
448 593 11 16 0.021307543 
537 198 8 9 0.02130233 
920 245 8 9 0.021298122 
216 279 7 9 0.021289496 
1007 198 7 10 0.021282692 
440 247 7 10 0.021278799 
733 310 9 11 0.021267397 
306 232 8 11 0.021234455 
153 260 8 10 0.021212047 
768 279 8 10 0.021207659 
879 383 8 9 0.02119557 
588 588 12 15 0.021179076 
342 517 11 15 0.021176625 
576 272 7 9 0.021165356 
926 350 8 11 0.021162707 
975 358 8 10 0.021158447 
167 452 9 11 0.021152517 
944 246 8 11 0.0211519 
485 602 13 18 0.021141587 
94 55 8 11 0.021136146 
145 239 9 10 0.021121439 
837 24 11 13 0.021113021 
670 278 8 10 0.021101752 
367 310 8 10 0.021098206 
143 208 6 8 0.021094719 
56 437 9 11 0.021091627 
533 525 11 13 0.021091038 
933 334 10 11 0.021086358 
319 534 10 13 0.021071406 
320 140 8 11 0.021069095 
568 286 7 9 0.021052357 
383 525 10 13 0.021050772 
896 287 8 9 0.021039 
310 486 10 13 0.021012694 
526 255 8 10 0.021004915 
472 318 8 10 0.021004906 
601 222 7 9 0.021002732 
392 293 7 10 0.020996293 
76 585 14 18 0.020973394 
848 705 46 50 0.020969711 
630 232 8 9 0.02096378 
701 326 9 12 0.020952687 
750 252 9 11 0.02092167 
415 511 10 13 0.020909669 
104 149 8 9 0.020893298 
430 246 7 9 0.0208515 
114 168 7 10 0.020850554 
488 191 8 10 0.020827452 
951 381 8 10 0.020819353 
625 262 7 9 0.020808337 
424 144 7 9 0.020804722 
224 144 8 10 0.020803683 
152 216 7 8 0.02079974 
527 222 7 9 0.020797584 
423 588 10 13 0.020794954 
558 572 12 16 0.020775791 
199 229 9 11 0.020774046 
656 256 8 10 0.020771148 
735 280 8 11 0.020755932 
420 541 12 18 0.020740177 
6 271 8 11 0.020733036 
1014 356 9 13 0.02072212 
880 269 8 9 0.020708425 
444 524 10 13 0.020698007 
15 200 7 9 0.02069671 
905 190 8 10 0.02069336 
344 120 7 10 0.020683113 
89 279 7 9 0.020677345 
958 390 9 11 0.02067718 
975 350 8 11 0.020677 
208 161 7 8 0.02065947 
815 357 8 10 0.020655002 
606 151 7 10 0.020654486 
4 461 11 13 0.020640869 
393 550 11 13 0.020636702 
928 200 7 8 0.02062903 
312 175 8 9 0.020628411 
695 190 8 9 0.020624027 
480 590 21 26 0.020611307 
271 252 8 10 0.020610042 
528 705 51 53 0.020597871 
464 421 9 12 0.020586237 
336 143 7 9 0.02057791 
437 580 11 14 0.020574914 
384 200 7 9 0.0205676 
32 404 9 12 0.020563403 
0 452 9 13 0.020551141 
255 502 11 14 0.020543538 
154 207 7 9 0.020540182 
167 255 8 10 0.020535503 
279 238 8 11 0.02053451 
266 165 8 11 0.020532176 
384 174 7 9 0.020517025 
16 301 8 10 0.020507056 
94 619 38 48 0.020502688 
566 382 9 11 0.020463187 
168 222 8 10 0.02046266 
233 238 9 10 0.020447126 
742 359 8 10 0.020436386 
992 190 7 9 0.020410493 
121 334 9 11 0.020405537 
279 508 11 12 0.0204028 
601 255 7 9 0.020400751 
311 627 11 14 0.020398023 
903 320 9 10 0.020378193 
513 238 8 9 0.020376595 
575 374 8 10 0.020375505 
1016 342 8 11 0.020375157 
54 613 23 36 0.020374402 
335 192 8 9 0.020371892 
374 557 9 13 0.020366907 
480 198 8 10 0.020353545 
636 191 9 10 0.020347288 
448 247 8 10 0.020346329 
638 256 8 9 0.02034348 
329 176 7 9 0.020343145 
241 149 8 10 0.020340089 
769 208 9 11 0.02032955 
492 626 14 19 0.020326892 
641 271 7 10 0.020319697 
408 384 24 31 0.02030531 
544 152 8 9 0.02030419 
751 277 8 11 0.020301009 
685 319 9 11 0.020300852 
889 184 10 11 0.020299515 
448 254 8 10 0.02027881 
146 192 6 9 0.020277312 
689 253 8 10 0.020272536 
689 189 8 9 0.02027251 
569 349 8 11 0.0202723 
455 333 9 11 0.020264866 
817 326 8 10 0.020264013 
864 264 6 8 0.02026321 
752 272 8 10 0.020256365 
362 654 23 32 0.02024107 
831 249 6 8 0.020228554 
479 232 7 9 0.020227546 
383 558 11 13 0.020222878 
439 460 12 14 0.020222716 
362 610 15 19 0.020199483 
871 335 8 10 0.020190341 
191 491 11 14 0.020178271 
711 263 10 12 0.02017699 
408 159 7 9 0.020147316 
893 279 9 10 0.02014697 
215 120 8 10 0.020138621 
56 312 8 9 0.020130519 
969 326 10 11 0.020112332 
136 215 7 9 0.020109318 
22 379 11 14 0.020108089 
13 389 9 11 0.020098118 
677 577 14 20 0.020087417 
120 477 11 14 0.020084979 
768 304 7 9 0.02007889 
224 295 7 9 0.020068558 
273 143 7 8 0.020063626 
952 142 7 9 0.020061975 
360 144 7 9 0.020055495 
265 183 7 9 0.02004901 
392 144 7 9 0.02003907 
446 341 10 11 0.020035127 
695 184 8 9 0.020030035 
310 493 10 12 0.02002907 
262 264 8 10 0.020024532 
375 261 8 11 0.020016238 
648 538 10 13 0.020007093 
278 526 10 13 0.020002814 
