35_Basketball_playingbasketball_35_156
35
369 440 130 98 0.788597 
804 380 87 110 0.7761743 
856 421 75 84 0.143805 
87 628 21 26 0.09781969 
338 404 191 172 0.073530786 
748 279 152 212 0.06452903 
95 657 12 16 0.052031852 
120 601 13 17 0.04028406 
384 390 89 121 0.040277917 
115 642 15 18 0.039183017 
75 601 17 22 0.038894188 
378 483 92 76 0.0370194 
64 124 113 123 0.03347471 
781 355 188 179 0.032668665 
93 620 14 17 0.0323836 
136 642 10 14 0.03182706 
100 658 13 16 0.031584185 
40 97 191 208 0.031204186 
118 650 14 17 0.030743526 
850 384 70 91 0.030304108 
764 242 106 133 0.03007099 
165 648 26 30 0.027443297 
149 627 10 14 0.027169723 
110 620 10 13 0.027051864 
41 643 23 28 0.026837379 
318 647 14 17 0.026703317 
95 614 12 15 0.024996568 
413 416 16 20 0.024658885 
124 658 12 16 0.022968251 
94 634 21 27 0.021216147 
482 327 19 21 0.021079842 
494 355 50 58 0.020918416 
342 598 10 13 0.020835273 
100 618 12 15 0.020464484 
85 638 17 23 0.020193007 
