35_Basketball_playingbasketball_35_78
52
583 755 71 82 0.9932381 
421 457 73 98 0.99127895 
633 474 74 95 0.95588994 
151 302 77 80 0.8299459 
504 1088 380 481 0.7651081 
239 1209 437 480 0.54366505 
200 570 72 81 0.4484571 
205 1179 266 318 0.40235814 
121 260 213 214 0.29378426 
462 844 449 573 0.15491867 
211 853 198 268 0.13660453 
192 1078 187 317 0.10376086 
151 532 92 123 0.10188983 
407 995 22 32 0.07423004 
99 337 54 79 0.07421074 
285 829 52 60 0.07239691 
155 963 226 271 0.06313394 
436 1197 281 366 0.05989651 
272 845 52 68 0.059149373 
563 261 77 91 0.051468022 
139 304 131 132 0.050733313 
4 522 205 288 0.049275193 
269 862 111 159 0.048902728 
618 475 146 212 0.046881337 
124 317 71 81 0.042269714 
862 666 170 253 0.041016664 
941 1082 35 39 0.04025159 
518 223 132 161 0.039517414 
171 753 344 432 0.03609263 
202 998 429 493 0.036085602 
479 108 212 287 0.033779044 
623 453 56 72 0.032076184 
212 875 45 55 0.031518646 
269 564 63 59 0.030544797 
134 287 68 76 0.030455329 
12 491 367 441 0.030438157 
395 -2 376 483 0.029684728 
108 960 349 443 0.028849732 
260 1299 262 292 0.028055796 
242 574 62 63 0.027979817 
175 577 109 139 0.027087431 
957 1077 31 41 0.02651303 
203 581 197 250 0.026311697 
220 559 108 100 0.02619067 
230 623 128 149 0.025252135 
241 -30 259 243 0.024955401 
528 16 124 160 0.024378262 
946 731 88 155 0.023899594 
262 870 53 65 0.022066003 
272 817 90 112 0.020955795 
668 500 64 82 0.020751175 
178 146 178 257 0.020339524 
