35_Basketball_basketballgame_ball_35_197
53
42 91 66 83 0.99941015 
800 13 53 72 0.9991124 
628 153 59 78 0.9991123 
244 100 66 79 0.9981609 
257 183 60 80 0.9974572 
719 209 65 90 0.99723 
450 161 56 77 0.9903515 
21 35 63 73 0.9824636 
820 275 66 75 0.92787606 
4 -1 42 36 0.75492597 
699 173 52 67 0.65108037 
14 10 64 65 0.33068043 
989 162 32 51 0.32439026 
707 186 62 82 0.30397606 
331 33 49 59 0.3027704 
994 2 28 36 0.2471667 
32 64 62 83 0.14693175 
39 -1 40 38 0.14117737 
345 34 31 36 0.13552523 
360 2 17 18 0.121557325 
37 339 158 189 0.08739283 
742 637 10 13 0.0739257 
464 0 31 27 0.07084065 
318 49 53 63 0.06539765 
448 -1 19 18 0.06096823 
701 167 32 47 0.055430345 
248 143 65 82 0.04848028 
969 85 48 71 0.04269058 
668 169 49 68 0.040966418 
729 435 36 38 0.040633336 
297 -2 46 45 0.039805073 
930 13 27 32 0.039778076 
151 -1 37 31 0.039369643 
444 185 34 46 0.038734104 
999 364 27 48 0.037908107 
807 92 43 59 0.034080435 
72 377 62 84 0.032245822 
317 3 50 48 0.031835068 
462 -3 48 43 0.031201823 
931 555 49 68 0.029754646 
544 212 44 58 0.027907953 
725 413 61 60 0.026726866 
700 135 24 30 0.02655581 
343 0 33 31 0.025751213 
937 570 18 24 0.02383544 
457 348 39 59 0.02376213 
59 2 35 38 0.023401521 
814 647 106 97 0.022909546 
361 82 44 61 0.022906646 
28 713 16 19 0.021734707 
363 0 25 30 0.020904575 
122 1 52 49 0.020774191 
966 365 43 59 0.02040006 
