35_Basketball_playingbasketball_35_13
26
443 166 85 122 0.9971271 
639 95 168 206 0.2997431 
770 78 76 84 0.110891454 
701 79 112 154 0.091515854 
842 19 24 30 0.07545018 
-52 311 368 476 0.046689384 
25 1126 223 284 0.03434768 
33 55 224 285 0.033837907 
540 18 62 64 0.033033866 
618 82 15 18 0.030287057 
781 53 61 74 0.029501064 
409 660 205 344 0.028081827 
552 -41 303 390 0.027437191 
-24 3 374 484 0.026672356 
256 109 48 60 0.025900947 
805 65 32 41 0.025867786 
-4 0 98 149 0.025380202 
272 5 16 19 0.02527215 
113 145 130 196 0.02439574 
328 6 94 133 0.022806654 
302 21 46 69 0.022611888 
812 771 15 17 0.022084551 
276 121 30 40 0.021981966 
88 520 58 74 0.020734629 
607 86 31 42 0.02055274 
509 26 63 66 0.020314649 
