35_Basketball_playingbasketball_35_362
551
620 371 21 26 0.93897736 
205 486 13 16 0.9023243 
705 465 12 15 0.90026903 
887 427 17 20 0.882883 
71 524 11 16 0.8128444 
17 525 10 13 0.68774706 
885 459 25 29 0.6473275 
537 405 23 27 0.60376376 
47 522 9 11 0.501676 
493 231 21 23 0.4760101 
24 495 10 13 0.44108936 
89 479 8 10 0.40724906 
69 471 8 11 0.40641385 
476 387 17 22 0.40490124 
152 495 9 11 0.3672896 
222 502 9 12 0.3598187 
361 503 9 12 0.3551044 
168 520 9 12 0.33981377 
185 519 9 12 0.33671096 
263 526 9 12 0.33664644 
25 453 8 11 0.32862476 
97 527 10 12 0.32061926 
47 476 10 12 0.3108109 
119 471 8 11 0.29683656 
335 487 9 12 0.27885786 
0 483 10 15 0.24754407 
45 502 9 12 0.22692244 
364 508 9 12 0.22064888 
592 411 24 30 0.21392444 
915 433 25 30 0.19719943 
156 533 11 15 0.18155159 
71 475 9 12 0.18067062 
135 488 8 10 0.17714235 
298 480 9 10 0.17304604 
46 494 9 11 0.17179206 
156 495 9 10 0.16930547 
238 492 10 14 0.16646396 
539 479 15 19 0.1649967 
139 523 11 14 0.16347986 
47 471 9 11 0.16215613 
115 471 7 10 0.16140792 
289 502 9 13 0.15996152 
222 538 10 14 0.15576239 
923 437 15 18 0.15160038 
295 484 10 11 0.14871198 
54 504 10 12 0.13895434 
127 472 7 10 0.13745238 
40 523 10 12 0.13728914 
149 500 9 11 0.13706125 
224 464 9 11 0.13392597 
119 488 7 9 0.13261926 
116 526 8 11 0.13180661 
80 480 8 10 0.13101171 
52 478 9 12 0.12858574 
191 479 8 11 0.12764418 
181 497 8 9 0.12696728 
431 532 10 14 0.12569843 
304 512 8 10 0.12385525 
303 516 8 10 0.12234908 
280 517 8 10 0.12144284 
182 501 9 11 0.121179946 
623 426 26 30 0.11998466 
217 509 9 13 0.11709044 
84 549 10 12 0.11618484 
28 493 9 12 0.11604736 
102 494 8 10 0.11488548 
112 486 8 11 0.11265619 
650 595 45 58 0.11165623 
241 525 9 11 0.107949205 
183 510 9 11 0.10641579 
928 502 11 14 0.101525225 
277 535 10 11 0.10075032 
280 502 8 11 0.10029835 
32 487 9 11 0.09933775 
49 464 8 10 0.09728751 
295 508 8 11 0.09625384 
340 486 9 11 0.09587341 
302 483 9 12 0.095802955 
71 502 8 11 0.09530152 
294 526 8 11 0.09500832 
257 495 9 11 0.09488066 
320 541 8 11 0.09438343 
41 493 9 12 0.09407053 
89 474 8 10 0.09338873 
231 469 8 11 0.09281296 
104 487 8 11 0.09170468 
69 465 8 10 0.090515606 
185 479 8 11 0.08939795 
192 469 9 11 0.08785919 
151 480 7 8 0.0877297 
48 484 10 12 0.08644898 
173 520 9 11 0.08577194 
153 489 7 9 0.0852678 
127 445 9 12 0.08462072 
76 573 11 15 0.08369527 
145 479 7 9 0.08334243 
41 477 9 12 0.0830049 
455 536 8 10 0.0828917 
118 477 8 10 0.08230097 
392 541 9 11 0.081333764 
172 525 9 12 0.080605835 
268 559 12 15 0.08057167 
268 526 10 13 0.080359675 
230 464 8 11 0.07868015 
287 496 8 11 0.07818421 
22 460 10 12 0.07733349 
957 501 10 13 0.076520786 
38 541 9 13 0.07615465 
150 508 9 12 0.07596385 
160 527 11 14 0.07497025 
495 535 9 12 0.07478099 
100 500 10 12 0.07398026 
51 520 10 12 0.073958375 
278 510 9 10 0.07265995 
120 492 9 10 0.07215934 
297 518 8 11 0.07182663 
176 501 9 12 0.071098186 
734 508 9 13 0.07096237 
365 534 10 13 0.07072586 
17 456 8 10 0.07019741 
118 520 8 10 0.069970354 
240 519 8 11 0.06951966 
32 524 10 13 0.06885834 
957 486 9 12 0.06812423 
168 486 8 10 0.06795384 
71 564 10 13 0.067850664 
472 521 10 12 0.067404635 
160 473 7 9 0.06740186 
238 469 8 10 0.06735641 
149 537 13 16 0.066387884 
311 541 8 10 0.066167325 
352 524 8 10 0.066101804 
359 526 8 10 0.06596838 
225 527 8 10 0.065706976 
455 466 13 17 0.06467208 
178 496 8 9 0.064433575 
95 484 9 11 0.06439242 
493 539 10 12 0.064377755 
78 495 9 12 0.06402338 
1014 534 9 14 0.06369185 
160 479 7 9 0.06367979 
254 478 9 11 0.06358816 
113 478 8 10 0.06296636 
255 486 8 11 0.06284184 
502 517 10 13 0.062699534 
658 482 14 17 0.06254282 
746 58 25 30 0.062147465 
310 519 9 10 0.06085548 
249 455 8 11 0.060667366 
237 512 9 10 0.060128223 
392 534 9 10 0.059446555 
62 503 10 12 0.059145954 
118 465 8 11 0.059134714 
260 500 9 13 0.05903389 
240 465 7 9 0.058676343 
310 488 8 10 0.05862698 
339 565 12 15 0.057699174 
305 540 10 13 0.05739647 
193 485 8 10 0.057294786 
448 542 8 10 0.057264335 
1010 468 10 13 0.057070088 
327 525 9 10 0.05654679 
4 510 9 12 0.055675432 
136 481 7 8 0.055548225 
159 487 8 9 0.05551264 
72 496 8 10 0.05537467 
509 553 17 20 0.055003554 
39 487 8 11 0.05495732 
24 488 10 13 0.0548899 
145 495 8 11 0.054862127 
350 503 9 11 0.054462716 
350 540 12 15 0.054312926 
197 469 9 10 0.05431157 
237 548 16 19 0.053834315 
510 358 30 43 0.053826034 
99 531 10 14 0.05352934 
744 494 8 10 0.053233355 
113 520 9 11 0.05318913 
154 448 7 9 0.052573163 
64 560 10 12 0.052561242 
272 532 11 14 0.052405383 
334 509 10 11 0.052326467 
631 467 14 16 0.05205926 
441 543 7 10 0.0518734 
210 490 11 14 0.051800128 
318 519 10 11 0.05178889 
230 526 9 11 0.05119815 
16 461 9 12 0.050738305 
330 366 24 31 0.050224494 
345 526 8 9 0.050162524 
383 534 9 11 0.049843483 
336 541 8 11 0.049669314 
479 381 26 31 0.049563102 
27 500 10 13 0.049445674 
503 512 10 12 0.04940524 
330 488 10 12 0.04919485 
1013 464 9 13 0.04892538 
177 508 9 11 0.048556004 
169 502 9 11 0.04826153 
463 536 7 10 0.047789004 
953 -3 33 27 0.047707718 
606 412 25 30 0.047317475 
477 524 9 12 0.047292363 
375 528 8 11 0.04725225 
385 497 7 9 0.047224056 
29 448 8 11 0.046483893 
48 508 9 11 0.045885768 
0 471 9 14 0.045875855 
393 529 9 11 0.045204453 
177 539 12 15 0.04518277 
143 462 7 10 0.04517883 
309 492 10 12 0.0444228 
175 472 7 9 0.04415852 
52 472 9 11 0.04411452 
993 477 8 11 0.043926332 
833 504 8 11 0.0439256 
245 520 8 11 0.04365089 
396 543 9 11 0.043640055 
93 473 9 10 0.04361599 
76 519 11 13 0.043594334 
400 496 8 10 0.043254253 
999 491 10 14 0.04323009 
398 528 8 10 0.04313207 
54 572 9 13 0.04302822 
343 537 10 12 0.042976946 
357 498 18 23 0.04276886 
327 519 9 12 0.04248577 
13 519 18 24 0.04234853 
233 488 9 11 0.04234518 
180 -49 369 400 0.042102132 
167 479 9 10 0.04197874 
776 525 8 11 0.041737936 
145 473 7 8 0.041709833 
974 502 9 11 0.04169595 
572 399 13 16 0.041604266 
789 494 8 10 0.041512597 
175 478 8 10 0.041511662 
686 6 63 65 0.04139654 
33 541 9 12 0.041289203 
391 496 8 10 0.040942874 
902 422 43 51 0.04068662 
97 494 9 12 0.04055226 
175 533 11 15 0.04054167 
334 519 10 11 0.040175058 
462 510 9 11 0.040153008 
536 468 26 32 0.04007418 
199 480 9 12 0.0399691 
248 462 8 10 0.039932176 
319 471 8 10 0.039895136 
226 569 16 19 0.039854504 
164 563 13 16 0.0398224 
302 504 10 12 0.03960392 
55 566 10 13 0.039583206 
336 481 9 11 0.039322235 
128 493 8 10 0.039170913 
244 493 9 12 0.039162625 
287 518 9 11 0.039039873 
246 486 9 11 0.039006427 
895 434 25 31 0.038942177 
271 518 9 11 0.038805358 
79 542 10 14 0.03863281 
68 560 11 13 0.03856223 
30 461 10 12 0.038429275 
145 509 9 12 0.03838944 
479 504 8 10 0.037597187 
335 525 8 10 0.037400514 
188 523 9 12 0.03733885 
272 540 11 13 0.03726148 
480 487 8 11 0.037170492 
69 547 10 12 0.037056904 
356 557 10 12 0.03700694 
278 526 10 13 0.036942065 
635 531 16 19 0.036934458 
129 476 8 9 0.036907926 
167 471 8 10 0.036862977 
282 495 8 11 0.03670106 
233 510 8 12 0.03662131 
401 500 9 10 0.03650368 
86 495 9 11 0.036467485 
455 511 8 11 0.036421124 
315 471 7 9 0.03632847 
119 455 7 9 0.036305096 
189 502 8 11 0.036156215 
449 512 9 11 0.036075618 
84 511 10 11 0.03602534 
344 508 8 10 0.036015537 
158 563 13 16 0.035961874 
199 465 8 9 0.035644565 
290 525 8 12 0.035464663 
239 533 10 12 0.035308454 
249 478 9 11 0.03528965 
15 575 8 10 0.03523354 
52 463 9 10 0.0352315 
19 520 11 14 0.035215825 
418 565 8 11 0.034988083 
358 487 7 9 0.03490776 
229 539 12 15 0.034790505 
138 463 7 9 0.034483876 
233 518 7 11 0.034137633 
166 557 12 16 0.034035195 
193 494 8 11 0.03399056 
73 529 12 16 0.033956334 
175 547 12 15 0.03376626 
471 502 9 11 0.03373821 
32 478 10 11 0.033684574 
869 484 13 19 0.033680726 
208 469 9 11 0.033538025 
168 495 7 9 0.033497643 
223 497 10 13 0.03332226 
343 479 9 10 0.03330291 
271 551 11 14 0.03322569 
23 541 9 12 0.03313019 
70 538 11 14 0.03309651 
425 527 9 11 0.033080306 
164 531 12 15 0.03297503 
231 533 10 13 0.032956634 
311 549 9 11 0.032950953 
383 501 8 10 0.032707833 
238 497 12 14 0.032629997 
31 469 10 11 0.032586087 
432 521 9 12 0.032546237 
239 477 9 10 0.032440912 
42 471 9 11 0.032340806 
153 473 7 9 0.032131776 
64 476 9 12 0.032116596 
69 421 10 12 0.032047667 
450 536 9 11 0.031833496 
119 502 9 10 0.031734064 
464 503 9 11 0.031707976 
119 511 8 10 0.031704307 
191 464 9 12 0.031614635 
471 495 9 10 0.031612635 
886 448 39 47 0.03159197 
397 533 9 10 0.031461548 
768 494 7 10 0.03144332 
54 455 8 11 0.031359117 
79 485 8 10 0.031335287 
144 456 8 9 0.031164454 
769 527 7 10 0.031026578 
490 535 9 12 0.031024007 
148 562 13 16 0.030979121 
326 543 8 10 0.030663246 
129 488 8 10 0.03065926 
256 472 7 10 0.030603219 
168 462 9 11 0.030497879 
425 531 10 13 0.030266972 
161 518 9 12 0.030167354 
53 493 10 11 0.030084379 
29 558 10 12 0.029937416 
360 498 8 11 0.029895242 
285 472 9 11 0.02983997 
152 454 7 9 0.02974859 
-22 71 388 436 0.029726364 
421 495 9 10 0.029618908 
81 462 8 10 0.029611342 
41 507 9 11 0.029607985 
128 501 9 11 0.029605601 
417 560 9 11 0.029601498 
961 470 8 11 0.029366747 
438 520 8 11 0.029345088 
761 493 8 10 0.029282905 
143 485 8 10 0.029199196 
579 261 16 19 0.029097734 
185 470 8 10 0.02897801 
328 503 9 11 0.02897066 
312 524 8 10 0.028922478 
367 529 9 11 0.028761234 
143 531 12 15 0.028757526 
96 537 10 14 0.028695546 
175 487 7 9 0.028671427 
405 501 9 11 0.028658876 
436 534 9 12 0.02860436 
373 533 11 13 0.0285915 
128 532 12 14 0.028436279 
352 485 9 10 0.028330024 
274 502 9 13 0.028313732 
114 454 8 10 0.028274251 
705 492 16 19 0.028195139 
71 485 9 10 0.028193718 
49 457 9 11 0.028161893 
9 446 9 11 0.027601555 
352 480 7 10 0.027303154 
750 493 9 11 0.027247252 
199 4 220 239 0.027224816 
198 509 9 12 0.027030312 
465 495 8 10 0.026962228 
223 477 10 12 0.026864255 
174 461 8 11 0.026842162 
63 495 9 10 0.02683284 
570 20 435 505 0.02680556 
328 509 9 11 0.026800768 
218 533 10 13 0.026779495 
160 464 8 10 0.026705505 
417 527 9 11 0.026656594 
436 524 9 13 0.026486974 
63 548 10 11 0.026485551 
13 479 10 12 0.026365412 
5 548 10 12 0.02635663 
398 549 11 11 0.026315277 
74 567 11 15 0.02622382 
464 517 8 11 0.026220603 
206 465 8 10 0.026100883 
101 519 11 14 0.026036024 
15 541 10 13 0.025975535 
248 572 14 16 0.025909055 
24 550 10 12 0.0259082 
469 535 9 10 0.025835492 
158 447 7 9 0.025812285 
922 445 17 23 0.025759915 
288 574 10 12 0.025726402 
254 455 7 11 0.025705304 
22 505 11 14 0.025662718 
231 477 8 11 0.025583122 
934 484 13 15 0.025556989 
215 469 10 13 0.02552429 
20 531 9 12 0.02550194 
106 469 7 10 0.025487509 
113 464 8 11 0.025476757 
122 447 8 10 0.025403632 
185 463 8 10 0.025390573 
608 424 32 34 0.025276436 
288 237 461 528 0.025134 
54 547 11 13 0.025053374 
354 376 15 17 0.024922162 
29 565 9 11 0.024684038 
86 501 9 11 0.024676632 
308 501 11 13 0.024649661 
104 464 8 9 0.0246169 
800 517 8 11 0.024604365 
248 471 8 10 0.024596773 
15 468 9 12 0.024586668 
132 446 8 11 0.024577482 
454 517 9 10 0.024560295 
112 566 10 13 0.024511542 
775 518 9 12 0.024451999 
216 497 18 24 0.024385596 
603 541 17 20 0.02435408 
126 510 10 11 0.024345944 
574 570 11 14 0.02431714 
333 503 10 12 0.024312105 
85 472 18 24 0.02426904 
863 509 11 14 0.024212195 
718 461 10 12 0.024080442 
134 473 8 9 0.024034929 
111 502 9 10 0.023971688 
200 517 9 13 0.023948321 
63 541 9 13 0.023947163 
245 500 10 12 0.023934519 
371 539 11 13 0.023930829 
760 534 7 9 0.023894187 
478 509 8 10 0.023832273 
66 531 11 15 0.023792049 
715 29 56 59 0.023699567 
24 556 11 13 0.023678577 
213 477 10 12 0.023644913 
308 511 10 11 0.02360173 
79 473 8 10 0.0234448 
127 519 10 11 0.023273814 
941 491 10 14 0.023165083 
191 448 7 9 0.023088071 
86 517 9 11 0.023083493 
382 529 10 11 0.023042845 
63 485 9 11 0.023023676 
185 485 7 9 0.023014178 
400 510 9 11 0.02296617 
113 448 8 10 0.022950297 
81 455 9 11 0.022909759 
170 456 8 10 0.022906763 
237 540 14 16 0.022902412 
897 427 13 19 0.022824205 
14 447 9 10 0.022795051 
43 518 18 22 0.022784855 
52 58 255 254 0.022774996 
7 514 10 13 0.02276083 
135 501 9 11 0.022723502 
303 474 8 10 0.022719862 
143 572 13 16 0.02268436 
479 493 9 10 0.02251824 
743 534 9 11 0.022483772 
861 478 10 13 0.022480628 
112 530 10 13 0.022472486 
332 481 19 24 0.022455756 
143 565 13 15 0.022451337 
-2 474 16 26 0.022385836 
190 509 9 12 0.022384364 
984 544 10 12 0.022339536 
474 363 29 37 0.02230217 
508 510 10 12 0.022248786 
874 488 13 17 0.022233265 
6 542 11 13 0.022214908 
768 167 28 36 0.022211874 
729 508 10 15 0.022165611 
-38 270 446 503 0.02216306 
21 491 17 22 0.022083623 
343 520 9 10 0.022072222 
448 517 9 11 0.022061307 
104 480 8 11 0.021993512 
304 494 9 11 0.021962952 
927 494 12 15 0.021959495 
86 555 10 12 0.021928098 
111 492 8 10 0.021919904 
39 548 10 12 0.021886762 
897 469 19 23 0.021858323 
100 539 10 14 0.021811418 
19 500 10 13 0.021799374 
982 502 9 12 0.021699935 
256 509 10 13 0.021469938 
453 456 20 30 0.021460965 
133 531 12 15 0.021433061 
7 532 10 12 0.021371558 
62 298 30 37 0.021370906 
223 458 8 10 0.021345045 
455 529 9 10 0.021254806 
63 465 18 23 0.021229524 
301 524 10 12 0.021161992 
3 469 12 13 0.02107348 
4 489 11 14 0.021023087 
70 509 9 11 0.020963077 
293 493 11 13 0.020870049 
428 96 28 36 0.02083818 
174 456 8 10 0.020832222 
368 350 101 125 0.020810455 
20 448 18 24 0.02080283 
303 535 11 12 0.020798147 
471 540 8 10 0.020745087 
271 485 9 11 0.020730399 
127 451 9 11 0.02073038 
326 536 9 11 0.020689163 
255 463 7 10 0.020675868 
547 470 16 18 0.0206637 
492 85 212 245 0.020628529 
445 455 13 17 0.020481965 
848 485 8 12 0.020463679 
111 511 10 11 0.020423993 
378 502 8 10 0.020346226 
918 450 25 33 0.020336015 
370 582 25 29 0.020328166 
319 548 9 12 0.020322667 
149 488 20 24 0.02031237 
103 509 10 12 0.020297008 
384 540 10 11 0.020280283 
370 487 7 9 0.020265082 
32 534 10 12 0.020248655 
127 524 12 14 0.020242795 
234 482 20 25 0.02023957 
367 495 8 10 0.02019409 
464 526 9 11 0.020180658 
800 525 9 11 0.020107923 
331 367 15 19 0.020075956 
546 548 16 20 0.020017939 
616 434 30 35 0.020008393 
