35_Basketball_basketballgame_ball_35_375
2533
861 198 9 12 0.5154398 
681 199 9 12 0.5116042 
657 136 9 11 0.4515528 
823 677 26 31 0.43093586 
992 535 13 19 0.41564304 
969 79 8 10 0.39868385 
361 144 7 10 0.39066 
1005 13 11 14 0.3875419 
830 215 9 11 0.35857755 
762 602 18 22 0.34814647 
805 184 8 11 0.3378933 
574 150 8 10 0.3310291 
591 225 10 12 0.32419816 
144 70 9 12 0.32058603 
585 184 9 12 0.27865338 
845 151 7 10 0.2728603 
838 173 9 11 0.26702586 
655 222 9 11 0.2667299 
477 182 9 11 0.25224447 
1 125 9 14 0.24921356 
713 135 10 14 0.24663629 
27 111 11 14 0.24657561 
320 192 8 10 0.245792 
871 523 12 16 0.2451822 
648 157 9 10 0.24096614 
518 161 7 9 0.23761971 
864 151 8 11 0.23111269 
60 120 9 11 0.23032431 
413 133 7 10 0.22786336 
634 132 9 11 0.22546901 
105 102 9 12 0.22539648 
855 111 8 11 0.22498356 
863 181 9 11 0.22423601 
200 102 10 12 0.22313298 
964 166 9 11 0.22222209 
967 140 9 13 0.22150989 
500 166 8 11 0.22003508 
823 151 8 10 0.2175838 
352 128 7 9 0.21649769 
588 188 10 13 0.2146519 
158 94 8 11 0.21354923 
446 136 7 10 0.21229526 
684 237 9 11 0.21168119 
797 66 10 14 0.21141838 
838 127 8 11 0.2059311 
861 134 7 10 0.2037846 
657 72 8 10 0.20356402 
24 114 10 14 0.2029297 
1011 146 11 14 0.20255463 
453 198 10 12 0.20243633 
431 190 9 12 0.20149429 
888 135 9 11 0.20080668 
84 101 9 11 0.1999072 
590 132 9 10 0.19757913 
6 97 11 16 0.1965514 
632 215 8 11 0.19610626 
987 481 13 17 0.1947571 
609 232 8 11 0.19378753 
478 189 9 12 0.19260053 
746 215 15 20 0.1913205 
567 214 9 12 0.19092013 
94 127 8 10 0.18956673 
677 220 9 12 0.18881683 
615 216 8 11 0.18846011 
67 86 8 11 0.18613052 
646 176 8 10 0.18545032 
77 571 14 19 0.18413381 
240 132 10 12 0.18243064 
395 147 8 11 0.18206878 
477 95 9 11 0.18034087 
94 151 8 11 0.18018438 
542 204 9 11 0.17968425 
625 57 7 9 0.17857933 
863 157 8 10 0.1779751 
926 71 8 11 0.17642073 
47 86 8 10 0.17616908 
893 285 14 17 0.17559047 
695 112 8 11 0.1743664 
537 159 7 10 0.17372045 
65 94 9 11 0.17353176 
818 174 7 10 0.17274714 
774 143 10 12 0.17116924 
594 111 6 9 0.17111795 
63 100 8 10 0.1690722 
488 150 10 12 0.16735543 
670 168 10 13 0.16666159 
450 208 8 11 0.16628517 
719 99 9 12 0.16381061 
278 191 7 9 0.16264878 
863 192 10 12 0.16176358 
397 145 9 11 0.1603826 
575 113 7 9 0.15923892 
991 166 9 11 0.15895274 
998 55 9 12 0.15691054 
984 112 8 10 0.15624434 
453 215 8 10 0.15545654 
729 64 7 10 0.15500873 
677 115 9 11 0.15495977 
737 97 8 10 0.15470296 
431 167 9 11 0.15407157 
1014 71 9 13 0.15327866 
646 56 8 9 0.15295678 
470 207 8 10 0.15193167 
998 159 10 12 0.15168083 
544 104 7 9 0.15064365 
470 136 9 11 0.15028296 
407 166 9 12 0.14894614 
863 128 7 9 0.14886871 
550 159 8 11 0.1471998 
414 129 8 10 0.14654435 
360 120 8 10 0.14647588 
933 125 10 12 0.1460755 
948 78 8 10 0.14606045 
429 76 9 11 0.14559676 
359 167 8 10 0.14515108 
51 522 14 18 0.14473733 
934 119 8 10 0.14333811 
79 127 7 9 0.14295147 
888 150 9 11 0.1424111 
301 191 8 11 0.14154507 
896 438 8 11 0.13874653 
624 177 7 9 0.13748264 
680 93 9 12 0.13610154 
526 222 9 12 0.13604844 
223 86 9 11 0.13526407 
952 11 10 12 0.13516273 
430 134 8 10 0.13486272 
974 22 9 11 0.13472068 
836 3 11 13 0.13437554 
437 190 9 12 0.13393559 
680 63 8 10 0.13344233 
413 173 8 11 0.1332265 
567 166 8 10 0.13290134 
576 190 7 10 0.13232964 
488 141 10 12 0.13231316 
863 177 8 10 0.13210997 
610 150 8 9 0.13197681 
496 117 8 11 0.13166812 
951 184 8 10 0.13146807 
862 22 9 12 0.13065961 
950 6 10 13 0.13048673 
866 223 7 10 0.1301073 
831 103 9 11 0.12959376 
678 143 10 13 0.1289511 
514 101 7 10 0.12873828 
382 189 8 11 0.12848741 
486 156 9 10 0.12775579 
317 143 9 10 0.12757692 
224 111 8 10 0.12657097 
703 79 9 11 0.12635379 
737 81 7 9 0.12597232 
245 111 9 11 0.12566929 
767 68 9 11 0.12566262 
874 691 24 28 0.12549338 
1008 483 12 16 0.12451223 
558 183 8 11 0.124505416 
446 74 11 15 0.12417903 
256 96 7 9 0.123811044 
84 96 9 11 0.123360485 
574 92 8 10 0.12200553 
320 184 8 10 0.12155738 
519 183 9 11 0.12145517 
826 214 9 12 0.12063637 
536 120 8 10 0.11930971 
197 107 10 13 0.11860589 
128 56 8 11 0.11860168 
696 80 8 10 0.11823652 
162 572 17 21 0.11812879 
917 117 9 10 0.11495681 
873 110 8 10 0.11492654 
39 56 7 10 0.11431488 
625 153 7 9 0.11422424 
605 191 8 10 0.113925315 
678 37 9 12 0.11364451 
849 117 8 11 0.1135135 
812 564 14 18 0.113433726 
542 110 8 9 0.113401495 
910 142 9 12 0.11338898 
890 141 9 12 0.113289595 
409 192 8 10 0.11317549 
694 219 12 15 0.112750605 
214 135 8 11 0.11213794 
997 99 10 12 0.11194312 
297 109 8 10 0.11192063 
637 232 9 11 0.11150111 
996 36 10 11 0.111147895 
121 95 7 9 0.11110333 
31 55 8 11 0.11093183 
424 166 8 11 0.110752776 
702 46 8 11 0.11065609 
519 102 7 10 0.11003355 
910 38 10 12 0.10999197 
590 164 9 12 0.10984792 
1007 442 14 17 0.10961399 
502 216 8 11 0.10945913 
734 62 8 10 0.10942311 
401 166 8 11 0.109040484 
511 197 8 12 0.108930215 
465 158 7 9 0.10867021 
912 135 8 10 0.107766256 
614 152 7 9 0.10727645 
982 55 10 12 0.10718665 
415 166 9 12 0.10713093 
551 179 11 14 0.10559909 
541 151 9 11 0.1050293 
589 160 9 10 0.104481205 
920 198 10 12 0.103677884 
838 108 9 10 0.10335083 
697 53 8 10 0.10293075 
685 95 9 11 0.10269648 
442 46 8 10 0.10103912 
660 70 9 11 0.10083542 
999 468 12 14 0.10049274 
912 44 10 12 0.10028073 
206 40 8 10 0.10004893 
701 53 9 11 0.10004846 
855 95 7 9 0.09996479 
624 157 8 10 0.099816464 
296 143 7 10 0.09934172 
455 102 9 10 0.09926504 
526 205 9 11 0.09908719 
849 112 8 10 0.09848967 
696 47 9 11 0.09840718 
780 181 9 12 0.09840168 
272 176 7 10 0.09829205 
363 142 9 11 0.097989485 
896 174 9 11 0.09791102 
796 582 14 19 0.097775996 
935 36 9 11 0.09771914 
535 181 8 11 0.09726577 
984 4 10 13 0.09724818 
888 157 8 10 0.09724132 
479 120 7 10 0.09705203 
30 88 9 10 0.09667091 
961 61 9 12 0.09656343 
840 146 8 10 0.096393175 
263 79 7 10 0.096270844 
929 111 8 11 0.09594727 
478 177 8 10 0.095886216 
592 150 7 8 0.09583542 
299 604 25 30 0.09490191 
256 112 8 10 0.093281105 
873 70 8 11 0.09309046 
1011 11 10 15 0.09303475 
376 168 9 11 0.09297849 
426 125 9 12 0.09243522 
426 184 8 9 0.09238309 
180 62 9 11 0.09229866 
647 96 8 10 0.09216012 
493 148 9 12 0.09209121 
66 82 8 10 0.09184671 
602 57 7 9 0.09176204 
929 115 10 12 0.09157193 
980 222 14 16 0.09139829 
429 119 9 12 0.09135871 
653 158 10 11 0.09131313 
886 231 7 10 0.09042961 
951 108 11 15 0.09023014 
488 200 8 11 0.090209074 
656 229 9 11 0.090182506 
909 32 9 11 0.09010693 
830 150 9 11 0.09007861 
456 118 9 11 0.089965604 
976 55 10 12 0.0897938 
736 229 11 15 0.08978094 
158 143 7 10 0.08973666 
933 132 10 13 0.08952777 
334 104 8 10 0.08948347 
470 214 8 9 0.088772066 
291 125 7 10 0.08871677 
943 53 9 12 0.08867237 
112 158 8 10 0.08838798 
155 92 8 11 0.0879112 
350 132 8 10 0.08772729 
344 182 9 11 0.08766798 
591 56 7 9 0.08760164 
917 221 10 14 0.08755131 
264 103 7 8 0.0873033 
22 518 11 16 0.087277696 
262 143 8 10 0.08696861 
77 167 8 10 0.08661246 
535 219 10 13 0.08654958 
637 129 8 11 0.08579122 
488 136 7 10 0.085785575 
24 157 8 11 0.08571269 
616 159 7 9 0.08543633 
479 197 8 11 0.08538407 
290 122 7 9 0.08535615 
377 191 9 11 0.085176334 
711 79 9 12 0.08515282 
528 120 8 10 0.0851384 
112 63 7 9 0.08503962 
495 184 8 10 0.08493421 
950 188 9 12 0.0849328 
192 144 8 10 0.084734544 
705 95 7 10 0.08440794 
432 195 9 11 0.08438136 
198 136 7 9 0.08435454 
641 181 9 10 0.08415135 
889 102 7 10 0.0841225 
647 245 9 12 0.08340231 
257 78 7 10 0.08340027 
473 199 8 10 0.083388895 
591 144 8 10 0.0833769 
497 112 7 10 0.08336031 
807 150 9 11 0.0832794 
225 81 7 9 0.08307253 
821 272 9 11 0.08306517 
680 135 8 10 0.08302878 
609 158 7 10 0.08301503 
256 183 7 9 0.0829039 
968 73 8 11 0.08279951 
702 40 7 9 0.08266066 
273 158 7 9 0.08257701 
1008 110 9 12 0.082521535 
894 509 12 14 0.08245582 
624 87 8 10 0.08240857 
414 63 7 10 0.082377315 
70 142 8 11 0.08230853 
597 227 10 13 0.08226788 
606 173 9 11 0.08224112 
879 166 8 11 0.08211454 
94 63 7 9 0.08196707 
230 150 8 11 0.08195117 
608 86 7 9 0.08187671 
617 199 8 10 0.08185359 
334 126 8 10 0.08167265 
608 118 8 10 0.08156093 
272 97 7 9 0.08148806 
337 145 7 9 0.08145215 
303 71 6 9 0.08141166 
197 183 8 11 0.081326075 
328 72 8 10 0.081089646 
909 541 12 17 0.08104083 
599 166 9 12 0.08102937 
217 111 8 9 0.08098581 
442 133 8 11 0.0808737 
560 120 7 9 0.08069064 
264 97 7 9 0.080671266 
992 158 10 12 0.08057851 
905 149 9 12 0.08048026 
825 103 8 11 0.08046766 
495 102 6 9 0.08009672 
638 235 10 13 0.07990301 
861 569 14 20 0.07978691 
705 85 8 10 0.07974918 
943 164 9 12 0.07967369 
822 135 8 10 0.07964804 
87 84 9 11 0.079561494 
472 53 8 11 0.07945286 
295 104 7 10 0.07937283 
48 100 8 11 0.07925246 
89 159 8 11 0.07918333 
560 206 9 12 0.078916565 
944 5 10 12 0.078870855 
920 492 12 15 0.078833826 
456 97 8 10 0.07873547 
543 158 9 11 0.078692876 
298 71 7 9 0.07857253 
151 160 6 9 0.078536615 
585 166 9 10 0.0784628 
399 182 9 12 0.078407705 
600 97 7 8 0.07819067 
894 159 8 10 0.078189276 
351 105 6 8 0.07815014 
973 103 10 11 0.078143775 
294 120 8 9 0.07814166 
610 113 7 10 0.078134544 
989 221 13 16 0.07803866 
473 120 8 10 0.07794261 
312 173 9 13 0.07782048 
922 273 12 15 0.077439986 
207 61 8 11 0.07732703 
519 95 7 10 0.0772249 
857 104 8 10 0.07711302 
678 248 14 19 0.07707101 
427 190 8 10 0.07706211 
407 86 7 9 0.07685897 
575 281 13 16 0.07669821 
410 129 8 10 0.07655577 
313 105 7 10 0.07654327 
986 166 9 12 0.076376736 
622 199 8 10 0.07637647 
80 61 8 11 0.0762347 
502 113 8 9 0.076173685 
663 56 7 8 0.076159045 
725 182 8 11 0.076149985 
466 207 8 10 0.0759839 
202 166 7 10 0.07597616 
134 55 8 10 0.07592844 
450 166 8 11 0.0759163 
413 192 8 10 0.075909644 
655 95 8 11 0.075872324 
40 148 8 11 0.075839005 
217 184 8 10 0.07572321 
287 140 8 10 0.07559982 
416 160 7 9 0.07558606 
237 70 8 10 0.075478815 
933 215 8 10 0.07547477 
672 216 9 12 0.07535037 
310 127 7 9 0.07525561 
384 45 7 10 0.07522153 
751 88 8 10 0.07512437 
447 152 8 10 0.075120874 
241 113 8 9 0.07509486 
937 53 8 10 0.075074956 
776 174 8 10 0.07505982 
744 63 8 10 0.07495845 
415 81 7 9 0.07466386 
238 184 8 10 0.074626416 
794 69 9 12 0.07453915 
381 118 8 10 0.07437931 
464 152 7 10 0.07432315 
240 118 7 8 0.07431988 
656 127 8 10 0.07415718 
975 109 9 11 0.07399624 
909 206 8 10 0.07399503 
848 156 8 10 0.073916554 
534 262 13 15 0.073858395 
111 153 8 10 0.07383809 
71 149 9 12 0.07382273 
606 252 10 13 0.073729105 
614 246 11 13 0.07345874 
914 112 8 10 0.07320127 
322 30 6 10 0.07291249 
975 240 13 17 0.072899796 
703 24 6 9 0.07276422 
802 735 25 28 0.07276224 
117 71 9 11 0.07259645 
557 85 9 11 0.072580114 
408 48 6 8 0.07251683 
558 259 10 13 0.072507106 
298 38 8 11 0.072414905 
474 190 8 12 0.072369784 
409 81 7 9 0.07232377 
655 237 9 10 0.07230729 
822 286 11 13 0.07227423 
109 532 13 17 0.072214894 
209 142 7 10 0.07221108 
522 223 8 12 0.07217297 
162 61 7 9 0.07208448 
817 133 8 10 0.07184622 
57 101 9 11 0.07173426 
16 117 10 13 0.07173263 
160 57 8 9 0.0717324 
440 127 8 10 0.07154923 
553 46 7 10 0.07141984 
480 24 8 10 0.07137994 
401 89 7 9 0.07135472 
872 129 7 9 0.07130141 
166 72 8 11 0.07120284 
857 143 8 10 0.07087584 
231 113 7 9 0.07073316 
58 123 9 12 0.07071868 
639 38 8 10 0.070588715 
933 206 8 11 0.070583336 
100 174 11 13 0.07026816 
47 94 9 10 0.070148855 
815 224 7 10 0.06987555 
440 75 10 13 0.069829576 
929 203 9 12 0.069771715 
441 184 8 10 0.069757655 
878 111 8 11 0.069677904 
934 6 10 11 0.069608636 
919 507 10 15 0.06946637 
968 29 9 12 0.06942392 
617 649 116 117 0.0693892 
863 109 8 11 0.069380276 
957 103 9 11 0.0693758 
245 129 8 9 0.06931279 
494 40 8 10 0.06929682 
916 45 10 12 0.06920159 
520 205 9 12 0.06887462 
886 39 8 10 0.068795 
696 206 9 11 0.068651035 
689 100 9 10 0.06850267 
527 151 7 9 0.06838267 
382 112 8 10 0.06837253 
70 6 10 12 0.06833018 
974 225 12 15 0.0682385 
879 127 9 12 0.068117216 
511 151 7 9 0.0680549 
686 231 10 12 0.06799898 
143 151 8 10 0.0679642 
623 216 9 10 0.06789765 
217 92 8 11 0.06782878 
945 73 8 9 0.06779247 
350 110 7 9 0.0676824 
528 182 8 10 0.06758029 
720 63 9 11 0.067400694 
391 42 7 8 0.06737016 
398 63 8 10 0.067324035 
117 167 9 11 0.06709814 
175 127 8 11 0.06707253 
442 42 7 9 0.0670435 
992 55 9 12 0.06693013 
917 54 9 10 0.06689901 
927 5 10 12 0.066719316 
143 48 8 10 0.06665246 
542 119 8 10 0.06663861 
928 104 8 9 0.06647538 
683 245 13 17 0.0664058 
850 95 7 9 0.066368565 
31 173 9 12 0.06630461 
47 125 10 11 0.06627732 
680 58 7 9 0.06626813 
615 46 7 10 0.06617988 
663 63 8 9 0.06616021 
552 103 7 9 0.066094056 
406 103 9 13 0.06606922 
815 276 9 12 0.06603619 
519 118 9 11 0.06592745 
1007 116 10 13 0.0657601 
425 47 7 10 0.06562272 
897 53 7 9 0.065620676 
855 116 8 11 0.065588996 
302 719 40 50 0.06553432 
674 112 8 10 0.06541967 
393 62 8 9 0.065340325 
661 221 9 12 0.06518683 
488 118 8 11 0.065028325 
576 116 8 10 0.06499439 
585 212 8 11 0.06491729 
153 128 7 9 0.06478929 
663 48 7 9 0.064782344 
536 176 9 11 0.064723134 
904 80 8 10 0.06463133 
383 85 9 11 0.06446274 
360 88 7 9 0.06441788 
448 158 8 9 0.06441209 
857 21 10 12 0.06433713 
614 113 7 9 0.06433379 
256 87 7 9 0.064325996 
559 220 10 12 0.06431745 
806 158 9 12 0.064287536 
587 134 9 11 0.06425474 
548 236 12 15 0.06421352 
1000 78 8 11 0.06409912 
977 125 8 11 0.06375076 
543 175 10 13 0.06373602 
430 185 9 11 0.0637105 
894 48 8 9 0.06368777 
4 164 12 14 0.06362471 
376 55 7 9 0.06351795 
888 109 8 11 0.063370615 
735 110 11 14 0.063222826 
773 212 10 14 0.063141555 
729 88 8 9 0.06312772 
120 39 9 11 0.06310953 
66 642 25 26 0.06305994 
960 493 10 14 0.06294074 
886 238 9 11 0.062818795 
322 716 42 51 0.06281396 
318 203 12 15 0.06280535 
282 137 6 10 0.06267211 
198 143 7 9 0.06266846 
679 88 8 10 0.062590726 
908 148 11 13 0.06251003 
752 156 10 13 0.06250782 
636 214 9 12 0.06235545 
80 69 8 11 0.062351793 
350 182 9 10 0.062335722 
909 430 10 13 0.062298406 
473 49 8 9 0.062295858 
688 128 9 11 0.06225931 
273 153 7 9 0.062255666 
973 93 10 11 0.06223521 
409 62 9 11 0.06216817 
991 111 9 11 0.062161997 
946 1 9 10 0.061701313 
255 176 7 9 0.061676558 
247 105 7 8 0.061547764 
383 24 8 10 0.06150084 
386 79 7 10 0.061458133 
965 161 9 11 0.061363056 
863 615 25 31 0.06102232 
993 92 11 15 0.0609742 
415 150 7 9 0.06095764 
224 28 8 11 0.060956918 
6 148 10 13 0.06094214 
538 112 8 10 0.060938034 
901 118 9 12 0.060885433 
871 145 8 10 0.06081068 
761 41 8 10 0.06077822 
879 118 7 9 0.060760852 
239 695 66 78 0.060754485 
610 216 8 10 0.06075326 
438 246 8 11 0.060728483 
465 215 8 10 0.060723737 
221 117 9 10 0.060709663 
463 221 8 10 0.0606533 
367 135 8 10 0.06045396 
967 109 9 12 0.06043114 
584 77 8 9 0.060346 
15 124 10 13 0.06034432 
375 195 9 12 0.060308345 
654 119 8 10 0.06013377 
324 191 9 10 0.060096603 
520 13 9 10 0.059982516 
147 157 7 10 0.059955955 
366 127 9 9 0.05984652 
704 71 9 10 0.059796706 
608 145 7 10 0.059756428 
743 30 8 10 0.05970565 
945 110 8 11 0.059700932 
334 110 8 9 0.059609298 
641 96 7 9 0.059470143 
238 14 8 11 0.0593841 
399 108 9 11 0.059357814 
881 207 8 11 0.059315883 
0 120 8 14 0.05927647 
982 480 22 29 0.05926123 
597 111 7 10 0.059213895 
504 79 8 11 0.059151683 
541 221 10 12 0.05913754 
347 197 11 15 0.0590647 
640 112 7 10 0.059058145 
65 142 9 11 0.059039876 
257 118 7 9 0.058870934 
559 103 7 9 0.058833215 
759 23 8 10 0.058701128 
982 269 11 14 0.05866798 
573 212 9 12 0.058659513 
273 119 7 10 0.058621585 
749 261 9 11 0.058589593 
544 165 8 10 0.05848382 
822 144 8 11 0.05846747 
56 158 8 10 0.0584323 
559 111 7 9 0.058421545 
98 179 11 14 0.05841061 
466 142 8 9 0.058335114 
863 104 8 10 0.05819247 
473 100 9 11 0.058189683 
864 230 8 10 0.058103297 
128 104 8 10 0.058099695 
585 227 10 12 0.058027152 
248 153 7 9 0.058005504 
425 23 6 9 0.05792394 
221 91 10 12 0.05785969 
567 128 8 9 0.057795428 
825 200 7 10 0.05768533 
740 232 12 16 0.05765967 
426 73 9 11 0.057602506 
993 88 9 11 0.057584133 
663 94 8 10 0.05757772 
673 150 11 14 0.057489898 
215 127 8 10 0.057400946 
823 239 10 12 0.057393815 
847 198 9 11 0.05735405 
742 95 9 11 0.057332925 
881 230 8 10 0.05723334 
959 28 10 12 0.05719179 
900 437 10 13 0.057137147 
513 180 8 10 0.057124812 
886 205 9 12 0.057104766 
447 111 9 10 0.05709298 
512 176 8 10 0.05708887 
974 27 10 13 0.05708442 
385 73 7 9 0.05697942 
934 111 8 10 0.056948356 
649 118 8 9 0.056928612 
271 73 8 9 0.056890886 
569 144 9 11 0.056788187 
489 112 7 10 0.056772146 
346 127 7 10 0.056769583 
104 97 9 12 0.05672484 
452 205 9 11 0.056709222 
481 157 9 10 0.056701932 
352 64 7 10 0.056659997 
104 539 11 14 0.056631252 
526 102 7 9 0.056452584 
192 94 9 10 0.05643387 
193 110 9 11 0.056402534 
910 157 9 11 0.056377098 
489 46 8 10 0.05627865 
89 60 8 11 0.056102566 
741 79 8 10 0.056078378 
869 149 8 11 0.056063518 
824 206 8 10 0.055900425 
950 46 8 11 0.055794246 
341 143 9 11 0.05574123 
696 71 8 9 0.05571811 
154 38 7 10 0.05563745 
968 83 9 11 0.055632945 
817 149 8 11 0.055623587 
311 167 10 11 0.055615183 
585 160 9 11 0.055602737 
290 102 8 11 0.05556759 
11 99 11 13 0.055567145 
502 117 9 10 0.055545297 
720 175 10 12 0.05551364 
416 85 7 10 0.055387463 
888 97 8 9 0.055308506 
71 101 8 10 0.055294383 
680 31 9 12 0.055275403 
585 174 7 9 0.055240206 
888 46 8 10 0.055231348 
686 31 8 10 0.05518825 
807 164 9 11 0.055179764 
368 88 7 9 0.05508554 
558 231 9 12 0.055016268 
942 445 9 12 0.054968346 
608 134 8 9 0.054945022 
378 112 7 11 0.05492357 
328 118 9 12 0.054901253 
935 47 8 11 0.054893784 
582 208 8 10 0.054693926 
153 134 7 9 0.054671656 
519 88 7 9 0.054615475 
380 168 9 11 0.054593325 
128 79 7 9 0.054541733 
673 63 8 10 0.05446136 
462 31 8 11 0.054423187 
647 252 10 13 0.0544081 
566 54 8 10 0.05438521 
505 150 7 9 0.054350574 
782 262 12 14 0.05431698 
73 125 9 11 0.054316785 
942 30 10 12 0.05429323 
408 30 7 9 0.054207545 
262 112 7 9 0.05411236 
749 1 8 9 0.0540418 
377 86 7 10 0.05403529 
977 232 22 27 0.05401997 
455 109 10 12 0.054009728 
137 72 7 10 0.05392526 
934 103 8 9 0.053899005 
510 143 8 10 0.053875394 
314 179 8 11 0.05384126 
262 184 8 9 0.053806126 
469 158 8 10 0.05378964 
920 190 9 11 0.05369483 
924 498 12 15 0.053520214 
142 53 9 10 0.053518657 
912 103 8 10 0.053380564 
877 70 9 12 0.053378515 
408 149 8 11 0.0533193 
804 63 10 13 0.053263213 
96 121 7 9 0.053230103 
800 222 8 11 0.053208224 
561 212 10 13 0.053126033 
846 126 8 10 0.053069837 
774 167 8 11 0.05306313 
321 96 6 8 0.05305528 
680 192 9 12 0.052935258 
590 215 8 9 0.052900344 
662 214 9 12 0.052812364 
879 64 7 9 0.05275549 
856 167 8 10 0.052715845 
952 102 10 12 0.052701626 
801 177 8 11 0.052691136 
305 168 8 11 0.052646328 
286 136 8 10 0.052597765 
814 187 8 11 0.052556764 
897 118 9 11 0.052494057 
169 160 8 10 0.052455436 
741 100 8 11 0.05243898 
845 262 11 14 0.052314088 
560 125 8 9 0.05225514 
161 77 7 10 0.052225046 
518 199 10 11 0.052205645 
174 151 8 9 0.05219218 
599 78 7 9 0.052033287 
857 158 8 10 0.05194804 
689 81 7 9 0.051770113 
684 203 10 12 0.051729944 
280 81 8 9 0.05170309 
983 222 23 29 0.051692173 
447 182 8 10 0.051582128 
217 119 8 10 0.051510874 
135 104 8 10 0.0514917 
46 149 9 12 0.05148056 
494 200 8 10 0.05147722 
674 37 8 11 0.051474404 
711 16 8 10 0.05146862 
55 56 8 10 0.051458865 
497 220 10 12 0.051441748 
378 24 8 10 0.05140481 
345 134 8 10 0.05139654 
813 230 8 9 0.051372364 
352 71 7 8 0.051351525 
816 169 7 9 0.051304605 
631 199 8 10 0.051237404 
120 102 8 10 0.051202297 
199 97 8 9 0.05117631 
632 209 8 10 0.051135425 
263 137 7 9 0.051081166 
162 71 8 11 0.05107314 
750 64 8 9 0.051069576 
662 156 10 12 0.051055845 
174 31 7 8 0.051014494 
41 78 9 11 0.050991442 
433 23 6 9 0.050967727 
857 173 9 11 0.05096177 
258 143 8 10 0.05093464 
495 97 7 9 0.05091415 
629 62 8 10 0.05089992 
700 110 9 12 0.05084466 
42 85 9 12 0.05082417 
997 86 12 14 0.050785836 
506 198 9 11 0.05070672 
743 47 8 9 0.050663467 
392 183 9 12 0.050593514 
944 48 9 12 0.050502416 
279 113 6 8 0.05048712 
472 125 9 10 0.050467934 
304 134 7 10 0.05037749 
46 518 13 18 0.050304133 
811 657 44 54 0.05029987 
494 206 8 9 0.050266545 
568 134 8 9 0.05022414 
752 271 8 11 0.05022237 
711 71 7 9 0.050173853 
805 13 10 13 0.0501708 
927 189 9 11 0.0501708 
493 638 22 25 0.05013404 
392 30 8 9 0.0501153 
426 132 8 11 0.050096862 
822 119 8 10 0.050065354 
488 95 9 11 0.050018266 
289 175 7 10 0.049945768 
551 151 9 10 0.04988538 
757 155 10 12 0.049857013 
693 103 8 10 0.04981347 
585 143 8 10 0.049810603 
651 220 9 12 0.049765874 
905 134 9 10 0.049704593 
319 149 9 10 0.049683683 
537 204 10 11 0.0496209 
830 240 9 11 0.04961626 
82 79 8 11 0.049602978 
552 143 8 9 0.049555667 
947 237 10 14 0.049529348 
807 206 9 11 0.04952461 
577 184 8 11 0.049484733 
527 213 10 12 0.049451802 
257 102 8 9 0.04944682 
677 155 10 12 0.049429256 
543 144 8 10 0.049367502 
368 63 7 9 0.049360383 
202 40 8 10 0.04935473 
272 180 8 10 0.04931168 
968 182 11 13 0.04928409 
157 175 7 9 0.049153835 
593 105 6 9 0.049113546 
749 140 10 13 0.04905548 
910 215 11 15 0.049021255 
673 95 8 10 0.04901209 
593 77 8 10 0.04900992 
490 204 8 10 0.04882832 
592 15 7 9 0.048816577 
987 445 11 16 0.048808727 
480 222 8 10 0.04875837 
366 167 8 11 0.048670996 
226 148 9 11 0.048469946 
887 197 11 13 0.04841563 
304 95 7 8 0.048386745 
494 136 8 9 0.048370846 
952 94 9 11 0.048364483 
858 128 9 11 0.048334334 
552 120 8 10 0.04832622 
762 68 9 11 0.04829202 
83 562 16 21 0.048253883 
958 196 11 14 0.04821905 
951 28 10 12 0.04821544 
557 236 11 13 0.048202448 
802 187 9 12 0.048153367 
612 237 9 11 0.04806531 
81 25 7 9 0.048051585 
462 36 9 12 0.048035648 
905 144 10 11 0.048031036 
405 94 8 10 0.048003756 
391 21 8 11 0.047988113 
647 294 8 11 0.047966924 
762 80 8 10 0.047959253 
297 64 7 9 0.047951486 
950 73 8 9 0.047947608 
543 135 8 9 0.0479156 
440 24 6 9 0.04788211 
142 144 8 10 0.04785042 
999 116 9 12 0.047848213 
407 144 8 10 0.047821995 
512 118 8 10 0.047804132 
866 198 10 12 0.04780181 
656 112 7 9 0.047749314 
189 118 9 11 0.04772083 
561 165 8 10 0.04768758 
191 126 9 11 0.047609944 
721 46 8 9 0.047585256 
677 168 11 13 0.047561813 
981 126 9 11 0.047512922 
662 126 9 11 0.047473256 
700 211 12 16 0.047437765 
518 111 9 10 0.047422428 
647 239 8 12 0.047366917 
702 237 10 12 0.047341444 
288 159 7 9 0.04731701 
902 213 10 13 0.04720921 
456 126 8 10 0.047204494 
159 90 7 8 0.04715441 
639 72 7 9 0.04712052 
927 222 10 12 0.04707636 
916 39 10 13 0.047066342 
69 567 17 21 0.047062535 
717 80 8 10 0.046960417 
744 0 9 10 0.04688304 
919 102 8 11 0.046860777 
885 537 12 17 0.04673717 
559 72 6 8 0.046691686 
76 531 14 16 0.046608597 
670 1 8 9 0.046593685 
736 58 7 9 0.046579912 
643 54 8 10 0.04657135 
249 184 8 10 0.046559058 
983 133 11 13 0.046525247 
81 576 16 20 0.046435118 
155 141 7 10 0.046339925 
463 198 8 11 0.046329096 
129 158 7 9 0.04628823 
647 32 7 10 0.04628311 
424 160 8 10 0.04626977 
943 13 9 11 0.046162326 
112 70 9 12 0.046145033 
150 110 9 11 0.046106882 
480 29 9 10 0.04597215 
520 189 8 10 0.04596162 
929 46 8 11 0.04591987 
33 182 9 12 0.045918837 
346 110 7 9 0.045896143 
31 142 8 11 0.045891423 
526 78 8 10 0.045827504 
616 134 8 9 0.045815695 
765 44 9 11 0.045794666 
536 124 8 10 0.0457737 
656 102 8 9 0.04577092 
703 62 8 10 0.045755427 
871 104 8 10 0.04575271 
49 134 9 11 0.045721587 
790 127 10 12 0.045717236 
567 198 8 10 0.045694042 
666 172 10 13 0.045635555 
528 175 8 11 0.045624018 
607 197 8 11 0.045593724 
376 141 8 11 0.04558869 
330 102 8 11 0.045542873 
812 583 16 21 0.04550093 
896 167 9 10 0.045498196 
665 166 10 13 0.045484953 
345 104 7 9 0.045453105 
767 173 8 11 0.045431294 
606 60 8 10 0.045429192 
71 136 7 9 0.045424975 
577 208 9 11 0.045412492 
215 47 7 9 0.045401946 
329 168 9 11 0.045366473 
657 16 8 10 0.045362853 
175 77 8 10 0.045330808 
518 260 10 12 0.045329124 
831 96 9 10 0.045319457 
326 150 9 11 0.045248486 
104 157 9 11 0.045223784 
920 150 8 11 0.045166127 
661 228 9 12 0.04510833 
656 217 9 12 0.045096643 
23 141 10 13 0.045063626 
943 135 8 11 0.0450435 
118 76 9 10 0.045042135 
863 119 7 9 0.04504059 
29 159 8 10 0.045039177 
856 89 7 9 0.0448653 
25 87 9 12 0.044822615 
447 42 7 8 0.044814065 
318 103 7 10 0.044802893 
861 237 11 12 0.044739768 
894 96 9 10 0.04471205 
126 94 8 10 0.044708945 
992 116 9 11 0.04465466 
736 37 8 11 0.04461048 
330 124 8 11 0.044578463 
376 126 8 10 0.044572182 
477 88 9 11 0.0445646 
904 199 9 11 0.04455937 
623 191 8 11 0.044557974 
640 117 8 9 0.04449546 
319 110 8 10 0.044433523 
526 5 11 13 0.044423323 
906 37 9 11 0.044220787 
55 23 7 10 0.04416486 
583 149 8 11 0.044100337 
633 40 7 9 0.04408785 
496 173 9 10 0.04408504 
31 168 9 10 0.044071004 
328 77 8 10 0.04400802 
910 199 10 11 0.043997515 
974 118 9 11 0.043959856 
128 47 8 9 0.043953665 
25 92 9 12 0.043929946 
949 562 15 20 0.043928824 
215 40 7 9 0.04391315 
893 195 11 13 0.04389031 
474 87 8 11 0.043870762 
888 192 9 11 0.04378655 
541 230 12 14 0.043764286 
870 228 9 11 0.043738462 
72 158 9 10 0.043738022 
992 33 10 13 0.04365187 
991 60 10 12 0.04362994 
392 136 8 10 0.0436237 
230 80 8 10 0.0436126 
647 37 8 9 0.04360861 
886 524 12 17 0.04360012 
1014 155 10 15 0.0435876 
801 14 9 11 0.043563563 
526 71 7 10 0.04354625 
551 136 8 9 0.043508876 
606 182 9 12 0.04350591 
868 746 15 21 0.043500286 
527 64 8 10 0.043484565 
229 85 9 10 0.043469425 
111 96 8 10 0.043439113 
359 62 8 10 0.043425117 
1 30 10 14 0.043412507 
918 135 8 11 0.043374553 
448 222 8 11 0.04336639 
1014 258 9 14 0.043344237 
529 261 10 12 0.043326423 
815 181 9 12 0.043208033 
632 95 7 8 0.043163057 
238 95 8 10 0.04316293 
576 196 8 10 0.043146398 
857 237 9 11 0.043078 
958 95 8 11 0.04306252 
455 220 8 10 0.04301115 
263 119 8 9 0.043003656 
609 41 8 9 0.04294293 
911 69 7 9 0.042930275 
54 87 8 10 0.04293009 
79 121 8 10 0.04291743 
415 143 8 11 0.042917363 
273 101 6 8 0.0429014 
538 102 8 10 0.04288791 
816 126 8 11 0.042863492 
991 171 10 12 0.042860392 
23 150 10 12 0.042856578 
407 159 9 11 0.04284153 
969 102 9 11 0.042769417 
537 164 8 10 0.042688627 
862 143 9 12 0.04262689 
430 161 8 10 0.042626586 
649 127 9 11 0.042625207 
111 108 8 11 0.042624835 
629 176 8 10 0.042616386 
760 87 8 10 0.04260997 
325 31 7 9 0.04258479 
698 39 7 9 0.042581387 
568 174 9 10 0.042544175 
600 102 7 9 0.04246504 
993 151 9 11 0.042456098 
617 86 7 10 0.042443153 
479 38 8 11 0.04232108 
838 87 11 12 0.04231429 
401 308 9 13 0.04225744 
830 262 9 10 0.04224426 
409 56 7 10 0.042238746 
79 109 8 10 0.042200148 
120 110 7 10 0.042166404 
877 505 14 17 0.042158473 
81 85 9 11 0.042144902 
413 197 9 11 0.04204154 
701 207 11 12 0.041964132 
206 167 7 9 0.04192579 
264 86 7 9 0.041907962 
136 150 9 11 0.04186133 
142 31 8 9 0.0418239 
926 65 8 9 0.041804153 
158 16 8 9 0.041787375 
623 71 8 10 0.04173899 
663 89 8 9 0.041697532 
905 101 8 11 0.041660044 
307 127 7 10 0.041649 
504 127 8 10 0.041609403 
885 506 13 16 0.041594144 
134 62 7 10 0.041588195 
424 197 9 11 0.041578777 
550 255 10 12 0.041576657 
367 93 7 9 0.041575193 
590 243 11 14 0.041572187 
56 95 8 11 0.041527037 
88 662 129 116 0.041522093 
879 103 8 9 0.041517843 
823 108 9 11 0.041493952 
31 60 9 11 0.041427758 
73 110 8 10 0.041408315 
592 88 7 9 0.04139028 
334 118 9 11 0.041357204 
968 37 9 11 0.041331436 
680 229 10 13 0.041318618 
750 69 8 10 0.04129475 
959 172 10 13 0.04129314 
264 126 7 9 0.041291315 
1 93 12 16 0.041268773 
318 137 8 10 0.04125995 
369 81 7 8 0.041243337 
602 119 7 9 0.041144088 
41 101 8 11 0.04111349 
400 70 7 10 0.041108575 
36 183 10 14 0.041067295 
504 191 9 11 0.041055497 
713 102 8 11 0.040963095 
287 81 7 9 0.04095195 
633 236 10 12 0.040889084 
498 229 14 17 0.040886045 
264 168 8 9 0.040858336 
679 69 8 10 0.040833373 
577 173 8 10 0.040815484 
943 116 9 12 0.040815473 
848 278 10 12 0.04080006 
694 126 10 12 0.04078427 
622 206 8 9 0.040782668 
544 97 7 8 0.040764913 
390 79 7 9 0.040750034 
944 22 8 11 0.04072086 
583 72 8 10 0.04066945 
304 65 6 9 0.040656585 
168 134 8 10 0.040600043 
127 88 8 9 0.040599305 
833 167 9 11 0.040582824 
322 87 7 9 0.04056894 
542 72 7 9 0.040551983 
803 579 14 19 0.04050227 
359 174 9 10 0.040492896 
57 110 9 10 0.040487718 
269 711 54 64 0.04047227 
679 80 7 9 0.040468663 
641 33 7 9 0.040467594 
687 88 8 9 0.04045361 
552 221 9 12 0.040421665 
559 143 8 10 0.040417314 
600 215 8 9 0.04036449 
437 168 8 10 0.040363785 
233 65 8 10 0.04035495 
536 143 8 10 0.040353723 
697 31 7 9 0.040317148 
629 152 7 10 0.04023702 
142 93 8 10 0.04022771 
640 272 9 12 0.04022547 
142 104 9 11 0.040189613 
402 46 7 9 0.040189546 
301 38 9 10 0.04016188 
570 94 8 10 0.040160984 
895 112 8 9 0.04015945 
782 174 9 12 0.04014042 
1014 164 9 13 0.04012748 
758 183 9 11 0.04011247 
392 17 7 9 0.040111367 
278 118 7 9 0.040088862 
328 144 7 9 0.040061735 
885 128 10 13 0.040002123 
488 269 10 13 0.03999196 
799 84 10 15 0.039945725 
151 64 7 9 0.0399347 
880 159 9 11 0.03992101 
858 150 8 10 0.039878644 
633 111 7 9 0.03983627 
1011 477 12 17 0.039831217 
601 172 10 11 0.039822508 
479 215 8 10 0.039817795 
624 104 7 8 0.039813325 
95 57 8 9 0.039811824 
893 515 11 13 0.03975975 
473 174 9 11 0.039757695 
5 85 9 12 0.039757304 
735 84 8 10 0.03975661 
553 125 8 9 0.039737776 
455 181 8 10 0.039722733 
550 200 9 11 0.039716806 
1008 103 9 12 0.03969189 
375 135 8 10 0.039684154 
663 103 8 9 0.03966821 
744 69 9 10 0.039662797 
376 47 8 9 0.03966177 
89 127 8 10 0.039650094 
687 16 7 9 0.03963253 
63 149 10 12 0.0396149 
104 55 8 9 0.03960346 
111 56 7 9 0.03956416 
504 183 8 10 0.039561953 
737 30 8 11 0.039529804 
223 105 9 10 0.03950929 
224 143 9 12 0.039507713 
288 169 7 9 0.03947678 
696 309 10 13 0.039457593 
7 105 11 14 0.03943279 
949 204 10 13 0.03943081 
127 110 8 9 0.039410233 
488 182 8 11 0.0394065 
705 102 8 9 0.039393377 
231 46 8 10 0.03938504 
160 148 7 10 0.03937601 
365 119 8 10 0.03936465 
149 76 9 11 0.039346866 
663 110 8 9 0.03928947 
391 104 9 10 0.039271038 
432 64 7 9 0.039261628 
250 79 7 10 0.03920341 
863 96 9 10 0.039200414 
440 119 9 11 0.039157353 
391 93 8 10 0.0390937 
895 279 11 13 0.039075963 
232 129 8 10 0.039063934 
442 110 8 11 0.038996723 
488 127 7 9 0.038985714 
72 1 9 11 0.038961247 
528 144 7 10 0.038949143 
672 56 8 8 0.038936518 
968 95 10 12 0.03892694 
745 86 8 10 0.038920317 
629 57 7 8 0.03889686 
201 61 8 10 0.038876686 
447 230 9 11 0.038876675 
690 110 10 12 0.03886267 
134 157 7 9 0.038861666 
727 93 9 12 0.038857665 
200 189 9 11 0.038853355 
360 94 7 8 0.038852617 
657 672 61 85 0.038819794 
815 239 9 10 0.038811907 
559 150 8 10 0.038773917 
880 96 8 9 0.038760245 
894 149 8 11 0.03875025 
152 89 8 10 0.038721234 
241 101 8 10 0.038717948 
186 166 8 10 0.038667098 
935 13 9 11 0.03865158 
112 119 8 10 0.038639877 
693 132 10 12 0.038604043 
1010 76 9 13 0.038602628 
121 89 7 9 0.03859874 
639 206 8 10 0.038576607 
601 253 10 12 0.0385444 
874 747 16 21 0.03846092 
97 1 8 10 0.03845295 
973 134 10 12 0.03844876 
466 1 8 10 0.038432203 
946 182 8 11 0.03839592 
328 111 9 10 0.038350277 
718 128 9 11 0.038326863 
623 31 8 9 0.0383051 
542 77 8 10 0.038264025 
608 81 8 9 0.038217127 
305 650 23 35 0.038209714 
279 185 7 9 0.038208973 
258 135 7 10 0.03820141 
616 102 7 9 0.038177516 
600 207 8 10 0.038144793 
971 223 22 27 0.03813787 
487 71 8 10 0.038117178 
542 126 8 9 0.038092997 
658 46 7 10 0.038077526 
902 125 9 12 0.038062125 
158 21 7 9 0.03805949 
49 29 8 10 0.038034473 
457 39 8 10 0.03803269 
673 79 8 10 0.038002264 
416 40 7 9 0.037983377 
847 144 8 11 0.037983377 
39 118 10 12 0.037938956 
0 526 9 14 0.037938897 
246 117 8 9 0.03792312 
287 86 7 9 0.03791957 
648 199 9 12 0.037906937 
4 36 9 12 0.037890825 
720 189 10 13 0.037798543 
439 215 9 10 0.037761364 
607 127 9 10 0.037716467 
385 92 9 10 0.037685253 
624 129 8 9 0.037610404 
934 184 9 11 0.037583005 
599 149 8 9 0.037551988 
766 150 11 13 0.037542693 
385 102 9 10 0.037534773 
503 161 8 10 0.037532426 
593 94 7 9 0.037479322 
946 747 17 22 0.037402134 
462 118 9 11 0.037391376 
933 221 10 12 0.03738854 
342 190 12 14 0.037384104 
86 48 8 9 0.037349477 
584 264 10 12 0.037339572 
617 30 7 9 0.037324674 
94 85 8 11 0.037320837 
136 143 8 10 0.037309416 
527 167 7 9 0.037293866 
848 229 9 11 0.03725805 
829 278 9 12 0.037222754 
464 24 6 9 0.037215516 
893 102 9 10 0.03715584 
832 121 8 10 0.037145935 
281 85 7 9 0.037139695 
995 483 14 18 0.03713952 
32 135 9 11 0.037129376 
830 208 8 11 0.037111733 
914 52 9 10 0.037110586 
97 7 8 11 0.037022967 
1006 190 10 11 0.03701401 
751 31 7 9 0.03700463 
72 119 9 12 0.03700365 
217 161 7 9 0.036961526 
790 725 48 49 0.036955986 
830 199 6 10 0.03694568 
647 1 9 10 0.036942277 
496 126 8 10 0.036937017 
357 160 10 13 0.036934804 
470 222 9 10 0.0369102 
567 119 8 10 0.036900744 
674 88 7 10 0.036794946 
137 94 8 10 0.03678374 
321 119 7 10 0.036783684 
841 269 9 12 0.03665367 
949 166 10 11 0.03664568 
925 700 25 30 0.03661547 
274 113 7 9 0.036609698 
239 175 7 9 0.03659529 
159 135 7 9 0.036537 
319 157 8 10 0.03651681 
126 135 9 11 0.036512565 
567 160 8 10 0.036459193 
57 71 8 9 0.036421422 
806 176 10 11 0.036379255 
599 128 8 10 0.03637772 
96 111 7 10 0.03637441 
856 231 8 11 0.036354315 
888 65 7 9 0.03630975 
952 149 10 12 0.036293115 
298 34 8 9 0.0362758 
377 30 7 8 0.03624368 
176 25 7 8 0.03621106 
233 133 8 10 0.036192894 
446 117 8 10 0.036169503 
971 140 10 13 0.036167607 
846 190 9 11 0.036137678 
872 64 8 10 0.036119763 
942 125 8 12 0.036059726 
398 174 9 10 0.036007512 
368 195 10 13 0.035958968 
192 88 8 10 0.035921462 
781 46 10 13 0.035919793 
749 255 10 12 0.035895735 
431 47 7 10 0.035831932 
729 31 7 10 0.035822786 
728 0 9 10 0.035809953 
85 530 12 16 0.035802204 
489 100 9 10 0.035759002 
440 53 9 11 0.035741013 
312 205 11 13 0.03574065 
393 109 8 10 0.03571174 
175 142 9 11 0.035709374 
752 55 7 9 0.035706222 
521 79 8 10 0.035692707 
128 118 8 10 0.035687968 
439 102 9 11 0.035682954 
513 86 8 10 0.035627134 
845 172 9 11 0.03561756 
614 41 7 9 0.03561702 
354 15 6 9 0.03560408 
840 94 8 9 0.0355885 
618 72 6 9 0.035557345 
542 212 11 14 0.035553783 
452 72 9 11 0.035541605 
838 180 10 12 0.035538368 
592 7 7 9 0.03552258 
943 85 9 11 0.035508696 
973 36 10 12 0.0354846 
295 149 9 11 0.0354616 
639 243 11 14 0.035459187 
824 156 8 10 0.03545271 
518 23 9 12 0.03544265 
137 48 8 10 0.035439413 
249 2 9 9 0.03543093 
783 167 9 10 0.035421755 
841 264 9 11 0.035417475 
354 122 7 9 0.035374362 
383 160 8 9 0.035364095 
759 277 9 12 0.035313483 
609 45 8 10 0.03529438 
360 113 8 10 0.035264418 
980 197 10 13 0.03526419 
558 176 8 11 0.03526034 
575 167 9 11 0.03525449 
521 152 8 9 0.03523969 
942 439 8 12 0.035233796 
93 530 13 16 0.03522771 
937 158 9 12 0.035226054 
973 86 9 11 0.035212483 
654 164 10 12 0.03520699 
925 151 8 11 0.03514855 
831 86 10 12 0.03514622 
423 85 8 11 0.035130896 
992 691 28 38 0.035104398 
477 55 8 11 0.035103578 
272 77 8 9 0.035095725 
169 150 8 10 0.03505352 
847 167 8 10 0.03504009 
846 3 11 13 0.035032973 
870 205 9 11 0.03502714 
471 6 8 10 0.034987107 
949 135 9 11 0.034953065 
903 96 8 10 0.034947254 
15 132 10 12 0.03491421 
327 87 8 9 0.034895003 
591 207 9 10 0.03486078 
830 255 9 11 0.034829035 
302 33 8 10 0.034809314 
615 81 7 8 0.034790162 
479 60 8 11 0.034761544 
201 57 7 9 0.034755323 
911 304 11 14 0.03473632 
565 237 11 16 0.034725145 
145 66 8 10 0.034677956 
902 166 9 11 0.03467633 
454 175 8 10 0.034674436 
975 149 10 13 0.034648255 
354 165 9 11 0.034646675 
647 113 8 9 0.03463693 
256 189 7 9 0.03463606 
646 88 8 10 0.034610387 
943 197 10 12 0.034529343 
685 63 8 10 0.034523893 
348 725 42 48 0.034512892 
671 126 9 11 0.034506924 
135 126 8 9 0.034491654 
440 64 7 8 0.03448724 
823 262 9 11 0.034484517 
301 141 9 11 0.034483176 
565 208 9 12 0.034481235 
630 6 8 10 0.034480765 
137 173 7 10 0.03447279 
654 198 10 12 0.034402423 
520 176 8 10 0.034374624 
618 205 8 10 0.034332246 
352 86 8 10 0.03432836 
695 156 9 12 0.034316014 
781 143 8 10 0.034304533 
159 99 10 12 0.03429385 
488 88 8 9 0.034289304 
5 78 11 13 0.03428496 
873 167 9 10 0.034265723 
878 615 30 35 0.034256063 
69 524 15 18 0.034221113 
91 556 14 18 0.03418299 
616 96 7 9 0.034160446 
59 524 13 18 0.03414843 
902 175 8 10 0.034092557 
904 157 9 11 0.0340874 
176 72 8 10 0.034083802 
581 119 8 9 0.034077223 
448 173 9 11 0.03407036 
945 190 9 11 0.034069728 
383 56 7 9 0.034064446 
563 259 12 14 0.033964656 
377 41 7 8 0.03395811 
879 55 7 9 0.03393413 
991 522 23 29 0.033882983 
360 57 8 9 0.0338733 
249 86 8 9 0.033867452 
640 88 8 9 0.03386559 
88 164 8 11 0.033862766 
639 141 8 11 0.03383147 
642 151 8 10 0.03382233 
559 159 9 11 0.033786908 
257 127 7 9 0.03378595 
818 545 17 20 0.033775102 
47 56 8 10 0.033772256 
176 55 9 11 0.033766434 
278 157 7 9 0.03376238 
808 145 8 10 0.033702046 
311 72 7 9 0.033677146 
128 71 8 10 0.03365881 
315 192 8 10 0.03364916 
319 126 8 9 0.033646286 
305 119 7 9 0.033646233 
852 0 11 11 0.03360779 
949 53 8 12 0.033601474 
112 22 7 11 0.033538416 
624 134 8 10 0.033521935 
661 77 8 9 0.03351382 
840 121 9 10 0.033510916 
206 106 10 12 0.033481132 
968 188 10 13 0.033468932 
942 141 9 11 0.033460747 
919 167 10 12 0.03345194 
327 157 8 10 0.033447187 
808 238 9 11 0.033445273 
868 182 9 11 0.03344503 
221 167 8 10 0.03342112 
830 157 9 11 0.0334012 
765 86 9 11 0.033376276 
39 72 8 11 0.033360012 
487 176 8 10 0.03334898 
514 164 8 10 0.033315826 
136 77 8 10 0.033239204 
787 603 15 17 0.033236902 
630 181 9 10 0.03322917 
617 182 8 10 0.03321572 
439 223 9 11 0.033211358 
511 79 8 10 0.033210576 
232 157 7 10 0.03316852 
615 144 8 10 0.033153765 
339 609 13 16 0.033145938 
304 159 8 9 0.033145897 
800 31 8 10 0.033134136 
185 142 8 11 0.033127457 
169 166 7 10 0.033119895 
240 33 8 8 0.033101074 
248 158 8 9 0.03307913 
488 221 8 11 0.03307781 
415 46 8 9 0.03305479 
937 164 9 12 0.03304085 
69 81 8 10 0.03300849 
748 635 27 33 0.033006724 
126 594 14 17 0.032997 
439 240 8 10 0.032978263 
456 152 7 10 0.032963146 
711 109 9 11 0.032951504 
256 150 8 10 0.032921337 
217 13 7 9 0.032899875 
218 30 7 10 0.032883365 
408 40 7 9 0.032876264 
359 181 9 11 0.032875154 
720 41 7 9 0.032858297 
772 68 8 12 0.03283998 
254 72 8 10 0.032793824 
95 130 10 11 0.03279379 
911 175 9 11 0.03277522 
657 64 8 9 0.032771006 
192 176 9 11 0.032718025 
888 214 8 10 0.032702085 
847 134 8 10 0.03264159 
552 259 10 13 0.032639198 
956 113 13 15 0.03263225 
98 23 7 11 0.032553446 
758 102 8 11 0.032552768 
121 62 8 10 0.03254532 
608 222 9 11 0.03251637 
208 32 7 10 0.03250897 
35 585 15 19 0.032508932 
490 39 8 11 0.032472216 
526 96 7 10 0.032469984 
759 108 9 12 0.03245806 
184 111 10 12 0.032454744 
985 159 9 12 0.03241073 
630 80 9 10 0.03240944 
458 31 8 10 0.032407537 
1007 164 10 12 0.032389767 
702 30 7 9 0.032378804 
5 482 10 18 0.032344524 
912 181 9 10 0.032312233 
380 630 14 20 0.032310244 
823 191 9 10 0.032304384 
896 220 8 11 0.032280784 
144 108 9 11 0.032275528 
601 197 8 11 0.032266367 
532 1 10 10 0.032265976 
632 104 7 9 0.03226588 
182 70 9 10 0.032255035 
881 212 7 10 0.032240447 
817 143 9 11 0.032232158 
648 60 8 10 0.03221442 
792 239 8 10 0.032201394 
216 229 11 14 0.032179207 
686 190 9 11 0.032140918 
919 499 12 16 0.03213658 
352 95 7 9 0.03213016 
993 677 25 35 0.032097436 
719 55 9 10 0.032090202 
464 63 8 10 0.03208184 
369 55 8 9 0.032068055 
624 81 9 11 0.032066464 
974 46 9 11 0.03206134 
194 104 9 10 0.032047473 
823 168 8 10 0.0320076 
175 134 8 10 0.032001186 
353 80 7 9 0.031963438 
797 286 10 12 0.031936426 
569 190 9 11 0.031935543 
804 680 14 19 0.031909544 
111 47 8 10 0.031908337 
854 284 9 11 0.031901706 
145 134 8 10 0.031863637 
743 5 8 10 0.031800825 
760 173 9 12 0.03179009 
461 101 9 11 0.03178934 
120 119 8 9 0.031755235 
628 157 9 11 0.031733837 
888 517 11 15 0.031687 
157 38 8 10 0.031681236 
174 158 8 10 0.031677946 
712 128 9 11 0.031668745 
729 225 11 15 0.031650156 
66 136 8 10 0.031637527 
390 87 8 10 0.031622514 
447 65 8 9 0.031615812 
783 8 8 10 0.031604975 
735 69 8 10 0.03155497 
377 81 7 9 0.031535126 
169 127 8 11 0.031509843 
333 173 10 12 0.031507753 
845 253 11 12 0.031490847 
879 173 8 10 0.03147556 
471 151 8 11 0.03145099 
104 49 8 9 0.03143809 
927 609 22 30 0.031435676 
3 130 10 15 0.031396218 
801 9 9 11 0.031393144 
896 181 8 10 0.031332437 
360 136 8 10 0.031320255 
26 524 12 16 0.03131703 
589 173 9 10 0.031293556 
578 276 12 16 0.03129103 
171 32 7 9 0.031284347 
567 182 9 11 0.0312163 
911 64 8 9 0.031205742 
311 79 7 9 0.031197045 
641 102 7 9 0.03118631 
873 117 8 10 0.031183008 
431 55 8 10 0.031145263 
1004 512 16 21 0.031122904 
930 29 10 13 0.031105971 
863 166 7 10 0.031066244 
790 167 8 10 0.031051977 
472 79 8 10 0.031048374 
904 65 7 8 0.031017909 
639 47 8 8 0.031014742 
462 96 8 10 0.031004693 
376 183 10 11 0.030968398 
934 21 9 11 0.030946413 
799 78 11 14 0.03093325 
935 96 9 10 0.030923432 
726 188 9 13 0.03088654 
832 0 12 12 0.030879278 
400 126 9 11 0.030844485 
520 212 10 12 0.030775482 
942 37 8 11 0.030771924 
294 174 8 10 0.030765902 
720 69 9 10 0.03076428 
431 40 7 9 0.030759891 
465 55 8 9 0.030743673 
870 174 8 11 0.03073815 
520 143 8 10 0.030725244 
568 47 7 10 0.030720083 
538 72 8 10 0.030705241 
672 70 8 10 0.03067079 
656 55 8 10 0.030654993 
254 63 7 10 0.030647315 
851 553 13 18 0.030646708 
351 40 8 9 0.030632757 
974 70 9 12 0.030631954 
1001 8 18 23 0.030619249 
600 145 8 10 0.03061863 
917 438 10 12 0.030611737 
480 135 8 11 0.030608086 
816 285 10 13 0.030599521 
583 93 8 10 0.030592272 
591 60 8 9 0.030588055 
230 145 8 10 0.030554207 
558 283 11 15 0.030510226 
424 150 8 11 0.03049493 
945 103 8 10 0.030491753 
384 63 8 9 0.030482799 
200 197 9 11 0.030481223 
606 166 8 11 0.030479586 
480 15 8 11 0.03046747 
501 12 9 11 0.030462058 
238 168 7 10 0.030450387 
80 132 8 11 0.030411156 
816 206 8 11 0.030385055 
806 571 13 18 0.0303753 
832 132 9 11 0.030348029 
383 126 8 9 0.030327246 
558 94 8 10 0.030323297 
983 116 9 11 0.030315513 
881 149 8 10 0.03030768 
215 188 8 10 0.030267922 
401 30 8 9 0.030267054 
936 605 22 31 0.030265516 
996 473 14 18 0.030256117 
830 661 10 13 0.030232547 
631 245 11 15 0.030224223 
513 205 8 11 0.030216202 
115 531 12 15 0.030213678 
559 79 9 11 0.030193334 
297 80 7 9 0.030189201 
266 174 8 9 0.03018813 
503 173 8 9 0.0301786 
334 16 7 9 0.030176101 
369 70 7 9 0.030170217 
639 79 7 9 0.030163173 
55 80 8 10 0.030099528 
688 70 8 10 0.030078914 
929 21 9 12 0.030060994 
623 165 8 10 0.030038444 
648 164 8 11 0.030038359 
505 101 7 10 0.030013336 
516 270 12 15 0.029988348 
409 246 8 10 0.029985076 
895 69 8 10 0.02997933 
965 145 11 14 0.029949682 
726 45 7 10 0.029941753 
918 183 10 12 0.029931033 
272 125 8 9 0.029910669 
312 134 9 11 0.02990153 
351 176 8 10 0.029900385 
855 192 18 24 0.02988553 
456 159 8 9 0.02984548 
673 132 9 12 0.029807355 
446 190 9 12 0.029789021 
375 62 8 9 0.029779872 
848 224 8 11 0.029776564 
520 6 11 13 0.029767005 
296 157 8 10 0.02975639 
853 279 9 11 0.029712176 
774 158 10 12 0.029701592 
157 127 8 10 0.029691271 
975 17 9 11 0.029649453 
943 173 9 11 0.029644718 
359 17 7 8 0.029644558 
919 6 11 13 0.029626798 
598 133 9 10 0.029625177 
269 55 9 11 0.029612342 
47 144 8 11 0.029607 
153 166 7 10 0.029605782 
671 251 11 15 0.029593932 
424 16 7 9 0.02956528 
569 87 8 10 0.029559396 
964 196 11 14 0.02955508 
807 222 9 11 0.029505782 
233 117 7 9 0.029497039 
639 199 8 11 0.029491477 
950 572 12 17 0.02948754 
623 144 8 9 0.029485904 
618 25 6 8 0.029482707 
633 46 7 9 0.029467514 
832 144 8 11 0.029452257 
184 159 8 11 0.029451644 
416 31 7 9 0.029435886 
758 93 9 12 0.029424112 
527 190 8 10 0.029401992 
442 67 20 25 0.029382803 
567 79 7 10 0.029347638 
672 46 7 10 0.029332353 
392 58 8 9 0.029321523 
856 203 9 11 0.02930862 
608 245 11 15 0.029261868 
711 94 9 11 0.029163506 
77 150 9 11 0.029156823 
102 168 9 11 0.029141575 
455 46 8 10 0.02914054 
126 40 8 9 0.02912779 
168 87 7 9 0.02912361 
591 196 9 11 0.029120382 
929 38 9 11 0.029035093 
586 103 7 9 0.029024579 
951 21 10 14 0.029021248 
896 612 29 39 0.029019471 
56 144 8 11 0.029017642 
345 31 7 9 0.029017204 
795 64 9 12 0.029010931 
121 134 11 12 0.02901058 
494 29 8 10 0.029006464 
394 174 8 11 0.028945103 
61 175 10 13 0.028880052 
975 157 9 12 0.028879242 
918 142 8 11 0.028867282 
1002 18 9 12 0.028865939 
137 29 8 10 0.02886362 
964 486 11 16 0.028861113 
337 180 9 12 0.028860105 
729 39 7 10 0.02879409 
304 182 8 10 0.028768195 
207 96 9 11 0.028766384 
440 252 9 12 0.028748976 
616 174 8 11 0.02871388 
655 39 8 10 0.028681409 
951 195 11 15 0.028676992 
365 148 9 11 0.02866962 
544 87 7 9 0.028654693 
600 160 8 10 0.028615054 
272 89 7 8 0.028611366 
394 627 16 21 0.028599432 
537 267 14 17 0.028591698 
751 277 11 13 0.028583594 
345 0 8 9 0.028582284 
103 151 9 12 0.028567914 
575 127 7 9 0.02856202 
142 174 7 10 0.028546175 
527 1 11 11 0.02854296 
954 747 17 22 0.028508076 
96 70 8 9 0.02843936 
1003 439 21 30 0.028427398 
354 142 8 11 0.028377034 
198 87 8 10 0.028373564 
102 23 9 11 0.028367799 
400 134 8 10 0.028349286 
607 206 8 10 0.02834551 
32 69 10 13 0.028334705 
54 134 8 10 0.028325003 
950 85 9 11 0.028319577 
613 117 8 10 0.028317131 
240 38 8 11 0.02830985 
504 97 7 9 0.02830765 
775 189 9 11 0.02827853 
145 127 8 10 0.028276578 
1016 52 8 13 0.02827257 
336 62 8 9 0.028265802 
896 64 8 10 0.028262472 
303 79 7 9 0.028239785 
888 223 8 10 0.028235788 
895 124 10 13 0.028208228 
935 78 8 11 0.028189847 
577 79 6 8 0.028183969 
239 151 8 9 0.028171625 
329 14 7 9 0.02814189 
597 349 11 13 0.028141432 
805 558 15 19 0.028137662 
711 130 18 23 0.028132793 
349 190 11 13 0.028125491 
871 96 9 10 0.028111381 
457 23 7 9 0.028105056 
174 1 9 10 0.028100723 
699 22 7 10 0.028100273 
344 62 8 11 0.028098933 
249 54 8 10 0.028089428 
868 190 9 11 0.02807946 
169 0 9 10 0.028051592 
357 650 22 31 0.028048374 
768 31 7 9 0.028046386 
576 45 7 10 0.028003626 
860 715 13 18 0.027997943 
175 112 8 9 0.027995165 
536 47 8 11 0.027985722 
304 104 8 9 0.027984567 
384 134 8 11 0.027976459 
199 128 7 10 0.027960321 
926 173 9 11 0.027958272 
570 112 7 10 0.027954772 
399 57 8 9 0.02792854 
789 265 14 16 0.027918132 
478 46 8 10 0.027916018 
278 96 8 10 0.027915983 
208 15 7 10 0.027913084 
955 7 10 12 0.02790479 
748 208 13 16 0.02790351 
1004 197 11 13 0.027897744 
742 695 13 21 0.027892131 
88 108 8 11 0.027881421 
135 88 8 10 0.027870992 
320 80 7 8 0.027863482 
542 255 11 12 0.027842313 
888 69 8 11 0.027836995 
737 15 7 9 0.02781358 
116 539 12 15 0.027784033 
810 170 20 26 0.027777554 
811 681 24 30 0.027754623 
439 174 8 10 0.0277347 
175 118 8 10 0.027725771 
64 14 8 10 0.027695978 
67 530 16 20 0.02767343 
424 40 7 9 0.027671047 
505 144 8 11 0.027651882 
249 95 8 9 0.027641844 
344 88 7 10 0.02758786 
311 121 7 9 0.027581686 
14 78 8 11 0.027576048 
317 174 9 12 0.027567035 
478 206 8 9 0.027562879 
160 564 13 18 0.027550992 
209 150 7 9 0.02752909 
30 104 9 11 0.027516697 
592 117 7 9 0.027513623 
487 215 9 11 0.027512072 
688 214 10 13 0.027486932 
489 7 8 10 0.027477136 
998 151 10 13 0.027449118 
392 72 7 9 0.027448349 
464 190 9 12 0.0274468 
695 96 8 10 0.027410911 
744 57 7 9 0.027408749 
325 182 9 11 0.027375283 
70 11 9 12 0.0273714 
560 134 8 10 0.027343787 
570 41 7 9 0.027336009 
222 135 9 10 0.027334878 
921 76 10 12 0.02733168 
66 8 9 11 0.027323041 
583 88 8 10 0.027316408 
152 55 8 10 0.027310636 
56 150 9 12 0.027308932 
168 143 8 10 0.027308447 
873 75 8 11 0.027304469 
711 189 9 12 0.027282307 
16 514 12 17 0.02724659 
447 129 7 10 0.027245188 
296 57 6 8 0.027201097 
465 126 8 10 0.027179273 
615 128 8 10 0.027174741 
927 11 10 13 0.027162798 
607 102 7 9 0.027123306 
15 110 10 13 0.027118929 
687 22 7 9 0.02711455 
738 24 7 9 0.027113995 
989 2 12 13 0.027081523 
86 30 8 10 0.027070206 
15 150 9 12 0.027042225 
966 116 10 12 0.027036706 
886 165 10 11 0.027036631 
933 500 10 13 0.027028099 
967 221 13 17 0.02698866 
735 0 9 10 0.026977582 
553 94 7 10 0.026948053 
800 150 9 11 0.026946453 
225 47 7 9 0.026941707 
777 45 9 13 0.02693098 
441 30 7 9 0.026920347 
642 157 9 11 0.026906785 
254 203 10 13 0.026906092 
679 45 8 10 0.026898133 
647 24 7 9 0.026869176 
586 127 9 10 0.026822323 
910 85 8 10 0.026806956 
516 276 14 16 0.026799658 
239 87 7 9 0.026787108 
664 248 10 13 0.026760466 
824 219 10 12 0.026741946 
616 191 8 11 0.02671922 
752 47 8 10 0.026679318 
413 103 9 12 0.026672538 
693 213 19 26 0.026669297 
128 140 8 10 0.026661763 
109 593 13 17 0.02664739 
881 47 8 11 0.026642142 
967 55 10 12 0.026638882 
901 278 10 11 0.026626173 
175 48 8 9 0.026622996 
510 72 7 9 0.026608577 
102 134 9 11 0.02660201 
553 81 7 10 0.026595201 
279 174 7 10 0.026590567 
1001 459 17 21 0.026580574 
359 23 7 8 0.026506022 
313 32 7 9 0.0264946 
319 572 12 16 0.026482169 
661 14 9 11 0.0264787 
926 245 11 13 0.026476173 
551 213 9 13 0.026465505 
901 571 14 18 0.02646027 
757 188 9 11 0.026451778 
713 64 8 10 0.026437754 
888 183 7 9 0.026385793 
302 110 7 10 0.026379066 
262 189 8 9 0.026375428 
279 102 8 9 0.026366957 
940 725 26 33 0.02634679 
768 167 10 12 0.02633027 
184 16 7 8 0.026329175 
404 182 10 12 0.026316721 
782 158 8 10 0.026304571 
424 31 7 8 0.026295805 
901 541 22 28 0.026292168 
791 149 9 11 0.02627098 
114 39 8 10 0.026267532 
752 38 8 10 0.026265766 
952 571 24 28 0.026212964 
216 56 8 9 0.026186176 
39 516 12 16 0.026168566 
624 111 8 9 0.026139876 
312 160 8 10 0.02613717 
833 181 9 12 0.026133208 
430 151 8 10 0.026129007 
479 229 9 11 0.026125781 
623 23 8 9 0.026115416 
441 5 8 10 0.026104249 
512 111 8 10 0.026098207 
249 70 8 10 0.026068464 
880 182 8 10 0.026026262 
430 229 9 11 0.026017506 
87 133 8 11 0.026009774 
505 72 7 10 0.026005946 
841 199 9 11 0.026000855 
554 187 9 11 0.025997713 
121 55 10 11 0.02597033 
597 245 10 13 0.02595671 
588 262 12 14 0.025938049 
913 607 26 32 0.025918793 
232 103 8 9 0.025918625 
712 119 8 10 0.025915096 
585 62 8 9 0.02591494 
354 159 9 12 0.025913134 
679 99 9 11 0.025906613 
748 610 14 20 0.025893332 
431 94 9 11 0.025872804 
190 167 8 10 0.02584881 
903 181 9 10 0.02584742 
288 181 7 10 0.025844 
28 516 12 16 0.02582027 
809 749 17 20 0.025806325 
648 79 9 9 0.025772357 
654 173 9 12 0.025766471 
753 99 10 13 0.025765153 
369 49 8 9 0.025719441 
376 71 7 9 0.025695667 
0 464 10 17 0.025689024 
111 191 9 11 0.025682928 
839 286 9 11 0.025676347 
265 63 7 9 0.02566448 
63 536 13 17 0.025663307 
334 79 7 10 0.025651868 
919 157 9 11 0.025641926 
263 148 9 11 0.025641585 
343 119 8 10 0.02564136 
14 84 9 11 0.02563453 
848 103 8 9 0.025629539 
718 120 8 10 0.025628816 
857 28 10 12 0.025627002 
50 25 7 10 0.025608636 
56 16 8 10 0.025591841 
818 589 18 22 0.025560511 
563 334 16 20 0.025557203 
633 71 8 9 0.025533604 
573 289 13 16 0.025533184 
22 136 10 12 0.025526974 
446 5 8 10 0.025524821 
5 141 10 15 0.025496894 
296 87 7 8 0.025495708 
296 168 7 10 0.02545567 
741 280 10 14 0.025453044 
671 226 10 13 0.025449695 
991 141 9 11 0.025449578 
904 70 7 9 0.025445139 
166 95 9 12 0.025434276 
336 135 8 9 0.025412139 
690 116 8 11 0.025403284 
185 31 7 9 0.02539332 
911 166 9 11 0.025370568 
1013 101 10 13 0.025359333 
6 506 12 17 0.02535398 
511 213 9 11 0.025321087 
753 190 8 10 0.02531992 
425 54 8 10 0.025298184 
685 168 10 13 0.0252948 
647 259 11 12 0.025284156 
239 54 8 10 0.025283335 
64 72 7 9 0.025269412 
979 641 16 20 0.025254704 
973 188 9 12 0.02522736 
734 196 10 13 0.025213556 
719 566 238 230 0.02518707 
674 197 10 13 0.02517825 
104 78 8 10 0.025159175 
959 149 10 13 0.025140416 
288 97 8 10 0.025129883 
695 201 9 12 0.02510971 
942 570 14 19 0.025098361 
948 714 12 18 0.02506505 
903 429 11 14 0.025023391 
37 110 10 12 0.025020478 
329 64 7 9 0.025015384 
815 101 9 12 0.025013225 
497 71 7 9 0.025011027 
944 451 9 12 0.02499458 
999 6 11 14 0.0249813 
944 229 10 13 0.024971483 
668 210 19 25 0.024969807 
561 198 9 12 0.024964977 
121 32 7 9 0.024959683 
655 205 9 11 0.024954805 
1000 126 8 11 0.02495375 
487 79 8 9 0.024945438 
823 0 10 10 0.024944546 
255 158 7 9 0.02494154 
951 174 10 11 0.024936473 
696 235 10 13 0.024931697 
407 205 9 10 0.024875203 
983 68 10 12 0.02486562 
334 72 7 9 0.024863243 
632 141 9 11 0.024802763 
536 134 8 10 0.02480227 
608 94 7 10 0.024799418 
184 103 8 10 0.024793047 
158 110 10 11 0.024776736 
250 175 8 10 0.02475807 
886 572 11 15 0.02474216 
297 194 9 12 0.024721466 
1001 393 12 16 0.024717761 
581 179 18 24 0.02468446 
666 0 9 9 0.024682555 
177 17 7 9 0.02468228 
868 549 15 18 0.02466796 
679 126 9 12 0.024642123 
943 61 9 10 0.024637505 
74 61 9 12 0.024636101 
464 164 9 11 0.024632009 
758 284 9 12 0.024587408 
414 246 7 9 0.024579877 
917 267 21 26 0.024577728 
510 126 8 10 0.024560446 
304 88 7 8 0.024558563 
725 139 10 14 0.024557782 
736 44 9 10 0.024554223 
734 222 11 16 0.02453937 
759 134 9 12 0.024525095 
981 30 9 12 0.024509545 
472 39 8 10 0.024508104 
487 630 134 124 0.02450073 
1015 30 9 12 0.024498167 
128 29 7 10 0.024497736 
32 148 8 12 0.024493419 
450 101 8 11 0.024478901 
800 119 10 12 0.02443258 
336 95 9 11 0.024430942 
222 126 9 10 0.024424447 
573 271 14 16 0.024419175 
938 445 8 12 0.024417693 
975 197 11 15 0.0244139 
1005 91 10 13 0.024402598 
26 54 9 12 0.024389477 
998 202 13 15 0.024387747 
1013 580 11 16 0.024359133 
554 70 8 9 0.024346052 
696 62 9 10 0.024340192 
1013 17 10 15 0.024320858 
461 109 9 12 0.024314398 
455 53 8 10 0.024292964 
40 94 9 11 0.02428797 
942 584 25 31 0.024280712 
166 62 7 9 0.024267625 
470 166 9 10 0.02426503 
868 611 15 22 0.024230665 
1005 156 12 16 0.024218267 
949 461 10 13 0.0242149 
321 71 7 9 0.02421117 
805 119 9 11 0.024205694 
544 54 7 10 0.024198566 
289 72 7 9 0.024189133 
936 139 10 12 0.024187282 
880 744 23 26 0.024180917 
432 213 10 11 0.024161123 
877 528 14 18 0.024147367 
740 610 16 22 0.024131944 
869 245 12 12 0.024129808 
250 63 8 11 0.02408447 
180 568 13 18 0.024072545 
343 176 9 12 0.024057996 
439 95 9 11 0.024044052 
746 681 27 31 0.024037044 
680 23 8 9 0.024023676 
854 261 10 13 0.024014484 
536 52 9 11 0.023990126 
550 53 8 10 0.023983868 
552 64 7 9 0.023967547 
118 594 12 16 0.023967505 
672 101 8 10 0.023966743 
887 736 27 31 0.023949089 
944 94 9 11 0.023943951 
919 97 10 12 0.02393409 
480 8 8 10 0.0238835 
1006 274 9 13 0.023880502 
691 655 59 71 0.02386978 
233 94 8 11 0.023863224 
79 159 9 11 0.023851618 
989 134 9 13 0.02384871 
374 625 14 20 0.023832558 
40 48 7 10 0.023825854 
560 46 7 10 0.023824561 
118 158 9 12 0.023823522 
653 130 17 23 0.023800105 
472 270 10 12 0.023798145 
825 36 8 11 0.023756208 
511 28 9 11 0.023728395 
968 45 10 11 0.023727164 
537 77 8 11 0.0236957 
401 158 9 11 0.02369486 
197 176 9 11 0.023694115 
668 712 55 63 0.023669744 
621 246 11 14 0.023668239 
128 174 8 10 0.023666829 
965 172 10 12 0.023656035 
631 166 8 10 0.023654938 
95 144 10 12 0.02364488 
375 8 8 9 0.023622137 
438 230 9 10 0.023609 
840 245 9 12 0.023577396 
71 32 8 10 0.023575626 
815 7 8 11 0.023572026 
592 49 7 8 0.023561813 
1006 588 15 18 0.023551507 
38 134 9 11 0.023539508 
822 125 8 12 0.023512648 
207 79 9 11 0.023511957 
120 125 9 11 0.023508005 
159 169 8 9 0.023482928 
817 119 9 11 0.023464676 
408 118 9 11 0.02342812 
909 79 8 11 0.02342422 
963 497 12 16 0.023404354 
879 87 8 10 0.023391914 
949 230 10 14 0.023362897 
4 618 22 34 0.023352835 
463 182 8 10 0.02333881 
207 118 9 11 0.02333676 
908 525 11 14 0.023329947 
856 222 9 11 0.02327975 
864 522 12 17 0.023262037 
663 7 8 9 0.02325737 
407 70 8 9 0.023248972 
128 25 7 9 0.023243181 
423 63 9 10 0.02323601 
920 62 9 11 0.023232792 
886 31 11 13 0.023231415 
583 111 9 10 0.023228165 
946 622 18 23 0.023214163 
868 723 41 50 0.023206493 
1011 340 12 19 0.02320596 
317 166 8 12 0.023192279 
277 153 8 9 0.023180367 
758 272 9 12 0.023173694 
901 55 8 9 0.023162963 
703 126 8 11 0.023157423 
662 207 10 11 0.02315534 
927 239 10 12 0.023119764 
791 174 8 11 0.023095384 
446 237 9 11 0.023091586 
877 76 9 11 0.023090953 
591 21 8 10 0.023062866 
105 71 7 10 0.0230622 
689 47 9 10 0.023059212 
449 94 9 12 0.023052787 
900 442 13 15 0.023044998 
62 157 8 9 0.02304383 
189 78 9 12 0.023040188 
913 501 11 15 0.023016913 
-4 643 37 62 0.023004672 
53 28 9 11 0.023001827 
958 45 9 11 0.023001486 
320 65 8 8 0.023001334 
996 708 29 37 0.022997644 
969 23 10 12 0.022982145 
773 228 12 14 0.022966027 
896 706 40 48 0.02295995 
601 183 9 12 0.022957295 
527 85 7 10 0.022944026 
781 149 9 11 0.022935702 
688 55 8 9 0.02293036 
182 48 9 10 0.022923904 
193 25 7 8 0.022922402 
238 65 8 10 0.022909664 
797 124 10 13 0.022898987 
604 224 18 25 0.022898534 
840 207 8 9 0.022883894 
191 55 8 10 0.02288295 
968 215 38 48 0.022873156 
836 10 11 14 0.022840919 
719 85 8 9 0.022837289 
848 284 10 11 0.02282618 
102 118 9 11 0.022824224 
602 87 7 8 0.022809876 
981 488 28 37 0.022809017 
62 56 7 10 0.022803161 
479 79 8 9 0.022796942 
498 78 8 11 0.022766054 
758 624 27 32 0.022749305 
96 13 8 10 0.022749107 
711 47 8 10 0.022748223 
797 277 12 12 0.022741532 
503 7 9 11 0.0227161 
88 119 8 10 0.022714619 
760 126 9 11 0.022710511 
650 133 9 11 0.022684496 
327 96 8 9 0.022662668 
472 61 9 10 0.022660645 
105 62 8 10 0.022657085 
836 214 8 11 0.022648918 
352 31 7 9 0.022640048 
375 150 9 10 0.022636207 
617 164 8 11 0.022618335 
862 260 10 13 0.022617327 
552 109 9 10 0.022615494 
742 37 8 10 0.022615302 
662 120 9 11 0.02260009 
568 61 7 9 0.022594413 
806 213 9 11 0.022593316 
655 0 8 8 0.022586895 
481 71 8 10 0.02257584 
625 38 7 9 0.022571215 
693 246 10 14 0.022559946 
103 87 8 9 0.022553759 
87 199 8 11 0.022520619 
446 52 9 11 0.022515658 
230 29 7 9 0.022514043 
415 1 8 9 0.022494532 
29 600 14 18 0.022491494 
464 86 9 10 0.022477822 
400 24 7 10 0.022476522 
573 220 10 12 0.0224596 
928 54 8 9 0.022459233 
712 54 8 10 0.022434356 
209 126 7 10 0.022430254 
185 150 7 10 0.022424331 
537 86 8 10 0.022416698 
519 0 10 10 0.022413893 
61 81 20 24 0.022413444 
838 240 9 11 0.022362439 
641 24 6 8 0.022356305 
359 80 7 9 0.022340432 
184 77 8 11 0.022332275 
448 23 7 9 0.02231449 
1013 115 10 15 0.022311125 
181 55 10 11 0.022305831 
821 181 9 12 0.022290533 
544 241 11 15 0.022284284 
486 189 8 11 0.022266537 
705 181 10 12 0.022258494 
799 216 10 12 0.02224356 
127 125 9 11 0.022236679 
132 593 16 20 0.022230512 
358 71 8 8 0.022222836 
791 143 9 11 0.022215785 
329 135 7 9 0.022200432 
906 712 14 20 0.022190016 
585 23 7 9 0.022187391 
385 142 8 11 0.02218369 
366 182 9 9 0.022151854 
983 537 15 19 0.02215109 
779 615 24 29 0.022147346 
730 111 9 11 0.022143304 
511 135 8 11 0.02213809 
944 242 11 15 0.022098863 
851 561 21 28 0.022087999 
479 167 8 9 0.022085337 
754 216 14 18 0.022083746 
520 63 9 10 0.022061558 
120 140 10 11 0.022053603 
736 226 20 26 0.02204288 
902 525 12 16 0.022039713 
652 245 10 11 0.022031033 
512 -1 9 9 0.02203057 
999 133 9 12 0.022028007 
62 110 8 9 0.02201721 
758 167 11 14 0.022001777 
1012 108 10 13 0.022000484 
864 293 9 12 0.02198825 
183 124 10 12 0.021985827 
895 271 10 12 0.02198289 
861 88 9 10 0.02197889 
783 29 7 9 0.021977441 
321 26 7 9 0.021974823 
344 70 8 9 0.021963509 
974 165 9 12 0.021959295 
129 152 8 11 0.021957252 
776 268 10 13 0.021946492 
512 193 8 10 0.02193805 
847 206 9 10 0.02193783 
266 72 7 10 0.021937713 
983 10 11 14 0.02193513 
719 16 8 9 0.021928638 
289 55 7 9 0.02192456 
486 23 8 11 0.021919835 
562 53 8 10 0.021906601 
246 581 13 14 0.021902408 
82 47 7 10 0.021885604 
870 158 9 10 0.021883259 
70 37 9 11 0.021877296 
985 171 10 12 0.021876441 
963 78 9 11 0.02187293 
73 70 8 10 0.021831185 
1008 45 9 13 0.021823965 
750 5 8 9 0.021808293 
198 98 18 23 0.021786457 
160 48 7 9 0.021784315 
735 181 9 11 0.021772737 
494 24 9 10 0.021735976 
169 39 7 9 0.021728178 
152 46 8 10 0.021727856 
62 61 8 10 0.021719005 
351 0 8 8 0.021701062 
505 84 7 10 0.02169817 
1 20 9 13 0.021697132 
736 283 10 12 0.02166843 
935 199 9 12 0.021666568 
720 7 8 9 0.02163226 
239 139 10 12 0.021613225 
487 54 9 11 0.021612419 
271 62 8 10 0.021597892 
-2 620 36 58 0.021596523 
656 88 8 10 0.021584135 
442 151 8 11 0.021577971 
142 350 26 32 0.02157783 
806 269 11 14 0.021560512 
793 292 9 12 0.021558622 
158 118 8 10 0.021546414 
859 180 9 11 0.021518879 
950 157 10 13 0.021517912 
742 182 9 10 0.021510977 
252 5 9 10 0.021508487 
578 73 7 9 0.021488596 
654 33 7 9 0.021475114 
310 39 7 9 0.021469433 
915 707 24 31 0.021450894 
529 158 8 10 0.021428654 
777 53 9 12 0.021404488 
95 80 8 10 0.021404222 
504 133 8 11 0.021399882 
13 507 12 17 0.021398459 
352 45 8 9 0.02137109 
425 173 9 10 0.021364441 
388 315 12 17 0.021349853 
120 44 9 11 0.021347538 
189 205 11 13 0.021345472 
813 262 10 11 0.021332018 
233 174 8 9 0.021327827 
785 13 8 9 0.021322966 
950 141 10 12 0.021318235 
933 226 11 14 0.02130734 
727 16 7 9 0.021282975 
799 21 8 10 0.021277955 
918 30 9 11 0.021270739 
112 30 8 10 0.021265447 
342 48 8 9 0.021254387 
473 23 9 10 0.021238398 
537 96 8 10 0.02123323 
976 491 12 18 0.021216013 
937 61 8 10 0.021213813 
633 32 7 9 0.021186084 
119 171 8 11 0.021171067 
234 168 7 9 0.0211688 
120 8 9 10 0.021148786 
774 137 10 13 0.021135498 
191 30 7 9 0.021134611 
766 23 8 10 0.021134017 
791 190 9 11 0.021106614 
953 555 17 21 0.021051787 
618 53 8 10 0.02105005 
353 23 7 8 0.021044374 
758 607 23 30 0.021036794 
684 149 9 12 0.021026997 
55 49 8 10 0.02101947 
78 143 9 11 0.020977838 
296 136 8 9 0.02096935 
432 184 17 24 0.020931987 
868 11 11 14 0.020889867 
684 141 9 12 0.020873327 
416 181 9 10 0.020871913 
727 195 9 13 0.020840215 
719 158 9 11 0.02082234 
781 609 18 22 0.020818733 
913 190 9 11 0.020802924 
813 13 9 12 0.020798052 
616 63 7 9 0.020793477 
710 197 10 12 0.02077174 
993 509 25 30 0.02077155 
584 244 12 14 0.020758538 
853 270 9 13 0.02075001 
977 2 11 14 0.020735618 
140 64 18 24 0.020733226 
808 595 24 32 0.02071562 
960 37 9 12 0.020688115 
903 238 9 11 0.020661158 
95 48 9 10 0.020656813 
982 150 9 11 0.020655092 
399 247 9 11 0.020643733 
111 142 9 11 0.020641929 
431 141 9 10 0.02063889 
662 197 10 12 0.020621514 
289 151 7 10 0.02060454 
454 230 9 11 0.020596588 
16 141 10 13 0.020575723 
651 253 11 13 0.02056263 
418 24 7 9 0.02055972 
650 71 9 10 0.020559512 
759 141 9 12 0.020540558 
801 165 9 11 0.020523416 
991 470 12 15 0.02051141 
1005 183 11 14 0.020508826 
753 183 8 11 0.02050237 
296 182 9 11 0.02048929 
1011 487 13 18 0.020482156 
38 157 9 11 0.020479264 
908 443 13 15 0.020468077 
233 42 7 9 0.02046131 
131 599 24 30 0.020438768 
385 2 8 9 0.02043144 
16 157 9 13 0.020424178 
433 245 9 11 0.020411517 
380 195 10 12 0.020402692 
487 62 8 10 0.020398663 
792 0 8 7 0.020396933 
637 220 10 12 0.02036909 
254 56 7 9 0.020357957 
896 78 8 10 0.020349523 
827 605 23 28 0.020346409 
271 167 8 11 0.020310787 
810 567 22 27 0.020310603 
781 187 10 13 0.020287624 
729 116 9 12 0.020279927 
799 239 8 10 0.020264378 
585 14 8 10 0.020238077 
655 151 10 13 0.020229423 
708 206 12 15 0.02022553 
59 556 22 28 0.020224584 
338 690 43 61 0.020215124 
432 205 8 11 0.020212775 
736 694 53 59 0.020208482 
932 589 25 32 0.02017046 
148 359 16 20 0.020164939 
1015 62 9 13 0.02015742 
216 176 7 9 0.02014717 
462 78 10 12 0.020134555 
700 655 13 19 0.020133462 
551 31 7 9 0.020125298 
26 173 8 12 0.02012313 
744 135 12 16 0.020119997 
561 31 7 9 0.020077344 
424 110 10 12 0.020073636 
804 77 11 14 0.020071108 
888 174 9 10 0.020059057 
894 239 9 11 0.020057857 
648 49 7 10 0.020055141 
334 40 8 9 0.020036537 
862 14 12 15 0.02003515 
360 31 7 10 0.020026919 
335 87 9 9 0.020020213 
909 210 20 26 0.020014938 
927 84 10 12 0.020010235 
495 159 9 11 0.020003974 
