35_Basketball_playingbasketball_35_248
110
491 924 30 34 0.9898399 
168 890 24 31 0.9582168 
154 957 27 39 0.95609266 
816 862 17 21 0.8059196 
650 858 20 22 0.7999406 
144 853 18 23 0.77664286 
288 854 10 13 0.53343576 
394 830 29 36 0.41237146 
29 896 14 20 0.30469814 
633 904 36 42 0.24741958 
532 1086 21 30 0.20905547 
908 836 21 26 0.10159232 
507 786 17 20 0.08846772 
445 850 12 15 0.07212589 
941 789 11 14 0.070073076 
117 975 40 49 0.0636113 
910 1383 55 66 0.063095 
34 891 12 21 0.060934663 
904 813 8 10 0.060232967 
113 905 19 31 0.0579701 
1010 709 14 18 0.056661304 
441 765 23 26 0.056644537 
238 829 12 14 0.05280019 
824 863 14 19 0.047593188 
31 889 10 14 0.04746145 
477 1304 238 223 0.04703298 
237 836 15 16 0.04551497 
650 901 32 33 0.045030795 
436 74 253 192 0.04268853 
173 790 11 14 0.042584587 
305 836 11 14 0.04158975 
190 835 12 14 0.040743828 
814 857 13 16 0.040730458 
-15 1106 371 500 0.04060432 
485 799 11 14 0.039905623 
135 849 20 27 0.03817709 
837 864 14 18 0.0378303 
9 805 8 11 0.0373767 
215 846 11 12 0.037267443 
773 1349 10 13 0.036921635 
894 831 10 13 0.036084987 
936 796 9 11 0.035268 
281 851 11 15 0.035233065 
552 1200 17 19 0.034417897 
285 137 222 243 0.03425332 
500 758 45 58 0.033655725 
531 1075 17 20 0.03302419 
292 856 10 14 0.032908373 
503 764 28 35 0.03242605 
133 965 32 41 0.03205489 
281 869 10 12 0.03161106 
942 782 11 14 0.031334948 
477 786 13 16 0.030724144 
114 990 26 34 0.02975842 
207 837 9 11 0.02970484 
13 831 9 12 0.029370975 
192 798 10 12 0.029161924 
123 999 15 19 0.028790377 
324 829 10 12 0.028338658 
175 783 11 13 0.028197518 
414 810 12 14 0.027049739 
214 807 12 14 0.026628148 
138 1361 242 204 0.026482759 
167 959 19 28 0.026467163 
285 877 9 11 0.026308296 
607 1360 40 44 0.026209818 
808 866 13 18 0.026172671 
196 836 12 13 0.02596324 
918 750 9 12 0.0258667 
333 813 10 15 0.025740283 
285 849 17 22 0.025654564 
508 770 15 17 0.0256142 
667 890 15 18 0.025550166 
450 766 12 14 0.02546459 
422 807 13 19 0.025395611 
912 751 9 12 0.025217563 
641 907 19 25 0.02499864 
237 34 369 398 0.024311062 
53 829 11 15 0.023897242 
212 978 12 15 0.02387769 
295 949 11 14 0.023641085 
496 852 11 14 0.023323348 
280 878 10 13 0.02322956 
512 792 17 21 0.023053626 
522 1076 43 62 0.022966625 
476 1125 339 488 0.022958709 
369 455 60 52 0.022913678 
196 845 11 14 0.022894723 
935 749 13 14 0.02287875 
935 756 12 15 0.022733042 
794 928 43 60 0.022441704 
272 901 10 15 0.02224902 
7 824 8 11 0.022080565 
8 830 9 12 0.02182415 
256 839 10 11 0.021592004 
421 797 11 15 0.021531982 
281 859 9 13 0.02147831 
879 816 8 11 0.021343444 
861 821 10 13 0.021336786 
15 836 8 11 0.021327715 
493 940 19 22 0.021267496 
293 848 11 15 0.021249797 
903 1391 34 42 0.021205265 
822 901 10 13 0.02115271 
32 836 9 12 0.02113183 
241 845 14 16 0.02110656 
14 803 10 12 0.020813216 
491 1389 64 62 0.0206598 
0 799 7 10 0.020632664 
32 830 9 13 0.02063 
