35_Basketball_basketballgame_ball_35_858
104
574 229 58 96 0.99416935 
781 497 79 75 0.96470505 
172 556 16 21 0.26249483 
306 601 16 19 0.2218902 
492 364 204 271 0.18119295 
403 470 14 17 0.15681012 
122 628 16 21 0.15580603 
179 512 13 17 0.14400898 
290 468 14 20 0.13964997 
343 513 15 19 0.12536903 
332 -47 349 425 0.12519942 
65 567 17 21 0.11361944 
387 619 13 16 0.096722044 
116 555 12 16 0.09168893 
40 634 17 19 0.09025202 
299 602 26 31 0.09002348 
9 640 17 23 0.07929567 
19 426 12 17 0.07650449 
261 569 12 15 0.07639323 
67 536 17 20 0.075432375 
258 445 14 18 0.07524639 
39 594 22 29 0.06491586 
254 422 11 14 0.064904585 
486 639 15 21 0.0641061 
179 631 17 22 0.061890952 
21 6 198 230 0.06122657 
527 211 88 121 0.060310174 
449 620 27 32 0.05864314 
59 652 16 23 0.058622397 
349 557 14 19 0.056940693 
30 437 12 17 0.05593904 
82 495 15 20 0.055312853 
1 435 10 16 0.053377587 
307 569 14 17 0.05297601 
463 486 11 14 0.05258654 
165 446 12 14 0.049340364 
93 584 17 24 0.04820604 
164 475 13 18 0.046088338 
456 594 11 15 0.045377836 
121 -65 353 443 0.044414207 
671 541 31 41 0.044122785 
292 599 44 54 0.04393465 
648 223 45 67 0.041902795 
785 510 47 48 0.041421246 
763 -25 234 259 0.037649922 
432 477 11 14 0.03616979 
72 490 21 28 0.0357721 
403 524 16 19 0.035515644 
0 615 41 60 0.03502529 
108 611 17 20 0.035006545 
134 597 13 16 0.03494883 
279 476 12 14 0.034031965 
375 453 11 13 0.032648105 
34 442 13 16 0.03246797 
707 -97 361 428 0.031958397 
342 460 14 18 0.031315748 
347 465 13 16 0.030527586 
981 641 15 19 0.029170487 
407 510 11 13 0.029160926 
260 426 11 14 0.028652716 
398 528 15 18 0.028351272 
15 37 108 134 0.028310264 
90 490 16 22 0.028167369 
49 17 79 67 0.02773906 
381 475 12 15 0.027183367 
628 242 47 70 0.027086347 
677 558 30 38 0.026480345 
374 466 13 16 0.026388055 
111 620 24 31 0.026179045 
405 451 12 15 0.026094584 
592 272 86 103 0.026055252 
295 424 9 12 0.025765322 
406 558 14 17 0.025176076 
482 641 23 31 0.024917413 
212 454 13 15 0.024577692 
939 644 14 17 0.02398758 
256 565 13 16 0.02392957 
600 252 55 71 0.023836205 
439 624 13 18 0.023598865 
20 431 15 20 0.023447476 
577 79 207 228 0.023342209 
488 499 12 16 0.023311853 
332 626 17 20 0.023279112 
437 482 12 15 0.022919068 
343 453 12 15 0.022890097 
571 258 37 71 0.02277475 
374 498 14 17 0.022664767 
165 488 13 18 0.022556659 
60 617 16 19 0.022492263 
111 550 14 18 0.022327045 
129 627 14 19 0.022303486 
367 467 12 15 0.022223148 
336 613 26 31 0.021679156 
311 470 12 17 0.021288741 
180 486 14 19 0.021281049 
248 422 11 14 0.020999836 
349 452 12 15 0.020994395 
109 560 14 18 0.020763006 
61 573 16 20 0.020751908 
67 557 15 19 0.02061458 
30 449 15 20 0.020569641 
461 589 13 16 0.020508451 
167 477 22 28 0.02017928 
408 290 341 418 0.02010091 
