35_Basketball_basketballgame_ball_35_460
28
445 444 197 259 0.999864 
8 736 432 470 0.44024083 
323 520 387 429 0.35349965 
745 189 216 266 0.17865905 
5 258 479 452 0.15405305 
701 970 382 544 0.1529275 
312 687 227 263 0.11053962 
230 747 211 218 0.09870879 
151 1039 379 403 0.09561509 
316 957 396 462 0.06592135 
644 833 236 220 0.06579847 
526 200 394 447 0.060126573 
122 760 253 249 0.042111102 
636 84 435 514 0.04051833 
67 473 256 271 0.03767691 
671 362 256 254 0.034031905 
314 234 350 438 0.032384437 
402 834 15 19 0.031828027 
536 330 227 305 0.03149426 
140 350 245 349 0.029609686 
590 384 473 471 0.027041262 
484 64 32 41 0.025224924 
696 895 232 302 0.02441629 
435 70 30 37 0.02385413 
668 867 145 132 0.02279855 
345 772 126 187 0.021628447 
36 72 57 64 0.020575687 
827 59 213 180 0.020148044 
