35_Basketball_basketballgame_ball_35_393
212
855 282 17 23 0.86483306 
703 299 14 19 0.85779035 
416 302 13 16 0.7937405 
676 285 14 19 0.7652435 
22 330 10 13 0.6832651 
126 315 10 12 0.504634 
118 225 8 10 0.46142995 
165 290 11 15 0.4252716 
1 326 10 15 0.4043571 
83 333 8 12 0.373502 
77 246 9 13 0.36387488 
53 335 9 11 0.34662938 
18 244 10 13 0.34124142 
709 293 13 17 0.33273587 
79 280 8 11 0.31757024 
14 300 9 12 0.31466025 
108 236 9 11 0.30991238 
109 334 8 11 0.28578177 
11 278 11 13 0.26500407 
69 228 9 12 0.25789547 
45 279 10 13 0.25617498 
64 269 8 10 0.25072578 
113 230 8 11 0.23698394 
779 291 13 15 0.22517899 
93 316 8 12 0.2108929 
13 269 10 12 0.18785411 
20 240 9 12 0.17898579 
94 229 8 9 0.15000051 
71 237 10 13 0.14647388 
94 311 9 13 0.14540067 
86 330 9 11 0.13989927 
686 388 9 12 0.1388026 
430 352 9 11 0.13658172 
31 255 9 11 0.12697135 
22 365 9 12 0.12474322 
70 349 9 11 0.12279215 
133 326 9 12 0.10717329 
9 301 9 12 0.10004326 
50 253 8 10 0.09448521 
39 299 10 12 0.09349072 
135 287 9 11 0.08540067 
30 259 12 15 0.08403481 
47 328 10 12 0.07739295 
37 349 9 13 0.07636227 
129 333 8 11 0.07629825 
111 328 9 12 0.06966835 
132 318 9 12 0.06653467 
65 235 9 12 0.05975029 
787 299 14 19 0.059670683 
105 328 9 12 0.058347464 
65 303 8 10 0.057955775 
0 358 8 12 0.05728154 
96 334 8 10 0.055337016 
22 251 10 12 0.053386867 
716 296 11 16 0.053117614 
769 332 11 14 0.05233148 
40 327 9 11 0.05201358 
799 284 12 14 0.05187044 
95 325 9 12 0.05173405 
55 311 9 11 0.051646847 
41 282 10 13 0.050888333 
36 261 10 13 0.050762933 
38 318 9 11 0.050555054 
787 293 12 15 0.04843412 
105 232 9 11 0.048416227 
94 343 9 11 0.046945766 
37 255 10 12 0.04683155 
159 348 9 11 0.046720136 
76 239 10 14 0.046105437 
663 290 12 15 0.04573288 
781 295 15 21 0.04550504 
79 271 9 11 0.045446858 
70 264 8 10 0.04544251 
89 302 8 11 0.045242533 
16 250 11 13 0.044735644 
654 289 13 15 0.044476077 
56 293 8 10 0.04428679 
656 319 12 15 0.04399951 
407 297 20 24 0.042181775 
709 395 11 14 0.042167734 
53 286 9 12 0.041669853 
28 327 10 11 0.04159946 
440 367 8 10 0.041561782 
61 334 9 12 0.041410025 
806 316 12 17 0.04122686 
958 119 9 12 0.039658047 
678 294 14 19 0.039394014 
438 336 9 11 0.03912463 
14 307 10 12 0.038843405 
48 318 9 10 0.038842052 
18 364 9 11 0.038698327 
38 268 11 14 0.038623393 
79 291 9 11 0.038575996 
56 262 9 11 0.03813805 
54 247 9 12 0.037880294 
32 316 10 12 0.037806645 
45 293 10 12 0.037196163 
446 356 8 11 0.037153587 
24 261 10 14 0.036843304 
693 333 12 16 0.036516037 
89 349 9 12 0.036271907 
18 327 10 13 0.03615472 
398 306 11 13 0.036100745 
62 309 9 11 0.03589981 
26 332 10 13 0.035754737 
789 286 12 14 0.03569314 
118 325 8 11 0.035370313 
863 284 14 18 0.03535632 
153 380 9 12 0.03526907 
85 263 10 12 0.034996513 
599 271 9 12 0.034843527 
-2 322 17 23 0.034645613 
95 236 8 11 0.034536235 
85 245 9 13 0.034359377 
131 311 11 13 0.03375078 
73 250 11 13 0.033649165 
111 339 9 12 0.033526633 
701 421 9 12 0.033474855 
153 292 9 13 0.033297744 
19 298 11 14 0.03321791 
406 325 12 14 0.03257324 
45 300 10 12 0.032557767 
8 309 8 10 0.03184009 
110 253 10 12 0.03164084 
66 225 9 11 0.031566147 
408 306 12 14 0.03154959 
37 344 9 11 0.031468146 
134 357 9 12 0.030982291 
6 320 9 13 0.030882975 
135 261 9 12 0.030699294 
439 373 8 11 0.030539343 
89 224 10 12 0.03048709 
701 430 11 15 0.0302144 
74 277 9 13 0.030041186 
629 268 11 14 0.029821502 
22 268 10 13 0.029692575 
143 332 10 13 0.029577307 
677 306 12 17 0.029177617 
38 309 10 12 0.028672822 
440 356 9 11 0.028544098 
31 342 9 12 0.028525632 
160 285 20 25 0.02836538 
9 294 10 13 0.028326888 
422 365 9 11 0.028079305 
126 341 9 12 0.027956855 
687 405 8 10 0.027817525 
141 327 10 13 0.027741445 
45 271 10 13 0.027676806 
646 18 11 14 0.027520485 
157 309 12 14 0.027283479 
64 343 9 12 0.02720602 
110 223 19 22 0.026977906 
781 308 20 29 0.026466915 
81 359 9 11 0.026422316 
164 317 10 12 0.026336566 
93 304 9 12 0.0261589 
90 309 9 13 0.026045123 
439 351 8 12 0.025969079 
462 351 8 10 0.02585347 
29 366 8 11 0.025840595 
424 356 10 12 0.025698299 
141 293 9 11 0.025643582 
78 328 18 23 0.02559244 
700 415 9 11 0.025327424 
120 348 8 11 0.02524521 
7 278 19 24 0.025204618 
53 316 10 11 0.025167713 
399 350 7 11 0.025166497 
716 394 10 13 0.024933157 
102 230 19 24 0.024716476 
79 339 9 11 0.024704779 
8 253 10 12 0.024669569 
77 230 9 12 0.024539176 
58 269 10 11 0.024521671 
119 333 8 11 0.024138793 
79 364 9 11 0.02411506 
49 339 9 11 0.024070885 
701 394 13 17 0.0239872 
671 306 12 16 0.023830092 
773 427 11 14 0.023605617 
662 297 13 16 0.023558533 
432 335 9 10 0.023431495 
56 301 8 12 0.02337661 
424 326 10 12 0.022987487 
653 312 20 26 0.022730919 
393 366 9 11 0.022495236 
110 243 10 12 0.022482585 
72 240 18 23 0.022451904 
31 277 11 14 0.022405237 
100 309 11 14 0.022297783 
48 309 11 13 0.022227546 
740 170 12 14 0.021989299 
41 332 9 11 0.021842422 
70 354 9 12 0.02181998 
398 364 9 11 0.021813085 
5 358 9 12 0.021774163 
697 419 9 12 0.021746159 
53 278 10 13 0.021736305 
687 397 9 11 0.0216582 
110 270 9 11 0.02143475 
399 358 8 10 0.021389747 
88 238 9 11 0.021029305 
166 238 8 11 0.020991955 
15 239 18 23 0.020966528 
671 281 13 16 0.020954153 
120 342 9 11 0.020664616 
719 334 10 13 0.020609196 
405 294 13 14 0.020472389 
726 335 10 13 0.020361647 
792 308 20 28 0.020171598 
159 228 9 12 0.020132648 
433 342 9 11 0.020059513 
