35_Basketball_playingbasketball_35_491
28
340 141 216 297 0.9999361 
204 616 207 343 0.44511014 
524 194 431 470 0.16805817 
736 338 234 325 0.13110165 
237 517 321 451 0.12963301 
236 737 117 202 0.12580116 
704 12 182 270 0.10686249 
199 897 474 545 0.097852804 
298 241 317 488 0.09164442 
14 368 421 524 0.057544954 
979 -1 36 27 0.053530894 
984 58 43 85 0.045657694 
369 481 129 190 0.04556971 
41 2 229 214 0.04065114 
241 15 154 148 0.03532196 
15 692 234 316 0.03336168 
353 535 432 502 0.027562588 
582 204 259 234 0.02710294 
662 859 432 382 0.02688467 
123 689 199 268 0.026878046 
305 69 95 123 0.02630282 
197 441 295 291 0.025786817 
429 171 205 254 0.023959037 
184 849 168 274 0.023491256 
452 366 292 290 0.023167672 
365 1003 422 544 0.021577856 
793 698 115 136 0.020176055 
493 1169 237 318 0.020015419 
