35_Basketball_playingbasketball_35_405
150
825 296 16 22 0.6653553 
349 322 11 15 0.2550574 
584 310 10 14 0.22328235 
343 323 11 16 0.22158198 
500 184 16 19 0.17250995 
542 132 9 13 0.155249 
356 315 13 17 0.15035167 
492 182 16 19 0.13159165 
568 166 10 12 0.10710971 
332 320 15 18 0.09211043 
716 374 201 298 0.08022141 
558 143 9 11 0.07689726 
507 182 15 18 0.074041225 
550 307 11 14 0.06505171 
516 114 11 13 0.061524794 
488 185 13 16 0.06046324 
817 408 170 286 0.058612507 
50 144 223 293 0.057847295 
614 117 9 10 0.05528599 
615 112 8 10 0.054310143 
574 173 10 12 0.05429059 
597 111 10 11 0.052057512 
470 220 11 14 0.051909424 
560 322 11 15 0.049701348 
569 160 10 13 0.04701295 
567 133 9 11 0.04700019 
567 294 8 11 0.046337944 
628 156 11 12 0.045314923 
582 321 12 15 0.044664834 
474 219 13 16 0.044144392 
597 116 10 12 0.043899283 
565 321 12 16 0.04283934 
536 386 12 17 0.042051435 
597 87 9 10 0.041612536 
560 134 9 10 0.03989203 
511 264 8 10 0.039782904 
362 323 12 16 0.039234854 
567 181 10 12 0.03909919 
585 316 12 14 0.038467914 
560 277 8 11 0.038148444 
589 441 15 22 0.036111213 
116 -41 444 505 0.035744127 
815 299 16 19 0.035379563 
833 304 12 18 0.035373546 
544 85 9 11 0.034745857 
667 180 12 14 0.034638863 
608 117 9 11 0.03432737 
632 119 10 11 0.033966016 
629 148 10 13 0.033773445 
604 278 443 485 0.033422347 
600 141 10 12 0.033064183 
647 149 8 11 0.0312551 
694 135 12 14 0.031216133 
581 175 8 12 0.03120152 
804 308 13 14 0.031041076 
597 381 11 16 0.03053755 
647 123 10 14 0.029967425 
717 126 11 13 0.029929785 
584 276 9 11 0.029798448 
704 117 11 14 0.029724926 
596 446 12 19 0.029701797 
609 112 8 9 0.029668951 
501 101 11 13 0.029031726 
464 63 8 11 0.028700793 
712 124 12 15 0.028689558 
356 318 20 25 0.028424187 
568 141 10 12 0.028417198 
479 187 11 14 0.02835793 
573 135 8 10 0.028332578 
561 128 8 10 0.028273104 
601 149 10 12 0.028159473 
510 85 9 11 0.028106742 
632 125 9 11 0.027932985 
550 85 8 11 0.027778432 
649 118 9 13 0.027462523 
544 334 10 12 0.027320534 
591 279 8 10 0.02728207 
575 178 11 13 0.026986793 
605 301 11 13 0.026678823 
573 142 9 12 0.0266715 
695 165 10 12 0.026415357 
551 37 9 11 0.026368946 
502 310 8 11 0.026194561 
551 276 9 12 0.026030721 
548 341 13 17 0.02585856 
629 142 11 13 0.025431454 
567 270 9 12 0.025428029 
521 246 9 12 0.025362156 
487 310 8 10 0.025333596 
592 175 10 12 0.025269955 
646 317 10 12 0.025004556 
812 306 14 16 0.024940934 
708 117 12 16 0.02485957 
490 174 25 31 0.024724202 
592 413 10 13 0.024720844 
671 310 7 9 0.024598917 
431 308 360 472 0.02453128 
662 223 12 15 0.02435012 
575 323 11 13 0.024109617 
527 95 9 10 0.024025228 
599 157 10 11 0.023877488 
543 156 9 13 0.023825662 
621 102 10 11 0.023812411 
600 92 8 11 0.023686137 
498 78 9 11 0.02354881 
605 140 10 12 0.023474382 
708 110 11 14 0.023293713 
639 333 9 11 0.022869328 
670 165 10 11 0.022833832 
616 310 9 11 0.022559341 
565 276 9 11 0.022515679 
541 69 9 11 0.022446673 
494 239 10 13 0.022328096 
653 123 10 13 0.022290736 
549 133 10 12 0.022258488 
541 119 9 11 0.022167467 
623 86 10 12 0.022152081 
631 320 8 10 0.02213942 
565 213 12 15 0.022057733 
575 270 9 12 0.022027994 
541 63 9 11 0.022027148 
555 309 12 15 0.021840263 
655 175 9 12 0.021736082 
612 35 425 517 0.021732643 
478 155 12 14 0.021697499 
556 450 12 16 0.021413988 
576 276 9 11 0.021314533 
407 349 9 12 0.021203775 
685 174 10 12 0.0210853 
573 148 10 13 0.021038594 
669 134 11 12 0.020979444 
623 117 8 11 0.020937087 
538 118 8 11 0.020935573 
810 338 60 74 0.020853914 
468 133 11 12 0.020700473 
685 124 10 11 0.02068346 
671 304 7 10 0.020643398 
655 134 9 11 0.020555932 
846 340 24 34 0.02054869 
520 252 9 11 0.020500764 
607 156 9 12 0.020426154 
560 111 8 10 0.020412134 
633 326 8 11 0.02040091 
671 213 12 14 0.020326927 
592 93 8 11 0.020272749 
560 118 7 9 0.02024125 
574 189 14 16 0.020183533 
502 95 11 12 0.020175142 
585 95 8 10 0.020137254 
566 127 9 11 0.020013437 
