35_Basketball_Basketball_35_180
49
282 188 31 40 0.99817526 
611 357 30 40 0.9981285 
412 396 36 47 0.9972038 
384 192 28 37 0.9971457 
472 218 33 43 0.9969891 
220 175 26 33 0.9955793 
604 166 26 33 0.99533844 
440 177 26 34 0.9952009 
331 190 28 34 0.9930757 
529 157 25 32 0.990982 
684 165 27 34 0.9863697 
439 237 25 30 0.1934834 
524 245 15 19 0.077773936 
349 198 24 33 0.06258381 
574 338 13 18 0.059464186 
505 300 10 13 0.05940349 
491 317 12 15 0.056867994 
543 247 14 18 0.046912603 
500 477 13 16 0.036673088 
560 339 11 16 0.03469514 
426 239 27 33 0.034397528 
307 180 39 48 0.032809176 
492 103 28 35 0.029162973 
670 8 15 18 0.02859162 
943 56 39 58 0.027243065 
525 248 23 30 0.027119568 
894 53 42 64 0.027019365 
510 229 22 27 0.02678878 
487 129 15 20 0.026147239 
693 178 25 33 0.02580708 
472 310 11 14 0.025519248 
237 221 14 17 0.025404334 
490 220 27 37 0.025168777 
550 233 13 16 0.024796708 
478 293 11 12 0.024692256 
534 231 24 26 0.024486251 
714 197 14 18 0.024157688 
464 183 422 490 0.023811132 
520 233 23 27 0.023175659 
331 484 14 18 0.02290819 
360 207 16 21 0.02240807 
491 122 15 21 0.021698836 
475 314 11 14 0.021620726 
534 227 15 18 0.021156942 
486 137 14 19 0.020765804 
285 208 32 37 0.020765493 
515 230 13 15 0.020457571 
257 220 14 17 0.020341188 
460 293 12 15 0.020182457 
