35_Basketball_playingbasketball_35_417
75
366 18 45 52 0.99446 
886 163 28 32 0.981835 
284 255 32 50 0.9773203 
350 248 30 41 0.9658919 
740 84 31 38 0.9424468 
184 50 22 28 0.91439766 
214 251 29 46 0.8517786 
915 112 27 33 0.6257546 
525 38 29 32 0.6103616 
224 131 31 39 0.551512 
312 54 24 31 0.5370175 
47 61 34 41 0.51024425 
50 197 23 30 0.37125483 
245 58 24 30 0.33323473 
337 94 109 121 0.30807602 
178 304 32 45 0.174023 
958 53 31 43 0.1606329 
114 162 16 21 0.13380954 
361 237 26 45 0.11050643 
163 69 26 31 0.10191368 
523 51 32 40 0.09205344 
450 225 58 86 0.082908764 
306 158 50 58 0.07579098 
117 126 18 23 0.06943577 
956 308 17 24 0.061949734 
293 159 34 44 0.061387155 
165 64 45 52 0.059169464 
139 155 16 23 0.05683207 
41 158 17 23 0.054761756 
171 60 29 34 0.05109138 
33 152 21 32 0.049418468 
296 243 31 47 0.048937898 
319 147 65 65 0.046802983 
319 40 220 244 0.045107115 
53 126 29 35 0.044910304 
258 265 37 41 0.043394044 
305 61 37 44 0.040877983 
882 174 28 36 0.039095342 
452 32 36 49 0.038848497 
920 99 43 52 0.038381837 
200 259 33 36 0.03439329 
988 220 40 63 0.030856416 
16 132 37 57 0.030512521 
34 25 86 118 0.029002512 
60 53 31 37 0.028548133 
321 48 29 36 0.028326675 
138 75 17 24 0.027651489 
964 168 16 20 0.027277911 
461 17 36 48 0.02709917 
156 80 26 34 0.02695997 
446 29 24 33 0.026932823 
388 -1 34 36 0.026755707 
117 152 22 28 0.026571583 
311 239 28 43 0.025994308 
241 247 40 54 0.025365127 
-16 414 226 268 0.025202697 
219 256 43 54 0.025170648 
402 0 17 18 0.024654705 
40 39 56 71 0.02424976 
953 110 24 30 0.023642005 
235 41 41 49 0.023597382 
483 -5 454 523 0.023351585 
318 305 214 239 0.023314852 
898 101 41 48 0.021876564 
326 229 41 56 0.02182088 
759 92 20 27 0.021771658 
100 227 25 31 0.021090372 
342 270 32 42 0.021026136 
306 261 16 27 0.02084023 
929 114 25 32 0.02076208 
54 187 25 30 0.02036715 
300 127 101 110 0.02025732 
979 148 16 20 0.020222211 
931 -2 18 17 0.020139273 
-104 334 409 476 0.02003876 
