35_Basketball_Basketball_35_209
1108
500 136 32 43 0.9911088 
418 106 36 43 0.96862125 
900 186 15 19 0.93174124 
32 261 10 13 0.6639208 
68 292 10 12 0.37246835 
49 239 10 12 0.36605316 
15 237 14 16 0.3490778 
977 220 18 20 0.3183401 
65 267 10 14 0.31113893 
749 200 11 14 0.31030917 
31 266 14 17 0.2872334 
14 205 11 14 0.2842023 
4 227 11 14 0.27029374 
68 263 10 13 0.266792 
47 191 8 11 0.2656 
912 159 9 12 0.260671 
840 197 11 14 0.25910398 
614 232 10 12 0.24699894 
87 292 9 12 0.22815216 
958 262 13 17 0.22638904 
89 206 8 10 0.2138143 
151 231 8 11 0.20279503 
31 196 9 11 0.19587211 
52 292 10 13 0.19366966 
166 214 11 14 0.19315793 
276 261 10 13 0.18454579 
694 229 8 11 0.18167162 
254 200 8 11 0.17654906 
14 230 11 14 0.1739254 
638 230 9 11 0.17264222 
925 181 8 11 0.1722497 
71 183 9 12 0.17143877 
87 264 8 12 0.165627 
11 259 11 14 0.16463913 
961 132 9 12 0.1601485 
21 210 11 14 0.156555 
125 254 10 12 0.1565517 
634 232 8 11 0.15503861 
64 198 8 11 0.1506072 
990 158 8 11 0.14944535 
173 188 15 21 0.14843395 
2 220 9 14 0.14739983 
79 231 8 9 0.14442234 
335 85 8 10 0.14435574 
663 237 9 11 0.14405572 
94 246 8 12 0.14057942 
87 246 10 13 0.1404457 
639 143 12 15 0.13932426 
633 236 9 11 0.13813451 
886 191 9 11 0.13732088 
949 182 10 12 0.13634849 
24 191 8 10 0.13617001 
106 208 8 10 0.13564235 
936 198 9 11 0.13545908 
701 198 8 10 0.13504262 
927 190 9 11 0.13358864 
125 79 7 10 0.13341111 
407 203 46 65 0.13237216 
878 182 8 11 0.1287765 
78 224 8 9 0.1283059 
134 230 8 10 0.1275804 
663 263 8 10 0.12568289 
127 289 10 13 0.12557207 
145 253 8 11 0.12541051 
639 208 7 9 0.12526502 
834 259 15 18 0.12243265 
89 213 7 10 0.12214121 
63 207 8 10 0.12103661 
127 200 8 10 0.12060199 
394 91 48 67 0.11793426 
982 140 8 10 0.11615495 
974 166 9 11 0.11572743 
337 208 8 10 0.11566877 
121 200 8 9 0.115538724 
22 184 8 9 0.11548978 
807 174 9 12 0.11520631 
766 121 8 11 0.11503144 
7 202 12 15 0.114626974 
806 180 9 12 0.11202395 
1005 284 12 17 0.111134 
119 272 8 9 0.11027591 
950 151 8 11 0.109937415 
6 254 11 16 0.10977882 
263 230 9 12 0.10961659 
944 157 9 11 0.10931912 
813 196 10 14 0.108301744 
65 191 8 10 0.107375644 
990 192 10 12 0.106603704 
896 167 7 9 0.10610905 
929 158 7 10 0.105493814 
967 160 9 11 0.1051464 
920 174 9 11 0.10445597 
977 142 8 10 0.104439735 
820 158 9 11 0.1043509 
144 198 10 12 0.10313464 
368 252 9 12 0.10260437 
38 239 10 11 0.10220556 
966 241 10 15 0.10081392 
149 197 9 11 0.10033821 
72 239 8 10 0.1001408 
916 158 10 11 0.09982589 
56 197 8 10 0.099364996 
711 237 8 11 0.09908616 
183 218 26 39 0.09874664 
889 167 7 8 0.0984131 
862 160 8 11 0.097907566 
926 177 8 11 0.097795606 
916 165 9 11 0.09748167 
127 259 9 12 0.09722659 
838 118 8 11 0.09564282 
880 188 9 12 0.09564169 
592 274 10 14 0.0949106 
727 253 9 12 0.0944416 
1005 166 8 11 0.09187042 
672 247 9 12 0.09099876 
272 222 7 10 0.09057279 
287 215 8 11 0.09037378 
648 228 8 11 0.0902288 
929 119 7 10 0.08997751 
983 174 8 10 0.08824062 
274 200 7 10 0.08776539 
38 243 11 13 0.08764834 
689 238 8 11 0.087275766 
654 222 8 11 0.08665701 
856 164 8 12 0.0861901 
38 213 8 11 0.08543272 
78 237 10 11 0.084009014 
177 229 10 14 0.08343909 
263 206 7 10 0.083255894 
897 184 11 14 0.08257327 
834 121 8 9 0.08256379 
70 321 10 11 0.08234685 
702 253 8 11 0.08203741 
733 245 10 13 0.08143371 
720 197 10 11 0.08118108 
856 180 10 13 0.08102755 
25 195 9 11 0.08065466 
991 154 7 10 0.0805614 
276 255 10 12 0.080511026 
370 246 9 12 0.08039669 
20 231 10 12 0.08024393 
48 49 8 9 0.07991398 
635 207 7 10 0.07982228 
873 143 7 10 0.07952655 
134 263 8 11 0.0794044 
879 176 8 10 0.078818634 
713 264 8 11 0.078790314 
48 221 8 10 0.07857987 
0 182 10 14 0.078484006 
949 156 9 12 0.07830673 
769 143 8 10 0.07820173 
87 299 11 13 0.07788731 
941 174 9 12 0.07747136 
153 223 9 11 0.075461805 
743 263 11 14 0.07522153 
136 270 8 10 0.07477229 
341 212 9 11 0.07444469 
944 203 10 12 0.07404154 
941 199 10 12 0.07403185 
270 189 8 12 0.07344869 
990 174 9 10 0.07335339 
382 87 9 12 0.07278653 
721 231 9 12 0.072599724 
88 239 8 11 0.07252699 
55 192 8 10 0.07237987 
704 126 7 10 0.07230621 
320 248 7 9 0.07228361 
119 277 8 10 0.07221277 
80 246 10 12 0.07200782 
81 205 8 10 0.07169861 
93 206 8 10 0.07140169 
663 215 8 9 0.0712847 
32 212 8 12 0.07107597 
36 253 12 15 0.07084319 
33 230 8 11 0.07081959 
727 205 9 11 0.07077715 
111 292 8 10 0.07054745 
471 124 11 14 0.07054097 
872 151 8 9 0.07039266 
56 215 7 10 0.070038274 
921 134 8 11 0.069986515 
806 166 10 13 0.0699066 
657 216 7 10 0.069863185 
32 237 9 12 0.06981967 
888 161 7 9 0.069684915 
978 118 7 9 0.06960419 
41 191 9 11 0.06942711 
862 190 8 11 0.06938426 
986 218 16 18 0.069379784 
746 203 10 13 0.06912691 
136 200 8 10 0.06882767 
838 229 12 14 0.06860869 
345 253 9 11 0.06847237 
359 268 10 13 0.06830424 
303 85 8 9 0.067888886 
672 216 6 8 0.06762593 
303 80 8 10 0.06738575 
694 224 8 10 0.0672977 
23 175 9 11 0.06728545 
1006 125 9 12 0.067275085 
697 255 8 11 0.067238994 
33 223 8 11 0.067132786 
349 252 9 12 0.06700788 
729 246 10 14 0.06697582 
273 205 7 10 0.06697064 
645 261 10 11 0.06688918 
880 160 7 9 0.06673794 
175 235 9 14 0.06648298 
975 309 10 16 0.066371016 
942 243 11 16 0.06634342 
933 204 10 12 0.06633105 
978 138 7 9 0.0662233 
509 108 11 15 0.065878056 
254 219 9 12 0.065593645 
991 165 8 10 0.06557906 
666 208 6 8 0.06536652 
63 213 8 10 0.06501563 
611 291 15 19 0.0648715 
724 198 10 13 0.06485492 
1001 289 11 16 0.06417038 
160 219 10 12 0.063985504 
146 193 7 10 0.06393725 
671 199 8 10 0.06367026 
280 215 9 11 0.06365692 
46 7 8 11 0.06356609 
54 317 10 14 0.06345387 
872 158 8 10 0.06332761 
928 196 9 11 0.06318509 
761 121 7 10 0.06296953 
214 191 14 17 0.06267215 
712 213 9 11 0.06265527 
47 53 8 10 0.06257058 
946 180 9 11 0.062378407 
737 118 8 10 0.06224657 
966 214 10 14 0.062048055 
745 141 8 10 0.06197146 
710 144 7 10 0.06195655 
862 165 9 11 0.061814874 
335 251 9 11 0.061770417 
873 173 8 11 0.0617672 
109 212 9 11 0.061647017 
112 269 9 12 0.061570987 
286 103 8 11 0.06132479 
198 62 8 10 0.06127927 
631 286 10 13 0.061253045 
977 171 9 11 0.061200324 
544 52 9 14 0.061194856 
984 153 8 10 0.061105575 
48 216 8 10 0.061045274 
104 213 9 11 0.060731407 
904 151 7 9 0.06056438 
951 176 9 11 0.06004334 
887 136 7 10 0.05990588 
303 206 8 10 0.059880566 
934 193 8 11 0.059783462 
616 245 11 13 0.05967667 
648 201 6 8 0.0595889 
640 213 8 10 0.059533298 
631 279 10 14 0.059448116 
751 221 11 13 0.05943385 
941 167 9 10 0.059385367 
745 136 7 10 0.058672734 
608 263 9 12 0.0585993 
999 158 9 11 0.05802201 
681 208 7 9 0.057480775 
879 143 7 10 0.05747539 
150 262 8 10 0.05747372 
894 144 8 10 0.057364993 
126 204 8 10 0.057051614 
295 215 8 11 0.05692573 
111 246 9 11 0.056886286 
65 239 7 10 0.056859538 
871 168 8 10 0.056804292 
64 231 8 9 0.05673383 
181 226 12 18 0.05664254 
951 214 9 11 0.056595545 
647 205 7 9 0.056374826 
96 192 7 9 0.05621952 
928 153 7 9 0.056170028 
95 231 8 9 0.055707518 
937 166 8 10 0.05567339 
319 73 7 9 0.0556088 
313 223 8 10 0.05557593 
103 245 9 11 0.055487894 
13 200 11 13 0.055432737 
820 152 10 12 0.055400003 
327 183 8 11 0.05525335 
295 256 8 10 0.055181906 
670 270 8 11 0.054872643 
639 225 8 10 0.05481235 
762 166 9 12 0.054571617 
311 256 7 10 0.054329842 
94 84 11 15 0.05412727 
919 196 9 12 0.054064643 
888 173 8 10 0.054057375 
686 192 8 10 0.0540146 
656 128 9 10 0.053952202 
895 149 8 10 0.053762782 
703 194 7 8 0.053622052 
950 205 10 12 0.053539664 
952 144 6 9 0.053476267 
294 261 9 10 0.05316575 
622 253 10 12 0.052784998 
919 153 7 9 0.052695423 
137 278 8 9 0.052436195 
800 143 9 11 0.052402228 
4 186 12 14 0.052364398 
65 182 9 11 0.052142784 
688 141 7 10 0.051980343 
280 84 8 10 0.051944096 
121 205 8 10 0.0518743 
71 205 9 11 0.051752497 
896 173 8 10 0.051675867 
151 320 9 11 0.051616605 
907 186 10 13 0.051581252 
975 149 8 9 0.051532593 
936 128 7 9 0.0515291 
906 191 13 17 0.051463764 
912 153 8 9 0.051317696 
101 85 9 13 0.051139187 
809 221 9 13 0.051035903 
977 114 6 8 0.05083079 
0 259 10 16 0.050587587 
945 153 9 10 0.05028777 
16 173 9 12 0.050217796 
961 219 9 13 0.050189376 
68 298 11 15 0.05016944 
288 221 8 10 0.05004594 
38 208 9 11 0.050038427 
360 264 9 11 0.049946766 
13 283 13 16 0.04992065 
671 207 7 9 0.049687717 
48 186 7 9 0.049687516 
312 229 8 10 0.049577963 
547 99 14 17 0.0495308 
277 286 10 13 0.049421415 
1007 276 13 19 0.049400825 
1012 282 10 16 0.049201272 
969 151 8 9 0.049139377 
670 231 9 11 0.049113013 
95 240 8 10 0.04898459 
725 230 10 12 0.048859935 
31 207 9 12 0.04868708 
974 192 9 11 0.0486227 
119 224 8 10 0.048562683 
30 174 9 11 0.04848442 
95 200 7 9 0.04841695 
813 174 9 11 0.048025653 
672 126 7 9 0.047983382 
134 225 9 11 0.04789283 
928 205 10 12 0.0477468 
64 223 8 9 0.047314227 
663 244 9 12 0.04724366 
146 79 7 9 0.047217567 
679 229 8 10 0.047215447 
105 293 8 11 0.047165208 
722 128 8 10 0.04709225 
687 136 8 9 0.047044132 
149 255 8 10 0.046942573 
672 223 8 9 0.046915706 
872 230 8 10 0.04675826 
488 114 9 13 0.04662975 
5 174 10 12 0.04656576 
278 80 8 10 0.046526507 
869 205 12 16 0.04646219 
81 261 10 13 0.046259418 
143 278 9 11 0.046130154 
129 229 8 10 0.04598043 
461 108 10 13 0.045966543 
317 223 9 11 0.045936354 
204 183 14 17 0.045889806 
934 120 7 9 0.045845717 
104 238 8 11 0.04583119 
878 196 10 13 0.045728963 
625 262 9 11 0.04543052 
791 73 7 9 0.045426328 
104 264 8 11 0.045357656 
935 159 8 9 0.045330375 
664 269 8 10 0.045198016 
168 260 8 11 0.04518761 
713 198 8 10 0.045136854 
754 121 6 8 0.044985697 
172 200 13 18 0.04497589 
973 161 9 10 0.04479912 
864 211 10 13 0.044733413 
37 221 9 12 0.04468183 
854 140 9 11 0.044588212 
142 203 11 13 0.04446799 
968 142 9 10 0.044451386 
79 200 10 11 0.04444983 
726 237 9 11 0.04440856 
679 110 7 10 0.044389684 
690 230 9 11 0.04432179 
550 120 12 15 0.044268146 
75 184 10 12 0.044068042 
279 206 8 10 0.04395222 
145 239 8 10 0.043924518 
95 215 8 10 0.043872174 
149 270 9 11 0.043759625 
122 291 9 11 0.0437463 
329 254 8 11 0.043634973 
680 141 8 11 0.04358601 
277 292 10 13 0.043573964 
39 196 9 11 0.043506008 
32 71 7 10 0.043299377 
265 187 10 13 0.04324912 
69 198 10 12 0.043141484 
294 246 8 10 0.043133404 
934 288 11 20 0.04306185 
288 263 9 11 0.043006845 
287 239 8 9 0.04296538 
160 277 8 10 0.04285137 
629 253 10 12 0.0426724 
920 190 9 12 0.04250264 
87 201 9 11 0.042464234 
663 222 8 9 0.04240377 
880 167 8 9 0.042172182 
987 252 14 17 0.04213891 
896 195 10 13 0.04211063 
681 128 7 8 0.042091504 
716 269 9 11 0.042052828 
144 248 8 11 0.04203471 
996 215 13 15 0.04189927 
805 108 10 13 0.041767713 
71 49 8 9 0.04170712 
610 231 9 12 0.04143217 
272 215 9 11 0.04124214 
861 174 10 14 0.0412253 
703 248 9 12 0.041187182 
620 231 10 12 0.041106082 
671 71 7 9 0.040974855 
335 200 8 10 0.040923443 
74 222 8 10 0.040866192 
126 83 8 11 0.04075829 
711 247 7 10 0.040732052 
674 109 7 10 0.04071418 
726 135 8 10 0.040685963 
86 70 8 11 0.04047598 
473 164 12 15 0.040445626 
801 102 9 12 0.040419575 
55 221 8 10 0.040375803 
303 230 8 11 0.040352985 
671 140 8 10 0.04027784 
669 237 9 11 0.040250666 
696 214 8 10 0.040128496 
6 48 7 9 0.04009433 
839 193 9 13 0.039917078 
897 205 9 11 0.039904088 
926 135 8 11 0.03983394 
128 270 7 10 0.039759107 
360 83 9 12 0.03970844 
845 251 12 15 0.039706975 
505 53 8 11 0.03968546 
167 271 9 11 0.039518148 
695 144 6 8 0.039448652 
687 213 7 10 0.039395213 
86 307 10 13 0.03931847 
937 134 7 10 0.03927933 
273 47 7 9 0.03914862 
965 130 9 10 0.038939618 
986 128 6 8 0.03888495 
654 228 8 10 0.03887561 
912 143 7 10 0.03881279 
144 270 10 12 0.038782082 
128 247 8 11 0.0386859 
432 199 28 32 0.038677968 
298 207 7 9 0.038677856 
47 289 13 15 0.03862276 
359 199 8 10 0.03860583 
120 248 8 10 0.038569357 
693 235 10 13 0.038435604 
728 142 8 10 0.038433507 
694 287 9 12 0.03837091 
632 225 8 10 0.03822343 
265 222 8 11 0.03817451 
58 64 7 10 0.038159847 
706 143 8 10 0.03811774 
831 123 9 11 0.038094454 
991 135 8 10 0.03808123 
959 113 8 9 0.037731726 
631 269 9 12 0.03770887 
96 222 7 10 0.037647538 
62 64 8 10 0.037601992 
681 136 8 10 0.037520885 
16 190 9 11 0.037495866 
734 207 9 11 0.03742853 
753 126 6 9 0.03740448 
959 118 7 9 0.03731347 
815 166 9 11 0.037244927 
687 119 7 9 0.037234474 
54 231 9 11 0.03722396 
704 120 7 10 0.03717694 
112 320 8 10 0.037174515 
132 292 9 12 0.037166387 
760 137 7 10 0.03713988 
681 213 7 10 0.037136942 
721 134 8 10 0.03710875 
41 185 7 9 0.03706814 
904 145 7 8 0.03703744 
823 163 9 12 0.03681641 
60 259 19 23 0.036792472 
178 184 21 27 0.036782473 
319 93 7 9 0.036765862 
896 134 7 9 0.036743 
686 209 7 9 0.03673364 
791 77 9 11 0.036686786 
656 245 9 10 0.03664824 
312 216 8 10 0.03664599 
345 72 6 8 0.036496215 
312 201 7 9 0.036452964 
169 206 10 13 0.03644336 
96 63 8 10 0.036368083 
270 228 8 11 0.036291927 
725 192 9 11 0.036261138 
665 140 8 10 0.036051437 
961 159 9 11 0.035892904 
999 153 8 10 0.035890263 
104 288 8 10 0.03587662 
77 5 13 15 0.03577643 
951 220 10 14 0.035683397 
104 199 9 10 0.03561069 
959 198 8 12 0.035606872 
161 294 7 10 0.035600375 
167 173 8 12 0.0355539 
372 250 11 14 0.035491344 
576 23 21 34 0.035376884 
111 326 8 11 0.035326865 
922 120 7 9 0.03527182 
682 192 7 10 0.03520754 
122 262 8 11 0.035202924 
26 54 7 9 0.035197277 
880 121 7 9 0.035127506 
89 49 7 9 0.03512655 
64 274 10 13 0.03510863 
281 237 8 9 0.035071556 
120 229 8 10 0.035044797 
17 182 9 11 0.034990147 
305 201 7 9 0.034901183 
360 253 8 11 0.03487774 
15 221 11 14 0.03486094 
7 265 11 15 0.03482707 
815 202 10 13 0.03476234 
398 47 10 14 0.03474254 
959 151 8 9 0.034620754 
847 103 8 10 0.034619372 
890 151 7 9 0.03460218 
1000 140 8 10 0.03459536 
814 212 10 12 0.034591477 
581 125 12 16 0.034583475 
273 56 6 8 0.03457591 
879 127 7 9 0.034538582 
885 182 10 11 0.03439485 
281 102 9 11 0.03422789 
-2 266 9 14 0.034110304 
111 230 9 10 0.034032155 
656 207 6 8 0.033900127 
303 239 7 10 0.033894006 
662 125 8 11 0.0338912 
664 256 8 10 0.03387461 
134 248 9 10 0.03386305 
1006 259 12 16 0.033814225 
872 188 10 12 0.03380188 
841 113 7 10 0.033800825 
296 230 8 10 0.03375298 
889 141 7 11 0.0337455 
679 198 8 9 0.03370021 
639 270 9 11 0.03369775 
864 151 8 10 0.03369067 
588 239 12 14 0.033686366 
1013 234 10 14 0.03366797 
128 239 8 10 0.033649754 
749 229 12 14 0.03363526 
382 63 8 11 0.033555835 
1006 160 8 11 0.03355292 
655 132 9 12 0.03349756 
611 235 10 13 0.03339231 
895 160 8 10 0.033352762 
152 48 8 10 0.033241343 
901 117 9 11 0.03319823 
111 182 10 12 0.033131946 
841 174 8 11 0.033129297 
583 253 10 14 0.03302328 
704 237 10 12 0.032841407 
0 233 9 14 0.032840293 
304 245 7 10 0.032734755 
1001 173 9 11 0.03270071 
721 253 9 12 0.032699306 
903 166 9 10 0.03269479 
896 212 9 11 0.032672893 
545 101 22 28 0.032638323 
329 64 8 9 0.03262961 
319 228 8 11 0.032626927 
24 270 10 13 0.032498296 
359 207 8 11 0.03242951 
319 77 8 9 0.032367226 
643 45 13 16 0.032281294 
839 179 9 12 0.032254405 
1006 171 10 12 0.03212086 
105 49 9 10 0.032112222 
950 197 10 13 0.03206043 
14 166 11 13 0.032034334 
21 274 12 15 0.03201128 
73 244 9 10 0.03199784 
842 202 12 16 0.031965237 
320 239 8 10 0.031941034 
871 243 11 14 0.031921808 
920 141 8 10 0.031914245 
195 203 13 16 0.031899564 
958 175 8 9 0.031887688 
711 207 9 12 0.031875834 
664 121 8 9 0.031870626 
110 85 9 11 0.031789623 
319 254 9 11 0.031788204 
365 85 9 11 0.031772435 
942 135 8 10 0.031748008 
769 148 9 10 0.03169266 
160 256 9 10 0.031636484 
331 86 7 10 0.031620782 
967 207 9 12 0.03154461 
704 112 6 9 0.03150493 
383 97 31 44 0.031478945 
298 84 7 10 0.03137142 
169 238 9 11 0.031318326 
23 1 10 10 0.031228704 
927 164 9 11 0.031172497 
263 213 8 11 0.031169899 
982 119 7 10 0.031141628 
303 261 9 11 0.03113447 
295 312 11 15 0.031109186 
149 202 10 14 0.031018753 
442 202 15 20 0.030992908 
0 175 9 13 0.030978397 
959 285 10 13 0.03093611 
988 183 12 14 0.03089077 
360 212 8 10 0.030880382 
80 215 8 9 0.030845392 
666 201 8 9 0.030844308 
689 270 8 10 0.03083862 
863 196 10 11 0.030708391 
160 238 7 10 0.030653466 
905 158 9 11 0.030653223 
190 80 7 9 0.030622935 
136 87 7 10 0.030611213 
80 252 10 12 0.030558595 
532 236 14 17 0.030480966 
63 318 11 12 0.03047295 
128 224 8 10 0.030463045 
705 214 7 10 0.030421456 
656 262 10 12 0.030414779 
30 55 7 9 0.030353919 
271 266 11 14 0.0303416 
119 83 11 13 0.030182322 
15 207 19 23 0.030097421 
640 261 9 11 0.030086767 
296 285 10 13 0.030074146 
509 190 16 21 0.030073995 
344 261 8 11 0.030021712 
679 223 7 10 0.03000634 
632 246 9 11 0.029938389 
743 244 12 15 0.02989097 
878 150 8 10 0.02988101 
145 260 9 12 0.02987265 
863 118 8 10 0.029835457 
734 228 9 11 0.029793395 
200 187 11 15 0.029770577 
81 68 10 11 0.02976879 
312 286 10 13 0.029746177 
63 309 10 13 0.029722385 
341 86 8 11 0.029712915 
871 197 11 14 0.029710712 
710 254 8 10 0.029692363 
857 119 7 10 0.029662875 
830 166 9 12 0.02965651 
312 204 9 11 0.02961154 
1006 220 12 15 0.02959787 
531 153 17 22 0.029583547 
171 191 10 14 0.029539952 
972 243 13 16 0.029530255 
280 63 6 8 0.029495647 
717 214 9 11 0.029482191 
30 1 8 10 0.029470935 
72 214 9 10 0.029442413 
48 62 7 9 0.02937086 
802 163 10 13 0.029313538 
88 231 8 10 0.029201292 
953 133 8 10 0.029185599 
351 213 8 10 0.029157352 
969 190 10 12 0.029085692 
95 69 7 10 0.029077332 
805 160 10 13 0.029075112 
946 189 10 12 0.029010274 
451 218 40 55 0.028980153 
698 127 7 10 0.028975861 
850 134 9 10 0.028967233 
978 204 26 32 0.028963083 
726 128 8 9 0.028928213 
680 238 8 11 0.028914314 
290 246 8 11 0.028854946 
71 256 10 12 0.028854733 
168 62 9 11 0.02884574 
352 64 7 8 0.028808143 
809 189 10 13 0.028786372 
94 309 9 12 0.028769208 
675 251 10 12 0.028703338 
697 150 7 10 0.028649589 
113 199 8 10 0.028641265 
716 263 9 11 0.028588116 
1000 133 9 12 0.028542656 
727 213 9 10 0.02850104 
87 275 11 13 0.028498633 
328 247 9 10 0.02845373 
1012 289 11 17 0.028450977 
288 231 7 10 0.028442739 
22 220 10 13 0.028434852 
22 5 9 11 0.028386272 
713 193 7 9 0.028378695 
901 175 9 10 0.028298952 
824 120 8 10 0.028273394 
984 165 8 11 0.028238844 
719 222 9 11 0.028231885 
56 70 8 10 0.028148206 
509 54 8 10 0.02814211 
958 272 11 15 0.028095242 
751 149 8 9 0.028090354 
103 255 8 9 0.028068634 
62 288 20 22 0.028035318 
144 71 8 10 0.02795609 
7 233 11 15 0.027924454 
330 201 7 9 0.027917946 
793 126 8 11 0.027914917 
95 49 7 9 0.027913181 
974 235 12 16 0.02789511 
926 220 11 14 0.027866717 
695 271 9 12 0.027730031 
7 210 11 15 0.027707247 
187 193 13 17 0.027660366 
313 73 7 10 0.027649283 
360 247 8 11 0.027646327 
954 113 7 9 0.027574783 
814 238 9 14 0.027561694 
688 128 7 9 0.027540587 
813 182 9 11 0.02746689 
313 247 8 10 0.027458413 
350 284 10 13 0.027442042 
128 193 9 11 0.027423946 
135 252 10 13 0.027393557 
928 141 8 10 0.027366638 
688 245 8 10 0.027307991 
427 232 30 44 0.027275665 
296 56 7 10 0.02725064 
304 255 8 10 0.027241638 
47 231 10 13 0.027232615 
137 69 7 10 0.027218416 
137 64 7 10 0.027153254 
992 141 8 9 0.027082948 
749 143 8 10 0.027072549 
702 231 9 12 0.027066752 
174 271 9 12 0.027017832 
177 300 10 14 0.02699594 
32 243 10 13 0.026987085 
297 200 7 10 0.02695288 
945 142 7 9 0.026901476 
249 202 11 15 0.026879478 
214 259 15 19 0.026876312 
15 76 9 11 0.026790943 
227 229 25 33 0.026779443 
435 103 28 37 0.026777094 
159 70 8 10 0.026736144 
776 81 7 9 0.02670446 
43 268 13 16 0.0266975 
272 247 8 10 0.026684886 
270 237 8 11 0.026681283 
319 89 7 9 0.026675234 
823 79 8 10 0.02667402 
153 52 8 10 0.02664833 
294 222 8 10 0.026647788 
797 126 9 11 0.026618533 
613 276 12 14 0.026596004 
656 104 7 9 0.026560152 
96 120 8 11 0.02655249 
696 246 9 12 0.026550654 
654 191 10 10 0.02645703 
696 135 6 8 0.026433868 
1001 121 8 11 0.026429776 
856 149 8 11 0.02640813 
55 312 10 12 0.026382977 
1006 213 11 14 0.026357805 
611 269 12 12 0.02632335 
82 292 10 12 0.026316496 
335 262 8 10 0.02629149 
377 64 9 10 0.0262706 
295 96 7 9 0.026249198 
156 198 9 12 0.02621882 
3 250 19 25 0.026207676 
968 111 7 10 0.026205217 
66 48 7 9 0.026078384 
58 208 8 10 0.026051996 
77 318 10 13 0.026023107 
1012 220 11 16 0.025994848 
175 241 10 14 0.02598294 
39 257 20 25 0.025965158 
230 86 8 10 0.02593364 
671 120 7 10 0.025914717 
478 94 8 11 0.025913676 
235 234 14 20 0.025878727 
278 219 9 12 0.025876563 
968 197 9 11 0.025791788 
13 266 11 14 0.025782695 
368 112 8 10 0.025777163 
110 265 9 12 0.025770823 
736 189 8 10 0.025757622 
727 222 9 12 0.025637165 
1012 267 11 16 0.02563209 
696 205 9 11 0.025605679 
673 24 452 469 0.025590705 
960 166 9 10 0.025579222 
287 208 8 10 0.02557493 
94 278 9 11 0.025569513 
887 204 9 12 0.025566591 
934 151 8 10 0.025534987 
354 200 7 10 0.025515055 
261 260 10 13 0.025509963 
221 202 12 15 0.025507743 
821 190 9 11 0.025506549 
354 207 7 10 0.025485598 
792 84 9 12 0.025452549 
206 193 14 17 0.025452228 
932 211 11 13 0.025418548 
517 116 12 13 0.02539114 
69 275 11 12 0.025337627 
294 104 8 10 0.025325755 
182 240 11 17 0.025321018 
704 134 8 9 0.025319576 
873 127 7 9 0.025212662 
850 165 8 12 0.025139417 
525 116 11 13 0.02510107 
641 202 7 9 0.025084453 
678 105 7 9 0.025049895 
554 92 14 18 0.025041498 
360 64 7 8 0.024966063 
70 53 9 10 0.024839416 
776 86 7 9 0.024822554 
102 91 9 12 0.024818845 
45 235 18 22 0.024783634 
160 79 8 9 0.024771767 
745 80 7 10 0.024742167 
864 141 9 11 0.024719343 
658 239 9 11 0.02469719 
318 214 8 10 0.024674542 
373 240 10 12 0.02466851 
17 64 7 10 0.024591735 
74 231 8 10 0.024580792 
571 109 13 15 0.024575435 
319 47 8 10 0.024561299 
800 137 8 10 0.024505783 
257 230 10 14 0.024502728 
4 284 13 15 0.024475591 
727 260 8 10 0.024473615 
959 204 9 12 0.02445565 
48 297 12 15 0.02442239 
1006 205 10 13 0.02441327 
303 214 9 10 0.02440801 
687 292 9 11 0.02440234 
161 245 8 10 0.024381036 
328 205 8 10 0.024311153 
813 118 10 11 0.024259998 
710 148 9 10 0.024255786 
744 252 12 15 0.024243105 
841 54 7 10 0.02421372 
91 294 10 12 0.024203094 
612 89 15 17 0.024192497 
709 126 8 10 0.024179975 
46 1 9 10 0.024168218 
966 183 9 11 0.024121817 
326 231 9 11 0.02408181 
704 149 8 10 0.024049878 
367 214 8 10 0.024042435 
57 183 8 10 0.024033826 
732 251 10 13 0.024021907 
919 127 8 10 0.02400887 
287 269 9 11 0.0239571 
23 69 9 11 0.023951614 
1 70 8 13 0.023910096 
48 322 11 15 0.023894688 
335 64 7 9 0.023858488 
926 228 11 14 0.023851354 
645 278 10 12 0.02384492 
146 231 9 11 0.023826169 
760 70 7 9 0.02379919 
69 308 10 12 0.023708912 
40 63 7 9 0.023660736 
998 279 21 27 0.023650082 
980 245 13 16 0.02363773 
216 65 7 9 0.023632238 
949 228 11 12 0.02362773 
646 238 8 10 0.023604622 
185 79 7 9 0.023555472 
55 260 12 14 0.02355137 
208 80 8 10 0.023550043 
738 136 6 8 0.023466973 
633 212 8 10 0.02342757 
368 241 10 12 0.023376867 
135 94 9 10 0.023339469 
109 238 9 11 0.023302158 
696 291 8 12 0.023291832 
804 143 9 11 0.023263596 
734 238 11 14 0.023261445 
927 211 11 13 0.023249429 
1000 214 22 28 0.023228884 
88 221 8 11 0.023221178 
201 87 8 10 0.023217425 
9 227 20 23 0.023187743 
14 277 13 16 0.023186607 
9 201 19 23 0.023162767 
454 71 8 10 0.023161318 
290 312 21 28 0.023152072 
278 279 10 13 0.02314528 
805 167 20 26 0.023144213 
279 47 7 9 0.02313973 
143 183 9 11 0.02313374 
945 212 10 13 0.023132851 
473 93 8 11 0.02312269 
615 225 9 13 0.023106014 
696 260 9 11 0.02308584 
489 94 8 11 0.023080027 
103 230 9 11 0.023074135 
619 92 13 15 0.023059031 
377 93 9 11 0.0230454 
527 55 9 11 0.023035841 
853 267 12 17 0.023030091 
149 246 9 11 0.023021137 
351 104 7 9 0.022999309 
35 241 20 22 0.022997735 
921 153 19 24 0.02298378 
150 293 9 11 0.022930834 
278 248 9 10 0.022842227 
688 197 8 10 0.02280864 
91 301 10 13 0.022804549 
168 244 8 11 0.022743689 
679 262 10 13 0.022718547 
0 277 9 15 0.022691505 
25 50 7 8 0.022668127 
662 276 9 12 0.022661356 
319 206 8 11 0.022655737 
112 222 9 11 0.022644518 
952 128 8 10 0.022617621 
58 175 9 10 0.022597024 
901 203 9 12 0.022564523 
887 119 8 10 0.022556966 
329 81 7 9 0.022538733 
928 114 8 10 0.022498209 
294 279 10 13 0.022476353 
991 127 7 10 0.022431923 
0 197 11 16 0.022390474 
169 49 6 8 0.022337109 
63 176 9 10 0.022327924 
168 57 9 10 0.022327654 
88 176 9 11 0.022323536 
167 293 7 10 0.022311654 
65 53 8 10 0.022301812 
112 253 8 10 0.022288285 
168 319 8 10 0.022264533 
557 107 24 28 0.022203412 
773 149 9 11 0.022177696 
842 260 13 16 0.022177294 
280 231 8 10 0.022117425 
897 128 9 10 0.022109985 
935 141 9 11 0.02210798 
47 76 9 12 0.022082005 
46 259 11 15 0.022041595 
95 54 8 9 0.022028966 
525 109 10 13 0.02201265 
121 71 9 11 0.022000775 
124 300 12 16 0.02199758 
902 133 9 10 0.021989768 
478 55 9 11 0.021977318 
312 87 7 9 0.02195266 
200 68 8 10 0.021946069 
911 153 18 23 0.021881046 
311 260 10 12 0.021823242 
376 68 8 10 0.021817872 
974 214 14 18 0.021815784 
625 213 9 12 0.02176807 
846 117 9 11 0.021730633 
344 311 8 10 0.021717627 
744 222 9 11 0.021707442 
960 141 8 10 0.021691164 
848 179 10 13 0.021682616 
679 269 9 11 0.02167671 
813 110 9 12 0.021676637 
901 213 9 11 0.021673199 
760 65 7 9 0.02167215 
303 31 7 9 0.021668978 
281 96 8 11 0.02165613 
1014 213 9 14 0.021654803 
137 182 9 11 0.021597492 
336 269 9 11 0.021567633 
137 203 9 12 0.021526916 
352 278 11 15 0.021508582 
638 255 9 11 0.02148179 
87 318 10 12 0.021467369 
872 119 7 9 0.02146086 
208 69 8 10 0.021443754 
985 195 10 13 0.021439506 
554 116 14 17 0.02143485 
296 240 8 10 0.021432837 
42 56 7 9 0.021413555 
336 33 6 8 0.021383775 
30 168 10 13 0.021336935 
647 214 8 9 0.021334616 
312 103 8 10 0.02132315 
297 24 9 11 0.021306748 
62 244 8 11 0.021276932 
119 192 9 10 0.02124862 
638 277 9 13 0.021235744 
94 183 8 10 0.021234043 
111 331 9 12 0.021222323 
117 182 10 12 0.021197502 
327 104 7 9 0.02118015 
622 236 9 11 0.021166611 
546 51 13 18 0.02116625 
5 70 9 12 0.021148708 
871 249 13 19 0.02114011 
875 246 11 14 0.021125965 
32 65 8 9 0.021095375 
760 172 9 12 0.021013012 
343 269 8 11 0.02100481 
612 284 14 18 0.020995734 
837 192 18 24 0.0209699 
705 185 6 8 0.020967329 
600 292 10 15 0.020944744 
288 46 8 9 0.020912433 
143 85 8 9 0.020861967 
37 71 8 9 0.020839343 
127 73 7 9 0.020832255 
150 277 10 12 0.020826068 
968 227 11 14 0.020821173 
985 180 9 11 0.0208209 
670 261 9 12 0.020798463 
120 215 7 9 0.020793706 
989 294 13 16 0.020785434 
94 316 9 12 0.020778513 
952 166 8 11 0.020776147 
965 251 12 16 0.020772593 
689 253 8 11 0.020764653 
503 114 12 15 0.020751711 
597 270 10 13 0.020739969 
362 55 7 9 0.020716209 
175 223 10 15 0.020692416 
46 207 9 11 0.02069163 
30 182 8 10 0.020671997 
720 150 7 10 0.020641843 
311 269 10 12 0.020626662 
14 12 10 12 0.020622425 
99 202 21 24 0.020620836 
263 200 8 10 0.020619318 
273 41 6 9 0.020599587 
127 308 9 11 0.020598507 
612 261 11 12 0.020597057 
369 40 8 10 0.020593418 
255 200 18 24 0.02058843 
736 184 10 12 0.020571351 
926 283 14 20 0.020558625 
304 23 7 10 0.020535804 
81 309 10 12 0.020525439 
23 64 8 9 0.020512866 
744 236 12 15 0.020506553 
845 191 10 12 0.020492468 
273 62 6 9 0.020469312 
844 212 11 14 0.020441104 
477 118 10 13 0.020413985 
478 179 12 15 0.020408459 
783 134 8 10 0.020402282 
0 223 18 24 0.020388728 
968 237 23 27 0.02034776 
516 109 11 14 0.02032546 
365 261 10 12 0.020322088 
312 238 8 10 0.020319648 
493 78 9 11 0.0203194 
159 63 8 10 0.020317882 
135 192 8 10 0.020306535 
954 117 7 9 0.020296404 
586 28 14 20 0.020288471 
935 180 9 10 0.020266991 
913 173 9 11 0.020245297 
833 93 8 11 0.020240132 
702 272 8 11 0.020235153 
498 54 8 10 0.020234413 
877 265 11 17 0.020230297 
649 246 8 10 0.020228175 
353 79 8 10 0.02022737 
174 260 9 11 0.020221697 
153 8 8 10 0.020196626 
0 322 9 16 0.020184994 
63 23 7 9 0.020168992 
237 221 11 15 0.020159373 
736 157 9 11 0.020117205 
207 46 8 9 0.020103965 
840 94 8 10 0.020095887 
656 201 7 8 0.020090893 
736 125 8 10 0.02007238 
369 117 7 9 0.020043243 
151 31 8 9 0.020040715 
681 78 8 10 0.020031272 
205 86 9 11 0.020021187 
741 118 8 10 0.02001975 
671 158 9 10 0.020008232 
290 70 7 10 0.0200021 
