35_Basketball_playingbasketball_35_606
152
26 381 15 19 0.9516127 
949 381 14 17 0.7762104 
381 193 22 26 0.7454851 
76 388 16 19 0.61614186 
194 202 25 31 0.49177715 
240 401 12 17 0.4484078 
1 409 12 18 0.36668992 
652 424 14 20 0.32700127 
746 356 21 26 0.30216584 
890 394 10 14 0.2711168 
604 17 447 506 0.26157847 
838 404 10 13 0.16807967 
878 382 8 13 0.16416119 
869 395 9 14 0.12794888 
327 357 42 57 0.12556276 
983 438 11 13 0.11974692 
872 388 10 15 0.111704916 
912 438 9 13 0.095461115 
791 403 11 15 0.07938986 
782 405 13 17 0.076654024 
24 434 14 19 0.07287068 
187 210 18 21 0.07275105 
856 365 8 10 0.06764522 
553 445 8 11 0.06609153 
782 413 10 13 0.06251641 
989 436 12 15 0.061144542 
133 376 25 31 0.0609365 
4 378 12 16 0.058902897 
796 405 9 12 0.05629205 
496 419 10 13 0.05549696 
796 398 10 12 0.055367712 
982 441 14 18 0.054982077 
845 397 10 15 0.052411787 
996 437 10 12 0.04956779 
85 444 9 14 0.04954663 
775 406 10 14 0.04646059 
850 429 9 12 0.045426715 
776 412 11 14 0.045150224 
833 403 11 15 0.043734513 
945 384 13 16 0.04327533 
33 386 12 15 0.042877465 
829 396 11 15 0.042716026 
432 424 7 9 0.042537007 
815 368 8 10 0.041616376 
4 287 16 20 0.04135938 
879 376 8 12 0.04113434 
927 380 9 15 0.04085844 
44 420 14 19 0.040540457 
824 404 9 14 0.04048002 
789 410 11 15 0.03973892 
967 446 10 13 0.038506407 
784 398 20 28 0.03814186 
996 443 12 16 0.037866082 
766 413 10 13 0.037497856 
849 364 8 11 0.037257127 
44 398 13 17 0.03714405 
694 420 9 13 0.036196433 
18 487 14 18 0.03609067 
393 134 400 481 0.035362717 
575 423 7 10 0.035317384 
815 372 8 10 0.034742765 
919 379 11 15 0.034518577 
456 423 8 11 0.034384493 
861 365 9 11 0.034276802 
885 387 19 23 0.03406643 
12 288 15 18 0.033839457 
984 432 21 25 0.032534525 
118 417 23 30 0.03250983 
1014 378 10 15 0.032327384 
343 446 8 11 0.032297187 
90 409 12 17 0.031731516 
51 405 13 16 0.031262416 
269 428 10 14 0.029878883 
163 235 12 17 0.029628227 
959 365 9 11 0.029619578 
438 422 8 10 0.029345434 
557 445 8 10 0.02922831 
15 381 20 25 0.029038303 
966 365 9 12 0.028940266 
30 416 14 20 0.028916834 
928 363 9 14 0.028688783 
47 381 12 15 0.028366279 
872 382 17 25 0.028096436 
28 427 13 18 0.027861146 
1005 444 11 17 0.027839782 
6 407 21 27 0.027073096 
900 389 10 13 0.02678623 
20 286 16 20 0.026732186 
-2 406 19 29 0.026618708 
1013 451 11 15 0.026219953 
294 444 9 13 0.026094073 
440 416 8 10 0.025866682 
924 388 10 14 0.025674142 
782 390 12 15 0.025510402 
170 187 102 135 0.025428347 
916 199 13 16 0.025423897 
917 359 11 15 0.025222903 
839 374 9 11 0.02501297 
655 286 32 35 0.024828412 
948 346 11 15 0.024807917 
956 375 12 16 0.024739154 
80 396 22 27 0.02412458 
854 438 10 14 0.024063522 
-67 131 203 219 0.02396235 
885 382 11 15 0.023615984 
118 425 14 18 0.023608936 
75 450 25 39 0.023556476 
942 374 13 16 0.02353827 
789 405 23 28 0.023524063 
124 373 24 30 0.023417948 
834 395 19 24 0.023299394 
862 384 20 27 0.023181655 
944 374 22 27 0.02292512 
14 378 13 17 0.022903675 
841 366 7 10 0.022730814 
870 400 11 15 0.022655385 
933 371 11 14 0.02253712 
55 285 13 16 0.022393683 
216 422 10 12 0.0222721 
636 445 10 12 0.02212218 
861 445 12 16 0.022118779 
186 215 30 33 0.022057995 
1002 400 17 20 0.022046946 
288 353 52 61 0.022006746 
33 407 23 26 0.021974094 
925 397 10 12 0.021906482 
984 362 10 12 0.021810561 
193 38 386 486 0.02175313 
918 406 12 16 0.02173634 
221 420 12 14 0.021675859 
833 367 7 10 0.021594092 
75 399 17 21 0.021551903 
932 365 11 13 0.02140953 
894 382 11 15 0.02120225 
426 429 8 10 0.021152345 
445 380 10 13 0.021087958 
558 439 8 11 0.02107501 
426 425 7 9 0.021072472 
871 365 8 11 0.020943012 
832 410 10 13 0.020870198 
39 403 14 16 0.02085272 
822 368 8 10 0.020830825 
3 398 13 16 0.020750046 
809 367 8 11 0.020658968 
654 414 10 13 0.020645648 
852 395 13 17 0.02063023 
333 463 9 10 0.020512467 
974 443 13 17 0.02027486 
466 212 12 14 0.020182561 
501 403 10 14 0.020137627 
951 364 9 12 0.02009705 
934 379 11 15 0.020025235 
