35_Basketball_Basketball_35_327
89
789 169 29 39 0.9979588 
539 153 26 34 0.9971404 
82 161 28 36 0.99669015 
763 146 26 35 0.9944935 
915 144 37 49 0.9943072 
967 183 31 39 0.9903137 
828 147 26 36 0.98952407 
24 177 23 31 0.98743236 
737 154 23 31 0.9869429 
665 154 25 29 0.98279786 
404 232 59 85 0.9757189 
383 174 24 29 0.9745813 
595 161 22 29 0.9610672 
435 161 21 27 0.9607038 
185 182 19 26 0.95860416 
464 180 20 28 0.9530467 
249 169 20 25 0.94311666 
490 177 18 21 0.9365204 
635 170 21 28 0.93274504 
322 185 19 23 0.918094 
983 157 23 27 0.8015509 
750 154 23 30 0.23213254 
1012 132 11 16 0.21211319 
567 163 14 19 0.19046839 
663 173 354 467 0.13428496 
1012 177 11 16 0.108982585 
453 181 24 31 0.107186735 
463 152 429 459 0.10213656 
743 142 39 46 0.10082861 
270 147 13 14 0.100688435 
974 166 31 38 0.08364572 
1 235 16 18 0.067865916 
279 179 13 16 0.057536986 
215 136 9 11 0.051653106 
627 234 15 21 0.051115103 
530 187 15 20 0.049733274 
58 211 17 20 0.049403455 
415 226 38 55 0.04833834 
463 173 14 19 0.04809543 
14 242 14 18 0.046268918 
247 238 15 18 0.04582945 
290 217 23 31 0.043550756 
770 371 259 276 0.040495787 
701 328 14 19 0.040136047 
93 157 25 33 0.037778918 
54 274 256 234 0.036383994 
20 237 14 19 0.03599415 
466 244 53 67 0.035660114 
622 257 12 17 0.03401573 
140 217 17 21 0.032800965 
510 194 14 17 0.032427106 
207 136 9 11 0.0322055 
237 158 11 14 0.03190425 
269 153 15 18 0.03133117 
491 164 20 27 0.03075264 
293 158 11 14 0.03055509 
275 143 11 13 0.030390095 
706 177 14 19 0.029155474 
954 186 28 35 0.028804734 
690 408 16 20 0.028139217 
279 202 12 17 0.028050533 
987 152 17 20 0.027732834 
327 182 24 29 0.025945738 
429 241 58 75 0.025898367 
497 155 16 18 0.025829883 
318 150 12 15 0.025718158 
206 157 12 15 0.024797495 
230 136 9 11 0.024448426 
564 175 21 28 0.024412075 
304 174 10 14 0.024170142 
697 328 22 34 0.023943167 
19 217 16 21 0.02387917 
778 179 29 35 0.023461439 
140 172 15 18 0.023035252 
469 173 22 29 0.022576282 
12 429 14 21 0.022347504 
192 172 20 27 0.02207974 
74 432 18 22 0.02199329 
229 165 12 15 0.021747964 
462 164 15 19 0.021331822 
213 152 11 13 0.021293974 
212 234 13 17 0.021263298 
551 162 26 33 0.021088159 
611 423 11 14 0.021074656 
617 228 25 35 0.020707484 
301 139 11 13 0.020635655 
1003 166 21 28 0.020389216 
995 5 27 31 0.020206261 
222 164 13 15 0.020081986 
