35_Basketball_basketballgame_ball_35_412
30
657 160 69 91 0.998611 
853 206 64 96 0.9887242 
108 174 261 337 0.9067195 
58 198 63 71 0.7050681 
824 470 59 55 0.26010853 
541 301 23 29 0.22109702 
0 240 12 22 0.16598162 
3 786 29 36 0.15429978 
221 19 69 73 0.1083756 
83 -2 45 38 0.0910689 
982 648 12 16 0.07809799 
844 678 17 20 0.067966454 
616 301 46 55 0.060599744 
1009 490 15 23 0.047996193 
820 495 78 68 0.0470658 
500 270 92 142 0.037697915 
879 656 12 15 0.03517619 
988 647 10 15 0.033813495 
425 746 62 77 0.031346757 
790 110 13 17 0.02814235 
113 362 174 125 0.027802678 
801 454 96 91 0.025937447 
-2 757 14 25 0.02438241 
765 195 46 61 0.023006402 
911 655 13 16 0.021485016 
53 188 96 136 0.021033444 
166 397 369 456 0.02085685 
0 793 14 23 0.020757291 
978 645 20 28 0.020607611 
896 629 10 15 0.020428328 
