35_Basketball_playingbasketball_35_644
19
334 199 178 234 0.9993949 
716 364 296 270 0.49637762 
707 1222 296 272 0.10066297 
550 724 430 588 0.09609993 
405 1067 352 456 0.07902441 
723 401 126 180 0.075818226 
532 215 415 455 0.07272339 
949 1093 82 156 0.06538629 
498 1309 28 34 0.053522166 
-4 1260 75 131 0.0518151 
581 934 252 344 0.047170125 
0 1290 109 173 0.03910081 
405 514 39 36 0.03607503 
876 1295 49 65 0.0314485 
465 26 234 308 0.025822125 
468 1184 221 282 0.022449091 
771 1246 102 153 0.021091204 
460 82 334 461 0.020406514 
402 169 180 255 0.020289235 
