35_Basketball_basketballgame_ball_35_133
28
731 102 221 286 0.99792993 
337 111 158 197 0.9973775 
701 65 103 167 0.9846709 
118 40 155 213 0.9768172 
703 57 196 222 0.22810183 
655 206 255 254 0.18071857 
68 240 164 245 0.12939508 
612 359 111 170 0.08027571 
45 29 171 245 0.08008801 
622 40 156 214 0.07231766 
225 55 157 221 0.06552699 
80 298 109 144 0.05921336 
498 349 202 239 0.05713891 
191 183 354 443 0.0443 
362 59 117 161 0.03731363 
688 118 66 111 0.03625732 
81 285 63 68 0.03476389 
618 124 397 481 0.03437214 
83 325 70 79 0.03436237 
163 86 182 261 0.033369087 
137 222 212 303 0.030046562 
137 283 114 176 0.029901586 
705 293 147 157 0.028254991 
47 178 354 501 0.02529135 
12 49 105 152 0.024072751 
552 222 224 306 0.023735879 
721 166 146 185 0.02081507 
263 102 176 242 0.020053316 
