35_Basketball_Basketball_35_107
458
418 53 126 188 0.9991511 
931 441 34 42 0.99780613 
890 375 29 37 0.9974927 
690 543 51 60 0.99281126 
849 386 27 33 0.99261826 
948 369 27 35 0.9906557 
41 211 77 104 0.9872608 
318 64 17 22 0.9687663 
850 302 23 28 0.9657089 
602 515 42 54 0.9642646 
789 349 17 23 0.9485665 
664 444 26 31 0.9401772 
742 481 27 37 0.9032295 
735 351 19 22 0.8908641 
618 451 27 34 0.8898871 
222 69 13 18 0.8823298 
856 355 21 27 0.8754182 
990 495 35 59 0.85350525 
748 377 21 27 0.8400478 
293 9 17 22 0.8390898 
614 106 15 18 0.8365316 
166 71 13 17 0.82665586 
845 133 21 25 0.8047406 
916 121 19 22 0.8010968 
210 99 16 19 0.7929017 
963 491 38 63 0.7454513 
815 408 22 27 0.72299373 
779 221 19 25 0.71506107 
952 499 34 49 0.70767546 
817 92 17 21 0.706907 
918 362 21 27 0.7019762 
363 90 17 24 0.69158185 
819 335 24 27 0.679058 
687 201 18 24 0.67463344 
263 169 14 18 0.6560736 
214 279 173 213 0.6404388 
749 75 13 17 0.63206875 
272 68 13 17 0.6279344 
336 122 15 20 0.6247792 
747 11 13 15 0.62299097 
629 79 14 19 0.6226918 
311 165 15 19 0.60361415 
144 42 13 17 0.60306513 
787 9 15 19 0.5691738 
683 79 13 16 0.5644211 
676 17 13 18 0.56099933 
1006 345 17 24 0.560778 
316 97 16 21 0.54996026 
773 92 17 21 0.5270303 
744 45 13 17 0.5005549 
291 39 13 18 0.49833038 
678 511 32 47 0.49524218 
227 9 15 19 0.4650176 
587 28 12 18 0.44915503 
725 231 21 28 0.4296914 
260 26 14 18 0.41480893 
781 156 20 27 0.41045833 
292 121 14 18 0.40814573 
233 120 15 18 0.3973879 
199 45 12 15 0.38249013 
270 0 15 18 0.37297145 
224 356 23 27 0.32861066 
134 9 15 18 0.31187642 
181 5 12 16 0.30257258 
808 143 23 30 0.28087768 
162 282 21 29 0.27713552 
624 63 9 12 0.27188036 
881 88 15 20 0.25649616 
605 503 31 39 0.23099904 
184 59 12 15 0.22652955 
802 393 14 19 0.22605935 
91 152 27 31 0.2259051 
311 101 12 16 0.21202554 
795 0 17 17 0.20531023 
1005 104 17 25 0.19649467 
968 18 14 19 0.19037779 
730 483 26 33 0.18906751 
279 202 14 18 0.18603176 
192 24 12 17 0.18270488 
390 29 13 20 0.1775787 
796 379 14 18 0.15823343 
1006 383 18 23 0.15470287 
235 10 13 18 0.14916722 
23 4 13 14 0.14741161 
0 479 52 100 0.14614937 
188 0 15 19 0.14294827 
720 84 12 15 0.14170499 
836 213 22 30 0.14097236 
711 480 27 32 0.13782778 
647 851 137 148 0.13715886 
202 327 17 22 0.13683589 
836 163 13 16 0.13667707 
841 61 17 22 0.13503201 
838 209 16 20 0.13217154 
787 149 23 30 0.12866157 
755 501 64 89 0.12727241 
240 101 11 14 0.12194647 
195 0 12 12 0.12116417 
908 58 13 17 0.11906685 
245 99 12 16 0.118967324 
225 182 17 21 0.11857377 
581 32 16 19 0.113928035 
335 28 14 18 0.11182361 
278 149 12 16 0.10861678 
684 98 13 17 0.10756543 
238 199 15 19 0.106557146 
917 337 15 19 0.10614936 
730 121 14 18 0.10280929 
882 339 16 19 0.10226364 
706 50 14 18 0.102143236 
757 3 14 16 0.101251185 
767 363 15 17 0.09849788 
201 194 15 20 0.09757145 
284 199 15 18 0.09700105 
777 381 17 20 0.09694549 
148 6 15 19 0.095659085 
782 2 17 19 0.095214516 
1 171 13 17 0.09389542 
877 136 21 27 0.09159349 
869 110 14 18 0.08974547 
299 122 13 17 0.089265436 
678 96 12 17 0.08562113 
746 476 47 65 0.08548474 
760 130 17 21 0.085192055 
355 123 13 17 0.08333452 
137 88 16 21 0.082575165 
675 499 27 38 0.08235472 
310 51 11 15 0.08101997 
1012 443 11 20 0.078934915 
692 10 13 17 0.07653856 
918 348 21 26 0.07622773 
251 102 11 14 0.075527586 
254 122 10 15 0.07443591 
672 189 31 36 0.07265414 
188 66 12 16 0.07208379 
725 3 12 15 0.071431294 
724 151 13 18 0.07139959 
815 128 14 18 0.07122624 
338 49 16 22 0.071103044 
789 112 15 19 0.07072723 
868 67 14 17 0.07008104 
906 365 27 36 0.06984524 
588 0 16 18 0.06978419 
937 366 25 32 0.068429776 
275 122 11 15 0.06820585 
114 22 14 19 0.06778891 
798 375 21 27 0.06736717 
773 163 21 26 0.06684704 
685 11 13 18 0.06643276 
672 11 14 19 0.066221274 
858 376 23 31 0.06620997 
954 363 18 22 0.064700134 
402 117 14 20 0.06448158 
740 194 15 21 0.06428672 
708 77 13 18 0.06336144 
677 43 12 15 0.06272739 
661 41 13 17 0.062159467 
342 119 20 25 0.061769508 
310 120 12 17 0.060791448 
652 115 13 17 0.060576916 
707 483 18 22 0.06017973 
636 19 12 18 0.05955436 
823 97 15 19 0.05895275 
746 149 15 19 0.05862311 
306 140 13 18 0.058286086 
713 358 13 16 0.05818553 
765 3 13 15 0.05744924 
748 104 16 19 0.057035815 
835 192 17 21 0.05699229 
1000 395 23 32 0.056737356 
751 168 24 30 0.056650754 
642 518 29 37 0.05645779 
980 150 14 18 0.055590443 
725 11 12 16 0.05545049 
199 355 140 192 0.055437654 
844 339 13 18 0.055355392 
876 59 14 18 0.055291392 
909 199 28 37 0.05505942 
811 322 15 18 0.05481138 
895 363 24 34 0.054420903 
179 138 14 19 0.053995013 
729 457 18 21 0.053123206 
305 102 12 16 0.051810086 
607 428 41 55 0.051437717 
691 32 15 19 0.051189214 
927 36 14 18 0.049979765 
681 87 17 23 0.04976125 
814 337 17 21 0.049240027 
929 357 13 17 0.048467778 
928 492 53 75 0.048300724 
714 234 23 30 0.04772685 
204 146 12 17 0.047412224 
69 69 13 18 0.04696205 
164 258 40 57 0.04674915 
242 356 14 20 0.046728455 
989 1 15 16 0.046008673 
789 137 27 32 0.0458192 
789 2 13 13 0.045615762 
381 72 13 18 0.045563385 
580 41 13 17 0.045465004 
245 122 11 16 0.045422822 
863 116 20 28 0.044690426 
795 107 17 20 0.044463027 
302 240 15 19 0.044254247 
195 194 24 33 0.0439534 
798 186 17 20 0.043704133 
242 5 15 16 0.043585885 
222 370 14 20 0.042723484 
316 120 12 17 0.042143058 
336 200 15 19 0.04204603 
891 57 14 18 0.04187925 
228 268 105 153 0.041729067 
744 79 13 18 0.04162344 
958 28 15 18 0.041586857 
846 361 15 20 0.0405712 
738 463 116 151 0.04039679 
748 476 16 20 0.04034866 
236 107 12 16 0.04034075 
647 59 11 14 0.040309194 
1000 518 27 44 0.040025458 
204 65 13 19 0.03974248 
182 231 44 62 0.039650228 
731 -1 12 12 0.03942561 
668 40 13 18 0.038988415 
835 137 22 29 0.038646594 
675 7 12 15 0.03832178 
867 23 18 23 0.038043287 
912 340 13 15 0.037513655 
311 108 19 27 0.037408542 
973 455 22 28 0.036894593 
884 349 17 23 0.03671195 
666 508 31 42 0.036680814 
865 131 22 30 0.036475044 
825 219 24 29 0.036263257 
900 362 14 19 0.036184717 
-1 570 33 53 0.035938233 
802 129 25 32 0.03584286 
717 62 12 15 0.03583427 
699 4 14 17 0.0357743 
862 342 14 17 0.03539741 
139 145 16 21 0.035337117 
666 74 14 20 0.035169583 
691 521 33 40 0.03501468 
198 137 15 19 0.034999643 
800 360 22 29 0.034908094 
745 159 19 23 0.034845598 
963 354 16 20 0.03472324 
98 41 16 21 0.034702204 
652 175 52 60 0.03431889 
772 390 18 22 0.033943888 
912 169 12 16 0.033528164 
753 9 14 17 0.033498056 
891 91 13 18 0.03299794 
192 45 13 15 0.03292419 
662 48 13 16 0.032652613 
759 60 11 14 0.0326252 
834 337 16 21 0.032473624 
91 10 18 20 0.03237708 
910 413 23 30 0.032116063 
623 91 22 31 0.03204471 
876 130 15 22 0.03182906 
755 71 13 18 0.03181187 
780 50 15 18 0.0316146 
833 119 24 29 0.031605557 
869 339 15 18 0.03158367 
667 77 19 26 0.03151477 
286 83 12 16 0.031492405 
264 2 15 18 0.03146646 
347 164 15 18 0.031408302 
241 101 20 25 0.03137438 
883 127 23 29 0.031248499 
885 58 13 18 0.031144133 
102 187 45 58 0.031083772 
81 150 43 50 0.030942556 
949 2 15 18 0.030846601 
720 278 16 18 0.030567732 
609 423 30 35 0.030560488 
856 135 16 21 0.030528963 
332 26 21 31 0.030475115 
773 1 15 16 0.030176802 
676 497 17 22 0.030002812 
625 437 27 38 0.029898142 
819 134 27 33 0.029882256 
959 18 21 26 0.029562587 
687 27 12 17 0.029533394 
653 441 26 33 0.029504536 
1011 135 12 20 0.029481923 
285 5 21 22 0.029481243 
221 133 11 13 0.029480495 
786 382 20 26 0.029285962 
899 117 24 30 0.029283948 
701 0 12 12 0.029160956 
116 120 22 30 0.029103164 
916 166 12 16 0.02905677 
388 67 14 20 0.029024782 
779 188 15 18 0.028930327 
628 68 12 15 0.02889078 
341 41 24 32 0.02883153 
778 371 15 18 0.028663639 
86 66 12 17 0.028607124 
876 331 15 20 0.028566334 
775 51 13 16 0.028559892 
232 112 11 15 0.028553614 
972 131 13 17 0.0285162 
871 349 22 28 0.02833604 
265 31 14 19 0.028272733 
133 95 16 21 0.028266067 
713 421 219 223 0.02820163 
257 32 13 19 0.028156988 
107 43 15 19 0.028153567 
129 226 46 64 0.028148735 
323 112 20 25 0.02808859 
16 7 23 28 0.027932188 
765 81 21 25 0.027920637 
652 53 11 14 0.02791052 
205 39 11 16 0.027888149 
244 19 12 16 0.027754946 
269 325 36 50 0.027666941 
959 451 26 33 0.027587341 
264 21 15 19 0.027476674 
203 133 13 16 0.027475493 
828 156 22 28 0.027375204 
577 37 12 15 0.02726402 
741 532 54 77 0.02726009 
222 77 15 20 0.027162552 
638 32 12 17 0.026989259 
927 77 14 18 0.026928354 
702 46 13 18 0.026830334 
703 517 70 95 0.02682239 
189 51 13 17 0.02681613 
842 205 25 32 0.026716474 
44 718 392 477 0.026597304 
223 13 14 19 0.026465442 
301 0 13 13 0.026453445 
891 32 14 17 0.02612507 
172 93 11 14 0.026118143 
642 146 16 23 0.026115106 
298 38 14 17 0.026021283 
771 367 17 20 0.026004931 
198 190 14 18 0.025906444 
637 68 13 16 0.025831189 
761 162 23 28 0.02578526 
220 366 31 39 0.025729008 
114 45 12 15 0.02567573 
255 308 65 96 0.025563223 
874 52 15 18 0.025556495 
326 121 23 29 0.025330298 
288 14 15 20 0.02531174 
129 122 15 20 0.025289029 
213 43 12 16 0.02528883 
919 106 23 31 0.025256507 
834 323 12 16 0.0252518 
302 130 12 16 0.025195513 
256 22 12 17 0.025135677 
308 131 12 17 0.025017332 
226 167 25 31 0.02498462 
806 158 16 22 0.02484049 
133 234 29 41 0.02480594 
201 106 11 15 0.024693944 
84 89 17 21 0.02465901 
876 371 14 20 0.02457605 
735 69 11 15 0.024570853 
779 361 15 19 0.024536323 
165 3 15 18 0.024519268 
785 183 22 26 0.02447798 
587 500 44 61 0.024452379 
770 355 20 24 0.024397103 
950 123 13 18 0.024395984 
824 322 19 20 0.02429686 
204 49 12 16 0.024267726 
891 354 15 18 0.024207106 
190 124 14 17 0.023736954 
1011 358 14 22 0.023680383 
341 168 25 30 0.02356145 
783 127 25 32 0.023481064 
723 78 13 18 0.023466159 
36 138 30 38 0.023279935 
195 43 20 24 0.023248324 
725 538 33 42 0.023241464 
873 374 23 29 0.023187613 
198 67 13 17 0.02311129 
879 75 22 28 0.023100141 
104 49 23 31 0.023043247 
408 985 11 15 0.02303707 
720 0 12 12 0.022936542 
684 41 14 18 0.022902515 
777 197 25 33 0.022863667 
874 75 16 20 0.022808785 
789 113 26 30 0.022795767 
954 480 29 36 0.022706859 
0 504 29 62 0.022583341 
807 393 17 22 0.022492785 
688 6 13 16 0.022305874 
829 12 13 19 0.022096468 
909 21 13 16 0.022079201 
678 445 25 31 0.02200887 
735 74 13 17 0.021988627 
45 121 31 38 0.021939475 
182 46 13 16 0.021894634 
762 183 15 20 0.021865647 
368 83 15 20 0.021858275 
652 27 12 17 0.021849174 
389 432 197 214 0.021846693 
375 74 23 31 0.021839762 
707 12 12 15 0.021837553 
930 349 13 16 0.02183522 
749 23 13 17 0.021711241 
866 209 17 21 0.021697376 
780 145 16 22 0.021679863 
930 371 16 24 0.021589657 
774 184 14 20 0.02156527 
661 70 14 18 0.021555806 
207 61 11 15 0.02147625 
188 9 13 19 0.02147219 
691 855 82 86 0.021462103 
175 145 15 20 0.021417513 
924 27 22 29 0.021406345 
878 61 21 26 0.02139179 
765 61 13 15 0.021367101 
286 191 12 16 0.021359574 
795 350 21 25 0.021354463 
213 61 12 15 0.021350857 
647 -2 13 13 0.021348583 
803 95 20 26 0.02127099 
767 68 12 15 0.021246728 
238 114 19 25 0.021119026 
320 103 16 20 0.02109316 
353 50 15 19 0.021062812 
290 141 23 28 0.021027207 
731 12 11 16 0.021026341 
657 76 22 28 0.021023769 
802 111 15 20 0.021015324 
760 356 12 17 0.021013007 
219 348 50 68 0.020992406 
690 36 20 26 0.02095493 
283 153 14 16 0.020922342 
203 188 23 31 0.02090831 
321 50 21 29 0.020816864 
856 424 23 29 0.020808555 
569 44 233 246 0.020790812 
954 0 15 15 0.020723283 
814 318 25 28 0.02069401 
873 19 15 19 0.020609373 
997 377 15 20 0.020590281 
113 64 15 21 0.020540675 
651 490 17 19 0.020410355 
121 202 46 61 0.020313563 
852 270 15 20 0.020288052 
738 123 14 17 0.020265413 
806 329 15 21 0.020244766 
781 167 26 30 0.020213293 
874 324 15 18 0.020212136 
12 150 14 19 0.020159015 
744 16 14 17 0.020139065 
885 473 89 124 0.020121012 
783 114 14 18 0.020120163 
78 169 49 60 0.020058958 
863 365 19 25 0.020045618 
