35_Basketball_playingbasketball_35_674
110
368 150 64 83 0.998139 
16 233 33 46 0.9962225 
150 65 35 45 0.9952544 
90 8 29 35 0.9927603 
186 138 43 52 0.9868461 
289 116 28 34 0.9861436 
214 76 24 34 0.98344654 
859 259 31 39 0.9686139 
173 17 29 37 0.96510935 
-1 88 24 50 0.96172667 
562 103 27 35 0.94011176 
406 17 28 37 0.9292172 
983 23 38 85 0.9226133 
633 44 44 75 0.91023004 
266 82 29 39 0.88612324 
596 276 34 40 0.8586517 
508 30 22 29 0.83969724 
949 251 23 27 0.8024523 
602 25 22 30 0.7859266 
352 9 23 31 0.77308494 
478 107 23 29 0.6348809 
451 41 27 36 0.6193186 
999 249 22 27 0.5474367 
874 169 26 31 0.52618384 
801 51 22 31 0.48560122 
357 92 26 32 0.47221652 
449 24 26 34 0.41906592 
841 136 23 29 0.33568925 
900 84 21 25 0.3129841 
819 142 39 51 0.23753786 
1002 312 19 26 0.21304192 
981 126 17 22 0.17367728 
625 54 33 48 0.16486561 
452 20 18 22 0.15494053 
932 82 16 21 0.1501538 
579 72 25 31 0.14672287 
490 143 30 40 0.13253921 
263 -3 37 33 0.09979254 
696 30 43 62 0.094327055 
973 178 16 21 0.09008041 
901 74 16 20 0.0864581 
340 117 39 55 0.08588521 
120 130 43 54 0.08327458 
554 35 21 28 0.083209604 
800 128 40 54 0.082186535 
471 106 40 50 0.07604685 
794 112 39 50 0.07555676 
808 152 32 41 0.07357741 
426 133 33 51 0.07192238 
681 44 45 68 0.07037995 
351 100 39 50 0.057911437 
781 89 32 42 0.05171567 
250 28 22 30 0.0508721 
155 278 48 61 0.05045151 
482 67 16 20 0.050071396 
846 146 42 53 0.047683675 
739 46 27 32 0.04436174 
564 348 29 36 0.043406308 
243 35 23 32 0.040649887 
309 29 25 32 0.040491987 
914 341 37 56 0.039640438 
275 96 35 44 0.0377845 
271 67 27 38 0.03727406 
221 53 37 48 0.0352879 
661 48 38 55 0.035005838 
157 4 40 44 0.033444896 
626 73 20 29 0.03336077 
229 37 23 30 0.031954505 
1001 296 22 33 0.03163632 
515 34 26 33 0.030694373 
162 -1 32 27 0.030673731 
908 285 21 31 0.027737116 
570 63 26 32 0.027525011 
96 184 29 37 0.027489066 
947 299 15 21 0.027470695 
612 54 76 98 0.0273699 
452 191 44 59 0.026932022 
782 103 37 49 0.02662745 
316 0 19 22 0.026328534 
912 83 16 21 0.026287815 
389 132 56 81 0.025913134 
507 142 39 54 0.025557358 
254 19 25 31 0.02531789 
239 53 41 52 0.02523203 
536 142 29 37 0.024653507 
329 126 29 41 0.024620885 
279 -1 21 18 0.024594791 
-1 146 37 58 0.023828449 
301 91 15 20 0.023765763 
205 136 33 43 0.023730641 
102 157 41 54 0.02369027 
867 156 41 50 0.02316404 
591 71 26 33 0.022430435 
647 272 32 34 0.022412356 
596 19 39 50 0.022100981 
936 89 15 20 0.021963237 
998 308 16 22 0.021949224 
451 124 39 53 0.021780994 
617 143 45 61 0.021732071 
658 65 54 65 0.021645363 
530 41 18 24 0.021492686 
441 132 27 45 0.021490254 
572 144 29 37 0.021117566 
419 67 24 29 0.020912781 
400 276 115 131 0.020908318 
693 72 51 64 0.020792814 
939 263 27 33 0.020539317 
222 44 25 35 0.020310538 
208 87 38 47 0.020249827 
895 80 18 23 0.020216193 
