35_Basketball_Basketball_35_579
161
902 94 51 67 0.9966804 
264 528 23 31 0.9877123 
409 341 24 30 0.98635906 
734 297 44 53 0.9808524 
478 568 20 28 0.9534364 
81 97 25 31 0.93840355 
77 598 24 31 0.8819129 
201 213 25 32 0.7944293 
493 113 23 33 0.33413586 
664 430 187 248 0.32471633 
393 450 11 14 0.15562038 
840 141 50 65 0.14804499 
512 81 24 30 0.12902279 
55 132 12 15 0.09692161 
563 227 380 508 0.09056223 
105 381 10 13 0.08371803 
489 -46 345 430 0.082888365 
39 602 10 13 0.07973284 
142 601 11 13 0.07969967 
22 363 8 12 0.07686584 
455 403 12 15 0.07523658 
488 570 16 22 0.07494212 
466 601 13 17 0.07350704 
28 652 12 16 0.073505744 
136 604 10 12 0.070790105 
104 657 11 15 0.07045279 
693 238 53 58 0.06912154 
586 241 195 272 0.06911075 
391 411 10 14 0.06858126 
51 128 21 25 0.06261548 
69 77 14 17 0.061926592 
444 618 12 15 0.060269438 
107 147 11 14 0.05590823 
40 299 14 16 0.055524353 
31 602 10 13 0.05460984 
69 603 23 29 0.052793585 
103 601 11 15 0.050365265 
445 145 12 17 0.049614806 
466 148 15 18 0.049450915 
39 636 12 15 0.049418796 
220 193 16 23 0.04928868 
56 354 11 15 0.046174604 
445 228 11 14 0.044723917 
210 604 9 11 0.044203732 
21 647 22 28 0.043692864 
452 133 14 17 0.04359512 
44 603 10 13 0.042789653 
29 346 10 15 0.042521786 
129 604 9 11 0.042519707 
44 131 14 15 0.042030726 
173 229 22 28 0.041955758 
106 398 9 12 0.041122478 
75 89 41 50 0.040899217 
702 245 34 34 0.04041308 
104 142 12 15 0.03815975 
397 460 10 13 0.03759892 
61 654 10 13 0.037115343 
104 532 11 15 0.03647296 
78 177 13 18 0.035949666 
37 620 11 14 0.0349771 
540 244 44 53 0.03443781 
166 601 11 13 0.034239043 
41 139 18 21 0.034220733 
502 82 24 31 0.034149885 
127 620 9 11 0.033994354 
451 146 14 17 0.03389912 
87 606 17 23 0.03374759 
58 383 9 11 0.033653323 
391 418 10 14 0.03337121 
454 692 11 12 0.03303105 
390 444 19 25 0.032995123 
454 604 10 12 0.03297308 
170 78 14 17 0.03295301 
455 455 10 12 0.032582946 
328 156 24 28 0.03233832 
469 110 11 14 0.03078653 
463 116 11 14 0.030713225 
133 634 12 14 0.030522095 
184 604 10 12 0.030319855 
498 101 28 37 0.029207995 
60 348 13 15 0.028952658 
551 599 10 12 0.028924609 
549 603 11 13 0.028783664 
30 374 10 12 0.028738689 
107 693 13 17 0.028627994 
409 450 40 51 0.028468559 
36 318 12 13 0.028427772 
134 620 10 11 0.028374963 
471 570 18 25 0.028225262 
443 19 30 35 0.027849207 
125 299 10 12 0.027437111 
550 573 10 12 0.027394384 
25 348 10 15 0.027267639 
94 598 20 26 0.027216405 
102 646 12 16 0.026827581 
337 453 9 10 0.026504206 
125 126 14 16 0.026461769 
810 144 130 142 0.026291514 
127 634 11 14 0.026239634 
468 77 15 18 0.026094476 
939 399 32 38 0.025982307 
600 145 12 17 0.025951877 
138 597 19 23 0.025855903 
63 343 11 14 0.02582325 
825 134 84 101 0.025591007 
473 26 14 18 0.025565848 
30 339 11 15 0.025374437 
553 292 16 19 0.025077952 
244 144 14 17 0.024975093 
467 21 25 30 0.024794826 
120 299 10 12 0.024789408 
550 548 10 13 0.02460219 
633 310 93 127 0.024557175 
173 603 11 13 0.02442401 
446 603 10 12 0.02429735 
583 342 32 36 0.024072561 
107 500 10 12 0.02349614 
29 365 10 12 0.023324603 
31 380 9 12 0.023257913 
453 127 23 27 0.02318374 
31 326 10 13 0.022973454 
488 119 16 22 0.022876896 
38 598 21 27 0.022819074 
358 452 10 11 0.02277909 
333 603 10 13 0.02276903 
121 382 9 11 0.02275558 
478 97 12 16 0.02264856 
142 127 11 15 0.02263634 
105 431 9 12 0.022626417 
127 452 8 11 0.022400532 
148 601 9 11 0.02238619 
149 147 12 14 0.0223717 
342 453 9 11 0.02226228 
548 175 12 14 0.021996958 
167 637 9 12 0.021938726 
109 453 8 10 0.021842264 
391 126 41 54 0.0217349 
458 684 24 28 0.02173381 
551 567 10 12 0.021588828 
209 193 25 31 0.021546222 
181 238 17 21 0.021539893 
106 704 15 20 0.021365045 
123 181 14 16 0.021347139 
175 156 24 29 0.021312172 
180 220 24 31 0.021301452 
157 147 11 13 0.021237684 
860 163 35 46 0.021104552 
544 597 10 13 0.02107411 
184 451 9 11 0.020951247 
67 345 12 16 0.020938355 
105 315 10 11 0.020876564 
24 379 10 13 0.020805715 
259 161 16 18 0.020584479 
497 571 13 20 0.020543052 
325 421 9 11 0.020476084 
194 222 26 33 0.020405848 
551 590 9 12 0.020395849 
120 78 12 15 0.020152276 
35 630 21 26 0.020132788 
29 294 10 13 0.020064717 
52 646 24 30 0.020038268 
