35_Basketball_Basketball_35_549
22
723 372 46 56 0.9951652 
691 384 28 44 0.18318558 
672 385 38 52 0.08288602 
774 888 121 187 0.075324096 
6 -18 390 419 0.056994762 
650 385 30 46 0.05015599 
149 297 190 235 0.04299611 
367 246 58 60 0.029863302 
690 355 40 55 0.027882563 
441 226 50 46 0.027339274 
868 915 14 17 0.026793294 
64 75 435 530 0.025732221 
580 497 15 19 0.025565313 
526 516 11 14 0.025134938 
484 603 29 36 0.023518266 
218 810 29 34 0.022254558 
266 686 31 35 0.021287257 
532 570 11 15 0.02124109 
759 835 13 19 0.020811066 
498 597 14 18 0.02079224 
658 400 48 55 0.02076709 
824 941 66 121 0.020409392 
