35_Basketball_playingbasketball_35_449
62
341 157 93 127 0.9995529 
717 252 72 133 0.806942 
-8 653 417 530 0.1614553 
17 869 264 304 0.138901 
31 602 247 305 0.105358444 
451 1296 13 17 0.100052066 
209 764 370 520 0.066586256 
22 1227 23 27 0.05591049 
26 722 260 327 0.049045254 
766 1131 23 27 0.04706101 
4 1314 13 15 0.04273639 
259 219 53 66 0.041751552 
468 1293 17 20 0.038806435 
620 1272 24 32 0.037792925 
-10 410 115 155 0.03559497 
982 1317 9 10 0.03489066 
659 1278 16 20 0.03453663 
106 1158 28 32 0.034438957 
829 1100 14 20 0.03321279 
105 967 422 497 0.032592174 
785 981 23 29 0.03148322 
645 1287 15 19 0.031338304 
813 227 56 60 0.030327054 
648 1277 22 28 0.030058023 
632 1274 24 31 0.029695904 
39 1319 8 10 0.029319884 
494 906 66 89 0.029319705 
767 1123 13 16 0.028502041 
728 1319 9 13 0.028286884 
23 1301 11 13 0.026923107 
41 1192 26 29 0.026803926 
902 1307 10 12 0.02677764 
84 190 213 248 0.026712157 
120 431 203 219 0.025556445 
223 1278 11 13 0.024669735 
731 51 108 133 0.02460328 
134 1133 26 31 0.024325741 
41 1303 9 12 0.023901384 
729 304 100 129 0.02385278 
676 269 96 144 0.023625262 
996 1224 26 37 0.023434855 
175 193 119 167 0.023276314 
265 258 47 63 0.023213191 
1013 1326 10 15 0.022953434 
473 872 108 141 0.02293102 
162 790 30 33 0.022685312 
24 1293 11 13 0.022574725 
211 186 30 32 0.02241264 
162 1100 26 33 0.021892155 
278 277 27 34 0.021849895 
653 1296 15 18 0.021501524 
547 1297 22 26 0.021297818 
445 1292 22 27 0.021193046 
163 185 30 31 0.021147832 
271 222 33 38 0.020946067 
820 1100 15 18 0.020743543 
100 934 30 35 0.020692125 
167 629 137 195 0.020602802 
212 1286 15 18 0.020600779 
786 43 86 113 0.02057371 
611 1280 25 34 0.020413205 
68 1226 23 27 0.02016198 
