35_Basketball_Basketball_35_185
89
295 435 53 66 0.99536407 
607 719 21 28 0.9446096 
720 464 67 98 0.91337186 
457 641 37 51 0.40188792 
592 748 13 16 0.20389187 
564 763 15 19 0.16636951 
560 747 11 15 0.15357429 
466 201 429 475 0.15093625 
625 442 185 183 0.10038406 
991 765 32 41 0.09079439 
473 637 45 59 0.09064033 
526 700 14 15 0.069507785 
595 763 14 18 0.06377127 
552 463 22 26 0.061673794 
589 741 13 15 0.06084989 
746 66 115 161 0.060584664 
678 0 9 8 0.05805072 
-6 116 111 192 0.052759256 
583 654 9 12 0.050979264 
679 23 10 12 0.049643096 
608 654 9 13 0.04539358 
16 39 156 281 0.043468554 
598 723 21 28 0.042734485 
922 -8 106 153 0.041811097 
438 107 113 156 0.040718887 
698 818 23 30 0.03867529 
730 466 38 54 0.037927292 
722 483 42 57 0.037829693 
674 0 9 9 0.03743495 
506 667 14 20 0.036829602 
654 720 12 15 0.036136646 
583 662 9 13 0.035784278 
620 723 25 30 0.035449304 
703 30 14 18 0.03522534 
656 0 9 10 0.034642816 
30 863 8 11 0.03461051 
672 702 8 9 0.034026172 
582 737 14 17 0.03345581 
607 647 8 11 0.032937314 
466 59 226 221 0.032702107 
821 -4 205 288 0.03208537 
555 752 23 29 0.03180784 
250 482 13 17 0.031674895 
359 789 10 12 0.031137185 
443 154 25 36 0.030775532 
1009 639 10 14 0.030465005 
584 649 8 10 0.030309793 
688 411 138 139 0.03029003 
81 791 127 130 0.029877052 
29 868 9 12 0.029671773 
31 836 10 14 0.029546423 
965 696 9 13 0.027824318 
699 26 22 28 0.02782102 
526 671 13 18 0.027556222 
675 443 29 38 0.027480962 
685 23 11 12 0.026775405 
655 449 55 62 0.026016932 
787 573 139 202 0.025572151 
454 661 104 115 0.025559347 
693 14 10 11 0.02554884 
593 756 14 18 0.025541818 
634 732 12 17 0.025400382 
704 14 10 11 0.025104254 
418 725 31 35 0.024977125 
36 837 9 12 0.024690075 
647 662 10 12 0.024382975 
446 157 15 20 0.024197722 
103 843 10 14 0.02387978 
1014 607 8 11 0.023808304 
681 713 8 10 0.023481688 
205 872 32 52 0.023457114 
1003 623 8 11 0.023366652 
632 765 14 16 0.023173943 
860 463 15 18 0.023138775 
655 23 11 13 0.022790728 
276 462 23 34 0.02267966 
55 838 8 11 0.02236145 
683 48 14 17 0.02232411 
628 725 13 16 0.022293417 
687 -2 9 10 0.022023544 
29 855 9 10 0.021909574 
983 712 10 13 0.021464558 
705 498 135 164 0.021160731 
661 -1 10 10 0.021148717 
601 661 10 13 0.021034569 
638 -1 9 9 0.020978602 
497 655 25 35 0.020919487 
571 826 13 19 0.020918535 
425 671 8 11 0.02064394 
