8_Election_Campain_Election_Campaign_8_133
46
21 112 31 43 0.99911135 
856 192 27 33 0.99116594 
202 76 85 188 0.9863594 
904 188 25 31 0.98292637 
946 184 25 29 0.92349833 
725 176 35 39 0.87624574 
631 169 23 30 0.5814574 
359 131 28 36 0.5784873 
89 168 228 291 0.38900995 
896 243 19 21 0.25655782 
634 181 24 30 0.16052581 
961 184 18 24 0.14185996 
79 98 361 480 0.12278419 
68 122 114 169 0.10114317 
129 124 147 198 0.09408159 
478 191 12 17 0.09388915 
484 207 14 18 0.07849407 
371 125 45 50 0.078259 
634 165 16 22 0.061148427 
482 196 12 17 0.05697102 
641 170 16 20 0.05220006 
295 134 29 34 0.04561037 
279 124 47 61 0.04200943 
51 64 101 142 0.03963871 
435 156 24 27 0.03735524 
438 174 26 30 0.03726584 
899 163 14 16 0.03698648 
383 147 51 59 0.033686344 
476 193 21 28 0.03345758 
651 170 12 16 0.03256328 
3 129 25 32 0.031736966 
492 210 12 17 0.031637195 
945 219 16 21 0.030800136 
417 177 63 63 0.029248139 
442 191 30 34 0.028641721 
253 124 58 97 0.027656429 
626 165 37 49 0.025417186 
394 133 53 55 0.025026731 
64 127 71 106 0.024853963 
740 181 29 35 0.02411668 
437 168 18 21 0.024109473 
345 131 31 39 0.023862347 
933 182 25 34 0.022226676 
430 180 14 19 0.021762151 
650 186 14 19 0.020749612 
969 181 14 21 0.020458236 
