8_Election_Campain_Election_Campaign_8_118
187
291 166 53 67 0.9989519 
713 368 106 137 0.99839276 
404 207 73 91 0.9980134 
530 168 37 43 0.9973283 
174 215 36 49 0.9934865 
648 201 36 41 0.98964894 
888 332 56 81 0.98473364 
215 192 40 50 0.9804638 
694 249 83 117 0.97208774 
534 287 62 115 0.9471655 
142 194 46 60 0.928674 
211 281 35 49 0.9108262 
360 174 45 55 0.90480983 
997 239 25 33 0.8887127 
961 273 30 37 0.7640248 
883 229 27 42 0.6033584 
624 159 14 18 0.42334253 
3 552 24 37 0.41356754 
821 66 24 30 0.3967695 
694 273 116 171 0.37118113 
962 227 14 17 0.3576768 
828 235 31 54 0.30548516 
912 253 23 30 0.24620032 
988 324 35 51 0.24244685 
596 196 13 18 0.20554572 
704 231 60 81 0.19193858 
946 180 14 18 0.18699199 
861 227 38 55 0.16683981 
928 187 12 14 0.16249315 
46 182 40 67 0.15574123 
895 198 12 15 0.14832608 
983 201 12 15 0.13995795 
897 233 16 23 0.13201293 
607 340 65 77 0.1309969 
332 316 33 45 0.12767938 
884 194 11 15 0.11564854 
637 195 15 21 0.11138699 
976 274 19 25 0.11134327 
859 187 12 15 0.11040654 
635 315 153 197 0.1102426 
922 483 105 213 0.103546396 
1012 188 11 17 0.102035604 
955 233 17 21 0.10091989 
37 4 78 65 0.095136434 
772 185 13 16 0.09495222 
194 202 41 53 0.094553895 
699 138 15 21 0.08939798 
952 198 12 14 0.0891896 
680 151 18 22 0.08578068 
584 163 11 15 0.084924266 
664 259 80 120 0.0846543 
380 181 46 61 0.08462341 
711 187 11 13 0.08366017 
934 194 10 13 0.06929836 
956 202 13 16 0.06863814 
235 420 16 20 0.067962244 
-5 205 50 107 0.06758386 
723 196 17 21 0.06462832 
627 151 20 26 0.06381278 
932 183 12 16 0.06341045 
805 181 11 16 0.06208053 
911 252 13 21 0.061277613 
634 145 15 18 0.060443588 
949 238 22 27 0.05941254 
93 241 12 15 0.056996025 
590 193 21 28 0.056727406 
107 197 33 54 0.0554104 
595 146 14 18 0.05477491 
943 185 12 15 0.053619355 
700 152 15 18 0.053436097 
810 212 20 24 0.04722679 
822 182 9 12 0.047042843 
688 143 22 25 0.046809398 
919 188 10 12 0.046220794 
554 325 86 93 0.045813896 
891 248 23 35 0.045288995 
991 265 27 34 0.044794764 
639 194 24 32 0.04469044 
950 227 13 17 0.0444331 
791 219 49 62 0.041468196 
971 489 50 96 0.040920917 
487 412 58 70 0.040665474 
61 236 11 16 0.040300865 
975 256 38 50 0.038931053 
891 50 25 29 0.03868816 
818 226 29 47 0.03839827 
919 197 10 14 0.038276106 
606 162 12 17 0.03806955 
945 281 25 32 0.03802096 
1013 181 10 16 0.037868496 
635 298 53 93 0.037537664 
908 243 11 18 0.03750681 
720 171 12 14 0.036717 
971 267 17 22 0.03517858 
957 280 21 25 0.03453963 
920 257 25 31 0.034475252 
979 189 15 18 0.03432996 
500 179 24 37 0.033667684 
658 162 14 16 0.032918695 
911 188 10 12 0.032647185 
694 123 15 18 0.032527745 
725 75 13 16 0.03213391 
1015 172 8 15 0.031282786 
958 209 15 18 0.030966971 
926 195 11 13 0.03089141 
614 162 12 15 0.030852927 
1015 164 8 13 0.030842228 
122 345 56 73 0.030755416 
900 236 20 30 0.030689813 
-14 322 90 160 0.030580305 
758 362 145 193 0.030157039 
122 205 47 57 0.029891243 
1010 260 14 23 0.029602433 
722 165 14 17 0.029455578 
844 310 81 110 0.029349945 
979 237 15 19 0.029287012 
879 191 11 16 0.028768314 
698 162 15 17 0.0284535 
837 406 59 97 0.027987717 
996 62 28 39 0.02798277 
644 157 11 16 0.027934723 
715 188 13 16 0.027694333 
492 104 17 24 0.027555961 
986 210 18 20 0.026904237 
1004 229 14 17 0.026516063 
655 288 51 86 0.026383301 
172 580 12 16 0.026353266 
1007 203 13 18 0.026153943 
894 32 15 19 0.026071668 
497 139 14 19 0.025987875 
814 215 28 39 0.025960296 
121 165 80 96 0.025930623 
859 346 81 126 0.025819946 
971 228 13 16 0.02565222 
979 381 39 49 0.025526255 
718 225 39 54 0.025494855 
0 355 49 108 0.025413685 
899 343 88 104 0.025372343 
13 170 78 142 0.025362192 
725 177 13 16 0.02503242 
468 423 59 75 0.024939667 
953 376 58 70 0.024897892 
105 244 16 21 0.024715696 
590 152 14 19 0.024281777 
337 329 45 49 0.024009231 
724 67 14 17 0.023865033 
51 93 58 78 0.023803322 
84 212 45 61 0.023542468 
597 158 15 20 0.0234885 
972 337 52 64 0.023437386 
693 130 18 22 0.0231919 
552 298 203 288 0.0231807 
686 114 13 15 0.023097923 
973 240 14 20 0.022837372 
921 279 18 22 0.022549009 
878 199 14 18 0.022504264 
868 35 13 17 0.022151101 
860 42 15 18 0.021930482 
-2 542 41 69 0.021815568 
943 176 12 15 0.021811403 
983 217 13 16 0.02178486 
965 188 11 15 0.021747436 
930 283 25 30 0.021675734 
749 179 12 14 0.021670643 
798 86 11 15 0.021550396 
955 182 12 15 0.021505067 
903 190 11 13 0.021279948 
869 189 11 14 0.021271087 
942 196 11 13 0.02122596 
154 179 34 51 0.021189904 
989 281 26 33 0.021055032 
157 517 12 14 0.02081992 
911 78 13 16 0.020809287 
997 182 13 16 0.020782046 
932 241 42 52 0.02077488 
917 266 35 49 0.020654142 
955 240 26 31 0.020578425 
186 344 43 63 0.020487731 
960 289 22 29 0.020455746 
148 257 12 16 0.02043077 
589 231 16 21 0.02039747 
786 392 88 126 0.020358471 
950 239 43 53 0.02030993 
984 278 19 25 0.020262841 
813 172 11 13 0.020230854 
812 204 15 17 0.020149032 
139 356 11 14 0.020001868 
