8_Election_Campain_Election_Campaign_8_236
27
154 359 62 85 0.999191 
556 136 74 92 0.99766266 
320 340 69 92 0.99675673 
406 357 45 58 0.97701955 
770 354 39 48 0.81252384 
481 584 50 55 0.12720802 
926 399 44 62 0.12503749 
861 229 39 55 0.07945444 
838 374 10 13 0.073327824 
387 341 49 71 0.07020793 
492 599 30 33 0.041455586 
868 254 27 35 0.038774714 
362 339 50 74 0.038352195 
809 375 15 20 0.03638377 
812 358 16 21 0.035095774 
798 366 25 33 0.029661333 
-2 600 55 73 0.027089894 
772 327 53 65 0.026000636 
377 371 31 49 0.025446631 
455 302 44 60 0.02428527 
845 304 12 16 0.023535639 
450 379 47 61 0.022858847 
991 333 10 14 0.021425193 
327 453 62 64 0.021290166 
421 367 48 62 0.02109749 
5 614 40 41 0.020996384 
844 236 41 57 0.02035488 
