8_Election_Campain_Election_Campaign_8_157
211
162 420 34 44 0.99897814 
269 441 19 23 0.91696984 
0 470 19 33 0.8832572 
216 455 22 28 0.8298681 
327 462 22 34 0.71978366 
725 413 17 23 0.6989185 
1005 342 15 20 0.45236152 
805 459 12 16 0.36672908 
645 443 12 15 0.34929705 
864 454 11 14 0.28496075 
404 461 12 15 0.24967416 
800 301 11 13 0.17623945 
582 403 15 18 0.16063511 
853 436 14 18 0.15156682 
587 547 17 20 0.12564589 
629 423 13 14 0.12470447 
685 449 14 17 0.11763596 
668 447 12 17 0.11635823 
332 433 13 16 0.11614682 
663 436 11 17 0.109848484 
581 447 23 30 0.10864069 
821 453 10 13 0.10405646 
848 444 12 16 0.09779937 
436 443 24 29 0.09568465 
952 386 10 13 0.09270767 
468 398 11 13 0.09158978 
822 444 11 14 0.08485311 
893 403 11 15 0.084149785 
888 405 10 14 0.083746426 
894 387 10 13 0.08370682 
920 448 9 11 0.08267991 
803 323 24 28 0.07765638 
823 459 11 13 0.07644188 
854 468 12 14 0.07565727 
957 458 11 13 0.07505588 
921 250 14 18 0.073115245 
790 366 14 19 0.07143363 
902 452 10 13 0.07142863 
55 605 9 13 0.0691226 
904 444 10 13 0.06780339 
771 448 14 20 0.06779684 
616 482 11 16 0.06687997 
653 437 12 16 0.06666797 
861 469 11 14 0.0664087 
790 452 11 15 0.06553256 
811 460 10 14 0.0654507 
449 463 14 20 0.06530104 
758 373 10 13 0.06464101 
919 261 14 21 0.06408006 
828 463 11 14 0.06272414 
1004 445 11 13 0.058293086 
947 251 11 14 0.057977878 
44 627 12 15 0.057743892 
444 273 13 17 0.056542963 
691 449 15 18 0.05558033 
536 446 10 14 0.05503613 
718 452 12 15 0.054449204 
815 454 11 13 0.054227386 
793 363 22 27 0.05315224 
831 438 12 16 0.053127583 
894 230 28 31 0.052092046 
959 448 9 11 0.051968616 
651 327 14 18 0.0518617 
797 453 15 19 0.05032097 
951 458 12 14 0.0491269 
605 414 15 22 0.04802624 
701 420 10 12 0.04726258 
854 449 12 15 0.047225032 
945 454 10 13 0.046295628 
910 446 9 11 0.0460125 
804 371 17 21 0.045381874 
507 438 12 15 0.044988215 
897 451 10 13 0.044857137 
62 622 10 13 0.043446876 
769 358 11 14 0.043413486 
617 421 23 26 0.04161726 
867 446 14 17 0.041514896 
667 490 11 17 0.041415844 
14 499 12 17 0.041123867 
694 458 12 16 0.040616963 
694 439 11 15 0.040018793 
656 430 10 12 0.03970481 
913 245 24 28 0.039673213 
871 429 13 16 0.03874774 
605 463 15 20 0.03850268 
461 372 11 13 0.038185798 
861 447 12 15 0.037579775 
854 460 13 16 0.03745652 
587 459 16 23 0.03712825 
835 338 12 16 0.03698924 
860 430 11 15 0.036713578 
687 440 11 15 0.035757203 
882 413 9 12 0.035741873 
503 441 13 17 0.035557326 
453 390 12 15 0.035442144 
965 459 11 13 0.03542171 
711 308 10 13 0.035396203 
982 453 10 12 0.034598175 
763 440 23 32 0.034452327 
900 387 10 13 0.03276528 
502 464 13 18 0.032599885 
849 467 10 14 0.032114472 
635 425 13 15 0.032104842 
901 231 48 45 0.032099098 
468 464 18 21 0.03195582 
955 383 12 14 0.031643625 
693 466 13 16 0.031492822 
921 238 28 30 0.030860431 
992 307 10 13 0.030837752 
617 434 17 21 0.030806327 
802 508 16 18 0.030662859 
642 436 21 25 0.030638715 
662 431 11 13 0.030401165 
700 452 11 15 0.030297607 
400 459 20 25 0.03025963 
943 397 11 14 0.030013377 
310 472 27 30 0.029662518 
787 355 22 26 0.029551286 
718 317 9 12 0.029029237 
613 461 12 17 0.028982056 
710 429 10 14 0.028907694 
794 484 15 19 0.028891964 
758 366 12 14 0.028833862 
1013 364 9 15 0.028724054 
611 420 13 17 0.028570315 
271 312 28 46 0.028516991 
910 452 10 12 0.028213933 
638 436 13 18 0.02814692 
887 451 10 13 0.02774892 
796 458 21 26 0.02774135 
907 234 28 29 0.0277361 
702 429 11 14 0.02737245 
759 449 14 19 0.027305778 
983 208 9 12 0.027228681 
876 449 11 15 0.027217582 
1001 339 13 19 0.027016105 
886 201 29 37 0.026697893 
533 513 33 43 0.026200654 
1003 332 12 18 0.026159162 
671 470 11 14 0.026095297 
503 433 10 11 0.025854344 
850 322 14 18 0.025558716 
552 439 10 13 0.025520567 
399 465 13 17 0.025175951 
676 420 12 14 0.02498027 
632 443 10 14 0.02482836 
438 454 25 32 0.02461961 
302 432 46 58 0.02439247 
772 548 10 14 0.02437486 
20 499 12 16 0.02429145 
794 332 24 28 0.02415249 
576 412 10 13 0.02402913 
973 459 10 13 0.023890562 
936 437 11 13 0.023850376 
788 346 15 18 0.023681158 
680 460 10 14 0.02362575 
888 476 10 13 0.023550602 
0 597 11 20 0.02342498 
922 452 11 14 0.023423849 
872 354 12 15 0.0233035 
575 443 12 16 0.02325198 
987 452 10 12 0.023118384 
399 455 14 18 0.023052841 
778 467 14 18 0.022953136 
759 324 11 13 0.022902738 
20 489 14 20 0.022874573 
686 457 13 16 0.022830907 
679 451 11 15 0.022783807 
935 307 11 15 0.022759786 
821 421 12 16 0.022669341 
460 418 11 15 0.022606313 
502 450 13 19 0.022558698 
838 444 12 16 0.022547979 
572 458 23 27 0.022513682 
753 381 10 13 0.022447363 
976 455 10 13 0.022262312 
840 451 10 13 0.022211656 
934 413 11 14 0.022153456 
591 455 22 29 0.022046207 
719 412 16 18 0.021826278 
94 526 10 13 0.021693029 
612 461 22 29 0.021685226 
225 448 25 32 0.021676982 
412 451 12 17 0.021583166 
463 400 13 16 0.021566419 
894 238 16 20 0.021512166 
861 420 11 13 0.021510499 
935 431 11 12 0.021453451 
780 460 12 16 0.021444853 
410 466 11 16 0.021319542 
292 456 26 33 0.021307949 
733 442 17 18 0.021231202 
844 419 13 15 0.021091156 
638 449 12 16 0.021077715 
6 132 447 457 0.021021428 
549 484 11 14 0.020647334 
539 449 11 15 0.020622805 
790 343 24 30 0.02060866 
709 303 10 13 0.020597164 
473 472 15 18 0.020536058 
868 469 10 13 0.020492477 
557 442 10 15 0.02046538 
808 346 17 21 0.020262962 
695 431 10 12 0.020252094 
740 437 14 18 0.020175196 
628 434 13 17 0.020159349 
327 429 21 26 0.020149862 
677 467 11 15 0.020146135 
941 446 11 13 0.020141244 
557 413 9 12 0.02007954 
614 477 21 29 0.020069411 
