8_Election_Campain_Election_Campaign_8_452
77
424 385 49 67 0.9885055 
641 291 74 85 0.98846453 
784 325 83 103 0.9810517 
969 394 49 68 0.9784096 
76 447 42 49 0.96230984 
363 402 41 54 0.8974414 
155 447 37 47 0.788927 
8 486 36 44 0.33591175 
479 539 53 67 0.26613244 
473 134 31 35 0.17924155 
752 485 35 49 0.13263485 
61 428 14 17 0.13052195 
20 423 25 31 0.10412916 
322 380 14 20 0.09684284 
0 451 30 45 0.0932675 
22 427 14 19 0.087337084 
58 431 21 26 0.08576584 
602 352 29 33 0.07422461 
64 444 30 42 0.06384536 
61 436 24 34 0.05897924 
450 586 15 19 0.054935854 
467 114 16 22 0.052652627 
732 345 46 65 0.04939452 
712 540 26 37 0.04770756 
606 348 15 19 0.04749183 
147 460 28 38 0.046132088 
376 389 44 59 0.04507793 
463 116 26 33 0.041967403 
110 459 30 35 0.041139595 
10 424 25 35 0.0404119 
16 374 12 15 0.035881575 
351 409 33 43 0.035633817 
4 387 12 18 0.035410013 
706 551 27 36 0.034783315 
788 517 14 19 0.034051795 
732 478 49 72 0.032676123 
668 304 80 98 0.032617003 
56 411 10 13 0.03205759 
40 405 10 13 0.03178763 
334 412 15 20 0.031683862 
707 518 45 59 0.031613134 
28 423 13 18 0.031588238 
247 347 12 15 0.030877694 
85 524 45 51 0.030037971 
123 463 27 36 0.029990721 
322 371 15 20 0.029789379 
69 499 11 15 0.029248603 
193 539 44 63 0.029125627 
356 365 25 34 0.027727796 
323 363 13 18 0.026299007 
53 418 23 28 0.026139433 
194 478 48 60 0.026111467 
237 265 13 16 0.025010597 
61 465 15 19 0.024810016 
20 387 13 16 0.024636257 
326 333 11 13 0.024372377 
470 528 86 111 0.024204604 
285 321 14 17 0.024200661 
760 336 59 77 0.023945391 
245 422 29 40 0.023636438 
0 417 23 39 0.023501135 
172 452 33 42 0.0234069 
100 419 13 16 0.02315233 
151 471 16 23 0.0227965 
12 386 14 19 0.022735648 
460 108 42 60 0.022417197 
9 445 30 39 0.02210671 
712 355 11 17 0.021484066 
750 370 11 16 0.02137726 
334 350 10 12 0.021297086 
523 373 24 33 0.020934079 
243 291 12 15 0.020719154 
173 460 49 59 0.020558707 
40 159 8 11 0.020501984 
773 507 26 35 0.020340491 
0 432 25 47 0.020152945 
476 137 16 21 0.020083275 
