8_Election_Campain_Election_Campaign_8_412
1766
903 355 27 38 0.9962608 
252 170 22 32 0.99483216 
807 137 29 37 0.9924776 
426 423 30 42 0.986291 
373 65 17 22 0.9841697 
727 499 34 46 0.9825798 
695 447 34 55 0.98041874 
967 532 36 49 0.9793627 
169 247 23 31 0.9665149 
4 262 30 37 0.96584433 
358 231 28 37 0.9657471 
300 556 46 72 0.96205825 
639 422 35 50 0.9555357 
511 179 23 29 0.95549697 
275 489 31 41 0.9502226 
644 306 28 36 0.9501376 
270 256 31 37 0.9467593 
322 131 19 23 0.9345193 
624 386 29 43 0.9271111 
978 262 28 34 0.91326475 
548 144 27 32 0.90748274 
347 177 23 31 0.90302587 
394 114 18 22 0.90189546 
356 120 18 22 0.89543235 
965 206 27 32 0.89341867 
673 241 18 25 0.8883982 
614 291 22 31 0.88803184 
621 519 33 46 0.88693947 
932 318 27 33 0.88432604 
277 544 52 71 0.8766035 
275 17 15 19 0.87203276 
860 457 34 41 0.83836424 
486 255 32 43 0.8355897 
15 505 31 50 0.83107406 
336 396 34 46 0.8265536 
771 594 42 56 0.82033515 
291 35 15 18 0.8166415 
233 68 16 20 0.81440914 
491 135 21 26 0.81207997 
737 0 20 24 0.79020476 
466 83 15 20 0.7827156 
619 257 20 27 0.7691232 
304 11 14 17 0.7623512 
732 120 16 20 0.75769967 
139 301 29 41 0.7545913 
84 126 22 27 0.75208515 
36 343 18 24 0.75102955 
176 382 26 35 0.750526 
242 129 19 21 0.7351065 
556 565 35 47 0.72008413 
861 579 24 33 0.7067054 
558 114 16 20 0.7013365 
841 317 27 38 0.6992615 
801 360 25 33 0.68147445 
91 327 29 35 0.6688217 
440 288 21 28 0.66703886 
571 214 23 29 0.66595966 
463 26 18 21 0.663674 
761 99 14 19 0.65977794 
778 154 23 28 0.6582528 
402 69 15 20 0.6532918 
366 145 15 20 0.6524956 
986 318 32 41 0.6495184 
420 65 15 19 0.6454155 
334 160 24 31 0.6427352 
105 350 33 41 0.64083505 
538 116 16 20 0.6325426 
182 45 14 18 0.63212246 
697 83 15 21 0.625809 
114 154 12 16 0.62124187 
463 251 31 40 0.60177577 
114 1 15 17 0.5951235 
863 350 25 32 0.58441615 
281 97 16 20 0.580742 
82 530 23 31 0.5604939 
581 84 14 18 0.54471475 
777 128 19 22 0.5438731 
873 74 12 16 0.5360123 
493 221 22 29 0.5349678 
101 550 27 38 0.5218201 
163 218 16 23 0.5150781 
399 373 26 33 0.5070612 
851 76 14 19 0.5048708 
768 433 28 42 0.49898642 
31 101 13 16 0.4833118 
547 4 12 17 0.4824044 
488 582 31 38 0.47491154 
371 499 28 39 0.47056258 
267 550 36 55 0.46877685 
334 275 15 20 0.46703842 
584 56 13 18 0.46275398 
322 84 15 20 0.45655394 
343 485 42 53 0.4553447 
758 319 21 29 0.45305768 
524 29 14 19 0.44410774 
305 175 18 22 0.4437214 
912 593 36 51 0.4427487 
813 420 25 43 0.44050655 
406 34 11 16 0.44004014 
245 34 14 17 0.43560773 
948 401 27 48 0.43395117 
216 272 17 23 0.4161015 
826 622 49 51 0.41255495 
793 267 16 21 0.41072923 
878 100 15 20 0.40729383 
575 456 28 40 0.4037112 
913 176 14 17 0.39818013 
368 14 12 16 0.39780965 
765 77 13 16 0.39610922 
921 300 17 21 0.3957197 
124 42 15 19 0.3949085 
162 174 15 19 0.39230114 
653 106 12 17 0.39124236 
613 101 11 14 0.38967693 
719 106 13 17 0.38929948 
194 542 28 42 0.38745204 
940 188 22 27 0.38643935 
237 44 13 17 0.38609904 
717 172 15 20 0.38035783 
769 130 20 26 0.3778198 
640 75 15 19 0.3772003 
604 26 10 14 0.37666965 
85 67 16 21 0.3728191 
165 5 13 16 0.3650985 
623 151 23 28 0.36477056 
403 210 26 36 0.36052647 
0 148 14 23 0.359877 
627 194 16 21 0.35851946 
957 69 14 17 0.35713246 
405 4 13 17 0.35577112 
862 45 10 13 0.3534168 
783 330 23 31 0.35076085 
867 272 13 18 0.34819248 
31 458 20 31 0.34801906 
854 14 10 13 0.346546 
561 186 19 24 0.3443348 
697 29 10 13 0.34294036 
628 144 17 20 0.33728805 
663 275 16 21 0.33100194 
556 373 31 46 0.32788333 
521 83 17 20 0.32098454 
376 408 24 32 0.32077008 
207 8 13 17 0.31949803 
224 106 13 16 0.31827265 
998 67 13 17 0.31352895 
22 379 24 34 0.31146282 
119 408 23 29 0.31053725 
925 66 11 15 0.30862615 
159 202 12 16 0.3045389 
27 146 16 23 0.3028274 
155 100 11 15 0.29386342 
108 97 12 15 0.28283927 
389 45 13 16 0.28080043 
966 141 13 15 0.27987078 
661 208 16 22 0.27973738 
854 88 15 21 0.27736384 
812 242 16 20 0.27704054 
689 369 28 41 0.2746262 
960 98 13 17 0.27453914 
431 137 21 26 0.27189395 
732 71 13 20 0.26859865 
542 137 25 31 0.26853347 
577 180 15 19 0.26788583 
660 131 15 24 0.2662965 
175 155 11 14 0.2652714 
895 362 23 30 0.26361462 
574 553 33 45 0.262648 
303 64 13 18 0.25916418 
414 30 13 17 0.2590842 
73 155 17 21 0.25900087 
411 5 13 17 0.2578041 
383 36 11 14 0.25664842 
91 429 16 22 0.25361755 
957 107 13 17 0.24976455 
172 148 12 16 0.24906899 
942 93 14 16 0.24880546 
119 90 13 18 0.24786624 
720 322 22 27 0.24210109 
160 122 12 16 0.24106891 
645 171 14 18 0.24068955 
509 60 13 15 0.2401731 
588 138 15 22 0.23975414 
761 211 24 29 0.2368741 
909 114 14 17 0.23686849 
538 259 13 18 0.23617104 
598 85 11 15 0.23603499 
70 105 12 16 0.23580214 
796 529 38 51 0.23431367 
276 218 17 20 0.23019919 
516 57 13 17 0.22898623 
802 428 30 44 0.2288719 
242 41 15 20 0.22859563 
391 166 21 25 0.22501561 
339 113 15 17 0.22488974 
228 419 29 47 0.22399691 
984 431 32 42 0.22054534 
54 105 11 15 0.21874528 
529 33 14 17 0.21826331 
949 168 14 17 0.21719278 
108 22 11 14 0.21667011 
542 574 32 44 0.21411465 
77 26 12 14 0.2117783 
221 92 12 14 0.21142532 
963 427 28 42 0.21082541 
375 585 40 59 0.21007632 
371 44 12 15 0.20646958 
598 129 15 20 0.2060838 
125 302 13 19 0.20495975 
718 512 31 38 0.2015769 
620 44 11 14 0.2011806 
790 75 14 18 0.2008772 
478 378 12 16 0.20033841 
26 347 21 30 0.19931431 
876 206 13 16 0.1950419 
203 148 12 16 0.19404972 
900 43 12 17 0.19335541 
1002 379 18 22 0.19193614 
673 185 17 21 0.19139293 
78 46 11 14 0.18947488 
495 4 12 14 0.18527992 
182 39 12 15 0.18509464 
271 60 10 13 0.18493287 
6 37 12 17 0.18395525 
884 93 14 17 0.18322076 
471 0 11 12 0.18259524 
834 89 13 16 0.17981444 
667 122 12 15 0.1795044 
702 205 21 26 0.17929088 
14 353 20 29 0.17889729 
229 409 15 20 0.17857955 
610 77 15 19 0.1785619 
279 125 13 17 0.17676297 
141 99 14 18 0.17591384 
726 122 14 18 0.17335665 
922 518 26 37 0.17260173 
151 20 11 14 0.17234713 
158 46 14 16 0.17034243 
374 188 15 19 0.16989559 
31 121 13 18 0.16849425 
166 66 12 16 0.1682743 
638 28 9 12 0.16803728 
69 238 21 28 0.16570172 
428 104 15 19 0.16521965 
271 24 12 17 0.16371308 
848 314 18 25 0.16308746 
131 301 22 32 0.16230214 
320 406 30 37 0.16229554 
205 167 15 19 0.16127366 
75 223 15 19 0.15955457 
763 132 17 22 0.15939906 
1001 324 22 34 0.15877919 
860 97 12 16 0.15850084 
243 163 24 34 0.15794805 
447 188 23 29 0.15744181 
133 165 15 18 0.15633713 
171 7 14 18 0.15631424 
79 537 37 49 0.15611093 
149 0 11 11 0.15580374 
959 261 14 18 0.15573993 
851 112 15 20 0.15571053 
118 67 9 13 0.15555339 
916 114 12 16 0.15549614 
196 457 18 24 0.15544462 
123 132 13 16 0.15455043 
0 193 17 35 0.14973488 
147 166 14 17 0.14894378 
567 19 10 12 0.14886229 
118 122 12 15 0.14672722 
125 110 11 14 0.14651576 
394 176 16 23 0.14517502 
388 27 12 16 0.14446476 
990 169 12 16 0.14411648 
633 377 27 39 0.14375257 
635 92 13 16 0.14323866 
909 36 11 14 0.14263219 
793 502 23 31 0.14015625 
224 416 24 33 0.13976882 
262 10 11 15 0.13973583 
611 394 28 36 0.139595 
570 183 17 22 0.13869435 
548 16 11 16 0.13807252 
1006 151 15 19 0.13790125 
200 3 12 15 0.13778076 
386 151 22 26 0.13752612 
701 115 13 16 0.13729562 
298 305 15 20 0.13608159 
109 261 22 27 0.13601801 
766 322 21 29 0.13550578 
593 135 17 23 0.13543561 
149 95 13 18 0.13481817 
84 197 20 28 0.13417824 
366 95 13 16 0.13370828 
47 67 12 15 0.13302128 
637 22 10 12 0.13274468 
666 191 21 26 0.13050902 
257 153 18 22 0.13047338 
950 621 47 57 0.12933913 
476 0 11 11 0.1291091 
188 273 14 19 0.12887625 
774 62 12 16 0.12854879 
372 194 21 26 0.1278659 
285 101 20 25 0.12767155 
236 99 12 15 0.12727822 
574 90 13 18 0.12725355 
957 41 11 16 0.12600487 
287 39 12 16 0.1257535 
622 282 26 36 0.12497302 
807 3 13 16 0.12496022 
991 122 12 16 0.12479281 
904 115 12 16 0.12311294 
379 256 24 30 0.12231843 
151 552 32 41 0.12208378 
648 30 8 11 0.121857256 
84 192 15 19 0.121747114 
738 65 14 20 0.12155583 
88 461 23 29 0.12126718 
660 106 11 16 0.12117414 
875 184 12 16 0.12098132 
12 347 16 18 0.12097249 
149 131 12 16 0.12063476 
246 115 15 19 0.12062462 
860 57 14 16 0.11999423 
423 93 20 25 0.1193835 
514 97 20 26 0.11908637 
-1 108 10 17 0.11892049 
102 38 11 15 0.118414626 
181 131 10 14 0.11785812 
604 80 14 18 0.117794886 
144 1 11 14 0.11756504 
68 131 12 16 0.117223024 
908 194 16 20 0.11690259 
436 18 12 16 0.116706096 
906 274 14 17 0.11622698 
541 547 22 31 0.116163075 
806 98 16 20 0.11585007 
638 117 13 15 0.11563834 
680 584 25 30 0.115164846 
97 334 32 43 0.11499835 
468 95 18 23 0.11435693 
457 185 18 23 0.11375244 
864 651 27 33 0.113718025 
996 235 12 17 0.113419846 
89 5 11 13 0.11285777 
445 61 12 15 0.11276583 
92 206 16 22 0.112516165 
190 108 12 17 0.11251336 
500 1 14 17 0.111735664 
389 98 13 18 0.11152678 
866 281 14 18 0.11147718 
534 585 27 40 0.11057341 
687 400 25 34 0.10951283 
493 167 15 20 0.10888077 
36 238 18 23 0.10831802 
846 110 13 19 0.10808782 
332 269 14 18 0.107553564 
749 190 15 20 0.10748966 
138 377 14 16 0.10745705 
545 115 16 19 0.10715594 
385 287 16 19 0.10695618 
116 170 13 17 0.10652045 
718 125 14 19 0.10650904 
780 31 12 14 0.10594765 
316 45 12 15 0.10547708 
118 7 13 18 0.10523034 
217 430 27 41 0.10464886 
196 97 15 21 0.10438194 
311 42 11 15 0.104328915 
294 81 14 17 0.10393996 
36 13 10 13 0.1036586 
401 0 10 11 0.102519535 
528 115 23 29 0.102268055 
21 4 11 13 0.10220751 
923 235 14 20 0.10194067 
951 109 13 16 0.101654835 
802 496 14 21 0.10160889 
1013 60 10 16 0.10014467 
1012 291 12 19 0.09922524 
43 154 16 20 0.099098906 
341 78 13 17 0.09883515 
60 82 11 16 0.09844605 
556 44 12 15 0.097297676 
268 223 26 30 0.096629195 
835 0 14 16 0.09620072 
825 411 27 40 0.09500026 
374 37 13 16 0.09449763 
860 115 13 17 0.09440308 
293 112 14 19 0.09417017 
634 164 23 27 0.09401639 
861 130 13 17 0.09377816 
330 2 16 21 0.093346305 
338 274 21 27 0.0932206 
396 158 21 27 0.09280924 
821 26 11 14 0.09251471 
858 76 14 18 0.092225455 
354 36 13 16 0.09193587 
70 6 9 11 0.09175191 
903 38 12 16 0.090974845 
926 48 14 18 0.090835966 
861 49 14 17 0.09076201 
753 219 25 29 0.090697095 
163 182 14 19 0.090033084 
147 305 38 51 0.08910341 
464 4 12 15 0.08897943 
214 141 11 14 0.08887047 
131 442 16 24 0.08881231 
911 100 11 14 0.08856332 
37 49 12 15 0.08850597 
891 92 12 15 0.088189125 
625 14 9 11 0.088156074 
572 299 15 17 0.08771834 
845 42 10 13 0.08764622 
764 352 13 18 0.08762785 
419 238 24 28 0.08718745 
859 13 10 12 0.08705638 
125 18 12 16 0.08691059 
630 13 9 13 0.08612214 
158 209 15 22 0.08596787 
345 23 10 12 0.08532866 
1012 265 12 18 0.08528963 
885 309 17 24 0.0852628 
203 447 24 34 0.08513205 
25 328 16 20 0.08510855 
307 61 12 15 0.085073024 
934 27 13 15 0.084976435 
370 51 14 17 0.08439042 
314 418 24 32 0.084112145 
142 114 12 15 0.08356452 
446 341 23 28 0.08318282 
727 289 14 19 0.0831337 
329 488 36 47 0.08300411 
5 270 16 23 0.08096094 
755 28 12 14 0.080929294 
1004 140 13 15 0.08078944 
436 149 16 21 0.08066454 
564 346 14 19 0.0804451 
801 613 54 57 0.080360666 
772 333 21 30 0.08030089 
157 12 12 14 0.08030054 
228 361 27 35 0.07988093 
410 68 19 24 0.07985076 
782 507 23 32 0.07959737 
144 132 11 15 0.07928919 
400 29 12 15 0.07922003 
691 11 11 14 0.0791148 
462 164 16 20 0.0789541 
280 224 26 30 0.0789281 
632 19 11 15 0.07876405 
383 3 11 12 0.078705736 
494 28 14 19 0.07852222 
952 26 11 15 0.078360185 
581 29 9 12 0.07829168 
710 457 33 40 0.078287795 
499 175 24 28 0.078043334 
388 5 11 12 0.07791206 
248 535 43 57 0.07783855 
477 582 50 62 0.07763096 
892 121 13 15 0.07762115 
0 482 10 20 0.07740984 
346 397 44 55 0.077093355 
87 1 9 10 0.076994576 
889 227 15 20 0.076806515 
632 97 12 16 0.07646447 
2 579 25 36 0.07637996 
653 31 10 12 0.07567206 
439 60 12 15 0.07538615 
108 139 12 16 0.075381555 
667 102 12 15 0.075191624 
685 287 17 20 0.07483083 
580 98 12 16 0.074604124 
198 169 13 17 0.074551485 
116 232 16 20 0.07445219 
620 101 12 16 0.07425661 
981 0 10 10 0.074095964 
152 52 11 15 0.073897615 
867 45 12 15 0.07330844 
997 186 12 16 0.072902046 
53 0 9 11 0.0725457 
921 21 9 11 0.07216713 
77 14 9 11 0.07211316 
389 12 11 14 0.07203096 
52 62 10 13 0.07183711 
819 416 18 28 0.07180972 
576 60 12 14 0.07176897 
77 131 21 26 0.071232714 
160 4 12 15 0.07094684 
114 160 16 22 0.07072634 
494 473 29 36 0.0705456 
935 106 12 16 0.070500195 
629 61 11 13 0.07028776 
805 235 15 18 0.07027967 
516 281 13 17 0.070115134 
4 148 21 28 0.06983611 
293 122 14 18 0.069813035 
714 312 24 30 0.06976955 
36 206 14 20 0.06933244 
769 507 25 33 0.06927788 
113 59 10 14 0.069128454 
976 0 11 12 0.06912131 
364 581 34 57 0.06880785 
923 218 13 17 0.068648174 
487 3 13 15 0.068416774 
318 50 12 16 0.068349406 
574 248 14 18 0.06831691 
229 37 14 18 0.068229415 
569 470 29 38 0.06806549 
791 524 26 37 0.06799538 
659 195 21 28 0.06754321 
891 69 10 12 0.067423604 
935 193 16 20 0.06708944 
122 489 26 34 0.06707401 
951 108 21 26 0.067036785 
927 29 11 13 0.06696125 
940 26 12 15 0.066899225 
103 221 22 29 0.06680926 
646 12 9 12 0.06672476 
573 20 10 13 0.06669286 
299 139 12 16 0.06651545 
258 265 23 31 0.06607156 
55 43 11 16 0.06606606 
951 6 11 13 0.06598777 
830 67 11 14 0.06598166 
132 39 13 17 0.06556264 
526 92 24 28 0.065543085 
349 29 11 13 0.06540891 
339 356 14 17 0.06523268 
326 246 14 20 0.06513919 
858 582 44 52 0.06495062 
44 44 12 15 0.064835116 
503 186 27 32 0.06477976 
563 360 29 42 0.06459742 
874 579 27 31 0.06445992 
162 50 13 16 0.0644519 
415 224 26 31 0.06427226 
507 425 25 31 0.06393487 
682 184 17 22 0.063796364 
730 377 15 22 0.06368451 
224 154 11 15 0.06365642 
324 30 11 14 0.063651405 
230 0 12 11 0.06359518 
455 569 29 34 0.06314917 
440 128 24 30 0.06304135 
199 0 9 11 0.0630157 
900 257 11 16 0.06290837 
457 347 24 29 0.06274043 
927 35 11 14 0.06266304 
158 0 10 11 0.06260069 
462 49 15 19 0.062533975 
441 196 25 33 0.06250315 
646 155 14 20 0.062498853 
122 195 14 18 0.062345155 
118 40 13 17 0.06231457 
419 77 21 27 0.06229404 
428 81 13 17 0.06194298 
677 447 30 42 0.061863087 
382 491 27 35 0.06171382 
65 6 8 11 0.06161209 
623 21 9 12 0.06159703 
647 254 14 20 0.061583124 
54 224 16 20 0.061410505 
653 44 12 14 0.06139378 
828 308 13 18 0.06121568 
630 386 41 60 0.061116353 
823 68 10 13 0.06088506 
783 253 12 16 0.060838338 
951 193 16 21 0.060778927 
942 631 31 42 0.060667165 
850 18 10 13 0.06061076 
900 13 10 13 0.06043658 
871 102 13 16 0.060285732 
909 300 21 29 0.060193203 
631 298 30 36 0.06009989 
217 230 23 29 0.059870094 
393 319 24 31 0.059801273 
428 130 17 22 0.059723917 
763 142 16 21 0.05968171 
141 65 11 15 0.059622798 
280 109 19 23 0.059608888 
198 133 10 14 0.059561737 
695 23 10 14 0.05952801 
419 3 13 16 0.05930845 
887 62 11 14 0.059220865 
878 14 9 13 0.05910057 
245 530 28 34 0.05909747 
434 98 14 18 0.059056144 
961 259 21 27 0.058947884 
912 611 47 56 0.05877814 
244 165 14 21 0.05844534 
243 428 25 38 0.05813085 
280 14 15 18 0.05803963 
765 68 15 18 0.05792121 
255 -1 11 11 0.057910174 
200 140 11 15 0.057890475 
279 294 25 30 0.05780914 
866 123 13 17 0.057801243 
986 154 14 17 0.057714447 
590 202 16 21 0.057698987 
962 104 14 18 0.05752729 
208 116 11 15 0.057420537 
995 383 19 21 0.057385977 
420 53 13 16 0.057355877 
550 51 13 19 0.057322383 
168 141 12 17 0.057281874 
581 23 10 12 0.057155725 
310 51 12 15 0.057154566 
867 76 19 24 0.057126142 
133 114 11 16 0.057119634 
594 489 15 18 0.05708912 
1004 42 14 20 0.056920983 
177 50 11 15 0.056899447 
375 5 10 14 0.05689152 
926 13 9 12 0.05688601 
312 431 18 22 0.05683798 
676 450 16 21 0.056745104 
646 174 20 24 0.056744825 
62 35 11 15 0.056560017 
663 115 11 15 0.05649862 
540 270 15 21 0.056419756 
403 185 13 18 0.056381177 
99 213 21 29 0.056334585 
83 22 11 16 0.05615003 
580 106 13 17 0.05611284 
505 208 18 21 0.05609546 
679 378 28 39 0.056079343 
250 277 16 23 0.056048 
998 131 13 17 0.056039717 
803 535 17 28 0.05588836 
71 26 12 15 0.05582538 
808 37 10 14 0.055809513 
72 11 10 12 0.055666234 
129 316 24 37 0.055555858 
517 64 15 17 0.055536944 
-2 321 11 21 0.055469602 
772 434 17 26 0.055146936 
849 266 23 26 0.055087313 
699 414 14 22 0.05503102 
151 125 12 16 0.054990903 
639 13 10 13 0.05497342 
627 425 31 45 0.054656826 
604 359 16 20 0.054585002 
163 195 13 16 0.054571375 
218 365 24 31 0.05452998 
149 57 12 17 0.05406525 
75 211 21 27 0.05402069 
122 123 14 16 0.05400069 
657 279 24 29 0.053995766 
108 411 24 32 0.053788334 
426 232 17 20 0.053700063 
420 359 16 21 0.05347802 
589 568 29 39 0.053402726 
736 192 22 29 0.053398695 
438 1 11 13 0.053296022 
61 106 12 16 0.053212322 
3 168 15 21 0.053140882 
771 160 25 31 0.053085223 
179 3 14 17 0.05306344 
696 327 24 30 0.05303726 
418 209 26 32 0.053022657 
357 10 13 16 0.053005394 
412 365 25 34 0.05300003 
615 158 26 31 0.05287549 
300 73 14 18 0.052755505 
366 318 22 30 0.05270976 
167 408 26 34 0.052600805 
245 347 27 39 0.05258289 
446 98 12 17 0.05234802 
916 293 17 21 0.05207992 
172 211 14 20 0.05201165 
389 377 26 32 0.05188073 
497 34 15 20 0.051828016 
796 367 16 25 0.051684998 
202 194 16 22 0.051659934 
241 74 14 18 0.051602606 
275 61 12 14 0.051356833 
829 77 13 17 0.051327605 
183 66 11 15 0.051254235 
816 42 10 13 0.05124067 
683 148 13 17 0.051188797 
430 2 13 17 0.051183395 
515 441 14 20 0.051061336 
349 39 15 19 0.051027868 
708 2 14 17 0.05093886 
248 29 15 18 0.05080856 
777 35 11 14 0.050741572 
238 124 16 20 0.050661772 
330 89 14 19 0.05048545 
237 106 12 15 0.050438043 
877 19 11 15 0.050360586 
281 533 38 47 0.05022397 
582 205 23 31 0.050169047 
968 0 10 9 0.050167896 
831 46 10 12 0.05010007 
93 164 12 18 0.05005473 
880 362 25 30 0.050051972 
822 46 9 12 0.04998127 
572 355 13 18 0.04996943 
62 122 13 18 0.04988692 
795 70 14 17 0.049763326 
456 364 23 29 0.04969682 
354 253 18 24 0.04969134 
856 30 11 13 0.049690552 
903 99 11 14 0.049686782 
925 302 22 28 0.049637493 
172 83 12 17 0.049597822 
325 280 21 25 0.049588505 
659 244 23 28 0.04940657 
64 29 10 13 0.049323052 
953 413 29 53 0.049310803 
787 259 17 22 0.04926433 
708 373 26 36 0.04920201 
366 239 30 38 0.04912482 
79 163 20 25 0.04901588 
974 328 29 37 0.048981037 
321 76 16 19 0.048864603 
611 91 15 19 0.048708633 
299 40 14 18 0.04868589 
745 0 16 17 0.048674826 
579 114 15 20 0.048570998 
227 112 14 17 0.04857067 
253 147 14 19 0.048404343 
657 212 26 32 0.048367795 
403 264 17 22 0.048330203 
136 3 11 13 0.048287388 
461 176 20 27 0.048271693 
213 124 10 14 0.04815752 
444 34 16 20 0.048039053 
726 69 14 20 0.04787925 
677 130 13 19 0.04786807 
119 18 12 16 0.04785169 
429 52 12 17 0.04783444 
456 259 25 34 0.047743607 
962 115 12 17 0.04762841 
983 51 11 14 0.047517743 
20 10 11 14 0.04746002 
274 303 17 21 0.047348857 
75 103 13 16 0.047338895 
262 233 16 21 0.04729799 
488 394 41 53 0.047275897 
20 361 23 33 0.047227543 
190 -2 12 11 0.047220875 
694 156 20 28 0.04716685 
61 115 12 18 0.04703926 
639 63 11 13 0.046952978 
924 399 23 30 0.046906546 
945 97 19 24 0.046888582 
77 35 12 15 0.04666386 
124 60 11 14 0.046461813 
293 311 18 24 0.046400648 
762 42 14 16 0.046334907 
0 186 11 21 0.04610108 
283 26 17 21 0.04592366 
83 179 16 21 0.0459133 
780 118 15 17 0.04586377 
237 14 12 14 0.04579998 
36 19 11 14 0.045789395 
361 185 23 30 0.04554406 
214 133 11 16 0.045503084 
69 76 11 15 0.04545616 
740 354 14 18 0.04544595 
262 234 25 33 0.04544027 
592 22 9 12 0.045413848 
16 392 13 19 0.045383498 
132 133 11 15 0.045368448 
551 39 11 15 0.045341812 
795 101 14 18 0.0452584 
509 12 12 16 0.04521835 
631 84 11 16 0.045202553 
642 122 12 15 0.045100678 
669 249 28 35 0.04506705 
420 132 23 31 0.04506413 
877 52 11 14 0.044997733 
477 459 12 15 0.044979088 
556 122 24 28 0.044855535 
613 6 12 15 0.044833105 
29 234 15 19 0.044791166 
882 467 30 33 0.04470784 
205 142 12 17 0.0446975 
856 36 12 15 0.044675764 
698 215 22 28 0.044644717 
520 172 17 20 0.04448372 
220 151 12 15 0.04446721 
570 112 20 24 0.044459168 
357 30 11 14 0.044454567 
113 69 10 12 0.04443477 
14 386 23 30 0.044384565 
916 212 13 17 0.044306695 
669 278 21 27 0.04429744 
110 182 14 19 0.04423235 
110 77 9 12 0.04421261 
332 308 14 21 0.04416103 
944 165 13 18 0.04413159 
555 55 12 17 0.04405909 
819 248 14 20 0.04404653 
870 203 14 17 0.044013083 
453 169 23 27 0.04400908 
69 1 9 10 0.043826062 
633 283 19 22 0.04373398 
345 169 19 23 0.043685783 
779 147 18 22 0.043681454 
767 346 23 29 0.043662954 
894 38 12 15 0.043428697 
469 307 15 18 0.04339505 
640 37 9 11 0.043385386 
691 258 15 20 0.04333493 
861 30 9 11 0.043297485 
92 9 11 14 0.04325864 
731 466 18 23 0.043149997 
790 104 14 18 0.04306902 
500 9 14 18 0.042946257 
449 353 24 30 0.042893536 
145 565 27 40 0.042797767 
608 164 23 28 0.042709876 
859 196 14 19 0.042665426 
527 299 23 28 0.042536058 
30 332 22 27 0.042377014 
809 91 17 20 0.042366378 
466 372 21 28 0.042303007 
733 110 13 17 0.0422986 
884 97 18 24 0.042088147 
830 52 10 12 0.042015236 
642 78 21 25 0.042011723 
156 127 13 19 0.041968036 
754 440 26 37 0.041957945 
349 61 12 16 0.04182212 
283 201 15 17 0.041782193 
452 135 15 20 0.04176675 
914 5 8 11 0.041758355 
226 237 16 19 0.041656747 
524 39 14 18 0.041614097 
699 463 46 58 0.04137965 
165 39 12 15 0.041348148 
646 22 9 12 0.041327704 
892 303 20 32 0.04114226 
35 95 12 16 0.04113891 
75 149 15 18 0.04111791 
125 169 15 18 0.04111003 
720 374 24 34 0.04109798 
882 344 40 52 0.041005455 
663 260 22 29 0.04100149 
377 0 10 11 0.040972542 
380 198 21 30 0.04089871 
705 161 21 28 0.040885806 
918 1 10 11 0.04088328 
5 0 11 11 0.040858958 
270 298 16 19 0.04069995 
77 17 19 25 0.040490337 
358 131 21 26 0.04042831 
309 162 22 28 0.04040177 
272 379 24 33 0.04039014 
991 47 22 27 0.040372938 
908 139 12 14 0.04024356 
172 61 11 16 0.040193353 
923 116 12 16 0.040154353 
656 312 26 33 0.040125243 
710 524 28 35 0.040107563 
455 11 11 15 0.04010235 
101 69 10 13 0.040098105 
38 525 28 35 0.04008275 
435 82 14 18 0.04005128 
16 19 10 12 0.04004754 
430 11 14 20 0.040033944 
17 336 21 29 0.03999979 
846 575 38 49 0.039972346 
430 111 21 27 0.039948203 
96 43 11 13 0.03993825 
606 12 8 12 0.039920256 
969 145 14 17 0.039833102 
856 582 15 24 0.039799154 
319 70 13 16 0.03968273 
896 19 10 13 0.039547324 
416 61 14 18 0.039324865 
997 44 14 18 0.03930825 
778 339 26 37 0.03928923 
628 54 12 14 0.03924282 
439 242 22 28 0.039051957 
295 130 13 17 0.039043445 
177 10 13 17 0.039025787 
722 274 15 20 0.039011512 
280 211 18 22 0.03900932 
614 414 14 21 0.038996518 
757 508 25 31 0.03875386 
174 161 13 17 0.03865338 
431 153 22 30 0.038582247 
492 260 18 25 0.038565613 
37 192 23 30 0.038551256 
774 584 30 41 0.0385182 
116 294 21 28 0.038486283 
648 45 11 13 0.03847002 
603 167 17 22 0.03846809 
122 95 15 20 0.038459145 
484 401 27 35 0.038445473 
66 523 40 52 0.038421616 
675 124 13 17 0.038419306 
216 99 13 17 0.03835935 
229 29 12 14 0.038334638 
415 22 11 15 0.038326375 
1007 59 13 19 0.038258515 
238 118 13 16 0.03817222 
925 22 11 13 0.038134273 
244 56 14 17 0.03809783 
840 43 10 14 0.03809582 
548 92 13 16 0.037926547 
318 37 11 14 0.03790619 
750 101 23 29 0.0378418 
957 336 14 20 0.03772134 
589 144 22 28 0.037691105 
433 419 20 26 0.03759678 
36 28 11 14 0.037584875 
859 67 14 17 0.03757979 
693 410 25 35 0.03754632 
506 4 13 16 0.03747017 
231 47 14 16 0.037425928 
0 382 9 19 0.03739806 
77 202 15 19 0.037367363 
77 276 15 22 0.037364893 
603 522 42 55 0.0373026 
115 177 14 18 0.037059937 
72 69 10 14 0.03704421 
277 370 15 22 0.036927514 
702 434 28 45 0.03688633 
230 20 13 14 0.036874488 
892 345 14 18 0.036860704 
205 197 21 29 0.036850832 
232 89 20 24 0.036737137 
519 77 15 18 0.036724865 
859 467 21 27 0.036674198 
393 146 17 20 0.03664989 
499 18 15 19 0.03650725 
178 301 23 33 0.03640808 
729 4 12 16 0.03640735 
650 164 13 17 0.03638633 
131 48 12 16 0.036275234 
108 36 13 17 0.036259204 
522 259 23 31 0.036255777 
808 228 23 28 0.03621576 
868 115 12 16 0.036210105 
931 409 28 34 0.03619702 
992 177 13 17 0.036170833 
78 7 10 12 0.03613457 
676 315 15 21 0.03611762 
168 81 12 16 0.03610773 
788 43 13 15 0.036065187 
890 585 15 21 0.036058698 
907 183 20 25 0.036045186 
921 15 9 12 0.036003977 
384 205 24 32 0.035972305 
349 117 16 20 0.035947215 
454 28 13 16 0.035903912 
272 66 12 16 0.035900235 
15 12 11 14 0.035870835 
112 54 10 13 0.035841197 
613 28 10 13 0.035819102 
67 101 19 25 0.03579517 
145 98 19 25 0.035766955 
340 100 14 17 0.03576501 
430 169 14 18 0.035756394 
384 100 12 17 0.035751693 
413 590 40 59 0.035742648 
886 30 10 12 0.035729904 
611 236 13 18 0.0356444 
760 347 14 18 0.03556752 
493 41 15 19 0.03549205 
427 60 13 15 0.035477072 
260 319 15 20 0.035380743 
555 5 11 15 0.035351764 
925 123 11 15 0.03532413 
522 94 17 22 0.035286408 
872 362 19 26 0.035254836 
247 -1 11 11 0.035168387 
397 186 23 29 0.035143554 
631 186 19 26 0.035137832 
58 230 23 30 0.035104785 
236 -1 13 12 0.03510076 
802 494 24 33 0.03501234 
785 355 25 32 0.03500446 
314 135 22 29 0.034995474 
799 38 11 13 0.034965765 
183 -1 11 11 0.03494183 
55 4 11 12 0.03491386 
18 454 24 32 0.03490373 
138 313 18 28 0.034897882 
40 35 10 13 0.03489605 
309 148 14 19 0.034888115 
655 201 16 21 0.03481204 
606 71 11 13 0.034754407 
256 4 12 14 0.034747664 
579 553 19 26 0.03468847 
188 298 14 19 0.034673013 
682 332 25 30 0.034615505 
689 439 29 47 0.034564164 
507 479 27 37 0.034563243 
706 128 21 24 0.03455461 
894 594 35 43 0.03452332 
984 526 29 46 0.03449743 
163 544 26 37 0.03437988 
294 584 33 48 0.034258585 
409 252 22 28 0.034231953 
322 430 22 32 0.034205623 
632 77 11 14 0.034185525 
389 105 16 21 0.034176603 
951 35 14 19 0.034163658 
92 63 12 15 0.03414031 
419 417 26 35 0.03413641 
823 311 12 18 0.034088142 
540 91 15 18 0.034074992 
189 603 25 38 0.03407397 
502 267 26 33 0.03407093 
1003 -2 11 10 0.03402254 
29 601 15 21 0.034004703 
975 264 17 23 0.03400245 
192 390 17 23 0.033974644 
1000 138 19 26 0.033956885 
245 13 11 14 0.03388249 
143 125 11 15 0.033843443 
740 45 12 15 0.03383339 
887 617 45 56 0.03381278 
5 73 12 19 0.03380187 
767 308 12 17 0.03378764 
452 41 14 18 0.033749364 
514 424 15 19 0.03374275 
616 12 10 12 0.033740733 
990 225 15 21 0.033726193 
464 40 16 21 0.033724036 
13 407 16 20 0.033716064 
951 521 39 57 0.03367563 
223 -1 11 11 0.033638354 
261 249 25 33 0.03352881 
261 -1 11 12 0.033474687 
54 121 13 17 0.033466544 
113 117 12 16 0.0334106 
70 35 11 15 0.033408217 
569 234 24 29 0.033403147 
208 73 12 15 0.033386167 
547 132 15 20 0.033383567 
574 121 13 17 0.033343952 
323 172 24 32 0.033334523 
639 189 24 29 0.033322185 
598 20 18 22 0.033299364 
818 22 10 15 0.033252917 
899 234 11 17 0.033251278 
103 272 27 35 0.03319435 
788 39 11 13 0.033181958 
618 83 14 16 0.033166785 
770 113 22 28 0.033158623 
749 227 18 22 0.03310493 
487 223 17 24 0.033102974 
447 247 24 29 0.03308107 
110 104 12 16 0.03305795 
639 175 15 20 0.032999944 
454 20 14 17 0.03299693 
928 322 15 21 0.03290232 
436 248 15 20 0.032871086 
631 36 10 12 0.032846168 
379 145 20 25 0.032759752 
939 50 14 19 0.032747153 
408 161 15 20 0.03268251 
608 303 16 20 0.032605805 
744 203 27 34 0.032602604 
176 36 11 14 0.032593768 
49 347 13 17 0.03257373 
236 79 15 19 0.032533772 
587 114 14 19 0.03252905 
29 0 10 10 0.03250648 
898 298 15 22 0.032477308 
955 166 13 16 0.03244324 
181 31 12 15 0.032407783 
80 66 13 17 0.032358184 
671 132 21 29 0.032355193 
740 54 12 16 0.032343596 
819 548 27 34 0.032335248 
34 141 14 18 0.032230433 
862 287 14 19 0.032211892 
595 401 14 18 0.032206785 
622 49 12 16 0.032126695 
367 23 14 17 0.032073326 
532 106 19 23 0.032070883 
921 52 11 14 0.03205235 
246 21 11 13 0.03202633 
1004 122 13 16 0.03190002 
920 57 21 25 0.03188799 
519 429 24 30 0.031875495 
394 48 13 17 0.03186165 
118 49 13 16 0.031853653 
182 91 10 14 0.031848338 
814 68 11 13 0.0318361 
420 130 15 21 0.03183189 
1014 181 9 13 0.03181479 
246 179 19 24 0.031786207 
683 474 33 46 0.031764157 
457 575 41 53 0.031757746 
872 21 10 13 0.0317466 
734 365 23 29 0.031697884 
587 108 12 16 0.03164814 
394 92 15 18 0.031606216 
60 50 11 15 0.03159869 
461 131 14 19 0.03159257 
559 13 11 15 0.031588968 
211 315 14 20 0.03157478 
230 272 24 30 0.031483434 
372 424 15 20 0.031416755 
442 19 14 17 0.031364646 
1012 49 12 20 0.031355277 
62 151 22 28 0.031337973 
705 174 24 33 0.031328924 
889 35 10 13 0.03132118 
444 329 22 30 0.031293295 
917 238 23 32 0.031281188 
982 324 17 25 0.031233821 
787 530 15 22 0.031216646 
587 80 14 18 0.031194286 
847 310 13 18 0.031187443 
145 300 18 23 0.031166714 
861 177 14 19 0.031124571 
553 220 24 33 0.031115169 
35 149 16 22 0.031099942 
210 425 26 35 0.030980205 
485 0 12 12 0.0309713 
450 268 23 34 0.030968715 
316 283 23 29 0.030869067 
102 -1 10 9 0.030828997 
578 354 14 18 0.030750563 
480 386 24 33 0.030747294 
461 11 12 15 0.03074388 
87 10 11 14 0.030691558 
164 390 30 38 0.03068087 
371 27 15 16 0.030638335 
411 201 24 34 0.030633537 
347 81 13 17 0.030590773 
690 186 15 21 0.030586425 
665 202 24 30 0.030578684 
813 38 10 14 0.030574016 
933 76 11 15 0.03054916 
146 468 26 34 0.030543983 
706 74 15 20 0.030543614 
46 138 13 18 0.030539712 
92 118 12 15 0.030525627 
812 85 15 17 0.0305041 
517 12 12 16 0.030464463 
848 71 13 16 0.03044794 
356 42 13 16 0.030443933 
222 5 11 14 0.030426065 
167 227 24 33 0.030409262 
293 145 15 19 0.030408746 
932 524 36 50 0.030368196 
205 275 22 28 0.030351818 
1004 188 13 17 0.030336795 
56 77 11 16 0.030296678 
1011 139 11 16 0.030287901 
963 145 24 27 0.030268896 
588 48 12 14 0.030252151 
683 139 15 19 0.030240823 
229 91 13 16 0.030216934 
612 191 23 29 0.030216368 
200 153 12 16 0.030140735 
509 -1 11 10 0.030105444 
919 30 11 13 0.03010496 
445 115 15 20 0.030062966 
868 218 12 15 0.030057592 
581 35 10 13 0.030028155 
446 353 16 20 0.029990824 
629 44 10 14 0.029986298 
948 174 21 27 0.029984092 
400 467 24 28 0.029978191 
275 75 13 18 0.029880513 
716 83 14 15 0.029842103 
3 128 16 19 0.02979164 
466 136 15 19 0.029790327 
575 455 17 26 0.029788937 
0 71 11 19 0.029748896 
871 39 10 13 0.029649656 
78 535 16 24 0.029647792 
22 28 9 14 0.029605541 
506 331 14 18 0.029575562 
84 102 12 16 0.02955403 
301 51 12 16 0.02954244 
504 64 13 16 0.029529495 
879 402 23 32 0.029497718 
421 419 13 19 0.02948816 
863 266 22 31 0.02948706 
400 10 12 16 0.029464785 
168 90 10 15 0.029423429 
531 440 16 22 0.0293816 
136 62 10 14 0.029353883 
910 206 14 19 0.029279077 
707 123 15 18 0.02919833 
119 107 12 16 0.029181508 
623 68 12 14 0.029140899 
514 432 14 21 0.029133746 
716 521 18 23 0.029111605 
847 402 27 35 0.02907457 
268 262 19 25 0.029043388 
331 186 15 19 0.02899376 
23 111 21 27 0.028983623 
630 67 11 14 0.028970055 
920 227 14 19 0.028948152 
215 212 24 33 0.02893636 
30 6 13 14 0.028933702 
93 0 11 11 0.028903497 
263 306 22 28 0.028865384 
696 68 21 29 0.028859975 
315 329 13 17 0.028727544 
26 69 13 16 0.028677959 
600 583 19 24 0.028676521 
282 247 26 35 0.028667932 
516 246 24 30 0.028609984 
647 51 11 13 0.0286048 
756 68 21 25 0.028573932 
690 83 12 18 0.028554283 
902 8 9 11 0.028546253 
389 267 22 30 0.028545206 
181 137 11 14 0.028502919 
971 162 16 20 0.028499532 
135 489 23 34 0.028490381 
875 46 12 15 0.02846575 
159 249 24 31 0.028448654 
284 5 12 15 0.028436594 
933 138 11 14 0.028419873 
633 249 23 30 0.028381886 
98 418 22 32 0.02837104 
130 300 14 22 0.028351905 
73 51 11 15 0.028333193 
565 193 25 33 0.028315136 
239 297 22 29 0.02825877 
213 232 16 21 0.028252186 
445 322 13 18 0.028244797 
206 53 13 18 0.028220188 
337 85 20 25 0.028185222 
450 244 15 20 0.028184596 
922 104 20 26 0.028160842 
296 69 12 15 0.028151253 
485 459 14 16 0.028140048 
600 14 10 13 0.028064484 
280 326 25 33 0.02805737 
85 559 30 40 0.028026713 
5 61 20 29 0.028003938 
824 51 9 12 0.02794495 
763 149 22 26 0.02791019 
299 293 13 18 0.027886763 
555 158 25 31 0.027872743 
668 226 24 31 0.027869225 
667 436 29 36 0.0278354 
565 348 23 29 0.027831357 
264 53 11 16 0.027830001 
185 109 11 15 0.027776482 
916 284 14 16 0.02770004 
695 70 11 15 0.02769234 
347 261 21 28 0.027678961 
173 204 12 18 0.027677601 
234 481 26 33 0.027664656 
589 121 19 25 0.027638597 
795 237 23 27 0.02763257 
585 486 29 32 0.027594065 
413 1 13 13 0.027586758 
135 188 13 16 0.027579552 
200 60 11 14 0.02750202 
191 127 9 13 0.027486147 
200 153 19 26 0.027465697 
485 172 22 28 0.027449144 
700 24 12 16 0.027439585 
635 594 25 34 0.027433936 
149 117 10 14 0.027431004 
302 295 22 27 0.027406404 
748 59 11 16 0.027386714 
442 2 13 16 0.027376661 
38 40 20 25 0.027373485 
844 267 17 19 0.027335724 
84 45 10 13 0.027329372 
257 346 25 36 0.027317764 
220 501 25 34 0.027265118 
535 231 24 33 0.02725023 
120 113 19 24 0.027222065 
223 270 19 25 0.027208038 
622 171 24 30 0.027191851 
73 43 12 16 0.027176248 
92 79 14 21 0.027175535 
613 410 27 40 0.027153358 
830 22 12 15 0.027145144 
141 478 26 35 0.027086552 
755 35 16 19 0.027033193 
112 544 25 38 0.027025584 
835 561 38 47 0.027002772 
9 160 15 21 0.026999848 
261 96 14 17 0.026981683 
849 329 26 39 0.02696585 
135 406 22 30 0.026950423 
811 245 24 31 0.026947126 
701 45 10 13 0.026939584 
65 22 10 13 0.026930496 
12 583 23 34 0.026864095 
240 517 81 103 0.026815606 
750 19 12 15 0.026812967 
188 310 15 22 0.026810655 
507 488 16 21 0.02680329 
271 356 25 37 0.026747264 
931 55 15 18 0.026721954 
644 61 12 13 0.026670981 
372 310 25 33 0.026665436 
796 43 11 15 0.026620505 
347 90 13 16 0.026606206 
393 281 17 20 0.026598712 
165 308 29 36 0.02656853 
492 458 15 18 0.026541721 
942 113 12 17 0.026524663 
473 135 21 26 0.026443288 
608 129 16 20 0.02642709 
717 4 11 14 0.026408447 
908 152 14 18 0.02640211 
835 555 15 21 0.026401522 
896 48 13 16 0.026389128 
760 605 36 47 0.026383633 
582 538 27 36 0.02637905 
420 44 12 16 0.026364753 
699 50 13 16 0.026364146 
45 239 23 30 0.026328715 
770 389 22 27 0.026276624 
935 -1 9 9 0.026260318 
478 371 41 53 0.026247835 
791 248 23 26 0.02623802 
697 147 16 18 0.026221316 
648 36 9 12 0.026218724 
374 368 21 28 0.026205897 
165 631 14 18 0.026188819 
649 321 19 26 0.026168361 
641 45 9 12 0.0261525 
112 487 24 28 0.026145713 
72 61 10 13 0.026125768 
681 360 26 38 0.026116004 
550 189 22 28 0.02610774 
990 445 33 41 0.02608449 
898 379 26 32 0.026075915 
918 35 10 12 0.026064575 
492 185 14 19 0.026061155 
497 228 27 36 0.026025489 
334 97 14 17 0.026002241 
299 99 14 18 0.025994556 
820 80 21 25 0.025975132 
318 58 13 16 0.025974458 
506 23 21 27 0.02595596 
706 113 19 22 0.025943255 
701 508 33 37 0.02594158 
576 37 10 12 0.025936617 
523 50 13 16 0.025910096 
914 533 33 42 0.025881678 
300 89 12 17 0.025850927 
901 19 10 13 0.025824204 
291 89 15 18 0.025797233 
812 323 13 18 0.025748368 
936 13 10 13 0.025743887 
25 227 13 17 0.025684198 
141 44 11 14 0.025630848 
780 53 13 16 0.025623033 
-1 21 8 14 0.025614068 
446 150 24 29 0.02560292 
769 668 16 18 0.025596894 
552 291 13 17 0.025580263 
905 30 9 12 0.025552189 
254 323 14 18 0.025547266 
635 109 15 17 0.025535043 
310 323 13 18 0.025522592 
798 234 14 16 0.025485214 
612 328 15 19 0.02546856 
867 60 12 14 0.025440868 
554 283 15 19 0.025428839 
368 60 15 19 0.025409317 
155 322 19 26 0.025369726 
717 93 13 16 0.025340011 
444 12 12 16 0.02530514 
105 198 22 29 0.025295287 
645 363 14 18 0.02528082 
206 132 12 15 0.025276383 
149 65 13 15 0.025260348 
583 48 10 12 0.025250582 
526 -1 10 9 0.025234396 
19 393 27 35 0.0252343 
257 437 28 34 0.025231251 
936 97 20 27 0.025214393 
63 439 43 59 0.025202716 
32 51 11 14 0.02513513 
985 123 12 15 0.025128877 
487 34 14 18 0.025127769 
203 105 14 20 0.025122555 
534 316 23 28 0.02509117 
647 100 14 17 0.025067054 
792 106 22 28 0.025019228 
259 516 47 61 0.024999427 
501 186 16 19 0.024992727 
193 267 14 19 0.02499078 
716 112 19 23 0.024989815 
861 218 13 16 0.024980547 
60 91 11 16 0.024979487 
644 184 16 21 0.024934525 
785 83 14 17 0.024923792 
856 105 20 24 0.02491124 
804 61 13 15 0.024845805 
567 98 12 15 0.024808656 
607 7 10 12 0.024800258 
110 246 23 32 0.02479327 
519 551 84 105 0.02477626 
460 563 82 105 0.024760354 
146 415 17 24 0.024752595 
-1 548 10 17 0.024747064 
148 578 46 60 0.024737636 
814 218 15 18 0.024722522 
771 304 14 19 0.02469603 
743 108 25 31 0.024686666 
115 187 14 19 0.024680948 
415 40 13 17 0.02467077 
236 4 12 13 0.02465271 
102 61 11 14 0.024647156 
189 577 12 17 0.024627136 
546 603 19 27 0.024614302 
300 273 13 20 0.024600985 
573 66 11 14 0.024597367 
798 62 12 14 0.024578786 
617 422 28 40 0.02451769 
501 415 42 51 0.02448986 
328 308 23 35 0.024488961 
629 133 20 26 0.024487112 
68 147 15 20 0.024463307 
518 -1 10 10 0.024460303 
65 12 9 12 0.02444535 
404 77 14 20 0.024436206 
267 6 13 15 0.024413114 
431 589 45 60 0.0243488 
230 129 13 17 0.024347287 
824 545 40 49 0.024331724 
197 113 12 16 0.024311095 
929 299 14 20 0.02429604 
116 212 13 18 0.024285167 
923 395 15 21 0.024268927 
394 581 40 59 0.02426455 
266 27 11 16 0.02422875 
780 67 12 16 0.024222534 
321 451 27 35 0.024216725 
969 4 10 12 0.024205955 
565 336 22 28 0.024196714 
458 449 15 19 0.024194688 
442 83 14 18 0.024156818 
6 59 12 19 0.024154058 
424 451 26 34 0.024135739 
757 273 15 20 0.02412949 
435 50 20 25 0.024127027 
365 472 44 53 0.024112951 
660 173 11 16 0.024100276 
651 78 13 16 0.024082841 
930 362 15 19 0.024081059 
757 0 11 12 0.024069453 
519 43 12 16 0.02404942 
595 59 13 17 0.024040869 
90 141 15 20 0.024034446 
436 34 15 20 0.024005681 
700 33 12 15 0.023995033 
683 150 22 25 0.023975857 
623 27 10 12 0.023969185 
76 567 29 41 0.02396007 
566 38 9 12 0.023950549 
65 1 9 10 0.023948386 
932 34 13 15 0.023934202 
148 159 14 16 0.02392871 
659 176 18 25 0.023924014 
140 36 11 15 0.023920536 
95 52 11 12 0.023859076 
954 437 39 54 0.023827262 
577 291 17 22 0.023819301 
608 105 13 16 0.023819184 
916 154 13 17 0.02379255 
768 361 24 30 0.023771368 
323 233 22 28 0.023765255 
845 260 15 18 0.023760073 
891 106 13 17 0.023744708 
820 274 14 17 0.02372851 
615 49 11 16 0.023728367 
661 51 10 14 0.023719706 
782 112 21 27 0.023706058 
862 128 22 29 0.023699239 
891 140 15 19 0.023691896 
582 324 12 16 0.023648143 
876 195 13 18 0.02364547 
997 537 26 41 0.023626061 
546 594 47 63 0.023589935 
643 368 28 36 0.023570865 
247 4 11 13 0.023570327 
373 392 25 36 0.023554616 
258 279 16 23 0.023547933 
358 109 21 24 0.023532404 
249 560 33 41 0.023527898 
247 200 23 28 0.023523778 
831 37 11 14 0.02342565 
742 187 15 21 0.023422586 
417 4 20 26 0.023401324 
707 326 18 23 0.023389416 
826 318 23 30 0.023386879 
751 34 13 16 0.023384765 
926 277 11 15 0.023370713 
631 528 46 58 0.02335058 
7 13 10 13 0.02333856 
754 353 23 30 0.023335012 
173 0 12 13 0.023288717 
860 635 46 53 0.023271723 
918 520 18 23 0.023265732 
84 266 16 19 0.023224715 
347 109 14 16 0.023191916 
548 556 31 39 0.02317694 
575 443 27 34 0.02317409 
567 67 12 16 0.023162821 
714 427 30 40 0.023150057 
564 289 20 25 0.023148427 
964 132 21 27 0.023138117 
740 208 15 20 0.023124315 
34 127 14 18 0.023107333 
595 156 22 27 0.023095164 
160 74 11 15 0.023086078 
799 1 14 18 0.023082543 
202 93 13 17 0.023079634 
805 245 17 21 0.023074934 
315 611 51 62 0.023071975 
972 344 23 31 0.023051519 
791 134 25 29 0.023048397 
126 321 15 23 0.023045411 
227 163 14 19 0.023040751 
815 87 21 26 0.023036608 
423 436 18 26 0.023026496 
212 51 12 17 0.023026036 
478 401 12 18 0.022987397 
155 24 12 17 0.022967283 
798 511 30 43 0.022960253 
518 18 12 18 0.02292656 
71 423 27 31 0.022884995 
390 0 12 12 0.022832414 
836 76 12 16 0.022813944 
47 5 9 11 0.02280493 
893 372 16 23 0.022797793 
584 537 43 56 0.022795131 
230 230 22 28 0.02276179 
236 372 26 34 0.022760535 
250 50 13 17 0.02276053 
787 543 37 50 0.022744158 
153 166 20 26 0.022700738 
499 247 27 37 0.022684243 
357 507 33 42 0.02266236 
542 10 19 26 0.022649605 
619 297 28 36 0.022634277 
69 538 15 23 0.02261775 
291 238 17 20 0.02261484 
690 196 25 31 0.022604987 
101 84 12 16 0.022593655 
848 10 19 24 0.02258971 
893 419 13 18 0.022573296 
743 505 30 36 0.022555778 
44 477 16 22 0.02252951 
1001 188 22 30 0.022498805 
235 484 16 22 0.022497887 
245 157 14 19 0.022491466 
534 379 12 16 0.022490427 
44 187 13 18 0.022479774 
949 120 17 19 0.022465592 
29 243 26 32 0.022394186 
726 78 13 19 0.022331573 
484 275 19 25 0.022326227 
901 243 11 16 0.022307841 
788 290 13 16 0.022290489 
896 479 17 20 0.022286331 
654 50 11 15 0.022261398 
698 138 17 20 0.022252494 
264 280 26 35 0.022243459 
189 2 13 16 0.022229102 
901 279 14 20 0.022225183 
873 347 16 21 0.022218227 
886 340 15 18 0.022215232 
184 277 21 25 0.022205686 
132 369 24 28 0.022186464 
627 458 26 38 0.022181418 
224 489 24 34 0.02217887 
304 152 21 30 0.022165246 
294 49 13 17 0.022139 
486 42 15 19 0.02213111 
424 217 28 33 0.022128003 
198 88 11 15 0.022123916 
836 152 14 19 0.02211767 
94 107 12 16 0.022116743 
577 46 9 11 0.02208902 
743 358 22 29 0.022081958 
548 298 13 18 0.022013258 
629 379 17 26 0.0220121 
275 187 14 18 0.021996321 
802 103 22 30 0.021973632 
581 129 21 26 0.021970343 
125 309 16 23 0.02195562 
721 165 17 22 0.021939805 
768 82 15 17 0.021935193 
324 151 23 32 0.021929516 
985 147 12 16 0.02192949 
624 141 14 18 0.021928223 
944 12 10 13 0.021921627 
694 171 24 31 0.02191494 
454 329 26 32 0.021914758 
774 157 16 20 0.021899568 
384 310 25 35 0.021881966 
13 29 12 16 0.02184567 
792 328 24 29 0.021837855 
213 373 17 23 0.021815753 
144 616 48 49 0.021809831 
503 222 19 23 0.021744136 
21 130 13 17 0.021740695 
396 22 12 15 0.021737456 
1004 30 12 14 0.021713676 
933 7 11 13 0.021705516 
451 47 20 25 0.02169007 
172 116 12 15 0.021689322 
244 227 15 20 0.021689141 
183 99 10 14 0.021681372 
180 258 22 27 0.021680487 
963 220 20 23 0.021671927 
256 11 12 15 0.021670083 
620 229 13 17 0.021663956 
89 177 15 18 0.021637581 
174 110 11 14 0.021636767 
783 132 19 24 0.021632867 
394 484 27 32 0.021614667 
532 372 13 16 0.021610562 
99 135 15 21 0.021593902 
387 252 15 20 0.021543846 
120 239 16 20 0.021542521 
97 457 17 23 0.021533072 
763 88 22 29 0.0215182 
807 30 12 14 0.021516902 
157 615 28 34 0.021514464 
338 384 28 37 0.021502852 
839 395 26 36 0.02149712 
274 251 19 25 0.021487683 
403 33 21 26 0.021472448 
339 404 20 29 0.021441858 
120 205 22 32 0.021438193 
79 631 56 60 0.021433396 
615 243 23 28 0.02142556 
196 180 22 29 0.021419883 
899 98 19 23 0.021417921 
795 133 14 19 0.021400357 
332 75 19 24 0.021388208 
906 348 19 29 0.021387514 
727 26 11 14 0.021379469 
396 200 25 33 0.021379318 
290 152 17 23 0.02137575 
86 443 27 37 0.021368938 
699 94 14 19 0.021365147 
825 256 14 19 0.021357452 
171 196 12 16 0.021311505 
616 38 12 14 0.021306105 
148 573 16 25 0.021306045 
862 20 9 13 0.021305686 
866 260 13 20 0.021290796 
904 133 12 16 0.021276822 
430 34 14 18 0.02126101 
525 434 14 20 0.021259557 
917 268 12 16 0.021254651 
267 93 13 18 0.021232735 
926 7 9 12 0.021225035 
1013 132 12 17 0.02122401 
296 59 13 17 0.021213954 
437 8 20 25 0.021204382 
585 169 21 28 0.021183357 
15 148 23 33 0.02118333 
46 407 14 20 0.021183155 
244 100 12 16 0.021174029 
591 27 11 14 0.021173479 
455 137 23 31 0.021151092 
268 206 24 27 0.021146063 
297 107 13 17 0.021142332 
46 98 20 25 0.021133067 
279 -1 11 11 0.02112374 
682 352 17 21 0.02111571 
221 238 25 30 0.021105941 
524 588 27 34 0.021105092 
188 515 12 15 0.021092655 
724 172 26 34 0.021088503 
828 107 14 20 0.02106725 
700 128 18 21 0.021052273 
198 126 10 14 0.02104207 
902 268 14 19 0.021034528 
0 58 10 20 0.021030799 
500 199 17 21 0.021020481 
866 402 25 33 0.021015974 
-1 120 13 20 0.021010838 
878 25 12 15 0.020991767 
445 107 14 19 0.020936357 
707 96 20 24 0.020934021 
118 136 13 17 0.02082538 
675 190 27 34 0.020820923 
654 146 13 19 0.020818127 
567 306 13 17 0.020784648 
464 358 17 23 0.020783136 
286 50 13 18 0.020782301 
259 140 13 17 0.020745723 
133 14 11 14 0.020741321 
948 500 12 17 0.020702371 
31 34 10 13 0.020695606 
604 277 13 16 0.020691246 
294 297 16 21 0.02067967 
317 10 12 18 0.020676779 
567 242 15 20 0.02065122 
253 20 11 14 0.020647872 
895 30 9 12 0.020642411 
589 37 10 12 0.020632355 
380 364 13 18 0.020631898 
870 121 19 26 0.02061967 
918 73 14 18 0.020610794 
157 158 11 16 0.020609412 
325 93 15 19 0.020600075 
955 395 16 23 0.020580836 
42 118 20 26 0.020573255 
366 417 28 35 0.020559307 
990 108 13 17 0.020552663 
308 72 12 17 0.020551795 
190 21 11 14 0.020536968 
924 36 21 27 0.020533504 
931 505 25 35 0.020505434 
135 533 42 57 0.02050158 
212 440 19 26 0.020494075 
844 4 10 12 0.020486364 
576 219 26 34 0.020480705 
942 33 12 16 0.020463945 
464 365 39 50 0.020459708 
120 264 16 21 0.020455342 
5 451 25 33 0.020445412 
620 89 15 20 0.020442672 
220 584 16 21 0.02043363 
212 309 23 30 0.020432705 
561 458 29 41 0.020430783 
605 34 10 14 0.020423794 
317 392 28 37 0.020419654 
886 412 22 29 0.020411901 
661 187 14 20 0.020405127 
270 95 19 24 0.020393847 
110 208 23 32 0.020383189 
704 231 16 21 0.020359835 
358 146 25 32 0.020358926 
133 30 12 13 0.020352717 
615 23 11 13 0.020349257 
85 413 24 33 0.020348744 
980 347 27 33 0.020343544 
867 342 38 51 0.020340389 
0 26 10 16 0.020320065 
916 275 12 15 0.020288095 
275 393 16 22 0.020286964 
666 141 15 23 0.020275312 
606 343 22 28 0.020257965 
924 191 21 26 0.020252038 
631 105 13 16 0.020251516 
326 579 35 44 0.020241918 
311 91 13 16 0.020239837 
335 362 25 31 0.020235961 
620 186 19 24 0.020229923 
267 482 27 35 0.020224772 
169 170 15 20 0.020199735 
699 363 28 40 0.020185813 
41 224 25 29 0.020180909 
490 187 23 28 0.020162037 
906 99 20 24 0.020160994 
858 185 20 25 0.020147711 
612 264 22 31 0.020140314 
974 277 18 22 0.020124184 
123 66 11 14 0.020121407 
353 25 20 23 0.020070631 
119 334 30 43 0.020052528 
947 24 20 25 0.020051174 
924 71 14 18 0.020034017 
432 0 20 23 0.020028168 
