51_Dresses_wearingdress_51_692
23
687 115 118 155 0.99971884 
170 312 120 155 0.99969614 
367 205 35 43 0.21803573 
595 95 417 477 0.16432948 
550 905 204 320 0.0750502 
464 753 390 447 0.054591447 
265 98 110 138 0.04149916 
363 149 15 18 0.035326835 
623 1006 207 292 0.034869574 
977 212 43 62 0.033287734 
673 1110 108 135 0.033286948 
535 898 385 477 0.032444682 
353 209 28 34 0.029957905 
313 96 101 131 0.028590193 
547 855 115 201 0.028355256 
359 154 15 18 0.027411772 
789 169 24 35 0.023572724 
363 142 13 15 0.023557495 
540 790 202 301 0.022931088 
407 241 11 16 0.022809202 
740 170 15 20 0.020907212 
357 155 24 28 0.02030845 
25 619 420 446 0.020134497 
