51_Dresses_wearingdress_51_451
39
385 214 187 242 0.9996213 
211 623 389 498 0.46239778 
280 10 407 435 0.32301602 
-85 159 436 482 0.20287305 
357 547 230 262 0.19832824 
518 685 190 242 0.18265732 
651 376 240 282 0.13620527 
175 849 416 470 0.11907858 
72 122 195 199 0.115560174 
515 775 52 73 0.11272536 
12 570 223 285 0.07925851 
58 220 231 321 0.06400016 
460 589 101 158 0.06157676 
136 65 221 253 0.05076188 
-16 136 122 184 0.050156906 
20 124 177 317 0.045657236 
297 394 341 445 0.04469417 
471 623 62 90 0.040185764 
486 -29 268 285 0.03963971 
583 321 406 436 0.038795065 
628 678 252 262 0.037536018 
223 25 270 292 0.034819745 
523 700 12 15 0.034410845 
515 743 99 149 0.034360323 
418 544 331 394 0.033864617 
277 1108 247 330 0.033144403 
427 691 127 154 0.030908523 
20 1151 196 289 0.030676303 
526 606 397 432 0.028012704 
622 249 237 309 0.02791246 
590 486 265 291 0.026765386 
-104 483 370 436 0.025310868 
535 138 30 37 0.024888176 
469 678 10 14 0.023926763 
640 77 235 261 0.023659084 
4 1056 185 266 0.021382326 
530 20 371 414 0.021177193 
222 1040 434 484 0.02068447 
421 669 12 16 0.020468308 
