51_Dresses_wearingdress_51_340
125
561 346 75 99 0.99670583 
43 319 16 23 0.7636422 
50 -48 415 490 0.2722911 
854 950 30 34 0.22797382 
37 432 14 18 0.2244671 
43 309 14 18 0.20103039 
112 866 88 124 0.11143054 
189 1002 15 19 0.10283932 
94 512 16 20 0.09318687 
13 839 12 18 0.09224534 
444 -20 185 251 0.08959549 
42 1002 57 68 0.08792885 
1 458 9 16 0.084355235 
186 962 13 18 0.08006737 
75 80 13 17 0.078735135 
194 1019 15 22 0.07806556 
55 1010 37 41 0.07059545 
233 1058 14 17 0.06632076 
319 1067 55 67 0.06222709 
157 93 421 535 0.061749063 
76 556 14 19 0.052505206 
286 284 240 293 0.051864658 
94 349 12 16 0.05000009 
103 395 13 17 0.049894184 
33 433 12 16 0.049283493 
277 1122 33 38 0.048483595 
240 1132 105 152 0.047494486 
701 -4 424 479 0.046613965 
36 212 13 19 0.046421636 
102 1013 11 14 0.045788147 
93 464 13 16 0.045210425 
364 1171 11 15 0.04502096 
187 1009 21 27 0.043667655 
160 469 14 17 0.042542875 
57 1024 53 75 0.039408788 
501 -15 101 175 0.038278874 
191 468 12 15 0.036621515 
21 988 91 116 0.036001775 
130 1016 16 20 0.035894033 
59 160 15 18 0.03580032 
381 1162 14 20 0.035784174 
234 932 27 33 0.03575651 
227 1014 12 14 0.0355528 
141 325 11 16 0.03534567 
345 697 181 270 0.035296295 
45 293 13 16 0.034961175 
43 300 14 19 0.03480254 
350 966 11 14 0.03472506 
318 1053 37 41 0.03452977 
520 17 63 107 0.034085616 
99 355 12 17 0.032886162 
211 466 12 15 0.032049034 
653 723 386 493 0.031998724 
50 318 21 26 0.03193635 
100 1006 11 15 0.031768203 
150 1000 54 65 0.03144736 
18 837 12 17 0.031112287 
181 954 23 30 0.031052295 
39 478 12 15 0.030467922 
32 842 11 17 0.030445145 
130 964 91 111 0.03042994 
277 -42 402 497 0.030029492 
118 338 16 18 0.03002665 
182 958 13 18 0.029289188 
149 404 11 14 0.029271528 
141 1089 13 15 0.02900157 
119 1008 12 16 0.028487457 
996 202 13 18 0.028480725 
100 185 12 17 0.028414035 
63 980 95 115 0.028348098 
155 491 16 19 0.027790068 
5 360 220 221 0.027692107 
23 483 11 14 0.027638478 
28 517 16 21 0.027599975 
47 1099 27 37 0.027047826 
59 317 14 19 0.026839498 
877 314 27 37 0.026447413 
124 321 16 19 0.026441783 
174 964 11 17 0.026242843 
173 450 14 17 0.026031487 
335 1096 52 72 0.0256971 
877 951 25 34 0.025345042 
98 500 14 17 0.025236713 
70 461 13 17 0.024880067 
325 768 119 163 0.024831105 
221 482 12 16 0.024732545 
39 300 11 16 0.024342315 
115 373 12 16 0.024089163 
109 275 13 17 0.02402446 
335 940 11 13 0.023915023 
158 997 11 13 0.023715422 
184 995 12 17 0.023616746 
349 1115 33 36 0.023391878 
810 968 53 68 0.023348745 
87 349 12 16 0.023326935 
100 433 12 15 0.023280786 
76 202 13 17 0.023215314 
134 324 13 18 0.023121228 
204 937 13 17 0.022689603 
17 933 387 487 0.022621382 
111 145 11 17 0.022620752 
242 932 17 20 0.022501927 
62 1222 105 132 0.02250074 
117 1002 23 29 0.02248884 
316 930 13 15 0.022027342 
-16 1009 91 134 0.021935878 
198 939 11 14 0.021652991 
15 833 10 13 0.021606179 
14 835 21 28 0.02159218 
37 325 14 21 0.021451099 
333 947 11 14 0.021340521 
51 1100 14 22 0.021254249 
131 458 13 17 0.021163445 
97 1039 48 62 0.021062678 
257 1170 65 87 0.021049231 
-4 209 241 254 0.020999094 
38 511 12 14 0.020962302 
247 1149 56 71 0.02042232 
159 1018 32 37 0.020406295 
177 1017 26 32 0.020271305 
544 280 93 131 0.020191275 
-1 1066 41 69 0.020185493 
148 382 12 16 0.02009847 
28 875 11 14 0.020092178 
39 1029 12 14 0.020000655 
