51_Dresses_wearingdress_51_414
30
79 110 59 83 0.9993513 
334 119 63 80 0.9993136 
2 135 69 92 0.9990729 
193 86 92 117 0.99887234 
423 58 56 72 0.99820685 
695 87 82 109 0.9964702 
11 63 67 84 0.9886805 
378 47 43 61 0.9826408 
506 23 140 230 0.94233257 
136 1 50 35 0.8879395 
748 921 26 33 0.3597168 
399 49 51 69 0.31113997 
61 203 469 582 0.15037645 
255 0 42 31 0.131775 
17 55 404 504 0.10704527 
-2 0 21 34 0.09442364 
478 113 404 571 0.09384587 
524 463 95 128 0.081399605 
709 948 11 14 0.059771497 
721 1040 37 34 0.046844777 
11 35 59 70 0.04308964 
40 252 30 42 0.041619238 
22 79 72 108 0.03796163 
512 430 45 73 0.035865735 
65 94 53 76 0.035688747 
365 35 41 63 0.027820883 
554 337 440 606 0.027615037 
-4 4 51 67 0.02433326 
20 221 45 67 0.021536686 
134 168 224 326 0.020039715 
