51_Dresses_wearingdress_51_178
27
326 79 161 222 0.9981987 
545 146 238 246 0.72894377 
295 802 295 262 0.71871454 
473 370 221 322 0.18887992 
281 848 441 590 0.13205403 
501 126 182 224 0.13025346 
416 88 160 225 0.101678506 
275 542 370 518 0.08633923 
378 864 173 159 0.05583885 
185 2 17 18 0.049729552 
328 353 381 489 0.048166085 
567 367 113 192 0.040163923 
924 1068 15 18 0.035897054 
911 607 13 17 0.03554299 
495 179 117 139 0.03500389 
685 1819 10 14 0.031942222 
678 1819 12 15 0.0308353 
711 1823 10 12 0.030440323 
616 174 136 169 0.03038492 
121 698 406 522 0.027788775 
616 1821 10 13 0.025012132 
545 40 390 511 0.023917299 
911 1588 35 39 0.023437405 
639 1823 9 13 0.021346994 
4 34 10 14 0.020640321 
155 444 347 499 0.020632673 
127 1821 9 13 0.020443235 
