51_Dresses_wearingdress_51_445
87
183 328 74 101 0.98947805 
350 306 77 101 0.9885726 
859 308 79 100 0.98457503 
580 441 220 284 0.6187486 
355 668 26 28 0.2808135 
676 428 228 291 0.23873031 
292 759 27 29 0.12945877 
555 810 24 29 0.12514845 
983 713 14 18 0.1197159 
490 783 29 33 0.11948352 
253 691 26 30 0.11828085 
234 1005 24 32 0.10629593 
182 765 25 31 0.099339314 
808 809 28 34 0.080277085 
501 371 377 419 0.070956185 
10 134 77 79 0.070099644 
498 754 14 16 0.0654013 
-7 116 121 134 0.06501103 
160 27 33 40 0.064182065 
488 748 25 29 0.06284304 
169 31 47 57 0.062301587 
671 490 144 188 0.05992633 
254 1026 26 32 0.05986387 
250 803 28 31 0.059200767 
419 661 14 17 0.056410864 
479 759 44 57 0.053158816 
652 747 223 278 0.049968123 
-7 528 84 121 0.047993433 
293 722 14 16 0.047128513 
300 722 12 16 0.045626372 
952 935 28 38 0.045396853 
252 705 24 29 0.044583965 
160 677 393 470 0.04371897 
424 739 51 62 0.042709894 
228 43 188 217 0.042247266 
439 694 484 566 0.040482424 
262 840 13 16 0.0403999 
807 815 16 22 0.039887957 
592 800 27 32 0.039237317 
91 843 15 19 0.036823045 
167 812 25 30 0.03682222 
178 824 17 22 0.03567261 
-8 787 100 199 0.034833018 
397 805 16 20 0.031532314 
485 755 13 16 0.030199207 
478 545 33 48 0.029954795 
197 831 17 21 0.029448884 
403 741 45 59 0.028832728 
477 662 11 16 0.028763905 
347 703 15 18 0.02870261 
108 836 16 20 0.028059596 
195 765 14 17 0.027898286 
152 811 26 32 0.027347265 
742 654 58 66 0.02662759 
647 -92 391 481 0.026550272 
216 803 24 29 0.026054354 
402 705 101 116 0.025284458 
472 663 11 14 0.025119063 
796 808 55 62 0.024189956 
428 642 13 15 0.024146156 
146 803 25 30 0.024138497 
378 676 15 19 0.023867259 
417 710 30 32 0.023434628 
670 486 406 526 0.023389209 
576 804 27 34 0.023341289 
1013 746 11 18 0.023322426 
545 801 40 47 0.022915954 
38 843 12 14 0.02291553 
773 817 52 70 0.022853436 
390 753 32 35 0.022775462 
390 806 14 18 0.022722848 
552 510 139 180 0.022425137 
597 779 13 17 0.021980956 
339 797 30 34 0.021968244 
462 691 31 35 0.02185793 
976 549 45 76 0.021434663 
133 144 54 67 0.021077571 
233 836 15 19 0.02101041 
414 659 25 26 0.020996543 
185 826 22 27 0.020876855 
-5 75 94 119 0.020740988 
444 752 32 38 0.020539392 
598 713 185 205 0.020357395 
366 672 19 21 0.020276543 
324 658 15 16 0.020242913 
-3 437 18 40 0.020054687 
457 737 55 64 0.020020485 
