51_Dresses_wearingdress_51_398
34
407 233 371 465 0.9979746 
296 915 337 446 0.74483323 
376 1119 59 72 0.13172984 
108 344 176 239 0.102425836 
-4 1137 392 475 0.09846099 
80 457 29 38 0.07848711 
624 1362 25 31 0.06371121 
347 1364 12 13 0.055227365 
259 1072 47 64 0.049707588 
15 1249 212 307 0.044924643 
329 1315 140 188 0.044810493 
129 226 345 462 0.044516075 
363 180 264 347 0.041192073 
360 1073 148 196 0.039677124 
143 399 112 147 0.039618876 
95 756 14 18 0.03688756 
287 1356 120 155 0.036418207 
316 1397 36 44 0.034720022 
77 1056 35 39 0.032204963 
87 761 24 29 0.031062724 
343 1103 66 84 0.030427948 
380 1366 14 16 0.02959133 
75 761 16 19 0.028619299 
126 1021 412 491 0.028113587 
178 508 354 455 0.025844462 
36 470 355 483 0.025776 
92 436 232 267 0.025430905 
35 459 16 20 0.024927119 
312 724 382 470 0.024830187 
173 1011 16 20 0.024244454 
27 859 16 21 0.02414227 
380 1147 38 47 0.023160163 
583 1259 219 253 0.021703193 
498 760 28 32 0.021413904 
