51_Dresses_wearingdress_51_737
25
757 385 62 76 0.99318343 
470 171 83 113 0.9885854 
109 631 239 331 0.743054 
15 646 198 319 0.22573324 
572 354 65 98 0.13147296 
363 890 371 464 0.10856598 
294 923 318 300 0.09182746 
434 1004 244 281 0.07934004 
86 758 460 586 0.06419565 
331 572 14 17 0.063280165 
214 805 218 278 0.049944732 
360 498 211 336 0.048160233 
739 386 48 69 0.047623865 
4 734 119 205 0.04754048 
636 171 397 509 0.04658039 
50 760 226 320 0.043965906 
0 49 428 554 0.0437984 
328 406 372 509 0.04174229 
551 804 449 544 0.039186064 
324 894 234 193 0.036142312 
501 1137 148 165 0.03164088 
326 770 52 86 0.02840863 
402 643 224 289 0.02725047 
340 962 137 140 0.024078391 
536 330 97 156 0.02339513 
