51_Dresses_wearingdress_51_226
38
295 261 217 301 0.99960047 
367 10 453 550 0.61589193 
264 670 283 230 0.41227046 
79 88 196 306 0.15838283 
203 460 24 29 0.13083056 
155 544 429 400 0.119414054 
662 284 401 516 0.110763505 
601 342 63 80 0.07295518 
139 452 34 46 0.07117356 
157 259 60 88 0.061219722 
477 212 53 73 0.05207957 
42 46 374 452 0.047160026 
178 228 96 152 0.040892135 
207 592 52 61 0.039232187 
185 647 232 256 0.037238028 
478 78 256 357 0.037140794 
95 181 50 71 0.03698951 
95 176 33 39 0.036429506 
219 192 66 72 0.03288099 
809 296 228 310 0.032626823 
111 210 28 45 0.032195818 
139 264 51 76 0.02974291 
357 525 362 424 0.029600473 
110 315 29 43 0.027210059 
326 175 325 426 0.027186185 
561 279 101 138 0.026714964 
195 466 23 28 0.026645314 
81 455 46 55 0.025816595 
183 551 100 118 0.02370814 
253 337 387 451 0.022724634 
615 364 74 80 0.022025809 
187 473 16 20 0.02163874 
215 11 408 480 0.021574575 
180 505 18 24 0.021291856 
118 382 33 42 0.021091044 
126 405 58 90 0.020363845 
214 606 30 37 0.020227615 
234 226 190 279 0.020121101 
