51_Dresses_wearingdress_51_512
25
442 269 205 268 0.99472636 
583 555 338 446 0.32835084 
501 332 254 265 0.24609238 
213 59 396 541 0.13512291 
683 682 347 502 0.121248804 
219 1088 462 571 0.12069224 
277 821 441 538 0.1180918 
381 395 212 287 0.088235416 
644 952 426 476 0.081919566 
338 248 220 320 0.057190023 
454 1115 395 487 0.045414824 
482 765 406 468 0.04467028 
358 500 145 162 0.04348845 
386 300 407 502 0.04189983 
656 1043 136 167 0.032814074 
394 894 241 269 0.030357696 
611 987 236 247 0.027497595 
718 613 235 313 0.027063973 
414 509 137 180 0.026545972 
915 766 122 198 0.026213275 
227 675 406 428 0.023451865 
257 605 222 247 0.023203008 
13 -67 462 598 0.021775633 
235 1060 16 20 0.021398988 
516 -67 472 573 0.020981632 
