51_Dresses_wearingdress_51_727
100
607 42 58 80 0.99977225 
281 85 101 171 0.999164 
794 28 61 87 0.99831957 
908 68 14 20 0.50303906 
155 73 88 128 0.48290473 
893 2 13 18 0.4732505 
499 51 15 22 0.46539217 
963 -1 15 14 0.38412368 
744 33 22 30 0.29885417 
694 67 26 33 0.2910816 
-71 231 374 498 0.28093955 
546 70 15 21 0.27149394 
459 244 43 64 0.26512447 
630 -6 45 49 0.23727566 
180 171 103 110 0.22369447 
923 18 13 18 0.20316891 
883 50 16 23 0.200384 
518 65 12 16 0.14875317 
694 1 26 31 0.1474962 
527 80 15 19 0.14376199 
499 18 15 19 0.13994585 
372 189 49 73 0.10985524 
937 67 12 16 0.10738499 
921 11 13 18 0.099527724 
901 9 13 18 0.09316676 
882 87 17 22 0.090552226 
524 32 17 21 0.08951692 
584 67 13 18 0.086266235 
692 0 17 20 0.083001524 
956 105 21 30 0.08075865 
939 80 15 20 0.07273621 
752 29 24 30 0.06453167 
980 16 15 19 0.06396244 
419 128 46 65 0.063835956 
436 232 42 62 0.063642204 
988 53 13 18 0.06343923 
743 35 37 50 0.06341549 
544 61 12 14 0.060073525 
983 419 33 44 0.058946297 
922 90 15 19 0.05863866 
708 45 14 18 0.056351352 
565 55 14 19 0.055387415 
697 52 26 36 0.054861706 
762 26 16 21 0.053502597 
230 131 125 140 0.04843702 
-2 511 13 22 0.048305042 
444 144 43 62 0.04789358 
892 33 12 15 0.04672815 
519 72 11 16 0.04248844 
686 56 26 33 0.042425692 
907 19 12 15 0.041685335 
420 223 41 62 0.04101649 
740 54 30 39 0.040817063 
893 16 14 18 0.040040687 
533 70 22 31 0.03941271 
914 77 21 31 0.03895807 
658 4 16 19 0.038785487 
415 140 30 39 0.038345918 
861 22 22 31 0.037724093 
646 2 28 29 0.036139112 
935 72 16 22 0.035206273 
523 68 11 15 0.035179567 
872 39 22 33 0.034367155 
583 18 13 16 0.03361983 
675 32 46 56 0.03354078 
685 58 16 21 0.03343238 
956 59 11 15 0.033136092 
742 29 14 19 0.031152261 
970 0 13 13 0.030227471 
855 784 34 39 0.030201651 
909 42 13 17 0.030129189 
849 35 29 45 0.029311402 
650 -3 47 51 0.028410869 
678 2 45 54 0.028380804 
886 30 23 29 0.027931679 
918 47 13 19 0.027463136 
867 19 14 21 0.02718054 
391 203 45 64 0.026542597 
170 91 15 19 0.025690649 
110 416 27 38 0.025444753 
371 130 54 81 0.025223263 
980 4 15 17 0.024849074 
984 74 11 16 0.024673315 
1012 42 12 18 0.02389183 
712 49 14 20 0.02366239 
742 19 23 31 0.023531271 
929 20 13 17 0.023105692 
987 11 14 18 0.021857327 
695 55 40 53 0.021724142 
741 110 14 18 0.021525476 
924 43 14 19 0.0214001 
989 -1 11 10 0.021337027 
733 30 24 32 0.021331336 
761 36 27 37 0.020905845 
742 12 12 16 0.020866884 
926 80 21 29 0.02081046 
512 57 21 25 0.02068639 
937 148 45 61 0.02065863 
542 54 12 15 0.020558136 
958 77 11 15 0.0205573 
