51_Dresses_wearingdress_51_549
34
863 45 87 113 0.9979473 
601 43 77 100 0.9920582 
341 49 78 103 0.98631305 
90 36 76 96 0.951857 
144 645 11 15 0.07738565 
95 588 11 13 0.06312141 
343 249 174 206 0.05082775 
90 561 7 11 0.046316244 
452 164 44 57 0.043065097 
66 620 8 11 0.041601155 
93 654 8 10 0.04153091 
141 598 8 11 0.03854878 
113 199 119 137 0.037157398 
98 729 8 10 0.036714684 
171 533 9 12 0.03628533 
81 725 8 11 0.034651972 
823 531 60 63 0.034410074 
146 582 9 12 0.033385713 
178 720 9 11 0.032234784 
82 718 7 11 0.031158531 
78 654 8 10 0.030382622 
184 687 9 11 0.030281164 
154 694 8 11 0.028303206 
86 616 8 10 0.026530523 
57 209 238 317 0.026463503 
951 332 11 15 0.02632465 
518 467 25 38 0.025971113 
178 549 9 11 0.024366487 
397 740 13 19 0.023607483 
140 358 12 13 0.023509244 
54 550 11 15 0.021280998 
152 607 8 10 0.021176537 
992 383 10 12 0.020970348 
152 566 8 11 0.020140072 
