51_Dresses_wearingdress_51_789
45
355 91 131 163 0.9991773 
123 562 215 282 0.15572207 
501 852 12 16 0.1306418 
459 772 14 17 0.07947365 
54 56 59 91 0.07239889 
46 76 36 44 0.06986356 
193 865 417 500 0.06577707 
508 873 12 15 0.061832618 
418 769 17 20 0.059814993 
583 804 13 17 0.05846951 
579 834 21 27 0.058108155 
22 73 57 86 0.046387065 
36 381 342 440 0.043953244 
582 345 16 24 0.043161556 
646 203 107 124 0.04209453 
676 162 236 285 0.040050786 
437 790 23 27 0.040039953 
540 471 340 473 0.03980273 
766 1155 234 295 0.034673285 
429 830 27 31 0.0344019 
508 842 15 19 0.03276293 
581 827 14 19 0.031756558 
468 808 15 19 0.030876312 
378 621 61 59 0.030847598 
452 777 15 17 0.030114582 
426 764 17 20 0.030075254 
459 875 13 16 0.029115029 
495 852 21 26 0.026521485 
475 818 24 29 0.025811343 
395 761 18 20 0.025327861 
615 221 12 15 0.02502349 
59 62 35 50 0.024944983 
576 804 13 16 0.024507347 
438 828 14 15 0.024067491 
493 858 14 18 0.024062883 
371 783 25 30 0.023880985 
916 291 87 134 0.02366086 
624 1068 437 492 0.023235962 
450 839 15 19 0.022921147 
108 468 98 125 0.02231246 
10 57 89 143 0.022000125 
319 796 12 16 0.021925982 
541 807 27 34 0.021616785 
326 775 410 493 0.021470651 
652 215 10 12 0.020870227 
