51_Dresses_wearingdress_51_1035
46
176 236 109 129 0.9993394 
406 48 85 114 0.9970317 
577 275 86 103 0.99209714 
851 182 87 99 0.9882139 
735 28 17 22 0.7865588 
288 53 17 20 0.53241956 
259 95 21 30 0.2008342 
602 34 18 29 0.18493713 
333 47 19 22 0.17458265 
514 1 27 23 0.17282905 
597 39 15 22 0.1665563 
991 55 11 15 0.11900246 
665 31 19 21 0.11686037 
368 239 112 162 0.06969625 
678 0 17 19 0.06824141 
995 58 14 17 0.062444955 
706 13 18 23 0.06053119 
1005 59 14 18 0.055559244 
403 131 13 18 0.047395606 
980 4 15 17 0.04063835 
256 188 48 70 0.038575068 
645 39 14 19 0.037108935 
987 233 39 65 0.03561438 
492 -5 57 56 0.035001498 
610 32 21 32 0.03244002 
651 30 21 26 0.032331515 
995 24 14 18 0.03146861 
283 205 39 44 0.030855121 
997 65 13 17 0.030277088 
990 75 11 15 0.029833324 
146 466 191 193 0.029266536 
265 200 25 42 0.0287168 
952 92 12 15 0.027732063 
964 61 13 19 0.027555576 
565 47 16 21 0.027174186 
394 105 13 18 0.026296014 
537 41 15 21 0.02518985 
325 105 12 19 0.023096165 
287 114 13 16 0.023011243 
988 1 12 12 0.022862548 
255 100 16 21 0.021727724 
917 219 39 51 0.021633398 
1011 64 11 17 0.021425292 
992 59 23 27 0.020536624 
972 99 11 15 0.02021118 
652 51 15 19 0.020004295 
