51_Dresses_wearingdress_51_7
29
294 16 63 87 0.9991892 
772 10 75 102 0.99355185 
489 87 28 34 0.9902636 
953 122 37 49 0.9807803 
528 58 29 46 0.936146 
55 63 20 28 0.9098185 
8 58 20 28 0.8901053 
375 92 29 39 0.8468021 
169 84 16 22 0.80129266 
118 71 16 21 0.35707158 
198 79 15 20 0.13780758 
537 52 18 24 0.06755405 
634 351 27 40 0.058348957 
360 61 47 64 0.04528722 
214 117 54 70 0.038692087 
111 108 17 21 0.035041228 
177 86 15 20 0.033454962 
900 131 17 20 0.031774323 
109 67 27 35 0.03074423 
191 84 13 18 0.029092109 
499 203 28 34 0.026884204 
869 51 42 59 0.024979578 
5 54 16 22 0.024905581 
508 196 11 15 0.024697604 
164 60 12 15 0.023009216 
175 288 69 69 0.022715673 
351 27 45 67 0.022360014 
535 49 45 60 0.021535184 
154 236 145 152 0.020577839 
