51_Dresses_wearingdress_51_377
94
301 369 372 512 0.9998109 
789 646 165 235 0.99912876 
197 807 112 214 0.9927509 
240 767 195 277 0.9903246 
12 582 109 221 0.6541346 
-10 671 95 188 0.3570272 
81 896 45 55 0.31170127 
553 6 22 25 0.2679107 
279 2 34 30 0.23456885 
189 546 30 40 0.18519546 
763 44 178 279 0.1095198 
343 163 445 589 0.098676786 
239 519 41 55 0.08535986 
101 898 33 40 0.07707159 
478 398 325 432 0.07260795 
171 531 44 59 0.06968931 
360 1 30 29 0.065138735 
482 42 16 21 0.06425391 
886 94 15 20 0.06156034 
401 14 41 54 0.060887422 
612 124 231 244 0.060464405 
465 2 17 19 0.05956885 
51 896 56 64 0.059001055 
160 324 349 476 0.056989513 
295 93 24 37 0.053419795 
16 509 167 246 0.051035754 
341 0 33 32 0.047520258 
165 517 26 40 0.045952648 
-5 908 34 61 0.04592175 
292 82 43 61 0.045442894 
304 42 33 39 0.044910293 
398 12 13 17 0.044489376 
29 -8 198 342 0.041693535 
860 89 16 17 0.04103283 
853 434 12 16 0.0410259 
15 -92 344 511 0.041004706 
64 553 97 168 0.04064491 
877 1 16 18 0.040490262 
977 0 35 30 0.039669592 
514 18 26 31 0.036485687 
153 511 48 67 0.036431327 
93 447 61 69 0.03585576 
65 910 35 38 0.035017736 
420 3 14 17 0.034743972 
533 29 48 65 0.033887018 
989 386 30 41 0.033793274 
45 130 96 131 0.03107115 
520 16 43 55 0.031065155 
258 -1 53 48 0.030663539 
820 106 12 15 0.030538024 
97 908 21 26 0.030164815 
949 51 15 18 0.02984314 
119 430 49 63 0.029388221 
800 3 12 14 0.029264972 
837 18 12 16 0.029083129 
902 23 14 20 0.029036455 
606 266 362 480 0.028522944 
412 0 17 19 0.028053872 
72 477 102 144 0.027926335 
495 237 252 352 0.027697038 
124 532 50 73 0.027583068 
35 609 70 135 0.027020568 
427 5 13 18 0.026397683 
83 463 32 41 0.026293535 
837 83 11 13 0.026222663 
-32 648 172 276 0.026101518 
269 663 235 312 0.025986113 
667 484 133 220 0.025888002 
97 545 92 128 0.025618931 
872 445 49 65 0.025437385 
59 893 81 99 0.02506785 
745 138 118 181 0.024668898 
211 525 43 56 0.024588551 
995 96 16 20 0.024125488 
918 66 15 20 0.023989642 
866 108 15 18 0.023813859 
156 503 84 113 0.022985129 
996 138 16 19 0.022728143 
986 377 28 33 0.022455584 
539 -2 14 15 0.022247091 
52 719 15 21 0.02222222 
974 375 49 66 0.022093965 
535 7 45 53 0.022051448 
912 1 28 30 0.021926489 
549 14 19 22 0.021800524 
688 -20 329 425 0.021628253 
854 61 14 18 0.021605251 
75 461 57 67 0.02142743 
143 547 30 39 0.021263218 
117 948 14 18 0.021017792 
804 102 13 17 0.020974617 
815 101 13 17 0.020924969 
1012 87 12 18 0.020567112 
311 60 20 22 0.020557612 
