51_Dresses_wearingdress_51_869
25
412 99 144 221 0.99370664 
2 4 152 238 0.7891536 
306 582 361 522 0.42907548 
631 257 104 135 0.3361255 
537 1048 454 494 0.21071722 
379 378 217 288 0.2057358 
344 811 276 349 0.115371235 
644 1143 281 316 0.06595574 
298 265 361 475 0.0655741 
402 966 232 286 0.06498071 
657 931 406 444 0.03307437 
547 327 435 540 0.032957617 
541 1497 29 32 0.031600412 
490 594 106 131 0.031077765 
569 978 229 263 0.026481582 
-57 -89 319 426 0.02505982 
630 1033 275 245 0.024854932 
454 1155 337 452 0.023907825 
16 800 408 483 0.023284744 
-35 1177 371 468 0.02211684 
466 1069 145 184 0.021583999 
929 421 38 50 0.021037962 
611 1271 215 348 0.021007258 
466 1511 55 70 0.020985419 
330 63 170 261 0.02069703 
