51_Dresses_wearingdress_51_914
61
813 761 127 171 0.9996623 
126 54 63 81 0.9992322 
452 42 55 76 0.9990433 
821 91 63 80 0.99536127 
628 82 30 38 0.99475867 
555 758 67 93 0.9932312 
446 261 35 46 0.98988473 
232 1297 25 27 0.13317353 
688 1024 23 33 0.12085718 
76 261 174 286 0.11476533 
435 818 376 431 0.0941377 
436 612 18 23 0.0903586 
555 502 14 20 0.08555076 
47 50 35 39 0.072990626 
162 1187 12 13 0.06370254 
172 1355 14 19 0.060351226 
417 580 10 12 0.05273915 
389 1107 16 21 0.05093192 
212 -1 54 61 0.047411043 
231 1303 15 18 0.041768026 
173 1175 13 17 0.04174717 
191 1181 12 13 0.041616887 
394 1103 24 29 0.04072658 
446 1090 26 46 0.038423788 
183 1313 12 16 0.035711244 
403 1106 24 32 0.03469146 
166 1232 54 72 0.03454626 
84 716 358 435 0.03413398 
158 1043 11 14 0.0334648 
759 1178 14 17 0.031986892 
584 975 9 12 0.031908795 
736 1 60 79 0.029961925 
583 721 82 112 0.028753197 
19 249 362 478 0.028456233 
548 488 23 37 0.027111202 
177 1246 33 37 0.025933713 
823 120 69 87 0.025933003 
658 912 398 466 0.025821373 
782 1313 15 18 0.025758766 
539 1345 16 18 0.025346609 
62 738 180 246 0.024644898 
777 153 31 56 0.024345255 
826 1081 16 19 0.02419541 
601 849 55 68 0.02376034 
882 469 17 17 0.023713201 
315 1170 15 18 0.023618912 
138 227 103 133 0.023579584 
456 1170 179 243 0.02344433 
768 446 11 15 0.023186393 
261 1139 12 15 0.023040667 
23 1092 10 14 0.023033962 
892 357 14 17 0.022633145 
567 533 10 13 0.02235129 
885 1186 22 27 0.022236237 
784 1235 14 17 0.022097362 
537 468 40 64 0.021989474 
195 1188 16 20 0.021972748 
627 833 34 43 0.021797586 
158 1227 12 15 0.021598114 
231 1215 14 20 0.020139446 
734 1333 8 13 0.020060858 
