51_Dresses_wearingdress_51_280
18
951 258 68 87 0.99923825 
447 205 111 142 0.9992095 
29 58 105 125 0.9992036 
764 238 59 81 0.99886453 
650 374 43 61 0.637571 
257 458 28 34 0.19828685 
246 1056 342 488 0.07276537 
842 399 43 65 0.05897305 
655 367 63 88 0.049824037 
436 686 132 134 0.039553814 
62 431 91 108 0.032420937 
468 728 76 80 0.030680735 
348 571 218 255 0.02947024 
125 315 40 57 0.029356465 
861 589 34 48 0.027266003 
412 292 230 251 0.023989137 
333 689 16 19 0.021833852 
327 1300 130 137 0.021340275 
