61_Street_Battle_streetfight_61_640
24
678 121 141 170 0.98387027 
664 673 25 31 0.65417767 
425 -5 236 335 0.5455959 
568 67 174 227 0.23880926 
498 599 204 188 0.15652463 
342 29 202 232 0.124136694 
488 262 251 281 0.11178223 
628 151 141 174 0.0841452 
376 309 258 261 0.083660685 
632 224 115 145 0.057485294 
661 676 16 22 0.05364732 
276 210 407 450 0.045803715 
679 678 16 22 0.041828435 
654 674 14 21 0.040408477 
712 641 119 130 0.032313257 
507 101 142 158 0.028606927 
654 245 66 96 0.02480116 
453 627 145 166 0.024416331 
498 710 14 18 0.024307756 
118 -34 374 517 0.023663362 
656 660 43 57 0.022773832 
627 698 16 18 0.022493731 
663 522 121 102 0.020921044 
784 105 49 84 0.020654105 
