61_Street_Battle_streetfight_61_815
43
340 240 53 61 0.94344467 
758 90 171 243 0.6571722 
796 245 50 72 0.4278122 
172 38 464 542 0.34493503 
655 36 198 283 0.14136702 
636 -35 339 449 0.13814344 
470 -50 335 457 0.09240501 
780 171 107 146 0.08664033 
0 400 36 50 0.075986974 
597 497 69 73 0.070147775 
495 20 190 300 0.06564321 
887 550 40 51 0.058995776 
591 128 54 84 0.05745714 
354 256 53 76 0.05631137 
841 546 45 56 0.053412348 
40 1 203 228 0.050463784 
123 345 449 499 0.039466046 
107 271 128 107 0.034968413 
791 283 54 72 0.032750107 
953 599 26 32 0.03250295 
49 292 130 115 0.03234589 
752 347 137 148 0.03197899 
25 219 198 257 0.030988242 
66 339 113 133 0.029883556 
572 124 94 145 0.029182378 
-24 -55 322 423 0.029154351 
110 111 31 41 0.02842408 
122 293 80 64 0.027384464 
861 148 104 146 0.026831204 
81 314 81 69 0.026262872 
96 167 58 63 0.02534484 
33 118 61 72 0.025064163 
57 327 62 71 0.024964754 
927 184 57 85 0.023811907 
826 180 77 105 0.023302328 
694 262 205 206 0.02297312 
103 258 72 65 0.022729654 
117 221 52 62 0.02271475 
780 254 87 114 0.022316681 
280 181 471 540 0.022245772 
849 589 55 75 0.021567054 
109 188 60 67 0.020989442 
95 48 126 120 0.02070009 
