61_Street_Battle_streetfight_61_432
176
803 416 32 44 0.995624 
738 321 26 36 0.99389815 
636 517 34 44 0.9928773 
146 236 38 44 0.9926422 
177 150 27 35 0.9915039 
645 320 25 34 0.99028766 
499 295 27 34 0.9814478 
854 400 24 31 0.9794845 
845 324 23 29 0.9754077 
100 152 29 38 0.9738023 
586 218 17 23 0.96715283 
966 374 25 32 0.96124375 
885 323 23 28 0.9608493 
900 284 15 19 0.9558397 
621 272 21 28 0.92816585 
793 287 19 25 0.9225066 
499 505 31 37 0.9207119 
144 298 30 45 0.91878974 
761 247 16 21 0.9160039 
711 397 30 40 0.91395646 
634 217 15 20 0.90697324 
824 268 12 15 0.90659165 
846 274 16 19 0.905932 
416 532 28 37 0.8762121 
263 174 18 23 0.8453815 
523 210 19 23 0.83021384 
834 288 15 19 0.8221957 
795 262 15 19 0.82134527 
652 201 15 19 0.7845421 
318 150 21 30 0.571416 
211 212 30 38 0.49516404 
547 237 24 30 0.46953893 
714 351 20 24 0.40648648 
764 359 18 22 0.38841125 
224 105 19 24 0.3868627 
409 159 38 55 0.34562096 
792 361 24 29 0.30188906 
508 186 15 21 0.2877895 
951 372 25 34 0.23817684 
614 244 11 16 0.23152594 
321 116 12 16 0.22767507 
261 209 27 32 0.22307521 
186 108 14 17 0.21830428 
836 372 16 21 0.16846092 
874 297 15 22 0.15740572 
936 372 25 32 0.11891722 
643 249 12 16 0.11655844 
926 378 23 33 0.10172356 
220 316 46 59 0.09980979 
833 347 15 19 0.09016303 
934 272 9 12 0.089524224 
831 297 14 18 0.08908332 
280 195 15 18 0.085897975 
156 171 16 21 0.08500049 
918 383 24 35 0.08402086 
982 380 22 31 0.080128044 
200 190 24 34 0.07848777 
827 271 14 17 0.07603025 
403 156 30 39 0.07193886 
947 329 17 20 0.0697736 
955 614 54 76 0.06834983 
134 318 28 38 0.06587414 
596 299 14 18 0.064626895 
449 178 23 33 0.06402444 
543 250 23 31 0.062300418 
426 169 27 41 0.06067283 
836 332 21 27 0.059939943 
833 304 14 18 0.05941481 
348 112 11 17 0.059273686 
469 166 10 13 0.058435753 
249 209 27 34 0.054969694 
437 174 26 37 0.054843463 
325 182 16 20 0.053179525 
147 170 27 36 0.052903462 
271 179 22 28 0.05246728 
838 276 20 25 0.05178792 
228 211 27 36 0.050413646 
418 166 18 26 0.04945014 
639 242 13 17 0.046577446 
463 166 11 14 0.046404984 
201 200 29 45 0.0459926 
459 182 14 20 0.044794917 
122 123 14 18 0.043311283 
453 199 12 17 0.042889696 
272 215 24 33 0.042129427 
907 279 12 14 0.041391175 
317 114 20 26 0.040669564 
881 287 20 28 0.04028605 
272 198 23 29 0.040045336 
454 168 25 31 0.039837718 
324 163 24 36 0.039516952 
390 165 33 39 0.039290093 
614 234 21 27 0.03859412 
110 152 39 47 0.037090357 
461 172 13 17 0.0360758 
942 333 24 27 0.035699807 
930 277 10 14 0.03535439 
373 177 13 18 0.035190795 
282 249 14 17 0.034867086 
246 219 15 18 0.03407803 
510 176 10 13 0.033943724 
144 156 24 34 0.03373069 
828 320 13 19 0.033177882 
772 355 26 31 0.033157054 
796 355 17 22 0.032895308 
837 320 22 29 0.032260563 
300 313 14 19 0.031947102 
941 297 13 16 0.031765386 
822 315 14 18 0.031210864 
636 232 14 20 0.030880483 
213 228 19 25 0.030527644 
283 219 14 20 0.03019613 
380 169 28 35 0.030176913 
637 167 10 12 0.02960156 
273 293 27 33 0.029081296 
455 171 12 16 0.028877772 
155 299 16 26 0.02814283 
219 174 18 20 0.02795554 
457 189 16 25 0.027752604 
282 300 36 47 0.027582532 
517 198 22 29 0.027179934 
445 193 15 20 0.026881164 
877 298 21 28 0.026699396 
927 283 11 16 0.02646618 
223 195 28 35 0.026364073 
630 242 13 15 0.02613685 
213 191 26 34 0.025790734 
816 264 20 23 0.025733156 
381 170 14 20 0.025430197 
733 234 11 16 0.025225135 
620 625 16 19 0.025075896 
512 181 14 18 0.025025165 
822 307 14 18 0.024936443 
735 266 12 17 0.02475491 
219 213 16 21 0.024677183 
781 292 21 28 0.024480302 
369 172 24 30 0.024326963 
861 276 11 15 0.024296004 
157 125 25 31 0.024143692 
380 645 11 14 0.024039408 
644 206 20 24 0.023974339 
211 292 43 55 0.02393098 
368 181 35 37 0.023833107 
460 178 22 33 0.023724955 
447 164 12 17 0.023668371 
186 226 25 36 0.023638336 
747 329 29 37 0.023376154 
899 292 16 21 0.02323996 
614 529 13 18 0.023189053 
796 270 14 19 0.023087967 
173 228 27 39 0.022737963 
247 351 395 480 0.022730593 
919 291 12 17 0.02266508 
138 333 18 24 0.022434339 
161 156 23 31 0.022257706 
331 116 13 16 0.022169307 
941 325 16 19 0.022155115 
656 167 9 12 0.021895466 
508 502 14 18 0.021890765 
805 276 12 15 0.021555716 
651 180 12 16 0.021508709 
819 343 23 30 0.021396127 
529 618 16 20 0.02133723 
817 321 23 29 0.021296931 
138 179 28 35 0.021294458 
801 285 14 19 0.021080742 
326 105 22 29 0.021049628 
729 333 25 34 0.020810027 
775 298 21 30 0.020803489 
81 303 28 39 0.020776736 
638 173 9 11 0.020710438 
514 627 32 40 0.020635271 
933 281 11 15 0.020577073 
645 187 22 30 0.020504305 
367 179 14 18 0.020175658 
716 416 18 26 0.020139797 
