61_Street_Battle_streetfight_61_123
18
196 118 121 162 0.9993598 
773 109 132 192 0.9095961 
26 448 26 31 0.079336345 
833 130 119 156 0.058845177 
26 142 174 306 0.058325645 
777 163 197 235 0.042194143 
696 48 51 70 0.037915535 
742 61 114 192 0.034162506 
802 56 193 246 0.033023994 
118 123 163 238 0.032319408 
828 308 109 147 0.028633771 
392 38 412 519 0.027609961 
169 188 416 440 0.024657473 
660 98 191 240 0.024394691 
703 61 32 37 0.024299342 
23 318 134 162 0.021965515 
9 305 42 71 0.021834401 
634 157 17 21 0.021655465 
