61_Street_Battle_streetfight_61_211
91
273 522 33 46 0.9962131 
880 623 38 45 0.9897397 
126 544 35 48 0.9888382 
976 624 38 49 0.98619276 
34 510 40 51 0.979871 
174 530 35 44 0.97763664 
322 541 30 38 0.9570223 
835 168 74 143 0.9490837 
221 530 28 38 0.9082404 
990 582 33 41 0.87497133 
884 553 28 34 0.7673191 
911 562 31 40 0.74165404 
252 922 139 111 0.6053138 
444 753 299 237 0.49150068 
951 579 22 30 0.3845187 
321 418 53 102 0.38386306 
738 221 95 121 0.2285182 
115 883 47 60 0.22112851 
152 531 42 53 0.21285044 
347 432 178 239 0.20729542 
207 531 27 41 0.17321157 
195 809 200 202 0.16887328 
252 509 24 28 0.14239118 
1009 513 14 23 0.13623151 
624 907 149 116 0.13513912 
542 1216 405 429 0.13271889 
332 518 430 496 0.119873345 
484 808 196 133 0.11183527 
316 476 112 138 0.10951209 
888 554 41 47 0.10178179 
403 881 209 207 0.0881086 
332 443 67 103 0.08487274 
434 434 206 239 0.07152656 
572 1258 44 55 0.066878445 
866 547 45 52 0.061187193 
260 910 185 199 0.060482915 
185 533 42 52 0.052647572 
954 566 38 46 0.051005706 
962 531 13 15 0.049718596 
174 783 136 175 0.049226847 
636 890 223 185 0.044463027 
998 597 27 40 0.04355866 
909 972 11 15 0.039996576 
891 682 14 20 0.039446335 
323 518 62 73 0.038923986 
86 561 29 34 0.038230024 
542 861 207 198 0.037959438 
302 551 16 23 0.03775015 
954 572 16 21 0.037611727 
297 742 388 443 0.037595175 
235 -37 410 534 0.037532058 
674 844 68 67 0.037294 
933 918 54 79 0.0362118 
929 685 39 51 0.035161145 
486 320 249 306 0.034326028 
986 605 34 46 0.033978492 
-26 -29 425 507 0.032230955 
872 920 48 71 0.031436574 
935 562 36 46 0.030560087 
250 786 268 266 0.030160965 
336 921 215 227 0.029441621 
15 15 209 298 0.028772479 
679 884 69 71 0.028530378 
407 1282 378 469 0.027990999 
241 513 25 31 0.027775908 
243 968 127 141 0.027661836 
264 513 19 21 0.027176991 
287 532 26 37 0.027144944 
307 547 22 30 0.027123967 
302 463 82 113 0.02699654 
777 200 106 147 0.026993465 
998 695 24 40 0.026538866 
891 704 31 36 0.025626967 
972 587 36 51 0.024794161 
596 1279 257 255 0.024346558 
941 965 31 42 0.024134438 
260 520 30 39 0.023740897 
251 543 15 23 0.023586683 
348 403 67 88 0.023287395 
824 738 50 63 0.023150146 
104 855 85 112 0.023088038 
299 534 40 49 0.022882182 
324 455 32 62 0.022858223 
960 562 24 32 0.022803294 
896 565 17 24 0.022625072 
666 1310 127 140 0.022398269 
50 968 458 492 0.022351408 
898 695 40 50 0.021303022 
66 718 86 123 0.020497082 
836 578 40 50 0.020303689 
347 569 29 35 0.02027542 
