61_Street_Battle_streetfight_61_22
58
173 45 125 175 0.9987643 
907 412 122 157 0.23042409 
822 397 178 201 0.14528939 
951 200 10 12 0.12641254 
798 146 16 20 0.1010506 
747 155 16 21 0.0993723 
846 205 12 16 0.08296233 
900 201 12 18 0.07580491 
1008 98 11 15 0.073107384 
851 210 11 13 0.062425297 
454 371 112 117 0.05651779 
646 382 224 196 0.053802278 
747 358 192 213 0.049000498 
795 59 15 22 0.04340455 
710 151 10 13 0.043028947 
708 157 14 17 0.041617926 
981 198 10 12 0.037983205 
632 427 154 120 0.037698343 
842 142 16 20 0.037690945 
918 171 13 15 0.0368203 
975 199 10 11 0.03647707 
533 505 34 34 0.036021184 
1004 148 13 15 0.033446997 
674 195 15 19 0.030333742 
924 203 11 14 0.029629268 
957 204 9 11 0.028768368 
941 339 90 127 0.028380182 
968 166 9 13 0.028130863 
830 244 49 56 0.028017782 
974 212 10 13 0.027806886 
861 205 12 15 0.026985137 
798 281 108 111 0.026900718 
90 191 224 306 0.025599064 
999 175 9 12 0.025519654 
951 453 73 99 0.025476787 
975 206 9 12 0.025206383 
968 198 10 12 0.024821788 
478 404 133 128 0.024484705 
703 157 23 30 0.02445371 
949 220 11 14 0.024372095 
1012 94 11 16 0.024035068 
1000 154 12 15 0.023865232 
997 181 10 12 0.023681158 
681 454 182 244 0.023230096 
352 2 16 17 0.023172805 
991 181 10 13 0.022953065 
785 243 15 20 0.02248271 
919 237 13 15 0.022013264 
917 244 14 18 0.021421267 
1013 156 10 13 0.020796644 
749 145 11 14 0.020563351 
895 172 9 13 0.020496441 
946 205 10 11 0.020374963 
501 -1 61 49 0.020343535 
765 200 31 38 0.020337358 
895 199 13 17 0.020277014 
1008 173 8 12 0.020248013 
998 198 10 12 0.020144401 
