61_Street_Battle_streetfight_61_558
27
148 372 200 258 0.99980253 
703 535 32 43 0.99451387 
174 261 54 62 0.33994335 
222 176 49 62 0.2747636 
126 644 187 233 0.22420822 
682 672 212 252 0.13920006 
305 194 45 50 0.11356495 
752 577 35 40 0.060678475 
167 227 64 65 0.055277094 
246 146 28 32 0.052100167 
277 184 54 62 0.04708622 
523 459 234 273 0.046530407 
103 568 294 374 0.046453003 
582 582 340 409 0.03647701 
255 181 53 63 0.035308734 
105 211 361 503 0.030720765 
158 239 87 99 0.030347308 
705 520 27 35 0.029082231 
755 544 46 57 0.02887281 
399 190 61 74 0.028709617 
358 232 25 31 0.02772505 
90 134 209 251 0.02429509 
174 256 37 42 0.023641612 
710 520 15 19 0.023348954 
587 787 52 59 0.022706985 
777 512 49 65 0.02196082 
355 223 41 50 0.021218222 
