61_Street_Battle_streetfight_61_158
66
614 174 83 111 0.99713814 
871 190 34 55 0.9755657 
746 168 29 33 0.9398414 
347 350 46 65 0.863891 
315 279 15 19 0.26773822 
307 288 25 29 0.1567608 
807 431 47 55 0.1536487 
518 179 12 17 0.117341764 
982 166 13 15 0.088934526 
789 407 57 68 0.080025755 
66 433 195 281 0.06287727 
371 299 51 59 0.060946114 
323 280 14 21 0.059347276 
314 272 25 32 0.05923829 
557 323 229 222 0.059014875 
834 138 24 33 0.058524266 
426 263 219 218 0.05072708 
398 286 51 69 0.047581755 
311 269 42 52 0.046163727 
965 164 28 37 0.042738836 
517 169 25 30 0.04113712 
492 86 54 66 0.04079425 
347 321 58 73 0.040602814 
397 404 54 79 0.038276978 
323 216 16 20 0.03735161 
902 322 131 114 0.0368814 
856 170 12 15 0.036326453 
987 169 12 17 0.035643253 
572 112 14 19 0.03521674 
959 163 46 60 0.03291274 
221 149 14 18 0.03282142 
150 333 66 73 0.029494507 
9 257 100 134 0.028947107 
375 294 33 38 0.028604437 
972 161 15 19 0.02716462 
376 402 117 124 0.02697598 
371 356 85 120 0.02671983 
842 142 14 19 0.02631999 
995 626 24 37 0.02604439 
358 289 45 56 0.02592214 
814 176 15 19 0.025758259 
215 135 12 15 0.02568243 
377 551 16 23 0.025077403 
221 88 14 20 0.024855431 
965 159 16 20 0.024276288 
494 189 14 18 0.024167744 
430 273 48 67 0.024120718 
974 160 24 30 0.02406883 
326 267 47 60 0.023373611 
484 64 94 114 0.023161888 
813 152 13 18 0.023135524 
161 320 45 57 0.022909526 
300 270 23 29 0.022843324 
554 161 28 37 0.022737911 
949 167 29 39 0.022323495 
886 188 32 46 0.022045923 
482 288 330 399 0.021851094 
53 327 109 129 0.021836597 
798 166 12 16 0.021642799 
361 343 59 76 0.02155793 
830 442 31 39 0.020931147 
805 165 11 14 0.02075387 
847 125 9 11 0.020681933 
878 173 33 48 0.020665232 
862 212 50 70 0.020410193 
1006 168 17 22 0.020404864 
