52_Photographers_taketouristphotos_52_159
134
747 772 33 44 0.99827194 
288 790 35 43 0.9982668 
584 793 35 45 0.99766695 
438 793 37 46 0.99654526 
253 63 236 308 0.45045462 
714 837 25 32 0.22088602 
443 892 43 52 0.18776418 
698 684 32 42 0.16822432 
439 335 209 251 0.14621861 
778 227 68 69 0.12478176 
319 701 10 13 0.11214337 
754 681 43 54 0.10568453 
250 170 108 125 0.096025996 
706 690 40 50 0.09452062 
470 219 70 67 0.09175384 
666 887 31 43 0.09140955 
746 703 27 34 0.09044176 
723 699 39 51 0.08973307 
979 944 28 41 0.08584057 
417 732 15 18 0.08555346 
733 681 13 16 0.07442258 
336 709 29 30 0.07262352 
402 862 37 48 0.065587975 
502 752 48 56 0.062729664 
316 886 16 19 0.0622132 
571 224 69 62 0.06155596 
171 379 17 23 0.05872588 
391 870 33 44 0.05833698 
797 703 16 19 0.058036253 
156 219 59 66 0.055339985 
780 692 28 32 0.05215647 
271 209 59 80 0.051878434 
428 879 43 49 0.050902095 
684 887 45 57 0.0498724 
418 867 40 48 0.04861095 
333 151 243 246 0.04107361 
8 1062 7 10 0.0407751 
180 898 26 33 0.040193826 
384 183 335 443 0.040175304 
446 700 10 13 0.03980827 
158 -32 386 478 0.03787152 
210 915 30 39 0.03662819 
709 840 17 23 0.036518726 
447 759 12 15 0.03650879 
354 216 65 64 0.036369 
773 686 25 32 0.035742816 
370 278 212 277 0.034743287 
449 683 11 16 0.033257082 
371 244 56 60 0.032911453 
527 196 117 104 0.032485425 
466 194 123 109 0.03212525 
780 692 14 19 0.03098409 
748 681 28 34 0.030455576 
391 739 14 17 0.030421752 
413 126 15 16 0.030326312 
324 697 51 50 0.030122928 
756 757 46 56 0.03002985 
7 1069 9 12 0.029566038 
765 668 12 16 0.029207673 
605 757 15 18 0.028992917 
415 727 11 14 0.028944695 
774 683 44 52 0.028585317 
156 156 250 253 0.028551888 
535 863 42 51 0.028516136 
720 675 47 50 0.02835148 
450 763 13 16 0.02822142 
356 895 12 16 0.028205529 
713 435 17 23 0.028056394 
706 955 18 19 0.02783873 
356 738 27 31 0.027832627 
321 705 14 16 0.027825376 
467 893 29 37 0.027730308 
298 153 34 40 0.02763173 
961 741 27 33 0.02751683 
1011 1009 12 17 0.027491769 
403 585 15 19 0.027383683 
367 883 11 15 0.026960954 
197 922 44 57 0.026854597 
461 751 22 27 0.026788866 
799 880 50 60 0.02678484 
588 240 41 39 0.026643801 
405 845 30 37 0.026563788 
374 882 12 14 0.026411856 
-21 272 434 515 0.026085954 
310 701 28 32 0.0259974 
748 717 18 20 0.025886763 
749 682 16 19 0.025666352 
447 576 69 65 0.025555583 
308 167 127 146 0.025356265 
331 397 51 60 0.025282964 
712 712 32 41 0.025143413 
470 717 27 37 0.02502121 
323 760 16 20 0.024833446 
992 745 27 38 0.024697926 
514 872 51 58 0.024656007 
327 953 15 19 0.02455101 
1014 1229 9 14 0.024516506 
133 196 97 107 0.024267292 
727 841 19 23 0.024128584 
389 776 16 19 0.024095379 
715 685 14 19 0.02403118 
178 233 32 35 0.023795431 
765 679 26 32 0.02374655 
288 913 47 51 0.023523353 
283 77 365 424 0.023262091 
470 706 13 15 0.02282487 
413 1263 15 20 0.02270145 
396 763 14 18 0.022681331 
747 857 45 54 0.022651067 
733 677 24 27 0.022448411 
342 877 22 30 0.022437235 
204 183 112 115 0.022327006 
1013 715 10 13 0.022306798 
353 706 17 19 0.022119563 
738 677 14 17 0.02202684 
299 671 99 92 0.021961356 
733 687 15 19 0.021889782 
372 753 26 30 0.021796096 
678 694 44 53 0.021660464 
347 701 16 17 0.021431576 
33 1382 8 12 0.021420542 
433 597 9 12 0.021329286 
675 901 33 44 0.021188477 
314 701 10 14 0.020962479 
172 499 14 19 0.020808157 
391 727 11 13 0.020613426 
189 234 11 15 0.020500716 
720 679 23 27 0.020415254 
750 703 43 58 0.020307152 
260 862 31 33 0.020288454 
461 604 10 13 0.020220852 
720 253 221 245 0.020187512 
668 237 53 57 0.020162715 
800 748 29 33 0.020098485 
