52_Photographers_photographertakingphoto_52_776
19
426 336 414 455 0.9936553 
642 159 227 334 0.53138614 
306 459 360 392 0.32129437 
508 12 229 273 0.27702716 
558 214 394 423 0.20042332 
464 821 471 503 0.1948739 
21 859 460 620 0.13202336 
589 75 223 266 0.12011872 
396 6 229 247 0.10228421 
141 350 393 544 0.09787302 
348 208 229 276 0.094621606 
215 875 411 531 0.043052495 
445 -19 392 401 0.04293278 
614 743 446 466 0.034278404 
362 169 349 438 0.031444397 
391 1000 454 528 0.027956763 
400 650 424 520 0.024196435 
297 -57 346 415 0.023553075 
-75 -12 456 419 0.021230947 
