52_Photographers_photographertakingphoto_52_316
21
106 115 106 145 0.9969879 
803 126 106 143 0.9946577 
452 242 177 232 0.9939908 
-38 395 415 491 0.1534356 
918 390 110 133 0.15117083 
135 274 147 133 0.10481638 
930 432 75 75 0.074626945 
401 138 344 397 0.073771074 
696 213 87 119 0.06335428 
761 178 134 135 0.05991225 
573 331 358 434 0.04790257 
716 425 255 274 0.047404688 
152 472 223 348 0.039589085 
946 303 29 32 0.037498493 
712 127 49 63 0.030678032 
699 112 156 198 0.028498359 
964 380 60 89 0.026107013 
750 238 132 124 0.024700904 
509 176 196 235 0.023662448 
147 51 175 228 0.022186166 
816 106 74 106 0.021058165 
