52_Photographers_photographertakingphoto_52_479
23
197 284 126 159 0.99944705 
364 291 124 150 0.997413 
288 101 114 142 0.9973425 
349 576 105 131 0.99559206 
507 213 156 183 0.98942345 
841 273 120 133 0.3478037 
425 234 164 198 0.23944353 
938 258 22 26 0.15798381 
374 515 155 202 0.14726426 
849 296 71 87 0.14014773 
813 231 203 212 0.09450922 
939 250 18 22 0.060008883 
979 252 15 18 0.0553805 
875 265 27 28 0.044764314 
252 278 133 174 0.041874338 
232 88 51 81 0.036778286 
655 445 205 304 0.033291668 
905 254 27 31 0.0323132 
866 274 27 30 0.027540606 
647 73 430 491 0.022654487 
420 596 30 37 0.021468783 
978 263 17 20 0.020890823 
247 81 105 135 0.020590715 
