52_Photographers_photographertakingphoto_52_666
26
265 279 307 391 0.99718034 
481 248 393 488 0.96886206 
623 170 279 293 0.28838924 
77 988 440 469 0.15976192 
80 325 469 556 0.080919325 
282 73 396 500 0.068946436 
800 162 207 254 0.06390267 
215 520 567 575 0.056591064 
264 155 263 331 0.051269304 
458 445 514 559 0.050208002 
410 308 288 391 0.049603052 
651 383 273 291 0.048706867 
648 45 216 251 0.046830885 
819 322 191 293 0.04206732 
872 1195 135 121 0.038295552 
100 134 390 521 0.029460885 
53 17 162 233 0.026799202 
698 234 273 357 0.024949031 
747 777 32 38 0.02481558 
317 384 456 455 0.023313163 
391 53 244 301 0.022783466 
937 379 61 92 0.022158358 
931 1241 67 73 0.021880863 
163 80 254 299 0.021828225 
962 403 34 59 0.0213374 
890 390 114 162 0.021246552 
