52_Photographers_taketouristphotos_52_661
26
326 197 30 39 0.9982344 
843 351 12 15 0.24412896 
816 285 9 12 0.16240746 
867 401 14 20 0.11049496 
789 342 14 20 0.053966645 
904 371 9 13 0.049251363 
788 333 12 16 0.04916809 
908 369 11 14 0.047131084 
744 333 12 15 0.04659071 
630 395 195 226 0.043857053 
821 280 10 13 0.03596521 
881 356 11 15 0.032060478 
268 252 13 15 0.031438053 
230 413 54 74 0.030238222 
604 449 146 159 0.028174078 
853 333 10 13 0.026629858 
735 332 10 12 0.026023569 
870 394 23 29 0.025789488 
481 357 40 49 0.025573552 
117 97 390 501 0.02528847 
781 327 13 17 0.02411807 
782 308 13 16 0.02354733 
851 350 13 15 0.0233768 
783 285 9 10 0.022459937 
878 390 13 17 0.02021943 
292 309 115 171 0.020188898 
