52_Photographers_photographertakingphoto_52_358
34
391 174 137 169 0.9684721 
583 258 41 54 0.17284545 
654 270 44 62 0.07494113 
622 178 24 30 0.055231474 
530 519 44 47 0.044474896 
758 316 26 29 0.041082803 
722 202 15 21 0.038179446 
532 363 16 19 0.036596313 
340 87 12 15 0.036131423 
318 21 9 11 0.035578955 
331 137 107 103 0.03419721 
664 282 53 70 0.034087997 
334 93 15 18 0.03148052 
-3 650 25 33 0.031411186 
666 218 16 19 0.031176293 
663 386 47 71 0.030727334 
673 314 59 77 0.030547788 
988 72 14 18 0.028599093 
991 560 37 70 0.027327623 
1001 588 22 41 0.027283663 
679 357 11 14 0.026409091 
280 67 9 12 0.025745848 
0 654 13 16 0.025729092 
375 125 11 14 0.025603103 
424 46 8 11 0.023486724 
331 88 23 31 0.023284119 
240 123 26 33 0.022489803 
551 522 34 39 0.021684315 
117 492 71 78 0.021455452 
662 419 52 78 0.021123914 
93 476 115 131 0.02099087 
472 190 108 134 0.020685932 
1006 2 14 17 0.020300198 
965 212 13 18 0.02000779 
