52_Photographers_photographertakingphoto_52_263
80
627 261 24 35 0.99648535 
686 246 22 36 0.9691964 
134 295 20 29 0.9639204 
351 298 21 31 0.95311326 
754 284 20 36 0.9481638 
803 286 22 35 0.8650737 
37 278 21 31 0.85151345 
403 294 21 27 0.62998444 
474 303 15 19 0.40797845 
674 367 39 49 0.27278468 
82 320 15 19 0.23095575 
62 390 16 22 0.1558304 
339 299 17 22 0.14985381 
182 323 11 14 0.095047876 
636 308 23 27 0.09156712 
417 299 15 19 0.09035018 
43 434 14 20 0.07447475 
399 304 14 20 0.07236358 
269 298 13 18 0.0712213 
400 293 12 19 0.067367435 
703 384 47 53 0.058366958 
50 380 23 33 0.057518285 
782 362 32 44 0.053151466 
40 429 11 16 0.04802014 
180 316 12 15 0.045308594 
316 308 13 18 0.043684334 
20 280 23 33 0.04164248 
70 386 21 30 0.040683832 
29 373 26 35 0.0404274 
269 184 350 451 0.040413436 
174 313 13 16 0.040101185 
180 310 11 14 0.036681797 
957 594 51 84 0.03568914 
263 299 13 17 0.035566162 
73 309 10 13 0.03491765 
399 287 11 17 0.034819815 
92 342 15 21 0.03427187 
740 432 54 65 0.033312432 
730 386 35 42 0.032970395 
690 387 30 39 0.03276168 
174 333 14 18 0.032733873 
357 296 14 20 0.032724965 
766 294 18 23 0.031512413 
426 307 14 18 0.031498924 
680 352 33 39 0.02958901 
179 336 14 17 0.028166596 
428 289 14 19 0.027565641 
462 305 14 17 0.027400037 
292 349 10 12 0.026969548 
491 286 111 117 0.026183134 
82 329 23 30 0.026035994 
90 315 14 21 0.025579607 
85 406 16 21 0.025032442 
360 296 23 31 0.024610383 
512 312 36 38 0.0243233 
799 360 31 46 0.024258573 
482 302 12 17 0.024008546 
127 297 17 23 0.023799153 
666 357 29 41 0.02376124 
828 397 29 43 0.023693241 
143 292 16 24 0.02299254 
190 340 10 15 0.022935214 
414 206 10 11 0.022896823 
787 283 26 39 0.022818176 
181 304 10 13 0.022817709 
575 342 9 12 0.022794902 
288 347 10 13 0.022691803 
393 307 12 19 0.022632364 
80 400 26 37 0.02256407 
325 307 12 17 0.022349449 
144 292 91 109 0.022287343 
56 458 26 31 0.022238933 
418 280 17 21 0.021875521 
81 392 16 22 0.021528717 
419 260 11 14 0.02121893 
76 327 19 22 0.021040391 
84 360 16 20 0.020837415 
49 275 15 25 0.020415533 
254 305 12 17 0.020261934 
175 321 13 16 0.020064559 
