52_Photographers_taketouristphotos_52_487
20
628 141 57 67 0.9750598 
938 390 55 55 0.76590246 
-2 338 30 55 0.5980684 
965 314 17 20 0.18314551 
335 172 389 481 0.12728891 
926 377 42 51 0.067693174 
981 373 35 50 0.053334743 
347 208 238 298 0.052648652 
945 299 55 61 0.036539737 
556 65 52 69 0.036514446 
599 108 84 110 0.036493115 
958 316 14 18 0.03438462 
966 213 14 17 0.028895168 
385 139 90 144 0.026430156 
956 312 31 34 0.02631211 
963 391 45 50 0.026104623 
350 318 141 182 0.0258662 
925 397 47 62 0.024661833 
967 220 25 33 0.023392258 
26 196 407 446 0.023228077 
