52_Photographers_taketouristphotos_52_123
120
220 122 126 158 0.9993394 
743 275 110 122 0.9967803 
644 211 56 99 0.93411744 
958 426 29 35 0.43807516 
79 74 119 149 0.24880691 
294 651 92 87 0.161448 
764 724 122 121 0.1477471 
525 1033 367 427 0.13503106 
630 1126 208 278 0.12537277 
119 115 96 155 0.09918138 
837 289 55 75 0.097671606 
899 556 12 15 0.08894554 
898 1095 14 20 0.084023036 
141 165 56 102 0.07385416 
919 1096 14 18 0.073027596 
981 287 10 12 0.07285253 
938 996 15 17 0.06884842 
617 237 61 79 0.068326384 
902 418 30 36 0.06832204 
977 866 13 16 0.061146397 
598 196 37 49 0.06015805 
904 333 11 14 0.058265697 
924 521 12 15 0.0557406 
976 286 11 13 0.045564104 
976 310 8 12 0.045186475 
977 315 9 12 0.044787887 
943 308 10 14 0.044290304 
926 285 11 14 0.043431573 
945 888 15 17 0.042975515 
950 294 9 11 0.04262499 
965 553 11 14 0.0419612 
967 287 9 10 0.040801294 
950 287 9 11 0.039925877 
936 980 9 12 0.037729632 
47 404 253 239 0.03715646 
964 437 28 35 0.037090994 
652 211 35 59 0.036787506 
904 582 9 11 0.03614868 
943 358 9 12 0.036025103 
921 308 9 12 0.03547096 
551 476 10 13 0.034400556 
913 581 9 11 0.033404924 
925 911 11 14 0.03339417 
968 459 24 28 0.0333426 
313 82 203 229 0.03321667 
672 228 80 121 0.03254305 
926 195 10 13 0.031836744 
131 1010 223 390 0.03171603 
864 293 32 51 0.0314741 
902 308 10 13 0.031452008 
908 325 10 12 0.030963825 
977 920 16 18 0.030748764 
982 362 11 14 0.03048764 
976 687 10 14 0.029979141 
963 860 16 20 0.029773716 
948 124 10 13 0.029767418 
596 257 57 70 0.029763624 
909 317 10 12 0.029675644 
990 311 8 11 0.029621601 
966 295 9 10 0.02945818 
961 295 8 11 0.029272342 
154 356 349 427 0.028859414 
700 242 98 136 0.02878584 
944 295 9 11 0.028699419 
983 301 10 14 0.02852349 
73 639 363 531 0.02823145 
48 609 242 350 0.028003255 
799 278 86 106 0.027095962 
982 752 9 10 0.026799342 
980 692 11 13 0.02602668 
942 302 10 12 0.02594741 
903 313 12 16 0.025907515 
978 464 15 19 0.025836851 
968 308 10 12 0.025767611 
106 188 92 127 0.025569431 
920 217 12 18 0.02544343 
910 309 10 12 0.025410138 
536 759 418 583 0.025364036 
559 473 11 14 0.025337974 
925 292 10 13 0.025279965 
974 653 11 14 0.025164414 
924 212 13 19 0.02497437 
901 1090 21 27 0.024879701 
967 658 10 14 0.024548907 
966 469 28 33 0.024360951 
912 1075 11 15 0.02417945 
908 525 10 14 0.024131788 
529 347 190 289 0.024123518 
917 580 10 12 0.023759155 
960 288 10 11 0.023721108 
527 476 10 13 0.023659473 
980 654 9 12 0.023554944 
195 546 218 254 0.02342915 
943 583 11 12 0.023343997 
956 1100 11 16 0.022958305 
905 749 13 17 0.02260854 
-14 390 380 451 0.022364683 
918 1068 11 14 0.02231603 
933 1080 16 18 0.022204602 
902 358 11 13 0.021984242 
913 983 8 11 0.021932311 
983 710 8 12 0.021869728 
979 1118 11 14 0.021691054 
933 286 9 12 0.02159003 
903 301 9 13 0.021568086 
926 334 10 11 0.02122627 
992 733 11 14 0.021178463 
960 356 9 12 0.021162352 
938 301 8 11 0.02112597 
982 533 9 11 0.020960696 
983 309 10 13 0.020891316 
963 914 28 34 0.02061278 
958 438 17 19 0.020574043 
358 958 399 479 0.020515952 
974 302 11 13 0.020427536 
961 300 9 12 0.020398764 
638 387 67 83 0.020225989 
689 1231 120 146 0.020130754 
975 363 11 12 0.02006908 
966 299 10 13 0.020048337 
