52_Photographers_photographertakingphoto_52_96
159
179 333 19 26 0.8343176 
218 333 9 12 0.20461826 
233 343 9 12 0.14936076 
392 450 41 58 0.13651285 
333 594 30 32 0.11869956 
388 597 11 14 0.08116251 
355 749 10 13 0.06638837 
797 733 8 11 0.06221506 
400 589 9 11 0.059239294 
465 693 9 11 0.05847531 
401 583 8 10 0.054591324 
574 350 28 33 0.04788498 
343 601 17 18 0.047630057 
790 358 134 175 0.045727648 
112 364 16 18 0.045210227 
432 593 8 9 0.04357386 
181 325 14 18 0.043317743 
797 728 8 11 0.042944957 
558 704 8 10 0.038625117 
217 338 9 13 0.03781912 
455 647 9 11 0.036637567 
518 704 10 12 0.036250144 
393 573 8 11 0.036065467 
222 339 9 12 0.03577415 
534 693 9 11 0.035747733 
230 338 9 11 0.035012815 
525 707 10 12 0.03489394 
466 638 8 9 0.034546133 
822 679 8 10 0.03400629 
430 581 8 11 0.033927005 
438 596 8 10 0.033703394 
365 556 12 15 0.033532638 
439 592 8 10 0.033074785 
404 581 10 11 0.032144397 
969 717 9 11 0.031805545 
399 574 8 11 0.03174673 
808 710 9 12 0.031690672 
174 324 14 18 0.030909585 
445 631 9 10 0.030717477 
472 621 8 10 0.030584594 
198 410 10 14 0.03052836 
551 708 9 12 0.029985856 
957 735 10 11 0.029865023 
149 332 11 14 0.029466994 
511 648 8 9 0.029069854 
232 391 8 10 0.029035887 
97 375 39 58 0.028812073 
392 567 9 11 0.028787334 
446 727 7 10 0.028578509 
583 35 404 525 0.028537791 
448 615 8 10 0.027892906 
520 632 7 9 0.027313303 
425 575 8 11 0.027312273 
514 631 7 9 0.026913982 
534 755 10 12 0.026860567 
188 327 11 15 0.026829734 
989 720 8 8 0.02670187 
375 628 10 12 0.02666552 
471 631 9 11 0.026381025 
841 463 66 83 0.026171835 
903 719 7 9 0.026143774 
471 636 8 11 0.025937503 
442 719 8 11 0.025901426 
817 678 9 11 0.02589775 
958 740 11 13 0.025884058 
40 342 9 11 0.02571142 
762 320 30 39 0.025624579 
189 423 11 16 0.025356535 
262 135 409 513 0.02534827 
991 727 8 10 0.025280202 
487 663 7 10 0.02522305 
553 671 8 10 0.024948725 
758 734 9 11 0.024893852 
1000 729 7 9 0.024807923 
518 606 8 10 0.024649426 
520 663 8 10 0.024623264 
568 661 7 9 0.024522392 
814 710 9 12 0.024411034 
478 631 9 11 0.024324842 
402 234 28 31 0.024296321 
384 603 11 14 0.02419837 
535 728 8 10 0.024155453 
593 719 7 10 0.023953348 
252 573 11 13 0.023952337 
381 579 10 12 0.02381756 
396 596 10 13 0.023520796 
79 366 10 13 0.023445195 
745 717 8 11 0.023315154 
593 712 7 9 0.023297684 
579 298 24 30 0.02329661 
495 631 8 10 0.0232726 
519 672 8 9 0.023118768 
751 627 12 14 0.023113744 
583 694 8 10 0.023035921 
391 593 10 12 0.022944026 
1000 709 8 10 0.022773547 
373 233 104 159 0.022628514 
968 713 8 10 0.022542765 
544 679 7 9 0.022485683 
221 330 9 11 0.022458145 
345 205 57 65 0.022433648 
158 347 11 14 0.022422927 
446 591 9 11 0.02241143 
592 725 8 9 0.022280784 
787 318 16 19 0.022260549 
479 721 7 9 0.022260007 
455 640 9 9 0.022227438 
376 575 10 12 0.02222715 
703 702 7 10 0.02220221 
527 318 12 14 0.022176547 
135 331 11 13 0.022111913 
216 380 10 14 0.022096705 
466 631 8 11 0.02200959 
809 670 8 10 0.021999616 
712 664 26 26 0.021987693 
142 331 12 15 0.021876575 
355 602 12 16 0.021826394 
985 727 8 10 0.02176118 
488 656 8 9 0.021728704 
568 720 7 9 0.021664526 
927 736 8 9 0.02164834 
454 615 9 11 0.021643197 
390 612 10 12 0.021600885 
489 624 8 10 0.021543935 
1000 704 9 10 0.021532374 
511 654 8 10 0.021505697 
513 704 8 10 0.02148144 
495 751 10 11 0.02141984 
495 624 8 9 0.021415336 
628 445 12 15 0.021373065 
423 598 8 10 0.021225229 
983 743 9 10 0.021214997 
405 575 11 12 0.021083547 
745 712 9 11 0.021080837 
800 687 10 13 0.020935338 
936 736 8 10 0.020780412 
399 613 8 11 0.020771846 
159 608 10 12 0.02075041 
952 733 9 11 0.020746212 
352 745 10 13 0.020733818 
701 668 9 12 0.020724833 
472 647 8 10 0.020684551 
529 693 9 10 0.020644862 
352 575 10 13 0.02059373 
847 758 9 10 0.020587843 
495 646 7 10 0.020546636 
208 380 10 13 0.020502914 
983 733 9 11 0.02049947 
544 717 7 10 0.020497939 
449 608 7 9 0.020467369 
190 390 10 12 0.02041785 
992 744 9 10 0.020403607 
471 617 8 10 0.020333888 
383 613 9 11 0.020301923 
224 319 8 10 0.020287385 
39 415 10 13 0.020235991 
505 646 8 10 0.020232096 
310 593 51 53 0.020151354 
482 664 7 9 0.02006762 
