52_Photographers_photographertakingphoto_52_359
20
562 74 54 72 0.9853535 
632 147 121 157 0.44464514 
570 282 363 425 0.20149216 
766 271 51 73 0.12495551 
772 272 32 43 0.07881278 
674 153 142 215 0.06902187 
860 378 19 21 0.048487246 
334 472 222 266 0.044620436 
475 573 149 184 0.037115734 
736 235 96 132 0.032749705 
-46 210 497 542 0.030331936 
398 482 36 43 0.0250716 
411 443 15 16 0.024418382 
857 382 28 34 0.023182672 
491 116 27 40 0.022742676 
614 438 234 250 0.022276005 
463 323 26 32 0.022251125 
715 269 68 76 0.021521509 
474 346 12 15 0.021395473 
468 325 16 20 0.020772738 
