52_Photographers_photographertakingphoto_52_780
39
756 273 70 111 0.99048656 
364 272 53 71 0.6266285 
618 336 28 31 0.20619039 
447 713 27 32 0.103848144 
828 293 62 90 0.098206356 
629 320 120 171 0.08353154 
420 197 16 21 0.07572231 
705 289 89 124 0.06351913 
178 267 113 199 0.050723914 
266 -30 433 549 0.049712263 
109 127 15 19 0.04603787 
776 285 86 116 0.043815833 
917 18 11 13 0.043023273 
528 724 27 37 0.03896457 
16 131 16 19 0.035807133 
494 719 15 19 0.035756826 
658 345 49 73 0.03343167 
186 272 403 478 0.03017786 
70 147 15 18 0.02721127 
495 277 53 59 0.026492022 
811 232 186 233 0.02508608 
428 209 16 19 0.024991563 
596 330 46 48 0.024933664 
421 255 47 61 0.02440266 
684 396 128 172 0.023770688 
412 187 26 33 0.02255483 
668 324 57 77 0.022183772 
445 729 28 33 0.02156802 
624 460 54 61 0.021323139 
61 132 11 14 0.020986801 
422 202 25 33 0.020825276 
698 339 16 22 0.02079154 
435 451 108 181 0.02074478 
632 336 19 22 0.020682933 
332 240 85 117 0.020566093 
50 605 17 20 0.020534793 
782 0 12 12 0.020303423 
500 692 15 19 0.020196319 
811 149 42 60 0.020175623 
