52_Photographers_photographertakingphoto_52_568
37
416 346 349 446 0.9988292 
373 918 269 311 0.33937556 
798 1212 107 170 0.33459884 
477 203 396 489 0.21410592 
503 1370 25 32 0.18284415 
285 1333 28 33 0.15373005 
269 1241 269 219 0.08320654 
723 1262 29 31 0.06936862 
758 1268 13 15 0.06140854 
379 992 122 176 0.05366817 
399 1296 32 29 0.04877953 
314 812 440 539 0.042845245 
790 1268 52 77 0.04263385 
483 1341 15 18 0.04080558 
722 1176 203 227 0.037710957 
461 1340 12 13 0.037462186 
435 1369 33 35 0.037127458 
343 1366 10 12 0.035119526 
233 1139 395 390 0.03444481 
468 1339 11 14 0.03410536 
243 1270 12 13 0.030713601 
360 1389 12 15 0.030566994 
319 1307 10 13 0.028491901 
374 1314 12 13 0.026702031 
287 1381 10 12 0.025776606 
555 68 433 466 0.02515698 
343 1381 11 14 0.023307333 
365 1378 14 16 0.022828804 
294 1389 9 12 0.022824284 
450 1334 14 17 0.022570213 
372 1043 78 78 0.022180919 
470 1346 11 14 0.021948297 
433 1064 298 239 0.021821238 
366 1315 11 12 0.021339398 
412 1388 13 16 0.0210231 
760 1290 18 20 0.020565473 
325 1286 10 12 0.020303661 
