52_Photographers_photographertakingphoto_52_635
24
362 345 66 92 0.99835 
257 121 27 37 0.99575186 
123 331 82 98 0.98479307 
217 125 24 31 0.97813445 
797 286 16 21 0.9083118 
748 283 12 16 0.5477414 
971 348 13 16 0.088099994 
717 340 14 18 0.06662301 
42 -17 163 248 0.062285997 
744 280 12 16 0.05901567 
219 363 48 63 0.05290775 
810 66 175 276 0.049063176 
745 278 19 26 0.031699084 
224 116 36 47 0.03098588 
174 192 9 11 0.028805055 
235 112 24 30 0.027058842 
974 334 10 12 0.025815306 
767 332 11 13 0.025524968 
773 329 14 17 0.025045209 
778 324 14 18 0.024410034 
161 190 9 11 0.024337724 
205 118 39 51 0.023727814 
183 356 49 68 0.02185144 
716 327 12 15 0.021842357 
