52_Photographers_photographertakingphoto_52_130
57
425 170 407 477 0.5170954 
318 398 54 67 0.18502074 
624 125 443 522 0.10367296 
51 280 192 243 0.09405348 
645 370 15 19 0.08447522 
14 181 405 489 0.08437573 
787 377 15 17 0.08168919 
636 327 14 18 0.07887677 
667 370 15 21 0.076709226 
340 370 17 20 0.061954852 
-10 328 131 145 0.051795173 
326 113 63 51 0.046428654 
339 356 25 31 0.0463382 
803 381 16 17 0.045554645 
829 323 13 17 0.043512072 
539 373 14 18 0.03767593 
648 318 11 13 0.037431557 
369 309 10 11 0.03661542 
158 297 17 19 0.03576271 
568 344 40 42 0.035633 
379 345 25 32 0.03544159 
355 323 15 18 0.035417635 
212 119 452 572 0.034824476 
655 342 9 12 0.033373494 
648 364 22 28 0.033314627 
596 397 12 16 0.032418422 
809 123 34 37 0.031231876 
643 324 13 16 0.030991836 
788 312 34 38 0.030336928 
653 317 12 15 0.030245606 
559 386 29 34 0.029461155 
655 357 28 36 0.029435566 
394 355 47 58 0.029051913 
315 348 13 15 0.027333401 
458 240 258 282 0.02699155 
336 124 36 31 0.026821412 
727 366 12 14 0.026411487 
581 387 54 70 0.026208747 
805 344 15 18 0.02606842 
773 314 30 35 0.025591204 
365 348 14 20 0.024518969 
678 357 117 124 0.024411377 
782 297 29 33 0.023892898 
6 389 132 137 0.02377428 
761 420 15 18 0.023629915 
919 356 10 11 0.021759342 
7 386 49 61 0.02157974 
199 0 436 388 0.021332087 
749 376 15 18 0.021082183 
522 418 17 20 0.021053998 
633 357 25 32 0.021022504 
527 368 23 30 0.020887675 
541 366 11 14 0.020841805 
541 322 58 61 0.0206854 
790 363 27 30 0.020515481 
368 343 21 27 0.020379698 
683 424 15 20 0.020340718 
