29_Students_Schoolkids_Students_Schoolkids_29_432
206
588 6 69 59 0.99313414 
901 177 67 84 0.50586915 
199 363 10 15 0.3246671 
172 485 13 17 0.2819626 
149 474 14 18 0.27312866 
203 482 17 22 0.22481726 
179 403 13 15 0.19180292 
103 500 13 16 0.18259817 
685 58 121 176 0.17246196 
32 378 28 32 0.1590152 
133 470 12 17 0.13850813 
203 398 15 20 0.12788627 
243 395 17 21 0.12346575 
380 286 11 12 0.116945 
126 467 14 18 0.09936612 
168 490 13 17 0.096779816 
176 420 13 15 0.095477216 
825 2 52 69 0.091685005 
925 186 73 83 0.090629406 
153 481 14 18 0.085975334 
219 429 13 16 0.08588421 
132 418 14 17 0.08491515 
114 400 16 19 0.08469081 
118 484 14 16 0.08455264 
178 483 13 17 0.08435411 
255 287 9 12 0.08421049 
228 731 218 217 0.0806271 
302 292 10 12 0.07707897 
141 473 12 17 0.076331496 
886 15 77 75 0.07609412 
148 487 12 17 0.07474392 
448 130 37 41 0.072892934 
271 436 25 29 0.072495215 
318 368 27 30 0.07110645 
123 516 12 15 0.07012124 
783 13 37 46 0.06860477 
187 397 20 26 0.06832542 
63 518 11 14 0.066580646 
416 311 11 13 0.065831244 
93 547 13 15 0.06545451 
144 481 13 19 0.06538758 
47 208 397 459 0.0648664 
299 411 16 23 0.0638433 
90 417 17 20 0.060607746 
132 462 11 16 0.060599577 
265 602 67 87 0.06053977 
114 435 13 15 0.059633087 
139 419 12 15 0.059564427 
183 547 12 17 0.058894057 
467 319 34 46 0.057318848 
175 410 13 16 0.05461518 
326 259 15 17 0.05439039 
109 528 24 30 0.052363213 
51 426 16 21 0.050966658 
230 381 11 14 0.049892817 
249 286 9 11 0.048728965 
497 31 53 65 0.048458062 
367 301 11 14 0.048389003 
199 467 13 16 0.048385084 
233 287 8 10 0.048293862 
319 279 10 12 0.048053417 
179 427 11 14 0.04658595 
295 292 11 12 0.046453264 
163 396 14 19 0.046221837 
221 388 10 13 0.045845233 
11 503 13 17 0.045617566 
262 277 10 12 0.044779506 
175 399 13 17 0.043389186 
124 492 10 13 0.042908218 
197 334 9 10 0.042526796 
161 358 9 12 0.042485982 
409 75 32 42 0.042044763 
379 290 13 15 0.041437723 
119 499 12 15 0.04142062 
127 412 12 17 0.04116636 
285 302 12 16 0.040250752 
237 285 9 11 0.04011676 
261 285 11 13 0.03998777 
366 307 10 12 0.039579008 
227 350 10 13 0.039390028 
254 306 13 15 0.039163604 
156 326 10 12 0.03900062 
374 307 10 12 0.03891877 
260 300 12 15 0.038911287 
380 299 12 14 0.038820308 
214 288 9 10 0.038238622 
206 392 11 15 0.037894703 
94 482 13 16 0.037725724 
263 421 42 53 0.0376667 
215 339 10 13 0.03734827 
194 363 11 14 0.03713543 
373 299 12 15 0.036828604 
151 324 11 14 0.036495548 
294 316 11 14 0.036314867 
293 306 15 18 0.03607225 
793 5 55 69 0.03606895 
143 461 12 16 0.035996214 
166 358 10 12 0.035605825 
211 398 12 16 0.03534772 
224 294 8 10 0.034445267 
70 553 12 16 0.034277037 
31 371 43 53 0.03423881 
478 295 55 58 0.033964653 
203 359 12 15 0.03383346 
261 293 11 14 0.0335498 
111 429 13 17 0.03299683 
157 399 14 19 0.03247336 
183 383 10 12 0.03241374 
276 366 26 28 0.031925343 
134 480 13 16 0.031817216 
288 293 10 12 0.031644676 
194 328 8 10 0.03131523 
215 389 12 14 0.03121095 
58 428 18 24 0.030831814 
304 405 26 37 0.030810593 
292 324 14 17 0.030621048 
123 523 14 18 0.030614432 
202 546 15 20 0.030552803 
309 285 11 13 0.03050878 
176 333 8 11 0.030397769 
101 538 14 18 0.030326355 
241 679 120 105 0.029882498 
240 400 13 17 0.029818637 
207 303 8 10 0.029503968 
82 417 28 33 0.029471375 
25 379 13 17 0.029403377 
17 412 10 12 0.02936725 
47 420 14 19 0.029337836 
149 435 12 15 0.028676905 
470 397 443 491 0.028374806 
22 360 30 37 0.028057046 
150 346 10 13 0.02777471 
176 302 9 11 0.027614545 
261 615 118 126 0.027564542 
20 347 16 18 0.027556458 
124 356 25 32 0.027320534 
249 293 9 11 0.027281456 
215 417 14 17 0.027166223 
671 95 184 247 0.02700768 
420 315 11 14 0.0270008 
50 621 16 21 0.026858272 
269 285 12 15 0.02673329 
4 379 12 15 0.026618285 
498 6 51 60 0.02638238 
327 403 27 35 0.026185812 
122 530 16 22 0.026097124 
166 300 10 12 0.026081318 
99 546 12 15 0.025830518 
77 488 14 20 0.025786994 
78 570 11 14 0.025702825 
189 388 11 14 0.025656603 
168 426 12 15 0.025632652 
109 441 14 18 0.025458762 
143 453 11 15 0.025442196 
278 301 13 15 0.025429191 
85 474 14 17 0.025325416 
167 408 13 17 0.02527329 
537 79 56 77 0.025192503 
257 432 26 35 0.025114456 
92 485 21 27 0.025071504 
360 309 11 13 0.025029346 
28 342 13 15 0.024939504 
88 351 29 37 0.024853153 
199 303 9 10 0.02474693 
149 411 12 15 0.024597958 
954 201 60 77 0.024418432 
119 509 14 17 0.024248924 
85 539 14 17 0.023996247 
230 410 12 15 0.023704583 
734 84 115 145 0.023685632 
230 293 9 10 0.023412513 
472 78 99 116 0.023381073 
196 342 10 12 0.023192527 
77 325 27 28 0.023083163 
287 285 11 14 0.02301544 
245 381 14 19 0.022990838 
130 578 16 21 0.022970323 
390 308 12 16 0.022951303 
44 380 52 61 0.022823492 
199 476 14 18 0.022768823 
35 362 32 36 0.022759251 
57 415 45 58 0.022750799 
143 323 12 15 0.022233589 
502 145 14 17 0.022135086 
268 300 12 15 0.02183878 
-8 57 230 242 0.021827431 
83 552 25 29 0.021812243 
293 415 25 32 0.021757226 
116 419 14 18 0.021642217 
366 291 13 16 0.021161664 
318 268 11 14 0.02114044 
208 294 8 10 0.0210345 
209 333 10 13 0.020862626 
277 324 13 17 0.020860828 
114 514 22 27 0.020830091 
191 293 8 10 0.020741757 
313 277 10 13 0.020661106 
114 495 20 24 0.020651184 
183 302 8 10 0.020630304 
481 357 54 73 0.020560266 
149 310 11 12 0.020518463 
192 303 7 9 0.02046751 
123 471 20 23 0.020433797 
17 346 28 32 0.020269401 
268 278 10 13 0.020244181 
147 419 12 14 0.020192545 
