29_Students_Schoolkids_Students_Schoolkids_29_158
103
577 697 71 87 0.99847287 
550 501 49 57 0.9940823 
595 399 42 51 0.9729435 
687 171 13 16 0.5642443 
65 1112 99 135 0.2762109 
192 1097 62 93 0.1462444 
615 323 11 12 0.14477414 
650 510 29 38 0.14162846 
735 228 13 17 0.13624491 
455 221 10 12 0.13457689 
0 1284 19 49 0.1306718 
527 45 74 79 0.090845466 
699 512 46 64 0.07650403 
508 233 13 18 0.07583688 
619 320 11 13 0.07300143 
663 355 11 14 0.06969293 
486 461 10 14 0.057215314 
664 491 46 62 0.057098962 
772 241 14 19 0.050541386 
919 354 28 32 0.04973722 
339 3 237 275 0.046438046 
686 196 11 15 0.046013374 
3 194 233 251 0.04404936 
707 537 30 37 0.04364514 
729 213 10 13 0.04332299 
631 349 13 16 0.043225925 
924 360 17 20 0.043112226 
439 162 13 16 0.04063709 
682 222 25 35 0.039268553 
525 262 12 14 0.038820144 
720 251 11 14 0.03779652 
749 263 13 16 0.03760293 
518 262 11 12 0.037598886 
733 251 12 14 0.037543546 
650 368 13 16 0.037306327 
663 225 13 18 0.037004765 
543 268 11 14 0.036810763 
543 262 12 14 0.036172867 
548 260 13 14 0.035618383 
591 260 10 12 0.035261128 
686 362 12 16 0.03416096 
543 275 12 14 0.033301216 
540 307 12 16 0.033283405 
4 172 406 436 0.033056043 
907 341 49 60 0.032815237 
684 370 15 19 0.03268637 
598 245 13 15 0.03220666 
590 308 8 12 0.0321025 
456 187 11 14 0.032082852 
517 34 120 136 0.031948842 
598 254 11 13 0.031944994 
543 287 12 13 0.031870313 
503 229 13 16 0.030463219 
673 29 198 251 0.030342218 
617 45 121 154 0.02990915 
718 221 10 15 0.029252715 
655 412 13 17 0.029019356 
835 400 32 36 0.028766077 
641 502 48 68 0.028512653 
453 225 13 16 0.028425876 
494 227 11 14 0.027344257 
533 262 12 15 0.027324073 
583 324 9 12 0.026368817 
700 169 14 18 0.026297765 
471 533 14 18 0.025969978 
635 352 14 16 0.025474975 
614 315 20 23 0.025387246 
370 221 17 20 0.025374036 
585 275 10 11 0.025237275 
78 348 448 493 0.025228944 
604 347 15 16 0.024959486 
516 293 10 11 0.024900418 
437 270 10 13 0.024873272 
679 195 12 16 0.02473243 
668 220 15 21 0.024399895 
611 345 16 17 0.024321465 
488 226 10 13 0.024227688 
614 54 63 68 0.024211936 
725 245 13 16 0.02413096 
649 578 32 44 0.023880081 
344 -32 389 433 0.023695206 
535 486 51 61 0.02369087 
487 461 43 55 0.023683166 
501 3 365 433 0.023422578 
653 407 27 32 0.023355423 
679 203 11 15 0.023013087 
592 255 11 13 0.022756726 
693 221 26 34 0.022696624 
139 1087 98 131 0.022688948 
710 228 11 15 0.022285951 
675 276 14 17 0.022041667 
591 269 10 12 0.021734364 
662 380 41 54 0.021653408 
684 169 20 27 0.021588465 
494 244 12 14 0.021199426 
185 1082 104 146 0.02097533 
37 1063 108 154 0.020887516 
610 355 15 18 0.020840291 
492 295 10 12 0.02066339 
431 276 10 12 0.020612242 
498 476 26 34 0.020314202 
480 461 11 15 0.020294292 
514 234 13 18 0.020263843 
