29_Students_Schoolkids_Students_Schoolkids_29_312
159
498 70 87 117 0.9985989 
819 20 11 15 0.4647185 
743 27 11 15 0.38494778 
869 17 13 18 0.35234106 
719 12 9 13 0.19227873 
734 29 11 14 0.14973372 
847 138 178 240 0.14859256 
766 20 9 13 0.13828759 
788 28 10 13 0.13526258 
746 5 9 12 0.13103114 
774 188 213 282 0.117265984 
863 21 11 15 0.10431027 
736 22 10 13 0.0835022 
811 297 207 236 0.081589095 
768 2 9 10 0.08148741 
817 16 10 14 0.076296344 
941 9 12 15 0.07460683 
125 127 12 15 0.072188936 
671 40 9 11 0.06899079 
813 59 12 14 0.067072384 
729 29 10 14 0.06551483 
719 30 9 12 0.065379106 
703 39 9 11 0.06126649 
816 24 12 16 0.061002996 
712 163 196 261 0.059401657 
669 20 9 13 0.057103842 
734 7 8 10 0.056872237 
725 7 11 12 0.05655111 
429 289 14 18 0.055084378 
765 26 10 14 0.0542969 
60 107 15 19 0.05306989 
735 13 9 11 0.05231278 
852 3 11 14 0.04945291 
743 14 10 12 0.04818674 
718 18 10 13 0.048056316 
855 45 12 14 0.047835924 
856 22 11 13 0.047528557 
-21 127 168 291 0.046735495 
723 11 11 13 0.043509513 
775 37 10 12 0.043399308 
874 13 13 17 0.04245941 
646 83 329 445 0.04234622 
109 5 48 59 0.041962318 
773 0 9 10 0.04183343 
1013 9 11 16 0.041692648 
785 25 9 11 0.041352462 
901 13 9 12 0.041324925 
791 0 8 9 0.041040726 
761 30 9 12 0.040861912 
97 74 18 23 0.03930833 
686 13 9 11 0.03875218 
139 66 13 15 0.038099185 
748 2 12 12 0.037818767 
49 48 26 34 0.037414968 
828 28 11 13 0.037126865 
110 106 13 17 0.036231607 
986 13 11 13 0.036080822 
896 6 10 14 0.03569642 
746 23 11 12 0.035438087 
964 11 13 17 0.03495561 
167 84 12 15 0.034742385 
840 27 10 13 0.03434679 
190 85 12 15 0.03430927 
846 21 11 14 0.034002464 
79 91 13 16 0.033874795 
700 14 9 12 0.033458203 
758 35 10 12 0.033454902 
672 305 114 135 0.033384908 
822 -1 10 10 0.032739174 
749 11 10 13 0.032482326 
335 44 12 16 0.032409973 
817 0 9 9 0.032159425 
852 13 11 13 0.031895056 
694 20 10 13 0.031754743 
206 85 12 14 0.03133153 
907 183 120 142 0.031231262 
848 46 11 13 0.030669082 
92 69 15 18 0.030382078 
134 63 14 16 0.030065412 
757 130 28 32 0.02985898 
688 38 8 10 0.029709607 
615 28 9 12 0.029583417 
767 46 13 14 0.029123904 
85 66 15 18 0.029061064 
817 13 19 24 0.028808797 
119 90 11 14 0.028709032 
185 84 10 14 0.02860231 
134 116 10 12 0.02857927 
143 84 11 14 0.028215675 
826 21 12 15 0.028110642 
126 92 10 12 0.027911782 
134 102 9 11 0.027680254 
695 13 10 13 0.02761732 
859 49 13 15 0.026429666 
618 23 8 11 0.026156036 
701 20 9 13 0.025934055 
871 6 13 16 0.025707781 
664 15 10 12 0.025610594 
774 30 9 12 0.025304835 
713 29 9 12 0.025061559 
919 2 10 12 0.025052823 
302 19 17 20 0.024974931 
807 66 12 14 0.024899729 
124 84 10 15 0.024844144 
732 19 19 24 0.024579316 
999 439 9 11 0.024433114 
455 136 47 62 0.02437815 
772 5 11 12 0.024340503 
760 0 10 10 0.024314687 
728 22 9 13 0.024233585 
980 460 11 12 0.024126636 
773 13 11 13 0.024015488 
111 185 17 20 0.023693044 
703 29 9 12 0.023541542 
770 215 329 409 0.023479668 
792 12 9 11 0.023454802 
125 118 12 13 0.023429856 
869 44 11 14 0.023366535 
860 38 11 14 0.02334542 
134 110 10 12 0.023318544 
53 82 16 21 0.023181716 
61 119 16 20 0.02312796 
722 248 27 32 0.022827003 
782 36 10 12 0.022621106 
1012 474 10 13 0.02256211 
673 248 16 18 0.022454865 
994 447 9 10 0.022452425 
785 0 10 10 0.02244143 
650 296 84 123 0.022255672 
896 20 10 13 0.02209412 
116 114 14 16 0.021872912 
783 5 11 12 0.021803174 
116 211 11 13 0.021665366 
104 128 26 33 0.021643117 
695 29 8 11 0.02161683 
820 60 12 15 0.021493373 
1008 469 10 13 0.02149 
129 101 9 12 0.021360638 
928 217 75 87 0.02128219 
759 4 11 13 0.021248939 
759 63 13 14 0.021174202 
348 227 99 141 0.021070804 
58 109 25 33 0.021064645 
868 226 55 65 0.02105987 
902 1 11 12 0.020967776 
143 101 9 11 0.020780867 
632 315 60 89 0.020714277 
789 34 13 14 0.020687873 
795 29 11 13 0.02064138 
671 27 9 12 0.020594748 
401 115 100 131 0.020580176 
735 0 9 9 0.020538079 
966 0 11 13 0.020412827 
912 2 9 11 0.020380747 
103 107 12 16 0.020258164 
790 5 10 13 0.020203523 
143 117 10 12 0.020173471 
710 37 9 12 0.02005794 
349 57 13 17 0.020052455 
