29_Students_Schoolkids_Students_Schoolkids_29_525
77
608 171 191 224 0.9990551 
354 102 82 104 0.98769647 
190 32 63 74 0.98603547 
487 488 13 16 0.09010613 
452 121 57 70 0.08875871 
636 18 12 14 0.07244034 
400 100 89 110 0.070865214 
572 217 25 39 0.069635995 
446 375 9 11 0.069095224 
157 118 11 16 0.06807054 
447 421 11 14 0.053305462 
417 325 9 11 0.050982237 
112 108 10 14 0.049091075 
416 342 10 13 0.048699066 
0 153 13 22 0.04801496 
0 2 15 20 0.046789803 
173 110 15 16 0.04282722 
419 1 28 26 0.042392813 
500 531 15 16 0.042134162 
525 548 9 12 0.041787483 
460 374 11 13 0.039147995 
125 103 11 16 0.03831201 
462 360 10 12 0.037502803 
477 535 12 15 0.03738088 
455 388 10 14 0.0352026 
433 361 10 12 0.032597773 
430 381 9 12 0.03234114 
496 533 11 13 0.032262772 
469 478 9 13 0.031521365 
458 366 11 13 0.03104221 
118 106 12 17 0.031029368 
479 82 30 37 0.030584991 
451 419 11 14 0.030150758 
413 407 9 12 0.02983318 
276 1 13 12 0.029786047 
67 140 124 159 0.029784445 
524 513 12 16 0.029736325 
261 1 11 11 0.029625952 
482 484 22 27 0.029177794 
437 364 11 13 0.028640464 
400 382 9 13 0.028498396 
415 413 9 11 0.028187234 
254 54 34 40 0.028186616 
482 124 54 74 0.027742276 
537 535 8 10 0.027212577 
422 390 11 13 0.026110772 
461 380 10 13 0.026093297 
471 419 9 12 0.025608078 
583 9 11 14 0.025531719 
537 435 10 12 0.025200794 
167 110 11 14 0.024564665 
513 397 8 11 0.024334129 
554 438 9 12 0.024171885 
440 422 11 14 0.024137227 
455 348 9 12 0.023943445 
479 140 30 35 0.023783825 
446 299 12 14 0.023480318 
437 94 93 119 0.023007145 
394 135 39 46 0.022869917 
480 523 44 46 0.022511367 
496 528 25 28 0.02243146 
391 420 10 14 0.022272404 
163 108 24 30 0.022200452 
504 366 8 11 0.021946104 
500 311 14 18 0.021475978 
579 418 11 15 0.02142982 
471 515 11 14 0.021402005 
533 2 13 12 0.021296015 
504 375 9 12 0.021176714 
558 421 10 12 0.021172322 
549 504 9 11 0.02081447 
449 350 8 11 0.020706847 
221 37 39 53 0.020702496 
541 431 10 13 0.020416448 
551 552 7 9 0.020347029 
400 374 10 13 0.020203328 
484 539 12 16 0.02001705 
