29_Students_Schoolkids_Students_Schoolkids_29_358
163
269 364 15 19 0.92094743 
489 382 17 21 0.91648036 
545 380 18 22 0.91427386 
624 377 19 23 0.82847756 
363 424 16 20 0.75709444 
941 420 21 27 0.7282036 
573 390 17 23 0.6774394 
713 374 18 21 0.590549 
496 422 18 22 0.5424046 
673 391 15 19 0.51592 
847 412 16 21 0.4212539 
340 444 15 18 0.24825409 
772 393 13 18 0.21533345 
890 402 14 17 0.188 
434 402 14 18 0.17475468 
801 411 15 19 0.14947636 
455 419 13 16 0.1355618 
475 437 13 16 0.12262287 
885 368 13 18 0.1187928 
829 417 15 19 0.11096976 
902 401 14 18 0.10832244 
902 423 15 20 0.10550385 
458 427 14 17 0.10340962 
768 390 13 17 0.10071918 
434 421 14 18 0.09075495 
941 358 25 32 0.090231545 
798 404 14 18 0.08197249 
249 436 11 14 0.076951414 
695 391 15 19 0.0705456 
740 427 13 17 0.06720782 
775 380 11 13 0.060750812 
950 423 23 30 0.060645454 
316 437 12 16 0.058467377 
405 411 12 15 0.0566713 
285 440 14 17 0.056609217 
780 379 11 13 0.05212054 
348 419 11 13 0.047642134 
534 425 13 15 0.04746324 
441 420 21 26 0.047006007 
572 364 14 16 0.044716444 
335 449 13 16 0.04441037 
479 459 13 16 0.042804312 
715 365 16 20 0.04242777 
803 396 14 18 0.041859742 
282 433 23 28 0.040570185 
740 387 14 19 0.040186025 
828 402 13 15 0.039875854 
903 411 13 15 0.039622404 
538 420 14 18 0.038541924 
1004 459 17 21 0.038480148 
563 377 21 28 0.038446594 
540 404 13 17 0.0383128 
582 413 12 16 0.038149413 
615 405 13 15 0.038017947 
496 381 14 17 0.03797431 
312 443 12 14 0.03732824 
327 451 10 14 0.037139177 
558 419 12 17 0.036637947 
779 390 13 16 0.036610596 
417 411 15 19 0.03628296 
253 427 14 17 0.03578435 
452 411 22 28 0.03574826 
532 385 14 18 0.035263024 
901 379 11 15 0.0350497 
490 409 22 27 0.03498876 
694 356 15 19 0.03497548 
675 380 13 16 0.034498837 
757 395 11 14 0.03393678 
958 409 14 18 0.033892673 
588 412 10 13 0.03366676 
469 419 12 16 0.033378523 
195 355 228 257 0.033025928 
523 383 16 19 0.033013184 
385 208 437 484 0.03295737 
836 411 19 23 0.032603275 
405 426 13 16 0.032389957 
813 397 12 16 0.032352064 
359 452 13 17 0.03234013 
453 423 22 27 0.031567268 
834 444 13 16 0.031555284 
349 514 15 17 0.031068245 
504 419 16 20 0.030969488 
884 376 16 20 0.030847685 
1006 427 13 19 0.030577485 
414 435 12 15 0.030439429 
851 407 21 28 0.030343816 
942 412 14 17 0.030172896 
475 413 12 15 0.029994164 
822 418 15 19 0.029558023 
895 426 13 17 0.02936432 
887 409 12 15 0.029145204 
290 436 14 18 0.029129704 
517 401 15 19 0.028897014 
399 443 10 13 0.02883464 
580 379 12 17 0.028643526 
847 408 12 16 0.028409302 
891 364 12 16 0.028389048 
432 433 12 16 0.028363317 
380 435 13 15 0.028282175 
374 414 9 11 0.028258856 
384 407 10 12 0.027967267 
679 385 20 26 0.02778649 
963 403 14 19 0.027755594 
340 353 243 301 0.027618205 
413 427 12 16 0.027512716 
893 386 11 15 0.02742582 
916 427 14 18 0.026936233 
924 411 13 17 0.026916437 
514 390 24 28 0.02633544 
431 406 20 24 0.02617273 
699 367 21 27 0.025978351 
278 442 12 15 0.025848016 
835 426 11 15 0.025777293 
563 419 14 17 0.025478842 
382 422 11 13 0.02539936 
748 388 13 17 0.02490198 
981 423 25 34 0.02474843 
208 273 417 483 0.024518132 
253 441 12 14 0.024395393 
881 364 14 17 0.024203004 
990 420 11 15 0.023943339 
572 380 14 18 0.023925694 
462 416 20 25 0.023859475 
507 412 14 18 0.023844244 
404 417 14 17 0.023724342 
605 385 13 18 0.023623267 
768 382 12 15 0.023489188 
388 407 11 12 0.02343758 
875 425 15 19 0.023267493 
751 395 12 14 0.023210531 
380 428 12 16 0.022867853 
756 403 11 15 0.022768708 
414 418 14 17 0.022760725 
822 398 13 17 0.022625836 
614 386 13 17 0.022614216 
646 566 9 11 0.022451771 
615 380 20 25 0.0223528 
567 363 22 27 0.022182709 
806 398 20 26 0.022103187 
286 462 12 15 0.021762162 
805 389 12 15 0.02174032 
711 382 15 19 0.021518385 
445 395 12 16 0.02141719 
710 363 14 17 0.021384249 
400 407 12 14 0.02137021 
274 423 26 32 0.02133484 
414 442 12 16 0.021294197 
942 366 15 20 0.02128895 
475 387 15 19 0.021278193 
446 419 12 16 0.021178266 
964 426 13 20 0.02105678 
716 357 14 16 0.020810971 
359 446 10 14 0.020755941 
932 455 15 19 0.020724857 
528 299 10 13 0.020684406 
420 436 12 15 0.02064447 
414 452 12 16 0.020495644 
407 405 25 29 0.02040563 
475 454 22 27 0.020404026 
277 358 12 15 0.0203493 
591 405 10 14 0.020295445 
447 389 12 14 0.020115841 
360 414 10 12 0.020019857 
