29_Students_Schoolkids_Students_Schoolkids_29_130
101
108 264 45 59 0.9823981 
239 242 27 32 0.9788953 
374 167 45 57 0.9722054 
602 422 57 74 0.7133911 
534 246 26 37 0.60761607 
678 505 36 51 0.5919491 
379 243 19 20 0.39250866 
340 553 23 28 0.3013522 
14 236 11 15 0.19869304 
472 200 23 33 0.17792326 
-2 260 33 64 0.13327032 
152 247 28 34 0.12423146 
259 293 16 20 0.08844102 
600 438 36 48 0.08659823 
17 669 60 80 0.078065865 
39 247 14 20 0.075539224 
323 545 16 21 0.07348058 
323 206 12 16 0.068282835 
379 149 32 41 0.06707671 
896 483 28 44 0.057844874 
386 235 18 21 0.056698494 
511 329 92 119 0.05153985 
579 416 387 417 0.050893094 
561 304 26 33 0.050331954 
436 702 54 56 0.047673266 
0 329 19 37 0.047056995 
339 549 17 20 0.0467891 
123 251 45 60 0.046377227 
508 484 15 19 0.045556184 
373 466 14 18 0.045515176 
316 218 27 34 0.043079153 
671 547 61 77 0.042518426 
672 550 115 114 0.042115882 
58 690 50 62 0.041196056 
98 408 128 162 0.041123506 
304 226 27 32 0.04004076 
618 423 35 45 0.038658734 
538 497 93 119 0.038320437 
226 279 25 37 0.03799633 
307 546 13 16 0.037939668 
252 295 29 32 0.037608914 
257 243 25 33 0.036779404 
414 180 26 35 0.03650974 
125 280 35 47 0.036257736 
13 267 42 71 0.034302197 
555 332 50 62 0.034009185 
326 450 14 18 0.033882324 
238 282 27 35 0.033734847 
463 394 25 38 0.033373505 
649 509 55 65 0.033231895 
591 396 59 69 0.032134768 
427 186 16 23 0.03207005 
616 511 209 259 0.031914357 
637 529 61 75 0.031250384 
99 249 18 23 0.03106541 
512 226 46 58 0.029958222 
570 309 15 20 0.029455073 
317 206 21 29 0.02936269 
6 243 12 17 0.029121615 
230 249 27 32 0.028383154 
544 258 19 26 0.027808446 
459 203 39 51 0.02763255 
241 246 39 51 0.027042754 
52 230 12 16 0.026468467 
603 402 36 44 0.025958704 
261 593 44 65 0.025656302 
192 429 93 143 0.02525619 
32 679 35 46 0.025210286 
683 703 89 76 0.025137033 
371 224 41 51 0.025135152 
409 491 47 71 0.024707185 
674 150 17 20 0.02443869 
51 257 33 41 0.024425965 
295 234 26 32 0.024337316 
562 381 93 116 0.024100376 
263 283 24 31 0.024034781 
260 562 16 20 0.023914728 
693 494 37 55 0.023558822 
501 493 26 32 0.023326267 
350 195 11 13 0.023190128 
382 137 28 33 0.023166092 
469 195 16 21 0.02279786 
370 467 24 32 0.022414315 
459 369 44 61 0.022243628 
46 236 13 17 0.022081202 
374 477 91 125 0.021911826 
616 31 15 18 0.021721648 
330 221 25 36 0.021637078 
183 443 54 89 0.021599913 
357 299 16 20 0.021378838 
351 267 14 20 0.021021824 
99 253 33 40 0.020765025 
-30 219 353 516 0.020762179 
125 328 13 17 0.020533035 
8 233 20 28 0.020467589 
476 195 41 54 0.020456918 
38 239 13 18 0.020181924 
524 81 13 17 0.020109897 
113 313 31 33 0.02009399 
-10 220 81 115 0.02003798 
347 351 15 21 0.020037303 
