29_Students_Schoolkids_Students_Schoolkids_29_221
175
262 229 28 37 0.9882109 
228 216 40 64 0.8294319 
523 193 13 19 0.7479741 
380 222 24 38 0.56431514 
733 191 9 11 0.5543677 
440 274 28 51 0.52217364 
275 230 26 36 0.37567356 
715 195 9 12 0.3617069 
304 253 24 32 0.2942978 
293 238 14 20 0.28486195 
784 184 7 10 0.20253077 
127 294 11 14 0.1589657 
27 300 13 16 0.15507568 
809 214 9 11 0.15299052 
244 217 43 54 0.14097124 
757 215 10 12 0.14037216 
561 206 8 10 0.12687775 
46 294 14 17 0.11019857 
78 277 12 15 0.10625306 
568 198 7 10 0.10395323 
68 318 26 31 0.10363971 
494 199 8 11 0.10207195 
767 193 8 9 0.09733211 
408 290 41 53 0.09670563 
207 223 41 61 0.09411053 
785 188 8 10 0.09299512 
793 221 8 11 0.08952391 
1 286 9 14 0.08273961 
366 228 29 37 0.08071933 
76 315 16 19 0.080537684 
72 278 11 14 0.079632916 
84 274 16 18 0.079260804 
760 193 7 9 0.07594843 
766 196 9 11 0.07305811 
185 236 37 54 0.071760274 
345 225 30 45 0.06759816 
532 194 11 15 0.06688758 
734 185 10 13 0.06679577 
540 196 9 11 0.06143498 
166 241 13 18 0.058289368 
495 203 9 12 0.056138244 
562 201 8 10 0.055222724 
785 198 8 11 0.05434552 
55 300 45 55 0.05375596 
783 233 9 13 0.051576775 
567 193 8 10 0.05106316 
114 305 21 28 0.050073605 
37 295 13 14 0.049491264 
536 176 9 11 0.049471833 
392 354 11 15 0.04947023 
424 533 11 16 0.049041647 
20 281 12 15 0.04882714 
778 182 9 11 0.04651664 
822 159 9 11 0.046407484 
811 182 11 14 0.04606625 
550 247 9 11 0.045656063 
753 192 8 10 0.045283604 
291 241 23 33 0.04460079 
30 295 12 15 0.044061136 
457 350 50 69 0.043942664 
536 212 10 14 0.043799434 
783 206 9 11 0.043174166 
13 338 30 36 0.040410157 
493 188 11 13 0.040324472 
34 295 23 25 0.040013567 
576 223 7 10 0.03876327 
447 261 35 53 0.037495382 
474 354 30 40 0.036790546 
565 205 9 11 0.03630666 
733 215 9 10 0.036194775 
390 287 41 55 0.03595771 
751 196 9 11 0.035925828 
89 281 15 18 0.03568896 
801 166 8 9 0.035322003 
388 218 17 27 0.035059124 
424 279 35 53 0.034999937 
500 206 10 12 0.034845263 
788 189 9 11 0.03473008 
305 234 37 53 0.03456383 
485 288 16 22 0.033338033 
527 182 11 14 0.033336602 
174 462 79 63 0.032967392 
158 242 14 18 0.032165647 
796 222 9 10 0.031687554 
490 182 10 13 0.031150637 
805 166 9 10 0.030679552 
800 161 7 9 0.030512463 
753 218 10 13 0.030508552 
568 230 9 10 0.030287018 
351 260 31 36 0.030042911 
393 276 28 45 0.029770179 
355 236 30 37 0.029632553 
814 208 9 11 0.029626308 
324 214 35 50 0.029407773 
540 214 10 12 0.0293046 
535 205 10 13 0.0288905 
711 188 17 22 0.028693924 
829 556 11 14 0.028262025 
879 127 8 10 0.027942272 
760 196 9 10 0.027874758 
15 282 11 15 0.02763721 
566 238 9 11 0.027607054 
299 258 18 25 0.027482657 
728 186 18 22 0.02744859 
583 183 9 11 0.027333392 
526 222 11 13 0.027161557 
565 259 11 13 0.02698122 
817 158 9 12 0.02681421 
776 191 8 9 0.026710302 
743 181 10 12 0.02664508 
776 158 9 12 0.026564637 
111 314 14 18 0.026190354 
758 208 11 14 0.025928069 
58 313 25 31 0.025700437 
729 183 9 12 0.025478974 
46 285 13 16 0.02544115 
560 212 10 12 0.025329169 
71 292 11 15 0.025034001 
719 182 9 11 0.025019627 
768 183 8 11 0.024804385 
782 159 8 11 0.024592422 
62 277 12 14 0.024486704 
874 126 8 11 0.024273522 
24 294 11 13 0.024243759 
711 224 8 10 0.024166187 
711 229 8 11 0.024164703 
19 294 53 64 0.02414966 
575 207 8 10 0.024106331 
841 166 7 10 0.02400111 
729 196 9 11 0.023973167 
61 293 11 15 0.023899917 
52 284 13 15 0.02375591 
800 174 8 10 0.023508511 
800 183 9 11 0.023506798 
551 221 8 11 0.023349134 
822 164 9 11 0.023233611 
108 299 16 19 0.023123953 
61 316 13 18 0.023109319 
812 175 11 13 0.023003584 
801 232 7 10 0.022793658 
793 158 8 10 0.022783963 
520 186 10 13 0.022773465 
65 305 26 32 0.022523094 
719 222 7 10 0.022363909 
29 275 87 92 0.022362024 
549 251 9 13 0.02233636 
793 151 7 9 0.022327065 
91 288 15 17 0.022204546 
577 213 8 10 0.022133278 
743 221 9 11 0.021924974 
310 502 49 61 0.021883855 
799 215 8 11 0.021876303 
566 213 8 11 0.021810135 
873 150 8 11 0.021684973 
727 221 9 11 0.021646233 
301 231 27 35 0.021408742 
806 230 9 11 0.02133608 
559 240 8 10 0.021118052 
830 175 10 12 0.021115469 
574 228 8 11 0.020982305 
813 239 12 12 0.020967571 
431 263 30 48 0.020960493 
735 220 9 12 0.020936472 
808 209 9 11 0.020871213 
567 157 8 11 0.020774806 
533 219 10 12 0.020738315 
789 197 9 11 0.02060199 
582 214 7 10 0.020334281 
739 189 11 13 0.020285377 
340 355 11 14 0.020224625 
767 158 8 11 0.020205807 
497 167 8 10 0.02009266 
3 278 14 16 0.020084819 
110 293 11 14 0.020073168 
808 220 9 11 0.020067578 
