29_Students_Schoolkids_Students_Schoolkids_29_161
32
843 80 91 118 0.9979436 
519 149 73 101 0.99586934 
576 168 114 158 0.9946301 
368 179 24 36 0.74447644 
552 155 89 129 0.62933785 
879 0 80 80 0.2616457 
349 180 27 35 0.1878316 
337 177 24 39 0.16645008 
650 241 214 249 0.13884374 
593 187 169 227 0.098146185 
197 299 25 39 0.08810009 
229 268 31 35 0.06264882 
305 260 28 36 0.055103 
178 200 31 44 0.05122743 
265 279 24 30 0.05112107 
465 244 15 19 0.049566787 
703 310 224 261 0.046319284 
-6 39 102 170 0.04463499 
467 231 24 32 0.042756863 
972 71 13 18 0.038083583 
477 229 17 22 0.03716254 
355 189 37 45 0.0321093 
470 188 39 55 0.029461015 
339 189 30 41 0.027171595 
475 206 46 63 0.025277458 
226 282 28 35 0.024916029 
152 453 226 263 0.023763282 
937 320 95 174 0.023420375 
321 416 239 256 0.023082618 
733 72 25 38 0.021505423 
928 265 110 139 0.021489093 
480 254 28 39 0.020758232 
