29_Students_Schoolkids_Students_Schoolkids_29_524
100
430 65 37 47 0.99706095 
186 155 45 58 0.9959039 
207 31 39 50 0.9902806 
617 355 38 47 0.9254912 
569 314 34 34 0.86653787 
160 448 53 77 0.6391435 
416 320 37 34 0.63207954 
675 546 58 60 0.33055598 
596 601 15 19 0.24813896 
697 550 66 64 0.22779861 
122 230 46 49 0.22024871 
880 114 66 83 0.1521213 
103 168 24 29 0.14249046 
347 388 63 63 0.12615429 
563 297 32 40 0.11902601 
621 333 38 50 0.100222774 
648 366 32 41 0.09798728 
122 220 28 40 0.09658831 
795 167 14 18 0.093868025 
504 492 12 15 0.083957426 
662 243 13 18 0.081029065 
516 536 15 20 0.080947675 
518 590 21 30 0.056910083 
268 0 51 54 0.05519097 
561 319 46 55 0.051323727 
468 550 12 13 0.05094197 
626 429 49 62 0.050755817 
541 525 11 15 0.05001859 
613 410 50 63 0.049423516 
583 304 30 41 0.04831082 
224 406 33 45 0.047801092 
598 322 39 53 0.04508847 
128 372 54 50 0.04415031 
781 133 45 54 0.04409819 
240 401 43 59 0.041432112 
700 165 13 15 0.040156085 
524 580 12 15 0.039704885 
502 557 11 12 0.038375836 
910 601 49 51 0.038217884 
320 514 32 46 0.037634686 
498 532 14 17 0.037305426 
444 554 11 14 0.036507946 
273 395 50 63 0.036391288 
423 669 11 13 0.036022596 
500 508 12 15 0.03509613 
798 123 13 19 0.034171328 
694 132 14 18 0.033825547 
502 498 12 15 0.033163685 
817 16 195 227 0.03255831 
547 652 15 20 0.031776942 
790 151 26 32 0.031401556 
709 181 12 16 0.031398434 
648 259 14 17 0.030814376 
728 555 53 61 0.03074453 
132 249 44 42 0.030549228 
175 30 9 12 0.030177595 
123 225 15 24 0.028872617 
420 652 11 14 0.028817883 
281 3 31 33 0.028804319 
797 146 15 17 0.028635504 
428 472 11 14 0.02855843 
165 44 11 14 0.02799161 
745 101 10 13 0.027690053 
134 466 58 78 0.027432285 
527 646 11 15 0.027336597 
289 340 191 242 0.027323917 
632 229 24 30 0.02711962 
326 370 100 106 0.026930243 
464 555 11 13 0.026097976 
116 196 42 49 0.0260221 
855 61 105 148 0.02498567 
499 523 14 18 0.024813397 
578 517 13 16 0.024722558 
508 486 14 17 0.024367293 
513 531 14 19 0.024304934 
501 515 12 15 0.024260426 
418 297 53 56 0.023590323 
315 487 52 74 0.023382306 
318 381 66 74 0.023175467 
760 99 12 14 0.02307405 
439 548 13 18 0.022536138 
514 146 14 17 0.022347309 
121 451 97 119 0.022192564 
228 0 32 35 0.022186514 
126 187 13 17 0.022181233 
190 455 54 70 0.02196032 
944 593 37 48 0.02192515 
710 110 12 15 0.021856308 
812 90 15 19 0.02158771 
597 212 13 16 0.021567928 
220 442 38 51 0.021464834 
534 643 12 17 0.021334998 
600 311 24 34 0.02122503 
-47 124 373 456 0.020980189 
708 92 11 15 0.020893194 
494 537 13 16 0.020844247 
269 136 14 19 0.020648882 
785 136 25 30 0.020450827 
605 236 27 34 0.02043668 
901 607 32 36 0.02004136 
