29_Students_Schoolkids_Students_Schoolkids_29_81
20
779 120 114 161 0.99873155 
191 179 36 45 0.99448735 
83 253 39 49 0.9917868 
695 305 37 43 0.982382 
13 485 17 23 0.11464663 
660 282 22 27 0.1111346 
864 58 16 19 0.0895708 
799 42 20 23 0.05260765 
603 274 432 532 0.044094086 
187 573 25 32 0.042774733 
229 564 13 15 0.040408313 
635 285 21 26 0.039506905 
829 69 15 19 0.030978164 
-51 322 352 448 0.027095249 
787 214 226 258 0.026118236 
508 523 13 15 0.025877485 
22 370 187 285 0.025534656 
596 467 11 16 0.025073966 
788 146 180 222 0.024121001 
502 530 21 30 0.020299895 
