29_Students_Schoolkids_Students_Schoolkids_29_902
21
428 110 110 146 0.99948287 
713 311 61 78 0.9963887 
282 288 44 66 0.9942228 
967 376 43 48 0.97617334 
888 356 42 55 0.8702434 
0 386 11 19 0.07375875 
616 264 48 54 0.059837844 
524 245 185 229 0.058675896 
54 366 26 34 0.052487414 
78 201 30 37 0.050329246 
548 280 109 146 0.049955465 
823 388 31 36 0.039069735 
638 277 37 50 0.033337023 
587 14 22 31 0.032745015 
620 259 16 21 0.030996919 
574 5 24 33 0.026266314 
817 376 50 60 0.026213793 
527 -3 45 49 0.02502481 
995 307 28 46 0.022099188 
0 11 19 38 0.022008194 
80 372 25 32 0.02125735 
