29_Students_Schoolkids_Students_Schoolkids_29_684
54
206 61 57 69 0.9980762 
456 42 49 63 0.9967098 
360 141 29 34 0.56180716 
788 479 8 11 0.25262606 
959 462 12 15 0.1656845 
788 483 10 13 0.093331724 
294 509 8 11 0.08656654 
823 462 10 14 0.08137962 
848 463 9 12 0.079336554 
138 635 41 40 0.07697533 
684 485 12 15 0.07401503 
359 123 10 14 0.05920543 
320 519 9 11 0.05697047 
990 472 9 11 0.05277344 
828 463 10 12 0.05209353 
347 558 12 16 0.04850984 
246 574 28 30 0.044897627 
851 467 10 13 0.044388052 
841 456 8 11 0.043379433 
790 473 10 11 0.041290596 
549 521 15 19 0.03671639 
994 489 16 20 0.03474498 
556 522 15 19 0.033291485 
639 502 10 11 0.033205103 
953 462 20 25 0.031684022 
951 461 11 16 0.03134131 
798 468 9 12 0.031331744 
363 155 18 23 0.031164784 
301 524 12 15 0.031053003 
345 161 41 51 0.030574024 
551 500 9 11 0.029623192 
341 557 14 20 0.028878717 
837 475 13 16 0.028469443 
308 526 10 12 0.028279658 
848 445 8 10 0.027098032 
656 484 9 12 0.027057175 
647 495 8 11 0.026579425 
784 473 10 13 0.02597406 
648 478 9 12 0.025529979 
640 495 9 11 0.025178403 
848 440 7 10 0.02509789 
830 468 10 12 0.024989536 
823 457 10 12 0.024765523 
703 455 10 12 0.023417296 
781 431 11 13 0.023088042 
318 284 213 298 0.022992276 
661 485 10 12 0.022627654 
252 591 15 18 0.02254473 
845 456 9 12 0.022215331 
838 471 11 12 0.022166383 
216 539 9 11 0.0212563 
656 493 9 12 0.021223683 
400 534 9 11 0.020468397 
653 477 12 15 0.020426402 
