29_Students_Schoolkids_Students_Schoolkids_29_494
143
295 322 58 66 0.9950689 
785 126 30 38 0.9943211 
716 130 30 41 0.99249387 
355 243 49 56 0.9913373 
464 155 28 33 0.9863667 
284 28 41 47 0.9722854 
382 166 31 34 0.94174236 
540 148 25 30 0.93093264 
438 162 22 27 0.8462857 
351 160 20 30 0.7676134 
823 133 22 26 0.7586985 
179 625 64 85 0.7328511 
598 198 25 36 0.4431654 
867 139 24 28 0.37091544 
910 141 24 25 0.31012064 
509 159 16 21 0.27559173 
881 133 22 30 0.26211375 
582 201 33 36 0.23608734 
283 574 48 46 0.22167434 
880 205 50 64 0.2191673 
258 296 31 44 0.21453005 
40 143 103 112 0.20438933 
696 120 43 51 0.1987783 
890 129 21 32 0.19860373 
660 143 28 37 0.1811932 
689 341 64 79 0.17741512 
532 206 16 19 0.17627572 
429 163 21 28 0.17128325 
1 397 74 150 0.15872067 
514 144 22 30 0.13940245 
913 124 26 30 0.13784541 
529 144 22 29 0.11823202 
246 305 29 37 0.10436709 
6 378 26 52 0.10379914 
802 132 27 32 0.10114427 
651 139 23 33 0.09751631 
206 346 45 61 0.093317136 
548 157 21 33 0.08150274 
419 164 21 29 0.074534 
565 218 41 50 0.07308811 
901 124 29 35 0.07250163 
641 134 24 32 0.07039893 
627 124 24 29 0.06730137 
666 235 39 51 0.066688664 
683 124 33 40 0.066540286 
610 192 26 43 0.065960996 
672 145 30 35 0.055957045 
770 128 29 37 0.054320533 
565 175 15 22 0.053116836 
270 290 31 43 0.052360926 
520 153 22 29 0.05117063 
366 164 27 31 0.05074247 
470 243 36 46 0.050604578 
496 144 23 31 0.050339133 
254 216 25 37 0.050016947 
834 164 22 29 0.047202703 
170 289 44 56 0.045980994 
24 131 80 90 0.04570662 
371 170 49 59 0.045011293 
194 132 9 13 0.044835415 
491 163 14 19 0.0439867 
532 204 24 34 0.043709178 
872 122 26 35 0.043428328 
402 164 25 31 0.043221395 
522 140 19 25 0.04300808 
85 414 28 35 0.042433042 
594 420 28 34 0.041899003 
605 264 13 18 0.0404924 
279 567 37 36 0.03987523 
441 158 34 44 0.0394091 
884 219 12 15 0.039012134 
653 274 16 22 0.03716068 
773 110 29 37 0.036855966 
279 303 48 59 0.034388788 
92 403 16 18 0.034193434 
568 178 44 51 0.03413019 
545 140 19 25 0.034083247 
83 424 16 23 0.033583548 
597 132 16 18 0.03352228 
566 246 43 53 0.03302447 
589 183 15 20 0.032749616 
436 399 14 21 0.032685556 
732 136 32 38 0.031325396 
413 153 23 31 0.03085982 
533 159 14 20 0.030803517 
662 155 42 49 0.030481303 
593 142 24 28 0.03041171 
626 143 22 28 0.030397004 
569 206 32 39 0.030373748 
554 237 33 41 0.030017776 
711 111 52 54 0.029689819 
161 309 48 67 0.029326696 
861 225 14 17 0.02924436 
602 138 15 19 0.02910343 
32 105 172 194 0.028905781 
566 159 24 30 0.028579418 
486 142 24 30 0.028442388 
566 163 13 20 0.028063523 
557 171 16 23 0.02773846 
709 276 26 32 0.02771583 
364 389 32 39 0.02735863 
410 152 17 23 0.027260318 
188 276 44 54 0.02717279 
64 86 99 149 0.027160663 
898 139 28 32 0.026720924 
524 305 13 15 0.026412746 
508 147 14 21 0.02636231 
485 251 31 41 0.02610349 
227 657 14 19 0.025751477 
257 26 12 17 0.025598425 
627 181 41 53 0.025226379 
617 132 22 30 0.02477605 
650 233 37 56 0.02466952 
516 202 14 19 0.024483504 
663 218 30 47 0.024357863 
235 211 42 55 0.023525871 
656 128 27 36 0.023420546 
642 128 16 21 0.02322103 
613 200 42 49 0.023216188 
373 271 33 43 0.022965347 
673 158 20 24 0.022960173 
881 212 27 32 0.022829214 
475 144 27 34 0.022726122 
0 380 41 94 0.022634981 
214 367 16 22 0.022629075 
386 291 30 40 0.022368586 
595 165 23 31 0.022073409 
835 133 23 30 0.02203086 
829 502 13 16 0.021671712 
749 124 27 36 0.02165014 
671 263 46 58 0.021627324 
551 147 18 22 0.02161764 
573 174 24 29 0.0212786 
32 405 101 129 0.021167437 
397 172 20 23 0.021101959 
86 413 48 59 0.02068482 
466 227 33 41 0.020683546 
454 168 29 38 0.0206281 
-44 349 150 221 0.02058137 
35 6 453 456 0.020271508 
477 267 26 36 0.020084111 
609 141 21 29 0.020071158 
701 292 30 34 0.020020364 
