29_Students_Schoolkids_Students_Schoolkids_29_132
23
23 10 177 208 0.99946755 
724 146 164 211 0.9979772 
472 81 152 198 0.99447 
974 230 50 68 0.6390979 
412 166 12 17 0.14323318 
368 200 30 39 0.084082864 
439 0 13 13 0.047550563 
920 181 54 76 0.044627402 
35 297 366 437 0.036083046 
411 453 188 225 0.033796288 
411 330 133 183 0.031336006 
393 183 210 324 0.030729646 
771 549 19 22 0.028417896 
808 49 14 19 0.028305339 
413 166 23 29 0.02544382 
347 166 388 552 0.023514144 
958 153 58 77 0.023175173 
994 240 27 45 0.02313652 
343 613 64 58 0.022944337 
899 167 88 122 0.022278441 
228 42 17 20 0.021524366 
766 524 40 53 0.021520264 
951 209 53 75 0.02007251 
