29_Students_Schoolkids_Students_Schoolkids_29_222
30
250 146 119 152 0.9997143 
40 16 112 207 0.9986033 
653 199 90 124 0.9977744 
535 277 45 56 0.99450547 
727 166 120 174 0.9091517 
32 333 26 39 0.6087787 
195 400 16 19 0.089570455 
685 177 110 150 0.06246764 
54 333 35 49 0.056981426 
746 135 181 243 0.055456527 
237 356 10 13 0.047537297 
234 425 13 16 0.03725725 
252 377 16 20 0.036974654 
238 351 11 13 0.034646243 
165 455 12 16 0.03010856 
219 345 14 17 0.028224269 
202 372 15 18 0.027944876 
158 405 10 13 0.027794244 
251 449 30 38 0.025727084 
13 331 41 59 0.025285356 
69 316 29 45 0.024958152 
167 406 10 12 0.023920272 
178 344 15 19 0.02202326 
292 68 157 212 0.021877322 
662 235 12 18 0.02111081 
240 566 115 150 0.021018557 
238 362 11 13 0.020955022 
222 430 14 17 0.02093977 
221 373 11 14 0.020310756 
197 347 13 14 0.020075174 
