29_Students_Schoolkids_Students_Schoolkids_29_84
27
531 433 124 149 0.9995788 
636 283 174 139 0.99787664 
397 88 142 142 0.9901806 
303 412 191 136 0.97916794 
254 238 206 123 0.9208446 
606 210 202 164 0.8100927 
293 318 194 167 0.61342 
556 156 169 114 0.58458346 
576 42 185 208 0.43347275 
452 66 168 174 0.27522457 
336 136 174 181 0.20067486 
676 298 252 196 0.14975436 
639 82 240 213 0.10910975 
292 245 117 84 0.070647016 
4 442 236 185 0.058454286 
465 400 145 187 0.052348323 
274 423 132 165 0.04787763 
348 434 117 83 0.041566487 
0 201 13 22 0.037253913 
245 367 222 252 0.033594716 
582 10 131 157 0.03306027 
213 136 206 202 0.032469273 
763 140 12 14 0.032448463 
-30 457 157 192 0.03229102 
742 106 13 17 0.030628609 
377 27 128 152 0.030515427 
586 325 164 165 0.024013052 
