40_Gymnastics_Gymnastics_40_566
27
464 159 58 80 0.999353 
221 239 25 26 0.18984526 
595 616 15 20 0.074424446 
723 172 52 64 0.05699882 
4 45 215 339 0.055920493 
453 194 9 15 0.047486763 
777 213 35 47 0.044666093 
388 144 317 437 0.037806492 
1 53 117 167 0.031972535 
757 245 47 55 0.030318601 
718 227 46 56 0.028283773 
739 230 47 57 0.027149055 
242 272 25 30 0.026765512 
699 200 17 22 0.026255447 
346 185 18 23 0.025934603 
796 282 27 35 0.024520475 
649 241 25 39 0.02368777 
708 129 56 75 0.023080966 
-73 2 381 536 0.023058744 
252 273 26 31 0.022909667 
137 109 58 70 0.022810573 
668 226 52 59 0.02255813 
723 180 32 39 0.021648332 
609 75 214 233 0.021197302 
227 244 27 30 0.020982722 
267 280 17 23 0.020610532 
594 615 25 35 0.020363338 
