40_Gymnastics_Gymnastics_40_740
115
390 783 229 310 0.9997336 
288 932 476 562 0.2965495 
960 1403 17 23 0.29056802 
29 1291 13 17 0.21039113 
46 1344 15 19 0.16613546 
980 1273 13 16 0.154438 
69 1293 13 17 0.14773893 
945 1223 9 12 0.14678814 
982 1229 9 11 0.14001563 
914 1325 12 16 0.13576785 
2 -64 436 528 0.13522203 
956 1362 14 18 0.13074444 
988 1428 13 17 0.12695342 
534 -37 207 218 0.10509686 
880 1303 10 14 0.09490978 
30 1326 16 20 0.094852455 
28 1412 13 17 0.0924906 
916 1222 11 14 0.091597006 
56 1305 13 17 0.091308996 
974 1301 13 16 0.09083995 
167 3 222 301 0.08491347 
60 1300 16 18 0.08302786 
969 1436 17 24 0.08162274 
980 1299 13 17 0.08008738 
82 1489 15 21 0.079817265 
984 1364 13 16 0.07498208 
214 313 235 234 0.06824372 
837 1326 13 16 0.06812488 
171 1370 12 16 0.067607336 
954 1411 17 24 0.067259334 
110 1278 14 18 0.067122936 
935 1323 13 17 0.06197374 
24 1305 23 27 0.06122501 
866 1363 13 17 0.05985363 
132 1344 13 17 0.05313781 
823 1379 13 17 0.051381983 
909 1442 11 13 0.050215233 
1003 1331 12 16 0.04809252 
913 1105 73 71 0.04732115 
985 1254 9 12 0.046631996 
855 1123 12 16 0.044928435 
522 5 135 150 0.043004766 
980 1339 14 19 0.041540932 
592 410 416 469 0.041463114 
14 1419 25 33 0.040892556 
13 1344 15 20 0.038814183 
6 1293 11 14 0.038125046 
140 1365 16 19 0.038107 
22 1394 13 17 0.038105607 
972 1338 15 19 0.03802045 
947 1226 11 13 0.03801249 
965 1479 12 17 0.037389647 
951 1292 10 15 0.03694649 
77 1408 14 18 0.036239125 
21 1417 16 21 0.035665765 
36 1432 17 20 0.03492418 
904 1350 12 15 0.03481688 
880 1496 13 17 0.034514967 
10 1359 15 21 0.033696134 
514 342 265 188 0.033652037 
97 1340 17 22 0.033447683 
452 648 56 70 0.03175291 
678 506 220 316 0.030748557 
659 708 216 373 0.02988422 
102 1448 16 21 0.029378567 
959 1438 26 34 0.028845936 
986 1300 12 16 0.028360501 
408 -36 226 221 0.028093059 
932 1363 14 19 0.02805395 
841 1306 10 13 0.027988316 
29 1432 28 33 0.027375799 
843 1325 13 16 0.026875416 
389 580 126 148 0.026010126 
436 1026 533 548 0.0259252 
1 1408 38 58 0.02563888 
902 54 75 85 0.025430787 
36 1482 15 20 0.025252303 
286 659 240 305 0.02512013 
975 1271 21 29 0.025013117 
95 1316 12 16 0.024963142 
232 41 127 164 0.024910191 
123 1385 15 17 0.024892036 
148 1282 11 15 0.024696104 
212 382 164 121 0.02464922 
88 17 186 300 0.02441945 
861 1508 14 18 0.024404312 
62 1284 13 16 0.02435658 
87 1342 12 17 0.024243256 
38 1450 25 29 0.024221567 
878 1393 14 18 0.024045346 
568 384 141 108 0.023937674 
986 1271 13 16 0.023859901 
558 646 381 533 0.023468541 
979 1384 16 20 0.02338492 
918 1386 15 20 0.023242032 
952 1405 15 19 0.023085607 
189 1338 11 16 0.023077445 
949 1261 9 13 0.022914488 
105 1275 25 28 0.022851408 
545 43 15 17 0.022834439 
838 1475 9 12 0.022833096 
981 1425 23 28 0.022433558 
69 1439 17 24 0.022111153 
149 399 241 196 0.022103062 
43 1473 15 18 0.02208733 
969 1305 12 16 0.02173046 
26 1403 15 19 0.021547595 
967 1229 10 11 0.021495456 
937 1221 11 13 0.021441508 
876 1343 13 17 0.021103164 
180 52 412 539 0.021049812 
94 1451 14 17 0.02041507 
983 1259 11 12 0.020390982 
998 1364 14 19 0.020384815 
918 1302 10 13 0.020011121 
