40_Gymnastics_Gymnastics_40_492
130
471 152 36 49 0.99720085 
557 130 38 50 0.99711514 
654 125 38 50 0.9936041 
359 152 39 51 0.991213 
307 7 23 30 0.9893566 
548 47 24 31 0.98899835 
510 56 22 29 0.9688187 
485 64 21 28 0.9619178 
380 0 20 24 0.8764893 
451 -1 19 20 0.7976985 
270 19 18 26 0.78458697 
342 -1 24 23 0.7777134 
468 80 18 23 0.7480473 
590 78 21 26 0.7023513 
364 76 18 26 0.6128471 
209 17 22 28 0.59820086 
428 81 12 16 0.55193067 
32 3 22 28 0.5402232 
299 53 25 36 0.527859 
386 69 13 16 0.412793 
448 111 16 21 0.39292157 
493 60 22 29 0.2713568 
405 69 10 14 0.2494426 
414 -2 17 17 0.22281934 
476 68 23 28 0.22082096 
374 73 20 25 0.16228661 
5 85 11 15 0.15259798 
78 46 13 18 0.1464285 
409 27 15 19 0.13714474 
539 15 17 20 0.12622231 
307 70 21 31 0.12158492 
0 0 11 19 0.107667506 
100 39 11 15 0.103160046 
169 20 14 18 0.09384558 
443 59 15 21 0.09145062 
258 9 16 21 0.08719746 
543 109 22 27 0.0800008 
478 50 14 17 0.07143253 
570 1 18 22 0.071217544 
421 109 12 16 0.068803415 
277 14 13 18 0.06524508 
331 94 13 16 0.064328015 
42 2 22 26 0.06340059 
359 2 15 17 0.060141716 
439 63 12 17 0.059215885 
334 -1 20 23 0.05302058 
74 0 14 15 0.052800473 
306 47 19 27 0.05182543 
407 2 15 18 0.05166801 
870 3 30 38 0.050756022 
396 113 15 19 0.0498464 
29 41 15 19 0.04717262 
13 67 14 17 0.04667197 
35 37 12 17 0.0464 
600 77 17 22 0.04509128 
604 101 16 23 0.044596095 
461 34 12 15 0.04426932 
403 112 16 20 0.04370156 
433 118 20 27 0.041675463 
226 -1 15 14 0.040762827 
404 21 17 21 0.04055478 
86 89 13 15 0.038512196 
454 111 21 25 0.0382612 
876 0 53 51 0.037884396 
460 118 23 28 0.03759181 
444 54 12 15 0.036788587 
494 3 14 19 0.036778543 
442 61 23 32 0.036332432 
516 4 14 17 0.03575319 
976 1 18 20 0.03543336 
975 11 15 18 0.035342854 
584 82 16 21 0.033490475 
268 12 17 22 0.03294465 
429 86 14 18 0.032596562 
414 84 11 15 0.031420473 
430 70 21 27 0.031390004 
415 108 21 27 0.031165563 
957 1 46 48 0.03100913 
72 41 22 28 0.030895848 
234 33 15 20 0.030283362 
917 0 15 12 0.029607795 
406 82 12 17 0.02960604 
217 20 24 30 0.029241392 
427 114 13 18 0.02862256 
435 130 14 18 0.028497484 
436 146 23 28 0.028390143 
410 112 15 19 0.028368548 
901 4 30 31 0.027537597 
92 18 12 17 0.026907152 
909 25 14 17 0.026407577 
583 87 25 31 0.026048958 
1012 25 10 17 0.02587606 
375 69 14 17 0.025793705 
276 21 23 30 0.025732696 
883 -2 18 16 0.025689395 
427 28 14 18 0.025637215 
318 2 24 28 0.02563699 
318 70 22 32 0.025527714 
469 113 23 30 0.025208984 
539 80 18 21 0.025124533 
261 59 13 17 0.024542978 
398 73 12 16 0.024477629 
750 238 38 35 0.024461363 
411 67 12 16 0.024409477 
323 85 21 27 0.024314087 
216 14 15 18 0.02410387 
420 27 14 19 0.024021285 
77 40 12 14 0.023992019 
970 5 25 30 0.023884943 
549 112 27 35 0.02364511 
181 47 10 13 0.023509111 
554 103 19 25 0.023490917 
411 79 19 24 0.023489865 
915 10 16 17 0.023185037 
539 64 25 32 0.023042342 
421 69 13 16 0.02284701 
388 89 12 16 0.022226945 
316 85 13 19 0.022003721 
107 38 12 16 0.021945104 
395 61 22 26 0.021817356 
-2 -1 21 31 0.021569343 
224 27 24 31 0.021565814 
66 0 24 29 0.021236926 
908 2 16 17 0.021201655 
110 19 15 17 0.021132769 
44 1 13 16 0.020771498 
467 34 13 15 0.020485127 
518 26 15 19 0.020403596 
431 51 13 17 0.020292504 
378 85 15 19 0.020234613 
