40_Gymnastics_Gymnastics_40_593
212
170 260 43 56 0.99475634 
843 256 38 49 0.99372745 
301 186 42 54 0.99086916 
753 196 38 49 0.99067885 
414 208 37 50 0.9891634 
629 205 40 51 0.98809975 
71 290 36 50 0.98324823 
542 181 42 55 0.9785048 
939 298 38 52 0.97843826 
36 245 47 53 0.9634675 
100 41 18 24 0.93418473 
22 47 21 29 0.8656016 
555 132 23 29 0.85441655 
15 106 22 30 0.8176804 
948 119 16 21 0.7923516 
107 447 22 29 0.7766109 
76 175 42 54 0.6817395 
112 117 17 21 0.6708763 
841 35 16 20 0.6650741 
168 137 18 24 0.6624542 
909 27 17 21 0.5298524 
351 66 25 31 0.37715304 
696 2 17 20 0.35622832 
233 34 15 20 0.34442157 
931 176 15 19 0.3396704 
972 73 16 22 0.29626793 
89 166 26 37 0.28860176 
456 88 16 18 0.28811023 
548 71 16 21 0.2740686 
411 66 17 21 0.24118772 
978 214 23 28 0.22015183 
775 172 26 33 0.21467678 
506 29 17 20 0.20592986 
499 75 23 31 0.20086218 
15 218 18 22 0.19537781 
229 251 22 28 0.19322415 
164 32 16 19 0.18938491 
357 20 21 26 0.1834772 
772 0 17 22 0.18000701 
65 233 28 36 0.14252454 
938 265 28 34 0.14117447 
618 2 17 19 0.1394729 
46 260 46 56 0.134458 
556 84 28 35 0.12234872 
121 411 23 29 0.11809307 
658 67 16 18 0.108166754 
625 154 25 34 0.10327264 
74 464 25 34 0.095166735 
96 162 19 25 0.09070662 
515 26 16 20 0.087920554 
711 34 16 21 0.0878425 
868 192 16 22 0.08577112 
237 188 16 23 0.08260963 
796 74 14 20 0.08163849 
848 351 28 37 0.08146179 
834 86 11 14 0.079468876 
826 -1 17 17 0.07849115 
1005 38 16 23 0.0738645 
155 64 17 20 0.07233771 
140 230 24 33 0.07109225 
625 97 23 33 0.06951363 
974 222 16 22 0.06810335 
821 48 21 27 0.06806244 
653 55 11 14 0.066401124 
458 59 15 18 0.0655276 
640 21 23 30 0.064163916 
645 14 12 16 0.058898546 
0 270 17 23 0.057137184 
945 259 18 20 0.0541843 
145 27 16 20 0.05373119 
2 341 23 29 0.052880574 
16 315 28 35 0.051677473 
420 0 14 14 0.051607013 
333 39 15 20 0.05111027 
981 0 16 17 0.049416285 
678 66 14 18 0.04873845 
17 227 45 58 0.04868355 
734 67 11 15 0.047345735 
149 426 12 15 0.046708614 
355 31 18 24 0.04579027 
580 636 17 19 0.04573708 
925 179 20 26 0.045668565 
573 19 17 20 0.04502895 
700 33 14 17 0.04414856 
246 310 28 41 0.043948974 
800 53 10 13 0.04382304 
696 30 12 15 0.04338335 
750 57 15 19 0.043197196 
768 6 24 36 0.042413995 
522 23 14 18 0.042232145 
220 233 40 52 0.041115195 
736 211 21 31 0.039917395 
789 66 13 17 0.03937489 
615 89 46 58 0.039205547 
664 80 26 32 0.03861198 
89 182 47 65 0.038523715 
437 31 15 21 0.03849133 
828 39 22 26 0.038416926 
886 22 20 27 0.038188696 
355 60 17 22 0.037922233 
7 214 45 54 0.03769965 
296 0 43 46 0.03703347 
30 253 26 36 0.036879364 
661 33 13 17 0.036479846 
32 438 31 32 0.03621528 
956 86 13 16 0.036214963 
635 38 15 19 0.036058336 
679 77 38 56 0.03512819 
571 243 15 17 0.03476384 
626 617 14 21 0.034600995 
602 18 12 17 0.033992056 
76 60 15 20 0.03383279 
12 50 18 24 0.03376333 
29 111 23 29 0.033681832 
839 78 19 30 0.03366083 
499 17 22 27 0.033612 
958 1 15 18 0.033093847 
817 54 12 16 0.032615054 
991 216 17 22 0.032567646 
677 81 13 20 0.031691752 
550 52 43 59 0.031222535 
919 194 13 18 0.030635206 
221 41 40 51 0.030419966 
116 442 23 30 0.030292558 
158 25 15 22 0.029976906 
836 38 25 32 0.029946117 
663 69 22 27 0.02976359 
821 47 12 15 0.02966018 
445 85 13 16 0.029536283 
646 67 12 17 0.029195167 
793 63 20 26 0.029189734 
694 70 45 60 0.029133996 
249 101 47 58 0.028967615 
468 71 14 18 0.028960576 
500 11 16 19 0.028940253 
386 537 15 18 0.028806496 
652 31 13 19 0.028788392 
965 104 16 19 0.028662212 
355 43 23 30 0.028581716 
554 27 41 54 0.028178269 
563 102 17 22 0.028137507 
455 71 22 26 0.027855577 
329 624 8 11 0.027727932 
362 14 16 20 0.027724382 
84 355 14 16 0.027426826 
491 81 23 30 0.027394028 
41 116 15 21 0.027360735 
27 1 15 18 0.026847742 
149 263 26 36 0.026689498 
830 64 12 17 0.02664903 
802 66 16 19 0.026552407 
992 35 36 54 0.026214905 
899 17 22 29 0.026029048 
848 43 26 33 0.025983533 
441 636 29 34 0.025916783 
910 4 14 17 0.025893984 
110 42 16 20 0.025783055 
563 84 17 21 0.025622472 
685 105 11 16 0.025615914 
494 41 12 15 0.025547342 
83 432 14 19 0.025154186 
0 672 11 21 0.02510604 
936 276 41 51 0.024858931 
849 166 24 34 0.02426589 
585 70 23 30 0.024131585 
557 4 23 28 0.023895992 
555 1 18 21 0.023715254 
628 64 16 19 0.023575079 
448 11 21 29 0.023568977 
820 97 12 15 0.023426734 
644 40 13 18 0.02336491 
910 49 15 22 0.023120696 
418 116 17 23 0.023109144 
436 10 16 20 0.023078144 
797 60 13 18 0.023035634 
885 57 14 20 0.022983655 
502 40 13 16 0.022830175 
824 196 15 20 0.022735802 
467 98 23 29 0.022700036 
971 147 24 30 0.022593994 
313 13 25 29 0.022441644 
555 16 14 19 0.022396332 
301 -3 30 28 0.022109047 
117 415 15 20 0.022072794 
630 147 16 23 0.022062028 
74 371 14 17 0.021926645 
1011 28 14 21 0.021802912 
489 105 16 20 0.021765526 
148 269 16 22 0.021723924 
490 95 17 23 0.02166384 
9 108 37 46 0.02163117 
-1 386 13 24 0.021604165 
387 385 17 24 0.0215666 
356 85 19 23 0.021556227 
428 21 22 27 0.02152402 
740 66 11 16 0.021496624 
693 42 13 17 0.021384543 
543 638 8 11 0.021377703 
27 33 26 33 0.021136811 
346 40 37 50 0.021062968 
94 37 16 22 0.02104018 
186 139 16 22 0.021005742 
644 80 44 57 0.02095442 
171 168 14 19 0.020915529 
236 104 14 20 0.020802807 
829 85 21 25 0.020783965 
163 20 14 20 0.020693325 
722 214 28 32 0.020551415 
438 14 21 27 0.020546101 
55 198 49 57 0.02024522 
832 78 11 16 0.02016293 
937 172 16 21 0.020138903 
