40_Gymnastics_Gymnastics_40_420
48
312 214 66 84 0.9991122 
753 467 92 116 0.99888533 
241 197 64 83 0.99866104 
164 180 65 81 0.99850595 
592 413 88 113 0.9983436 
403 327 79 101 0.9940019 
475 396 79 103 0.99277616 
5 502 183 262 0.49423182 
385 295 65 81 0.25381246 
831 20 185 176 0.2444247 
453 368 82 103 0.19132467 
330 490 52 76 0.12110472 
-62 456 309 389 0.11665872 
349 218 66 85 0.114419445 
20 212 16 22 0.1143343 
326 469 81 126 0.10355742 
380 258 60 83 0.07116863 
275 198 65 88 0.06588325 
109 964 531 572 0.06207927 
200 31 397 387 0.0551871 
464 901 375 496 0.050151993 
56 234 40 52 0.04560157 
-72 218 400 477 0.04502662 
83 657 355 452 0.0430522 
32 212 17 19 0.039316766 
371 314 57 85 0.038533427 
319 160 109 121 0.036821075 
364 202 94 119 0.034761734 
547 92 98 108 0.031734355 
52 211 15 21 0.030299662 
184 186 73 95 0.02994002 
333 502 34 42 0.02924954 
311 889 371 440 0.028237475 
318 324 84 106 0.028149726 
860 175 142 143 0.02699003 
268 531 42 59 0.02665056 
561 394 86 123 0.02517697 
238 34 199 260 0.024826555 
358 517 32 47 0.023649009 
155 814 414 469 0.023552695 
111 603 53 82 0.02289591 
362 294 53 73 0.022383843 
433 329 88 111 0.022293014 
37 222 48 60 0.022227287 
16 209 45 49 0.022193933 
191 372 26 33 0.022071479 
272 89 117 148 0.02199716 
-143 938 578 576 0.021857725 
