40_Gymnastics_Gymnastics_40_642
52
869 246 53 66 0.99914837 
414 271 46 59 0.99709916 
784 296 46 57 0.99647045 
625 288 48 58 0.99485356 
264 341 37 46 0.9948143 
336 315 38 52 0.99466103 
207 274 38 50 0.99451137 
87 281 44 57 0.9931625 
528 290 43 51 0.9773373 
299 297 16 21 0.54987717 
296 293 13 17 0.15823524 
266 292 16 19 0.13364752 
594 316 32 41 0.12997618 
295 305 26 31 0.12532936 
0 299 9 15 0.11986718 
302 342 27 33 0.11330916 
307 295 14 18 0.11263164 
296 324 26 33 0.08109565 
287 333 29 40 0.07124976 
16 327 12 15 0.06708204 
275 292 12 15 0.062296268 
40 341 11 15 0.06205673 
253 286 25 32 0.052775033 
293 302 16 21 0.04899376 
296 288 10 13 0.046696275 
732 313 26 32 0.044591125 
260 282 17 21 0.04228681 
0 305 10 18 0.0410113 
287 292 9 13 0.039830275 
332 298 12 16 0.038900517 
292 321 18 22 0.03738975 
590 297 32 41 0.035225853 
317 291 12 16 0.034123693 
714 316 28 33 0.03220042 
287 306 14 18 0.031973902 
283 310 23 30 0.0318668 
0 314 12 17 0.031822138 
318 328 27 36 0.031322062 
312 299 14 18 0.029083062 
588 285 26 35 0.02748161 
287 391 42 57 0.027299384 
467 294 23 31 0.02716501 
323 294 23 28 0.027134795 
1015 293 9 12 0.026693359 
709 325 17 20 0.02543256 
574 277 30 36 0.024994189 
603 290 40 55 0.024102943 
22 349 12 16 0.022735985 
327 292 12 16 0.021971237 
312 334 19 24 0.021896468 
978 286 13 15 0.021522362 
305 318 26 33 0.02083231 
