40_Gymnastics_Gymnastics_40_24
84
658 231 96 101 0.1532108 
965 360 12 15 0.13316713 
989 476 13 18 0.1280137 
174 530 16 22 0.08585232 
502 498 13 15 0.0848847 
538 184 197 177 0.081558995 
535 447 12 15 0.081191204 
572 465 13 17 0.08042832 
678 287 71 66 0.0632876 
617 232 34 38 0.05989979 
483 436 13 17 0.05817402 
554 184 104 132 0.056491688 
429 546 11 15 0.053211346 
79 360 27 38 0.051478002 
490 467 15 19 0.051154826 
165 467 12 15 0.051057756 
69 550 12 14 0.04370051 
606 474 15 20 0.04357587 
663 476 13 15 0.04319592 
594 205 109 127 0.042130563 
534 456 13 17 0.04123049 
950 479 15 20 0.040706057 
669 448 12 17 0.038687762 
469 521 11 16 0.03800123 
65 348 44 58 0.03787005 
588 217 61 76 0.03679016 
942 421 13 17 0.035605125 
1 470 23 37 0.035356767 
898 349 15 19 0.034945212 
26 234 17 22 0.034778904 
115 442 17 20 0.033689976 
637 469 13 18 0.033574045 
546 215 64 74 0.03356747 
540 490 14 16 0.03327078 
139 462 13 19 0.03302212 
141 444 15 17 0.03297082 
699 266 60 68 0.03197301 
534 524 12 16 0.031100664 
450 193 240 236 0.031018598 
99 496 14 18 0.030930996 
564 568 13 19 0.030637823 
532 545 12 16 0.030188076 
573 499 13 16 0.029504027 
138 554 14 19 0.029427093 
862 230 25 31 0.029335452 
118 521 13 16 0.029239502 
271 450 13 17 0.028711412 
260 475 14 18 0.02866833 
413 475 16 21 0.028600229 
92 569 12 15 0.028448233 
23 331 53 73 0.028341306 
723 491 16 19 0.028281117 
508 521 12 16 0.028002555 
189 561 14 19 0.0279562 
446 448 14 17 0.027503552 
917 239 17 21 0.027151844 
452 444 14 18 0.026982121 
914 450 16 21 0.026599878 
14 101 224 278 0.026352992 
542 475 13 16 0.026222052 
315 5 436 492 0.025977727 
919 356 12 15 0.025973571 
970 357 13 16 0.025794268 
419 468 13 18 0.025489802 
612 525 14 19 0.025235651 
99 637 11 13 0.02517204 
212 444 12 16 0.024460955 
0 447 34 64 0.023667293 
112 621 10 13 0.023622695 
510 473 12 16 0.023191826 
194 554 13 17 0.022900097 
979 460 20 28 0.022188112 
111 482 13 17 0.022014985 
638 526 10 13 0.021632437 
394 428 13 16 0.021193558 
478 492 11 13 0.021030841 
446 484 10 13 0.020990627 
108 552 14 18 0.020856725 
463 585 11 15 0.020753784 
940 441 16 23 0.020631606 
77 585 15 19 0.02042209 
259 436 13 18 0.020301875 
598 551 11 14 0.020146703 
220 507 12 14 0.020026848 
