40_Gymnastics_Gymnastics_40_488
25
453 153 129 166 0.9985739 
393 281 16 23 0.13987753 
0 312 26 47 0.13843854 
456 304 120 154 0.07980519 
440 204 129 208 0.06221346 
434 1207 188 292 0.060610034 
713 166 22 33 0.06045969 
308 1113 383 464 0.044378176 
618 275 380 502 0.04281216 
554 1322 56 71 0.034562644 
484 1401 59 63 0.02996956 
535 1293 47 71 0.028737785 
49 242 411 475 0.02588463 
708 168 18 26 0.025563473 
62 -74 401 514 0.02546884 
751 1504 8 10 0.024793895 
88 364 58 73 0.021791445 
840 1454 8 9 0.021700947 
239 1503 9 11 0.021433625 
617 69 25 32 0.021418305 
632 470 530 579 0.021193836 
530 1274 91 130 0.02110027 
652 160 13 19 0.020921603 
656 133 12 16 0.020726038 
848 1453 7 9 0.020662762 
