40_Gymnastics_Gymnastics_40_894
27
415 179 128 174 0.9998211 
132 506 20 23 0.7594285 
99 521 15 20 0.51149154 
117 516 11 14 0.32804638 
59 578 14 18 0.16500394 
23 599 9 13 0.11364668 
977 813 48 100 0.08809875 
457 672 526 637 0.068294324 
209 284 426 551 0.06508367 
55 594 14 19 0.057770744 
47 578 12 17 0.05645596 
110 516 12 16 0.04752079 
52 574 16 20 0.04374568 
-44 780 506 595 0.040092275 
41 597 10 13 0.0385291 
66 601 15 19 0.038482737 
112 511 12 15 0.03725393 
52 583 16 21 0.035498526 
45 585 13 16 0.034659643 
126 514 13 17 0.031231685 
23 591 10 15 0.028032897 
113 510 18 24 0.02629119 
45 594 12 16 0.026007077 
99 511 12 15 0.024112921 
217 554 421 531 0.02297302 
105 527 14 18 0.021739423 
42 589 10 15 0.020573163 
