40_Gymnastics_Gymnastics_40_638
79
452 322 30 41 0.4219102 
972 320 10 12 0.32110214 
626 33 386 501 0.15690485 
141 453 14 17 0.12791945 
967 321 12 16 0.12030123 
998 373 11 14 0.0948042 
662 363 11 14 0.08203541 
673 364 9 13 0.07903553 
169 76 241 342 0.07879595 
959 375 9 11 0.076146066 
1 209 111 206 0.0729844 
646 374 10 14 0.06513753 
956 321 13 18 0.06509478 
1004 235 14 17 0.055381678 
119 455 10 13 0.052487493 
908 410 15 22 0.0488996 
920 375 10 12 0.043382566 
777 297 42 59 0.042819794 
657 358 11 14 0.041824352 
901 365 11 14 0.038416233 
631 103 233 302 0.03828492 
125 443 9 12 0.038017742 
102 485 12 15 0.037692655 
677 359 10 14 0.03621681 
102 493 11 14 0.032616086 
894 337 11 15 0.03210665 
166 455 11 13 0.03197196 
750 282 50 64 0.03134779 
957 379 11 14 0.031140866 
790 289 48 60 0.03094179 
96 403 9 13 0.03068116 
950 340 11 16 0.030664226 
949 331 11 14 0.030198624 
670 371 10 13 0.028573025 
981 325 9 12 0.028457137 
136 450 22 28 0.028050967 
652 374 10 12 0.02801298 
640 380 10 12 0.027427413 
974 357 11 13 0.027050583 
946 327 9 12 0.026972938 
919 379 11 14 0.026954819 
1003 372 12 15 0.026596833 
444 545 31 36 0.02642179 
605 351 12 15 0.025934689 
731 275 52 61 0.02546101 
730 277 32 35 0.025154885 
624 381 9 11 0.025074385 
981 318 10 14 0.02456896 
759 306 44 61 0.023867415 
991 324 10 14 0.02361046 
953 317 12 15 0.023488108 
1004 394 13 17 0.023300702 
1010 321 13 20 0.023291858 
969 365 10 14 0.02324449 
773 480 11 15 0.022776453 
525 243 13 16 0.022713924 
983 373 11 14 0.022623913 
664 371 11 15 0.022391234 
128 370 13 16 0.02236238 
151 427 9 13 0.022065237 
525 349 10 13 0.02204198 
935 382 9 12 0.02191775 
526 343 9 12 0.02189123 
61 474 11 15 0.021696437 
631 381 9 11 0.021451421 
698 264 59 57 0.021328269 
730 256 29 33 0.021245698 
349 311 10 13 0.021066079 
942 310 9 11 0.020984078 
688 348 11 14 0.020941218 
788 326 16 21 0.020831792 
864 331 10 13 0.020664629 
846 320 13 17 0.020564731 
557 349 9 13 0.020495618 
956 348 11 15 0.02046202 
123 452 11 16 0.020305892 
630 331 11 14 0.020298278 
912 382 10 13 0.02011116 
1014 358 10 14 0.020096753 
