40_Gymnastics_Gymnastics_40_762
65
573 439 128 149 0.9821472 
123 941 30 39 0.40156245 
218 1065 33 49 0.30366528 
131 392 57 65 0.21302983 
292 1117 38 48 0.18816344 
593 127 35 44 0.1799771 
160 319 25 34 0.16995233 
974 1100 41 63 0.16376266 
769 598 30 45 0.12671623 
983 1044 32 41 0.109349206 
658 57 222 318 0.10668675 
763 793 29 37 0.103556305 
11 938 49 69 0.10280156 
33 113 245 329 0.10086532 
0 1124 28 53 0.09462397 
657 769 34 50 0.074980974 
570 885 32 39 0.06756735 
902 616 25 34 0.061326016 
186 360 28 38 0.05833018 
117 360 59 76 0.054403387 
151 362 59 69 0.053100757 
115 601 26 32 0.048929576 
910 457 26 37 0.04642468 
129 349 35 46 0.046402045 
75 279 196 230 0.043745175 
780 815 45 56 0.04264293 
974 1057 50 71 0.040949054 
907 816 53 69 0.03963942 
922 438 96 142 0.039323602 
-1 740 18 44 0.03692181 
203 376 29 38 0.036109023 
549 859 57 70 0.035849243 
910 482 51 76 0.03420597 
107 359 99 116 0.033659536 
966 463 52 96 0.033503074 
170 451 379 521 0.032061085 
600 86 208 216 0.03204876 
830 755 31 33 0.03202025 
729 627 28 36 0.031587474 
593 45 391 489 0.031046774 
893 621 44 64 0.030171847 
152 337 48 59 0.030000318 
794 1148 48 60 0.029664008 
154 631 48 65 0.029558385 
129 53 326 443 0.029368147 
335 630 34 46 0.028699886 
163 396 66 67 0.027159544 
468 801 118 159 0.02618378 
600 124 53 58 0.025156027 
815 622 23 32 0.02467654 
149 517 32 39 0.024313992 
118 1062 27 39 0.023399267 
64 865 28 40 0.022762315 
569 1131 56 69 0.02275388 
525 827 65 96 0.022611013 
350 781 47 59 0.02227507 
80 386 55 73 0.022021146 
176 348 28 45 0.021744402 
888 487 52 76 0.021483883 
942 473 57 92 0.021243494 
864 1100 33 41 0.021136764 
490 803 49 80 0.021117266 
768 786 47 55 0.02065552 
864 1204 29 32 0.020293482 
718 233 211 268 0.0202131 
