40_Gymnastics_Gymnastics_40_668
168
184 70 111 135 0.99669856 
273 197 120 138 0.99493945 
109 257 152 164 0.99336857 
387 183 99 121 0.9917393 
500 196 85 111 0.9908755 
860 206 96 107 0.982532 
648 193 82 95 0.9764238 
332 188 114 138 0.6380768 
97 53 12 15 0.62613493 
160 215 144 166 0.5818535 
978 274 17 21 0.4288834 
692 77 11 14 0.39823857 
611 43 10 14 0.26801074 
673 40 9 13 0.23960559 
183 162 149 163 0.20435324 
582 32 8 10 0.20387603 
557 47 10 12 0.17037551 
2 90 12 19 0.14469062 
613 39 10 13 0.14345637 
925 45 10 12 0.14160949 
14 62 10 14 0.13566817 
847 59 14 17 0.12750435 
23 90 11 14 0.12612061 
651 33 9 10 0.11937097 
876 33 13 17 0.114684 
638 46 8 10 0.11400478 
875 52 13 15 0.11366517 
859 37 13 16 0.10876154 
3 219 13 17 0.10375638 
743 225 46 50 0.102586284 
68 100 16 19 0.100391425 
693 32 10 12 0.09920438 
18 40 8 11 0.096842 
885 36 13 16 0.09205454 
21 44 9 11 0.08913619 
671 62 9 11 0.08379035 
752 36 9 12 0.0810332 
0 85 11 17 0.079147436 
59 52 11 15 0.07661558 
712 42 10 13 0.07325428 
17 72 11 16 0.07144649 
796 45 11 14 0.071142904 
754 236 28 32 0.070542365 
109 89 11 18 0.06642503 
96 49 10 12 0.06487932 
920 103 14 16 0.061174326 
909 36 11 14 0.06116235 
915 30 12 14 0.06018835 
516 107 19 23 0.06017275 
859 31 12 14 0.05817173 
220 206 137 184 0.058104526 
80 76 9 11 0.05805215 
714 224 47 55 0.05604601 
607 32 7 9 0.054523516 
926 39 11 14 0.05431843 
632 32 6 9 0.05200508 
624 33 8 9 0.051699467 
633 46 8 11 0.051044054 
925 52 9 12 0.04983681 
86 54 11 15 0.04947256 
577 68 9 13 0.048837442 
66 111 24 28 0.048686925 
667 36 19 24 0.04759559 
695 55 8 11 0.047514625 
89 40 8 9 0.047206435 
541 38 9 10 0.047140792 
425 84 22 30 0.047120057 
789 50 14 16 0.04616093 
22 431 31 46 0.045788813 
633 38 8 11 0.04526672 
518 31 8 10 0.043408778 
-1 124 10 19 0.043201864 
433 89 15 19 0.042588424 
0 70 9 14 0.041606702 
914 99 27 29 0.04148441 
57 46 10 13 0.041399572 
876 43 14 17 0.041292842 
622 37 9 10 0.040175084 
705 61 9 11 0.039742243 
69 94 14 16 0.03973052 
951 40 9 10 0.03965368 
847 30 9 12 0.03924072 
787 247 47 70 0.038983807 
602 32 9 10 0.038601696 
476 95 62 74 0.037354853 
486 36 11 14 0.037348166 
31 64 8 10 0.03717213 
688 36 9 11 0.037015453 
892 43 10 13 0.03686745 
226 98 145 191 0.036856983 
616 33 8 10 0.03641801 
558 40 9 13 0.03594175 
80 52 12 15 0.035810824 
0 149 13 23 0.03564352 
1 76 9 15 0.034853864 
701 77 9 13 0.034433052 
620 218 57 71 0.034209624 
934 594 15 17 0.033216048 
934 38 10 13 0.032980587 
558 32 8 10 0.03290993 
14 56 10 13 0.032758135 
472 40 10 12 0.032380413 
905 41 10 14 0.032320306 
710 59 9 12 0.03227488 
758 247 15 17 0.032046795 
780 54 15 17 0.03140899 
28 212 13 16 0.03114301 
917 34 13 15 0.031116117 
12 66 20 29 0.030940112 
623 54 8 10 0.030496296 
842 55 24 28 0.030484896 
566 200 51 77 0.03043482 
60 40 9 10 0.030382795 
689 71 17 24 0.03000167 
558 58 11 13 0.029460985 
607 35 19 25 0.029298259 
609 51 9 12 0.029287973 
872 57 11 15 0.028603155 
987 465 41 71 0.028485432 
663 45 10 13 0.02811053 
49 60 9 11 0.02806417 
590 38 8 10 0.027871722 
671 52 11 13 0.027436048 
20 62 10 14 0.026938165 
31 69 9 11 0.026739351 
897 60 10 14 0.026590677 
655 73 10 12 0.026480904 
747 528 15 17 0.026267776 
108 53 12 16 0.026178168 
847 147 179 191 0.026173659 
552 39 10 13 0.026010534 
767 471 44 64 0.02560186 
614 52 9 11 0.025590481 
687 72 11 14 0.025470935 
731 235 27 36 0.025383351 
11 219 13 18 0.025247816 
704 71 9 12 0.024944387 
646 46 9 11 0.024563935 
14 384 30 44 0.024399834 
600 37 10 11 0.02421357 
174 277 86 112 0.024048269 
8 202 41 52 0.02392649 
515 69 11 14 0.023883313 
87 44 9 13 0.023795275 
743 524 13 16 0.023738876 
80 47 10 12 0.023722375 
577 37 9 12 0.023527728 
85 76 10 13 0.023487076 
701 83 10 13 0.023402153 
462 96 37 41 0.022617389 
554 31 8 10 0.022616241 
397 235 96 135 0.022144383 
99 47 21 27 0.022122333 
591 122 13 17 0.022075128 
901 226 102 100 0.022041697 
575 63 10 13 0.021790361 
710 78 8 11 0.021499496 
883 51 12 14 0.021464035 
286 678 13 17 0.020991823 
93 40 10 11 0.020937422 
590 32 8 9 0.020836059 
552 50 11 15 0.02048621 
944 53 9 12 0.0204789 
499 78 87 106 0.020443067 
672 70 9 12 0.020347 
508 38 12 13 0.020186346 
456 100 53 71 0.02015853 
624 62 8 11 0.020103345 
