40_Gymnastics_Gymnastics_40_646
70
918 303 55 66 0.9985176 
770 319 51 61 0.997471 
379 280 49 56 0.9967719 
547 197 47 56 0.9963355 
394 153 38 47 0.99586535 
260 255 49 57 0.99508166 
118 295 50 55 0.99445206 
839 165 46 52 0.99330294 
597 306 44 54 0.9906356 
713 168 40 51 0.98958415 
503 314 45 52 0.9795067 
959 66 14 18 0.57277435 
174 84 13 16 0.42414194 
997 88 21 30 0.29875487 
999 79 12 15 0.25045624 
935 83 13 16 0.15277512 
502 276 42 55 0.10098645 
1001 83 14 18 0.088646404 
277 64 10 13 0.080067925 
947 97 29 36 0.07953809 
1004 41 12 17 0.06741697 
273 66 10 13 0.06698857 
927 78 11 14 0.06629555 
1010 92 13 19 0.050510418 
954 105 16 20 0.04945828 
894 75 12 15 0.0452194 
938 89 14 16 0.041744955 
371 76 13 20 0.038330887 
846 85 10 12 0.036027074 
178 76 16 19 0.035420015 
262 46 13 15 0.035085134 
939 79 12 15 0.034479406 
920 83 9 13 0.03335173 
591 364 58 71 0.03281492 
487 46 9 12 0.032598153 
517 240 29 38 0.031656425 
284 78 11 16 0.031551756 
438 56 8 11 0.031225527 
258 27 12 15 0.030910918 
1013 50 11 16 0.03002485 
190 83 13 16 0.029696137 
168 83 22 29 0.029496718 
433 60 10 15 0.029481998 
487 108 8 11 0.029158486 
901 83 12 14 0.028604759 
481 44 9 12 0.028170155 
550 298 31 36 0.0278842 
587 331 59 74 0.026849624 
951 75 12 15 0.026709797 
919 94 10 12 0.025630437 
472 102 9 11 0.024611725 
279 26 12 15 0.02458565 
949 69 21 26 0.024572251 
181 70 12 14 0.024214324 
951 102 13 16 0.02365986 
433 55 7 12 0.023436451 
927 99 10 14 0.023262836 
48 117 9 11 0.023197055 
895 82 12 14 0.023072114 
759 75 24 36 0.023042513 
473 44 8 11 0.022426179 
822 272 50 64 0.022025423 
704 275 59 58 0.021943808 
445 45 8 11 0.020818435 
471 20 10 14 0.020685015 
487 38 11 15 0.020648433 
440 47 8 9 0.020622183 
952 69 12 15 0.0204393 
1006 47 14 18 0.020329542 
746 90 16 21 0.020016177 
