40_Gymnastics_Gymnastics_40_47
59
595 67 68 99 0.9977697 
334 39 23 35 0.71299917 
3 127 21 35 0.42738122 
439 75 24 31 0.30733782 
875 13 45 58 0.24222907 
989 4 25 31 0.20572604 
546 435 68 86 0.17665508 
82 44 22 28 0.1274793 
793 130 22 28 0.11078372 
309 71 17 21 0.10476912 
569 452 39 45 0.09773075 
209 281 457 468 0.09024043 
989 476 30 54 0.0828144 
812 490 23 33 0.07038059 
499 48 18 22 0.069192246 
519 424 114 132 0.06145253 
80 134 43 55 0.0608953 
153 96 55 66 0.057604745 
319 102 27 33 0.05351094 
102 115 23 32 0.05219789 
475 143 28 34 0.05167623 
198 39 214 256 0.049881507 
41 126 23 31 0.048481923 
139 76 93 119 0.04471766 
7 310 354 470 0.040629134 
465 372 178 219 0.03813336 
578 55 55 71 0.036806036 
152 176 17 21 0.032743175 
770 50 14 18 0.03196248 
634 463 31 34 0.030538753 
300 163 14 17 0.029807175 
170 632 43 46 0.02944863 
572 461 63 68 0.02923952 
548 78 17 22 0.028903406 
130 171 16 21 0.028533999 
634 451 47 57 0.028237902 
364 99 29 29 0.026505584 
113 127 17 24 0.026340734 
802 502 51 54 0.026108256 
294 107 96 123 0.025127208 
325 193 28 32 0.02510867 
312 169 46 59 0.025003867 
564 53 46 59 0.024894066 
82 100 46 60 0.024868095 
127 453 50 52 0.02407036 
46 117 30 35 0.024067884 
356 99 48 55 0.023910744 
305 117 38 44 0.023762146 
844 501 14 20 0.02352876 
732 43 24 30 0.023182968 
45 51 187 252 0.02306239 
98 439 223 244 0.022981308 
85 -38 378 463 0.022158373 
136 167 23 29 0.021207547 
374 88 26 31 0.020833272 
284 30 22 29 0.020621842 
499 80 16 20 0.020300131 
347 120 56 70 0.020203458 
964 586 11 14 0.020118296 
