40_Gymnastics_Gymnastics_40_361
20
525 475 79 73 0.8749561 
622 38 407 471 0.4894882 
497 494 89 74 0.34201798 
441 558 30 32 0.1312325 
551 431 62 66 0.0601442 
199 43 58 64 0.056403555 
458 496 99 99 0.04490509 
584 428 48 64 0.04389157 
435 105 99 125 0.04230801 
499 467 73 68 0.04190086 
549 481 46 41 0.040248845 
506 473 44 44 0.038470797 
551 498 45 42 0.03509616 
435 545 53 53 0.032823574 
203 31 108 92 0.030218773 
548 402 57 61 0.030188972 
410 64 414 485 0.029353369 
537 381 36 46 0.025904281 
479 414 185 203 0.023143673 
560 426 36 39 0.0211068 
