40_Gymnastics_Gymnastics_40_460
25
489 185 92 122 0.9986248 
388 61 35 41 0.28099203 
326 1089 466 384 0.16856705 
630 662 349 195 0.13926625 
-58 925 461 505 0.113719895 
716 25 214 305 0.11105753 
548 90 458 598 0.08145862 
401 58 62 58 0.07497189 
379 67 53 56 0.06598537 
598 -74 390 455 0.06355452 
442 48 31 34 0.06127284 
347 788 499 596 0.058403425 
516 506 576 368 0.049535796 
593 632 432 599 0.047307916 
19 648 519 624 0.041917432 
415 362 499 442 0.03822952 
406 39 100 90 0.034819424 
435 91 30 43 0.03275327 
-105 -133 503 634 0.02964881 
200 576 521 615 0.026442505 
367 41 100 102 0.026420021 
441 52 70 55 0.024304487 
434 60 34 43 0.02401797 
469 63 57 53 0.022150781 
751 698 179 149 0.021061676 
