40_Gymnastics_Gymnastics_40_783
49
437 365 106 108 0.9772838 
709 564 23 31 0.72029257 
231 566 21 28 0.4662146 
383 556 24 28 0.44667587 
406 335 181 202 0.1370348 
297 616 50 55 0.13150041 
75 525 17 22 0.11533428 
895 521 23 29 0.10176933 
182 407 25 31 0.07200215 
580 12 214 230 0.061574444 
55 545 26 34 0.061562274 
970 489 32 40 0.061249394 
342 115 61 68 0.059265796 
220 563 24 29 0.051607158 
343 442 22 33 0.047999725 
342 448 14 20 0.043314137 
502 39 108 155 0.04118935 
491 89 16 21 0.04059839 
275 364 17 22 0.0403781 
652 275 134 140 0.036710266 
448 527 60 67 0.03633809 
808 577 26 36 0.036239784 
202 556 23 30 0.03501035 
464 551 67 75 0.03454658 
332 248 361 418 0.033660546 
755 527 17 22 0.030478414 
836 503 22 32 0.029741375 
420 516 48 60 0.029361928 
719 418 25 34 0.028612427 
344 438 44 51 0.02771121 
950 490 32 37 0.027466958 
306 554 26 31 0.027465226 
152 526 26 30 0.027379967 
386 570 20 24 0.027196186 
196 604 23 33 0.026606547 
64 532 26 34 0.026237149 
532 -17 413 466 0.026062898 
651 578 19 25 0.024355682 
163 534 24 27 0.023961777 
215 292 29 35 0.02293426 
301 608 33 43 0.022622282 
-3 533 36 60 0.02246735 
327 86 101 115 0.021755137 
713 517 17 22 0.021511212 
481 91 50 65 0.021301117 
818 631 48 54 0.020697916 
130 206 52 72 0.020415494 
150 516 43 51 0.020280525 
984 485 33 43 0.02014148 
