40_Gymnastics_Gymnastics_40_484
38
495 273 77 102 0.9939658 
808 208 40 47 0.66603684 
831 76 38 50 0.59447086 
124 101 48 58 0.3654813 
639 75 56 74 0.1935626 
608 254 47 63 0.1629752 
483 80 33 52 0.13412634 
985 186 35 59 0.12203549 
981 330 40 67 0.11854857 
973 361 26 37 0.09796751 
137 0 42 35 0.071565665 
980 0 37 43 0.069818504 
979 377 18 26 0.068593204 
290 106 96 155 0.065448195 
795 225 58 89 0.06404236 
988 320 30 47 0.04791421 
76 481 139 190 0.04314674 
970 353 43 60 0.040733017 
586 55 327 447 0.03521916 
317 86 34 44 0.033948768 
465 91 56 73 0.033517774 
600 35 96 111 0.032628372 
785 200 50 60 0.032526474 
107 88 82 97 0.030773547 
984 368 15 22 0.030246159 
263 65 176 251 0.030047426 
-1 -2 30 37 0.029903334 
466 229 54 70 0.02727392 
90 90 54 71 0.027001832 
1010 425 14 22 0.026549188 
774 213 91 146 0.026221322 
645 35 31 36 0.025103612 
625 274 38 48 0.02347033 
230 518 52 68 0.022288034 
996 633 23 33 0.021459479 
820 412 47 60 0.02070213 
232 506 34 42 0.020236399 
419 181 55 68 0.020183003 
