40_Gymnastics_Gymnastics_40_331
122
498 92 63 72 0.9553169 
785 411 15 19 0.36937276 
745 178 18 24 0.2988306 
436 315 13 18 0.26894292 
83 241 192 254 0.1849032 
748 308 13 15 0.15285479 
914 297 18 26 0.11754752 
772 368 16 20 0.108278446 
396 316 12 15 0.09565908 
427 362 14 16 0.094580606 
908 243 14 19 0.0902155 
800 291 12 15 0.0889177 
592 62 176 275 0.084129 
441 52 81 110 0.08326617 
379 24 107 130 0.082225166 
951 345 25 38 0.081441455 
46 228 32 37 0.07484383 
804 253 16 19 0.07442389 
1006 303 13 18 0.07300696 
104 132 387 492 0.072128065 
61 9 82 61 0.0721098 
523 -50 365 464 0.06663981 
858 406 15 19 0.0655022 
717 283 16 19 0.063814685 
695 -73 357 471 0.06367185 
540 30 12 14 0.063264996 
275 129 245 263 0.060935643 
971 17 32 40 0.05970333 
916 263 14 19 0.055182524 
69 265 134 168 0.050805647 
450 394 16 20 0.049641572 
699 371 15 20 0.049395658 
480 109 66 79 0.048548184 
1001 383 16 20 0.04451082 
977 415 17 20 0.043743726 
813 388 17 20 0.04336301 
771 275 13 16 0.0423266 
5 162 43 66 0.042292785 
876 249 17 20 0.04163271 
971 336 18 22 0.040152308 
930 257 15 18 0.039549284 
926 -6 40 47 0.038296644 
908 301 16 22 0.037452567 
150 334 33 35 0.036010128 
285 5 151 124 0.035958968 
902 248 14 18 0.035268128 
431 309 13 19 0.0350891 
961 341 28 38 0.03479831 
339 354 13 15 0.03365833 
788 369 14 17 0.03304066 
421 358 15 19 0.03241166 
778 365 17 20 0.031292163 
763 244 16 19 0.031131787 
22 329 29 39 0.031021977 
880 256 17 20 0.030757405 
37 331 35 45 0.030140417 
799 258 14 17 0.030068334 
944 7 48 58 0.03004116 
934 362 11 15 0.029663563 
434 363 13 15 0.029513218 
524 76 59 74 0.02936324 
772 188 17 20 0.029207494 
22 -7 119 113 0.028994957 
873 262 25 29 0.028979274 
804 286 12 16 0.028806623 
828 369 15 18 0.027446853 
540 267 193 297 0.02738739 
903 305 13 18 0.02704184 
959 403 53 74 0.026699051 
996 335 16 21 0.026684636 
746 329 23 28 0.026629211 
940 349 25 32 0.026453001 
845 243 13 15 0.026438184 
794 367 16 19 0.025943974 
876 274 18 21 0.025884822 
748 443 15 20 0.025831178 
785 440 17 19 0.024912518 
2 209 26 43 0.024218628 
984 259 39 53 0.024107372 
847 259 13 17 0.024060057 
845 267 12 15 0.023893187 
446 365 11 13 0.023664724 
650 10 215 314 0.023566583 
955 492 13 17 0.023535777 
965 442 15 19 0.023425495 
986 42 32 51 0.023335041 
763 224 15 19 0.02333319 
470 326 11 12 0.023273533 
139 184 228 288 0.023175558 
758 248 16 20 0.023158016 
819 409 16 19 0.023107506 
666 113 18 20 0.023072511 
47 338 42 60 0.02301742 
7 169 79 101 0.022996524 
0 248 19 39 0.022691956 
432 320 12 15 0.022566045 
219 283 120 143 0.022271052 
700 114 12 14 0.021985484 
820 276 13 15 0.02189564 
892 296 15 20 0.021851063 
303 36 199 232 0.02177154 
681 107 16 18 0.021758465 
922 261 20 26 0.02156036 
762 324 14 17 0.021559771 
477 332 10 12 0.021471206 
900 235 25 29 0.021399008 
973 352 27 34 0.021274919 
868 254 24 27 0.02106606 
882 245 14 17 0.021041688 
658 308 24 32 0.020806236 
380 84 111 165 0.02071571 
862 259 14 19 0.020653129 
952 499 9 12 0.020549437 
904 251 21 28 0.020458648 
650 146 19 22 0.020379413 
107 316 74 80 0.020349218 
910 292 16 21 0.020260807 
397 396 14 17 0.020175088 
805 276 11 15 0.020147357 
790 260 13 16 0.020123823 
139 291 123 147 0.02007374 
702 315 14 18 0.020010477 
