22_Picnic_Picnic_22_933
42
718 41 155 189 0.98978525 
646 188 54 54 0.87690496 
231 14 175 207 0.8619588 
634 410 38 44 0.7287247 
3 483 17 23 0.581642 
143 73 207 251 0.20954439 
150 565 43 56 0.19806205 
50 141 235 243 0.18659776 
596 211 86 104 0.13858406 
176 538 24 30 0.13443162 
339 596 32 36 0.10283609 
657 99 204 195 0.059130188 
622 184 227 267 0.05684011 
670 278 120 109 0.04914926 
507 567 16 21 0.047835115 
628 182 83 97 0.046954088 
666 254 64 76 0.045745406 
499 563 16 20 0.040415414 
6 551 29 39 0.035014737 
55 587 13 18 0.032761797 
251 226 102 159 0.032334447 
187 519 11 13 0.029704629 
628 385 47 57 0.028568821 
654 221 59 77 0.02750741 
167 544 45 61 0.026487967 
2 525 24 34 0.026042689 
691 282 31 35 0.025769996 
930 8 106 179 0.024526361 
655 226 100 124 0.02450726 
788 -14 164 238 0.024368804 
7 11 373 430 0.024170035 
680 294 67 71 0.023484254 
717 274 14 17 0.022729544 
780 450 264 194 0.02237425 
543 594 15 17 0.02234761 
37 573 14 19 0.021929868 
706 286 15 18 0.021655196 
322 628 19 24 0.021160148 
294 65 98 105 0.021032162 
497 555 26 32 0.020603921 
574 89 376 454 0.020526139 
875 573 39 36 0.020194503 
