22_Picnic_Picnic_22_537
92
122 948 208 229 0.98597413 
557 578 208 190 0.9797855 
382 762 164 183 0.88109356 
307 777 554 602 0.3947447 
709 780 369 469 0.2655113 
344 1101 408 486 0.25602195 
652 432 330 375 0.20255901 
705 558 56 72 0.17392716 
309 63 420 480 0.1656259 
393 1473 65 65 0.11717128 
700 1278 150 222 0.11224158 
-29 1182 393 411 0.100214124 
301 1394 49 71 0.10012676 
426 1476 70 67 0.09851784 
681 541 95 116 0.0840647 
940 177 17 20 0.08260806 
85 696 317 420 0.076954015 
280 1387 51 77 0.07434448 
11 1251 210 269 0.07079044 
449 611 208 267 0.064943865 
79 495 18 19 0.06360386 
928 236 25 28 0.0616945 
384 1464 109 105 0.05614839 
1012 286 11 16 0.05055866 
608 610 463 450 0.05020795 
329 1405 51 58 0.049337115 
931 200 14 18 0.04681402 
698 99 14 17 0.04672842 
257 1366 62 81 0.04670644 
691 68 15 17 0.04614802 
407 1240 263 249 0.046006948 
861 419 13 16 0.045251362 
201 944 205 280 0.04330659 
723 530 102 136 0.043210775 
337 561 299 421 0.042641047 
938 453 88 114 0.041913424 
369 820 118 147 0.04173593 
753 20 15 17 0.040595174 
61 358 15 18 0.040573068 
850 1487 16 19 0.03991565 
121 445 29 34 0.037304286 
909 273 17 20 0.03551484 
187 335 26 33 0.035331514 
3 -1 16 15 0.03513314 
806 1408 14 19 0.033513453 
92 439 15 18 0.033317544 
381 1451 58 61 0.031881284 
230 1352 101 127 0.031288408 
947 56 15 19 0.030952014 
260 825 199 259 0.030840162 
780 0 15 14 0.03082229 
242 842 333 449 0.029775986 
873 439 25 31 0.028961655 
454 1491 67 62 0.028687604 
998 1469 26 43 0.02839803 
77 89 15 19 0.027849605 
552 1484 11 15 0.02782277 
932 250 25 29 0.027612874 
30 1313 138 133 0.027405733 
444 1474 38 43 0.027254744 
616 521 122 176 0.026256995 
661 55 18 21 0.02591021 
987 314 13 15 0.025745902 
932 181 23 29 0.025131593 
233 260 16 19 0.025020251 
848 467 45 56 0.024895584 
945 258 14 18 0.02467007 
53 1239 118 154 0.024659516 
1006 192 15 21 0.024247909 
964 266 21 28 0.024245614 
449 1458 98 110 0.023978401 
803 0 30 27 0.02382937 
902 446 12 13 0.023756435 
940 323 12 14 0.023727102 
982 162 11 16 0.023627998 
0 62 91 128 0.023549097 
896 236 15 19 0.023354288 
726 582 38 46 0.023276232 
907 258 27 34 0.023154246 
918 460 11 13 0.022824809 
150 255 18 21 0.02270542 
2 43 49 78 0.022625161 
982 221 13 16 0.02258705 
936 172 15 18 0.022307388 
52 92 12 15 0.022185197 
341 1393 38 43 0.021998484 
694 46 12 13 0.02153229 
543 523 314 318 0.02142293 
295 1417 34 54 0.021257268 
525 538 133 183 0.021103874 
251 287 17 20 0.020804204 
847 28 19 21 0.020585278 
