22_Picnic_Picnic_22_313
141
159 303 29 39 0.99657154 
619 190 22 29 0.98312354 
701 277 21 30 0.9800276 
303 311 25 34 0.9537001 
648 340 21 28 0.80197906 
769 351 33 44 0.6745423 
75 210 12 15 0.6167168 
512 241 16 21 0.4055584 
224 299 19 30 0.23958425 
97 191 10 13 0.19355552 
765 283 11 15 0.13727134 
741 265 22 28 0.13699049 
779 367 29 35 0.13257304 
462 629 29 34 0.114902355 
62 196 10 13 0.09264189 
427 617 12 15 0.07889564 
805 264 32 41 0.07887817 
950 154 11 14 0.07562255 
119 164 11 15 0.07349889 
409 610 17 20 0.07268338 
742 293 13 16 0.07188525 
394 611 25 33 0.06842528 
6 219 11 13 0.068228535 
760 358 62 59 0.06762162 
965 181 9 12 0.064533 
0 206 8 14 0.06377572 
492 109 14 18 0.060697 
397 494 25 36 0.06039332 
22 196 10 14 0.05472417 
283 621 26 28 0.051489495 
102 215 10 13 0.0474663 
382 562 15 18 0.047228444 
71 206 20 24 0.045621473 
390 549 13 16 0.045236982 
214 305 23 28 0.043248 
408 595 12 14 0.04268752 
78 201 10 13 0.0426293 
397 555 12 15 0.041694567 
758 278 21 27 0.040009063 
40 200 9 11 0.039977428 
319 744 71 63 0.039514594 
958 179 12 15 0.03898788 
957 157 10 13 0.03763 
716 325 39 50 0.037300028 
81 206 12 14 0.036224633 
59 189 10 13 0.03593934 
420 611 21 26 0.035620667 
792 270 28 37 0.03549765 
975 164 10 12 0.034682162 
816 279 28 36 0.034516737 
286 274 13 17 0.034425687 
72 463 32 43 0.034175105 
1008 170 11 15 0.033273447 
30 132 8 11 0.032547828 
523 582 157 163 0.031760357 
14 237 11 14 0.031583168 
760 343 31 43 0.03098498 
12 214 10 13 0.030901253 
14 220 10 13 0.030881004 
438 635 13 16 0.03084964 
749 245 10 14 0.030844636 
330 599 52 53 0.03073957 
54 215 9 11 0.03043378 
0 200 8 12 0.030203845 
382 548 11 15 0.030089898 
569 237 11 14 0.029741216 
758 276 13 18 0.02927287 
541 248 11 15 0.029041706 
825 272 18 22 0.028908193 
369 629 15 18 0.028876375 
3 165 11 13 0.02870321 
64 204 9 11 0.028428841 
534 245 13 16 0.028158357 
352 607 26 31 0.02793045 
23 244 12 15 0.027927661 
504 3 14 18 0.027534183 
390 480 41 56 0.027395604 
177 306 25 34 0.02729144 
550 263 11 13 0.027239205 
702 369 193 204 0.026987093 
87 172 8 11 0.026866274 
387 500 25 32 0.026714401 
953 180 11 14 0.02596308 
55 231 10 12 0.025588976 
503 72 12 17 0.02536861 
97 139 9 13 0.02531914 
403 545 16 19 0.0253066 
80 152 7 10 0.02515441 
98 213 10 14 0.02491903 
97 127 8 10 0.024672983 
520 242 15 20 0.024228774 
16 228 11 15 0.024128834 
748 263 13 18 0.02407403 
974 159 9 12 0.023985298 
56 173 9 11 0.02398182 
544 268 10 12 0.023879807 
23 216 9 11 0.023863532 
189 297 25 31 0.023821453 
985 222 9 12 0.023646707 
348 619 17 21 0.023630703 
248 322 12 17 0.0236047 
57 183 10 12 0.02356078 
20 221 11 13 0.023461677 
14 206 10 11 0.023273723 
1001 238 8 11 0.023187403 
410 613 26 33 0.023102492 
542 237 11 15 0.023094002 
701 251 12 14 0.023058092 
439 600 15 19 0.02296854 
26 133 8 11 0.022862209 
731 331 44 56 0.022850962 
359 625 23 27 0.022752922 
462 639 15 19 0.02274549 
30 173 10 12 0.022710942 
508 60 10 13 0.022569647 
512 202 11 16 0.022568135 
649 353 18 27 0.022560405 
73 255 19 21 0.022484716 
324 623 29 31 0.022441681 
47 259 11 14 0.022436349 
381 564 25 28 0.022382353 
3 172 11 15 0.022381056 
46 204 9 12 0.022288386 
148 372 54 68 0.022164926 
757 252 11 13 0.022109896 
742 281 15 19 0.022045378 
313 306 24 33 0.021945113 
501 653 39 40 0.02192539 
775 358 20 27 0.021804877 
44 199 9 12 0.021803906 
32 444 11 12 0.021565985 
294 319 25 29 0.021466756 
342 380 11 14 0.021186503 
324 355 12 14 0.021141483 
270 79 123 195 0.020973213 
290 608 29 32 0.020952675 
402 594 24 28 0.02085352 
391 596 12 14 0.020784741 
656 341 25 34 0.020454887 
528 204 11 15 0.020330489 
543 231 9 11 0.020195195 
