22_Picnic_Picnic_22_310
123
265 208 54 64 0.9849539 
647 227 41 55 0.9844521 
855 218 26 30 0.9715521 
599 184 22 32 0.96954143 
449 210 24 34 0.96093094 
764 189 19 34 0.9127072 
517 275 22 29 0.81960046 
906 233 20 28 0.53746986 
676 190 27 35 0.48127735 
16 508 21 30 0.303729 
977 237 27 29 0.16929352 
37 279 17 22 0.16408725 
251 245 23 35 0.15159756 
147 272 14 18 0.14981496 
902 236 15 20 0.14388432 
219 246 23 31 0.13165765 
725 246 30 40 0.1265116 
90 298 15 21 0.11352466 
969 248 19 22 0.10112494 
180 280 14 19 0.0994993 
910 216 13 17 0.09195551 
890 185 13 16 0.0808135 
529 275 16 21 0.075736165 
869 156 13 19 0.0732466 
490 298 12 17 0.06760838 
657 186 17 21 0.0640277 
923 183 16 21 0.063819535 
846 215 24 30 0.061545245 
923 192 17 21 0.061182823 
833 225 14 19 0.05956262 
220 261 15 23 0.05948226 
993 233 17 25 0.058325067 
515 289 20 26 0.055171613 
215 245 11 18 0.055142872 
864 453 34 41 0.054896433 
830 203 13 17 0.053752523 
190 205 10 13 0.04991977 
945 241 16 23 0.04969632 
458 204 16 25 0.048784327 
510 286 17 23 0.047669675 
238 378 14 18 0.04378933 
791 457 62 65 0.043648694 
663 185 28 35 0.041288253 
759 187 16 29 0.039899666 
611 309 439 408 0.039781503 
164 284 12 16 0.038665555 
914 212 13 17 0.03854818 
714 255 33 42 0.038080085 
775 194 17 24 0.038003117 
992 204 21 30 0.03727616 
109 277 11 14 0.037120454 
493 261 13 15 0.036337923 
219 243 15 23 0.036015924 
215 192 9 11 0.035506953 
228 243 25 32 0.035400845 
966 211 26 33 0.035112277 
491 273 13 17 0.03415766 
260 233 32 44 0.034112696 
11 124 12 14 0.033333898 
498 238 9 12 0.033125762 
94 298 24 28 0.03307851 
5 273 11 17 0.032546382 
496 245 9 11 0.032105517 
829 211 12 17 0.031420514 
853 164 12 14 0.031056756 
963 210 15 22 0.030653263 
486 245 10 12 0.030286439 
446 219 17 23 0.030013425 
199 204 10 14 0.029913042 
852 178 13 17 0.02989788 
106 305 13 16 0.029631129 
820 217 22 28 0.029562222 
829 230 14 19 0.029218424 
416 235 11 14 0.028737325 
0 577 23 36 0.028667655 
162 267 13 15 0.027513234 
540 307 12 14 0.02745964 
845 218 14 19 0.027418347 
826 208 22 29 0.027212406 
964 217 39 46 0.027176188 
524 269 14 21 0.027099717 
762 192 32 47 0.02692858 
495 255 10 12 0.026767548 
847 166 10 13 0.026309447 
561 277 11 13 0.025992597 
199 181 11 13 0.02595246 
447 144 8 10 0.025802875 
931 201 13 17 0.025464643 
871 187 10 13 0.025341755 
280 188 40 55 0.024982333 
785 195 16 22 0.024868008 
977 206 26 32 0.02466326 
215 253 14 24 0.024592213 
534 259 11 13 0.024484739 
680 178 19 22 0.02427176 
149 262 13 16 0.024190573 
918 201 15 18 0.024016133 
761 457 35 47 0.023956034 
815 474 63 67 0.023951527 
228 375 14 18 0.023908405 
836 210 14 19 0.023806997 
830 456 62 59 0.023800597 
976 186 12 15 0.023574432 
500 259 11 14 0.023558177 
891 162 12 15 0.023525888 
23 132 11 14 0.02350332 
645 188 13 19 0.023477552 
102 500 54 65 0.023301456 
704 348 248 278 0.023062825 
205 205 9 13 0.02294733 
357 411 11 14 0.022932101 
943 224 23 31 0.02273165 
830 194 20 28 0.022639291 
480 244 11 13 0.02159822 
504 289 15 20 0.021446234 
502 253 10 13 0.021345228 
862 161 14 17 0.020712908 
486 269 14 17 0.020671574 
250 622 76 76 0.020661805 
997 220 21 32 0.020587243 
909 204 13 18 0.020428373 
501 243 12 14 0.020328142 
992 751 9 12 0.020180563 
