22_Picnic_Picnic_22_541
407
84 627 54 66 0.97773004 
84 347 15 20 0.45054176 
641 75 15 19 0.35451028 
969 114 11 15 0.22970213 
360 1109 12 15 0.2287206 
993 144 16 20 0.21799701 
7 362 12 14 0.18003158 
681 159 25 30 0.17042209 
709 283 10 12 0.16559736 
253 237 12 15 0.15735197 
551 103 10 13 0.14333719 
922 75 13 16 0.13836166 
749 52 10 13 0.1332017 
942 83 10 14 0.13175383 
545 140 10 13 0.12380395 
708 44 11 15 0.11692553 
553 108 12 15 0.11310791 
499 83 11 13 0.112058476 
598 94 11 13 0.11071026 
800 1163 36 43 0.10266976 
582 50 11 15 0.10201171 
788 85 11 15 0.09987068 
686 284 9 12 0.09419261 
751 1181 22 34 0.09123279 
494 191 10 12 0.08823216 
661 1252 11 13 0.081981525 
784 91 12 16 0.079279594 
49 355 11 14 0.07741277 
580 102 9 12 0.07456846 
463 158 8 11 0.07444603 
64 720 30 43 0.07298566 
936 83 12 15 0.072688274 
692 154 14 16 0.071281224 
575 42 12 16 0.07111067 
837 46 13 17 0.06869888 
487 157 9 12 0.06853318 
792 79 10 12 0.06771885 
685 155 13 14 0.06763837 
268 1094 10 13 0.06699049 
775 1304 11 12 0.06657357 
493 79 13 16 0.06652295 
317 180 10 12 0.065508425 
846 109 10 11 0.06535724 
504 156 10 12 0.06507079 
281 232 10 12 0.064777955 
653 1097 13 16 0.06371451 
905 844 16 18 0.06309193 
516 190 10 13 0.06299794 
213 261 12 15 0.06264466 
552 166 9 12 0.061641395 
431 1075 12 15 0.060632356 
843 46 14 16 0.058211535 
758 68 13 17 0.05801133 
200 1125 10 13 0.05741306 
759 1165 11 13 0.05637055 
916 890 14 18 0.056188807 
908 878 22 26 0.055108923 
800 115 11 14 0.054879934 
750 1181 14 20 0.054816157 
752 1304 9 10 0.05356733 
535 112 8 12 0.053185884 
886 140 9 13 0.05283421 
917 93 12 15 0.05093279 
103 334 10 13 0.050785836 
508 182 11 13 0.050700452 
84 318 11 14 0.050606336 
486 81 12 14 0.05034059 
56 253 13 14 0.049727652 
446 1125 13 17 0.049232233 
711 50 11 16 0.04856294 
918 83 12 15 0.048487067 
707 74 13 16 0.047911137 
886 874 11 14 0.047518294 
664 1071 8 11 0.047373533 
634 77 10 14 0.04733552 
948 82 10 13 0.046383772 
653 1170 14 16 0.046356868 
260 320 28 36 0.046097856 
313 196 16 18 0.046026826 
957 135 9 12 0.045907967 
609 1304 9 12 0.045462027 
312 1154 12 16 0.045131225 
787 97 12 15 0.04509665 
694 1071 8 10 0.045079533 
552 97 8 10 0.04459969 
941 70 9 12 0.044192728 
871 294 11 11 0.044061735 
1 362 9 14 0.044019494 
495 141 9 11 0.043329414 
681 153 10 12 0.043208666 
435 1084 13 17 0.043178603 
952 141 9 12 0.042920973 
728 285 10 11 0.04289461 
261 1105 11 15 0.04277213 
633 1128 62 68 0.042569824 
732 150 14 17 0.042318568 
796 77 9 11 0.042166393 
579 39 12 14 0.041980494 
851 44 15 17 0.041828185 
678 1075 9 12 0.041339625 
844 116 12 15 0.041321743 
448 1071 11 12 0.040702485 
262 305 13 17 0.0406029 
501 191 11 13 0.040423643 
891 858 13 15 0.04017414 
103 317 87 120 0.039966706 
684 147 22 27 0.039820153 
478 118 9 12 0.039670218 
773 286 9 11 0.03941409 
215 1134 8 11 0.03926806 
879 157 9 12 0.03914076 
935 143 9 13 0.03898868 
268 1100 11 15 0.03890772 
728 282 8 9 0.038771737 
684 126 9 12 0.038598288 
493 100 10 12 0.03858111 
462 1065 14 18 0.037657645 
604 95 11 13 0.037601385 
1013 91 9 13 0.037218288 
925 99 10 13 0.037183255 
7 369 12 16 0.037166566 
701 198 10 13 0.036704525 
632 1103 8 10 0.036396775 
680 131 10 13 0.036271773 
148 92 10 13 0.036144443 
247 243 11 15 0.03576753 
61 318 13 15 0.03575536 
615 1077 8 10 0.03560842 
933 149 11 14 0.0352488 
527 150 9 10 0.03501588 
652 82 11 15 0.034719255 
800 995 9 13 0.034704387 
157 368 12 17 0.03466107 
48 337 126 124 0.034528594 
681 285 8 12 0.034446236 
22 333 9 11 0.03426902 
766 1158 11 14 0.03414924 
756 1303 10 11 0.034042336 
53 903 8 10 0.03397991 
249 1085 12 16 0.0339689 
630 1109 9 10 0.033574153 
591 1255 8 10 0.03345123 
276 1120 26 34 0.033276875 
936 65 9 11 0.03322218 
285 228 11 15 0.033150014 
249 1079 10 12 0.03293724 
661 100 12 14 0.032803625 
826 990 8 11 0.032619946 
201 1118 9 13 0.032567944 
768 285 9 11 0.032340005 
967 142 10 12 0.032174896 
984 101 10 12 0.032087833 
725 37 10 13 0.03186238 
278 1126 14 21 0.031747166 
638 91 11 14 0.031498782 
959 150 11 13 0.03119073 
292 220 14 18 0.031003812 
604 102 11 13 0.030996136 
664 1076 9 11 0.030775193 
420 1112 14 18 0.030755835 
373 791 57 76 0.03059214 
558 156 10 12 0.030548157 
716 54 11 15 0.030524965 
573 1259 10 13 0.030514501 
935 90 12 15 0.030496817 
734 46 10 13 0.030292101 
143 1118 9 12 0.030171184 
708 1161 15 18 0.02997293 
519 142 10 11 0.029896861 
667 1253 11 13 0.029845435 
255 331 13 18 0.029834649 
254 1098 12 17 0.029834596 
673 1086 9 10 0.029752262 
557 94 10 12 0.029739983 
445 1005 13 15 0.029641816 
749 91 10 13 0.029599823 
58 259 12 13 0.029559592 
374 1046 14 16 0.029410236 
0 1130 10 18 0.02933981 
894 888 14 16 0.029323757 
723 149 16 19 0.02930774 
157 301 9 11 0.029011413 
847 103 10 12 0.028986536 
683 1254 12 14 0.02898505 
597 1255 9 10 0.028863098 
337 182 8 10 0.028802412 
944 140 9 11 0.028800633 
865 109 9 12 0.028673982 
902 83 10 13 0.028492352 
625 1110 8 10 0.02848537 
959 128 9 11 0.028453449 
871 208 10 11 0.02821007 
651 1156 15 17 0.028112432 
504 219 394 423 0.028055478 
251 1090 14 17 0.02804224 
609 1077 8 10 0.027997224 
30 354 11 15 0.027993025 
873 139 10 13 0.027988886 
871 109 9 13 0.027980141 
718 286 9 11 0.027972972 
757 1172 12 16 0.027940705 
705 1253 10 12 0.027835943 
749 59 12 15 0.02781822 
886 856 24 28 0.027788699 
805 1146 50 64 0.027758246 
960 111 10 13 0.027702333 
859 44 12 14 0.027693955 
736 68 11 14 0.027678732 
999 642 10 12 0.02759631 
444 293 28 30 0.027578797 
527 142 8 10 0.027542964 
871 630 11 13 0.027494919 
575 77 11 14 0.027489038 
590 30 9 11 0.027407207 
287 1090 11 16 0.02731409 
437 1129 12 17 0.027285485 
545 95 8 10 0.027242487 
615 1102 8 11 0.02721688 
452 1068 13 16 0.026966875 
307 187 24 30 0.026956659 
7 350 10 13 0.026880916 
879 139 10 13 0.026874317 
227 366 15 17 0.026842441 
137 97 101 153 0.02677952 
637 1102 9 11 0.02673564 
926 132 11 14 0.026707295 
306 291 13 15 0.026559735 
469 1085 12 14 0.026553996 
588 51 10 14 0.026539108 
951 156 9 11 0.026532665 
488 99 10 12 0.02651625 
728 44 11 14 0.02646392 
378 265 23 37 0.0263655 
537 141 9 11 0.026364177 
535 159 10 12 0.02631027 
206 1111 10 12 0.026228439 
991 119 9 12 0.026209587 
453 100 11 13 0.026136648 
638 1109 9 11 0.026131166 
671 1069 10 13 0.026016347 
752 1174 11 15 0.02595999 
673 1094 9 11 0.02584493 
109 637 41 55 0.02583606 
545 102 8 10 0.025728077 
643 89 13 15 0.025694134 
650 151 15 19 0.025674762 
607 13 9 11 0.025639107 
495 153 8 10 0.02559017 
142 1099 12 15 0.025369264 
615 93 9 13 0.025353558 
685 131 10 13 0.025343962 
804 992 10 12 0.02531101 
104 338 13 16 0.025286842 
654 244 9 12 0.025096698 
733 130 10 13 0.025025312 
128 372 135 119 0.024965864 
543 1253 9 11 0.024925739 
164 1101 11 14 0.02482091 
22 328 9 11 0.024797423 
1007 69 8 12 0.024792893 
927 221 9 12 0.024774844 
745 1172 39 51 0.02472948 
481 1195 8 11 0.024690429 
69 874 13 16 0.024677588 
91 343 13 17 0.024643203 
718 86 10 12 0.024618626 
687 204 13 15 0.024597194 
869 212 10 12 0.024592284 
13 351 10 12 0.024590978 
184 233 192 228 0.024545917 
672 1076 9 12 0.024520932 
173 355 10 13 0.02450013 
624 1103 8 10 0.024484335 
965 148 10 13 0.024406457 
633 91 10 15 0.024325471 
607 1127 9 11 0.024287488 
479 1137 13 18 0.02423542 
568 38 10 13 0.024222055 
890 301 14 14 0.024145002 
108 335 14 16 0.024144117 
548 99 21 26 0.024116877 
77 312 13 17 0.023996932 
396 229 10 14 0.023951095 
616 108 9 11 0.02394376 
957 141 10 13 0.023936665 
933 78 19 25 0.023911165 
626 122 24 32 0.023809025 
694 285 10 12 0.02380406 
143 1125 8 11 0.023803893 
695 281 8 9 0.023793928 
844 59 14 18 0.023792224 
808 983 8 9 0.023781866 
577 21 9 11 0.023777286 
1007 90 11 15 0.02369809 
615 1110 9 10 0.023659015 
694 198 13 16 0.02362117 
590 13 9 11 0.02359173 
915 220 12 14 0.023542555 
743 47 10 14 0.023540298 
678 292 10 12 0.02350178 
564 6 12 15 0.023494428 
723 9 14 18 0.023463504 
799 976 7 9 0.02343081 
712 1068 9 11 0.023328416 
720 36 9 13 0.023239553 
967 136 10 13 0.023215817 
458 157 9 11 0.023168828 
468 159 9 12 0.023130724 
719 147 25 32 0.023089629 
494 91 12 15 0.023080612 
656 1087 10 12 0.023002764 
759 286 9 10 0.022949778 
877 629 11 14 0.022935102 
182 299 9 11 0.022903346 
384 207 8 10 0.022866543 
315 176 9 11 0.02283839 
644 75 21 25 0.022833325 
23 356 10 14 0.022793604 
907 867 13 15 0.02263803 
902 253 10 11 0.022615863 
895 149 11 13 0.022519903 
893 883 24 26 0.022519685 
741 66 12 15 0.022511037 
510 192 14 16 0.022508007 
711 59 12 16 0.022468247 
365 237 10 13 0.02241592 
913 84 10 15 0.022356026 
613 13 9 11 0.022342302 
534 150 9 11 0.022296473 
655 302 9 10 0.02222868 
641 1255 9 11 0.022207512 
485 1197 8 9 0.022154894 
457 191 7 11 0.022154175 
752 983 8 10 0.022100065 
567 31 9 11 0.022072049 
885 158 10 13 0.022010772 
567 245 10 14 0.021943169 
990 126 11 12 0.021910792 
915 703 64 61 0.021773575 
671 285 9 12 0.021759847 
892 141 9 13 0.021756962 
622 1143 11 13 0.021756252 
792 73 11 13 0.021740165 
720 1148 10 12 0.02167622 
957 964 10 12 0.021662224 
959 1204 54 74 0.021649363 
814 983 8 10 0.021640062 
537 1288 8 11 0.021542791 
745 280 8 9 0.021534815 
871 103 10 11 0.021527281 
623 253 9 12 0.021480648 
638 303 10 11 0.021405667 
254 1078 11 13 0.021385696 
583 32 9 10 0.021340178 
607 1132 8 11 0.02131607 
234 1126 96 152 0.02131353 
18 334 8 10 0.021229312 
152 311 9 12 0.021204397 
537 135 10 12 0.021178335 
268 1087 12 15 0.021134887 
17 328 8 10 0.02111646 
768 242 11 15 0.021105066 
900 884 13 17 0.020997714 
797 91 11 14 0.020978421 
17 342 8 10 0.020961836 
354 1099 21 26 0.020959973 
732 286 10 11 0.020951306 
584 57 11 14 0.020919384 
581 75 11 16 0.020902531 
219 259 12 15 0.02084788 
535 165 10 12 0.020837396 
229 223 12 15 0.020830857 
902 614 10 12 0.020808008 
559 150 10 13 0.020776965 
726 86 10 12 0.020747595 
250 233 21 24 0.020721989 
949 101 10 13 0.020710584 
337 176 8 10 0.020705456 
781 92 20 25 0.0206904 
909 645 11 13 0.020654911 
822 643 10 11 0.020631747 
331 289 13 17 0.020631054 
253 1259 62 64 0.020630509 
657 1070 9 11 0.020577166 
639 1261 9 11 0.020547448 
607 1119 8 11 0.020539781 
893 136 9 11 0.020517457 
629 303 11 12 0.020479787 
831 974 8 9 0.020477533 
659 1002 13 16 0.020472728 
606 107 10 13 0.020425824 
184 1106 10 15 0.020415323 
503 142 8 10 0.020391887 
575 32 10 11 0.02036458 
509 153 10 13 0.02032514 
451 109 11 13 0.020283401 
575 95 10 15 0.020185605 
580 293 11 12 0.020178225 
528 1254 9 12 0.020175757 
541 134 20 25 0.020164048 
245 1291 11 16 0.02010417 
796 85 11 14 0.020103442 
363 1068 13 15 0.0201027 
791 263 127 99 0.020083165 
912 87 19 27 0.020082239 
703 39 19 25 0.020044757 
480 93 10 13 0.020031882 
