50_Celebration_Or_Party_houseparty_50_410
17
486 100 133 194 0.9990633 
934 262 52 66 0.9585503 
59 226 222 369 0.4811245 
767 590 50 73 0.121567525 
-88 709 433 559 0.07575673 
343 1416 31 34 0.07462547 
35 153 182 280 0.0593692 
802 239 87 131 0.04805845 
11 163 120 216 0.045643985 
421 629 390 511 0.041559488 
784 1212 239 241 0.034393642 
911 253 53 74 0.03217106 
248 1252 226 261 0.03111488 
522 389 188 276 0.024257885 
687 962 407 513 0.023896612 
839 258 50 85 0.023392532 
486 1482 73 58 0.023238542 
