50_Celebration_Or_Party_birthdayparty_50_213
35
416 273 113 147 0.99899477 
585 230 109 144 0.99873716 
202 329 102 132 0.9986526 
689 219 102 157 0.99862826 
105 180 109 149 0.9981225 
923 437 91 148 0.9974164 
-1 437 36 87 0.20624793 
921 10 91 152 0.19622618 
303 87 59 69 0.12502591 
858 374 149 217 0.07343128 
1010 368 13 23 0.064090855 
367 82 56 65 0.05750909 
693 230 168 223 0.04910355 
980 273 17 20 0.0436834 
1009 279 14 22 0.039626174 
971 300 17 22 0.037092287 
963 62 54 98 0.034334745 
867 461 90 134 0.032469396 
991 -5 33 60 0.031681005 
781 590 12 14 0.03152 
953 336 17 21 0.030972466 
373 250 33 47 0.03006224 
874 32 106 131 0.02902886 
142 259 153 154 0.02806187 
548 81 71 73 0.02710259 
289 53 100 124 0.024446024 
413 239 60 64 0.02443355 
325 75 62 73 0.023258384 
509 81 123 141 0.023140786 
373 260 46 71 0.022706062 
222 280 88 125 0.022504741 
621 199 143 179 0.022494439 
245 277 58 76 0.021380696 
574 79 27 40 0.021006096 
614 135 355 461 0.02096141 
