50_Celebration_Or_Party_birthdayparty_50_249
45
661 187 51 69 0.99892104 
150 274 59 67 0.9966461 
806 189 61 73 0.993251 
577 236 49 64 0.9922161 
351 267 55 62 0.98844016 
588 158 27 41 0.58609664 
520 122 49 65 0.1859092 
41 468 338 469 0.105907194 
583 89 55 53 0.092847936 
120 506 184 313 0.06836208 
15 93 111 144 0.06630118 
752 42 11 15 0.061997306 
759 27 11 13 0.06137437 
546 123 51 60 0.05793348 
546 131 29 40 0.053574197 
788 525 39 48 0.044993848 
142 211 40 50 0.043773107 
202 586 56 87 0.04298166 
192 559 114 191 0.04224284 
201 232 27 35 0.036170907 
587 113 54 59 0.03572215 
508 103 86 104 0.03337757 
525 255 41 58 0.032447536 
316 419 96 156 0.032182604 
908 67 13 16 0.030318994 
131 203 27 32 0.030132888 
212 225 28 39 0.028980926 
239 258 40 51 0.028392525 
158 209 16 23 0.027783325 
756 38 11 15 0.026885046 
850 532 30 35 0.026866581 
648 261 299 482 0.026764052 
609 101 31 35 0.026690038 
540 66 104 114 0.025701173 
124 216 42 54 0.025693007 
558 138 32 37 0.025532326 
747 331 177 307 0.025425872 
574 148 30 37 0.022875711 
377 243 50 62 0.022252776 
626 709 35 41 0.021705769 
4 82 192 231 0.02166508 
548 138 15 23 0.021641573 
953 54 9 11 0.02152478 
320 365 172 294 0.020106763 
957 53 10 12 0.020022351 
