50_Celebration_Or_Party_birthdayparty_50_283
118
246 372 52 75 0.99841213 
595 309 35 44 0.9968528 
810 178 36 44 0.9963206 
121 457 61 80 0.9948881 
655 169 37 48 0.99484634 
888 295 27 40 0.99245995 
17 468 69 102 0.98594695 
362 356 34 48 0.98377454 
439 271 25 34 0.9755584 
457 312 24 27 0.9692486 
464 351 33 46 0.90404624 
769 334 39 50 0.78775495 
774 474 54 65 0.72551584 
853 233 23 29 0.4397182 
385 239 17 21 0.24460581 
482 259 18 21 0.22362892 
123 113 47 72 0.19459413 
620 189 25 29 0.14722347 
721 231 23 33 0.13278854 
769 467 39 49 0.13270311 
179 113 48 68 0.13008979 
850 454 62 92 0.12862523 
719 303 25 33 0.105690725 
747 291 22 31 0.10356508 
863 455 98 123 0.089349076 
646 323 15 19 0.08752171 
763 466 27 38 0.080610245 
728 314 25 30 0.05947791 
484 183 16 23 0.059305813 
33 203 11 14 0.053370148 
449 268 17 24 0.050701234 
787 238 23 27 0.047986686 
455 201 11 16 0.047851793 
908 511 104 114 0.04782658 
751 485 60 74 0.047368564 
677 513 55 75 0.04503076 
859 230 15 18 0.043621242 
604 201 11 15 0.041156445 
462 204 12 16 0.040914163 
449 199 9 13 0.040259033 
459 191 21 30 0.03921552 
492 178 14 22 0.037167657 
877 305 25 35 0.037159793 
449 353 28 36 0.036847033 
890 374 38 47 0.036783505 
196 134 50 72 0.036491923 
428 251 13 17 0.03543248 
787 485 65 71 0.033144943 
159 68 9 12 0.032043703 
424 247 11 14 0.031979706 
567 404 26 32 0.03196733 
832 460 185 176 0.03181864 
466 184 16 22 0.031560905 
456 274 16 23 0.0315146 
469 218 13 18 0.031377524 
732 299 27 30 0.031297985 
479 212 12 17 0.0312797 
535 465 12 14 0.030905327 
759 341 26 37 0.03084511 
295 236 11 13 0.030445646 
114 505 53 71 0.029849863 
75 473 53 72 0.029127816 
336 461 30 34 0.029076606 
383 223 23 27 0.028942531 
427 257 15 20 0.028808855 
157 486 34 46 0.02852396 
492 193 12 17 0.02827106 
300 243 14 18 0.027749864 
128 535 31 40 0.027168445 
153 125 53 72 0.026683288 
484 213 12 16 0.02662218 
989 280 10 12 0.026530216 
733 503 59 71 0.02626494 
476 185 17 20 0.0261833 
373 242 14 18 0.025802825 
312 335 11 14 0.025272036 
990 285 10 13 0.02496226 
468 194 13 18 0.024769029 
476 225 13 17 0.024667615 
269 391 35 53 0.024515776 
123 255 33 38 0.024467777 
428 198 12 15 0.024243986 
902 476 73 83 0.024199784 
127 80 50 71 0.024198635 
497 469 10 12 0.024183303 
500 185 12 17 0.02416887 
556 476 12 13 0.024098901 
365 217 24 29 0.024001636 
428 279 26 33 0.023864506 
659 323 15 19 0.023713581 
503 484 13 15 0.023533832 
584 198 9 12 0.023328839 
705 278 37 47 0.023164753 
568 469 12 15 0.023069976 
793 452 88 94 0.023060767 
325 468 29 34 0.022860393 
156 133 83 114 0.02202434 
607 190 10 12 0.022024248 
476 203 13 17 0.021973845 
817 468 109 122 0.021735396 
464 206 23 28 0.021712549 
760 352 14 21 0.021677073 
455 187 10 15 0.021368269 
491 217 13 16 0.021322092 
615 194 14 18 0.0212251 
266 250 16 19 0.020777026 
803 509 71 84 0.020655276 
631 186 17 21 0.020591542 
869 306 14 19 0.020560093 
881 305 38 53 0.02052578 
509 234 11 14 0.020388925 
613 194 24 29 0.020365452 
210 267 415 453 0.020357236 
956 279 10 13 0.020205298 
470 197 24 29 0.020151816 
411 188 11 14 0.020096967 
370 348 372 388 0.020058801 
381 121 15 18 0.020011337 
