50_Celebration_Or_Party_birthdayparty_50_18
88
232 375 25 34 0.99280155 
848 375 24 35 0.9860364 
761 398 21 34 0.9561571 
133 404 25 35 0.9312071 
806 346 22 27 0.93014824 
639 336 20 27 0.9123857 
335 366 22 29 0.903705 
544 352 20 26 0.8871344 
612 344 21 28 0.8795037 
665 396 19 33 0.8468567 
719 335 18 24 0.767397 
674 406 16 24 0.34059492 
467 356 16 22 0.34053135 
636 260 18 22 0.26383764 
925 374 23 26 0.18988957 
468 376 15 20 0.15290053 
379 373 14 18 0.13334817 
621 340 23 28 0.13161138 
396 371 17 22 0.10241405 
530 432 27 30 0.100820616 
534 204 13 14 0.0827605 
554 314 26 33 0.07855308 
114 414 29 29 0.07416796 
797 335 36 43 0.07313178 
314 369 429 410 0.06976842 
386 198 10 13 0.06775563 
462 362 21 29 0.06706685 
778 309 27 32 0.065361954 
824 340 24 32 0.06296033 
552 332 23 30 0.06147569 
749 401 25 32 0.05996019 
453 353 22 28 0.059905402 
710 336 22 28 0.056602187 
572 203 26 31 0.05159375 
701 289 17 20 0.050512906 
218 31 424 502 0.04909351 
463 256 383 453 0.04670878 
399 210 12 17 0.044789445 
834 379 30 35 0.043902382 
281 449 23 36 0.04087539 
276 200 12 15 0.040620927 
651 389 28 37 0.039187353 
533 210 16 18 0.039001144 
-31 3 459 493 0.03740807 
772 301 27 30 0.036101867 
350 202 11 14 0.034675676 
214 401 21 32 0.034598082 
125 323 359 480 0.032843415 
775 408 18 22 0.03274951 
789 322 29 39 0.03215473 
859 363 17 21 0.03093421 
338 357 17 21 0.0304334 
540 339 22 31 0.027428232 
821 356 38 47 0.027237093 
561 354 17 20 0.027065936 
803 339 20 24 0.027012924 
144 402 18 28 0.026437119 
123 408 42 47 0.026177257 
476 349 13 19 0.025060145 
568 240 27 32 0.024799064 
680 414 16 19 0.024427054 
362 613 32 32 0.024367888 
789 377 23 30 0.024138886 
812 367 29 31 0.023748513 
526 440 19 20 0.023191316 
453 367 15 20 0.023174006 
854 365 26 36 0.022902768 
537 198 53 52 0.02263745 
237 377 39 49 0.022621786 
354 365 15 19 0.022455178 
379 284 27 32 0.022287859 
582 402 15 17 0.021932373 
326 193 10 11 0.021660535 
555 259 14 21 0.02153766 
864 388 16 24 0.021501267 
733 363 15 19 0.020891404 
563 320 15 20 0.020779759 
415 426 35 37 0.020742502 
793 318 18 22 0.020574674 
802 372 24 31 0.020493366 
156 195 11 15 0.020474559 
532 211 25 28 0.02045571 
515 376 17 21 0.020365974 
786 436 17 22 0.02035344 
797 466 12 14 0.02034227 
558 360 26 31 0.020252056 
808 354 28 32 0.020198863 
318 500 17 21 0.020139197 
