50_Celebration_Or_Party_birthdayparty_50_75
179
176 596 32 40 0.99766195 
56 459 30 34 0.9912832 
238 385 29 36 0.98970795 
235 454 31 38 0.9847611 
119 605 26 31 0.9842056 
408 206 85 100 0.98326117 
115 384 27 31 0.980775 
179 384 29 36 0.9687561 
664 124 25 29 0.9403273 
158 473 15 19 0.9244382 
771 448 187 237 0.4916208 
581 386 23 27 0.4532301 
181 474 16 21 0.39594463 
937 534 62 65 0.23203023 
50 599 33 43 0.2084249 
0 139 42 75 0.19206564 
319 348 44 58 0.16409034 
369 409 20 22 0.16228536 
570 236 52 53 0.13172144 
542 395 9 12 0.11293651 
311 484 220 271 0.112587415 
625 222 404 514 0.112033606 
59 388 16 18 0.11031131 
540 468 11 14 0.09626019 
926 523 89 117 0.090785205 
60 531 26 29 0.08937301 
411 457 15 19 0.07570926 
823 398 9 12 0.0750072 
300 415 14 18 0.074715346 
976 477 18 22 0.07433856 
952 536 37 39 0.071112186 
645 161 15 17 0.070914604 
638 181 32 35 0.06532339 
471 497 24 29 0.061943028 
691 454 15 22 0.059131864 
236 324 390 507 0.05886861 
496 429 10 14 0.056230836 
53 385 26 31 0.05545755 
492 414 9 11 0.055077758 
588 473 12 15 0.054365788 
700 436 11 15 0.053803787 
598 468 12 16 0.052699532 
700 161 15 18 0.049892873 
860 510 114 125 0.04974611 
761 436 16 19 0.04762241 
765 492 120 143 0.046311375 
411 444 29 36 0.045683473 
537 462 10 13 0.043126237 
549 396 8 12 0.042906087 
44 705 14 18 0.042665035 
434 448 29 38 0.042126212 
612 418 12 14 0.041859623 
938 496 52 60 0.04079161 
872 364 9 12 0.039857686 
595 202 15 17 0.03973125 
892 566 20 21 0.03868708 
745 607 16 18 0.03862551 
551 246 61 63 0.038518425 
508 613 29 44 0.03744339 
1007 403 11 15 0.037304603 
898 449 28 36 0.036873896 
503 404 9 12 0.036742147 
760 555 20 21 0.03673329 
612 461 47 65 0.03664986 
478 648 60 68 0.03628723 
502 446 10 13 0.035964023 
142 492 14 17 0.034455627 
401 450 26 30 0.033179343 
179 488 16 21 0.03312569 
340 398 47 59 0.032895774 
519 404 10 13 0.03281177 
589 379 24 29 0.03262611 
517 443 11 13 0.032334886 
381 490 34 40 0.03202807 
421 514 30 41 0.031954 
49 701 16 18 0.031850208 
470 456 16 21 0.0314941 
878 364 9 12 0.031293567 
517 455 10 13 0.031258658 
694 160 26 32 0.031121492 
352 409 12 14 0.031069616 
678 385 227 288 0.030581826 
310 540 14 18 0.030043527 
853 470 186 244 0.0299357 
311 367 42 54 0.029692356 
549 444 13 15 0.029659893 
607 238 30 34 0.029305082 
749 171 11 15 0.029288545 
551 452 12 15 0.029157173 
236 491 13 19 0.029069372 
389 453 46 51 0.028731525 
902 505 13 18 0.02864764 
886 551 36 37 0.02862202 
757 523 18 18 0.028482942 
300 452 24 30 0.02844807 
756 156 11 13 0.02836983 
706 159 15 17 0.028254228 
536 388 12 15 0.02816237 
494 407 10 13 0.027705992 
478 709 34 41 0.027693238 
751 119 11 16 0.027555712 
414 601 126 131 0.027457355 
491 357 389 457 0.02737483 
956 397 13 17 0.027229017 
327 499 39 49 0.027125405 
170 466 24 28 0.027111867 
494 422 11 15 0.026946273 
865 549 67 72 0.026860468 
642 156 23 28 0.026570195 
616 471 30 38 0.026477624 
938 476 29 34 0.026434932 
565 473 11 15 0.026401564 
591 241 31 32 0.026337346 
556 460 13 16 0.026120193 
789 206 9 10 0.026066808 
1004 487 19 23 0.025979217 
272 698 13 17 0.02589302 
389 202 66 79 0.025710259 
740 497 13 17 0.025708014 
501 379 10 13 0.025524974 
331 334 55 62 0.025316974 
123 474 23 27 0.025210788 
589 222 55 62 0.025033316 
496 379 9 13 0.024894502 
942 426 12 15 0.024746561 
753 543 32 36 0.024563506 
750 524 37 39 0.024461223 
620 447 13 18 0.024453482 
500 436 11 13 0.024448643 
387 543 109 129 0.024295809 
599 435 12 16 0.024109405 
718 486 100 108 0.024002109 
932 465 14 18 0.023984127 
548 427 12 14 0.023939239 
512 458 12 14 0.023903297 
1006 410 14 19 0.023850078 
164 498 14 15 0.023726478 
157 456 21 27 0.023583136 
982 398 14 16 0.023496475 
298 399 22 31 0.023124687 
927 466 29 35 0.023041923 
567 435 25 31 0.022952318 
695 159 14 18 0.022927165 
886 362 10 12 0.022924643 
175 477 14 17 0.022755018 
300 435 11 15 0.022754394 
589 461 13 15 0.022701481 
281 523 25 28 0.022677254 
508 402 11 13 0.022578543 
512 364 8 10 0.022573076 
952 399 11 13 0.02254945 
27 522 238 246 0.02243151 
479 0 8 8 0.02242172 
510 360 8 10 0.02235505 
828 536 27 30 0.022225743 
694 478 48 61 0.02175514 
681 130 16 22 0.021697907 
418 632 56 59 0.02163 
405 615 14 17 0.021505222 
509 422 10 12 0.021425892 
13 124 38 52 0.021353008 
598 426 21 27 0.021341575 
838 387 13 16 0.021215653 
415 521 48 52 0.021174798 
467 477 30 37 0.021026658 
837 359 11 13 0.020997982 
357 409 14 16 0.020883728 
491 610 33 37 0.020809008 
396 521 33 36 0.020799365 
613 434 14 18 0.020777011 
573 472 12 16 0.020756233 
504 617 47 62 0.020655748 
325 523 29 34 0.020631475 
502 423 10 13 0.02054107 
844 382 11 14 0.02022801 
475 649 16 21 0.020209944 
877 339 14 18 0.020147098 
772 442 13 16 0.020103829 
676 445 23 33 0.020081703 
