50_Celebration_Or_Party_houseparty_50_19
75
520 397 37 47 0.99387866 
134 376 40 51 0.9837467 
866 430 39 49 0.9481958 
654 444 30 43 0.86293656 
405 434 22 35 0.7300939 
453 425 21 27 0.66907334 
212 419 31 50 0.62085503 
596 350 24 30 0.36080417 
463 424 24 31 0.15404893 
746 489 15 21 0.14990146 
582 675 11 15 0.1373594 
715 481 15 19 0.11623609 
620 378 15 18 0.11163111 
787 437 17 21 0.105700746 
766 433 16 23 0.10457089 
703 476 24 28 0.10316153 
449 352 15 18 0.09831503 
25 57 106 164 0.0850251 
416 432 16 26 0.070572264 
776 435 22 26 0.06677547 
664 458 30 40 0.05645213 
150 382 45 59 0.05607204 
388 436 25 30 0.055296626 
419 426 25 32 0.05231941 
675 283 14 17 0.051174387 
794 438 15 23 0.050516706 
265 477 16 19 0.048187856 
641 456 42 55 0.047809806 
622 355 12 16 0.04675946 
115 1 416 526 0.045791708 
850 436 49 65 0.045428544 
580 680 13 19 0.045226328 
591 690 11 16 0.041264847 
770 428 19 23 0.03946178 
60 581 11 15 0.03913464 
548 459 27 38 0.038782164 
269 374 214 286 0.0383573 
123 377 31 44 0.033906117 
156 369 28 37 0.032994274 
638 341 9 13 0.032307655 
685 466 13 19 0.03188464 
191 424 43 57 0.03146297 
510 728 31 37 0.03131357 
614 367 21 26 0.029042901 
228 427 25 37 0.028578715 
611 360 16 20 0.02849684 
326 353 43 63 0.02839251 
521 670 10 13 0.027597683 
375 432 25 34 0.02606388 
654 330 10 13 0.025776558 
670 277 13 16 0.02575484 
459 401 41 55 0.025725268 
475 430 19 24 0.025635958 
707 494 15 19 0.024448847 
636 370 14 18 0.024401892 
454 351 47 63 0.024320863 
638 335 10 12 0.02418048 
268 192 255 328 0.024081115 
116 263 16 18 0.023475118 
550 371 25 34 0.023427226 
659 358 16 18 0.023204375 
130 73 258 332 0.023099823 
174 395 43 57 0.023034323 
171 375 14 20 0.0227238 
420 532 17 19 0.022468654 
985 372 41 68 0.02232133 
753 510 24 32 0.022315629 
640 347 11 15 0.021974126 
601 364 18 24 0.021968378 
468 348 15 18 0.021883577 
674 473 25 32 0.020532185 
587 360 24 29 0.020526806 
677 348 12 14 0.020487143 
460 348 15 18 0.02036849 
432 430 17 21 0.020176975 
