50_Celebration_Or_Party_birthdayparty_50_144
35
308 313 152 184 0.9953863 
588 37 67 82 0.35179663 
170 30 60 103 0.26111463 
510 344 244 242 0.21412313 
749 74 47 63 0.11520237 
639 660 147 186 0.05438452 
806 172 191 195 0.04884627 
517 226 370 426 0.04858675 
464 583 335 454 0.045921806 
381 652 65 55 0.03679448 
339 673 12 15 0.03499087 
347 635 112 107 0.03421221 
41 935 55 75 0.030867366 
44 350 70 78 0.030334402 
139 149 202 214 0.028985944 
381 725 13 16 0.02602399 
389 654 33 37 0.025072105 
79 952 61 68 0.024722086 
126 26 89 117 0.024317278 
181 66 66 86 0.023988402 
285 264 111 152 0.023895513 
176 63 38 58 0.02376729 
596 45 88 115 0.023018217 
317 687 10 12 0.022747833 
0 -4 36 38 0.022687484 
576 502 216 279 0.022595802 
327 675 9 12 0.022468688 
7 -1 58 43 0.022397175 
240 618 96 120 0.021430736 
730 43 74 108 0.021055672 
310 645 9 11 0.020920947 
336 668 13 16 0.020808961 
376 656 29 34 0.020592324 
328 687 10 14 0.020503888 
325 667 11 15 0.020059323 
