50_Celebration_Or_Party_houseparty_50_788
37
82 79 37 48 0.99326634 
246 116 37 43 0.98625815 
659 97 33 40 0.9805252 
410 110 39 47 0.97098285 
761 147 31 40 0.94414186 
543 137 30 38 0.76630867 
453 322 32 44 0.2605236 
456 234 26 34 0.14955486 
838 131 31 40 0.08040833 
289 375 43 65 0.055560585 
115 66 30 36 0.050245572 
927 149 34 44 0.04908059 
628 434 32 40 0.048959896 
574 159 17 20 0.044009563 
548 136 15 18 0.039884664 
321 437 29 38 0.037437946 
161 392 112 143 0.035996996 
783 63 31 39 0.033659212 
301 344 51 71 0.033455446 
358 282 24 29 0.032294057 
71 75 33 43 0.031472623 
372 307 26 37 0.031171724 
368 442 41 55 0.02613902 
435 358 26 40 0.026039258 
636 81 48 54 0.025877723 
102 76 43 52 0.024409158 
786 49 27 37 0.023376448 
828 197 43 54 0.022627005 
602 158 15 21 0.02233342 
582 149 43 52 0.021645958 
157 112 16 20 0.021620063 
461 257 26 32 0.021609912 
554 147 31 34 0.021372337 
394 86 49 63 0.02128145 
515 282 16 21 0.020977631 
162 105 15 21 0.020540835 
58 99 343 467 0.020245949 
