50_Celebration_Or_Party_houseparty_50_645
22
619 346 18 23 0.7909336 
639 360 19 29 0.692796 
638 357 13 20 0.074354894 
422 207 13 19 0.07031416 
659 362 14 20 0.04971704 
413 207 13 19 0.043181118 
421 196 15 20 0.041504655 
403 174 11 14 0.038641725 
628 346 23 29 0.035417635 
563 1 408 538 0.034337416 
412 195 13 17 0.033590797 
52 51 436 500 0.030521955 
552 22 12 15 0.029814485 
629 366 17 22 0.027108746 
584 397 53 64 0.02615728 
625 370 50 77 0.025229752 
438 209 12 18 0.021532893 
448 238 9 12 0.02150366 
650 361 17 23 0.02142787 
584 307 123 154 0.02089314 
637 350 12 18 0.02023606 
244 678 93 98 0.020227626 
