50_Celebration_Or_Party_birthdayparty_50_196
54
191 330 324 448 0.9979837 
72 1582 134 162 0.41175652 
182 1078 72 75 0.34932658 
909 1538 54 89 0.22719456 
120 179 92 112 0.17243671 
887 1060 58 86 0.13338016 
98 1494 225 288 0.10330506 
756 1538 12 16 0.09975602 
810 1045 105 116 0.0960573 
1010 592 13 17 0.094729096 
156 2079 31 31 0.09443594 
832 602 13 18 0.089495674 
113 1817 71 70 0.07339474 
253 1083 58 77 0.06893014 
978 588 14 19 0.059953358 
79 1599 77 91 0.058032937 
422 1672 71 63 0.055427514 
44 1475 393 466 0.052445013 
90 1826 61 63 0.050086685 
284 1756 12 14 0.048796877 
639 1213 50 69 0.04432162 
326 1661 71 76 0.039979704 
908 1556 88 125 0.037815683 
829 1551 23 30 0.036169935 
-13 760 124 178 0.035490975 
120 1189 226 279 0.03337047 
723 1143 28 35 0.03227089 
856 1795 29 39 0.031279612 
285 1558 50 57 0.03020612 
389 1671 117 97 0.028733293 
310 1016 197 255 0.027021922 
315 -4 147 158 0.026768466 
548 1372 368 451 0.026744924 
798 1053 69 82 0.02646803 
246 1709 118 123 0.025691012 
63 2048 36 39 0.025147915 
294 1546 15 18 0.024953976 
509 766 226 221 0.024573183 
211 1068 83 96 0.024284756 
728 1142 13 16 0.023934888 
661 636 11 13 0.023897147 
105 1325 122 138 0.023455398 
288 1656 119 130 0.023290005 
753 1544 22 29 0.023221172 
917 1606 58 77 0.023101158 
806 2120 13 13 0.022629833 
334 1640 224 185 0.022114841 
262 1740 64 65 0.022087421 
173 158 454 472 0.02194666 
894 1773 49 51 0.021703487 
113 1793 111 117 0.020940404 
86 1599 41 44 0.020667925 
697 1095 103 119 0.020225056 
714 1130 62 70 0.020214017 
