50_Celebration_Or_Party_houseparty_50_609
450
216 348 63 82 0.9992016 
143 258 39 47 0.9882289 
213 214 31 44 0.9834157 
410 231 28 40 0.98157734 
287 246 41 49 0.97520477 
890 175 18 24 0.9667412 
994 254 28 49 0.9646883 
473 180 27 36 0.95910835 
842 192 22 28 0.92026275 
635 167 14 19 0.87383455 
127 238 27 35 0.86476874 
765 188 22 27 0.8582379 
802 213 17 24 0.8363751 
820 165 11 15 0.7797906 
84 225 22 31 0.766922 
305 325 49 80 0.6868134 
674 193 20 29 0.6837881 
533 126 9 12 0.6439917 
786 155 14 18 0.5588497 
585 247 43 56 0.52669317 
520 157 12 14 0.49540663 
738 152 16 21 0.48814088 
857 228 19 27 0.43672964 
79 344 39 64 0.4231997 
872 172 12 16 0.41439778 
995 121 13 15 0.4031066 
277 190 23 27 0.3948012 
424 54 9 13 0.39414144 
542 284 59 59 0.36642992 
710 190 16 22 0.35562027 
269 181 16 20 0.3417775 
658 261 30 38 0.3299453 
835 133 12 15 0.31902346 
831 173 11 14 0.3069397 
402 149 10 13 0.28843978 
571 147 12 16 0.2846595 
360 177 15 19 0.27393517 
444 121 15 20 0.27225107 
535 130 12 14 0.27059406 
329 201 21 32 0.2618385 
222 194 23 28 0.25441244 
444 165 13 17 0.24810438 
174 165 12 17 0.22303593 
526 178 14 20 0.22271103 
955 208 17 20 0.20831871 
962 190 16 21 0.1912059 
352 186 23 32 0.18120377 
139 198 14 18 0.18078642 
866 225 19 23 0.1645331 
130 233 19 23 0.16390303 
582 130 11 16 0.1636036 
538 271 40 55 0.15624183 
973 232 15 21 0.15449023 
813 194 13 16 0.15282805 
359 43 14 18 0.15198591 
360 26 10 15 0.15168376 
342 193 26 33 0.15110576 
182 213 17 24 0.15011078 
524 153 12 15 0.15000539 
469 150 12 16 0.14178652 
189 178 13 19 0.1357296 
260 3 12 14 0.13134716 
870 276 28 49 0.13035218 
340 161 15 19 0.1301709 
455 59 11 15 0.12873986 
133 243 38 44 0.12794322 
846 133 10 13 0.12478515 
540 202 15 19 0.12435108 
357 193 14 19 0.12250987 
586 70 9 12 0.12148365 
538 154 14 16 0.1199673 
577 124 11 15 0.11740273 
866 476 57 76 0.11731471 
134 228 27 32 0.11481599 
161 194 16 19 0.112359926 
549 166 11 15 0.11218577 
550 69 9 11 0.11130604 
890 134 9 13 0.11008569 
332 192 24 31 0.10869691 
588 168 11 16 0.107197575 
623 76 10 14 0.105767235 
518 67 9 12 0.10436169 
341 187 12 15 0.10191005 
732 158 15 20 0.10113967 
599 192 12 17 0.09747537 
929 126 12 14 0.09564086 
427 52 11 14 0.09516642 
647 121 11 15 0.09197283 
849 651 25 31 0.08992365 
604 227 16 24 0.08829088 
836 177 11 15 0.087474585 
152 187 12 15 0.08523686 
389 34 10 14 0.08422255 
663 195 24 28 0.083791755 
599 146 13 19 0.08365582 
567 143 11 15 0.08047012 
326 18 11 16 0.080123015 
389 192 14 19 0.07923537 
658 257 18 21 0.0780597 
874 173 19 25 0.07689786 
289 349 51 82 0.0734652 
893 140 11 15 0.07330358 
71 227 27 30 0.07268244 
661 126 13 16 0.07137101 
327 40 13 17 0.070919976 
644 201 13 17 0.07052736 
562 189 13 16 0.0702981 
664 76 12 17 0.07014024 
157 187 14 18 0.069168635 
583 75 9 13 0.06872693 
325 159 9 13 0.06745401 
391 49 13 16 0.06724449 
445 187 14 19 0.066381276 
586 61 8 12 0.06566113 
988 135 14 18 0.06541274 
794 163 12 15 0.06442868 
416 60 11 15 0.06430996 
348 200 15 20 0.06408193 
396 237 28 36 0.06400066 
423 46 10 14 0.063906536 
718 231 29 35 0.063642785 
460 55 10 14 0.06334795 
907 178 14 21 0.062271286 
686 189 24 30 0.061641738 
590 61 9 13 0.0611481 
543 162 13 16 0.06080743 
772 134 10 14 0.059824727 
557 193 14 18 0.058166742 
827 167 11 16 0.057640683 
222 148 11 14 0.057449717 
464 152 14 20 0.0572049 
266 186 12 16 0.057046033 
295 30 13 18 0.05684536 
998 197 24 36 0.05626786 
347 176 22 26 0.056190778 
949 186 23 29 0.055460334 
846 164 12 15 0.055377863 
143 198 22 25 0.05503028 
232 8 26 30 0.05488567 
519 183 15 22 0.054808434 
698 190 24 28 0.054720428 
438 116 14 19 0.05466294 
143 218 26 29 0.05445085 
796 178 16 19 0.054019306 
543 76 10 12 0.05388025 
827 229 21 30 0.05367645 
486 46 9 12 0.053611908 
274 183 20 22 0.053052016 
806 194 15 17 0.052719165 
292 171 14 17 0.052598204 
405 375 97 127 0.052083805 
364 36 12 18 0.051966846 
549 195 13 17 0.05185395 
682 261 111 137 0.05150594 
844 138 12 14 0.051426027 
261 23 15 19 0.051105324 
523 296 58 75 0.050612852 
243 228 23 33 0.050349187 
598 239 28 42 0.05000052 
552 65 8 10 0.049691264 
744 148 16 23 0.049439136 
880 154 12 15 0.04934334 
805 207 14 17 0.049206022 
885 149 12 15 0.048873745 
173 158 19 28 0.048632253 
51 208 13 19 0.04860977 
852 132 10 12 0.048549253 
652 146 14 19 0.048518393 
604 142 11 15 0.048158765 
589 210 26 37 0.048068758 
804 123 12 14 0.047724426 
923 155 14 17 0.047498688 
716 189 20 27 0.047496516 
518 51 10 13 0.047040805 
493 54 12 13 0.04691382 
754 191 27 31 0.046879396 
674 262 23 34 0.046878524 
1001 121 13 17 0.046174865 
356 204 16 21 0.04583717 
536 137 12 15 0.04571884 
190 217 26 34 0.044997897 
607 252 28 41 0.044664655 
450 163 14 19 0.044606972 
643 208 13 19 0.04445942 
583 201 22 32 0.04412717 
375 148 10 13 0.044083145 
988 67 28 42 0.043927632 
529 121 11 15 0.043816727 
918 221 23 30 0.042836893 
364 24 12 16 0.042394195 
788 217 25 31 0.041140605 
560 62 9 11 0.041025434 
236 13 16 17 0.04098671 
340 215 23 33 0.040660016 
459 181 23 34 0.0405082 
568 71 10 11 0.040249858 
683 190 13 20 0.040233247 
578 148 13 17 0.04000403 
990 126 22 27 0.039603483 
649 195 23 27 0.039204612 
621 165 21 27 0.039140865 
754 154 13 18 0.039013322 
711 224 27 34 0.03900362 
960 199 19 24 0.038936544 
487 182 25 34 0.038862206 
548 73 11 14 0.038693666 
747 187 15 21 0.038577173 
512 50 11 15 0.038517326 
545 225 19 23 0.038235016 
882 223 16 22 0.038074054 
349 220 25 34 0.038040973 
914 188 15 19 0.03773067 
910 173 12 16 0.037592698 
477 173 16 19 0.03745197 
829 172 20 24 0.037301823 
447 113 9 13 0.03692813 
331 19 13 17 0.036211003 
216 163 9 14 0.03615652 
319 186 25 36 0.03595123 
453 85 11 14 0.035748214 
544 170 13 15 0.035541732 
527 130 12 14 0.035383247 
546 70 9 12 0.035296652 
37 345 56 67 0.03518761 
819 8 16 19 0.035074443 
531 175 12 16 0.035030887 
180 154 15 20 0.034566592 
581 139 12 16 0.034506697 
449 128 15 18 0.03437866 
479 126 11 14 0.03429269 
856 194 16 21 0.03425866 
567 152 13 17 0.034239635 
300 81 15 18 0.034238536 
629 244 40 53 0.034122393 
816 162 19 25 0.0339701 
789 58 14 16 0.033842605 
221 154 12 17 0.033772666 
487 163 12 16 0.033405818 
645 264 31 37 0.033337176 
613 67 12 16 0.033260554 
486 60 11 15 0.033239476 
543 39 10 13 0.033138547 
839 168 11 14 0.03309618 
441 170 22 28 0.032863 
577 125 19 27 0.032584768 
566 213 12 14 0.03243324 
420 49 17 24 0.032427635 
661 136 13 19 0.03223741 
240 193 21 28 0.032161344 
551 53 8 12 0.032048333 
225 202 26 36 0.031986482 
565 228 48 60 0.031830717 
268 162 12 15 0.031827573 
862 167 20 25 0.031664778 
761 235 16 18 0.031659696 
576 77 9 12 0.031573016 
276 175 14 17 0.031566992 
608 217 23 33 0.031111425 
91 217 17 27 0.031101024 
868 212 18 22 0.031083602 
263 193 12 17 0.03096978 
1004 136 16 21 0.030885175 
446 187 22 27 0.03081648 
544 51 10 14 0.030791963 
237 157 12 16 0.030703597 
684 260 12 18 0.030701721 
588 132 10 14 0.030699445 
552 206 25 29 0.030502766 
539 212 23 30 0.030486125 
179 205 15 21 0.030232303 
460 160 15 20 0.03018856 
584 55 10 13 0.030107059 
126 229 16 20 0.030080546 
323 178 13 17 0.030046955 
565 134 10 14 0.030005153 
410 158 24 34 0.029977618 
766 -5 67 83 0.029909387 
980 228 40 59 0.029688053 
342 165 21 26 0.029581254 
250 237 14 21 0.029405765 
870 184 14 20 0.029400233 
12 355 52 64 0.029359985 
740 141 13 18 0.029105881 
629 71 10 14 0.029017687 
357 6 11 13 0.028678905 
140 173 12 15 0.02853027 
984 200 38 51 0.028476069 
358 164 13 16 0.028413607 
723 243 29 40 0.028208762 
918 164 15 18 0.028107587 
379 149 11 14 0.02807209 
324 193 38 49 0.027938848 
561 134 10 13 0.027871627 
398 168 14 19 0.027837474 
281 201 26 33 0.02779925 
831 129 12 16 0.027785894 
591 43 10 12 0.02772471 
286 167 12 16 0.02769181 
838 129 20 24 0.027625524 
135 203 22 26 0.027504124 
534 175 22 26 0.02743639 
421 39 11 14 0.027251177 
873 504 98 127 0.027207313 
199 227 26 37 0.026995437 
670 71 11 17 0.026843421 
798 192 15 19 0.02680487 
566 62 9 11 0.02679594 
336 151 10 13 0.02675674 
253 196 12 16 0.02674105 
325 333 63 82 0.026732856 
59 360 41 42 0.026669776 
326 25 12 16 0.026447989 
539 188 14 18 0.026382709 
267 2 14 17 0.026364041 
511 35 10 14 0.026209923 
990 79 13 19 0.026192289 
578 235 13 18 0.02602318 
726 144 14 18 0.025825914 
582 197 12 16 0.025747385 
353 199 26 33 0.025695365 
97 227 23 35 0.0256767 
839 180 22 29 0.025645936 
852 171 13 16 0.02558648 
229 162 13 17 0.025578758 
641 123 10 15 0.025493613 
297 192 24 31 0.025237381 
548 157 12 16 0.025163887 
394 186 14 19 0.025129488 
165 198 22 30 0.025083864 
816 217 23 30 0.025052018 
574 71 10 11 0.024975855 
539 181 14 15 0.024886688 
652 121 13 17 0.024796804 
903 534 96 120 0.024634415 
547 227 29 30 0.024534669 
598 143 22 29 0.024501653 
399 139 19 26 0.02445547 
872 134 9 12 0.024453273 
192 64 31 34 0.024421055 
554 163 14 18 0.024296079 
906 257 26 34 0.024240427 
521 134 11 13 0.024216125 
588 74 10 14 0.024192015 
737 156 25 31 0.024087133 
737 187 24 31 0.02406802 
405 170 13 18 0.024045452 
595 37 12 15 0.024026321 
819 191 13 18 0.024019983 
413 41 14 16 0.023933591 
456 45 9 12 0.023907732 
733 140 13 18 0.023882087 
661 206 18 23 0.02384238 
5 215 27 35 0.02382341 
534 159 14 17 0.023806946 
533 61 12 15 0.023732187 
967 219 37 54 0.02366858 
961 212 17 23 0.023532288 
499 68 14 17 0.023520028 
556 68 10 12 0.023493245 
383 244 32 36 0.02348409 
550 39 9 12 0.023479983 
639 196 13 16 0.02343451 
568 76 11 13 0.023433167 
256 0 13 12 0.023428354 
802 223 27 34 0.023296373 
550 45 8 12 0.023287991 
908 161 23 29 0.023196952 
614 126 11 14 0.023106834 
317 16 15 19 0.023093387 
664 69 20 30 0.023078702 
446 55 11 13 0.023059726 
606 67 12 15 0.023020737 
263 251 13 18 0.022965949 
398 176 14 20 0.022956947 
557 181 13 16 0.02291937 
770 64 16 18 0.02289215 
488 53 11 14 0.022890117 
657 125 20 26 0.022877397 
384 192 24 30 0.022832982 
542 165 20 25 0.022800012 
333 27 12 16 0.022707036 
335 92 13 17 0.022681907 
450 53 20 26 0.022635575 
630 210 23 30 0.022610262 
184 184 12 17 0.022588206 
862 126 11 13 0.022564815 
365 146 12 15 0.022473624 
849 231 15 23 0.022409113 
196 176 12 16 0.022377243 
169 170 13 17 0.022301886 
749 144 22 28 0.022270387 
143 191 12 15 0.02225514 
252 224 22 31 0.022155045 
428 77 10 15 0.021927562 
922 206 24 33 0.021863759 
505 180 24 32 0.021835623 
519 36 9 12 0.021818418 
854 128 10 12 0.021708442 
939 203 22 32 0.021565707 
572 227 72 93 0.02149406 
497 234 26 41 0.021485802 
194 181 15 20 0.02142948 
340 27 14 17 0.021385966 
335 187 14 20 0.021378122 
-3 148 46 62 0.02134341 
734 82 12 15 0.021315394 
448 45 9 12 0.021260884 
335 147 25 33 0.02124928 
644 151 20 26 0.021210399 
533 127 19 24 0.02115039 
589 54 11 15 0.021078328 
854 147 11 15 0.021062324 
396 30 13 16 0.021014262 
117 267 28 38 0.02091632 
296 340 39 55 0.020890886 
514 157 11 16 0.020874428 
766 136 13 20 0.02085917 
856 202 23 31 0.020804008 
828 222 14 19 0.020713741 
406 41 15 17 0.020671444 
152 219 16 18 0.020664103 
60 216 25 36 0.020645054 
511 68 10 13 0.020639978 
729 228 17 22 0.020629348 
737 244 31 36 0.020576574 
841 167 19 24 0.020555515 
616 74 13 17 0.02054844 
361 178 24 34 0.020493312 
382 33 14 18 0.020490183 
702 113 13 18 0.02046365 
849 467 88 128 0.020459635 
599 68 12 15 0.020456646 
15 196 47 54 0.020454979 
570 202 24 30 0.020423515 
452 155 16 22 0.020406026 
400 158 21 30 0.020389415 
861 41 104 117 0.020324424 
493 46 12 14 0.02030037 
859 175 21 27 0.020278266 
380 156 12 14 0.020258555 
762 57 26 30 0.020211987 
351 27 12 17 0.020194445 
115 249 24 32 0.02014017 
408 132 11 15 0.020122409 
870 218 21 25 0.020115567 
447 60 12 15 0.02009761 
627 272 13 19 0.02008879 
555 219 16 18 0.020076169 
828 130 21 25 0.020064652 
556 157 12 15 0.020036966 
