50_Celebration_Or_Party_birthdayparty_50_464
26
278 425 123 156 0.9997011 
89 454 184 273 0.31692645 
343 91 385 476 0.26947933 
259 397 365 460 0.20957708 
429 179 246 271 0.13362072 
548 717 45 57 0.12229791 
539 426 17 21 0.11606595 
473 173 431 480 0.0771223 
544 476 16 19 0.073881365 
-20 101 398 472 0.06888694 
212 442 153 191 0.05253767 
290 574 137 185 0.04195093 
166 490 17 21 0.03315651 
482 405 22 27 0.030376934 
587 729 14 16 0.029817704 
563 406 22 33 0.027119683 
753 523 27 32 0.02638135 
7 484 401 488 0.02612561 
323 735 98 112 0.026018383 
564 442 16 20 0.02491563 
591 342 359 453 0.023526581 
139 426 15 20 0.02348116 
491 107 29 34 0.022609424 
42 180 234 291 0.021309918 
-11 389 316 404 0.02091765 
485 215 61 61 0.020910323 
