50_Celebration_Or_Party_houseparty_50_752
37
421 40 111 160 0.9992969 
716 205 84 82 0.9730305 
729 57 69 73 0.95336074 
584 99 71 93 0.34070793 
559 3 63 59 0.28025284 
692 22 101 120 0.178237 
199 96 118 140 0.15109745 
584 81 34 47 0.13005562 
62 364 125 168 0.12509264 
-1 -5 50 61 0.1062028 
901 453 126 106 0.078978226 
419 382 191 258 0.078763284 
786 4 102 122 0.07563188 
739 10 102 123 0.0704748 
498 -14 100 110 0.06474553 
21 414 162 209 0.063590854 
348 0 18 20 0.060099818 
460 -3 112 139 0.0464199 
380 178 209 244 0.03264647 
233 -3 33 32 0.03156329 
373 55 99 131 0.0310631 
268 106 11 14 0.028065441 
263 125 10 13 0.02795313 
667 16 52 62 0.025659585 
643 253 58 67 0.025540385 
680 18 73 85 0.024999317 
308 19 32 33 0.024428044 
205 375 191 230 0.02420867 
382 -5 35 29 0.024025936 
523 0 46 43 0.022730831 
4 466 119 191 0.02192825 
691 388 48 58 0.02147962 
760 73 37 42 0.021189608 
421 0 62 78 0.020785712 
672 298 51 60 0.020557458 
232 148 10 14 0.020543167 
716 295 39 44 0.020118468 
