50_Celebration_Or_Party_houseparty_50_790
29
406 24 103 119 0.9955852 
641 141 173 138 0.9528701 
421 378 208 282 0.37790394 
679 51 224 251 0.10825511 
53 15 114 141 0.079280965 
358 270 357 430 0.0736784 
222 15 58 65 0.06736795 
932 291 18 19 0.05324831 
634 3 18 17 0.05299005 
65 208 331 443 0.04198266 
950 274 16 17 0.040680405 
563 156 198 212 0.039171893 
748 319 243 239 0.034963336 
937 254 9 14 0.032697894 
560 571 67 69 0.032199867 
618 52 15 19 0.026448308 
93 40 69 87 0.026223442 
595 31 17 20 0.026145218 
581 24 12 15 0.025972094 
582 26 28 35 0.024473973 
300 50 12 16 0.024258288 
821 343 105 157 0.023523934 
321 39 15 20 0.023470234 
950 261 12 14 0.022397118 
518 551 116 116 0.02215433 
559 222 122 154 0.021733524 
284 20 11 14 0.02088553 
336 222 65 63 0.020066958 
673 173 115 80 0.02005644 
