50_Celebration_Or_Party_birthdayparty_50_374
31
732 308 65 87 0.9987447 
590 292 64 78 0.9975502 
261 319 68 87 0.9965497 
432 334 63 74 0.9954411 
132 344 80 85 0.9702526 
853 126 113 110 0.9536133 
828 82 162 194 0.15292421 
276 35 62 64 0.11631863 
894 146 41 40 0.07305282 
225 -21 198 204 0.06953307 
578 275 58 69 0.058117557 
558 254 13 17 0.04583346 
255 9 114 127 0.038651627 
188 26 46 47 0.034598578 
103 362 12 17 0.033673953 
-2 378 40 67 0.031978197 
82 625 143 134 0.030770699 
829 39 30 41 0.02987894 
869 164 32 40 0.029367521 
908 581 15 18 0.029144758 
931 572 14 18 0.025469242 
861 633 14 17 0.025069898 
409 303 31 41 0.023683066 
567 266 45 61 0.023592077 
700 705 70 56 0.023257034 
330 313 47 63 0.022939602 
186 49 55 55 0.021813966 
562 263 24 34 0.021808507 
428 21 288 208 0.020834401 
257 499 77 61 0.020704603 
754 630 27 32 0.020534165 
