50_Celebration_Or_Party_houseparty_50_432
300
334 285 29 41 0.9978573 
566 828 30 37 0.9977551 
716 42 54 71 0.9973144 
719 840 36 47 0.9972874 
249 614 25 34 0.9954656 
628 826 30 39 0.99542385 
511 842 35 42 0.9931471 
416 65 24 34 0.99240804 
630 74 36 48 0.9922863 
401 601 25 33 0.9910677 
472 319 21 33 0.98884946 
313 614 23 29 0.97229993 
694 270 22 33 0.9622638 
392 320 18 23 0.9458104 
538 289 21 32 0.9446896 
567 87 20 31 0.9325492 
313 62 23 35 0.92295724 
617 280 21 27 0.89478374 
147 566 14 17 0.87879086 
499 72 38 53 0.8759732 
376 55 19 26 0.79870325 
251 318 20 27 0.79484874 
887 351 10 12 0.7212696 
476 591 23 31 0.7096958 
351 74 21 29 0.45499614 
183 562 12 17 0.37204686 
144 852 11 13 0.3485358 
444 72 24 33 0.3378678 
829 325 15 18 0.3050383 
492 60 13 17 0.27096602 
397 863 9 13 0.26152933 
119 572 11 13 0.25547612 
479 587 17 22 0.19152278 
408 864 9 11 0.1889616 
159 96 8 11 0.18374698 
182 99 8 10 0.17771445 
985 322 11 14 0.17179598 
349 868 9 13 0.16457026 
197 562 13 16 0.15912075 
203 560 12 16 0.15724273 
623 599 8 10 0.14268093 
325 61 22 34 0.13235137 
293 871 14 18 0.12911882 
456 845 27 31 0.12772448 
343 67 22 30 0.12679055 
381 877 10 13 0.12518354 
145 603 9 12 0.124383025 
420 691 13 17 0.122398406 
299 842 12 16 0.10761752 
956 390 14 19 0.10713829 
104 97 7 10 0.10318771 
748 698 15 19 0.10226184 
829 102 9 13 0.09989231 
526 297 24 28 0.09870913 
471 591 14 20 0.09856636 
981 348 12 16 0.098065235 
66 866 175 164 0.09620109 
1010 115 9 13 0.08593739 
127 101 9 11 0.083363056 
181 561 24 30 0.08314747 
220 615 13 22 0.08297089 
365 860 12 15 0.08216864 
233 602 40 53 0.080196254 
348 84 16 22 0.080044195 
51 85 11 13 0.07953234 
294 839 11 14 0.07866173 
375 859 10 13 0.07676916 
321 51 16 22 0.07291445 
116 577 13 16 0.072040565 
882 349 11 14 0.07087225 
148 599 9 12 0.069718465 
681 726 25 33 0.068945214 
382 870 10 13 0.06802799 
671 606 8 10 0.066053994 
428 69 23 35 0.06546465 
653 607 8 10 0.06528169 
220 833 13 16 0.065102175 
448 838 47 47 0.06502503 
381 883 11 14 0.06462961 
973 126 11 13 0.06440759 
822 308 11 15 0.06410366 
382 681 14 19 0.0640642 
270 881 12 16 0.06318963 
199 96 15 18 0.06317632 
936 117 9 11 0.06272184 
124 568 10 13 0.062705554 
277 847 14 18 0.06175523 
333 877 11 15 0.06148936 
435 914 10 14 0.060840596 
178 564 10 16 0.06026968 
177 96 10 12 0.059860393 
942 119 9 12 0.05926907 
270 862 11 17 0.05774693 
477 62 14 20 0.05760395 
829 318 14 17 0.05732646 
143 373 9 11 0.056092437 
431 856 8 11 0.056090083 
731 666 19 22 0.05387533 
113 373 14 16 0.05375032 
13 824 13 17 0.052795127 
337 64 20 26 0.052440364 
382 859 11 15 0.052173182 
288 874 13 17 0.05185937 
590 615 12 14 0.05127858 
284 845 14 17 0.051077 
298 868 14 20 0.049580235 
231 890 13 18 0.049353227 
131 921 69 65 0.047400918 
376 869 10 13 0.046879508 
95 615 8 11 0.046820454 
481 60 20 26 0.04669551 
262 885 11 15 0.046648555 
359 861 13 16 0.04521274 
928 116 8 10 0.045079213 
101 116 9 11 0.045036342 
463 699 19 20 0.044259194 
259 890 12 14 0.04419074 
50 875 16 20 0.043997087 
215 875 12 15 0.043510996 
331 883 12 18 0.042434923 
827 309 12 15 0.0423678 
327 870 10 13 0.042336717 
376 666 11 14 0.041958902 
554 96 39 47 0.041858364 
439 859 10 14 0.04176903 
653 613 9 11 0.04046045 
230 52 13 16 0.039937567 
488 325 19 24 0.039748482 
175 79 10 12 0.03827909 
293 831 12 13 0.038273774 
500 595 15 21 0.038194172 
154 569 12 15 0.03805131 
839 119 10 13 0.03732106 
401 412 15 18 0.03713936 
364 60 19 28 0.03642728 
531 329 13 15 0.03582961 
145 133 12 15 0.035817493 
147 846 12 15 0.03576319 
326 50 25 31 0.03570933 
397 857 11 14 0.03565997 
86 373 11 13 0.035472985 
599 112 15 18 0.034742877 
406 71 24 31 0.034514923 
623 593 9 12 0.034480575 
399 401 14 17 0.034400646 
934 113 9 11 0.034064382 
216 610 23 34 0.03401728 
109 96 9 12 0.033972193 
262 861 13 19 0.033319514 
168 86 8 11 0.03322393 
292 849 13 16 0.033033084 
221 868 11 15 0.032850515 
182 85 8 10 0.032781057 
938 390 13 17 0.03251675 
418 150 29 39 0.032158498 
87 893 11 15 0.031869963 
135 590 8 12 0.031674255 
683 273 38 54 0.031427365 
182 79 9 12 0.031381715 
96 619 9 12 0.030974355 
311 859 12 15 0.03059033 
306 52 26 32 0.030538302 
884 345 19 23 0.030516917 
891 353 11 13 0.030478636 
722 690 14 16 0.030271787 
100 928 17 19 0.030131783 
165 94 8 11 0.030088073 
823 323 15 20 0.029935952 
135 597 9 12 0.029881613 
151 116 9 12 0.029860463 
345 864 11 13 0.029685149 
512 137 12 16 0.02967482 
791 277 9 13 0.029622318 
87 112 8 9 0.029463243 
154 99 9 13 0.029333506 
424 605 22 29 0.02931 
518 300 23 31 0.029304635 
648 613 10 12 0.029163498 
243 302 12 14 0.028884606 
536 622 9 11 0.028883666 
-4 800 46 66 0.028756747 
813 895 13 17 0.02849477 
432 952 8 11 0.028231934 
842 325 12 17 0.02822665 
113 572 12 14 0.028216245 
62 95 9 12 0.028153045 
135 117 10 13 0.02804351 
494 64 29 38 0.028030114 
970 371 11 15 0.027867626 
25 874 12 18 0.02769522 
384 60 18 23 0.027394935 
333 870 10 13 0.027331736 
133 100 9 12 0.02731605 
390 860 17 21 0.027048163 
331 41 15 18 0.0268595 
255 312 10 14 0.026850011 
720 603 9 12 0.026844397 
0 333 9 15 0.026764572 
288 838 13 16 0.026721347 
576 87 23 30 0.026654871 
301 819 12 14 0.02649904 
665 597 8 11 0.026477823 
293 842 21 27 0.026346106 
831 124 11 13 0.02633681 
324 19 29 33 0.026040224 
670 599 9 11 0.025990441 
85 379 11 13 0.025893714 
647 599 9 11 0.025842685 
265 877 20 26 0.025615197 
462 64 25 29 0.025533523 
971 130 14 16 0.025373857 
133 572 10 14 0.025299424 
150 902 100 131 0.025170531 
112 581 11 15 0.025141543 
94 607 9 11 0.024985638 
276 875 11 17 0.024917528 
111 366 10 12 0.02486224 
948 119 9 11 0.024690054 
981 133 10 13 0.024606694 
356 706 12 16 0.024584599 
854 115 9 13 0.024471456 
78 587 10 14 0.024337793 
36 838 17 20 0.024322322 
348 875 11 14 0.02422158 
454 74 29 32 0.02407344 
294 324 24 31 0.023975777 
696 615 8 11 0.023915922 
328 917 12 15 0.023890464 
105 365 9 12 0.023824604 
213 324 10 12 0.023637194 
309 865 13 18 0.023534631 
130 942 16 19 0.023392081 
477 311 13 17 0.023387332 
158 371 12 13 0.023371706 
406 857 11 14 0.023282524 
151 372 11 12 0.023250466 
640 621 10 11 0.023185719 
361 75 14 22 0.023073377 
128 84 9 13 0.023061395 
846 116 11 13 0.0230259 
951 110 8 11 0.022980079 
616 597 9 11 0.022965832 
355 67 15 24 0.022889074 
1004 365 12 16 0.022703607 
80 96 9 11 0.02268612 
140 322 11 14 0.022681681 
412 866 10 13 0.022614667 
479 599 29 38 0.02253065 
305 323 18 22 0.022505047 
977 355 11 15 0.022403646 
334 909 10 14 0.02232324 
1014 122 9 15 0.022261024 
363 86 13 19 0.022260299 
830 117 10 13 0.022214847 
411 323 15 19 0.022124711 
334 897 12 16 0.02211792 
604 372 13 16 0.022089675 
176 553 20 28 0.022019282 
911 124 10 12 0.021999303 
709 699 13 17 0.021933611 
487 833 39 50 0.021896675 
982 317 18 24 0.021833856 
0 315 9 13 0.021808444 
111 85 10 12 0.021686958 
228 865 10 16 0.021542327 
585 614 10 13 0.021509781 
426 854 9 12 0.021504348 
135 565 10 14 0.021502689 
301 859 12 16 0.02143439 
135 324 11 14 0.021376986 
501 852 12 17 0.021356815 
48 80 11 15 0.021324812 
483 641 12 16 0.021284578 
629 605 9 12 0.021189703 
239 305 11 15 0.021164488 
343 876 10 14 0.021018645 
7 802 27 36 0.021005506 
669 612 10 13 0.020953948 
125 578 10 14 0.02092387 
488 56 12 16 0.020905862 
191 78 9 11 0.02090449 
847 110 11 13 0.020760415 
296 819 12 14 0.02073583 
459 59 17 20 0.020706851 
350 897 14 16 0.020682365 
229 65 12 16 0.020595143 
686 277 17 28 0.020552482 
80 373 11 13 0.02048391 
575 935 12 15 0.020462168 
671 621 9 12 0.020421186 
986 347 13 17 0.020399334 
206 87 10 11 0.020368183 
975 342 12 16 0.020339971 
475 71 16 21 0.020296818 
275 858 14 19 0.020277798 
125 890 13 17 0.020187248 
385 623 16 19 0.020145101 
294 854 23 29 0.020104226 
12 99 11 18 0.020033816 
5 819 15 19 0.020016914 
