50_Celebration_Or_Party_houseparty_50_165
37
522 402 38 43 0.9958835 
295 386 50 58 0.99519 
589 397 40 47 0.99496657 
405 416 44 57 0.99409926 
478 453 38 47 0.97512496 
490 398 16 23 0.5202304 
190 393 15 20 0.3243623 
671 589 36 45 0.14246804 
485 361 12 17 0.07163095 
184 395 13 16 0.06291706 
180 394 25 30 0.045539293 
716 620 9 14 0.045182027 
128 360 7 10 0.04453232 
679 581 46 65 0.04409482 
885 460 12 16 0.04383941 
301 -80 459 532 0.043734144 
45 164 13 16 0.038887348 
351 431 38 50 0.035882197 
696 367 42 52 0.035081826 
498 396 14 22 0.03301244 
757 470 12 15 0.030502722 
506 401 13 20 0.02672121 
618 525 10 14 0.025425458 
718 378 27 37 0.02531184 
482 397 12 16 0.024897994 
567 352 24 33 0.024784604 
734 373 12 15 0.023890877 
705 378 48 56 0.023513056 
932 387 9 14 0.023189377 
152 349 8 11 0.022627274 
103 326 10 12 0.021840615 
192 402 22 31 0.021234903 
186 295 8 12 0.020741878 
953 445 23 30 0.020680374 
950 420 10 13 0.020447351 
871 450 28 35 0.020437915 
193 387 24 29 0.020434493 
