50_Celebration_Or_Party_houseparty_50_17
65
475 109 52 69 0.99857867 
642 140 55 65 0.9981774 
379 392 70 89 0.9981602 
29 401 91 115 0.99765944 
355 157 52 64 0.9975434 
719 354 73 94 0.99658406 
811 104 57 69 0.9959033 
499 387 61 72 0.99435014 
923 391 84 104 0.9938782 
192 395 77 95 0.99380094 
225 70 55 64 0.95904946 
269 575 396 430 0.54316986 
648 313 12 16 0.41905215 
438 188 45 57 0.18617849 
110 192 123 215 0.13620022 
252 133 45 52 0.13007897 
21 70 12 17 0.100434534 
433 119 41 55 0.10011228 
0 492 83 131 0.09951445 
24 101 18 23 0.08661985 
245 10 29 38 0.08519827 
208 72 34 50 0.0750404 
775 610 102 105 0.07487602 
545 479 421 526 0.07413119 
659 305 15 18 0.06313738 
-6 34 172 232 0.061152805 
-2 502 25 39 0.05869818 
485 393 29 39 0.057173815 
611 337 28 38 0.05592779 
391 40 27 34 0.053476524 
648 301 23 28 0.052929807 
8 437 103 148 0.051452465 
63 229 11 15 0.04387349 
381 23 45 54 0.040934976 
257 -2 36 38 0.03787513 
945 336 56 75 0.034720287 
114 422 440 506 0.03357082 
101 228 10 14 0.033345092 
485 402 14 22 0.03313379 
256 84 30 42 0.032772187 
337 176 34 48 0.032642465 
601 279 48 59 0.03168478 
69 220 12 16 0.031361274 
640 306 23 29 0.030064218 
401 43 15 19 0.028581468 
426 171 31 39 0.027643366 
77 221 11 14 0.027504237 
630 329 57 73 0.027424911 
431 129 27 34 0.026225815 
334 10 36 42 0.025883125 
490 400 18 24 0.025591763 
92 270 11 14 0.024472594 
-17 24 92 176 0.024329426 
129 241 74 115 0.024077738 
660 312 16 19 0.023855638 
641 313 12 17 0.023378177 
444 136 16 21 0.022962099 
667 324 15 17 0.02271928 
484 427 13 19 0.022482924 
613 344 16 21 0.021998888 
660 313 26 31 0.021658318 
614 282 87 116 0.021389548 
-2 120 31 48 0.02067889 
185 82 37 54 0.020307569 
269 56 24 35 0.02025602 
