50_Celebration_Or_Party_houseparty_50_303
49
483 311 132 170 0.9984012 
721 1508 75 103 0.9958046 
231 1511 76 99 0.992788 
198 1782 28 34 0.114984654 
668 454 242 217 0.07999828 
526 1019 244 252 0.07611071 
241 1160 30 33 0.06671327 
472 607 216 292 0.06603516 
402 303 173 216 0.06483767 
260 351 252 261 0.064250536 
251 541 218 258 0.0637303 
391 1602 56 63 0.056094654 
378 1048 38 44 0.05372185 
874 1617 113 120 0.048857067 
185 1535 52 77 0.048540413 
851 1601 48 56 0.038113624 
686 1518 87 113 0.037740078 
647 2037 429 493 0.035979737 
698 1568 361 455 0.035448715 
312 996 33 35 0.03448813 
534 1536 116 134 0.034432404 
519 1519 197 239 0.0338111 
321 1653 34 47 0.032302514 
144 806 422 505 0.0320174 
223 328 194 198 0.03176448 
201 351 110 130 0.031140491 
533 1920 47 62 0.029981872 
890 1605 74 68 0.029846488 
522 1608 104 116 0.029371394 
237 457 229 218 0.028826073 
106 1605 105 120 0.02865264 
580 1524 104 128 0.028220166 
534 1661 62 75 0.02796787 
197 998 219 263 0.02685096 
630 1543 31 36 0.025906498 
658 482 149 155 0.025639327 
417 1578 26 36 0.02522652 
413 1592 31 45 0.0250229 
221 1955 29 32 0.024534268 
390 559 370 439 0.02348103 
793 1551 208 223 0.023335181 
866 1606 60 63 0.022650588 
113 1598 406 407 0.022479668 
90 1623 195 258 0.022105668 
161 533 340 436 0.022095313 
792 1694 94 123 0.021681426 
636 2139 60 53 0.020870872 
696 325 205 278 0.020636126 
905 1678 66 78 0.020437771 
