50_Celebration_Or_Party_houseparty_50_33
80
243 102 75 105 0.99252456 
672 54 74 82 0.9834809 
416 298 16 20 0.33016342 
344 513 14 17 0.28380752 
391 386 18 22 0.24888013 
362 357 18 21 0.17133826 
390 382 14 17 0.16240484 
471 356 10 15 0.11796968 
358 410 25 29 0.11165169 
173 239 17 21 0.10512452 
708 210 29 39 0.09790074 
355 417 16 18 0.09633888 
424 403 11 15 0.0930189 
398 434 13 15 0.0893641 
338 483 15 17 0.07403183 
727 425 24 29 0.07181893 
307 296 18 20 0.06994877 
391 348 13 15 0.067526616 
432 356 9 13 0.066837244 
330 236 14 16 0.06094335 
430 307 13 17 0.04808649 
408 329 12 15 0.047494378 
382 381 14 18 0.047310792 
372 380 13 15 0.04707345 
308 478 17 20 0.046225294 
288 490 11 16 0.04435302 
453 322 10 14 0.04128369 
592 204 54 72 0.03946686 
415 356 12 14 0.039158534 
724 466 15 18 0.038511965 
374 304 16 19 0.037211377 
455 341 9 12 0.03690091 
725 30 31 47 0.036837436 
644 74 56 68 0.036651026 
461 362 12 17 0.03658127 
396 486 14 16 0.0363259 
369 404 17 18 0.03470033 
737 350 26 30 0.03350313 
335 478 14 18 0.03283873 
405 298 23 31 0.03248638 
298 536 16 20 0.032210745 
199 163 30 35 0.03197826 
173 101 394 500 0.031845767 
352 288 14 17 0.031533428 
464 357 12 16 0.030723829 
420 382 14 16 0.03036516 
331 313 14 18 0.029126693 
349 252 22 26 0.028199585 
300 510 12 15 0.028060494 
424 299 21 28 0.027502216 
320 549 18 21 0.027479509 
677 41 43 46 0.027078703 
784 231 25 30 0.026774425 
437 337 15 17 0.026566567 
461 351 24 31 0.026458405 
319 506 11 15 0.026274275 
427 432 14 17 0.025014145 
380 388 24 26 0.02464857 
711 27 52 78 0.024517898 
718 462 27 31 0.02438739 
709 466 13 16 0.023399564 
713 193 51 63 0.023345903 
370 395 16 19 0.02301037 
445 346 40 53 0.022931442 
337 306 27 29 0.022836057 
400 394 14 17 0.0227311 
369 371 15 19 0.02192835 
462 333 9 12 0.021889156 
349 412 17 20 0.021603264 
336 353 16 19 0.021368746 
387 216 14 19 0.021317353 
374 331 13 16 0.021121701 
629 497 13 17 0.021059955 
312 379 16 19 0.020861525 
286 478 9 12 0.020696608 
388 373 26 32 0.020312862 
394 430 22 25 0.020292463 
332 416 14 17 0.020242292 
295 525 12 13 0.020078195 
395 301 13 17 0.02001035 
