50_Celebration_Or_Party_houseparty_50_493
24
492 458 39 50 0.9861224 
99 394 67 87 0.6243923 
643 449 33 40 0.60477704 
257 399 56 98 0.2525117 
7 438 10 12 0.1715332 
983 267 44 99 0.14376915 
47 366 114 113 0.06638263 
173 377 58 77 0.06374595 
223 414 70 87 0.046270333 
120 419 40 58 0.04200179 
300 419 49 76 0.035203137 
121 369 86 122 0.033960573 
228 142 372 500 0.031903464 
-2 -31 385 517 0.03064412 
190 385 88 107 0.029830888 
43 388 193 185 0.028944274 
211 346 48 57 0.027152373 
954 268 74 148 0.026732331 
241 382 55 82 0.025572661 
355 504 27 34 0.02489686 
931 72 112 169 0.024591519 
290 234 222 302 0.023278054 
87 393 41 40 0.02311592 
831 27 206 256 0.020185944 
