50_Celebration_Or_Party_houseparty_50_173
66
321 421 23 31 0.97751117 
767 234 26 33 0.95833 
711 300 23 27 0.9190264 
411 276 24 29 0.7858787 
581 164 49 55 0.40801507 
254 226 16 18 0.36231828 
365 193 354 431 0.28364083 
344 454 14 18 0.18757808 
763 228 16 24 0.16472624 
996 412 16 21 0.16422792 
373 405 10 13 0.093203984 
804 378 15 19 0.088472314 
368 623 68 69 0.0799035 
261 454 63 54 0.07977751 
435 261 15 19 0.07105288 
404 278 20 25 0.06597921 
860 293 14 20 0.06008463 
241 221 48 57 0.058472082 
772 350 13 15 0.058072478 
819 125 193 238 0.05346571 
419 269 16 20 0.04934025 
739 321 15 20 0.04892039 
706 345 15 21 0.047720723 
305 441 16 21 0.047383714 
401 277 38 49 0.04616477 
311 416 39 48 0.044834618 
755 331 13 16 0.043305688 
469 264 17 20 0.040936828 
433 227 16 18 0.03757016 
401 395 23 30 0.036124755 
383 641 36 41 0.035681307 
468 228 14 15 0.034553114 
426 265 20 25 0.03394338 
281 427 53 59 0.03228175 
747 379 15 19 0.031804956 
765 324 12 15 0.030152332 
302 428 26 32 0.02927558 
264 217 24 31 0.029071786 
293 453 29 38 0.028699396 
354 454 13 17 0.02766497 
215 400 196 184 0.027237073 
282 470 32 35 0.02591434 
730 294 24 29 0.025493428 
404 398 15 18 0.025273528 
175 423 14 18 0.025215479 
778 379 14 17 0.025070723 
989 463 15 18 0.024553139 
371 359 23 31 0.024154311 
399 72 217 226 0.024128908 
422 280 19 24 0.024017615 
710 330 14 19 0.023793453 
757 366 13 17 0.023769712 
764 373 15 20 0.023107251 
852 288 20 33 0.022995846 
942 505 11 16 0.022938438 
741 386 17 20 0.02278499 
501 262 16 19 0.02274725 
747 326 14 17 0.022373848 
671 403 12 17 0.02223337 
327 -18 422 483 0.02183381 
849 214 111 151 0.021314315 
244 225 29 36 0.021033634 
988 404 15 20 0.020449022 
332 432 26 34 0.020163156 
773 399 13 16 0.020100998 
514 290 15 20 0.020059578 
