41_Swimming_Swimmer_41_1001
86
205 372 19 22 0.71251255 
53 423 18 21 0.17987724 
193 380 28 32 0.12507956 
198 376 16 20 0.11962981 
237 389 11 14 0.118794546 
80 369 15 19 0.101159625 
35 391 16 19 0.096007295 
216 474 38 45 0.089712776 
139 379 12 14 0.081104286 
183 389 31 37 0.07644429 
3 369 15 20 0.06838587 
211 367 14 17 0.0681888 
810 426 27 35 0.063029416 
173 372 14 18 0.061272312 
139 409 17 20 0.061187655 
-1 430 20 28 0.05731105 
174 355 11 13 0.056274127 
221 405 14 19 0.05349783 
330 176 25 31 0.05254567 
607 264 12 18 0.04921431 
15 381 10 14 0.048452355 
67 357 11 16 0.048220847 
228 408 16 20 0.045867804 
58 370 15 19 0.043197554 
252 412 11 15 0.040547546 
61 350 13 17 0.04033812 
222 364 12 16 0.039967187 
94 381 26 31 0.037339695 
27 380 16 19 0.036827073 
55 396 16 20 0.03647104 
549 235 12 13 0.03572578 
0 363 12 18 0.035076693 
175 366 12 15 0.03427475 
62 361 14 18 0.034254897 
0 358 10 14 0.03418278 
121 386 14 18 0.033868097 
57 386 16 19 0.033859693 
136 374 12 15 0.03369243 
148 369 12 15 0.032292843 
171 370 26 29 0.03227493 
168 374 11 14 0.031782173 
2 389 13 18 0.030588577 
192 377 14 18 0.02917794 
235 417 15 19 0.028826445 
177 376 16 18 0.02853367 
408 351 8 10 0.028032169 
30 353 15 17 0.027920432 
292 404 10 13 0.027328847 
256 388 10 13 0.027222602 
167 386 11 15 0.027135154 
254 405 12 15 0.026693923 
484 280 25 32 0.026619535 
165 461 28 30 0.026305353 
270 410 12 16 0.026297674 
100 363 12 15 0.025556734 
115 364 12 13 0.025475422 
144 365 12 16 0.025444236 
247 413 12 16 0.025328487 
10 371 12 17 0.024786435 
385 346 11 13 0.02457585 
388 343 13 15 0.024375074 
254 418 11 15 0.024280213 
74 403 15 17 0.023787009 
135 395 26 29 0.023732755 
556 200 15 19 0.02335106 
20 399 14 17 0.023260562 
209 379 17 23 0.023052787 
145 415 17 22 0.022963133 
131 180 12 13 0.022719929 
911 86 112 145 0.022632835 
214 410 13 17 0.022501783 
160 379 10 14 0.022152789 
74 411 15 19 0.02184419 
193 351 10 14 0.021840034 
166 355 12 14 0.021643607 
245 359 9 13 0.02141215 
509 237 11 13 0.021383863 
71 349 11 14 0.021321733 
218 370 14 19 0.02118878 
11 419 12 15 0.021113668 
3 398 14 20 0.020950029 
132 427 14 18 0.020927193 
124 375 12 14 0.020919884 
238 428 13 17 0.020563332 
242 388 13 16 0.020316165 
158 410 13 20 0.020129668 
