41_Swimming_Swimmer_41_792
23
365 462 198 272 0.99981946 
258 1419 16 19 0.26683843 
186 725 206 225 0.10532914 
88 1138 357 488 0.08777403 
48 487 376 484 0.0775188 
190 1421 13 17 0.06159022 
698 582 48 60 0.047823343 
443 442 131 209 0.044837873 
593 673 116 144 0.041415483 
176 31 29 32 0.03691522 
298 1437 16 20 0.036322918 
913 64 38 43 0.034338467 
578 616 509 526 0.029040085 
250 1444 15 18 0.027448704 
576 129 430 572 0.027183907 
70 469 16 20 0.025798773 
721 514 25 36 0.02571183 
268 496 343 469 0.024825754 
144 593 231 291 0.024461964 
708 571 35 41 0.024295283 
168 831 199 266 0.023099609 
565 647 190 225 0.022293033 
282 1460 22 27 0.020794488 
