41_Swimming_Swimming_41_730
27
190 99 194 233 0.9800832 
368 128 228 270 0.7172681 
259 104 212 288 0.385792 
165 82 374 426 0.3105373 
65 380 461 518 0.25832698 
475 159 218 221 0.21212876 
391 153 128 192 0.20771928 
10 153 213 324 0.08934471 
755 252 54 81 0.08295574 
12 150 133 179 0.05089609 
54 83 194 221 0.0480425 
746 633 19 24 0.03357027 
459 727 16 19 0.03356265 
344 146 127 162 0.03353046 
422 181 69 101 0.032682594 
142 226 438 491 0.032295417 
-21 33 111 139 0.029517332 
532 162 119 156 0.029399043 
71 64 293 353 0.028962096 
556 140 62 77 0.027529454 
166 527 224 310 0.027471136 
728 232 95 130 0.02594781 
599 177 215 246 0.023905981 
703 340 86 119 0.022946127 
450 193 70 93 0.022454478 
422 377 335 466 0.021421863 
723 592 29 36 0.020330226 
