41_Swimming_Swimmer_41_449
70
881 538 120 131 0.26397118 
112 -29 399 466 0.25176087 
694 138 25 34 0.19974229 
391 42 410 485 0.18416242 
922 304 95 167 0.17978135 
657 301 15 21 0.1448635 
767 160 26 33 0.12811533 
988 22 13 17 0.09757375 
807 598 60 67 0.09301679 
971 425 48 111 0.08019598 
861 454 177 249 0.07467781 
760 122 54 59 0.06726086 
771 125 28 31 0.061540864 
888 241 167 249 0.05606465 
256 17 137 181 0.053102758 
1005 146 14 19 0.04794904 
780 125 13 17 0.047511447 
764 140 29 37 0.04589084 
465 118 17 19 0.044583924 
944 364 77 154 0.041369066 
955 204 41 53 0.040115613 
831 604 59 73 0.03860617 
855 235 49 53 0.038271897 
493 283 10 14 0.03770808 
931 0 13 12 0.037682917 
906 247 14 18 0.03656341 
599 134 386 417 0.03644443 
1011 152 12 17 0.03525422 
968 236 36 40 0.033926334 
885 310 36 41 0.032575946 
654 296 255 243 0.032530654 
950 201 23 38 0.03190628 
760 266 55 62 0.030135555 
936 28 11 13 0.030084778 
943 105 64 75 0.029804155 
660 294 11 15 0.02812899 
293 39 60 83 0.027413243 
754 6 21 27 0.027314926 
853 609 66 76 0.027129004 
963 335 59 110 0.027055692 
788 138 29 35 0.02701628 
180 35 242 294 0.027006932 
957 141 53 71 0.02616441 
959 108 81 118 0.02602881 
655 295 12 16 0.025107464 
485 123 13 16 0.025023378 
676 283 25 27 0.024588577 
303 48 39 44 0.024494609 
959 16 9 10 0.024342481 
893 238 27 33 0.024078686 
904 74 102 128 0.024052417 
961 179 46 60 0.02382896 
484 287 52 57 0.023476008 
848 572 112 127 0.023074592 
690 122 43 49 0.022869032 
972 23 11 14 0.022842957 
999 145 14 18 0.022771604 
673 102 26 30 0.02259327 
815 616 31 43 0.022507071 
853 343 52 64 0.02218155 
556 127 23 30 0.022036271 
1010 291 13 20 0.02189441 
978 468 50 101 0.021379903 
583 140 29 34 0.021157 
1004 154 22 36 0.02094687 
1012 110 12 18 0.02093922 
817 107 17 21 0.020882888 
996 278 25 34 0.020673271 
392 500 241 194 0.020143004 
776 164 16 20 0.020102134 
