41_Swimming_Swimming_41_379
23
535 346 141 111 0.7233022 
40 19 435 404 0.687347 
517 304 205 193 0.29066527 
520 84 351 444 0.10794949 
413 330 14 18 0.10070495 
604 344 110 119 0.081813164 
107 314 12 14 0.07839926 
380 320 13 14 0.040153503 
612 345 13 16 0.035684608 
623 324 10 14 0.030531876 
524 378 95 68 0.030489838 
308 334 12 14 0.029710127 
251 7 330 452 0.027166763 
598 323 11 13 0.026816625 
582 387 42 39 0.02270772 
343 326 9 12 0.022641115 
611 88 203 291 0.0215123 
234 54 35 34 0.021473398 
22 48 8 9 0.021234637 
173 40 29 29 0.020990912 
101 309 22 25 0.02066207 
617 324 10 13 0.020429876 
17 46 9 11 0.020230578 
