41_Swimming_Swimming_41_238
32
196 500 72 96 0.99466264 
863 79 79 100 0.9827428 
278 111 48 57 0.7633029 
593 137 450 496 0.7552415 
715 547 44 43 0.7009334 
377 99 468 583 0.3417716 
-27 164 390 452 0.32223427 
721 516 68 59 0.11073111 
17 206 242 285 0.110700116 
455 297 259 332 0.07617681 
350 87 30 43 0.07364625 
295 123 39 37 0.06814637 
672 155 147 104 0.045376018 
205 174 412 488 0.04482532 
914 92 33 47 0.042815723 
292 105 38 41 0.042806737 
912 39 56 74 0.039434135 
553 196 61 76 0.029075071 
592 375 289 232 0.027040975 
276 104 34 44 0.025062848 
337 133 51 70 0.024984451 
649 180 122 99 0.023882804 
258 87 80 88 0.023529503 
310 104 36 37 0.023052216 
638 481 242 178 0.022817262 
634 165 224 216 0.022417905 
654 502 129 107 0.022093294 
54 269 146 173 0.02198298 
611 217 269 301 0.021920204 
766 173 71 61 0.020921813 
437 98 207 222 0.020439822 
276 135 30 39 0.020287532 
