41_Swimming_Swimmer_41_607
165
392 80 129 202 0.99320567 
341 546 68 62 0.5552179 
213 188 372 469 0.4224996 
199 46 10 13 0.29416358 
204 47 10 13 0.21968997 
143 54 8 12 0.19530338 
133 38 8 11 0.17137119 
127 85 10 14 0.16900443 
84 116 10 14 0.16467634 
220 144 12 17 0.13842863 
101 60 10 12 0.13290438 
221 130 12 16 0.1287913 
229 101 11 14 0.11980599 
150 30 8 10 0.1136006 
255 91 9 13 0.11343006 
167 29 10 13 0.11204858 
268 153 15 19 0.1028852 
72 28 9 12 0.10263512 
191 62 9 11 0.09819859 
145 30 8 10 0.094007954 
299 130 13 18 0.09003913 
516 204 17 22 0.0881194 
214 111 8 11 0.088031754 
224 102 11 14 0.08765147 
191 52 11 13 0.085523956 
176 58 9 14 0.07857251 
188 125 10 13 0.07726298 
96 57 10 13 0.074246705 
181 58 10 13 0.07242998 
135 32 10 11 0.07212097 
192 45 12 14 0.07153222 
201 117 9 11 0.07050786 
76 29 9 12 0.06901739 
184 119 10 13 0.06459822 
192 69 9 11 0.060756717 
151 23 10 12 0.059393156 
255 117 9 12 0.05794316 
80 111 11 15 0.055865664 
143 92 10 13 0.054472283 
572 203 14 16 0.053078 
166 35 9 12 0.052941784 
48 86 8 11 0.05272523 
209 111 9 11 0.0524077 
243 319 251 257 0.052182823 
239 101 11 15 0.050962545 
243 132 13 18 0.0483771 
324 113 226 242 0.048363037 
207 40 10 13 0.048147094 
5 182 10 13 0.04803252 
248 92 10 13 0.04770098 
151 36 9 10 0.04754947 
206 116 9 12 0.047387198 
6 158 10 13 0.045921925 
285 108 12 16 0.045562066 
23 199 9 11 0.044565674 
244 106 12 16 0.043851502 
157 23 10 13 0.0391274 
274 147 16 20 0.03872769 
23 143 9 12 0.038697127 
160 28 9 12 0.03807894 
131 132 12 16 0.03768801 
174 110 10 13 0.036281668 
0 245 9 15 0.03617875 
110 47 10 12 0.036081087 
341 626 199 252 0.036021158 
120 83 11 15 0.035848808 
31 101 8 12 0.035483576 
191 38 11 15 0.035409242 
189 118 10 13 0.035118047 
110 59 10 13 0.03491817 
1 120 8 12 0.03418166 
544 204 15 18 0.033885315 
261 90 10 14 0.03387085 
260 125 11 14 0.03380122 
134 41 10 13 0.03342497 
504 91 10 12 0.033038586 
145 23 9 13 0.03200202 
64 30 8 11 0.031797953 
88 60 9 13 0.03178131 
32 125 9 12 0.031001378 
148 52 11 14 0.030802138 
31 198 8 10 0.030786196 
644 468 14 19 0.030595934 
143 47 10 13 0.030534828 
118 4 10 13 0.030151106 
305 77 13 17 0.029829992 
954 117 15 19 0.029728826 
197 69 9 11 0.029706297 
279 125 10 14 0.029542856 
134 90 10 13 0.029525436 
285 125 12 15 0.029400943 
105 46 10 12 0.029180143 
197 62 10 12 0.028981525 
93 99 10 15 0.028777642 
214 37 9 12 0.028396452 
102 7 10 11 0.02835778 
160 37 8 10 0.028052656 
53 86 8 12 0.027777117 
190 76 10 12 0.027502539 
240 94 10 13 0.027278654 
215 103 10 14 0.027263328 
37 125 9 12 0.027179115 
110 83 10 14 0.026765604 
298 121 90 139 0.026763158 
184 31 10 12 0.026008489 
23 149 10 13 0.025922332 
95 75 9 13 0.025575923 
253 111 10 14 0.025553051 
185 78 10 13 0.025320752 
215 115 9 11 0.025262127 
39 199 9 9 0.025182055 
41 86 9 10 0.025062006 
97 8 8 10 0.025040228 
87 27 10 13 0.024629457 
789 118 12 15 0.024492947 
105 85 9 13 0.024381515 
100 132 10 13 0.024317447 
24 69 8 12 0.024278108 
190 110 9 13 0.0242436 
136 60 10 12 0.024170762 
217 85 9 13 0.024066921 
233 180 18 22 0.023996668 
238 135 15 20 0.023954162 
5 124 9 11 0.023844393 
117 62 11 13 0.02375068 
165 4 11 14 0.023682635 
302 71 22 29 0.0236314 
176 115 9 13 0.023535343 
151 58 11 14 0.023288485 
134 79 10 14 0.023273412 
169 53 10 14 0.023223972 
205 4 11 14 0.023146722 
39 158 8 10 0.022902198 
129 44 8 12 0.022873549 
159 108 9 13 0.022853969 
199 42 17 22 0.022792807 
142 76 10 13 0.022706158 
172 23 10 12 0.022578154 
261 117 9 13 0.02249544 
148 91 11 13 0.02227068 
168 110 9 14 0.022110175 
231 39 11 14 0.022035526 
189 131 10 13 0.021855112 
262 111 9 12 0.021847134 
271 125 10 14 0.02179965 
24 77 9 11 0.02178542 
104 78 10 13 0.021753198 
0 98 9 15 0.0215585 
150 85 11 14 0.021319663 
39 30 8 12 0.021258004 
237 61 10 13 0.021255817 
228 139 12 18 0.021146078 
70 46 9 12 0.021140523 
493 188 14 18 0.021086596 
239 127 12 16 0.020897385 
117 52 10 12 0.020841153 
236 9 13 16 0.020817118 
208 58 10 14 0.020775314 
39 36 9 11 0.020770842 
468 58 27 41 0.020710273 
191 21 9 11 0.020640645 
31 191 9 11 0.020558476 
29 95 9 11 0.02054432 
63 14 8 11 0.020372769 
161 0 10 11 0.020249363 
