41_Swimming_Swimmer_41_659
26
502 84 172 225 0.99953043 
922 1392 45 56 0.8770196 
445 938 234 310 0.6555699 
600 553 251 279 0.26971018 
153 303 346 411 0.22319065 
48 1350 160 181 0.09571121 
31 868 212 204 0.07805658 
270 205 360 451 0.06650628 
903 1390 38 51 0.063403845 
665 727 148 142 0.05630051 
646 1043 15 19 0.042914152 
583 1004 450 452 0.037345584 
127 1459 57 76 0.0328273 
321 833 434 481 0.0317782 
270 1383 67 69 0.029450625 
215 1477 74 67 0.026309531 
604 206 411 521 0.025757244 
937 729 120 187 0.023871142 
962 1386 29 44 0.023279475 
532 430 385 473 0.023261994 
-8 1210 96 134 0.022948217 
230 924 238 254 0.02216169 
72 1408 84 80 0.02213902 
584 1000 117 168 0.021639971 
49 959 155 140 0.02125758 
514 996 253 297 0.020005006 
