41_Swimming_Swimmer_41_55
26
438 158 177 246 0.9922294 
443 513 175 226 0.87805146 
511 165 200 273 0.79414487 
486 146 362 444 0.15619138 
517 452 209 313 0.07204224 
729 179 234 209 0.06791508 
620 184 259 284 0.063786246 
86 91 62 94 0.059634086 
0 142 388 448 0.038088657 
45 117 232 227 0.037326816 
343 146 207 260 0.035909194 
268 30 25 31 0.034417827 
62 83 63 89 0.033670116 
251 577 55 61 0.032044664 
825 214 146 134 0.031206017 
178 157 228 248 0.030964183 
68 66 106 140 0.03057136 
673 255 157 167 0.029413473 
350 471 202 263 0.028766597 
101 99 29 41 0.024662418 
819 80 192 285 0.02366959 
572 97 247 291 0.022960162 
454 94 130 186 0.02258608 
286 164 369 464 0.022169182 
141 537 56 67 0.021919757 
141 48 406 436 0.02049108 
