41_Swimming_Swimming_41_380
54
250 120 356 405 0.9842243 
63 70 459 547 0.1261075 
282 524 14 18 0.11694942 
382 214 249 243 0.09366995 
316 521 13 18 0.085308604 
294 254 154 190 0.071659945 
812 76 24 28 0.071495265 
773 443 12 14 0.061681546 
776 478 31 34 0.052391376 
683 379 18 21 0.050078515 
52 372 12 15 0.04848781 
609 326 384 452 0.043827247 
83 608 70 70 0.04223826 
246 49 14 16 0.042084813 
169 186 30 39 0.041756354 
220 84 13 17 0.03992024 
79 309 10 12 0.03959932 
314 511 27 34 0.039509434 
512 58 12 16 0.037232 
435 535 14 17 0.036589 
147 160 16 19 0.035977915 
218 243 432 529 0.035397 
369 61 403 436 0.03487844 
896 197 9 11 0.034117974 
376 30 12 14 0.03255638 
928 224 9 11 0.032207016 
333 43 12 17 0.031112956 
203 16 12 16 0.028689 
759 471 48 56 0.028550478 
478 27 10 13 0.02662486 
730 393 238 280 0.026520014 
933 229 9 11 0.025986059 
340 546 15 19 0.025759997 
111 66 12 17 0.025681019 
77 335 9 12 0.025657542 
295 510 9 12 0.024579389 
198 106 14 19 0.02434777 
597 35 10 12 0.023886694 
794 486 15 18 0.023695383 
431 530 23 29 0.023296101 
214 88 15 21 0.022718392 
409 508 101 145 0.022650456 
398 571 16 18 0.021953592 
419 474 15 16 0.0218868 
96 251 9 11 0.02185036 
663 658 14 17 0.021636974 
976 230 10 11 0.021423046 
952 237 9 12 0.021405475 
982 221 9 11 0.021280413 
451 327 131 161 0.021228459 
693 353 12 14 0.021104995 
717 374 11 13 0.02098115 
280 649 12 16 0.020155981 
976 237 11 13 0.020015119 
