41_Swimming_Swimming_41_128
23
461 211 84 86 0.9588654 
494 369 24 27 0.13426733 
174 182 430 474 0.10118338 
481 417 49 56 0.08174062 
469 480 60 70 0.07233916 
484 179 64 76 0.05870632 
328 274 65 69 0.058253285 
609 61 24 27 0.056021363 
374 108 13 17 0.054683257 
596 201 33 32 0.04352032 
508 414 34 42 0.03591743 
463 164 60 66 0.033283047 
476 436 47 59 0.02863709 
-32 241 437 496 0.0281069 
509 124 24 30 0.027711859 
367 207 396 424 0.024851618 
565 226 133 104 0.02406736 
480 248 42 44 0.024016416 
468 413 33 43 0.023068413 
646 111 388 445 0.0221003 
470 385 97 119 0.021542791 
517 183 30 40 0.020369152 
35 397 24 33 0.020074816 
