41_Swimming_Swimming_41_641
32
457 -21 245 320 0.99846387 
689 163 193 291 0.5418149 
720 241 116 189 0.098369785 
113 542 26 29 0.08686011 
423 34 468 565 0.08485285 
247 37 398 497 0.071555056 
196 187 261 281 0.06289539 
422 178 56 75 0.05347826 
838 118 10 15 0.048066735 
16 431 12 15 0.042387508 
459 30 10 14 0.038639918 
494 78 141 191 0.033931654 
244 413 9 12 0.033930566 
746 281 68 115 0.033876583 
191 470 9 10 0.030577894 
591 161 422 371 0.030515373 
473 12 18 20 0.028538859 
250 542 9 11 0.025680497 
163 338 19 21 0.025021216 
854 251 118 124 0.024206348 
123 531 13 15 0.0227397 
11 429 22 26 0.022672787 
213 321 12 15 0.021845078 
919 320 58 86 0.021659814 
590 427 10 12 0.021262629 
588 422 10 12 0.021253714 
148 467 10 13 0.021219831 
1007 453 9 12 0.021096399 
121 539 16 17 0.020986278 
20 319 11 12 0.020961283 
184 470 9 10 0.020598816 
667 38 50 79 0.020158336 
