41_Swimming_Swimming_41_172
28
284 24 14 20 0.6198514 
338 49 15 17 0.19216211 
280 69 10 13 0.13089553 
917 1 20 19 0.10104402 
292 23 11 15 0.08036185 
500 136 35 42 0.059401684 
721 216 53 59 0.05256723 
290 31 13 18 0.04820017 
284 67 14 16 0.046316523 
327 45 13 15 0.03905257 
346 42 17 18 0.036379278 
201 21 8 11 0.035423312 
290 67 16 17 0.035204202 
967 43 13 16 0.034751523 
254 24 8 10 0.030931942 
910 4 28 32 0.028496895 
748 208 30 38 0.028338237 
309 27 13 17 0.027019942 
459 117 16 20 0.026442306 
204 22 10 11 0.02529822 
299 22 12 15 0.024407614 
693 198 97 95 0.022575518 
486 141 35 36 0.022118486 
349 44 25 26 0.021765765 
264 38 9 12 0.021264737 
402 138 16 19 0.020792749 
361 58 17 18 0.020690484 
286 17 11 13 0.020331217 
