41_Swimming_Swimmer_41_831
38
471 138 175 231 0.99927634 
840 48 42 49 0.6786368 
274 1127 488 573 0.2773888 
147 460 44 48 0.27266607 
813 1137 39 46 0.27062458 
561 771 224 272 0.22828232 
465 1510 15 18 0.1652151 
349 199 518 586 0.14220403 
354 926 457 528 0.12568922 
983 525 23 32 0.09012011 
174 1045 23 29 0.07918631 
455 650 384 405 0.054236848 
618 1451 13 15 0.049978044 
591 1385 13 16 0.046883214 
546 1400 15 18 0.038255442 
975 45 50 91 0.036687374 
548 1494 13 17 0.036627963 
461 1312 17 20 0.03631352 
0 905 12 20 0.035690356 
418 1395 13 16 0.03515338 
373 1309 15 16 0.034013025 
634 1396 16 19 0.03145725 
988 1029 37 65 0.030611107 
515 852 13 18 0.028976228 
172 66 15 19 0.028663892 
148 1022 446 541 0.028589236 
448 1468 14 15 0.026206752 
642 1305 16 17 0.025529874 
153 894 15 17 0.025112022 
261 27 15 18 0.024924355 
964 300 53 113 0.024535347 
125 1126 14 16 0.024071967 
729 1288 26 35 0.023925984 
467 1459 13 15 0.021582527 
-1 579 20 37 0.02082823 
139 894 11 13 0.02061984 
152 66 16 17 0.020576103 
190 61 14 16 0.020219207 
