41_Swimming_Swimmer_41_755
41
878 195 23 27 0.45950425 
894 321 39 45 0.2953088 
310 354 165 207 0.23490523 
876 286 27 33 0.21434923 
870 446 35 41 0.18284783 
866 226 18 22 0.17591082 
873 256 19 23 0.08510525 
916 224 16 21 0.07324092 
379 326 184 238 0.06964383 
873 280 51 65 0.056827255 
856 361 29 38 0.05681135 
60 15 407 466 0.056505155 
866 239 18 23 0.0547646 
538 325 77 105 0.054092094 
870 272 28 33 0.047750764 
845 361 47 62 0.045736488 
935 389 27 32 0.044502817 
881 283 19 21 0.044478346 
855 276 46 64 0.04416744 
825 458 42 58 0.0322991 
696 199 19 22 0.030596819 
901 413 13 17 0.028784227 
983 623 25 34 0.027262146 
110 271 417 532 0.026473153 
895 332 48 62 0.026380468 
875 284 81 98 0.025271315 
834 270 46 67 0.025186041 
988 265 15 23 0.02460117 
978 265 22 35 0.024239507 
510 205 13 17 0.023985913 
498 314 55 69 0.023157144 
948 382 13 15 0.023003599 
881 355 51 68 0.022946684 
852 451 44 59 0.02272243 
865 295 28 37 0.02219391 
77 55 244 307 0.02214625 
418 338 414 511 0.021687873 
897 350 85 116 0.021658376 
868 328 48 65 0.02098625 
831 480 44 60 0.02082195 
869 487 46 64 0.020087091 
