41_Swimming_Swimming_41_699
48
553 207 59 79 0.99872905 
388 309 53 62 0.99749595 
233 325 58 75 0.9970567 
430 234 54 68 0.9969217 
63 372 72 88 0.9923152 
746 311 57 66 0.9921279 
918 269 58 75 0.94632906 
791 260 36 45 0.84473884 
131 305 45 59 0.75181997 
383 693 12 14 0.061931685 
536 444 43 46 0.054999333 
406 153 24 35 0.04630603 
561 445 44 49 0.046108108 
357 145 54 68 0.042746376 
325 572 10 13 0.038679127 
332 304 44 62 0.03855541 
326 159 36 39 0.037576165 
506 471 42 49 0.03598151 
483 693 13 17 0.03591301 
391 152 32 41 0.035597447 
486 457 43 52 0.035360295 
348 570 15 17 0.032763634 
22 181 10 13 0.032384712 
603 605 13 15 0.03211905 
520 456 47 51 0.030446023 
549 704 28 29 0.028962532 
344 196 30 39 0.028689347 
79 30 373 436 0.028322835 
335 586 11 14 0.026799347 
145 311 49 69 0.026746308 
800 259 49 60 0.02643814 
923 266 34 51 0.02629605 
517 489 46 52 0.026224626 
501 509 47 54 0.025922213 
501 448 47 53 0.025794502 
876 263 83 100 0.023893125 
529 470 50 54 0.023178272 
562 707 16 21 0.021559682 
353 303 41 58 0.021404104 
599 610 12 15 0.021382459 
197 252 40 54 0.021253463 
595 643 14 17 0.021247797 
938 278 59 78 0.021074243 
368 691 12 14 0.020898363 
21 175 11 13 0.020802839 
817 446 9 11 0.020576207 
367 142 36 43 0.020427866 
498 290 52 65 0.020382697 
