28_Sports_Fan_Sports_Fan_28_792
18
384 127 141 198 0.9988225 
207 148 354 468 0.095551744 
217 295 252 253 0.09120836 
506 119 217 329 0.07857688 
831 142 153 224 0.070297666 
600 28 392 396 0.06462136 
834 199 60 69 0.05737576 
976 88 49 84 0.04035714 
937 95 54 75 0.036430977 
828 176 93 122 0.036141258 
447 120 163 253 0.034524936 
725 54 190 293 0.034248322 
347 124 358 455 0.033477485 
834 206 35 46 0.027913257 
140 40 220 315 0.026136918 
523 365 71 56 0.025743293 
521 277 215 282 0.025594339 
813 368 15 19 0.020198887 
