28_Sports_Fan_Sports_Fan_28_2
398
623 221 144 181 0.9988751 
214 347 112 120 0.99479324 
182 322 179 203 0.2875134 
76 320 9 11 0.26915926 
535 397 9 11 0.21690015 
109 310 10 14 0.20515966 
738 94 200 181 0.18269946 
8 263 9 12 0.17906581 
47 272 8 10 0.17477274 
16 289 8 10 0.16880296 
530 398 8 11 0.15861195 
24 279 7 9 0.15679602 
87 271 8 12 0.13526775 
13 270 9 10 0.11912682 
94 324 8 11 0.11727859 
81 272 8 10 0.11640218 
65 278 7 10 0.11586125 
10 267 9 11 0.115631 
525 436 13 16 0.11421666 
62 325 10 13 0.10474276 
502 430 9 12 0.09433983 
40 277 7 10 0.09387446 
21 287 8 9 0.090830915 
41 272 8 10 0.09025441 
457 361 6 8 0.08918292 
62 304 8 11 0.08718579 
414 397 10 13 0.08478308 
32 277 8 10 0.08410704 
438 358 7 9 0.084016904 
520 368 8 9 0.08398036 
56 303 9 12 0.08206851 
454 342 8 9 0.08206447 
469 421 11 14 0.07862855 
447 404 9 11 0.078587845 
446 385 7 9 0.07835711 
121 295 8 11 0.078110814 
528 353 8 9 0.07759509 
118 342 9 12 0.07732499 
56 325 9 12 0.07713726 
496 360 7 9 0.0732484 
511 367 8 10 0.0732371 
8 288 7 9 0.073145114 
47 324 8 11 0.072899796 
61 333 11 14 0.072390854 
522 374 7 9 0.07196744 
12 264 9 11 0.07061256 
127 331 10 12 0.0702264 
434 358 7 10 0.069913834 
450 342 7 9 0.06928725 
477 427 10 13 0.06895556 
464 365 8 9 0.06866502 
135 288 8 11 0.06859816 
489 361 6 8 0.06767489 
512 450 11 16 0.067271605 
493 429 11 13 0.06639852 
495 62 389 400 0.0663661 
73 324 9 12 0.066220075 
96 358 10 11 0.06611519 
505 373 8 9 0.06498565 
127 294 8 11 0.064784266 
39 326 9 11 0.06359355 
471 400 8 10 0.06354045 
513 357 7 9 0.06283917 
41 246 7 10 0.06270117 
446 389 8 10 0.06247583 
71 271 9 11 0.0624241 
32 272 8 10 0.06233538 
495 398 8 10 0.062205248 
7 316 8 12 0.060639247 
65 272 8 10 0.060480222 
71 246 9 11 0.06032472 
72 293 10 12 0.060143907 
495 336 7 9 0.059614323 
24 272 8 10 0.059421744 
1013 470 9 12 0.059147123 
504 368 8 10 0.05855284 
439 352 7 10 0.05770434 
110 287 8 11 0.057624888 
15 237 7 9 0.056374546 
489 438 10 12 0.05525051 
6 302 8 11 0.05522433 
968 505 26 29 0.055188987 
113 343 9 11 0.054832548 
496 405 7 10 0.054319482 
415 403 11 15 0.05420485 
8 238 8 10 0.053396057 
480 374 7 8 0.053264067 
26 238 8 10 0.053234164 
0 295 8 12 0.053225834 
413 390 11 13 0.052940626 
835 475 202 211 0.0527015 
82 253 7 9 0.05230866 
425 388 9 10 0.052225377 
497 366 7 9 0.052069556 
509 430 9 11 0.052017856 
473 345 7 10 0.05146308 
478 345 7 9 0.05137562 
469 441 12 17 0.050766625 
104 287 9 11 0.05071186 
454 399 8 10 0.05061268 
690 122 183 232 0.049910318 
1012 513 11 15 0.04975324 
498 353 6 8 0.049717255 
56 278 8 10 0.04933629 
7 310 8 12 0.04921263 
25 247 7 10 0.049112007 
472 391 7 10 0.048976433 
1006 494 12 16 0.048970353 
1 333 8 12 0.04883537 
414 360 8 11 0.048632517 
57 332 10 14 0.048630387 
537 368 7 9 0.04806739 
423 307 10 12 0.047523472 
320 458 25 32 0.047482345 
28 331 14 15 0.04746212 
48 248 8 10 0.04737786 
416 341 8 10 0.04724059 
512 353 7 9 0.047142755 
41 319 9 12 0.04707173 
89 323 9 12 0.04656753 
536 359 6 8 0.046281885 
78 294 9 10 0.04592365 
61 320 9 12 0.04582867 
544 349 7 9 0.045508765 
540 396 8 13 0.0451742 
550 364 9 11 0.045156218 
443 390 7 10 0.04465654 
32 244 7 10 0.04456599 
440 399 9 10 0.043907553 
1 215 8 12 0.04383098 
429 390 7 9 0.043611992 
6 257 8 11 0.04289825 
510 435 10 12 0.04288758 
987 71 13 15 0.041947745 
503 352 8 10 0.041888274 
481 368 7 9 0.041714605 
71 277 7 11 0.041611534 
503 405 8 11 0.0415402 
54 272 7 9 0.041489825 
472 367 6 8 0.041304186 
5 334 9 11 0.041078724 
489 398 7 10 0.040753696 
990 478 11 13 0.040748056 
48 309 9 11 0.04024422 
432 400 8 10 0.040186025 
241 355 201 243 0.04012334 
142 246 362 412 0.04004028 
95 263 7 9 0.039619472 
526 369 7 9 0.039615896 
22 409 14 18 0.03905313 
96 287 8 10 0.039012343 
137 310 9 14 0.038950596 
489 381 8 9 0.03867823 
503 399 8 10 0.038638588 
510 373 8 10 0.03859946 
47 295 8 10 0.038490925 
31 286 9 9 0.038481846 
473 329 7 8 0.0380292 
511 384 8 9 0.037991695 
488 429 11 12 0.037942253 
56 252 7 9 0.0377376 
26 111 8 11 0.03772192 
432 352 8 10 0.037644573 
465 399 8 10 0.037270155 
121 326 10 11 0.037182562 
492 436 11 13 0.036934108 
586 471 188 220 0.0366693 
16 277 9 10 0.036587134 
409 382 9 11 0.03651144 
503 392 7 9 0.036496833 
9 233 7 10 0.03637705 
473 375 6 8 0.036195878 
502 424 10 13 0.036178783 
72 285 9 11 0.03612996 
496 393 7 9 0.035928845 
544 361 7 8 0.035864584 
89 264 9 12 0.03559007 
493 443 11 13 0.035338 
1 316 8 12 0.035135046 
80 335 8 11 0.035035204 
23 253 8 10 0.034578733 
8 102 7 11 0.034508426 
1 285 7 12 0.034471616 
465 345 6 9 0.03440742 
536 414 9 11 0.034267977 
13 317 9 12 0.034082197 
16 256 8 9 0.033870768 
105 280 7 10 0.033750117 
2 240 7 10 0.033736195 
453 30 304 276 0.033697523 
70 340 9 12 0.033666365 
520 381 8 10 0.033655226 
488 376 7 9 0.033561353 
448 367 8 9 0.033549022 
535 351 7 9 0.033447377 
130 288 8 11 0.033308655 
416 325 8 11 0.033164293 
922 71 14 15 0.033154566 
20 292 10 12 0.03312688 
7 325 8 11 0.03300247 
87 293 8 10 0.032964308 
450 337 8 10 0.032866944 
19 388 13 16 0.03284777 
469 415 10 13 0.032784708 
431 404 10 12 0.032752816 
0 149 8 13 0.032421924 
2 261 8 12 0.032163687 
64 255 7 9 0.03214793 
5 340 10 12 0.032123163 
455 430 22 34 0.03176842 
543 366 8 10 0.031738296 
456 366 7 8 0.03165671 
6 221 8 10 0.03114118 
111 349 9 10 0.03099215 
535 337 6 8 0.03086637 
103 305 10 11 0.03077081 
40 294 8 10 0.030759472 
87 335 8 11 0.030397557 
249 492 58 70 0.030348614 
29 301 12 14 0.030134724 
20 376 10 13 0.030027546 
449 358 8 9 0.029998211 
491 336 6 9 0.029943788 
72 312 9 11 0.029837303 
79 341 8 10 0.029749153 
465 376 7 8 0.029698845 
7 215 9 11 0.029689468 
120 334 10 12 0.029673858 
441 376 7 9 0.02963028 
314 202 14 17 0.029560694 
72 240 8 10 0.029552318 
16 380 12 15 0.029246224 
88 287 9 11 0.02905622 
986 514 15 19 0.02904657 
17 247 6 9 0.029015439 
6 293 9 11 0.028958725 
94 363 11 13 0.028678553 
25 88 7 10 0.028677916 
31 240 7 9 0.028614705 
36 332 10 13 0.02858443 
530 336 7 9 0.028393557 
536 344 6 9 0.028296027 
104 352 8 11 0.028031135 
519 422 9 11 0.027999375 
975 469 10 12 0.027768485 
477 436 10 14 0.027724583 
144 130 11 14 0.027670797 
77 313 10 12 0.027531072 
510 400 8 10 0.027432289 
110 280 8 9 0.027356453 
920 478 24 34 0.027284894 
497 329 6 8 0.02713407 
543 374 8 11 0.027042717 
520 358 7 9 0.026994975 
511 336 6 9 0.026977574 
535 404 9 11 0.02675655 
112 290 9 11 0.026509566 
86 255 7 9 0.026476666 
530 344 7 8 0.026425261 
47 301 10 13 0.02641947 
441 344 7 8 0.026416674 
414 384 9 10 0.026377633 
520 430 11 15 0.026212476 
31 294 9 11 0.026203746 
518 443 12 15 0.026191812 
453 405 9 11 0.026107129 
440 404 10 12 0.026046732 
480 414 8 11 0.02601996 
478 349 8 9 0.026001124 
537 373 8 10 0.025969729 
520 415 8 11 0.025943255 
475 444 11 14 0.02585666 
479 391 9 10 0.025784707 
512 342 7 8 0.025724865 
407 351 9 10 0.025671033 
111 305 9 12 0.02566189 
103 239 7 10 0.025629891 
1007 506 14 18 0.02561138 
931 501 17 23 0.025606567 
552 349 7 10 0.025606155 
72 252 8 9 0.025462177 
112 263 7 10 0.025400225 
983 467 10 12 0.025329491 
39 286 8 9 0.025302362 
1 245 7 11 0.025249172 
961 520 30 36 0.02495104 
8 278 8 10 0.024835272 
103 333 8 10 0.024765322 
105 314 11 14 0.02471912 
14 214 8 11 0.024678549 
113 270 7 10 0.024660071 
79 301 9 10 0.02463888 
481 360 7 9 0.024585655 
1 101 7 12 0.024538 
48 287 8 10 0.024440808 
697 11 400 342 0.024388932 
455 353 7 8 0.024372514 
520 407 7 10 0.024342995 
235 620 121 157 0.024307635 
70 301 9 11 0.02427871 
53 249 8 10 0.024256347 
480 383 8 9 0.024254577 
2 255 8 13 0.024132187 
489 342 7 9 0.024105143 
14 103 8 10 0.024041632 
487 366 7 9 0.024017692 
7 245 8 10 0.023978611 
536 424 169 230 0.02395157 
1013 461 10 14 0.02383965 
464 423 20 26 0.02373419 
79 248 8 10 0.023733515 
96 247 8 9 0.023720758 
42 102 8 9 0.023718245 
456 375 7 9 0.023712436 
0 279 8 11 0.023675963 
23 301 10 12 0.023632862 
477 406 9 10 0.023511374 
532 440 12 15 0.023472942 
87 302 8 10 0.023420805 
40 242 7 9 0.023418514 
416 335 8 10 0.02331887 
93 230 9 12 0.023254886 
568 209 69 69 0.023198562 
78 287 8 10 0.023112155 
14 299 10 12 0.023067558 
424 350 9 11 0.02306666 
96 236 9 11 0.023055678 
55 286 8 10 0.023001404 
8 108 8 10 0.022981804 
429 385 8 10 0.022954188 
440 366 7 9 0.022880625 
465 405 8 11 0.022871738 
465 350 7 8 0.022862712 
405 386 21 26 0.022762295 
976 518 19 19 0.022760274 
15 327 9 11 0.022744972 
41 253 7 9 0.022717915 
48 333 9 13 0.02265542 
464 414 10 14 0.022634163 
510 407 8 11 0.022498693 
0 340 8 12 0.022498067 
409 358 10 12 0.022306122 
541 390 9 14 0.022241682 
464 383 8 9 0.022215856 
47 102 8 10 0.022213347 
65 264 7 8 0.022192545 
8 207 9 11 0.022179589 
446 167 7 9 0.022170724 
511 424 9 11 0.022147434 
996 514 15 19 0.02211262 
968 498 42 51 0.022084745 
464 172 9 11 0.022080263 
6 84 9 11 0.022019947 
465 319 6 8 0.021946149 
117 318 9 11 0.021914255 
124 342 10 12 0.021865271 
519 352 8 10 0.021825565 
424 95 8 11 0.021743987 
504 413 9 11 0.021648286 
544 346 6 8 0.021567876 
29 345 13 16 0.02156073 
419 410 11 15 0.021549424 
54 295 10 11 0.021521509 
936 547 12 16 0.021493258 
519 458 12 14 0.02148952 
456 383 7 9 0.02147996 
26 231 8 10 0.021420093 
24 263 7 10 0.02134578 
488 406 8 10 0.021345029 
510 413 9 11 0.021319304 
102 291 9 11 0.021154625 
8 460 25 28 0.021141605 
32 264 7 9 0.021138152 
-1 349 10 15 0.021095006 
147 127 12 14 0.020968536 
69 333 10 13 0.020946935 
503 358 7 10 0.020930469 
415 464 44 60 0.020921497 
30 316 13 14 0.020912817 
842 53 172 154 0.020875989 
495 374 8 10 0.020837229 
505 383 8 9 0.020812802 
431 327 7 10 0.020801196 
401 301 8 10 0.020610465 
15 207 8 10 0.020516131 
475 450 12 15 0.02050895 
424 324 9 11 0.020483254 
1006 513 13 19 0.020480797 
449 321 7 9 0.020420128 
536 384 9 10 0.02036906 
96 334 8 10 0.020350415 
47 382 10 12 0.020273263 
527 403 9 11 0.020233525 
478 398 10 11 0.020137936 
421 397 10 11 0.020107828 
125 300 8 11 0.020093057 
32 215 7 9 0.02003838 
38 348 10 13 0.020022651 
