28_Sports_Fan_Sports_Fan_28_643
21
364 58 92 123 0.99917847 
172 57 109 142 0.9987037 
516 134 98 146 0.998019 
308 301 126 108 0.2185631 
301 409 80 73 0.15227687 
223 328 60 90 0.08345421 
343 293 69 79 0.05508957 
290 333 114 127 0.050448112 
519 384 53 57 0.048074886 
53 37 96 118 0.04380076 
518 42 96 123 0.041725043 
550 74 208 231 0.03836396 
691 261 100 133 0.03790789 
100 38 150 179 0.03430237 
280 232 185 190 0.031929296 
298 381 67 74 0.031260565 
63 60 35 44 0.02686862 
44 73 60 72 0.025838356 
683 -32 373 458 0.024858376 
533 28 59 71 0.023439141 
527 403 58 62 0.022545766 
