28_Sports_Fan_Sports_Fan_28_244
146
594 81 45 57 0.6289869 
329 64 35 54 0.5650744 
951 286 28 35 0.39869106 
929 279 18 25 0.30692166 
890 310 23 29 0.28501135 
239 149 68 91 0.23029183 
52 203 22 27 0.21059646 
391 83 50 70 0.17569323 
933 13 18 23 0.15437292 
972 15 17 20 0.14410491 
20 329 15 20 0.1402709 
339 55 53 67 0.12394486 
189 212 36 42 0.117993295 
565 73 41 57 0.115884975 
239 211 66 89 0.111715734 
102 109 17 22 0.10791294 
932 277 26 34 0.10650124 
13 263 24 30 0.10595691 
634 139 28 36 0.101930894 
1004 -2 18 17 0.09971687 
60 149 17 21 0.09478253 
686 335 33 45 0.09408481 
122 607 58 79 0.09312395 
151 118 32 39 0.09295797 
974 293 25 31 0.0902019 
66 242 17 20 0.08940841 
549 71 39 57 0.08601311 
882 272 18 23 0.08529006 
687 -3 36 34 0.08127364 
224 130 65 84 0.079372324 
325 87 53 72 0.075341664 
864 83 41 55 0.07417107 
176 217 40 52 0.07410144 
117 278 15 21 0.07275939 
805 17 29 33 0.06679468 
962 78 15 22 0.06384618 
1005 233 16 22 0.06365061 
373 67 52 71 0.063290216 
20 82 16 22 0.062021647 
45 32 17 22 0.06197479 
795 23 43 53 0.060606323 
209 118 57 71 0.05869312 
938 196 23 32 0.053955883 
206 156 82 109 0.053679824 
433 516 41 59 0.05273392 
737 0 30 28 0.050358057 
930 54 19 23 0.048053484 
883 12 19 23 0.04794973 
512 24 50 64 0.044672534 
128 249 26 31 0.044538956 
530 14 19 19 0.044373654 
879 68 44 62 0.042871576 
666 325 51 71 0.04223097 
-1 142 13 23 0.042184435 
202 87 31 38 0.04167632 
730 122 19 23 0.041409146 
45 257 16 20 0.041289028 
426 529 29 38 0.040509492 
868 264 27 31 0.04037973 
25 88 17 22 0.039838187 
357 47 42 48 0.03943932 
410 333 18 24 0.03934095 
523 21 31 37 0.039255705 
580 84 34 40 0.038684014 
206 94 52 63 0.038310643 
643 301 51 71 0.038227808 
69 82 17 20 0.037419114 
228 96 55 75 0.036733363 
413 521 45 66 0.035329085 
335 110 57 74 0.03502907 
863 121 29 39 0.033701967 
267 133 62 72 0.033572588 
153 440 15 20 0.033496063 
208 425 27 40 0.032799438 
901 41 16 19 0.03264662 
102 208 26 34 0.03256013 
91 16 26 34 0.032511525 
369 352 27 34 0.03231976 
889 269 16 19 0.032004766 
613 115 44 59 0.031960007 
557 84 15 21 0.031491753 
643 140 17 21 0.031327046 
780 250 45 52 0.031202797 
119 36 26 29 0.030729515 
405 386 49 68 0.029856851 
1010 36 14 21 0.02951068 
716 90 82 126 0.02930523 
564 83 15 21 0.029089915 
225 432 16 20 0.028923217 
779 9 50 50 0.028866382 
528 60 45 63 0.027858803 
448 495 48 68 0.0275442 
696 -3 49 46 0.027521437 
110 125 44 50 0.027462287 
743 0 48 45 0.027406977 
212 413 13 19 0.027062144 
652 275 45 65 0.027057469 
4 156 16 26 0.026172096 
1006 65 14 22 0.026064353 
112 138 26 32 0.025838653 
777 106 19 24 0.02552819 
163 232 44 60 0.025522983 
831 428 53 86 0.025304057 
410 406 29 33 0.025142154 
733 0 20 21 0.02493026 
891 200 49 64 0.024873583 
457 468 47 65 0.024404746 
207 160 37 44 0.02436883 
342 525 53 76 0.024041321 
454 192 117 141 0.024024097 
13 258 17 22 0.023790821 
606 442 55 75 0.02365986 
867 98 20 26 0.023622412 
-3 146 18 36 0.023500515 
44 132 14 19 0.02321662 
26 63 17 20 0.023176739 
881 291 38 48 0.0231536 
896 321 20 26 0.023036474 
938 5 22 28 0.022931203 
407 56 51 64 0.022891345 
969 255 19 22 0.022769932 
977 145 16 20 0.022708224 
367 76 37 47 0.022607379 
729 31 50 59 0.022587294 
918 83 15 20 0.022348737 
569 86 16 22 0.022052154 
330 121 83 109 0.021827029 
92 118 43 53 0.021804303 
205 210 79 106 0.021648826 
479 52 48 60 0.021470046 
587 113 33 41 0.021327265 
784 0 18 19 0.021275561 
325 159 55 71 0.0210275 
363 110 54 76 0.020983603 
724 4 86 106 0.020937553 
822 273 14 17 0.020822411 
360 307 13 16 0.020678299 
115 588 95 128 0.020622443 
144 238 41 57 0.02046624 
405 186 14 18 0.020465799 
32 90 16 22 0.020453593 
653 321 84 111 0.020246662 
998 0 17 19 0.020194054 
593 105 47 62 0.020169102 
770 329 16 20 0.020157723 
386 512 87 119 0.020153265 
