28_Sports_Fan_Sports_Fan_28_124
19
148 280 521 620 0.99972445 
220 57 577 657 0.9508235 
70 76 456 591 0.6616541 
531 940 454 525 0.5988414 
231 539 495 501 0.29112875 
384 22 371 436 0.2631674 
355 1228 452 480 0.19884011 
543 -11 359 437 0.1731734 
584 1043 300 292 0.08853278 
425 983 367 420 0.07302331 
2 0 112 151 0.06271496 
506 199 371 500 0.059016135 
-3 3 200 273 0.052257888 
66 865 469 505 0.03692791 
689 26 234 284 0.034656595 
250 1049 490 530 0.034294493 
4 8 64 96 0.03140049 
673 1 128 98 0.02882379 
409 435 399 507 0.023566041 
