28_Sports_Fan_Sports_Fan_28_751
73
192 128 50 62 0.9981359 
525 238 59 66 0.99769104 
17 157 40 52 0.98911077 
582 250 171 291 0.6242247 
130 6 30 34 0.4294999 
678 23 43 53 0.416521 
853 471 53 68 0.30966467 
936 0 29 24 0.27115974 
934 44 29 36 0.22016658 
12 232 45 54 0.20367289 
91 182 14 17 0.18314074 
614 384 111 165 0.18071881 
804 330 208 250 0.15915987 
324 479 36 48 0.12769128 
450 -1 29 27 0.110251315 
360 322 100 141 0.09945216 
970 373 46 59 0.09935876 
702 295 203 279 0.09515267 
101 0 25 24 0.08878178 
299 30 52 58 0.08516582 
444 5 19 23 0.070575036 
882 17 17 24 0.06829542 
696 29 45 56 0.057879277 
292 55 58 69 0.051743705 
808 423 95 130 0.050203424 
672 388 98 156 0.04812773 
97 154 15 20 0.042714737 
85 325 31 39 0.042261414 
848 445 91 108 0.041049168 
0 339 19 34 0.03899804 
303 359 10 12 0.037664354 
281 35 97 108 0.036961056 
464 261 54 78 0.035943307 
713 -2 18 16 0.03449302 
301 364 13 17 0.03350158 
4 226 30 43 0.032284047 
358 321 50 60 0.0315405 
888 25 16 20 0.031176973 
497 238 198 245 0.030702915 
275 384 15 19 0.030579505 
642 352 65 112 0.029870134 
9 385 91 151 0.02942222 
170 -2 20 17 0.029048324 
110 101 44 51 0.028466493 
975 394 28 37 0.028431976 
918 417 25 27 0.02801309 
363 310 32 36 0.026643109 
141 458 133 182 0.026638122 
907 0 19 19 0.026134541 
169 136 26 43 0.025951358 
414 349 34 42 0.025607845 
879 405 98 117 0.025354905 
728 22 26 36 0.025128553 
200 74 12 17 0.024950285 
300 45 30 36 0.024524763 
380 340 65 75 0.024391036 
822 458 58 80 0.024042876 
933 463 97 141 0.023668028 
115 95 30 37 0.023638716 
261 365 11 14 0.023412017 
637 44 41 58 0.02331034 
951 386 54 59 0.023067337 
378 144 46 64 0.02287704 
930 366 17 22 0.022346593 
988 369 13 19 0.022200473 
756 418 105 128 0.021968167 
439 -7 45 49 0.02134228 
285 578 55 68 0.021169689 
308 212 13 18 0.020904027 
711 422 97 131 0.02085132 
132 0 50 50 0.02057975 
788 31 56 71 0.020498278 
615 283 111 178 0.02008885 
