28_Sports_Fan_Sports_Fan_28_86
29
104 788 172 258 0.996774 
555 147 67 71 0.90564615 
394 543 323 418 0.46370897 
507 615 195 256 0.12879398 
654 639 31 46 0.12551768 
317 729 60 72 0.1095779 
318 179 362 490 0.10615366 
274 545 94 139 0.078677855 
328 599 233 312 0.054726414 
93 517 119 153 0.05004256 
356 1256 18 20 0.048524767 
504 683 49 54 0.041525092 
234 204 284 255 0.040961005 
290 566 59 86 0.03942441 
678 918 131 141 0.0346045 
562 116 53 69 0.0342696 
518 693 58 61 0.031620666 
669 646 56 67 0.031364433 
312 827 487 539 0.030818945 
184 542 322 441 0.028572056 
581 161 42 45 0.02825179 
234 523 171 235 0.028152145 
302 639 16 18 0.026937652 
302 685 105 134 0.024870597 
332 623 14 18 0.024430169 
519 673 119 123 0.024157492 
660 657 17 26 0.02364794 
420 1253 16 21 0.021135759 
59 598 336 448 0.02020939 
