28_Sports_Fan_Sports_Fan_28_711
30
408 59 199 298 0.8999466 
746 312 206 260 0.49006987 
426 124 131 159 0.47254187 
675 623 228 304 0.18704343 
343 5 339 441 0.18082125 
38 35 216 284 0.17518403 
548 412 158 253 0.14702463 
288 308 371 487 0.09698315 
803 416 180 203 0.09567196 
553 654 231 284 0.08379926 
121 384 424 549 0.06130435 
66 149 137 175 0.05983602 
88 656 134 180 0.049360942 
857 155 65 79 0.045275345 
60 587 224 330 0.04436377 
441 167 82 92 0.038465325 
491 366 11 13 0.02792126 
68 99 123 143 0.027475817 
-68 397 355 504 0.026453001 
511 362 13 16 0.026212903 
89 47 356 433 0.025504285 
-55 -58 369 514 0.024252255 
769 295 122 186 0.02385983 
507 382 11 14 0.02264529 
572 397 9 11 0.022206498 
569 364 10 13 0.02202808 
413 116 12 14 0.021864261 
399 87 106 166 0.020656541 
780 60 227 240 0.020289166 
252 394 239 283 0.020011632 
