28_Sports_Fan_Sports_Fan_28_862
91
439 130 122 153 0.9995449 
211 497 41 48 0.9887433 
295 522 26 36 0.29215026 
529 1397 80 67 0.28645906 
540 1436 75 74 0.17244586 
149 730 15 17 0.123442166 
303 708 44 68 0.10988349 
719 746 105 137 0.094407685 
357 730 46 63 0.08759294 
186 210 27 32 0.07601175 
136 714 11 13 0.074743934 
1 810 10 15 0.07472191 
212 684 16 18 0.07397357 
321 583 60 97 0.07135137 
171 0 31 27 0.06978471 
239 731 44 52 0.06926137 
141 733 12 16 0.06420206 
345 614 33 59 0.060623765 
20 98 44 64 0.05916304 
192 699 9 12 0.057843715 
299 734 32 42 0.055495575 
337 722 48 68 0.055344358 
0 781 9 14 0.054056015 
41 258 17 21 0.052417625 
349 706 49 58 0.048066054 
398 661 17 21 0.04403888 
198 -4 34 38 0.041066177 
300 508 26 35 0.04090715 
926 580 13 15 0.0403134 
185 404 24 31 0.040307656 
163 505 41 54 0.03765027 
892 749 124 171 0.037190888 
14 812 10 12 0.037023377 
955 737 31 35 0.03646622 
133 733 13 19 0.036292 
207 695 24 28 0.036235355 
180 747 14 17 0.03584492 
423 636 348 449 0.03537288 
217 772 46 55 0.035010923 
261 1268 231 186 0.03458478 
875 726 14 18 0.03435861 
171 734 13 17 0.033092607 
172 699 12 15 0.03224098 
907 845 65 85 0.032097287 
222 746 12 17 0.031415127 
702 656 162 234 0.031225095 
282 293 16 19 0.028972823 
463 788 215 221 0.028267972 
354 560 25 36 0.028234439 
184 253 13 16 0.028199391 
93 750 12 15 0.02818627 
943 731 30 36 0.027886488 
150 716 12 14 0.027630866 
197 747 15 18 0.02744964 
197 725 13 16 0.027399931 
165 734 13 17 0.027010951 
-1 746 20 32 0.026753174 
323 719 30 47 0.02664963 
164 270 11 15 0.026078168 
192 223 19 24 0.025417903 
530 664 27 33 0.025261136 
592 81 50 63 0.024788205 
141 725 14 17 0.02436243 
224 706 49 53 0.024301996 
373 719 55 65 0.02414056 
507 1350 118 120 0.023912583 
1006 373 12 15 0.023455558 
950 591 14 21 0.023176221 
189 359 16 20 0.023081666 
157 716 10 12 0.022906916 
559 481 62 78 0.02277969 
176 -7 45 47 0.022436595 
76 786 21 29 0.022388732 
216 703 27 32 0.022259533 
30 792 11 15 0.022173613 
-7 686 42 61 0.022124061 
218 700 17 20 0.02198801 
276 723 48 60 0.021949798 
825 726 31 41 0.021885438 
181 513 28 37 0.021431714 
749 800 68 81 0.021030247 
868 317 21 30 0.020809526 
5 616 51 73 0.020674335 
689 158 15 17 0.020668076 
547 1459 47 44 0.020527562 
216 791 27 33 0.020441907 
141 743 13 18 0.020383308 
315 483 15 19 0.020261286 
133 711 22 26 0.020225761 
241 347 17 21 0.020192804 
221 808 14 17 0.020051423 
