28_Sports_Fan_Sports_Fan_28_866
28
450 133 111 154 0.9996575 
979 331 28 38 0.14921586 
275 204 412 452 0.10408406 
111 390 47 49 0.07086526 
947 412 48 64 0.06119796 
875 382 27 30 0.047373347 
749 540 21 27 0.043977417 
894 228 12 16 0.042889375 
890 395 14 18 0.041214805 
41 385 43 53 0.041192308 
884 252 12 15 0.037285775 
912 229 11 14 0.031615604 
855 117 22 32 0.030737009 
907 167 26 33 0.030609615 
768 566 53 69 0.03059259 
873 388 18 19 0.03053148 
829 212 11 13 0.027291782 
127 399 28 30 0.027063094 
925 244 11 15 0.026695618 
848 259 12 16 0.02643774 
915 182 15 21 0.02563345 
824 197 11 14 0.024227977 
883 390 24 31 0.024224535 
0 342 11 15 0.023966296 
898 153 28 36 0.022561988 
107 396 29 34 0.020653276 
901 217 12 16 0.02021903 
918 190 14 18 0.02000983 
