28_Sports_Fan_Sports_Fan_28_697
124
742 1292 78 94 0.98797274 
387 543 248 205 0.838418 
703 719 336 444 0.6582922 
63 22 205 263 0.4759491 
6 1253 53 97 0.38821527 
550 350 158 219 0.37459442 
139 1381 46 61 0.36268008 
315 1345 103 122 0.3324929 
295 1186 333 419 0.304054 
914 871 110 155 0.27698043 
473 613 227 295 0.16432701 
377 944 440 489 0.16322874 
853 768 148 212 0.15042515 
736 1330 89 113 0.14846386 
903 1109 61 59 0.1378771 
703 1244 93 116 0.13678533 
725 1397 80 91 0.13148391 
301 1260 208 257 0.11251132 
624 1144 191 275 0.11043021 
531 1421 32 42 0.092997 
146 1363 33 42 0.0912562 
119 39 223 170 0.08162789 
121 1312 28 36 0.08025949 
94 999 234 320 0.08017765 
472 389 199 268 0.078641966 
-5 1348 100 184 0.07644625 
744 1356 114 136 0.07495155 
970 1184 54 95 0.073597014 
809 1355 109 149 0.07211367 
198 1246 48 59 0.06876894 
292 1370 64 71 0.064973585 
346 885 134 178 0.06485194 
97 953 416 531 0.062845096 
586 600 346 479 0.061607063 
450 1430 78 88 0.06093485 
20 488 222 324 0.05742293 
44 1333 45 77 0.05681136 
-2 1258 80 153 0.056715786 
270 1174 27 31 0.056309197 
582 355 102 116 0.05586759 
22 979 188 309 0.054799818 
209 82 117 104 0.053301107 
256 1381 25 32 0.04863348 
877 1093 96 97 0.043449756 
68 1085 107 166 0.04335098 
342 1329 69 92 0.042495564 
272 1233 28 38 0.042357918 
872 1437 57 83 0.04235372 
14 1308 47 119 0.041110046 
156 1302 27 36 0.040365174 
782 1229 59 67 0.04026987 
364 68 127 128 0.038674437 
299 540 183 215 0.038519762 
971 1450 31 39 0.038166605 
648 897 393 438 0.037662745 
357 1195 51 58 0.037217405 
58 1328 31 38 0.035296977 
742 953 56 61 0.03513898 
-43 414 378 504 0.035128795 
400 1381 138 152 0.03371978 
601 373 45 45 0.03304526 
933 996 97 145 0.03295675 
551 1370 102 126 0.032848604 
754 952 219 268 0.03214509 
-39 832 350 489 0.03197217 
102 1294 48 56 0.031896666 
490 332 111 169 0.03133462 
162 1363 27 33 0.029312015 
912 1103 96 129 0.02924045 
199 1123 49 63 0.029222324 
262 1342 105 116 0.02919895 
735 1218 97 109 0.029037753 
-2 1057 83 141 0.02876278 
855 1385 85 122 0.028647825 
550 1063 319 418 0.028536323 
1 1079 53 88 0.02815496 
318 949 107 130 0.027773831 
584 1481 71 70 0.027631186 
881 1019 113 143 0.027565045 
151 991 32 37 0.027127577 
208 1335 108 122 0.026867224 
97 1254 47 53 0.026680794 
179 899 208 258 0.026326992 
178 1143 48 62 0.026196653 
332 1051 51 59 0.025368163 
113 1228 49 58 0.025002135 
283 639 135 152 0.024959102 
847 1274 49 68 0.024496704 
829 1349 70 91 0.024430398 
214 1448 58 71 0.024112692 
193 1369 27 33 0.023847312 
225 1140 36 45 0.023474645 
922 910 71 91 0.023275832 
134 1402 34 45 0.023062775 
37 1429 67 98 0.022942359 
345 1352 140 148 0.02265743 
265 1425 25 31 0.022557197 
238 1440 54 65 0.022428349 
405 1188 61 62 0.02225623 
226 1206 47 57 0.022127688 
32 1257 47 72 0.021865241 
465 987 284 291 0.02175211 
0 1401 58 113 0.021745889 
132 1365 75 100 0.021662591 
731 1059 203 260 0.02162336 
538 1404 48 56 0.021613128 
838 1260 44 59 0.021539435 
890 946 115 153 0.021446398 
71 1175 49 71 0.02140934 
780 675 210 341 0.021347549 
66 1343 47 58 0.021171605 
780 1313 99 126 0.02111538 
311 21 219 208 0.020964902 
795 1086 129 149 0.020959582 
29 1038 36 43 0.020934949 
446 1149 59 56 0.020879863 
91 1219 49 61 0.020864895 
4 67 104 168 0.020775136 
902 1129 63 77 0.020561617 
320 1269 113 147 0.02053337 
534 -20 434 529 0.020511415 
918 1173 96 128 0.020446042 
48 1053 51 69 0.020195263 
318 1419 54 67 0.02000017 
