24_Soldier_Firing_Soldier_Firing_24_268
45
482 436 125 166 0.9989434 
39 732 385 417 0.84597725 
738 444 59 67 0.7250991 
943 870 85 130 0.24437727 
396 66 256 305 0.22594656 
369 480 115 120 0.17820823 
165 -62 395 466 0.16422355 
29 818 244 258 0.14694864 
646 18 369 531 0.13385864 
673 896 67 72 0.12518421 
710 437 54 65 0.094098814 
516 787 216 219 0.08398765 
154 31 242 296 0.07709878 
343 828 222 225 0.076436825 
719 437 9 13 0.06919442 
10 29 521 599 0.06723583 
-11 861 128 156 0.06045902 
287 519 19 21 0.059429184 
-88 427 492 646 0.058214985 
529 836 118 143 0.05647085 
712 450 33 40 0.055413656 
385 532 59 67 0.055157196 
303 724 332 393 0.052821428 
528 396 168 206 0.047827274 
618 789 224 211 0.047516298 
312 -10 426 473 0.043644864 
502 680 116 157 0.043203156 
638 866 107 122 0.038360145 
726 409 99 127 0.0356024 
563 864 136 131 0.02870088 
379 44 139 205 0.028275983 
6 912 62 83 0.028124345 
350 908 134 149 0.027583899 
404 506 16 16 0.026249066 
499 563 18 22 0.025630975 
379 965 66 69 0.025264844 
806 1012 10 13 0.025243435 
388 545 31 37 0.024734944 
588 847 76 91 0.024129288 
60 31 232 312 0.023598958 
22 870 74 97 0.023341512 
869 710 114 137 0.0220581 
358 539 109 125 0.021832721 
546 846 70 93 0.02142249 
986 1095 7 10 0.02058723 
