24_Soldier_Firing_Soldier_Firing_24_633
98
0 273 28 47 0.9804791 
877 397 43 59 0.9723994 
764 397 43 47 0.32977974 
193 95 22 27 0.28628236 
445 445 44 57 0.25511643 
713 574 27 31 0.2306088 
109 20 10 13 0.20722044 
360 491 56 69 0.18661897 
663 465 49 73 0.16652995 
756 603 17 19 0.14151612 
782 131 27 33 0.13632771 
473 442 28 46 0.1328797 
175 21 10 14 0.11721493 
990 371 13 16 0.10306374 
810 435 15 22 0.09565495 
861 408 30 47 0.09562657 
293 104 24 28 0.09146552 
486 389 45 52 0.0909164 
996 191 28 38 0.08952518 
345 116 28 33 0.08680977 
861 551 149 278 0.085344575 
151 0 10 10 0.08247014 
998 106 11 14 0.07739411 
304 108 16 21 0.07588965 
499 405 40 57 0.07561462 
1001 24 21 38 0.072622314 
324 18 12 16 0.07227902 
847 419 32 40 0.07221711 
973 386 16 23 0.07115585 
168 20 10 13 0.06172506 
688 63 9 12 0.058853842 
426 454 53 62 0.05743228 
998 62 8 12 0.055897072 
137 27 9 13 0.052639067 
783 353 14 18 0.052599486 
161 21 9 12 0.05186856 
479 431 41 58 0.04944912 
957 62 9 12 0.04817715 
778 407 41 50 0.04688218 
538 606 63 85 0.046772182 
157 0 9 10 0.04504861 
33 665 256 246 0.043368608 
927 78 13 16 0.039228357 
949 243 17 19 0.039178293 
488 388 27 32 0.03807558 
823 429 30 36 0.0372442 
772 385 29 37 0.03677737 
147 99 19 22 0.035955567 
139 24 11 13 0.035907965 
117 29 9 12 0.035696045 
806 790 12 16 0.035451993 
104 16 11 14 0.034448735 
390 477 56 69 0.03424661 
654 67 11 13 0.0335242 
148 11 10 13 0.03237283 
811 422 25 35 0.031775203 
95 30 9 11 0.031746525 
945 247 25 30 0.031039529 
822 433 45 55 0.030592563 
455 423 45 61 0.030583581 
110 24 12 16 0.030369906 
800 420 24 33 0.030285 
116 22 9 11 0.030024733 
776 0 11 11 0.02969908 
771 387 16 22 0.02861911 
846 437 29 38 0.028503641 
1000 386 26 36 0.028502693 
859 637 94 136 0.027095469 
687 426 48 70 0.026571415 
144 4 11 14 0.026360542 
127 12 9 11 0.02552016 
650 448 81 112 0.025254915 
431 421 51 61 0.025201201 
724 743 36 44 0.024759086 
129 28 8 12 0.024623092 
752 606 26 34 0.024465315 
128 23 9 11 0.023605721 
715 588 27 33 0.023540314 
705 653 36 56 0.023521706 
860 416 17 27 0.023289395 
177 102 192 317 0.023188623 
794 402 41 50 0.023169087 
124 6 12 13 0.022892768 
692 66 10 13 0.022624455 
71 39 8 9 0.022584036 
399 38 10 13 0.022326175 
981 382 23 30 0.021830378 
749 405 33 44 0.021792442 
823 403 41 51 0.021739911 
681 68 8 11 0.021644797 
85 53 9 12 0.021579662 
175 6 9 11 0.021428388 
146 0 11 11 0.021428179 
37 198 53 70 0.021212364 
486 550 103 148 0.02080746 
556 530 172 162 0.02026537 
986 400 15 22 0.020245688 
964 18 10 14 0.020149197 
