24_Soldier_Firing_Soldier_Firing_24_264
50
278 52 60 82 0.98168856 
741 139 56 76 0.94580156 
517 217 15 19 0.8656613 
586 226 13 17 0.47800303 
590 136 14 20 0.18300338 
349 187 40 67 0.15185644 
901 186 14 16 0.12916705 
690 221 25 33 0.11575164 
894 184 13 16 0.10043788 
588 185 13 17 0.09170198 
886 234 27 29 0.08702087 
704 219 28 39 0.06449522 
340 189 31 52 0.062310588 
903 193 14 18 0.05972318 
924 272 20 32 0.05749967 
347 127 46 63 0.048470132 
691 213 19 24 0.046069033 
360 187 51 86 0.04464116 
583 216 12 16 0.042017117 
559 139 12 16 0.041148093 
312 65 38 54 0.040679954 
871 231 28 32 0.038002938 
327 197 48 70 0.036044177 
958 252 12 16 0.035146672 
589 175 11 15 0.03395936 
953 421 26 40 0.030971957 
527 140 12 15 0.030291002 
833 153 218 248 0.027655646 
900 230 24 30 0.027108438 
722 288 44 63 0.02691028 
612 187 11 15 0.026822852 
919 234 14 19 0.026619215 
412 162 44 61 0.02563385 
838 180 12 19 0.024606396 
979 79 44 77 0.024514401 
731 402 66 61 0.024410993 
915 229 23 31 0.024064546 
874 221 42 48 0.023989089 
793 268 30 43 0.022931417 
669 195 12 15 0.022660144 
377 193 56 95 0.022598688 
845 184 14 20 0.022473438 
431 160 27 44 0.021893062 
907 183 13 18 0.02134796 
897 191 25 30 0.021331279 
883 297 14 18 0.020677641 
745 202 35 44 0.020665035 
863 289 26 30 0.02046376 
959 269 13 17 0.020165775 
675 270 208 210 0.02007366 
