24_Soldier_Firing_Soldier_Firing_24_904
21
290 -74 385 468 0.99710685 
174 73 405 461 0.78618854 
45 188 393 369 0.23715673 
255 -33 282 299 0.15504465 
483 -51 357 398 0.073267356 
581 287 36 44 0.072958715 
451 2 70 69 0.05886545 
330 88 148 178 0.05822508 
541 312 53 59 0.054777946 
535 10 154 138 0.051430933 
428 167 75 59 0.043718643 
645 18 218 253 0.03602737 
35 323 284 192 0.035521384 
536 -14 236 230 0.03385661 
506 312 66 68 0.03305696 
467 189 67 64 0.031011095 
552 293 53 60 0.026607413 
445 -4 117 119 0.024710683 
431 55 141 147 0.023033205 
-29 352 215 219 0.022153802 
381 130 128 119 0.020257179 
