24_Soldier_Firing_Soldier_Firing_24_281
35
464 152 24 30 0.061255153 
241 709 55 58 0.050001923 
975 565 11 14 0.041577265 
328 436 10 13 0.04037637 
982 572 10 13 0.03966388 
833 559 56 71 0.034349285 
34 369 17 21 0.033167314 
318 609 43 55 0.033041578 
271 436 11 14 0.03159256 
324 421 11 13 0.031100165 
847 570 16 21 0.030889109 
515 423 380 483 0.030481754 
142 184 49 64 0.029986456 
718 418 11 15 0.029671533 
515 158 16 19 0.02931183 
1 789 9 14 0.029115766 
537 522 58 53 0.029060965 
157 428 10 13 0.028260853 
1006 573 10 13 0.0278542 
45 413 10 14 0.02735431 
314 606 209 203 0.026610356 
124 479 50 51 0.024812285 
245 443 10 13 0.024496922 
218 660 56 55 0.024357965 
835 518 48 56 0.02397454 
287 471 10 11 0.023675209 
160 743 55 55 0.023565156 
90 342 24 32 0.023357444 
988 573 9 12 0.023299137 
476 549 15 18 0.022784876 
476 542 12 13 0.021859556 
468 659 100 118 0.021564133 
138 442 24 29 0.02152107 
90 443 15 18 0.021252131 
982 621 10 13 0.02038224 
