24_Soldier_Firing_Soldier_Firing_24_703
28
479 3 69 77 0.99855286 
237 52 72 98 0.9902304 
348 55 70 89 0.9866501 
647 48 53 63 0.9603935 
325 128 204 227 0.26027262 
679 181 39 51 0.088660926 
172 92 87 120 0.088077836 
605 168 35 53 0.084100075 
351 439 36 44 0.080587365 
222 51 55 80 0.055268325 
118 303 14 19 0.052355766 
342 202 134 129 0.04187021 
92 200 108 128 0.04172612 
586 154 42 58 0.03954431 
760 662 53 72 0.03915151 
143 292 11 14 0.03531324 
678 33 390 396 0.032240544 
277 47 81 109 0.03003511 
748 493 49 69 0.029731577 
544 142 43 56 0.028605964 
150 130 125 120 0.02803001 
24 356 10 13 0.026888937 
134 306 12 16 0.026196094 
558 151 44 55 0.022906514 
198 378 54 67 0.021699551 
289 284 48 79 0.021138724 
551 203 15 20 0.020438613 
258 361 23 28 0.020018658 
