24_Soldier_Firing_Soldier_Firing_24_431
150
232 142 47 62 0.9558676 
195 105 55 74 0.21697782 
163 147 51 64 0.14825459 
852 234 12 17 0.12969115 
190 142 59 75 0.114217274 
958 407 17 18 0.09804483 
515 451 16 20 0.09139683 
719 406 10 12 0.08655109 
511 458 13 16 0.08073386 
413 394 11 14 0.07658153 
314 248 44 53 0.06924539 
1014 271 8 11 0.06458913 
587 455 15 16 0.057302523 
430 396 13 14 0.055762336 
727 447 11 13 0.051784344 
720 401 9 11 0.050671175 
459 396 13 15 0.04928038 
750 304 9 11 0.04613894 
646 278 10 13 0.045103554 
831 121 30 37 0.04175974 
447 396 12 15 0.04038547 
976 271 8 10 0.039972764 
710 412 10 12 0.038933646 
855 222 11 13 0.038801983 
538 456 15 19 0.038661864 
480 402 11 14 0.038515355 
452 444 12 14 0.038131014 
168 98 58 76 0.037089404 
738 278 9 12 0.036743816 
742 413 9 11 0.036523648 
919 287 8 10 0.03608542 
670 429 10 11 0.035179175 
459 403 12 15 0.034841694 
943 302 8 10 0.03474034 
757 222 11 14 0.033804175 
0 261 11 17 0.03345931 
81 190 174 250 0.033161215 
911 279 9 11 0.03173247 
249 134 35 50 0.03169939 
436 395 12 15 0.031664424 
461 454 13 17 0.031431656 
734 439 9 11 0.03139323 
933 265 13 16 0.031223105 
510 391 9 11 0.030818786 
975 296 8 9 0.030691128 
563 467 17 20 0.030655228 
785 293 10 12 0.030560488 
849 288 8 10 0.030466493 
678 270 9 12 0.030180821 
1010 271 8 10 0.030081686 
713 474 16 19 0.029976841 
518 453 22 26 0.029789519 
139 148 47 62 0.029782875 
805 253 14 17 0.029698845 
680 439 11 13 0.02939845 
691 476 13 15 0.029259179 
764 467 11 14 0.029007645 
864 293 9 11 0.028782338 
647 301 10 12 0.028474025 
851 226 21 29 0.028448101 
629 480 29 29 0.02839211 
822 285 11 13 0.028359639 
455 242 63 55 0.02830753 
856 294 8 10 0.028276907 
967 278 7 9 0.027888594 
961 280 7 9 0.02768878 
655 428 8 11 0.027610071 
211 111 35 46 0.027485969 
685 471 13 15 0.027299544 
631 279 8 11 0.027035875 
460 189 14 17 0.026976338 
476 373 12 14 0.02652782 
735 462 10 12 0.026444932 
790 423 11 12 0.026310667 
726 262 8 11 0.026278203 
306 183 17 19 0.025946844 
871 293 10 12 0.025830444 
958 310 8 9 0.025666162 
761 247 8 11 0.025396582 
847 263 9 13 0.02534189 
503 413 11 13 0.025336733 
952 286 9 11 0.025271779 
484 399 11 14 0.025149504 
960 303 7 9 0.025068872 
557 425 12 15 0.024959005 
974 303 8 10 0.024957316 
720 446 10 13 0.024699992 
982 271 8 10 0.024629433 
446 381 11 12 0.024617275 
696 303 9 11 0.024558466 
812 445 31 33 0.024523156 
341 299 12 15 0.02426579 
1002 294 8 10 0.02423053 
701 290 11 13 0.024199784 
712 444 9 13 0.02400077 
865 94 31 36 0.02387841 
453 381 11 12 0.02376434 
737 413 10 11 0.023730963 
1002 288 8 11 0.023631487 
721 262 9 12 0.023537522 
758 468 11 15 0.023498308 
908 90 14 19 0.023239976 
126 301 54 73 0.02304592 
428 402 14 16 0.023010297 
431 289 7 9 0.022896448 
708 468 16 19 0.022875147 
847 294 8 10 0.02275315 
607 262 8 11 0.022673003 
503 390 10 12 0.022657238 
911 284 10 12 0.02265196 
466 458 16 18 0.022535963 
731 450 13 15 0.022194138 
969 303 7 9 0.022136286 
703 254 8 11 0.022077825 
888 108 17 20 0.022066265 
999 271 9 11 0.022056144 
705 412 9 11 0.02200377 
512 460 23 28 0.022003578 
713 399 8 10 0.021832632 
727 392 8 9 0.021722615 
679 399 8 11 0.021663012 
464 429 10 12 0.021649458 
678 430 9 11 0.021410335 
663 424 9 11 0.021291336 
328 308 11 13 0.02127306 
511 397 9 11 0.021252643 
727 292 9 12 0.021104315 
469 397 11 13 0.021066267 
1008 302 9 13 0.021020792 
784 421 10 12 0.02102028 
550 406 10 12 0.020933552 
992 269 9 11 0.020885952 
325 276 30 36 0.020860195 
800 277 9 12 0.020810863 
896 87 25 31 0.020765586 
751 296 9 11 0.020749938 
742 273 8 11 0.020730143 
683 443 13 14 0.020699441 
511 434 26 32 0.020609273 
696 406 9 11 0.020596748 
725 410 11 12 0.020508192 
270 267 34 39 0.020476913 
678 284 10 13 0.020472517 
24 255 8 11 0.02045417 
613 480 128 108 0.020430708 
495 382 10 12 0.020374682 
838 296 10 11 0.020330861 
208 134 34 47 0.020186841 
870 198 9 11 0.020172715 
808 474 29 30 0.020033998 
