24_Soldier_Firing_Soldier_Firing_24_15
82
489 217 124 150 0.99668676 
647 341 163 203 0.95618474 
267 849 108 175 0.60678494 
207 748 195 260 0.5770708 
14 1014 278 323 0.5641762 
655 1053 74 65 0.35610178 
823 659 201 295 0.25365046 
738 927 114 176 0.22760023 
508 189 170 216 0.17980395 
320 1000 391 474 0.1728703 
361 991 198 268 0.16141286 
739 265 18 22 0.1557533 
645 1025 117 117 0.119697794 
279 540 26 28 0.11966427 
784 956 92 134 0.11917224 
665 952 180 232 0.09360914 
728 259 23 29 0.087003864 
171 842 209 259 0.08409367 
598 251 205 237 0.08118463 
352 911 52 79 0.07306247 
773 952 69 94 0.069034964 
825 1179 212 260 0.0685059 
271 408 223 218 0.061936118 
318 892 61 108 0.06131304 
202 508 17 21 0.06031107 
948 1133 83 138 0.059135605 
111 916 239 301 0.058751214 
210 528 52 76 0.056096155 
629 837 210 272 0.052743107 
838 930 102 135 0.05086565 
833 1055 190 261 0.04141937 
5 1169 260 285 0.03966336 
320 1143 222 319 0.03843939 
356 935 31 49 0.03805385 
797 1044 99 130 0.037163477 
876 1130 44 52 0.037022654 
381 960 119 156 0.035878237 
591 244 106 129 0.035635844 
823 1005 71 88 0.03502123 
-3 1068 156 154 0.03439394 
635 265 98 116 0.034219086 
786 317 12 15 0.033934914 
7 1228 49 94 0.033302356 
895 907 97 167 0.033216335 
249 866 199 279 0.03318298 
748 991 72 101 0.03305434 
205 506 90 146 0.031137483 
666 1077 41 44 0.03087664 
836 835 129 170 0.030824594 
151 1260 124 149 0.030778263 
343 91 397 428 0.030520072 
260 1246 27 38 0.030400243 
165 1225 101 119 0.03017161 
748 1012 109 145 0.030046703 
294 808 127 165 0.029846087 
741 965 339 438 0.029493421 
545 631 32 31 0.029400464 
208 527 31 39 0.028877076 
795 866 111 140 0.025687216 
267 1302 16 20 0.025589408 
222 475 195 186 0.025539057 
398 1023 116 167 0.025295418 
687 1299 70 75 0.02483459 
376 862 45 65 0.02482465 
708 613 59 66 0.02460322 
812 970 33 43 0.024179189 
69 477 221 247 0.023919903 
350 865 56 90 0.023917599 
332 934 35 47 0.023601169 
261 715 135 186 0.02340163 
100 1045 326 443 0.023294905 
177 536 92 150 0.023287889 
329 832 71 100 0.022812724 
924 622 15 22 0.02274684 
293 857 68 107 0.02251726 
641 1270 135 130 0.021717573 
402 889 26 37 0.021424731 
967 1081 53 101 0.02130509 
762 1069 64 84 0.020768767 
302 899 107 149 0.020600324 
599 1205 57 74 0.020174123 
187 1326 71 89 0.020160513 
