24_Soldier_Firing_Soldier_Firing_24_329
22
382 45 398 550 0.098831765 
886 199 91 118 0.09418905 
1 -15 103 164 0.085782886 
566 289 176 215 0.0821436 
948 265 59 73 0.065357134 
922 223 66 83 0.049140327 
76 29 17 20 0.042790465 
868 192 153 233 0.036066495 
355 58 209 268 0.032562103 
668 438 59 72 0.02992066 
631 375 72 83 0.026024386 
460 241 230 266 0.025155354 
287 148 26 35 0.024899812 
910 258 69 77 0.02455143 
881 374 62 68 0.024509745 
913 165 68 94 0.024411935 
23 42 98 136 0.02432244 
355 107 81 124 0.02363006 
-11 -47 392 504 0.02196305 
865 335 110 114 0.021611523 
670 386 28 30 0.02060728 
618 380 117 125 0.020442327 
