20_Family_Group_Family_Group_20_294
77
743 248 29 39 0.9984451 
842 254 31 38 0.9976882 
652 361 29 37 0.9976846 
173 183 32 38 0.9971675 
384 226 28 37 0.9969292 
394 182 32 39 0.9966545 
483 205 32 42 0.99660987 
386 313 30 35 0.9954472 
135 386 38 47 0.9947417 
790 189 33 42 0.99455947 
701 195 28 35 0.99396366 
563 275 30 38 0.9935163 
550 361 28 34 0.99328196 
679 259 28 36 0.9924131 
465 304 30 35 0.9919848 
583 228 27 33 0.990777 
238 335 28 36 0.9903306 
654 218 29 36 0.9902582 
213 234 34 45 0.98710686 
778 272 29 36 0.98457044 
353 230 33 46 0.9756285 
536 176 28 35 0.9702978 
278 216 36 45 0.93019664 
119 264 27 30 0.37449324 
591 397 27 35 0.25643063 
370 230 35 44 0.25508243 
125 251 26 33 0.18673897 
563 246 17 21 0.18618964 
87 180 43 54 0.17618571 
989 227 9 13 0.095476724 
926 254 10 12 0.09390647 
568 239 22 27 0.09376585 
202 370 18 23 0.07278719 
601 238 425 521 0.06309952 
973 246 8 10 0.05821747 
259 237 15 19 0.057476524 
727 342 37 52 0.05371131 
131 203 15 18 0.05118397 
358 174 13 16 0.045195524 
116 197 23 30 0.043736055 
851 598 17 22 0.043672763 
496 213 30 36 0.041205943 
249 339 27 37 0.038046617 
83 323 39 58 0.037534196 
98 199 18 21 0.035523567 
452 181 25 28 0.035146948 
1015 283 8 13 0.03369947 
106 189 28 34 0.032050923 
517 219 16 22 0.03123294 
117 250 14 18 0.030760014 
325 193 404 505 0.030311907 
604 561 14 19 0.029897824 
590 174 12 16 0.029879248 
241 175 11 15 0.028909402 
429 211 15 20 0.028315019 
295 212 28 36 0.02784175 
641 353 26 34 0.027436249 
124 580 61 49 0.027419576 
82 153 46 56 0.026977045 
931 253 11 14 0.026646418 
416 539 11 15 0.026421776 
191 185 27 33 0.026417166 
430 551 10 11 0.026014721 
103 277 12 15 0.023813859 
656 315 199 262 0.023542894 
237 236 27 35 0.023513205 
117 225 39 49 0.0226721 
429 196 13 20 0.022447614 
654 126 11 13 0.02219758 
666 208 24 35 0.022154799 
434 215 16 20 0.021342965 
1010 198 7 11 0.020848226 
534 180 18 23 0.02072066 
103 578 48 45 0.020692578 
545 186 26 34 0.020640956 
931 247 10 12 0.020552883 
117 257 17 22 0.020458441 
