20_Family_Group_Family_Group_20_374
350
630 799 197 250 0.99954456 
73 340 347 465 0.9972409 
576 1120 141 159 0.99095017 
477 36 263 346 0.95009446 
153 1157 17 21 0.8537038 
26 1233 15 19 0.72117853 
74 1213 15 19 0.65498346 
236 1113 19 25 0.5567023 
393 72 231 303 0.5086945 
490 110 445 537 0.49480778 
246 1241 16 21 0.47511128 
269 1250 15 20 0.45234603 
97 1197 15 19 0.44699776 
378 1074 15 17 0.44501615 
376 1218 13 17 0.43142068 
114 1110 14 17 0.42978427 
132 1220 16 20 0.42249677 
48 1230 14 18 0.40826604 
203 1247 14 18 0.38381046 
222 1173 14 17 0.3809389 
318 1234 14 18 0.37818697 
113 1157 15 19 0.36752388 
319 1101 14 17 0.34889784 
285 1272 15 17 0.34493616 
160 1111 18 21 0.34426558 
171 1079 21 24 0.33673957 
69 1109 13 16 0.3346172 
384 1193 13 17 0.334407 
546 1074 14 18 0.32170758 
374 1245 13 16 0.30786508 
90 1269 15 19 0.2938878 
391 1148 16 20 0.2858661 
303 1143 18 21 0.2663856 
46 1047 15 19 0.2630313 
125 1253 17 20 0.2615109 
29 1313 14 18 0.25972605 
172 1267 15 20 0.25387993 
362 1274 16 19 0.25191218 
444 1104 14 19 0.24946295 
360 1179 14 17 0.2486297 
393 1317 17 20 0.22756508 
265 1128 15 17 0.21228659 
63 1047 14 19 0.2088353 
242 1272 15 19 0.2081888 
52 1071 13 18 0.20411782 
172 1231 14 18 0.20034336 
228 1247 14 16 0.19740316 
538 1130 16 20 0.19639142 
477 1058 16 20 0.19273822 
94 1052 15 18 0.18665332 
147 1246 16 19 0.17959835 
273 1219 16 19 0.17817366 
93 1229 16 19 0.17405762 
152 1284 14 18 0.17288297 
487 1043 15 18 0.16926941 
144 1186 19 22 0.16848658 
299 1198 13 16 0.16313967 
188 1052 18 21 0.16102947 
462 1110 12 18 0.16045442 
438 1152 14 18 0.1602604 
470 1026 14 17 0.15881702 
141 192 368 495 0.15830901 
19 1129 14 21 0.14820553 
340 1081 18 21 0.14602298 
515 1048 174 257 0.14436446 
549 1093 13 18 0.13566394 
495 1019 16 19 0.13364306 
31 1066 12 18 0.13340671 
134 1098 13 17 0.13193986 
454 1000 14 17 0.13155526 
123 1284 15 19 0.13079654 
25 1186 12 17 0.1300311 
212 1271 14 17 0.12724048 
703 1409 13 16 0.12518111 
111 1179 15 20 0.12459366 
35 1088 13 18 0.123969555 
74 1252 14 19 0.11753637 
115 1135 13 16 0.11749615 
177 1139 15 17 0.11442801 
378 1222 16 19 0.113114946 
24 7 409 555 0.11241792 
53 1218 12 16 0.11241298 
568 1077 12 16 0.109063186 
70 1296 16 18 0.10733669 
53 1126 15 18 0.10653713 
260 1195 15 19 0.10354106 
32 1113 12 16 0.09742844 
273 1319 16 19 0.09579867 
233 1315 15 20 0.095035024 
198 1142 14 17 0.092961304 
375 1140 12 15 0.092291184 
12 1177 13 17 0.091074385 
403 1071 14 18 0.090621054 
71 617 341 454 0.09030293 
507 1052 14 17 0.089910455 
226 1299 13 17 0.08925235 
5 988 13 19 0.08896094 
2 1115 15 19 0.087075554 
46 1285 14 18 0.08691781 
7 1091 12 16 0.086451784 
70 1170 12 16 0.08390724 
526 1059 14 18 0.08243457 
447 1070 13 19 0.082078405 
265 1287 15 18 0.080696225 
167 1205 358 434 0.078881994 
288 1244 13 15 0.0774561 
3 1236 11 15 0.07726401 
404 1124 12 16 0.07580261 
213 1298 12 16 0.07544156 
344 1114 15 18 0.07319613 
374 1077 21 25 0.073025495 
471 129 140 189 0.07272023 
86 1075 14 19 0.07143341 
434 1030 15 19 0.070332915 
420 1062 15 21 0.07028303 
279 1147 13 16 0.07023837 
365 1119 15 19 0.07017061 
559 1022 10 13 0.06998427 
255 295 373 476 0.069577746 
351 1218 12 15 0.06940919 
195 1115 22 27 0.06936237 
28 1019 15 20 0.06855765 
262 1190 11 15 0.067738496 
568 1050 12 15 0.06751259 
468 1187 15 19 0.067380995 
81 780 201 304 0.06736404 
356 1320 17 21 0.06494598 
28 1266 15 18 0.06430235 
394 1286 13 17 0.06253172 
548 1111 14 19 0.062492818 
63 1107 14 17 0.060789324 
237 1244 14 17 0.0601009 
450 1214 115 164 0.058822107 
12 1261 14 19 0.058055226 
517 1014 12 16 0.058050632 
190 1203 14 18 0.05752985 
515 1044 13 15 0.05650692 
314 1268 14 18 0.05583608 
28 1156 14 18 0.0553728 
341 1260 13 19 0.055265225 
450 1106 15 19 0.0544744 
526 1036 12 16 0.054217752 
215 1213 14 17 0.054090317 
79 1194 12 16 0.05332119 
778 31 195 241 0.05319135 
34 1234 13 17 0.053139202 
525 1012 12 16 0.0524934 
55 1105 12 16 0.052399058 
239 1188 11 15 0.05210681 
45 1195 13 18 0.051967863 
85 1194 14 17 0.051922847 
306 1130 17 20 0.05084291 
402 1034 13 16 0.050596587 
94 1295 13 17 0.049850587 
468 1084 15 19 0.049552277 
161 745 415 500 0.048990384 
742 1417 14 17 0.04824622 
170 1300 13 17 0.048053622 
474 904 16 20 0.04776666 
117 1090 12 15 0.047411893 
530 1011 13 16 0.047290433 
60 1255 17 22 0.047005765 
114 1147 16 20 0.04622047 
483 1049 17 21 0.04535195 
13 1064 14 18 0.044966813 
516 1105 13 17 0.044804927 
185 1171 15 19 0.044772472 
35 1196 15 20 0.04471631 
718 1390 11 14 0.044261236 
332 1196 13 16 0.04394462 
14 968 17 18 0.043623414 
308 1169 13 17 0.043538425 
8 1040 12 16 0.043511312 
399 1029 380 492 0.043299932 
506 1126 16 21 0.042258196 
92 1177 13 16 0.042102512 
748 1370 13 17 0.042058785 
421 1156 11 14 0.041148372 
218 1218 14 18 0.040864315 
333 1202 14 17 0.040791158 
975 160 48 81 0.04074943 
330 1297 14 17 0.040738076 
91 1078 14 19 0.04041584 
41 1138 12 16 0.040147293 
484 26 109 189 0.040100016 
479 1131 15 19 0.039407868 
45 1156 14 19 0.03924011 
105 1343 23 29 0.0386306 
334 390 473 547 0.03855852 
20 1061 14 18 0.037908893 
112 1312 16 20 0.037632734 
300 1241 15 18 0.037080828 
21 1304 20 28 0.036898717 
15 1220 12 16 0.036850423 
486 938 15 17 0.036830198 
44 1180 13 17 0.036602497 
0 1209 9 16 0.036284715 
5 1065 13 17 0.035995893 
0 1091 10 15 0.035588983 
304 1347 15 17 0.035533976 
11 1301 13 17 0.035518985 
374 1303 11 14 0.03520961 
356 1146 12 16 0.035089377 
491 1159 14 17 0.035041768 
550 1093 21 29 0.03502721 
394 1259 13 17 0.034549963 
464 1118 206 287 0.034491494 
547 -38 344 484 0.03442115 
51 1309 13 16 0.033694457 
765 1406 14 18 0.03353704 
275 1246 14 17 0.032881964 
109 1093 12 15 0.03277819 
414 1262 11 15 0.032670677 
0 1290 9 15 0.032634288 
76 1236 11 15 0.032628827 
413 1183 13 16 0.03237028 
649 692 272 410 0.032161277 
77 1276 13 16 0.03204822 
691 1430 15 19 0.032023523 
93 1189 14 18 0.031893708 
261 1134 17 21 0.03167794 
354 1301 14 16 0.03166181 
386 1228 13 15 0.031243075 
85 1170 14 19 0.03109308 
69 1141 14 20 0.031032642 
350 1240 14 16 0.030874712 
368 1221 12 16 0.030623846 
102 1094 13 16 0.03056841 
455 1147 13 18 0.030448128 
69 1020 14 18 0.030363565 
0 1018 14 20 0.03029815 
32 1204 12 16 0.03013001 
326 1164 14 18 0.030013014 
453 1042 13 18 0.029993128 
22 1297 13 18 0.029756919 
24 1003 13 18 0.0297461 
51 1027 13 16 0.029515991 
222 1283 13 17 0.029284002 
21 1213 13 15 0.02925534 
26 1010 16 21 0.028806856 
903 486 134 138 0.028778216 
51 1223 19 25 0.028705463 
7 1195 12 15 0.02862154 
228 1305 14 20 0.028471282 
219 1276 13 17 0.028260715 
12 1185 14 18 0.028247425 
488 1100 13 15 0.028101068 
76 1170 13 17 0.027967248 
232 1107 15 20 0.027800687 
276 1152 15 19 0.02777018 
312 1220 14 18 0.027495978 
510 1011 15 18 0.027479025 
82 1200 19 23 0.027225865 
506 1082 17 20 0.027066853 
559 1159 14 17 0.02680257 
471 550 448 486 0.02676751 
236 1101 24 29 0.026418405 
311 1225 20 24 0.026350472 
490 1036 15 19 0.026349762 
13 1226 12 16 0.026341427 
708 1312 15 20 0.026323324 
416 1107 12 15 0.026313134 
485 1116 23 27 0.026089886 
47 1313 13 17 0.025962189 
76 1203 14 19 0.025778934 
747 1410 14 19 0.025774784 
29 1194 14 17 0.025676377 
390 1174 11 14 0.025623944 
526 1093 13 15 0.025567977 
410 1066 21 28 0.025388384 
13 1125 14 19 0.025345696 
117 1234 12 17 0.025261234 
0 1230 10 18 0.025102979 
554 1097 13 18 0.025074722 
532 1113 13 17 0.025052654 
90 1065 20 25 0.024929509 
171 1203 15 18 0.024909465 
0 1063 12 18 0.024835687 
446 1326 13 16 0.024760459 
270 1107 15 17 0.024743289 
10 1087 14 17 0.024743134 
692 1064 59 62 0.024708433 
247 1118 21 25 0.02466987 
699 1387 12 15 0.024417808 
265 1209 21 26 0.024340313 
173 1367 12 18 0.024215575 
108 26 219 250 0.024196068 
546 1120 15 20 0.024147253 
258 1242 19 24 0.024129082 
221 1132 13 15 0.023908883 
380 1236 15 18 0.023869898 
742 1340 10 15 0.023793427 
46 1036 15 19 0.02377485 
340 1253 13 17 0.02374408 
912 1361 120 167 0.023609878 
377 1088 16 21 0.02354756 
302 1124 15 19 0.02341436 
977 1205 51 95 0.023401204 
683 1450 16 19 0.023310922 
567 343 421 541 0.023235315 
458 1164 17 23 0.023134975 
18 1256 20 27 0.02295698 
84 1043 13 17 0.02281389 
544 1104 23 30 0.022803444 
291 1165 13 18 0.022780005 
214 1221 20 26 0.022672296 
40 1289 14 18 0.022571389 
73 1112 14 17 0.022422258 
199 1227 13 17 0.022363858 
195 1308 13 16 0.022363018 
125 1091 13 16 0.02225212 
86 1049 15 19 0.02220433 
376 115 362 470 0.022188334 
423 1133 12 15 0.02213821 
282 1141 13 17 0.02213393 
978 32 49 77 0.022091487 
102 1140 14 18 0.02203552 
422 1161 12 16 0.021947987 
307 1236 19 24 0.021916248 
86 1100 11 15 0.021821504 
342 80 101 129 0.021609707 
260 1153 17 20 0.021579947 
39 1186 13 17 0.021579543 
55 1216 19 24 0.021413565 
755 1380 13 18 0.021369494 
114 1101 14 18 0.021316813 
107 1033 15 18 0.0212989 
372 1095 18 20 0.021236107 
340 1180 12 15 0.021210717 
365 1103 22 27 0.021191392 
434 1004 14 18 0.021165174 
58 1213 14 16 0.021118233 
35 1211 14 16 0.02105039 
229 1277 13 16 0.02105011 
31 1483 12 16 0.021029867 
0 1262 10 16 0.020726576 
72 1259 20 26 0.02072121 
6 1035 20 27 0.020597432 
539 1190 13 16 0.020563012 
568 901 49 69 0.020551693 
262 77 97 120 0.020524122 
492 1108 13 15 0.020477448 
120 1052 12 17 0.02047725 
21 1505 10 14 0.020452844 
533 1122 16 22 0.020422686 
276 110 59 73 0.020411529 
458 1028 22 27 0.020386485 
513 151 71 89 0.020211015 
183 1381 15 19 0.020076048 
550 1005 11 14 0.020018017 
