20_Family_Group_Family_Group_20_556
30
117 314 50 59 0.9990103 
241 297 31 42 0.9984446 
671 252 36 50 0.9983518 
502 279 39 49 0.99691725 
603 434 40 48 0.9966934 
129 244 47 58 0.9964007 
743 233 37 45 0.9956098 
623 267 40 55 0.99501485 
780 267 31 37 0.994632 
414 359 46 52 0.9946202 
357 262 41 47 0.9937942 
432 256 42 58 0.99367696 
350 316 34 39 0.99232906 
930 237 40 52 0.9920224 
728 355 41 54 0.99073595 
180 236 41 52 0.98919487 
270 326 44 52 0.985726 
698 494 44 52 0.97977006 
208 492 42 50 0.96549505 
243 560 44 49 0.8524949 
251 304 39 52 0.15127864 
776 351 47 55 0.10421522 
70 324 41 56 0.050105825 
766 247 39 48 0.04673393 
122 287 54 63 0.035297275 
52 333 12 15 0.030868648 
678 499 13 19 0.025331065 
221 485 53 60 0.021992784 
179 330 39 49 0.021300394 
788 249 27 36 0.020378524 
