20_Family_Group_Family_Group_20_360
40
535 264 61 76 0.99944514 
732 272 68 87 0.99916863 
391 227 56 69 0.99785066 
487 312 51 61 0.99711263 
165 96 25 31 0.084810056 
193 0 26 27 0.06493465 
195 49 17 19 0.05694121 
198 29 14 17 0.05094475 
225 56 17 20 0.050131306 
202 210 16 19 0.045313768 
179 29 14 16 0.042088114 
193 58 17 20 0.037625346 
179 20 13 15 0.036307696 
194 413 99 148 0.03222331 
245 13 48 68 0.030379744 
157 21 11 14 0.029672233 
294 356 48 72 0.029411836 
213 404 10 13 0.027411576 
191 36 22 28 0.027388992 
229 123 51 70 0.026875278 
202 130 15 19 0.026599968 
433 406 41 56 0.026566435 
197 123 16 19 0.025926547 
228 74 23 29 0.025790459 
249 -2 31 29 0.025354754 
187 148 16 19 0.025316587 
179 118 14 19 0.024854198 
385 206 51 66 0.024827594 
275 348 51 68 0.024712201 
207 310 11 14 0.02331388 
188 21 13 15 0.023104811 
501 285 66 77 0.021931676 
176 33 13 17 0.021775788 
222 39 30 35 0.021464951 
153 62 15 18 0.021351403 
220 59 25 30 0.021063723 
144 322 210 280 0.020858806 
138 91 23 29 0.020544428 
227 95 48 67 0.020175848 
313 351 47 65 0.020013394 
