20_Family_Group_Family_Group_20_109
44
175 33 63 79 0.99901605 
401 89 65 87 0.99878603 
290 157 61 80 0.99821836 
375 210 31 38 0.20505014 
451 164 41 52 0.19467013 
450 181 58 65 0.1514767 
76 614 14 19 0.12138953 
247 465 24 36 0.08899542 
467 203 54 66 0.07720236 
74 605 16 19 0.06298167 
421 112 60 81 0.054997604 
521 293 57 70 0.054249506 
3 646 11 15 0.053873822 
915 471 24 31 0.053352516 
94 619 10 14 0.050948013 
945 475 54 68 0.05001905 
73 609 25 28 0.047819883 
18 617 14 17 0.04691993 
59 603 41 51 0.04543951 
116 637 9 13 0.04199494 
911 454 117 168 0.040201142 
16 634 12 15 0.03908787 
937 476 31 39 0.036282342 
464 136 56 69 0.03558903 
82 613 13 16 0.035323713 
898 490 13 16 0.03154886 
796 529 30 31 0.0309048 
612 341 13 17 0.028725013 
458 203 89 116 0.027561687 
55 645 10 13 0.026832541 
912 475 49 62 0.026715482 
550 311 34 39 0.024748016 
383 350 25 29 0.024356306 
478 224 55 69 0.023597326 
62 617 13 17 0.023436058 
924 471 25 36 0.023375066 
111 642 10 14 0.023294197 
931 462 50 62 0.023161618 
61 608 23 29 0.0225591 
482 261 95 123 0.021188864 
498 286 58 69 0.021095403 
333 371 179 257 0.0208931 
102 589 12 16 0.020504694 
483 251 54 72 0.020236593 
