20_Family_Group_Family_Group_20_227
17
287 199 141 193 0.99087876 
609 153 177 231 0.98567134 
459 470 130 160 0.96220434 
305 125 213 281 0.93283147 
392 401 215 261 0.842716 
386 60 257 350 0.77843493 
667 98 207 315 0.7738435 
207 131 196 274 0.73373675 
101 221 449 555 0.6562655 
440 125 466 583 0.5836563 
138 -14 383 480 0.28345326 
474 335 225 329 0.19827469 
580 -6 381 504 0.18101159 
500 95 211 283 0.15206458 
271 138 412 579 0.10960938 
633 240 437 508 0.04982738 
350 -2 452 510 0.0357864 
