20_Family_Group_Family_Group_20_579
19
452 183 65 85 0.99923635 
773 131 69 87 0.9991941 
865 194 66 85 0.9991079 
330 178 61 83 0.99896514 
564 221 62 76 0.9987243 
145 171 67 85 0.998315 
480 411 73 94 0.9977921 
233 447 74 95 0.99618703 
644 133 67 95 0.99597496 
717 387 76 99 0.9945703 
682 301 46 48 0.07749848 
262 290 16 20 0.04946973 
583 436 55 63 0.04464813 
264 280 25 32 0.03865107 
740 719 14 16 0.03176297 
267 271 41 45 0.026305806 
276 276 16 18 0.023358092 
355 397 14 19 0.021821473 
271 277 13 17 0.0205383 
