20_Family_Group_Family_Group_20_326
78
702 223 34 41 0.99887735 
148 214 33 42 0.99829406 
859 199 29 36 0.9980392 
629 194 38 49 0.99702233 
345 237 25 33 0.9957711 
393 249 25 31 0.99415034 
434 232 27 36 0.99316204 
450 277 25 30 0.99135876 
804 289 24 30 0.98815376 
816 226 25 30 0.9868385 
871 336 21 28 0.9767998 
421 376 22 27 0.9687213 
513 248 23 29 0.94997025 
217 223 30 34 0.94982433 
426 356 13 15 0.13155782 
462 207 13 16 0.10732362 
894 355 15 21 0.098175675 
467 209 14 17 0.08356684 
417 298 17 21 0.07550441 
480 196 12 13 0.052782066 
218 218 21 24 0.051578093 
461 227 16 21 0.04790502 
501 197 10 14 0.041250218 
867 234 16 20 0.035252742 
450 403 15 18 0.03455658 
533 178 13 14 0.034485407 
504 189 10 14 0.034084637 
461 213 21 26 0.033551395 
344 199 9 11 0.03345753 
0 5 8 13 0.03317792 
414 305 16 19 0.032210678 
232 171 9 12 0.031343404 
464 200 10 13 0.031083964 
446 199 10 12 0.02878384 
528 187 10 13 0.02817042 
518 301 24 35 0.02769004 
255 198 9 12 0.027579617 
245 196 10 13 0.027419431 
257 132 10 13 0.027340192 
0 585 9 16 0.027229024 
524 284 15 19 0.027209895 
4 502 9 11 0.027157761 
314 213 10 13 0.027086439 
356 510 10 11 0.026959322 
419 239 21 28 0.026873894 
895 211 15 20 0.0266604 
509 219 14 17 0.02655753 
474 212 14 16 0.026417179 
405 244 22 29 0.026054876 
96 215 11 14 0.025839884 
174 269 14 17 0.025698837 
516 312 15 19 0.025695762 
510 89 57 75 0.025657246 
237 182 11 14 0.025616687 
207 402 11 15 0.025286954 
33 128 9 12 0.02522795 
527 306 25 35 0.02501909 
516 219 13 17 0.024198703 
441 333 18 21 0.023907872 
338 509 9 11 0.023108115 
506 233 24 31 0.023103997 
502 163 10 13 0.023070093 
519 180 11 13 0.022851316 
248 173 9 11 0.022751981 
757 381 15 17 0.022716809 
208 163 12 15 0.022089606 
93 142 13 16 0.022016028 
485 229 13 18 0.02199619 
421 360 21 27 0.021785935 
498 123 60 73 0.021575067 
273 158 9 12 0.021570155 
579 339 56 68 0.021381535 
297 305 14 18 0.021324588 
271 213 11 14 0.021308197 
1 393 10 16 0.021019414 
199 144 9 10 0.020860674 
203 155 23 30 0.020628612 
493 180 11 13 0.020189969 
