20_Family_Group_Family_Group_20_255
83
139 446 61 72 0.9990716 
605 424 54 68 0.9990664 
488 411 62 78 0.9982504 
891 376 60 65 0.99790585 
742 381 58 74 0.9976961 
302 447 58 66 0.99550384 
786 222 50 58 0.9946361 
517 128 48 57 0.98735833 
366 303 48 54 0.986655 
658 232 45 53 0.97300357 
195 339 48 58 0.9694279 
254 395 29 43 0.2942457 
362 271 60 66 0.20455712 
713 361 39 53 0.20293051 
477 141 16 18 0.12530845 
974 619 10 14 0.105644196 
980 664 14 16 0.09775258 
203 311 59 77 0.091283895 
852 713 34 40 0.069862016 
402 107 22 30 0.06892991 
780 303 27 40 0.06863152 
963 644 11 15 0.06690934 
903 622 11 14 0.06526674 
245 364 45 68 0.055910144 
730 300 26 40 0.05549781 
965 588 9 12 0.046541885 
808 191 33 39 0.04509419 
890 644 13 18 0.043882065 
502 0 45 47 0.043608673 
739 299 15 19 0.042925794 
231 301 52 76 0.041704323 
465 216 14 18 0.041235078 
941 672 13 16 0.040293276 
934 596 11 15 0.038243216 
784 192 33 46 0.03733839 
229 657 175 189 0.03716221 
901 277 15 20 0.036592346 
999 658 10 14 0.035833836 
386 263 58 70 0.034726106 
667 319 31 36 0.033969164 
55 244 10 14 0.031539377 
481 135 21 27 0.031064875 
885 636 21 30 0.030770656 
351 457 56 66 0.030489754 
779 304 17 23 0.029890867 
580 136 15 19 0.028878914 
10 336 45 71 0.02736731 
919 664 10 13 0.026875647 
130 676 46 59 0.026691027 
971 659 24 27 0.026463343 
587 133 14 19 0.025991285 
961 585 10 12 0.025509093 
726 358 52 66 0.025445038 
889 712 50 55 0.024978463 
362 231 61 77 0.02469816 
807 201 40 56 0.024638789 
674 364 42 57 0.023637246 
218 326 74 103 0.023126924 
264 393 41 49 0.02269944 
481 385 56 71 0.02262534 
313 438 82 94 0.022624906 
19 315 44 70 0.02247968 
785 287 40 55 0.02220348 
587 503 50 67 0.022137977 
200 660 53 63 0.022124505 
218 328 34 48 0.021999912 
936 645 10 12 0.021953946 
251 319 51 74 0.021834148 
790 293 14 19 0.021789089 
37 237 11 15 0.021572301 
173 340 47 60 0.021502692 
915 311 36 40 0.021448111 
599 519 55 71 0.021280413 
850 363 45 57 0.021209218 
704 369 31 51 0.021189729 
926 50 8 10 0.021039125 
233 261 51 73 0.020885102 
987 662 12 14 0.02086337 
522 81 32 39 0.020807378 
652 322 29 34 0.020281963 
909 715 38 41 0.020219067 
933 610 11 15 0.020197716 
960 649 11 15 0.020018933 
