20_Family_Group_Family_Group_20_101
44
638 73 34 49 0.9983119 
894 295 49 58 0.9977823 
968 56 47 58 0.99773055 
135 90 36 46 0.99735606 
380 27 40 50 0.9961443 
561 244 37 48 0.99391246 
492 52 36 47 0.9932775 
228 67 35 43 0.9932482 
843 96 43 58 0.99253863 
733 76 39 51 0.9900967 
555 72 35 45 0.989911 
37 65 40 50 0.9894247 
203 216 50 61 0.9843291 
70 266 44 56 0.9812758 
783 277 45 55 0.9789048 
666 265 39 49 0.8888628 
288 423 74 80 0.14574273 
711 523 194 221 0.12952542 
699 423 27 30 0.110256165 
87 119 22 29 0.10739004 
824 502 137 191 0.09155917 
686 594 164 130 0.075046875 
840 1 58 56 0.06503257 
604 106 17 21 0.05928027 
643 0 22 25 0.041115444 
316 54 23 28 0.038287938 
809 279 33 44 0.03219108 
94 147 12 16 0.029948987 
97 -22 446 472 0.02701011 
663 72 26 31 0.026834434 
814 88 25 35 0.025619866 
0 85 23 34 0.02555044 
627 0 15 15 0.025193531 
0 100 12 17 0.024474274 
524 394 106 125 0.024307212 
874 513 120 140 0.023402752 
534 373 76 95 0.022305889 
312 347 58 59 0.021482319 
233 424 89 112 0.021468077 
545 82 27 36 0.021451954 
528 363 52 63 0.020646838 
715 288 25 30 0.02046904 
114 286 26 34 0.020128483 
766 -1 16 15 0.020087324 
