20_Family_Group_Family_Group_20_493
54
379 116 47 59 0.9983419 
621 142 45 64 0.9966994 
567 102 41 61 0.9927496 
17 183 42 51 0.99195474 
249 134 39 51 0.9909909 
754 156 43 57 0.9909766 
229 303 49 65 0.98858565 
877 108 40 70 0.9657566 
218 172 31 42 0.6427205 
394 349 115 178 0.2588172 
596 481 28 47 0.22959433 
630 237 57 77 0.14257193 
163 323 26 36 0.107582375 
94 127 97 135 0.09864064 
729 251 26 34 0.08436155 
206 165 31 39 0.080377355 
599 456 212 266 0.073592946 
210 322 58 71 0.06064563 
539 334 365 443 0.059255328 
345 704 71 66 0.050090823 
241 249 46 57 0.049051512 
605 476 40 53 0.041346185 
806 183 16 21 0.04128099 
588 112 31 46 0.04038679 
79 499 27 33 0.037610587 
124 361 53 78 0.0374139 
962 162 30 33 0.037306327 
586 470 26 51 0.036697417 
542 108 29 44 0.036130406 
964 167 44 53 0.032185353 
375 596 59 70 0.031672705 
176 277 43 62 0.028304335 
180 341 46 68 0.027605247 
574 673 12 14 0.026889486 
831 197 12 15 0.02642068 
819 97 11 15 0.026359433 
31 95 11 13 0.024945065 
145 192 53 81 0.024861125 
341 731 40 39 0.024496628 
548 104 43 61 0.024404814 
986 475 14 16 0.02413287 
209 296 50 69 0.023599813 
986 152 17 20 0.022927042 
859 181 28 37 0.022577433 
530 476 179 256 0.022204049 
819 116 11 13 0.021713655 
232 183 17 24 0.021662153 
626 479 29 43 0.02149909 
865 162 195 229 0.021493746 
195 367 16 24 0.020859966 
235 276 51 69 0.020545403 
843 101 51 73 0.0204672 
155 291 43 63 0.020431522 
835 184 15 18 0.020187555 
