20_Family_Group_Family_Group_20_696
39
264 297 87 115 0.9987472 
112 393 84 110 0.9972415 
556 570 77 93 0.9967043 
638 310 78 109 0.9964999 
792 326 83 110 0.9956222 
380 418 80 100 0.9941221 
476 330 80 103 0.9940433 
280 533 257 224 0.34353125 
264 0 41 32 0.3010462 
680 263 326 443 0.197145 
13 979 376 547 0.10449202 
23 1145 209 302 0.09718374 
17 401 41 53 0.085327305 
341 1261 66 79 0.064547986 
18 777 183 292 0.054121446 
2 1211 143 205 0.049953885 
698 825 352 513 0.044964127 
332 628 160 145 0.042210355 
324 1235 105 139 0.039674122 
618 888 73 82 0.039422214 
634 958 106 151 0.03648436 
462 509 57 66 0.03348836 
618 897 106 157 0.03271088 
248 660 356 478 0.028573612 
208 436 384 380 0.027059322 
280 665 216 281 0.025335839 
972 785 53 116 0.024694467 
683 980 13 19 0.024148218 
275 -3 53 49 0.023897905 
120 816 58 72 0.02357159 
261 85 235 193 0.022957372 
94 801 104 133 0.022352507 
343 -1 45 37 0.022176586 
1012 482 13 19 0.021548929 
257 867 48 68 0.021521488 
-40 714 326 450 0.020870792 
406 985 370 450 0.020688966 
330 757 194 267 0.020427132 
426 1091 132 174 0.0203487 
