20_Family_Group_Family_Group_20_453
26
442 422 142 171 0.99006313 
509 681 229 330 0.3329814 
26 -9 154 240 0.18007274 
527 518 366 527 0.117056414 
697 498 442 509 0.11443816 
260 282 97 134 0.09902711 
714 997 217 279 0.08515093 
283 264 59 78 0.07778544 
3 328 366 546 0.07093704 
589 17 450 561 0.05642983 
88 56 67 87 0.055976152 
38 84 218 364 0.05293692 
589 998 405 428 0.0527487 
659 790 110 205 0.042347193 
101 708 341 465 0.03963692 
7 852 369 478 0.03572839 
265 250 55 67 0.035214085 
205 858 504 585 0.035020713 
309 257 48 67 0.03297082 
200 196 169 293 0.031388175 
45 701 195 317 0.03050565 
79 107 319 456 0.029018506 
91 104 63 100 0.026615297 
682 177 295 296 0.021482075 
-81 631 397 552 0.020761188 
433 414 211 297 0.020116607 
