20_Family_Group_Family_Group_20_272
22
275 29 48 61 0.99797565 
547 38 49 64 0.9972996 
479 59 49 57 0.9962721 
724 30 45 57 0.99508923 
381 95 43 54 0.99125576 
831 52 44 51 0.99102306 
118 37 47 58 0.9905241 
653 90 42 51 0.9857318 
41 190 35 47 0.05275847 
293 260 11 14 0.043262508 
163 404 169 194 0.03928919 
10 144 372 466 0.03780658 
904 -1 24 26 0.03273347 
0 195 12 22 0.03172662 
67 47 12 14 0.02958771 
404 502 32 31 0.02808449 
339 36 10 14 0.02802316 
307 257 18 19 0.026592381 
302 259 13 16 0.02586816 
327 57 23 29 0.022872463 
339 65 14 18 0.022177277 
0 123 10 17 0.021852197 
