20_Family_Group_Family_Group_20_27
30
784 191 74 100 0.9957885 
903 327 70 96 0.9921623 
714 230 60 83 0.9914971 
519 49 60 70 0.9913892 
177 143 77 101 0.9913169 
591 318 78 98 0.9792687 
322 385 72 102 0.9671155 
297 150 76 101 0.9612779 
494 357 237 274 0.31892255 
295 343 120 159 0.18055974 
743 206 66 93 0.14617126 
449 220 24 31 0.081335254 
540 26 74 97 0.05614139 
577 1 105 132 0.054105155 
579 26 57 79 0.052051503 
261 385 87 124 0.040957354 
354 353 87 140 0.039188642 
876 347 59 75 0.033822212 
262 431 56 83 0.030459821 
751 422 205 266 0.027790964 
567 322 66 87 0.025829291 
489 42 41 57 0.024423521 
-33 270 379 418 0.023818403 
499 234 369 439 0.0226288 
352 257 169 244 0.022225225 
355 411 41 64 0.021884443 
621 298 85 119 0.021747464 
544 -6 412 486 0.021421764 
691 288 348 446 0.020983333 
933 321 67 92 0.020100048 
