20_Family_Group_Family_Group_20_72
44
476 170 49 59 0.994467 
327 203 41 50 0.99020654 
582 273 45 57 0.9896913 
282 206 25 40 0.9574754 
209 231 45 55 0.9552944 
706 217 39 48 0.93368655 
426 264 46 51 0.9297793 
733 141 48 57 0.7578734 
518 223 55 58 0.6961931 
269 212 42 52 0.24690187 
392 323 41 49 0.21880417 
293 352 27 33 0.10051866 
758 207 30 38 0.066720225 
326 297 22 27 0.059544936 
240 220 46 58 0.047753207 
260 243 47 56 0.044577245 
819 92 26 33 0.042859863 
71 257 210 317 0.03839973 
283 319 17 20 0.0376632 
797 419 206 228 0.036450237 
64 404 30 33 0.03462945 
272 300 29 34 0.034521297 
517 306 48 56 0.033013593 
536 675 26 33 0.0282173 
982 388 10 14 0.028162854 
693 230 51 60 0.027974984 
1010 0 13 18 0.027466249 
928 452 11 14 0.025684228 
1006 85 11 16 0.02537644 
421 133 10 12 0.023502987 
170 312 25 33 0.023474984 
645 293 50 68 0.023363192 
893 207 14 17 0.022788815 
782 173 48 68 0.022327086 
-13 189 372 461 0.022236893 
956 414 14 15 0.021832466 
988 84 11 14 0.021819487 
533 568 18 22 0.021440847 
907 162 24 27 0.021360466 
871 93 26 31 0.02117634 
957 42 22 28 0.020529848 
756 219 52 75 0.020341778 
722 140 82 103 0.020106396 
378 354 57 60 0.020083023 
