20_Family_Group_Family_Group_20_282
58
700 268 26 32 0.99043864 
277 301 26 42 0.9885075 
135 333 42 45 0.96646315 
389 272 21 32 0.96190953 
341 281 25 32 0.954047 
58 353 36 58 0.9473514 
463 267 23 28 0.9330643 
812 299 29 35 0.9265504 
587 297 23 28 0.29946724 
918 302 31 52 0.18595481 
236 368 31 51 0.13919362 
830 570 39 47 0.113209866 
261 319 35 37 0.08610657 
805 557 68 81 0.07399763 
869 344 25 40 0.071564615 
923 288 43 50 0.06884727 
352 290 17 24 0.061753705 
229 381 42 65 0.060623154 
826 296 25 30 0.059238918 
254 330 33 35 0.058609758 
468 263 15 20 0.056628093 
959 309 27 40 0.052771896 
928 311 38 50 0.050438773 
842 298 14 21 0.047964327 
147 341 45 53 0.04738711 
845 310 15 20 0.046815116 
837 292 15 22 0.0455074 
978 315 37 54 0.04542762 
259 312 16 20 0.04191836 
965 308 37 52 0.041367263 
249 319 29 34 0.03902791 
475 396 28 48 0.033968557 
788 428 51 67 0.032973137 
74 344 41 58 0.03283864 
399 271 17 27 0.031741213 
727 307 24 35 0.029787559 
31 353 50 65 0.029553562 
195 391 49 62 0.029155364 
243 350 40 54 0.02713497 
594 292 15 22 0.026902659 
814 293 14 20 0.025657604 
822 294 44 53 0.024909692 
942 289 43 51 0.02434295 
132 333 15 20 0.023490211 
868 328 14 19 0.0231695 
849 570 18 23 0.023078661 
455 412 53 72 0.022959607 
783 435 30 42 0.022658695 
269 485 70 76 0.022610245 
749 427 85 115 0.022608412 
921 277 33 40 0.022360053 
269 350 17 21 0.02192854 
915 289 29 45 0.02184583 
333 286 20 24 0.021427168 
707 302 25 33 0.021090992 
861 414 52 74 0.020764582 
125 332 28 38 0.020510366 
204 381 36 44 0.020012356 
