20_Family_Group_Family_Group_20_411
155
527 91 60 77 0.9992162 
599 388 53 65 0.99900645 
218 396 53 66 0.99894136 
762 402 49 61 0.99889684 
323 408 52 63 0.9987942 
675 78 64 79 0.99870896 
479 391 58 66 0.99867463 
364 65 56 77 0.9979214 
706 755 25 32 0.5649816 
118 728 23 27 0.1735961 
876 749 13 16 0.13232964 
106 784 13 18 0.12355462 
803 739 17 22 0.11445747 
711 766 27 33 0.11142975 
720 758 26 31 0.10827542 
733 747 17 21 0.09307952 
273 746 29 33 0.075624175 
988 749 10 12 0.07288937 
227 774 49 51 0.0722255 
932 785 14 18 0.071565665 
1001 730 11 15 0.0703403 
733 758 23 33 0.06809081 
983 747 11 14 0.06506492 
1004 724 14 19 0.06260116 
612 757 12 18 0.059175123 
854 767 10 12 0.058717974 
99 708 12 15 0.054215968 
700 750 13 21 0.0488054 
924 746 17 20 0.045943994 
609 762 12 18 0.045888465 
597 779 10 13 0.044147983 
607 756 20 30 0.04399832 
878 769 14 17 0.043714914 
609 751 10 14 0.04325234 
115 722 18 23 0.042495128 
846 772 11 14 0.042226903 
496 784 12 16 0.042187396 
792 103 8 10 0.040823575 
606 791 9 13 0.03943004 
436 766 14 19 0.038504835 
795 77 13 17 0.037905816 
826 31 9 11 0.037067045 
315 790 14 17 0.03664032 
129 724 18 20 0.035845645 
118 704 11 12 0.035343915 
420 414 37 52 0.03505573 
836 772 11 13 0.03409774 
1005 303 11 15 0.033919267 
909 763 12 15 0.033889126 
280 756 28 35 0.033713873 
872 748 21 27 0.033532012 
999 350 11 13 0.03344911 
1013 349 10 14 0.033399303 
212 792 12 17 0.032952942 
848 767 10 12 0.032919236 
522 285 58 71 0.032338336 
207 561 52 55 0.031481195 
919 760 12 17 0.031237401 
496 762 10 15 0.031215021 
117 736 14 18 0.031090653 
691 771 26 32 0.031043412 
110 710 27 31 0.031030353 
663 432 24 35 0.030957358 
861 773 9 13 0.030901471 
714 779 29 36 0.030699005 
611 587 51 46 0.030638462 
116 788 12 15 0.029876769 
84 708 11 14 0.029715681 
278 749 16 21 0.029645246 
661 783 12 17 0.02943735 
588 787 10 15 0.029359529 
612 766 12 19 0.029115858 
909 794 14 16 0.02890157 
18 776 16 20 0.028820287 
769 0 9 9 0.02874225 
882 785 13 17 0.028499078 
628 771 13 16 0.028161593 
718 785 15 21 0.02770495 
898 756 16 19 0.027303476 
880 779 13 17 0.027249526 
824 126 9 12 0.027066974 
94 786 13 16 0.026816884 
949 743 10 13 0.026740525 
994 735 8 10 0.026682869 
194 760 27 31 0.026602678 
1013 786 11 17 0.026593523 
621 757 10 15 0.026508588 
902 768 51 52 0.026397191 
863 764 9 12 0.026248896 
1005 349 11 15 0.026242211 
696 785 16 20 0.026183883 
759 36 9 12 0.026028298 
872 755 12 16 0.025812494 
108 719 17 22 0.025699262 
297 761 15 22 0.025511695 
230 788 12 16 0.025449544 
656 242 53 54 0.025324387 
276 784 17 20 0.025281262 
812 732 14 18 0.025276665 
300 747 15 18 0.025213378 
474 234 49 62 0.02488359 
923 759 15 19 0.024865596 
829 769 12 15 0.02468894 
872 763 12 16 0.024668911 
719 691 13 18 0.02461879 
864 758 9 13 0.024322333 
599 787 10 13 0.024232492 
759 53 8 11 0.024161026 
108 733 27 31 0.024160588 
876 334 11 13 0.024150623 
44 748 14 18 0.024138952 
821 766 13 17 0.024126526 
215 697 15 21 0.024115693 
991 755 11 14 0.023859708 
767 614 31 34 0.023846202 
669 446 15 22 0.023654144 
248 784 30 36 0.02351057 
709 786 14 20 0.023475468 
965 789 10 12 0.023410818 
519 788 13 18 0.022495639 
669 411 13 16 0.022420952 
222 786 11 17 0.022330698 
1003 362 14 21 0.02228733 
644 785 11 17 0.022276554 
848 39 8 10 0.022267496 
761 100 11 16 0.022176886 
150 707 10 15 0.02200189 
892 339 11 15 0.021871993 
84 757 17 20 0.021643417 
926 778 24 28 0.021437492 
813 44 9 11 0.021396527 
775 1 8 10 0.021277964 
1004 748 12 16 0.02127295 
300 410 44 61 0.021166043 
273 774 27 33 0.02104824 
805 746 21 31 0.021043813 
754 31 7 10 0.020998305 
439 22 9 11 0.020941567 
32 536 11 15 0.0208046 
613 758 24 34 0.02073545 
933 744 11 14 0.020687908 
647 410 42 57 0.0206859 
942 743 11 13 0.0206612 
663 252 31 34 0.02056019 
70 732 12 14 0.020551497 
614 793 11 15 0.02041896 
661 413 25 36 0.020378971 
558 787 12 16 0.020366129 
968 447 30 38 0.020343516 
693 754 26 33 0.020292053 
884 756 13 16 0.020104231 
480 1 10 10 0.020060284 
590 566 11 14 0.02005077 
735 767 30 39 0.020046597 
983 737 9 11 0.020008504 
