20_Family_Group_Family_Group_20_277
49
156 181 61 73 0.99473625 
997 183 26 42 0.82594633 
274 136 40 50 0.70090854 
590 262 34 38 0.6586649 
739 168 67 67 0.58703005 
571 232 70 72 0.33392408 
385 217 41 38 0.263865 
372 189 67 71 0.12231235 
815 39 25 30 0.11484004 
792 47 20 25 0.104557656 
555 211 70 75 0.08996018 
722 125 106 112 0.08743094 
720 41 155 207 0.08359758 
46 435 37 43 0.07340333 
447 95 41 53 0.06826399 
473 183 154 170 0.06469243 
207 10 128 124 0.052911516 
251 92 69 82 0.048322834 
228 266 382 465 0.04335919 
964 154 16 22 0.042499468 
233 60 74 82 0.04145512 
-2 413 45 67 0.04028306 
874 487 49 72 0.034466892 
153 107 49 61 0.033664417 
2 438 25 36 0.032060836 
81 449 51 60 0.03194827 
321 177 154 219 0.029038763 
488 233 63 71 0.028333971 
534 201 61 67 0.027894618 
870 158 16 24 0.027703078 
174 22 191 194 0.027439738 
361 143 93 107 0.026006082 
970 160 14 20 0.025786443 
410 191 174 230 0.0254641 
805 34 46 53 0.024255855 
15 425 55 73 0.023438321 
494 87 14 20 0.022715727 
0 442 12 19 0.022688063 
358 325 399 467 0.022313694 
980 181 11 14 0.02224624 
971 189 13 16 0.021854717 
156 130 56 73 0.021450276 
756 38 30 32 0.021299357 
37 445 36 45 0.021263026 
227 32 67 70 0.020522408 
157 97 35 41 0.020478481 
901 476 47 69 0.020393781 
1011 279 13 23 0.020386292 
0 464 10 19 0.020277176 
