20_Family_Group_Family_Group_20_339
70
619 181 30 41 0.9989189 
448 171 32 39 0.9989022 
525 195 28 37 0.9977724 
362 128 37 48 0.9974304 
240 134 38 49 0.9972735 
699 165 32 41 0.9969913 
768 147 37 49 0.99677294 
147 161 34 41 0.99166614 
856 104 39 50 0.9823872 
30 91 45 51 0.97537714 
826 178 32 36 0.623554 
666 215 21 27 0.32841793 
411 326 15 20 0.23072515 
938 330 17 22 0.19599147 
428 279 15 20 0.15574978 
541 188 25 36 0.09092909 
744 173 24 30 0.072979786 
550 181 21 30 0.059610147 
669 188 23 29 0.057592552 
828 146 24 30 0.057153452 
636 155 15 20 0.054272875 
352 250 16 20 0.051748678 
446 360 26 34 0.051641043 
834 171 21 23 0.050849423 
580 194 25 35 0.044500798 
548 241 13 15 0.043952145 
260 251 12 14 0.041286796 
202 185 466 524 0.04070173 
915 100 15 18 0.0387496 
676 155 15 19 0.037932254 
1014 483 8 14 0.03678668 
353 170 15 18 0.035958096 
170 164 26 35 0.035278015 
2 308 28 37 0.035110433 
563 219 16 21 0.03489643 
429 361 28 33 0.03434491 
362 328 15 21 0.034207385 
183 165 27 33 0.033727076 
275 187 13 15 0.03364431 
871 -9 71 76 0.03258159 
632 591 35 37 0.03091864 
676 163 27 34 0.030555956 
98 178 14 20 0.029187 
590 190 26 37 0.02848649 
69 152 13 18 0.027794603 
601 188 27 35 0.027341368 
0 112 22 46 0.027162686 
177 191 25 30 0.026971856 
134 157 25 36 0.026637549 
834 161 20 23 0.026448237 
835 114 15 20 0.025853887 
382 290 11 15 0.025780056 
178 125 32 37 0.025574956 
122 151 22 35 0.024063831 
634 177 29 35 0.02398927 
-1 93 18 44 0.023385536 
478 353 25 35 0.022865908 
349 255 20 29 0.022735879 
434 346 15 19 0.022269951 
209 172 27 34 0.022155412 
1011 98 13 20 0.022122119 
560 186 15 22 0.021866418 
197 127 30 37 0.021798939 
162 140 41 52 0.02175658 
640 162 16 20 0.021533838 
63 148 14 18 0.021028975 
972 310 12 16 0.020423533 
44 298 16 20 0.02038881 
564 300 12 14 0.020372208 
487 343 27 37 0.020114224 
