20_Family_Group_Family_Group_20_64
61
761 490 69 85 0.99948704 
464 317 61 85 0.999345 
719 328 55 73 0.99926025 
615 393 69 89 0.9992518 
308 322 63 82 0.99913895 
178 434 50 64 0.99912566 
172 307 51 60 0.9990682 
486 167 50 63 0.9990439 
652 122 51 67 0.9989126 
755 282 50 61 0.99774206 
8 372 59 68 0.99708265 
888 311 47 56 0.9961845 
276 25 40 52 0.9960502 
609 320 49 60 0.99504197 
343 281 45 56 0.9945544 
251 182 39 43 0.9934842 
317 163 46 54 0.99272835 
800 58 40 49 0.9852769 
51 135 49 58 0.9831529 
154 232 42 48 0.97207314 
542 170 39 49 0.89589375 
978 203 26 45 0.74521303 
456 189 24 35 0.56892914 
851 480 46 53 0.50953376 
966 211 29 43 0.3734543 
234 444 48 66 0.18134473 
999 209 24 34 0.1243429 
661 258 22 28 0.08344442 
556 335 44 53 0.07647117 
396 298 24 32 0.07482392 
192 238 28 39 0.054969173 
128 419 42 60 0.052316673 
743 297 54 73 0.04525712 
981 191 41 63 0.0449492 
88 152 27 41 0.044091083 
1009 223 14 21 0.04404532 
417 315 40 56 0.043624446 
304 273 29 39 0.0411216 
334 90 15 18 0.040150065 
849 331 39 54 0.03974518 
803 304 27 37 0.036771372 
954 227 31 36 0.035253637 
95 257 31 41 0.03426941 
633 315 36 50 0.033956088 
899 370 34 43 0.029988809 
612 357 59 77 0.029539399 
230 91 27 35 0.027721306 
584 390 48 70 0.027037434 
407 266 10 13 0.026856694 
286 277 40 55 0.026256409 
156 260 52 59 0.026212158 
933 268 44 52 0.026178965 
1006 426 13 21 0.0260812 
869 468 32 42 0.02546206 
935 291 33 42 0.025224058 
209 239 28 37 0.023560366 
87 338 55 66 0.023414774 
24 311 13 17 0.022833088 
937 233 47 56 0.0205802 
943 352 25 32 0.020486554 
919 223 42 51 0.020137064 
