45_Balloonist_Balloonist_45_211
30
476 789 69 97 0.99806994 
471 597 12 15 0.31596455 
437 609 10 14 0.1426545 
453 636 10 14 0.09557256 
463 671 13 19 0.072035044 
245 1057 119 147 0.06267788 
428 1060 470 492 0.047767032 
99 1484 14 18 0.046511184 
459 464 205 270 0.040499713 
69 1492 12 17 0.032142486 
98 1497 12 18 0.032022685 
209 1197 54 61 0.031353544 
474 379 51 63 0.030259032 
34 925 348 483 0.030173244 
97 1491 11 14 0.0290985 
499 611 13 16 0.028734736 
127 1138 456 514 0.027855048 
468 588 22 28 0.025831949 
45 1503 9 14 0.025793465 
459 661 22 28 0.02459003 
177 495 355 463 0.024526402 
41 1482 10 16 0.024120731 
41 1508 10 13 0.023812981 
417 628 10 13 0.022635296 
70 1526 11 13 0.022208009 
380 1081 30 50 0.022067033 
229 1193 31 41 0.021978563 
474 591 13 16 0.021522362 
690 1315 14 18 0.020649027 
447 -69 354 462 0.020330604 
