45_Balloonist_Balloonist_45_225
19
47 -4 142 156 0.9988883 
537 156 188 248 0.9936673 
442 130 201 279 0.77997935 
322 524 209 183 0.13353358 
349 6 194 217 0.060472015 
334 163 201 214 0.05868516 
609 227 144 172 0.03272515 
283 16 109 118 0.030892706 
197 349 380 471 0.029655108 
663 35 64 73 0.029487396 
557 85 295 398 0.029263793 
255 461 207 253 0.028085692 
445 27 92 108 0.027685406 
638 41 59 67 0.026146 
278 573 107 121 0.025764996 
260 664 64 65 0.02340708 
196 23 88 128 0.022007877 
668 19 95 110 0.021277463 
243 64 56 72 0.020435464 
