45_Balloonist_Balloonist_45_86
19
455 360 108 139 0.9988072 
727 300 73 85 0.98265886 
106 302 46 71 0.916584 
911 637 29 34 0.878115 
528 34 239 269 0.05760358 
560 391 54 83 0.053761642 
907 648 43 47 0.046461888 
576 693 81 66 0.045532342 
982 255 40 97 0.043789648 
983 591 43 83 0.04073726 
979 659 17 20 0.034777336 
431 -24 386 436 0.030177016 
731 343 57 64 0.030119868 
126 296 34 59 0.027744653 
530 395 63 88 0.027112033 
75 323 67 76 0.025786683 
987 216 42 80 0.021838589 
549 694 73 58 0.02143368 
889 627 49 48 0.021011597 
