45_Balloonist_Balloonist_45_857
68
467 107 452 475 0.56464964 
499 358 16 23 0.4485953 
611 355 21 25 0.42182705 
330 116 348 484 0.1957149 
311 84 13 15 0.19330578 
406 52 12 15 0.11961694 
371 158 26 32 0.10568327 
414 366 67 75 0.08799093 
538 451 15 19 0.07075454 
280 12 12 17 0.06795974 
508 592 17 19 0.05463313 
600 49 312 354 0.05311956 
494 348 29 35 0.047301814 
200 50 17 19 0.042339746 
244 125 28 34 0.042276584 
317 30 9 10 0.041092042 
439 81 297 287 0.04077402 
562 366 17 22 0.04028227 
619 341 25 31 0.040197708 
445 23 10 12 0.040035397 
146 116 388 500 0.03990511 
410 376 101 117 0.03974756 
625 397 94 154 0.034651972 
484 360 15 20 0.03433519 
341 121 12 16 0.034012806 
543 416 52 74 0.03165957 
401 47 10 12 0.031505805 
381 69 10 12 0.031468417 
322 286 17 19 0.031286642 
254 41 12 16 0.029677402 
340 298 27 32 0.029067507 
25 92 248 236 0.028981155 
398 21 10 13 0.028725509 
259 66 15 17 0.027879853 
260 53 14 18 0.027808342 
484 356 54 55 0.027778702 
462 32 9 12 0.027645016 
438 130 14 18 0.027421521 
630 425 53 89 0.027127055 
495 351 105 126 0.027119989 
283 17 12 16 0.02695385 
263 28 10 13 0.026616545 
420 22 9 11 0.026274797 
624 359 17 21 0.026166178 
392 21 10 13 0.025760623 
382 156 34 41 0.025635736 
270 19 12 16 0.024719166 
381 22 11 14 0.024333881 
352 21 8 11 0.02356014 
3 -207 470 484 0.023518024 
195 116 17 20 0.02345061 
366 123 12 14 0.023078574 
311 44 9 12 0.023076339 
353 31 7 10 0.022811012 
209 59 27 32 0.022543414 
432 16 8 9 0.022407921 
458 369 103 120 0.02215401 
539 370 54 70 0.021571867 
82 401 32 38 0.021467905 
539 188 259 285 0.02141008 
279 68 12 16 0.021181906 
420 137 16 23 0.020979058 
315 88 12 16 0.020948939 
562 610 51 51 0.02085699 
435 343 102 110 0.020755103 
157 65 29 31 0.02029999 
415 29 9 12 0.020254908 
521 138 132 124 0.020194616 
