45_Balloonist_Balloonist_45_402
30
350 225 53 66 0.98823196 
468 77 65 88 0.95442116 
282 259 42 54 0.9350086 
553 206 46 60 0.92547417 
599 255 63 77 0.88580835 
520 85 88 115 0.4066553 
570 190 52 71 0.1380847 
550 76 97 138 0.108690225 
586 239 103 127 0.09267534 
288 515 177 256 0.08414342 
594 190 52 69 0.08379073 
523 75 185 256 0.07496708 
578 154 59 87 0.07035052 
496 91 74 93 0.062790774 
447 30 115 150 0.05742058 
554 472 55 76 0.04987318 
537 193 177 202 0.047116224 
540 258 85 101 0.046813816 
449 64 176 207 0.037831288 
572 221 52 70 0.0372175 
610 224 66 87 0.035799913 
458 443 101 160 0.03567823 
599 260 34 56 0.03567025 
278 242 30 41 0.033819124 
610 201 57 70 0.029962264 
669 481 240 253 0.027606945 
645 221 66 66 0.026455494 
467 107 38 55 0.02551902 
357 607 113 156 0.025091492 
512 446 82 130 0.02314873 
