45_Balloonist_Balloonist_45_207
17
463 309 221 340 0.9884095 
71 509 202 236 0.9448166 
425 135 411 535 0.78541017 
252 109 404 539 0.6215197 
121 487 262 354 0.44438308 
183 380 332 426 0.3822666 
319 365 274 311 0.3440987 
232 600 400 481 0.15643056 
484 363 355 495 0.115483426 
383 672 394 509 0.108684815 
110 -58 461 564 0.10601276 
61 527 412 523 0.047753885 
467 511 457 575 0.040966157 
503 -1 459 463 0.030283784 
76 170 402 521 0.029997189 
608 169 279 389 0.022000903 
546 515 213 302 0.020109177 
