45_Balloonist_Balloonist_45_273
181
707 206 54 73 0.99930525 
464 161 38 45 0.9979504 
106 316 68 85 0.9977877 
429 38 30 39 0.99208564 
122 168 67 83 0.9882041 
376 158 29 36 0.9865469 
721 297 113 172 0.9854022 
868 102 17 24 0.93058103 
627 203 41 51 0.8030024 
818 122 13 16 0.71042776 
164 207 38 49 0.67864144 
196 125 26 32 0.55711687 
659 162 21 28 0.36305124 
280 195 12 16 0.27302626 
732 98 15 18 0.25747505 
579 138 15 17 0.23452047 
723 162 23 29 0.23141512 
850 171 24 29 0.18472683 
768 156 26 34 0.15007578 
200 115 18 21 0.14983362 
564 138 13 17 0.14503948 
733 105 18 21 0.13868488 
556 210 24 34 0.12598778 
283 275 32 39 0.113739625 
314 181 375 478 0.113134526 
760 159 41 53 0.108074635 
717 134 26 34 0.10604767 
952 198 23 30 0.10013976 
357 178 26 34 0.098499574 
335 135 14 19 0.08462217 
738 100 15 18 0.083511725 
941 146 24 27 0.08312017 
507 106 23 29 0.07920269 
819 127 15 19 0.07432296 
608 227 12 16 0.07248956 
468 401 49 56 0.07011126 
101 437 96 144 0.06989846 
319 108 13 16 0.06618211 
364 164 26 32 0.06540282 
894 275 110 164 0.06520923 
830 154 14 18 0.06508441 
420 167 18 21 0.06407697 
949 206 31 47 0.06328108 
543 213 13 17 0.06256587 
661 158 14 19 0.05956483 
390 161 25 33 0.05871382 
994 132 13 16 0.0583036 
434 189 26 31 0.05735071 
747 101 12 18 0.057340913 
822 164 44 54 0.056707963 
878 106 17 22 0.056382373 
513 381 36 39 0.0524129 
805 161 16 20 0.048150692 
338 333 14 22 0.047420155 
813 130 15 19 0.046589166 
787 169 15 20 0.046328038 
836 148 15 18 0.044058036 
308 271 14 15 0.043968834 
487 311 34 38 0.043460544 
821 106 12 14 0.04305439 
331 231 25 30 0.04285546 
796 270 183 244 0.04275251 
837 141 13 16 0.042478554 
753 152 30 37 0.04217288 
984 219 12 17 0.041586045 
827 132 12 16 0.040259566 
806 138 13 16 0.039604075 
938 198 15 18 0.038702317 
246 157 12 15 0.03837041 
872 211 18 24 0.03791444 
598 149 13 17 0.037900973 
349 245 13 16 0.037633438 
786 132 15 19 0.036801383 
950 202 15 22 0.03641078 
803 114 15 19 0.036314752 
971 126 21 26 0.03562399 
603 220 22 30 0.035260066 
787 154 13 16 0.03508214 
210 132 24 30 0.034442496 
653 158 12 16 0.03433569 
1013 125 11 17 0.03427636 
369 146 25 35 0.03393869 
730 115 22 29 0.033919197 
455 330 26 34 0.033438943 
559 399 128 120 0.032898325 
779 169 27 38 0.032117788 
738 105 22 30 0.032110177 
961 196 18 23 0.03210452 
780 156 16 21 0.032093983 
357 139 24 32 0.031836044 
265 224 15 19 0.031703122 
865 179 15 20 0.03151248 
342 318 24 33 0.031398926 
236 132 11 14 0.030908795 
320 229 10 14 0.030734995 
139 5 58 65 0.030682543 
326 228 14 17 0.03016988 
344 133 24 30 0.029731754 
628 138 14 18 0.02934974 
654 161 16 22 0.028755281 
325 100 13 15 0.028752571 
482 119 24 30 0.028589804 
976 136 19 23 0.02848512 
608 233 15 20 0.02829865 
315 435 129 140 0.02826962 
894 123 14 18 0.028023828 
470 321 32 37 0.028013518 
816 158 27 29 0.027864723 
810 155 14 18 0.027848331 
988 226 12 16 0.027845744 
647 149 12 14 0.02784188 
363 177 16 21 0.027816273 
403 314 14 18 0.027638989 
544 213 23 28 0.027431672 
184 133 29 35 0.026994007 
607 130 25 29 0.026766008 
794 170 13 19 0.02637876 
981 127 23 26 0.025970234 
357 236 14 17 0.025891976 
378 122 18 22 0.02579876 
355 244 14 17 0.025709376 
291 277 19 24 0.025699884 
328 269 13 19 0.025608378 
209 115 16 19 0.025460634 
975 195 26 34 0.025317203 
789 126 12 16 0.02531387 
324 265 22 31 0.025285766 
282 202 14 18 0.025225928 
607 133 13 17 0.025051838 
586 135 14 16 0.024957174 
555 203 41 56 0.024815168 
405 160 21 28 0.024705105 
372 127 16 22 0.024667744 
468 120 17 20 0.024626782 
830 137 13 16 0.024609413 
364 154 15 22 0.024602737 
619 164 16 18 0.024472333 
716 100 14 20 0.02443742 
335 138 23 29 0.02430919 
960 198 28 37 0.024261592 
983 209 14 19 0.024108784 
984 137 23 29 0.023868907 
375 351 27 35 0.023861706 
562 136 23 29 0.023732908 
726 115 15 18 0.023492262 
723 121 24 34 0.023473976 
825 124 13 16 0.023348672 
681 264 28 33 0.02330781 
828 186 31 37 0.023188718 
728 138 17 22 0.02312711 
1006 130 12 17 0.023086203 
319 320 211 277 0.022959158 
325 224 24 28 0.022941055 
324 492 66 65 0.022761362 
365 124 14 18 0.022739448 
245 163 14 16 0.022643773 
490 126 14 19 0.022522435 
646 157 14 17 0.02228308 
968 130 13 18 0.022157686 
343 343 47 50 0.021966819 
828 162 16 19 0.021932555 
77 479 59 86 0.021864662 
227 138 14 17 0.021774808 
247 149 10 14 0.021556562 
495 320 21 23 0.021552013 
257 226 27 33 0.021241823 
803 133 22 27 0.021183718 
604 313 24 32 0.0211559 
462 125 14 17 0.02104569 
190 132 15 21 0.020900382 
410 341 30 36 0.020804675 
811 146 13 17 0.020794354 
235 263 47 57 0.02075311 
953 151 16 20 0.02070751 
498 180 27 36 0.020641072 
987 202 14 23 0.020602547 
652 151 11 15 0.020587778 
221 133 13 19 0.020488571 
470 116 27 30 0.020417297 
442 181 24 31 0.02025454 
160 212 385 484 0.02022551 
