45_Balloonist_Balloonist_45_974
52
411 233 218 292 0.99989533 
862 70 38 52 0.98168945 
371 385 347 507 0.66242206 
300 572 277 304 0.44602677 
289 729 469 506 0.3362379 
490 510 463 452 0.28165564 
598 584 275 240 0.07281125 
546 1152 9 11 0.06296716 
548 1155 10 13 0.062686436 
576 1150 8 11 0.05635863 
589 162 58 76 0.05366432 
573 1180 10 15 0.053320106 
546 1205 8 10 0.05079343 
87 489 465 458 0.049636662 
518 1150 8 12 0.048030466 
772 77 209 218 0.047848117 
476 1151 10 12 0.041962687 
573 1167 10 14 0.041061655 
598 1187 12 15 0.039955534 
623 1152 9 10 0.03891555 
497 1150 9 11 0.03795907 
625 1214 9 12 0.037906565 
519 1206 8 11 0.03764704 
630 1197 9 11 0.034279153 
487 569 259 312 0.03255238 
45 13 196 256 0.031062985 
559 139 98 126 0.028998172 
507 90 178 224 0.028768951 
630 1181 9 11 0.028413963 
632 1143 8 11 0.028206702 
167 762 373 466 0.027836539 
-7 1100 41 70 0.026024237 
626 1183 8 10 0.025998596 
666 1143 8 12 0.02551837 
629 1205 9 11 0.025153043 
862 89 54 62 0.025139553 
545 1200 8 10 0.0247661 
625 1197 9 12 0.024218166 
568 1196 9 12 0.023515861 
584 1149 9 11 0.023424247 
487 1204 9 12 0.023009796 
574 1212 10 11 0.02246103 
570 1187 10 13 0.021991538 
519 1155 8 12 0.021835594 
625 1145 7 8 0.02171342 
677 1196 9 11 0.021607844 
597 1148 11 12 0.021343982 
574 1159 9 11 0.02118992 
644 1265 14 18 0.020749724 
942 24 14 16 0.020595789 
645 1195 9 12 0.020567456 
475 769 311 306 0.0202669 
