16_Award_Ceremony_Awards_Ceremony_16_569
52
443 5 67 85 0.9989899 
85 19 69 88 0.99851304 
260 10 71 93 0.9979594 
558 138 150 175 0.99781954 
820 62 146 230 0.99548113 
189 35 45 57 0.9892163 
0 40 32 45 0.56766117 
781 46 120 206 0.47275186 
499 6 49 71 0.27138728 
351 86 32 40 0.12571345 
237 49 28 45 0.11927646 
245 95 175 281 0.09634015 
372 3 31 33 0.08670193 
384 0 37 35 0.08627751 
235 81 31 40 0.08355688 
240 42 50 68 0.075190425 
359 6 30 34 0.07025627 
0 59 20 30 0.06404652 
387 676 11 16 0.063690215 
371 8 18 21 0.057197534 
388 723 23 30 0.056641873 
332 715 14 18 0.05562542 
19 4 18 20 0.04690548 
0 239 13 22 0.046510447 
338 0 46 58 0.04242453 
947 -4 44 39 0.042124797 
511 2 34 41 0.04004913 
1 136 22 34 0.037085537 
206 595 15 20 0.03619575 
204 44 49 62 0.034283157 
243 88 18 24 0.033681482 
248 176 109 173 0.03356263 
368 -1 46 54 0.03211184 
425 35 16 22 0.029926639 
156 594 63 91 0.029218193 
31 83 29 34 0.02792928 
690 609 52 57 0.026945764 
32 21 29 38 0.026743405 
482 736 30 34 0.026117047 
405 749 14 17 0.02489958 
37 67 14 17 0.024831148 
119 448 156 274 0.023520853 
877 144 108 158 0.023059295 
153 80 43 65 0.022818746 
82 92 13 17 0.022503302 
6 20 42 58 0.02205561 
786 63 76 126 0.021841908 
459 747 15 17 0.021650912 
694 61 159 225 0.021359984 
218 59 50 66 0.021308172 
333 52 12 18 0.021302203 
388 713 14 20 0.02008889 
