16_Award_Ceremony_Awards_Ceremony_16_317
33
216 106 35 46 0.99785525 
844 114 29 47 0.9747216 
599 136 31 40 0.82516944 
600 145 49 62 0.64146674 
272 378 172 252 0.43456239 
472 468 130 142 0.12433773 
634 106 62 67 0.11736627 
648 456 146 205 0.09510255 
572 401 190 292 0.080242105 
615 116 59 72 0.067996345 
361 383 15 18 0.06494303 
628 336 16 19 0.060931403 
607 169 28 36 0.05942232 
124 448 58 87 0.056674648 
860 114 32 45 0.05251942 
381 432 185 242 0.048774295 
594 133 80 104 0.03792376 
418 487 136 125 0.035226267 
589 310 12 16 0.034614537 
198 187 24 30 0.031739645 
850 115 18 28 0.03161369 
613 87 99 113 0.03117115 
375 115 14 16 0.029625127 
586 185 29 39 0.028634412 
598 143 17 26 0.028616328 
266 115 13 15 0.02716739 
660 114 35 37 0.026723787 
623 328 29 31 0.026046595 
192 109 13 16 0.023710888 
148 120 24 30 0.022094272 
280 111 9 11 0.021361489 
318 130 14 17 0.020915963 
587 301 13 18 0.020612247 
