16_Award_Ceremony_Awards_Ceremony_16_589
22
453 83 113 156 0.9996691 
418 1109 318 433 0.32249737 
767 296 185 257 0.15215707 
417 698 361 517 0.1407876 
168 174 356 463 0.09082189 
845 402 33 36 0.086292684 
664 156 367 486 0.08166516 
356 82 427 534 0.070263326 
403 783 220 359 0.039625663 
466 1326 167 155 0.035521094 
45 50 384 450 0.03512603 
663 92 27 38 0.033291925 
221 231 33 35 0.032559376 
259 68 60 64 0.029158097 
554 321 68 56 0.023953296 
269 419 13 17 0.023294788 
712 656 241 203 0.022677792 
-2 172 136 166 0.021619614 
238 89 29 35 0.021322118 
872 287 25 32 0.021226179 
285 94 28 38 0.021089507 
73 650 24 29 0.020551762 
