16_Award_Ceremony_Awards_Ceremony_16_338
28
345 167 278 362 0.99923205 
68 24 398 450 0.63076574 
657 445 184 230 0.40185136 
319 1012 430 518 0.10667387 
660 409 379 406 0.09771532 
980 188 43 70 0.07459375 
648 107 176 231 0.06579867 
703 179 100 134 0.062175 
940 229 31 37 0.0583193 
472 1162 241 345 0.050820988 
268 495 421 494 0.038430415 
494 121 216 327 0.036940895 
950 1438 27 37 0.035450738 
114 842 416 518 0.031987 
460 596 333 427 0.031790316 
913 1440 24 31 0.028683666 
713 571 107 127 0.028111886 
-30 614 442 439 0.027685827 
746 548 17 21 0.026270032 
856 1360 161 251 0.025987752 
689 518 221 263 0.02440872 
527 693 387 460 0.02383485 
930 234 27 34 0.023059055 
962 205 47 66 0.0219481 
725 21 407 469 0.021249855 
1001 279 23 31 0.021001074 
913 217 46 59 0.020598013 
891 235 18 22 0.02047827 
