16_Award_Ceremony_Awards_Ceremony_16_231
38
428 144 128 152 0.9996265 
560 101 114 162 0.99956936 
37 144 44 53 0.98767674 
128 146 62 62 0.9606689 
794 144 16 21 0.84604526 
901 155 20 27 0.837192 
713 136 18 22 0.7832325 
857 272 67 84 0.563665 
299 131 15 26 0.45090494 
924 134 18 22 0.3954259 
489 119 129 160 0.23087546 
751 209 27 37 0.071160205 
82 270 400 472 0.06385055 
740 159 17 22 0.061048694 
88 114 16 20 0.05798025 
925 201 17 26 0.043408748 
-3 584 44 73 0.041294824 
830 264 66 78 0.038206402 
50 610 27 37 0.038104348 
917 141 22 29 0.036004554 
992 185 24 31 0.034730054 
374 100 26 41 0.03330294 
120 120 49 61 0.029727837 
787 172 28 35 0.029004108 
990 210 31 39 0.02888067 
11 555 97 131 0.028583191 
917 117 13 17 0.028488444 
104 127 46 61 0.028305087 
924 125 15 19 0.02818905 
292 130 26 46 0.0267387 
141 134 39 47 0.02656542 
387 116 27 34 0.024138125 
918 130 18 22 0.023335196 
33 583 51 73 0.022519128 
883 282 40 51 0.022318719 
427 644 16 18 0.02167923 
411 83 25 35 0.02091683 
686 209 14 19 0.020848632 
