16_Award_Ceremony_Awards_Ceremony_16_73
304
259 123 37 44 0.9974841 
204 54 17 24 0.9921036 
407 143 36 51 0.9905177 
614 146 37 48 0.989617 
317 72 33 38 0.98084706 
724 88 40 53 0.9777769 
90 70 19 25 0.9708171 
640 78 17 22 0.96819836 
266 77 18 25 0.94726914 
562 28 17 20 0.92188156 
472 28 14 17 0.9024681 
720 41 18 21 0.8951738 
637 44 16 20 0.88589704 
491 60 16 21 0.8801722 
652 21 17 22 0.85841966 
603 20 13 17 0.84575087 
904 113 19 31 0.82071334 
865 37 14 18 0.7903233 
592 70 17 22 0.7657347 
701 3 15 17 0.7083336 
609 59 15 19 0.69408846 
345 35 12 15 0.67501974 
988 0 17 19 0.66908383 
364 50 15 20 0.6612309 
852 21 12 16 0.6148603 
536 44 17 20 0.60690886 
971 20 14 18 0.60315084 
240 58 16 19 0.5945249 
988 34 15 19 0.5554523 
458 57 18 22 0.5462861 
794 535 25 30 0.5349849 
697 40 17 22 0.50759417 
770 0 15 16 0.49816325 
4 80 17 21 0.47768858 
618 31 14 18 0.4644605 
719 13 17 21 0.44274387 
685 25 12 18 0.4384701 
534 67 12 17 0.40556186 
413 64 14 20 0.39006105 
444 52 14 19 0.38891336 
750 36 13 18 0.36865646 
836 36 11 16 0.3501423 
425 58 16 22 0.34668908 
813 33 13 16 0.3328595 
16 75 20 27 0.32939422 
432 78 16 20 0.3286256 
568 77 16 18 0.31335995 
889 35 12 16 0.3007562 
185 68 15 21 0.28103998 
569 51 15 20 0.26854312 
168 57 13 17 0.25675362 
239 81 14 20 0.23962492 
141 58 17 21 0.21921532 
418 61 16 23 0.21285537 
390 33 12 16 0.2062656 
382 79 19 27 0.20478319 
626 72 15 20 0.20321296 
227 69 15 20 0.20037524 
971 32 14 20 0.19843388 
656 62 14 17 0.1854861 
876 16 11 16 0.18275721 
509 1 12 15 0.16823894 
917 36 11 14 0.1663158 
549 3 12 15 0.14342616 
151 141 12 15 0.13907667 
76 53 16 20 0.13794841 
1003 22 14 18 0.13293307 
837 31 11 14 0.1299522 
237 63 19 25 0.12936026 
739 4 13 15 0.12911244 
797 69 11 14 0.12076473 
703 39 19 25 0.11340089 
589 0 16 18 0.111164756 
453 50 17 20 0.10965553 
843 124 13 17 0.10703083 
583 13 13 18 0.106166564 
386 67 14 18 0.10327852 
445 44 14 18 0.1018021 
332 82 25 33 0.1017379 
526 35 12 16 0.10102271 
587 45 12 16 0.09690616 
802 21 13 14 0.09663754 
445 37 12 16 0.09591019 
782 35 13 17 0.09540688 
813 42 12 16 0.0941292 
492 23 11 14 0.09088529 
273 75 16 21 0.09086685 
350 249 16 19 0.088663474 
547 78 12 15 0.08850597 
755 30 11 15 0.088037245 
132 60 21 25 0.0866188 
123 59 16 19 0.086182885 
758 0 11 11 0.08199267 
638 13 14 18 0.080271244 
541 75 13 16 0.07871643 
695 34 16 20 0.077641726 
780 28 14 16 0.076584004 
997 26 15 19 0.074002005 
976 25 20 26 0.07390724 
19 70 15 19 0.07204153 
-1 158 11 20 0.07172932 
265 425 16 20 0.070732236 
457 45 14 17 0.07052599 
710 13 21 26 0.07017446 
389 40 13 17 0.068777606 
27 144 25 28 0.06851116 
454 38 13 16 0.067526914 
22 85 16 23 0.06606302 
423 50 15 20 0.065299556 
421 45 13 15 0.064876154 
610 22 13 17 0.06329357 
628 83 14 17 0.06313712 
799 62 11 13 0.06175164 
532 38 15 20 0.061310247 
14 67 14 17 0.06086407 
439 -2 9 10 0.060657866 
434 55 18 24 0.058728527 
453 12 12 15 0.058422036 
820 68 11 14 0.057591684 
862 30 12 16 0.056285594 
337 94 24 32 0.05607788 
807 53 11 14 0.05602676 
911 116 16 22 0.055566493 
155 75 16 21 0.054701783 
616 65 20 24 0.05371499 
150 55 22 26 0.05303822 
344 87 17 22 0.05246718 
461 3 9 12 0.05192338 
804 60 11 13 0.05113178 
845 59 10 13 0.050544333 
820 53 10 13 0.050119456 
486 27 13 18 0.049230035 
690 26 15 21 0.048776384 
914 124 17 26 0.048357517 
348 59 14 18 0.048061505 
803 75 13 17 0.047438115 
911 48 12 17 0.047308277 
332 67 25 33 0.046600353 
821 317 15 18 0.045127627 
250 76 22 29 0.04382854 
901 28 12 16 0.04328893 
788 42 11 16 0.043040358 
360 22 10 13 0.042818014 
319 43 10 13 0.042760786 
432 -2 10 10 0.042365253 
803 70 12 14 0.04200028 
588 35 14 18 0.041987393 
798 53 11 14 0.041800532 
283 73 13 17 0.041749477 
594 62 15 20 0.041739635 
806 27 14 17 0.041516483 
463 29 13 15 0.041460834 
357 55 15 21 0.04105329 
614 42 12 17 0.04083148 
649 35 20 26 0.040717818 
392 63 20 26 0.040505614 
814 50 12 14 0.040315807 
366 0 10 10 0.040227056 
384 29 14 17 0.040060494 
605 43 14 17 0.039980613 
603 33 15 19 0.039630733 
280 4 10 13 0.038837742 
689 89 24 34 0.038454153 
862 -1 11 11 0.03829358 
554 0 15 19 0.03783425 
676 529 16 21 0.037828114 
492 34 12 16 0.037532914 
790 51 11 15 0.037403073 
441 73 15 18 0.037275173 
429 23 10 12 0.036936577 
347 108 17 23 0.036835663 
871 31 19 25 0.036721822 
878 7 11 13 0.036398597 
695 10 21 26 0.03619202 
442 63 15 20 0.036087807 
389 73 19 26 0.0355528 
582 48 12 16 0.03481984 
749 4 12 14 0.03450192 
859 20 12 16 0.03448528 
579 71 20 23 0.033625916 
821 61 10 13 0.033377066 
745 40 13 19 0.03337645 
659 41 12 17 0.033314466 
815 -1 9 9 0.033158876 
81 56 18 20 0.033154204 
559 54 11 15 0.03310896 
1000 75 12 16 0.032579523 
627 35 13 17 0.032438748 
445 -1 10 10 0.032246023 
365 27 11 15 0.03186661 
698 28 16 20 0.031804178 
53 60 12 16 0.031768046 
868 31 12 16 0.03157171 
724 7 14 17 0.031554293 
527 60 12 16 0.03142106 
210 330 11 17 0.03113677 
789 66 15 21 0.030748634 
815 74 12 17 0.030702224 
901 107 14 22 0.030584283 
36 76 12 15 0.03055365 
510 9 12 16 0.030344123 
360 55 22 30 0.02987858 
659 118 25 32 0.029461635 
894 23 10 14 0.029440062 
84 59 21 27 0.029346243 
509 56 15 21 0.02924545 
949 2 10 14 0.029031126 
652 15 14 18 0.028803661 
52 67 22 27 0.02877831 
533 -2 10 12 0.028760586 
551 27 15 19 0.028741088 
856 42 10 14 0.028702887 
278 70 13 16 0.028555539 
374 80 15 19 0.028494673 
332 53 13 16 0.02847921 
0 68 10 15 0.028337603 
613 50 20 25 0.028253343 
805 -2 11 11 0.028243853 
598 41 13 16 0.028222203 
325 0 9 10 0.028172445 
735 0 12 14 0.028013207 
425 22 9 12 0.027881194 
968 13 13 18 0.027876776 
869 -2 10 10 0.027769882 
381 61 14 22 0.027637163 
365 74 13 19 0.02745752 
128 99 13 17 0.027354691 
389 21 11 14 0.027241189 
797 13 14 17 0.027018024 
748 37 21 28 0.026993252 
819 28 12 16 0.026829144 
447 361 22 30 0.026808959 
799 0 12 11 0.026806172 
894 12 11 12 0.026755532 
621 91 23 27 0.026191156 
275 59 12 15 0.026141461 
941 19 12 16 0.025964672 
527 66 21 26 0.025948487 
343 22 10 13 0.025938712 
501 21 12 16 0.025766639 
642 13 20 26 0.025620116 
583 3 15 19 0.025615789 
845 43 11 14 0.025593108 
835 3 14 18 0.025547044 
0 86 22 30 0.025488777 
276 46 10 14 0.025465088 
351 70 23 32 0.02521298 
119 152 10 13 0.025092918 
901 103 11 15 0.025082195 
406 60 16 21 0.024847887 
699 53 16 21 0.024495889 
456 0 10 11 0.024466585 
821 19 13 16 0.024465824 
345 72 17 23 0.02445849 
-2 148 11 20 0.024317283 
633 142 28 37 0.024262672 
800 26 12 15 0.024097392 
548 49 11 16 0.024025803 
500 53 14 18 0.023699695 
485 53 17 21 0.023418533 
0 64 40 50 0.023326164 
441 82 14 18 0.023209507 
330 337 13 21 0.023174634 
325 59 15 17 0.023140447 
455 32 11 14 0.02310899 
839 124 21 28 0.02299386 
147 65 22 27 0.022720525 
341 0 9 9 0.022409454 
723 19 22 29 0.022393603 
789 59 13 17 0.022374153 
236 83 20 31 0.02235379 
569 66 17 22 0.022262942 
916 7 12 18 0.022224966 
272 -1 11 12 0.022110887 
382 53 11 15 0.022098005 
781 50 14 16 0.02189531 
405 70 17 21 0.021885972 
693 20 15 19 0.02183107 
361 0 10 9 0.021444876 
633 49 14 18 0.02139402 
476 51 13 18 0.021258866 
-1 98 11 19 0.021179395 
861 15 11 13 0.021133289 
644 4 14 19 0.02109495 
781 279 17 21 0.020981215 
958 22 22 29 0.020977361 
308 533 14 18 0.020937338 
878 27 12 15 0.02092785 
406 21 11 13 0.020916808 
369 54 16 22 0.020877186 
492 42 13 16 0.020875178 
563 -1 13 13 0.020759877 
501 43 11 15 0.020707658 
509 20 11 16 0.020610232 
893 124 24 34 0.020383507 
134 55 14 17 0.020330168 
389 14 10 14 0.020323712 
621 -2 12 12 0.020311633 
565 38 14 18 0.020305634 
711 43 25 31 0.020170728 
341 60 14 18 0.020059332 
795 135 17 20 0.020043442 
792 71 21 27 0.020042658 
212 55 19 25 0.020000106 
