49_Greeting_peoplegreeting_49_353
129
547 408 15 22 0.71305954 
294 423 12 16 0.6989617 
378 405 14 16 0.32873365 
325 74 30 38 0.27122068 
537 429 30 44 0.16527194 
640 361 8 10 0.12584658 
629 384 10 13 0.1090066 
387 404 13 16 0.097627155 
694 374 9 11 0.08063779 
735 373 9 12 0.06812329 
695 394 11 15 0.06550097 
379 459 13 16 0.06310466 
653 389 12 15 0.061968874 
605 367 8 9 0.059094723 
99 338 13 14 0.057773333 
231 403 9 12 0.057432253 
625 388 12 16 0.052262045 
624 365 9 11 0.051655788 
247 434 14 16 0.047123 
366 433 22 32 0.046661735 
711 376 10 12 0.04508799 
669 381 9 12 0.044348408 
742 295 8 10 0.044288944 
730 352 8 12 0.044147816 
738 294 8 10 0.04414378 
730 367 8 12 0.043534644 
296 293 11 15 0.043150578 
733 367 10 14 0.041921854 
709 404 14 18 0.04077167 
598 381 8 12 0.040389765 
629 364 11 12 0.040382173 
360 302 8 10 0.040062435 
252 442 11 15 0.038641643 
293 433 14 17 0.038368147 
743 403 15 18 0.037607238 
300 284 9 13 0.037297223 
601 366 8 11 0.03686898 
645 364 9 11 0.03678621 
593 382 8 10 0.03614075 
291 427 10 14 0.03580749 
734 200 221 270 0.035734605 
609 301 8 11 0.035450142 
734 357 8 11 0.034413848 
694 380 10 14 0.03415903 
693 369 9 11 0.03375019 
663 398 10 14 0.03326757 
664 375 9 11 0.033053212 
583 358 8 11 0.032957412 
292 421 20 25 0.03157469 
939 598 100 179 0.031260673 
736 381 8 10 0.030948956 
666 402 11 14 0.030592855 
487 296 7 10 0.030034741 
529 292 8 11 0.029903576 
-83 178 404 467 0.029844768 
488 301 8 10 0.029754065 
375 398 13 19 0.029604629 
482 296 7 9 0.029597256 
740 370 11 14 0.029353129 
688 367 9 11 0.029271968 
626 395 14 17 0.028908443 
593 374 8 10 0.02871005 
327 292 8 11 0.02855242 
381 396 21 28 0.028122881 
478 326 10 13 0.027816376 
645 407 12 15 0.027568057 
752 294 7 9 0.026812471 
317 456 16 19 0.026531257 
554 406 14 19 0.0261447 
302 443 12 14 0.025895687 
617 367 8 10 0.025786158 
699 389 12 14 0.025627257 
536 291 10 13 0.02562031 
703 300 9 11 0.025583152 
901 208 26 31 0.025561763 
751 255 7 9 0.025538964 
601 361 8 11 0.025457732 
662 355 12 13 0.025419429 
275 473 14 17 0.025301576 
78 341 11 13 0.025204586 
728 305 8 10 0.025094366 
668 376 9 11 0.025093416 
541 300 10 14 0.024991551 
660 388 11 14 0.024911216 
648 309 8 11 0.02480464 
702 296 8 11 0.024758155 
90 331 25 28 0.024723973 
84 340 12 13 0.024702404 
630 373 11 12 0.024695063 
541 307 10 13 0.02469329 
591 367 8 10 0.024486378 
147 426 14 17 0.02441394 
539 288 12 14 0.024065007 
153 311 9 12 0.023840917 
688 358 8 11 0.023702025 
319 414 8 11 0.023487473 
395 404 12 15 0.023462078 
736 379 52 58 0.02340951 
728 308 10 12 0.023120051 
693 311 9 12 0.023062347 
368 412 11 15 0.023034265 
453 269 9 12 0.022918748 
649 303 8 11 0.022916185 
641 95 363 465 0.022836091 
363 421 42 50 0.022424709 
476 572 28 35 0.0223984 
692 219 12 15 0.022394488 
584 352 8 10 0.022355678 
606 360 8 11 0.022233592 
892 194 43 52 0.022175003 
705 398 23 29 0.022137338 
287 473 12 16 0.021785846 
198 191 14 18 0.021587053 
599 375 7 10 0.02134891 
254 452 9 12 0.021144092 
759 368 74 77 0.021028653 
358 311 9 10 0.020816106 
628 402 14 18 0.020792399 
702 357 10 12 0.020639092 
308 443 11 14 0.020566875 
720 294 7 9 0.020468157 
334 288 8 10 0.020413334 
312 423 9 12 0.020356594 
334 372 11 13 0.020344561 
710 389 10 11 0.020285942 
605 267 10 13 0.020260323 
270 508 10 15 0.020121379 
752 249 7 8 0.02006253 
-23 258 249 291 0.020027112 
