49_Greeting_peoplegreeting_49_218
359
686 622 71 84 0.99695766 
392 630 65 82 0.9958456 
-1 912 29 50 0.86605144 
193 762 37 48 0.8352605 
658 1155 58 72 0.82434684 
556 718 33 41 0.6779302 
892 25 23 27 0.6206309 
104 40 54 71 0.6108892 
580 639 29 38 0.34651983 
189 275 28 42 0.3384017 
389 3 106 118 0.2941073 
746 319 23 28 0.28692484 
354 1116 66 65 0.26231214 
516 709 108 126 0.24491267 
849 369 28 37 0.22996402 
389 288 16 20 0.22144209 
55 1 51 67 0.2048977 
838 257 28 35 0.19252317 
146 675 18 21 0.18294807 
720 628 57 72 0.18111433 
249 776 81 116 0.17796168 
27 357 16 22 0.17294922 
396 221 17 22 0.16912581 
9 1021 108 116 0.16765326 
326 329 23 32 0.16724467 
689 356 33 42 0.15645808 
733 169 16 19 0.15321957 
755 252 26 31 0.14767462 
429 281 14 18 0.14522023 
576 324 31 37 0.14090173 
439 62 64 70 0.13911292 
701 348 28 36 0.13459031 
750 627 45 62 0.1272186 
683 330 19 22 0.124895796 
0 4 13 26 0.11515819 
544 712 55 64 0.115074076 
830 249 49 58 0.11334825 
382 1147 39 32 0.11171115 
544 -52 364 514 0.11056664 
357 1143 71 64 0.10700483 
86 838 49 61 0.10552847 
478 1175 76 69 0.105282076 
611 184 18 21 0.10320102 
480 98 53 69 0.09643409 
657 41 30 36 0.095575556 
891 70 18 23 0.095208116 
621 228 24 30 0.093730114 
270 292 13 19 0.09253803 
335 337 26 33 0.09110966 
85 117 437 557 0.08866774 
872 712 65 72 0.08678232 
191 97 21 30 0.086451314 
247 577 28 34 0.08420704 
60 307 15 19 0.08033749 
259 1155 57 69 0.07867414 
655 249 25 30 0.07778232 
708 335 29 37 0.077313446 
836 739 53 64 0.07415381 
772 288 30 40 0.074046195 
855 360 50 59 0.073959716 
636 103 235 300 0.072842285 
-4 218 41 75 0.072341785 
276 388 15 19 0.07223645 
236 580 48 49 0.072138734 
799 403 24 33 0.07160699 
138 50 56 77 0.069327526 
347 348 18 24 0.067847475 
187 102 16 19 0.06660001 
369 578 18 25 0.06615919 
515 284 40 51 0.06517247 
517 583 15 20 0.06374791 
22 288 15 21 0.063609146 
528 247 27 30 0.06275628 
126 17 54 67 0.06236689 
425 473 16 19 0.06180077 
322 340 16 23 0.06176163 
52 -5 81 105 0.06148156 
606 271 25 32 0.060430117 
-2 866 24 35 0.060215566 
645 632 27 40 0.05885482 
692 248 17 20 0.05791743 
517 213 46 56 0.057181288 
375 16 200 241 0.05682329 
19 10 17 19 0.056373756 
858 88 15 22 0.05597506 
194 559 44 58 0.055410206 
833 226 34 40 0.054964624 
758 305 26 33 0.05441164 
245 361 14 18 0.054205596 
603 562 21 31 0.05371395 
424 16 114 136 0.053708177 
698 188 24 28 0.053638503 
848 3 43 50 0.05340022 
674 188 25 28 0.053089067 
119 361 16 18 0.052298583 
526 257 31 37 0.052007377 
812 261 43 58 0.051881637 
195 336 18 22 0.051702786 
103 377 22 29 0.051224947 
534 32 55 57 0.051136687 
100 868 52 80 0.051075343 
6 570 39 72 0.05052103 
682 91 26 30 0.04969856 
667 346 49 59 0.04947561 
9 371 15 19 0.049029194 
0 582 25 54 0.048972957 
247 773 56 68 0.048868407 
529 722 41 46 0.04841916 
5 454 34 45 0.04697625 
272 291 22 29 0.046738848 
338 297 16 20 0.0462353 
587 41 17 22 0.04617223 
6 901 26 42 0.045516558 
764 387 29 40 0.04511345 
838 225 82 102 0.044572115 
688 192 26 31 0.04445211 
855 503 24 33 0.043282513 
59 337 19 23 0.042533804 
200 104 17 22 0.041944202 
525 685 48 63 0.04194229 
275 592 17 22 0.041844584 
666 183 23 29 0.041707788 
743 508 46 77 0.04131926 
147 290 16 19 0.04126429 
744 98 30 36 0.041150402 
468 259 28 36 0.041038603 
-14 200 90 170 0.040048398 
618 363 23 29 0.039995834 
517 208 31 36 0.039916955 
623 -1 29 31 0.039821424 
226 305 15 19 0.039600063 
873 745 63 75 0.03957804 
419 319 18 21 0.039017648 
449 576 17 22 0.038794957 
53 844 54 70 0.038626794 
392 671 54 76 0.03853178 
370 78 28 39 0.038207244 
346 211 15 19 0.037382048 
587 255 17 21 0.036572114 
467 234 18 21 0.0365495 
725 170 27 31 0.03641225 
758 194 24 31 0.03638139 
353 1113 40 48 0.03602234 
63 817 86 112 0.035965785 
615 210 25 32 0.03573456 
879 366 58 82 0.035601445 
584 320 190 250 0.035226468 
39 792 15 19 0.0346373 
500 115 50 68 0.03461572 
177 551 42 60 0.034528647 
5 298 16 18 0.034475636 
41 0 18 21 0.034420677 
386 446 17 20 0.03438711 
715 137 17 20 0.03436489 
476 664 171 208 0.034318473 
225 371 16 20 0.034304135 
14 274 14 20 0.03428376 
837 615 41 57 0.034186505 
417 248 19 24 0.034029257 
678 335 31 38 0.03399476 
619 16 51 64 0.03367029 
488 298 27 38 0.03354637 
581 279 17 21 0.033487465 
397 315 17 21 0.03324802 
36 312 16 21 0.033237807 
18 6 52 67 0.033218667 
421 359 17 20 0.033103894 
141 520 52 68 0.032945547 
362 91 32 44 0.03292958 
874 28 42 51 0.032830935 
758 256 41 55 0.032533314 
474 141 49 63 0.032512855 
260 581 25 32 0.032195915 
752 238 26 31 0.032086555 
269 341 16 24 0.03178684 
715 115 16 19 0.031668358 
339 569 15 18 0.03159364 
84 760 28 38 0.031542316 
523 671 32 40 0.031470962 
519 12 57 62 0.03145555 
642 29 49 58 0.03142043 
684 1154 58 74 0.031220868 
303 260 13 17 0.031171173 
660 635 27 37 0.031091115 
694 209 23 29 0.030981591 
553 186 45 64 0.030927218 
423 193 46 54 0.030705497 
841 374 49 57 0.030593166 
605 192 30 36 0.030011132 
211 384 16 23 0.029997423 
715 219 15 19 0.029745832 
639 416 107 158 0.029615583 
238 772 34 42 0.029605608 
382 138 354 450 0.029543204 
550 32 28 30 0.029488236 
749 201 16 20 0.029458132 
162 872 16 20 0.029446352 
401 331 28 30 0.02935298 
570 716 31 37 0.029329129 
835 103 24 31 0.029047556 
814 405 26 34 0.029021278 
490 2 35 38 0.028808275 
413 325 26 30 0.02880665 
67 11 30 40 0.028634585 
27 0 26 28 0.028633412 
309 518 15 21 0.028553698 
509 558 16 20 0.028553225 
201 674 27 39 0.028304733 
100 841 26 30 0.028177446 
550 155 43 60 0.028133294 
207 775 110 170 0.028132187 
334 302 15 20 0.028026368 
385 1110 51 62 0.028011192 
506 498 23 28 0.02800758 
438 418 27 32 0.027981782 
451 417 26 32 0.027963316 
391 377 52 64 0.027900845 
566 498 15 18 0.027878223 
678 669 89 122 0.027833609 
533 545 16 20 0.027774818 
375 443 26 31 0.027658904 
365 515 15 19 0.02753562 
116 850 16 20 0.02749233 
24 459 29 39 0.027437039 
12 736 41 54 0.02742651 
461 315 16 18 0.027422985 
124 877 51 77 0.027412392 
185 720 54 73 0.027373562 
12 893 26 33 0.027182683 
145 3 53 66 0.027162831 
738 1 64 58 0.027125053 
116 12 95 120 0.027084365 
443 99 37 46 0.027073236 
890 56 29 36 0.027067883 
642 314 40 51 0.02683398 
347 552 16 21 0.026574088 
837 403 50 64 0.026541186 
45 737 49 55 0.026399922 
686 322 45 56 0.02627712 
252 387 16 19 0.026248474 
173 337 17 21 0.02624661 
159 78 49 63 0.026138254 
56 470 29 32 0.026117213 
658 372 56 71 0.025933195 
249 356 15 18 0.02580693 
41 861 36 43 0.025778735 
131 315 26 29 0.025703732 
44 382 17 21 0.025595061 
883 17 25 32 0.025453646 
341 57 15 17 0.025386479 
166 244 44 57 0.0253719 
699 234 15 18 0.025371227 
877 207 56 76 0.025355622 
929 73 14 22 0.025242224 
742 324 34 45 0.025204005 
510 251 41 55 0.025179965 
340 1063 40 46 0.025068745 
402 516 17 21 0.025067007 
365 56 17 20 0.024914933 
862 358 32 37 0.024903886 
619 337 15 19 0.024871038 
342 474 15 20 0.024831 
747 116 17 23 0.024733193 
394 527 21 29 0.024728796 
196 272 41 53 0.024724698 
353 394 17 20 0.024697125 
174 650 46 66 0.024601683 
587 26 14 17 0.024542565 
386 -87 325 453 0.024421226 
14 262 95 140 0.024272194 
169 683 52 71 0.024251346 
710 116 25 30 0.024175726 
6 2 23 29 0.024143558 
459 529 15 20 0.024035951 
381 35 68 82 0.024035102 
156 69 31 46 0.024021503 
661 40 46 51 0.024012685 
661 665 13 17 0.023960661 
524 512 15 22 0.023922876 
681 205 26 32 0.02382691 
406 317 27 29 0.02371294 
837 210 56 72 0.023695946 
532 174 46 68 0.023682928 
730 373 27 33 0.023666235 
354 100 27 33 0.023637548 
601 199 38 53 0.023611175 
532 136 45 62 0.023609228 
456 304 43 52 0.023344344 
504 659 44 60 0.02332549 
402 1139 29 34 0.023294192 
185 247 43 56 0.023249242 
628 11 18 23 0.023098124 
328 1117 62 65 0.02304629 
389 564 14 17 0.023043593 
217 766 35 44 0.023023378 
392 641 36 47 0.022999315 
364 64 46 62 0.022986172 
326 1156 65 63 0.022938756 
455 66 93 123 0.022921097 
364 226 14 16 0.022859666 
67 311 13 18 0.02284329 
689 324 15 18 0.022706319 
572 340 28 33 0.022638949 
372 192 26 32 0.022533217 
385 207 25 29 0.022470927 
695 259 27 35 0.022424426 
117 369 17 23 0.022393236 
693 154 16 18 0.022370776 
207 44 93 117 0.022341343 
157 677 86 125 0.022314183 
472 5 62 63 0.022285044 
380 1074 51 55 0.022274248 
473 242 17 21 0.022250462 
283 801 53 78 0.02221223 
587 627 30 38 0.022172667 
612 -7 95 101 0.022098867 
651 0 20 19 0.022094164 
607 642 29 37 0.022050776 
180 818 30 42 0.022011401 
676 652 60 77 0.021913335 
316 508 15 19 0.021906825 
396 318 43 52 0.02186103 
425 413 25 31 0.021860344 
827 320 33 40 0.021835065 
696 242 17 19 0.021757187 
204 256 17 21 0.021700073 
700 216 24 30 0.021661587 
676 216 25 29 0.021644674 
724 157 26 32 0.021363452 
95 743 30 36 0.02135926 
34 227 15 22 0.021251934 
872 409 16 20 0.021247435 
660 315 45 57 0.0211589 
216 798 31 39 0.021103233 
194 771 22 30 0.021069508 
406 563 15 20 0.021045841 
688 229 25 28 0.021014443 
844 632 15 22 0.020992083 
346 92 26 32 0.020920817 
116 43 33 44 0.02088238 
582 21 24 34 0.020798245 
923 50 14 21 0.020775707 
742 71 23 26 0.020691529 
756 221 25 32 0.020630926 
619 520 16 22 0.020627934 
513 181 82 112 0.020541746 
667 475 52 85 0.020513585 
140 369 18 22 0.020509852 
19 24 18 22 0.020393955 
149 88 26 37 0.020384762 
287 589 25 29 0.020350758 
324 205 13 17 0.020349303 
526 198 32 39 0.020258186 
822 386 43 53 0.020236993 
115 382 17 23 0.020181458 
17 360 23 28 0.020165883 
725 323 30 39 0.020084074 
82 3 98 103 0.020074336 
439 1187 12 17 0.020001238 
