49_Greeting_peoplegreeting_49_50
54
325 202 69 85 0.9991992 
652 270 139 183 0.9952055 
353 122 55 64 0.98483235 
275 117 28 32 0.6310337 
969 184 50 88 0.33603275 
805 161 28 50 0.16290772 
269 121 42 48 0.15154809 
109 50 14 18 0.1388677 
147 509 208 217 0.13025123 
92 184 56 71 0.1255155 
955 174 46 81 0.09614357 
429 145 28 37 0.069304876 
326 101 92 99 0.061494756 
402 166 49 70 0.054042917 
235 18 174 229 0.052696068 
472 705 65 62 0.051094808 
302 126 50 53 0.05092464 
105 45 12 15 0.049015813 
442 701 66 67 0.048174 
704 321 213 269 0.04714635 
403 135 26 38 0.03978387 
115 57 15 17 0.039539132 
424 61 49 66 0.038848348 
922 159 16 25 0.036691498 
67 463 190 227 0.03664798 
21 60 164 242 0.035604898 
189 188 52 77 0.03450708 
119 186 58 76 0.03419577 
49 53 18 21 0.03349075 
115 46 12 14 0.032056846 
330 115 53 58 0.030441822 
816 145 43 58 0.029345434 
255 588 123 142 0.028805984 
748 182 100 118 0.028494995 
850 155 30 42 0.028372755 
445 730 38 35 0.027580498 
418 158 48 64 0.027505312 
598 591 147 186 0.025963444 
104 58 13 16 0.025148883 
416 658 111 123 0.025011959 
384 124 39 51 0.023904406 
-7 696 48 75 0.023393676 
468 644 119 134 0.023231741 
282 127 46 57 0.023080176 
176 333 132 111 0.02267111 
77 155 98 129 0.02247134 
913 160 92 119 0.021827007 
123 59 12 16 0.021758445 
87 562 69 88 0.021475958 
948 200 58 90 0.021441577 
881 162 42 48 0.020837046 
907 151 27 34 0.020531518 
655 312 364 420 0.02036042 
410 140 85 115 0.020318894 
