49_Greeting_peoplegreeting_49_991
38
612 188 13 16 0.6188153 
639 163 11 14 0.57218194 
460 100 12 15 0.4473751 
828 142 13 17 0.30932024 
303 110 172 291 0.2928044 
809 138 14 18 0.28455016 
402 180 13 16 0.25878045 
214 379 60 58 0.1194925 
423 179 12 16 0.11050381 
397 175 15 17 0.08909362 
782 109 12 14 0.07065278 
396 183 15 19 0.06703744 
608 193 12 14 0.061087467 
832 213 8 11 0.05978255 
-6 400 211 250 0.058730744 
707 105 17 20 0.052318413 
630 267 13 17 0.040697217 
414 179 11 16 0.039763533 
396 192 12 17 0.03516744 
575 438 414 494 0.03334476 
215 16 329 455 0.032611024 
457 104 12 16 0.03248953 
829 135 12 16 0.031707715 
813 128 12 13 0.031013338 
413 155 23 28 0.029781427 
413 161 14 17 0.028011609 
821 135 12 15 0.027466075 
8 475 120 169 0.025542565 
419 169 21 27 0.02542434 
-92 314 420 460 0.025011517 
647 254 24 30 0.024193028 
457 96 22 25 0.02357212 
607 184 13 16 0.02295504 
409 168 20 28 0.022405995 
409 244 23 30 0.020759638 
189 553 63 65 0.02075553 
426 175 13 16 0.020201018 
601 194 11 14 0.020154443 
