49_Greeting_peoplegreeting_49_894
525
483 246 49 63 0.99890566 
712 255 49 62 0.9959304 
783 264 44 56 0.993626 
86 252 53 72 0.98932016 
921 254 50 59 0.982383 
904 274 30 40 0.9575394 
559 286 38 63 0.9220734 
774 383 49 57 0.8984794 
45 283 52 79 0.8869597 
405 297 49 65 0.80473495 
559 316 51 54 0.67740476 
279 242 32 56 0.5595704 
201 243 47 70 0.40844506 
958 141 13 15 0.39434546 
0 251 14 18 0.3667562 
641 202 14 19 0.31801167 
1003 276 21 35 0.3027947 
982 61 10 14 0.24571483 
357 177 12 16 0.23031777 
862 75 13 16 0.22844848 
926 161 14 18 0.20766924 
442 150 13 16 0.20433486 
389 294 40 48 0.20135523 
509 84 9 12 0.19468023 
936 45 11 13 0.18818465 
625 188 11 15 0.18256293 
908 82 10 15 0.1720567 
973 206 13 16 0.16863507 
984 182 10 13 0.1657418 
750 140 14 19 0.15651347 
554 154 14 19 0.14263369 
301 141 10 12 0.14082617 
904 30 11 13 0.1377952 
841 258 24 34 0.13738099 
508 458 63 85 0.13347848 
678 212 10 13 0.1324949 
667 222 12 14 0.12892424 
155 243 58 75 0.12781586 
729 35 9 13 0.11485244 
813 37 9 12 0.11303904 
956 52 9 12 0.107087895 
903 76 14 17 0.10562248 
302 243 38 51 0.10440877 
947 172 12 14 0.103853665 
974 83 11 14 0.10381799 
70 125 13 17 0.1031636 
519 179 10 13 0.102172546 
31 180 13 15 0.10097292 
309 203 12 14 0.10071915 
828 81 12 15 0.10064229 
831 261 28 44 0.10021551 
221 72 13 17 0.09756009 
627 164 13 15 0.096946426 
1006 171 13 18 0.09634861 
315 148 13 16 0.095239125 
245 240 43 67 0.09522643 
725 201 13 17 0.094581656 
671 150 12 14 0.09457474 
491 133 13 16 0.093284786 
820 91 12 14 0.09326213 
950 140 13 16 0.08725276 
977 38 10 12 0.085040025 
815 74 11 14 0.083638065 
936 212 11 14 0.08200584 
823 76 12 16 0.08168131 
604 115 11 16 0.0808899 
643 53 14 17 0.080797754 
318 173 11 13 0.08022518 
685 83 12 15 0.079622924 
665 227 14 16 0.07955183 
646 241 13 17 0.07723505 
941 139 13 17 0.07660692 
567 90 13 18 0.07465461 
378 88 16 21 0.07452464 
680 290 24 37 0.07408941 
54 130 12 16 0.07339804 
757 71 10 12 0.073327 
628 194 12 16 0.073252186 
453 186 12 17 0.07160028 
108 150 13 17 0.07101133 
838 102 10 12 0.070376016 
807 45 9 11 0.06993167 
996 214 11 13 0.06929384 
784 45 10 13 0.06920714 
644 274 24 36 0.06726881 
888 28 10 12 0.0667379 
977 62 10 13 0.06668584 
834 166 28 35 0.066577666 
719 56 10 13 0.06633227 
921 221 10 13 0.06619279 
586 113 14 18 0.06599026 
980 92 16 19 0.06514891 
8 122 11 15 0.06501812 
371 235 15 18 0.06500838 
749 81 16 19 0.06488665 
344 205 12 15 0.06473877 
644 72 16 22 0.06325573 
834 228 22 27 0.062182363 
348 208 13 17 0.062056374 
238 98 14 18 0.061534327 
837 195 13 17 0.061156064 
157 164 11 14 0.0606611 
39 123 12 14 0.060170125 
981 85 12 14 0.060148932 
223 110 10 13 0.05971173 
318 199 10 13 0.059511036 
798 143 15 20 0.05903276 
56 157 14 17 0.058890197 
327 92 12 14 0.05873618 
312 153 13 16 0.0586257 
63 263 64 87 0.05848088 
754 75 13 16 0.058281325 
1012 148 11 16 0.057522923 
960 173 11 14 0.056891195 
427 301 35 45 0.05605821 
559 209 14 18 0.05580688 
395 201 18 21 0.054719415 
327 199 10 13 0.054671265 
406 61 11 12 0.0543886 
869 94 12 15 0.054147135 
133 190 11 14 0.053797506 
547 181 11 14 0.053344134 
983 227 11 15 0.05327262 
128 101 10 12 0.053264055 
879 47 8 11 0.05310587 
556 458 32 51 0.052786767 
1007 109 12 15 0.05275628 
653 249 14 18 0.05217881 
575 51 11 13 0.051631734 
535 131 12 15 0.05154517 
316 215 16 20 0.05147436 
751 89 13 17 0.050895505 
103 417 117 177 0.050261777 
636 72 16 21 0.05007381 
308 114 15 20 0.049178325 
665 235 13 16 0.04911611 
829 45 11 14 0.04882533 
627 180 13 17 0.04874387 
782 51 10 12 0.048740663 
419 255 18 22 0.04844593 
222 60 13 17 0.04837695 
809 32 9 12 0.04821531 
266 157 18 22 0.047864866 
952 49 10 13 0.04783026 
975 66 10 14 0.047648698 
586 300 37 45 0.04752463 
1011 270 13 19 0.047433306 
974 264 15 20 0.04668664 
837 235 24 32 0.046291754 
206 113 12 15 0.046126567 
855 140 12 14 0.045937464 
658 105 15 19 0.04585164 
373 164 15 19 0.0457659 
891 92 12 14 0.045221508 
549 291 31 53 0.045168456 
627 114 16 19 0.045141686 
959 110 11 14 0.044829544 
45 122 12 15 0.044583905 
69 78 10 13 0.044554844 
623 158 12 16 0.044511877 
922 76 14 15 0.044380836 
559 219 13 16 0.04429434 
379 170 12 15 0.04414395 
39 80 8 10 0.04408817 
338 178 12 16 0.04386523 
819 162 12 14 0.043546747 
620 54 11 13 0.04350723 
767 99 10 14 0.04331633 
851 269 36 49 0.043006748 
920 21 9 11 0.042821296 
718 221 13 17 0.042673394 
807 61 11 13 0.042648196 
61 130 12 16 0.04241486 
318 163 11 15 0.042270605 
317 177 13 17 0.04220097 
694 50 15 19 0.04195666 
301 170 12 16 0.041794386 
830 29 9 12 0.04146869 
398 107 14 18 0.04144473 
76 129 12 15 0.04120469 
420 116 14 19 0.041193474 
936 188 12 13 0.0410952 
840 120 17 21 0.040918402 
968 68 11 14 0.040909 
1012 174 12 18 0.04080827 
204 97 14 18 0.040611397 
653 156 12 15 0.04028076 
252 124 16 19 0.040277515 
469 272 13 19 0.039594907 
577 66 15 19 0.03940794 
0 187 11 19 0.039306045 
358 184 13 16 0.039252922 
631 81 14 17 0.03915683 
558 196 15 17 0.03880501 
893 28 11 14 0.03865746 
940 51 12 14 0.03847673 
637 120 13 18 0.038219925 
416 120 13 17 0.0380401 
855 84 12 16 0.03777827 
215 257 58 72 0.03772862 
396 189 13 17 0.03758705 
511 178 10 13 0.037409443 
920 188 11 13 0.037330292 
351 170 16 20 0.037046365 
613 155 12 16 0.036937185 
318 86 10 13 0.0366217 
677 155 11 14 0.036576193 
968 83 12 13 0.03628666 
271 475 25 40 0.0362396 
908 141 12 13 0.036084358 
104 101 10 13 0.036076836 
756 98 12 15 0.036067806 
838 163 14 17 0.035981156 
571 86 13 16 0.035835907 
677 140 11 13 0.035797454 
1012 107 10 14 0.035767198 
894 132 10 12 0.035673756 
100 239 63 97 0.035617728 
652 196 12 16 0.03554136 
813 60 12 15 0.035380453 
84 219 13 15 0.035246614 
870 122 12 15 0.035163414 
493 147 12 14 0.035101328 
883 227 15 18 0.034950927 
568 342 35 38 0.0349013 
894 36 10 13 0.034852084 
878 134 11 13 0.03474287 
783 38 10 13 0.034623697 
436 169 14 17 0.034533378 
444 163 14 18 0.034354687 
821 58 13 17 0.03435287 
612 211 15 19 0.034340225 
26 602 24 29 0.034138955 
870 132 11 14 0.034025665 
949 68 12 15 0.03397574 
821 254 30 40 0.03395404 
285 126 12 14 0.033818983 
628 244 13 18 0.033655617 
125 233 50 79 0.033619285 
902 68 13 17 0.0335978 
878 76 10 14 0.033587817 
104 109 11 14 0.033319436 
572 100 22 28 0.033060208 
141 224 50 72 0.032841705 
558 63 10 13 0.03274551 
928 38 11 13 0.032545336 
887 133 11 13 0.032458734 
861 134 11 14 0.03245639 
349 367 49 68 0.03224086 
390 187 13 15 0.032157827 
557 139 14 18 0.032155793 
462 92 12 14 0.032134384 
975 141 11 15 0.032080103 
746 254 30 37 0.03201711 
941 180 12 14 0.03192571 
575 73 12 15 0.031903546 
888 36 11 13 0.03147323 
230 108 11 14 0.031437837 
1014 101 10 14 0.031376004 
543 53 10 13 0.031352207 
561 458 53 69 0.031078843 
671 213 13 16 0.030847985 
909 172 13 16 0.030835913 
-6 249 23 36 0.030751236 
467 262 29 38 0.030679418 
462 179 13 17 0.03066849 
343 133 12 16 0.030447682 
429 180 14 16 0.030413589 
221 52 11 15 0.030381028 
53 212 12 15 0.030287188 
549 51 10 13 0.030278087 
662 125 11 14 0.03027238 
773 146 15 18 0.030149298 
548 116 12 16 0.030094512 
963 177 12 15 0.030023329 
903 54 10 12 0.030010851 
863 91 12 14 0.029939882 
593 451 50 66 0.02992946 
579 92 14 18 0.029855395 
734 45 10 13 0.029776 
779 140 13 16 0.029775178 
401 208 17 21 0.029627133 
718 215 11 12 0.029613262 
86 84 10 12 0.029592866 
644 240 24 31 0.029574744 
455 77 9 12 0.02956424 
970 200 20 27 0.029497681 
79 153 12 16 0.0294677 
935 133 13 16 0.029379226 
783 31 8 10 0.02935485 
543 75 13 17 0.029168852 
501 176 12 16 0.029006913 
636 163 11 14 0.028878743 
688 518 11 13 0.028827595 
975 122 11 14 0.028795479 
629 219 11 15 0.028737014 
137 261 56 75 0.02862564 
188 106 12 15 0.028618788 
973 172 13 15 0.028608078 
815 156 12 16 0.028573109 
876 198 15 21 0.028531738 
548 69 11 14 0.028478965 
837 155 13 17 0.028435083 
973 89 16 19 0.028365586 
502 91 12 16 0.028287979 
182 102 13 15 0.028264487 
827 51 13 15 0.02826257 
957 253 31 41 0.028203186 
309 209 16 20 0.028181769 
801 45 9 11 0.028172571 
929 167 14 18 0.02802923 
404 249 15 20 0.027913181 
825 29 9 12 0.027906395 
902 123 12 15 0.027896216 
1000 170 13 17 0.027848508 
827 57 13 17 0.027830506 
355 164 13 18 0.027750224 
668 241 12 16 0.027747665 
1013 2 10 14 0.027687663 
247 459 48 66 0.027674103 
863 47 9 11 0.027668865 
725 82 11 15 0.027631689 
151 100 11 13 0.027627341 
862 53 11 14 0.027614 
505 80 10 14 0.027611863 
541 139 10 13 0.02754955 
968 62 11 13 0.027549509 
663 214 12 15 0.02752385 
582 47 9 12 0.027508106 
761 258 15 20 0.027415188 
1013 140 11 15 0.02727328 
757 60 12 14 0.027263537 
909 35 10 12 0.027239705 
615 40 9 12 0.027162366 
780 123 13 16 0.027092583 
653 203 11 16 0.02706133 
444 84 14 18 0.027049216 
742 52 11 13 0.026991274 
911 23 9 12 0.02692557 
805 99 11 14 0.026894296 
327 98 13 17 0.0268775 
950 60 11 14 0.026797911 
64 579 39 49 0.02673117 
107 115 14 18 0.026681308 
406 82 13 16 0.02659272 
871 45 10 12 0.026591232 
112 229 27 38 0.026532196 
651 237 14 18 0.026520403 
464 72 8 11 0.02651474 
732 32 10 13 0.02642174 
354 203 16 21 0.026416395 
926 30 10 12 0.026386155 
659 204 12 15 0.026311291 
467 178 14 18 0.0262989 
870 195 11 17 0.02622928 
750 60 13 15 0.026166642 
614 114 14 19 0.02615274 
987 96 15 19 0.026106419 
678 189 12 14 0.026091365 
819 97 13 16 0.026077023 
815 55 10 12 0.026024934 
988 86 11 13 0.025979424 
60 171 12 16 0.025978982 
468 131 12 15 0.02590855 
982 43 9 13 0.025878578 
925 22 9 11 0.02584894 
631 206 20 25 0.025814818 
455 71 9 11 0.025787551 
688 283 30 44 0.02566627 
651 162 13 16 0.02565424 
15 84 9 11 0.025645722 
503 115 13 15 0.02548594 
980 115 14 16 0.025437873 
593 38 9 12 0.02540983 
910 59 12 15 0.02538282 
225 67 14 18 0.025264636 
860 162 12 15 0.025241476 
702 31 10 12 0.025224263 
980 141 11 13 0.0252155 
589 169 14 18 0.025208639 
807 93 11 14 0.025171269 
382 185 13 17 0.025068093 
488 155 11 14 0.025050512 
868 82 13 16 0.025040906 
535 444 54 80 0.024945915 
469 102 12 15 0.024861893 
-1 100 9 16 0.024721144 
445 217 15 18 0.02468138 
500 96 17 20 0.024679853 
236 186 14 17 0.024634331 
623 167 20 23 0.02462886 
580 51 12 15 0.024572236 
663 149 12 15 0.024536539 
930 106 14 18 0.024406621 
917 59 10 13 0.02440368 
173 132 12 15 0.024396857 
310 102 11 13 0.024389086 
53 99 13 16 0.024374017 
622 251 16 19 0.024341533 
679 299 14 19 0.024243036 
952 111 10 14 0.024217691 
852 253 28 37 0.02420518 
244 94 13 16 0.024197003 
375 76 11 14 0.024071962 
799 60 11 13 0.0239524 
796 133 12 17 0.023925038 
642 123 13 16 0.023908392 
352 521 44 57 0.023900406 
381 76 12 15 0.023817817 
1009 64 8 11 0.02377791 
693 170 12 16 0.023757135 
542 116 12 16 0.023728777 
981 33 9 12 0.023719927 
225 249 35 56 0.023677526 
566 173 12 16 0.02366917 
597 45 11 13 0.023668377 
229 116 11 14 0.023504855 
486 472 57 75 0.023478268 
745 199 12 14 0.023474153 
843 193 13 18 0.02343248 
814 42 10 13 0.023392772 
827 70 14 16 0.023342587 
94 202 15 19 0.023312006 
348 138 13 17 0.023283854 
1007 0 12 13 0.023278443 
831 38 10 14 0.02326652 
413 60 12 15 0.02326022 
29 174 21 25 0.023250299 
44 108 12 15 0.023196641 
692 139 13 15 0.023148516 
579 60 14 17 0.023138706 
772 100 12 14 0.023120867 
223 47 9 12 0.02309007 
45 84 12 13 0.023032269 
51 191 16 21 0.022937613 
373 118 11 14 0.02292272 
991 219 12 15 0.022828374 
309 171 12 16 0.022786587 
653 274 39 52 0.022763517 
510 139 12 16 0.022709036 
989 273 38 50 0.022672685 
363 204 16 21 0.02264499 
790 53 11 12 0.022632806 
981 175 13 16 0.022617972 
59 151 13 15 0.022616385 
724 53 11 13 0.022603469 
69 300 35 44 0.022554245 
880 52 11 12 0.02249784 
461 129 14 18 0.022361696 
550 61 11 13 0.022276545 
621 99 16 18 0.022259748 
126 106 12 14 0.022236813 
780 133 13 15 0.022232698 
592 44 11 14 0.022227464 
744 137 14 18 0.022197947 
815 84 13 16 0.022138594 
867 70 13 17 0.022103587 
808 54 9 12 0.022043096 
935 182 11 14 0.02202983 
603 188 14 17 0.02198901 
311 92 11 14 0.0219877 
502 204 14 17 0.021951972 
616 44 10 14 0.021951688 
654 150 12 15 0.021862395 
519 155 12 16 0.021750512 
670 52 11 14 0.021716788 
988 228 14 18 0.02170571 
500 148 12 14 0.021704929 
270 86 10 13 0.021685638 
312 84 11 15 0.02160904 
669 133 12 15 0.02155562 
60 102 12 14 0.021539578 
451 172 14 18 0.021499537 
855 53 11 15 0.02149504 
231 124 12 16 0.021468686 
175 107 13 15 0.02145249 
649 78 15 21 0.021352848 
621 218 13 17 0.021299673 
988 54 9 11 0.02125966 
781 77 11 14 0.021119965 
262 100 13 15 0.02111006 
677 108 12 15 0.021108929 
626 267 28 37 0.021106603 
278 123 14 18 0.021067739 
863 194 13 18 0.021059541 
728 43 11 14 0.021022541 
687 154 12 17 0.021017676 
782 156 12 15 0.021017559 
13 129 13 18 0.020995468 
413 67 13 16 0.0209698 
909 254 29 38 0.020907436 
826 234 24 30 0.02084239 
852 162 13 17 0.020798808 
1000 114 13 17 0.020796277 
212 108 12 16 0.020768505 
760 31 8 11 0.020765183 
660 241 15 18 0.020712595 
502 61 11 14 0.020700254 
651 270 14 19 0.020678293 
51 118 12 15 0.020667808 
844 157 13 16 0.020625278 
780 114 15 18 0.020583825 
908 114 14 18 0.020578485 
971 265 24 32 0.020556092 
429 534 34 43 0.02046417 
792 138 12 18 0.020446818 
879 163 12 14 0.020437516 
620 106 18 21 0.020401511 
303 198 13 18 0.020399712 
332 197 12 14 0.020393135 
368 156 12 17 0.020378053 
782 163 14 17 0.020368058 
791 215 10 11 0.02035424 
544 186 11 15 0.020318512 
999 30 10 12 0.020198662 
461 106 13 16 0.020165788 
426 120 15 19 0.020113979 
288 258 34 45 0.020092564 
653 189 12 14 0.020081546 
776 30 9 11 0.02006276 
708 75 17 21 0.020057285 
728 242 41 56 0.020043887 
496 91 12 15 0.020042546 
805 152 13 17 0.020041374 
793 60 10 12 0.020007186 
