49_Greeting_peoplegreeting_49_53
117
434 337 55 72 0.9988047 
796 395 63 83 0.9982029 
324 647 70 93 0.9976882 
86 386 59 82 0.9964271 
665 216 52 74 0.99406815 
772 673 71 85 0.9933663 
220 332 49 77 0.99153733 
566 170 41 68 0.9907046 
347 340 41 65 0.9825973 
110 346 51 80 0.96177197 
704 293 39 59 0.92802674 
334 231 32 58 0.889988 
823 325 46 70 0.8315059 
178 292 45 57 0.8210836 
231 227 51 64 0.41729984 
502 278 59 63 0.35142243 
222 138 27 33 0.33006698 
837 280 55 86 0.31324694 
199 304 50 66 0.2968252 
532 403 32 46 0.21270354 
693 393 33 43 0.2095128 
494 253 56 62 0.1743611 
221 219 32 48 0.14532736 
155 822 359 467 0.14273281 
856 288 35 52 0.1371974 
810 125 17 22 0.12327928 
798 116 28 34 0.120177716 
183 1341 53 50 0.11377767 
337 242 51 65 0.10465638 
584 118 50 65 0.10016496 
236 265 36 49 0.08929039 
210 117 51 66 0.08269231 
364 76 62 95 0.08259302 
342 301 59 78 0.079351045 
347 271 53 68 0.07349009 
543 -1 44 46 0.07177305 
363 -3 18 18 0.07005334 
241 192 51 62 0.06493987 
780 117 43 55 0.06210583 
576 141 48 68 0.060566112 
240 165 46 57 0.059255406 
183 341 48 66 0.054771654 
211 113 15 19 0.05208588 
677 400 30 44 0.051552616 
782 93 46 58 0.05149414 
35 364 72 106 0.050107263 
349 608 49 63 0.05009106 
818 346 36 43 0.049691726 
161 357 32 51 0.04902883 
452 1162 15 17 0.046787184 
139 1121 39 47 0.046748303 
143 360 38 52 0.045025617 
813 257 66 86 0.044721104 
604 1063 181 281 0.04181931 
171 278 32 65 0.041023932 
658 174 48 60 0.04020944 
152 618 324 437 0.039696272 
446 801 51 58 0.039418623 
97 45 147 212 0.03912448 
756 122 42 57 0.03902307 
692 58 35 46 0.03824585 
707 382 48 62 0.037827577 
344 21 39 60 0.03761479 
-1 361 69 111 0.037010908 
804 358 52 65 0.03609477 
323 237 31 47 0.034814425 
499 99 55 57 0.03354161 
197 371 34 46 0.032282792 
193 981 213 272 0.031683117 
174 82 95 132 0.031615913 
347 660 74 100 0.0314399 
466 339 52 71 0.03137152 
267 1346 30 44 0.03130721 
601 -1 27 33 0.03128974 
387 685 53 76 0.03092044 
763 389 30 42 0.030203398 
778 382 45 60 0.0296817 
587 180 33 46 0.029651694 
764 638 65 83 0.028828422 
223 304 58 79 0.028637879 
319 1068 116 165 0.02854658 
491 319 54 74 0.028110538 
262 192 50 57 0.027056068 
692 308 31 34 0.026337605 
720 283 49 69 0.025724258 
205 1338 35 38 0.025660906 
733 118 47 65 0.025082989 
477 90 47 53 0.025068855 
174 132 10 15 0.024915636 
412 -3 16 16 0.02453303 
708 50 54 67 0.023893699 
-7 505 76 126 0.023810055 
296 168 42 53 0.0237876 
389 332 32 56 0.02319125 
165 646 179 314 0.022905111 
511 84 31 31 0.022809202 
765 22 33 45 0.022712506 
763 191 28 36 0.022283776 
571 96 81 104 0.02211859 
575 -3 46 48 0.02189265 
436 1166 14 16 0.02109586 
523 287 35 43 0.021087024 
231 275 52 66 0.020941088 
594 314 40 52 0.0208843 
208 235 68 93 0.020766493 
251 227 35 40 0.020747911 
770 146 48 64 0.020699799 
189 262 68 95 0.020677807 
394 57 51 81 0.020486275 
171 347 30 48 0.020454578 
332 679 47 55 0.020397615 
729 1047 110 155 0.020282784 
582 130 14 18 0.020280197 
258 203 34 36 0.02020145 
252 116 59 62 0.020143814 
285 197 29 35 0.020041727 
605 -2 16 15 0.020008184 
