49_Greeting_peoplegreeting_49_124
32
485 299 70 96 0.99803287 
569 414 189 284 0.16968887 
118 320 22 28 0.1512929 
13 474 9 13 0.09554814 
489 338 322 440 0.09052351 
341 162 21 30 0.089721866 
253 207 57 75 0.07336424 
324 282 43 61 0.06792361 
348 225 17 22 0.06234152 
33 448 8 11 0.059138034 
300 185 31 37 0.058585014 
248 178 54 71 0.05500667 
303 185 42 60 0.048205286 
78 321 27 36 0.046846192 
347 268 16 23 0.04494679 
265 223 34 38 0.03600046 
807 619 70 75 0.035867352 
307 260 17 21 0.033648454 
320 199 42 61 0.032713618 
233 145 97 131 0.032320775 
270 238 55 71 0.032203298 
327 257 44 62 0.02901742 
307 251 47 65 0.028330438 
307 211 44 66 0.027444096 
343 288 42 57 0.02689062 
286 195 47 68 0.026679816 
796 709 33 29 0.023032468 
295 223 30 37 0.021453433 
338 267 29 37 0.021343932 
298 248 31 38 0.021298114 
252 187 35 43 0.0210678 
265 161 56 77 0.02018926 
