49_Greeting_peoplegreeting_49_456
39
234 208 123 149 0.9997782 
373 317 120 158 0.99976176 
90 273 122 156 0.9995146 
843 313 120 159 0.9979657 
93 175 98 123 0.34094214 
457 151 139 173 0.33237004 
800 267 89 110 0.1430648 
475 93 91 174 0.12761563 
191 348 53 69 0.09626388 
508 127 172 205 0.09483598 
924 228 97 114 0.08690801 
716 36 59 58 0.06784996 
37 202 158 208 0.06499523 
587 83 107 158 0.06255665 
489 201 145 162 0.060697477 
882 157 48 51 0.058225967 
243 455 41 47 0.057713013 
891 149 30 33 0.05297144 
40 155 109 147 0.05177407 
716 64 197 262 0.04695827 
708 60 65 67 0.04261457 
148 306 96 121 0.04069254 
412 208 176 208 0.038467187 
470 118 61 109 0.037186056 
286 524 111 171 0.03667713 
776 248 164 181 0.03452346 
880 250 117 131 0.030468062 
877 165 31 35 0.030388998 
773 219 124 119 0.029231368 
288 250 145 173 0.026095577 
841 277 68 79 0.023809234 
828 275 38 47 0.023152882 
873 153 96 101 0.022137105 
977 233 50 81 0.022094619 
704 40 105 126 0.021959316 
709 11 57 62 0.021380952 
732 163 133 114 0.020856343 
835 220 108 134 0.020427905 
901 182 33 42 0.020231195 
