49_Greeting_peoplegreeting_49_943
52
121 447 58 73 0.9987675 
354 444 56 72 0.99868184 
191 432 51 64 0.99821705 
288 443 46 58 0.9926369 
343 76 20 26 0.88699585 
255 148 17 20 0.6829939 
148 97 17 24 0.67709 
207 141 15 18 0.65018386 
812 98 23 30 0.41976216 
681 376 78 145 0.16179688 
528 16 212 227 0.10549649 
262 109 15 20 0.08543224 
682 337 17 21 0.07257971 
353 84 17 24 0.0575896 
275 134 13 17 0.050047703 
712 368 49 95 0.04798667 
318 157 14 19 0.04643364 
195 132 13 19 0.045233686 
261 143 18 24 0.040923275 
169 169 29 37 0.040303584 
329 206 19 24 0.03887081 
198 139 13 18 0.03575458 
210 135 14 18 0.032022767 
159 147 42 56 0.031164715 
219 141 11 16 0.0307773 
300 198 15 19 0.030654382 
189 137 14 19 0.029246176 
655 339 12 16 0.027338222 
239 172 11 14 0.027061528 
687 247 33 38 0.026969392 
706 375 24 40 0.026601193 
269 137 20 26 0.025839942 
235 122 14 17 0.025397195 
340 225 12 19 0.024667615 
434 -5 131 124 0.024589809 
276 116 12 14 0.024517888 
149 444 49 66 0.024024667 
716 391 31 47 0.023681443 
670 327 25 32 0.023572883 
327 193 21 28 0.02326903 
457 -6 189 276 0.022992244 
7 129 29 40 0.022803098 
707 353 17 25 0.022381062 
206 149 14 18 0.022088947 
269 123 13 17 0.02186471 
709 357 22 34 0.021578737 
300 140 13 16 0.021487877 
675 285 14 18 0.021375405 
696 363 45 77 0.021291453 
660 340 13 18 0.021226745 
305 380 26 35 0.021006238 
360 139 18 19 0.020265957 
