49_Greeting_peoplegreeting_49_56
33
437 80 89 122 0.9980381 
717 74 49 74 0.98771334 
578 65 47 60 0.9867749 
807 62 41 52 0.970448 
234 112 55 115 0.8253523 
909 64 34 58 0.6670406 
951 58 55 75 0.284795 
923 62 56 70 0.18164091 
806 364 27 38 0.14287928 
195 136 88 130 0.13392739 
0 309 71 136 0.11070106 
132 88 57 102 0.100400895 
963 65 33 46 0.097336926 
971 154 53 82 0.08039451 
709 399 32 38 0.07145107 
903 57 27 48 0.062412895 
784 160 57 70 0.05880922 
695 88 53 69 0.05084696 
977 49 48 83 0.0458792 
679 102 42 63 0.043322634 
820 3 56 60 0.039601035 
243 48 160 177 0.033876516 
-35 257 163 237 0.031711716 
401 79 87 118 0.030924417 
157 103 85 125 0.029935936 
221 114 125 150 0.029549222 
2 242 16 20 0.027122814 
63 234 11 14 0.026991775 
790 350 41 66 0.026759949 
223 0 56 41 0.024723763 
814 32 52 61 0.022471882 
37 322 14 18 0.021398049 
803 -3 35 30 0.020033175 
