49_Greeting_peoplegreeting_49_10
18
714 96 102 151 0.9986713 
269 82 92 145 0.9986174 
224 286 124 184 0.39263475 
427 319 46 61 0.3426119 
45 58 89 143 0.049502593 
962 369 53 117 0.03952741 
990 -5 30 35 0.039471924 
37 68 25 31 0.03841051 
684 460 233 190 0.032488775 
311 81 81 132 0.029423736 
945 76 57 74 0.029068315 
348 77 97 133 0.027482338 
907 10 152 240 0.025746692 
422 320 27 40 0.022653196 
484 326 15 22 0.022093078 
21 28 143 239 0.021321584 
422 314 77 97 0.021176705 
477 302 47 58 0.020234678 
