49_Greeting_peoplegreeting_49_656
17
433 273 97 117 0.9987569 
298 704 77 130 0.69493437 
257 688 90 149 0.09348308 
251 668 161 218 0.07807598 
413 738 55 75 0.045324963 
628 844 186 279 0.045218162 
263 735 193 228 0.041418158 
175 265 309 462 0.03846683 
322 1021 225 334 0.037756495 
111 16 447 453 0.035207592 
413 1066 202 303 0.031581018 
391 827 76 110 0.030288355 
235 868 375 457 0.024249993 
207 1065 291 435 0.023706716 
305 753 113 137 0.023117473 
659 717 32 48 0.021504438 
502 650 52 61 0.020128151 
