5_Car_Accident_Car_Crash_5_365
82
276 159 33 38 0.9925358 
928 142 18 20 0.41083735 
656 23 11 14 0.13057096 
921 182 28 31 0.106122665 
783 259 63 75 0.09183865 
753 197 219 248 0.08888627 
479 61 29 32 0.08879088 
429 306 236 260 0.086506665 
222 123 12 14 0.08362987 
709 19 11 14 0.08155609 
618 303 15 16 0.079079755 
382 274 380 441 0.061511017 
481 54 58 58 0.05744957 
648 129 360 437 0.05689191 
761 264 44 63 0.05681623 
687 35 12 15 0.05656808 
614 19 13 17 0.05443119 
495 333 110 140 0.053512808 
350 0 52 60 0.05274116 
879 276 60 74 0.051992066 
928 143 30 32 0.050460882 
619 1 15 16 0.049369346 
701 42 12 16 0.04824116 
798 197 59 60 0.047628 
43 505 211 260 0.047515307 
931 134 16 18 0.047332857 
654 0 14 13 0.04638702 
273 312 61 80 0.046010565 
229 117 11 14 0.045996808 
804 273 67 78 0.043969594 
718 20 9 13 0.042537615 
572 0 16 14 0.04002719 
564 392 13 17 0.03900694 
777 238 118 130 0.0388899 
287 117 12 15 0.037398376 
825 195 15 15 0.036607902 
262 154 12 19 0.036303543 
911 145 24 30 0.035884604 
628 4 15 15 0.034488495 
574 378 361 418 0.033761844 
752 281 35 50 0.033418052 
267 525 13 18 0.032946248 
635 75 13 14 0.03184327 
230 112 9 11 0.031703662 
935 139 17 20 0.031661157 
534 -1 12 12 0.030731173 
327 24 54 69 0.030594151 
917 136 25 29 0.03017918 
756 263 15 20 0.02997177 
567 0 13 13 0.029868932 
669 0 10 9 0.029678378 
543 364 106 128 0.029402044 
220 164 12 17 0.029388169 
527 344 207 254 0.027355108 
167 544 110 146 0.02732183 
832 256 94 117 0.0273074 
331 203 27 34 0.026464785 
693 30 13 17 0.02602729 
701 24 12 17 0.025897369 
610 300 24 25 0.025251046 
652 394 32 37 0.024729958 
557 33 27 37 0.024517486 
628 71 25 28 0.02317184 
488 5 26 28 0.02299158 
915 168 20 21 0.022725947 
338 208 16 20 0.022417791 
299 27 54 69 0.022326138 
0 416 9 17 0.022066385 
757 266 28 36 0.021955093 
836 411 16 19 0.021819996 
699 0 14 15 0.021537924 
-2 16 131 157 0.021377994 
659 3 12 14 0.021314982 
423 367 53 67 0.021201733 
883 538 49 64 0.020856528 
635 9 13 16 0.020548757 
341 -1 36 30 0.020432148 
661 73 14 16 0.0204224 
340 40 34 43 0.020235317 
818 191 27 27 0.020095183 
500 482 35 37 0.020036468 
573 2 29 28 0.020035189 
