5_Car_Accident_Car_Crash_5_279
98
339 3 30 38 0.9382303 
659 346 31 40 0.17322345 
244 20 23 27 0.16588095 
255 24 17 21 0.1380988 
740 415 14 16 0.13310458 
277 102 27 31 0.12545621 
214 41 381 435 0.111403 
994 477 31 36 0.10938609 
187 104 193 243 0.10293029 
881 383 54 66 0.09420619 
401 86 188 250 0.089419395 
238 25 14 17 0.07298037 
347 32 17 21 0.061494205 
214 20 11 14 0.061105374 
192 250 59 65 0.05833824 
851 371 97 123 0.056544144 
354 429 52 61 0.051585875 
318 31 11 15 0.05155003 
713 251 26 30 0.05141584 
884 393 33 40 0.051026393 
199 236 184 183 0.05036613 
239 234 97 115 0.04788593 
268 496 123 138 0.046028685 
872 616 73 63 0.045460016 
132 471 61 82 0.045178592 
221 251 63 70 0.044201445 
87 93 13 16 0.041148327 
658 331 14 17 0.0405456 
469 135 104 129 0.040493127 
942 432 55 66 0.040319562 
464 398 54 76 0.038587335 
529 155 50 59 0.038495567 
916 453 53 60 0.0384015 
106 173 44 56 0.03838851 
132 7 12 15 0.037520595 
928 327 37 46 0.03721571 
112 289 25 30 0.03666887 
783 359 26 32 0.036656156 
719 251 15 18 0.036620874 
803 384 27 31 0.03585373 
728 381 11 13 0.03548417 
103 425 59 80 0.03456702 
0 339 11 17 0.034005314 
55 196 23 32 0.03397582 
442 290 29 38 0.033474997 
17 261 97 102 0.03282829 
737 412 25 28 0.032724682 
785 331 27 30 0.03226588 
812 407 15 21 0.031828087 
251 217 39 42 0.031810194 
342 7 16 20 0.031560495 
46 284 57 58 0.031184899 
212 32 14 17 0.031173032 
957 450 54 65 0.030904945 
789 363 15 19 0.030186389 
533 71 14 16 0.029544225 
614 68 9 10 0.029392166 
847 337 29 38 0.02905042 
831 392 46 65 0.0290021 
107 451 71 89 0.028760336 
825 349 183 216 0.028161353 
749 443 15 18 0.02734479 
102 2 336 415 0.027332224 
777 309 15 17 0.027315926 
935 396 31 39 0.027094843 
628 71 10 13 0.026851406 
328 130 47 55 0.026614755 
196 337 208 252 0.026513997 
374 6 13 15 0.026441513 
896 430 53 69 0.026395787 
285 493 73 84 0.025631275 
898 375 98 119 0.025495265 
276 34 13 14 0.025121441 
89 346 53 59 0.024926528 
233 22 10 15 0.024761757 
966 444 14 16 0.024491237 
857 401 55 75 0.024472032 
736 330 28 36 0.02442535 
768 303 27 29 0.024268122 
970 469 31 38 0.023712395 
915 474 32 41 0.023404857 
694 307 24 28 0.023385376 
268 29 13 16 0.023316197 
208 20 12 14 0.023227947 
900 398 57 69 0.023206767 
913 322 38 42 0.022997556 
240 250 36 41 0.022892777 
710 266 30 33 0.022509167 
772 302 15 17 0.022248957 
205 260 97 111 0.022196962 
788 354 16 18 0.021329882 
541 153 34 37 0.021322759 
350 10 19 21 0.020946886 
928 464 61 64 0.020722747 
310 191 68 74 0.020502847 
695 313 14 17 0.020186879 
775 346 29 36 0.020134324 
900 320 35 40 0.020005397 
