5_Car_Accident_Accident_5_474
160
554 136 17 22 0.97008073 
241 119 19 25 0.9276986 
345 139 18 26 0.92480946 
802 144 17 21 0.59591246 
619 138 21 27 0.44827056 
798 97 33 38 0.3706188 
628 135 20 26 0.32512203 
582 148 22 26 0.31245452 
139 105 14 19 0.2866946 
459 79 26 28 0.28517428 
299 171 16 24 0.25700864 
706 130 18 23 0.23838711 
263 177 20 27 0.20607463 
307 146 11 18 0.18793541 
635 132 17 21 0.17511116 
621 129 16 20 0.15496492 
612 144 16 22 0.13280934 
616 263 11 14 0.13091725 
299 142 20 27 0.1239159 
540 163 15 21 0.11908451 
325 197 17 22 0.11750902 
835 251 24 28 0.116716966 
282 140 10 13 0.1019498 
106 283 26 32 0.09976926 
493 122 21 31 0.09859373 
605 146 15 21 0.097051345 
652 362 13 18 0.09484737 
718 194 25 33 0.08488958 
818 332 14 20 0.081766695 
713 137 16 21 0.079334 
503 118 13 17 0.07540935 
129 103 23 29 0.0724111 
231 120 25 30 0.06518084 
300 163 14 21 0.06350581 
610 161 14 19 0.06017596 
295 141 13 17 0.058495153 
699 383 25 32 0.056132823 
874 243 26 31 0.055170715 
797 122 30 37 0.054700453 
453 79 16 20 0.052865144 
93 307 16 20 0.051755667 
590 381 15 19 0.049518593 
302 158 21 31 0.04817585 
805 93 46 61 0.04734868 
95 611 30 50 0.046624772 
581 140 17 20 0.046504915 
126 107 12 15 0.045830313 
166 94 31 32 0.045500275 
145 101 13 16 0.04193771 
283 172 22 29 0.040983018 
309 163 23 30 0.039870035 
539 283 14 15 0.03907603 
134 159 61 82 0.038525697 
596 365 14 17 0.038080662 
399 142 12 17 0.037602577 
763 186 14 18 0.03744767 
765 259 15 19 0.036969032 
262 141 13 17 0.036809325 
268 149 12 14 0.03669296 
639 373 12 17 0.03596081 
594 147 17 21 0.0355801 
838 143 14 19 0.035218768 
188 101 14 17 0.03490702 
639 365 9 12 0.034708254 
379 160 15 20 0.0342682 
206 117 12 16 0.034115486 
341 207 31 35 0.03367069 
637 324 10 14 0.03295039 
251 179 26 28 0.032854024 
403 145 13 17 0.03262271 
853 235 12 15 0.031940263 
662 270 12 16 0.031930473 
594 86 15 18 0.031733245 
780 279 15 19 0.03160696 
778 172 28 34 0.03142053 
559 367 12 16 0.03103125 
607 357 12 16 0.030860232 
593 267 10 13 0.030779004 
444 113 29 36 0.030700183 
268 170 24 30 0.03066239 
212 120 14 19 0.030627076 
286 145 13 17 0.03049857 
647 259 10 13 0.030069726 
649 269 10 15 0.029880457 
900 237 24 32 0.029390449 
308 231 14 19 0.029196134 
67 165 29 35 0.029043334 
599 284 10 13 0.029005991 
771 139 13 19 0.028107475 
589 372 14 18 0.02786405 
122 289 15 21 0.027735587 
341 187 17 21 0.027678307 
842 138 16 20 0.027533183 
703 338 13 18 0.02739401 
326 177 43 54 0.027366208 
914 571 32 35 0.02689683 
965 294 14 17 0.026758699 
901 275 11 15 0.026714208 
317 161 13 19 0.026638262 
74 249 52 63 0.026451828 
557 220 12 17 0.026203938 
142 98 11 14 0.026011925 
827 165 26 34 0.025557179 
916 249 15 22 0.02551729 
701 126 17 20 0.025414467 
1013 269 10 16 0.025372792 
653 349 11 14 0.025328128 
457 283 17 21 0.025194414 
279 146 12 16 0.02513242 
212 116 24 29 0.025021734 
333 123 43 45 0.02483041 
815 318 26 33 0.024668885 
812 324 14 19 0.024504172 
630 257 11 15 0.024500877 
165 113 31 32 0.024459654 
52 118 187 263 0.02445568 
141 198 60 71 0.024401719 
334 199 27 33 0.02430842 
480 119 27 34 0.024106337 
269 153 14 16 0.023648646 
406 118 9 12 0.023440799 
327 144 15 19 0.023168262 
53 590 67 86 0.023162056 
902 235 15 20 0.023035675 
653 273 10 14 0.023003623 
969 301 15 18 0.022996165 
165 250 30 34 0.022892186 
363 17 406 459 0.022773372 
622 211 12 14 0.022757204 
274 219 24 34 0.022691611 
135 102 14 17 0.02222455 
706 141 25 29 0.022047002 
95 296 26 33 0.02196736 
368 144 21 29 0.02190671 
701 170 15 19 0.021800943 
606 322 10 16 0.021707552 
983 263 8 11 0.021658152 
649 332 10 13 0.021572629 
232 349 406 482 0.02157155 
353 168 15 18 0.021486457 
605 338 11 14 0.021445539 
542 220 25 31 0.021306632 
599 306 10 16 0.02118674 
919 275 11 14 0.021176614 
452 72 14 17 0.021168087 
348 176 17 21 0.02113503 
27 169 108 144 0.02111661 
268 141 12 15 0.020703502 
822 298 12 18 0.020689532 
693 138 14 20 0.020682612 
985 197 41 58 0.020651331 
155 125 16 19 0.020645173 
818 259 15 19 0.020428706 
399 133 11 15 0.020402234 
642 375 15 20 0.020240223 
832 257 15 21 0.020187559 
925 273 11 14 0.020083044 
837 121 28 34 0.02006979 
138 226 52 68 0.020054791 
505 128 14 20 0.0200161 
