5_Car_Accident_Accident_5_735
46
277 346 359 438 0.5236552 
666 20 19 21 0.26972273 
164 206 25 37 0.26859877 
629 316 80 80 0.24475661 
974 340 14 17 0.20957702 
718 130 14 19 0.16196607 
798 270 36 44 0.11185901 
856 180 19 22 0.10832079 
293 376 223 278 0.08894434 
928 133 13 15 0.08494245 
417 268 355 444 0.07394842 
819 176 26 37 0.071318276 
996 354 11 13 0.0709308 
123 315 71 70 0.061492335 
826 190 17 20 0.05521758 
512 73 17 20 0.048342954 
812 156 44 57 0.045294642 
711 126 24 30 0.04107728 
461 76 14 17 0.036910117 
959 231 11 13 0.035950143 
428 478 66 81 0.03539881 
776 139 58 71 0.034775656 
911 134 10 13 0.03324173 
740 156 66 68 0.033094984 
370 119 203 248 0.031939078 
65 297 105 122 0.03161684 
657 467 33 35 0.029265724 
59 395 18 19 0.027181877 
770 130 28 30 0.026659274 
949 408 16 18 0.02584767 
214 47 200 211 0.025264947 
80 326 9 12 0.024864793 
1014 223 9 12 0.024293447 
88 316 382 459 0.023669563 
88 38 8 10 0.023192445 
983 221 10 12 0.022920666 
51 380 13 15 0.022622397 
705 148 112 114 0.022528747 
810 372 15 17 0.0225012 
86 316 10 14 0.021704704 
803 146 15 20 0.021105101 
886 248 10 11 0.02087538 
497 26 418 487 0.020747244 
708 454 13 16 0.02045205 
845 150 10 13 0.020340998 
980 354 12 15 0.020231662 
