5_Car_Accident_Car_Crash_5_773
41
395 425 17 21 0.9021863 
684 436 17 21 0.8239111 
630 443 15 18 0.7918244 
550 426 15 19 0.7072467 
466 435 14 18 0.5685035 
325 411 16 20 0.4582172 
658 297 11 15 0.20903628 
936 468 25 33 0.17541295 
514 283 11 14 0.13684808 
493 472 8 10 0.07656493 
603 305 14 17 0.05476864 
299 459 11 15 0.054159265 
717 481 12 15 0.05114708 
5 450 23 33 0.037914563 
731 445 18 22 0.034903046 
272 480 9 12 0.03446517 
461 19 222 189 0.031896353 
653 444 11 14 0.03182938 
348 468 11 15 0.031708896 
655 293 18 25 0.03146261 
425 442 17 19 0.027017154 
411 452 13 18 0.026704019 
588 479 11 12 0.026236875 
655 500 9 12 0.025729977 
692 235 13 17 0.025418103 
383 484 13 16 0.025385017 
659 396 13 15 0.025283169 
349 501 13 16 0.024835791 
580 477 13 14 0.02476372 
456 435 11 15 0.024503738 
625 451 11 14 0.024294743 
300 466 11 14 0.023480982 
1015 540 9 14 0.023336496 
1004 186 17 22 0.02329774 
510 279 18 24 0.022619579 
569 411 12 16 0.022355469 
410 156 48 66 0.02223843 
685 456 12 16 0.022215351 
654 368 9 10 0.021392524 
576 478 11 13 0.020995386 
487 219 14 18 0.020347018 
