5_Car_Accident_Accident_5_234
517
656 486 22 29 0.8573335 
579 536 18 23 0.83055913 
473 329 15 19 0.66449285 
885 289 12 14 0.61993337 
450 338 16 21 0.5976166 
867 351 15 19 0.5720615 
420 507 19 22 0.54471153 
416 401 19 22 0.5353831 
275 391 17 21 0.44168526 
809 236 10 13 0.42339846 
809 314 15 20 0.41898066 
466 179 13 17 0.3267545 
771 271 24 30 0.31467482 
803 257 14 18 0.29767913 
352 372 24 30 0.292703 
495 166 9 12 0.2800125 
413 317 11 13 0.2697692 
790 102 10 13 0.21637572 
852 192 14 18 0.2133705 
601 569 14 21 0.21053483 
376 316 11 15 0.19335705 
799 252 14 17 0.17753837 
784 295 13 18 0.16915473 
665 406 57 64 0.1579879 
868 249 16 21 0.14491966 
129 471 21 32 0.1436506 
545 151 8 10 0.14030956 
593 558 23 28 0.14001869 
790 184 13 17 0.13991338 
769 260 25 28 0.13484706 
34 570 19 22 0.13125387 
891 258 14 18 0.12892987 
825 540 41 48 0.12720335 
867 267 14 17 0.12254385 
585 127 9 12 0.12164677 
804 243 13 16 0.12131429 
591 548 23 27 0.117743604 
589 127 9 12 0.116872735 
812 231 13 16 0.116501324 
549 171 11 14 0.116156586 
775 228 11 14 0.114760704 
381 321 10 15 0.11141567 
424 273 13 16 0.11023108 
586 537 21 25 0.10959429 
338 373 13 18 0.108237736 
489 167 10 12 0.10813735 
197 390 13 17 0.10701246 
812 242 14 17 0.10178144 
793 528 24 40 0.101334505 
347 424 16 21 0.10062216 
409 340 13 17 0.09616679 
727 39 14 16 0.094209984 
420 431 17 21 0.09402626 
267 558 21 28 0.0934682 
811 258 13 18 0.093420036 
205 400 13 19 0.09262456 
366 324 14 17 0.09258373 
394 314 14 17 0.09254736 
806 85 15 18 0.092488945 
342 338 12 18 0.09169278 
413 323 11 15 0.091147766 
781 204 10 13 0.091116846 
357 309 10 14 0.089194305 
812 250 14 18 0.08657763 
73 563 19 22 0.086566865 
22 570 26 28 0.08418149 
258 447 24 29 0.08342339 
177 502 26 31 0.083397985 
323 323 13 16 0.082027055 
809 78 10 12 0.0819386 
595 522 16 20 0.0759955 
646 485 21 27 0.07568174 
189 393 15 18 0.075651065 
854 236 10 15 0.07459725 
358 291 12 15 0.074465916 
340 284 13 16 0.07328892 
210 403 13 17 0.07263542 
246 419 12 17 0.06991244 
877 257 13 18 0.06954663 
624 126 7 9 0.068719454 
561 145 7 9 0.06813596 
408 332 12 15 0.06803468 
496 161 8 11 0.06752255 
658 433 52 62 0.066302 
649 473 26 32 0.06602101 
869 238 13 16 0.064775504 
350 413 26 35 0.0639599 
333 315 12 15 0.06380698 
409 326 9 13 0.062164675 
351 377 14 19 0.06196346 
339 352 14 19 0.061564088 
763 204 11 14 0.061096273 
759 110 11 14 0.061058354 
226 411 15 18 0.060970843 
395 323 14 17 0.06071579 
736 126 9 11 0.05924288 
783 83 10 13 0.058851562 
35 523 27 38 0.058403637 
637 467 23 28 0.058268107 
374 332 10 14 0.058006007 
819 235 12 14 0.057671692 
79 446 24 27 0.0574606 
519 159 8 11 0.055580243 
560 149 8 10 0.055578094 
422 370 12 17 0.055097315 
804 522 28 42 0.054417346 
781 283 19 27 0.054193668 
331 405 13 19 0.054155357 
617 125 8 10 0.053132027 
255 435 14 18 0.051830746 
671 116 8 10 0.051656354 
789 85 10 12 0.051417917 
577 149 9 11 0.051007677 
764 140 13 17 0.05057678 
214 490 14 18 0.050128806 
642 578 15 20 0.049988568 
374 321 11 16 0.04980043 
777 196 9 12 0.04883221 
704 127 9 11 0.04879874 
427 363 16 21 0.04830829 
349 483 10 15 0.048293702 
749 93 9 11 0.04818838 
686 79 8 11 0.047887657 
814 277 12 16 0.047872722 
432 505 16 21 0.047598407 
776 100 9 13 0.047170993 
528 151 8 10 0.04714405 
608 163 10 14 0.047021486 
270 410 12 16 0.04699093 
544 145 7 10 0.046730522 
799 317 22 27 0.046619426 
242 378 15 18 0.04658875 
638 464 16 19 0.046359375 
860 362 15 18 0.04600744 
890 286 13 16 0.045862984 
768 174 9 12 0.045707088 
665 127 8 11 0.045635477 
114 476 22 33 0.045497857 
413 286 9 12 0.045346946 
185 425 19 22 0.04527517 
784 101 11 13 0.045159396 
586 523 20 25 0.04494173 
797 210 12 15 0.044457402 
721 134 9 11 0.044243068 
549 150 9 11 0.044236936 
872 244 15 17 0.044161346 
366 317 13 16 0.043975905 
766 135 11 15 0.043385725 
406 291 11 14 0.043325096 
720 127 8 10 0.043227352 
641 124 8 10 0.043042433 
511 182 11 14 0.042984553 
271 400 16 21 0.04239029 
773 140 11 14 0.042356495 
365 93 26 30 0.042227253 
359 276 10 12 0.04217814 
575 533 15 19 0.041826937 
787 274 15 20 0.041810658 
772 174 10 13 0.041793164 
638 481 14 18 0.041748125 
439 171 9 11 0.041657925 
175 424 23 29 0.04125547 
785 188 10 14 0.04114032 
552 142 8 10 0.040748715 
643 547 14 20 0.040735446 
414 434 15 19 0.040632136 
927 242 14 16 0.04039639 
878 101 11 13 0.040350556 
765 198 11 14 0.040199418 
516 182 10 12 0.040174134 
759 199 11 15 0.040163714 
426 585 25 30 0.040148176 
797 157 10 13 0.039776642 
773 220 13 17 0.03973348 
276 382 14 17 0.03943383 
751 118 9 12 0.039319567 
793 352 18 23 0.039315138 
349 326 10 14 0.039019834 
101 482 24 34 0.038858984 
794 99 13 15 0.038678776 
607 135 8 9 0.03841239 
613 160 10 12 0.038400937 
602 540 15 18 0.03835617 
327 494 37 59 0.038213063 
743 120 8 10 0.038200703 
404 353 16 19 0.038198713 
535 149 8 10 0.038118202 
602 528 16 19 0.038095187 
606 508 14 16 0.038031258 
603 516 15 18 0.037850797 
300 414 12 16 0.03781202 
680 117 7 10 0.037778363 
527 157 8 11 0.037683643 
646 125 8 10 0.03765509 
392 348 11 13 0.037581168 
727 94 8 11 0.037561253 
13 565 41 54 0.03754256 
211 418 14 20 0.037432287 
307 480 16 20 0.037085857 
790 94 13 17 0.036860865 
725 141 9 13 0.03682903 
641 165 8 11 0.036715023 
347 340 12 17 0.0365778 
408 402 13 18 0.036554374 
544 156 9 11 0.03649291 
647 164 8 10 0.036394402 
205 419 14 19 0.03629979 
894 352 16 19 0.036246967 
818 259 14 18 0.03623711 
741 125 9 12 0.036064196 
380 310 11 15 0.03588849 
573 521 15 19 0.035878427 
391 330 13 16 0.035778474 
631 125 7 10 0.035682518 
744 78 8 9 0.035633728 
751 125 8 10 0.035563875 
278 584 30 40 0.03543158 
464 175 12 16 0.035337582 
567 143 6 9 0.035320997 
528 165 10 13 0.03530824 
380 331 12 16 0.035258196 
166 424 21 30 0.03515746 
399 284 11 14 0.035134014 
775 190 9 12 0.03509901 
638 535 14 18 0.034994777 
812 70 11 15 0.034821253 
374 590 11 15 0.034820717 
576 523 21 27 0.034790162 
171 419 13 20 0.034209814 
757 103 10 12 0.033835556 
743 133 9 12 0.033460055 
789 347 16 22 0.03338019 
650 461 44 55 0.033362877 
501 161 8 9 0.03301899 
552 134 9 11 0.03299083 
751 78 8 10 0.032887317 
818 243 14 17 0.032877993 
489 161 8 10 0.03285232 
338 362 14 20 0.03284656 
821 182 8 11 0.032780305 
840 108 9 13 0.032764405 
780 197 12 15 0.03275777 
814 520 44 54 0.032750588 
797 265 15 18 0.03248869 
397 346 13 16 0.03239402 
282 400 14 20 0.032388017 
771 492 14 18 0.032352354 
703 561 18 20 0.03230894 
265 385 20 25 0.03218072 
752 102 8 11 0.032119773 
782 210 10 14 0.032083616 
332 321 14 17 0.03165222 
805 233 18 22 0.031527024 
626 174 9 12 0.03147221 
878 109 12 14 0.031291675 
791 211 12 15 0.03128496 
83 456 27 32 0.031238725 
423 338 12 16 0.031081252 
751 673 12 19 0.031056328 
630 120 8 10 0.03099914 
578 479 18 21 0.030998208 
765 68 13 15 0.030996548 
457 636 11 14 0.030808968 
404 342 21 23 0.030766053 
796 173 12 14 0.030731523 
60 554 14 19 0.030649368 
537 143 7 10 0.030614963 
358 313 12 15 0.030591482 
765 115 10 13 0.030428216 
63 557 22 29 0.030397795 
418 326 13 18 0.030394183 
912 101 12 15 0.030288909 
415 372 13 19 0.030245291 
868 290 12 14 0.030137584 
258 433 20 26 0.030125348 
812 515 30 40 0.030116588 
413 388 22 28 0.029950207 
346 364 24 30 0.029943474 
334 347 14 20 0.029873556 
457 330 20 25 0.029715015 
713 69 9 11 0.029676214 
545 167 10 15 0.029639095 
569 34 51 63 0.029619632 
744 87 9 12 0.029505748 
619 622 43 64 0.02942441 
381 339 11 14 0.029118232 
576 143 9 12 0.029077977 
487 361 14 18 0.029035307 
803 213 11 15 0.02894576 
802 532 16 26 0.028917424 
356 363 15 20 0.028854392 
664 95 8 9 0.028789412 
903 285 11 15 0.028784847 
242 391 15 18 0.028782679 
682 85 8 10 0.028775794 
856 185 9 11 0.028632306 
790 171 13 15 0.02857061 
335 331 14 17 0.028526584 
431 202 11 13 0.02847893 
121 565 23 30 0.028346132 
768 154 10 14 0.028327575 
720 354 16 21 0.028197434 
578 126 8 11 0.028189555 
768 179 9 13 0.028102685 
566 119 8 11 0.028030638 
194 424 16 20 0.028022276 
687 85 7 10 0.02799264 
588 517 16 19 0.027776996 
22 484 12 17 0.027767379 
300 432 14 18 0.027586803 
364 277 10 13 0.02757486 
353 467 16 18 0.027564105 
603 550 23 32 0.02755897 
375 337 11 15 0.027497334 
885 254 15 21 0.027481303 
792 135 9 12 0.027407376 
430 183 10 13 0.027350662 
718 116 10 13 0.027323611 
43 525 14 19 0.027317118 
781 263 21 27 0.0272846 
624 179 8 11 0.027251637 
797 91 15 16 0.027175307 
420 378 13 17 0.027159857 
611 531 12 16 0.027111713 
42 562 16 23 0.027099464 
113 412 16 19 0.02705801 
774 213 12 14 0.027040187 
537 134 8 11 0.026963273 
751 206 11 15 0.026945513 
719 69 9 12 0.026870627 
238 386 14 19 0.026846835 
736 78 7 10 0.026816139 
269 486 15 21 0.026801119 
416 512 15 18 0.026707716 
49 535 15 20 0.026689054 
263 410 13 16 0.026685553 
880 176 174 266 0.026650127 
326 354 13 17 0.026585123 
739 510 36 47 0.026564931 
816 181 10 12 0.026556436 
908 355 12 17 0.026550952 
197 410 15 18 0.026397128 
433 168 8 10 0.026367597 
551 118 8 10 0.026344715 
360 421 28 37 0.026310448 
747 526 15 24 0.02626185 
596 506 15 16 0.02623346 
804 95 16 19 0.026177702 
601 108 9 11 0.026085598 
134 473 28 37 0.026075846 
154 430 23 28 0.025986668 
316 433 18 22 0.025972208 
912 94 12 14 0.025952497 
456 168 7 9 0.025826173 
721 323 18 23 0.025820341 
646 385 91 109 0.025658377 
12 570 22 32 0.025637692 
260 363 11 15 0.025607614 
584 122 8 11 0.025606858 
1002 689 16 18 0.025601463 
795 274 13 19 0.025549017 
759 85 9 12 0.025511837 
664 88 7 9 0.025478762 
727 88 7 10 0.025466874 
134 494 13 21 0.025414506 
760 69 10 13 0.025339836 
596 498 14 17 0.025199905 
736 354 29 37 0.025199862 
625 617 25 35 0.025168076 
610 127 7 9 0.025154041 
862 236 12 16 0.025094584 
425 404 17 22 0.025064433 
405 396 13 18 0.025007369 
417 492 26 33 0.025002234 
679 101 8 10 0.024956143 
512 151 8 10 0.024863904 
137 486 17 26 0.024831392 
87 456 40 52 0.024778077 
669 126 8 11 0.024696846 
514 159 8 11 0.024686819 
199 571 43 57 0.02467944 
727 100 9 12 0.024576288 
772 154 11 14 0.024533726 
213 488 25 31 0.024504557 
861 115 13 15 0.02450074 
227 492 13 18 0.024484193 
840 102 9 13 0.024393912 
349 277 11 14 0.024340706 
801 352 16 20 0.024319127 
528 171 10 14 0.02431279 
743 150 9 12 0.024279902 
781 519 28 41 0.024183296 
337 376 22 28 0.023976436 
569 136 7 10 0.023889078 
847 213 11 15 0.023823557 
447 183 8 10 0.023805821 
737 149 8 11 0.023656309 
480 330 14 18 0.023592401 
221 405 16 19 0.023584371 
779 296 21 28 0.023554254 
478 344 14 19 0.023430614 
434 401 14 21 0.023407487 
266 433 17 20 0.023397641 
695 142 9 12 0.023394534 
680 126 9 12 0.02339374 
790 192 13 18 0.023377549 
757 234 253 253 0.023376 
330 420 24 29 0.023347607 
541 162 20 27 0.023313574 
670 133 9 10 0.023213089 
398 269 9 12 0.023181662 
757 219 10 15 0.02312662 
817 315 14 18 0.023107748 
690 499 16 19 0.02305948 
721 146 10 13 0.023057621 
838 266 12 15 0.023020383 
771 145 13 17 0.023007141 
589 568 23 29 0.02297496 
433 343 21 27 0.02295228 
744 141 9 12 0.022892421 
666 385 18 20 0.02284194 
533 172 11 14 0.022823397 
790 203 12 16 0.022780482 
39 545 23 35 0.022777718 
863 124 10 12 0.022641027 
821 109 12 16 0.022640502 
456 182 8 11 0.02262201 
756 332 15 20 0.022602452 
470 166 10 12 0.022591643 
566 149 8 11 0.022561971 
344 475 13 19 0.022532629 
405 277 10 13 0.022495965 
415 388 14 17 0.022475736 
383 302 11 13 0.022444924 
533 166 10 14 0.022415515 
600 183 7 10 0.022415042 
345 494 24 40 0.022408498 
581 157 9 12 0.022391533 
739 528 17 22 0.022372978 
858 189 11 16 0.02226852 
342 341 20 26 0.022121647 
429 280 12 16 0.02209758 
335 291 11 14 0.022066822 
742 196 9 12 0.022065604 
799 77 12 13 0.022016289 
445 173 9 10 0.021996949 
885 355 13 16 0.021972833 
399 354 13 16 0.021961197 
380 433 14 22 0.021945087 
630 531 14 17 0.02192879 
777 85 11 14 0.021869782 
495 347 12 16 0.021850184 
527 219 13 15 0.021760393 
627 564 24 31 0.021736817 
182 493 35 45 0.0217291 
757 130 23 28 0.021721283 
686 61 10 12 0.021701315 
695 136 8 9 0.021672664 
299 475 18 22 0.021657769 
845 250 11 15 0.021604652 
453 630 13 16 0.02152903 
341 324 13 18 0.02151165 
295 414 20 27 0.021448642 
263 392 14 18 0.02138295 
818 274 13 17 0.02138273 
658 132 421 454 0.021357771 
32 437 11 14 0.021357521 
46 556 22 32 0.021337796 
897 258 14 16 0.021335099 
631 178 9 12 0.021326708 
351 488 12 17 0.021318134 
599 190 9 11 0.021269074 
822 190 9 13 0.02123216 
759 93 9 12 0.021211147 
633 608 42 63 0.021200895 
26 517 25 31 0.02113512 
417 174 9 11 0.021092396 
420 408 23 32 0.021056121 
505 110 9 10 0.021044781 
406 206 9 12 0.021014476 
639 570 15 21 0.020972956 
735 86 8 10 0.020930901 
518 187 10 12 0.02092468 
407 311 11 15 0.020922022 
749 330 16 19 0.020910628 
303 423 22 27 0.020899149 
844 265 11 15 0.02084927 
615 121 8 10 0.02082713 
428 493 15 19 0.02079618 
144 426 23 28 0.020790914 
252 410 14 19 0.020773478 
147 414 15 18 0.020755744 
53 551 39 48 0.020662898 
839 529 34 44 0.0205914 
625 111 7 9 0.020542521 
591 508 13 15 0.020528225 
775 93 11 15 0.020527469 
768 188 10 13 0.020511601 
456 173 8 11 0.020499816 
759 78 10 12 0.020451529 
684 482 25 33 0.020442978 
486 161 20 24 0.020396018 
358 330 12 16 0.020344654 
704 133 8 10 0.020339815 
592 183 8 9 0.020335266 
748 133 9 12 0.020325297 
726 77 9 11 0.02026701 
625 120 8 10 0.020241607 
252 428 13 17 0.02023924 
780 141 10 12 0.020218376 
375 302 9 13 0.020203043 
863 140 10 12 0.02017789 
726 119 8 11 0.02012654 
768 226 12 16 0.02011172 
761 165 8 12 0.02008116 
590 141 9 11 0.020069733 
800 124 10 13 0.020010889 
