5_Car_Accident_Accident_5_607
34
433 2 406 499 0.29293782 
447 379 46 61 0.19787896 
467 44 104 141 0.15609817 
241 31 26 31 0.15476175 
177 72 433 564 0.14684907 
477 383 38 57 0.1308676 
525 409 63 84 0.12094458 
107 17 24 30 0.088660866 
424 382 48 64 0.062335134 
613 24 485 553 0.057534218 
213 0 18 19 0.052649457 
274 316 243 238 0.05054551 
76 38 29 33 0.04091365 
339 464 82 80 0.040709857 
487 386 51 68 0.03858087 
590 418 67 54 0.036400735 
509 395 56 84 0.036312982 
204 52 14 19 0.03550997 
166 96 13 19 0.032734845 
102 32 48 67 0.030925952 
508 422 16 22 0.030804185 
94 26 77 108 0.029933775 
494 404 30 46 0.029559739 
997 0 12 12 0.02652086 
554 377 121 106 0.025795108 
125 42 17 21 0.025475895 
682 103 31 35 0.024850914 
34 138 14 22 0.024574596 
433 354 80 97 0.0236893 
551 416 74 73 0.02279196 
120 41 85 115 0.022362586 
-50 22 520 548 0.02167233 
119 36 27 35 0.020287104 
201 47 27 30 0.020131236 
