5_Car_Accident_Accident_5_515
38
921 475 38 46 0.95983624 
128 381 39 49 0.9290464 
828 214 31 44 0.68637866 
454 212 31 32 0.39342964 
489 197 19 29 0.15836658 
446 209 52 53 0.15461794 
476 205 25 28 0.12858927 
371 590 103 139 0.106456995 
539 226 215 200 0.09698521 
6 387 226 253 0.075776584 
498 207 14 20 0.071352474 
850 226 33 35 0.066845156 
831 197 54 53 0.061568774 
443 194 14 21 0.05023099 
515 508 63 77 0.049951963 
459 204 14 18 0.04142306 
111 345 79 101 0.03923455 
473 215 19 21 0.034861006 
843 190 34 36 0.033021346 
450 197 25 32 0.030596368 
448 221 30 34 0.030229185 
910 465 36 46 0.030166386 
483 194 17 21 0.029583268 
489 468 111 135 0.028687235 
120 380 12 16 0.026362548 
422 209 51 57 0.02520277 
830 217 17 27 0.02510705 
426 404 218 266 0.02292597 
929 563 55 70 0.022761848 
168 485 35 36 0.02260859 
608 523 16 20 0.022486227 
53 -1 421 471 0.022443052 
124 378 25 31 0.021876391 
453 196 14 20 0.021566605 
457 232 18 20 0.021398518 
423 185 90 93 0.021092933 
478 191 13 18 0.020600582 
857 208 33 40 0.020260155 
