5_Car_Accident_Accident_5_982
37
475 229 40 53 0.99494344 
321 242 44 58 0.9948155 
734 203 42 53 0.98968303 
422 386 27 37 0.23772837 
729 572 48 70 0.22424977 
611 213 15 18 0.19446597 
65 -9 182 277 0.12174486 
722 606 33 42 0.10863848 
426 337 34 41 0.09580655 
903 87 28 36 0.082280025 
739 543 58 88 0.06414293 
836 132 14 18 0.053515453 
662 339 49 64 0.047973126 
825 193 23 31 0.0396729 
275 303 29 35 0.03879592 
813 132 13 17 0.03668301 
649 144 44 66 0.03553135 
968 -1 46 50 0.03053446 
564 319 28 32 0.029560793 
109 289 70 82 0.02881282 
677 232 40 52 0.028579254 
623 500 12 17 0.028533986 
570 505 15 18 0.028521111 
836 240 15 20 0.028163368 
598 218 28 33 0.027617864 
388 166 14 17 0.02727049 
661 314 29 35 0.025973674 
506 350 104 150 0.025953516 
77 152 191 262 0.025369454 
563 499 24 31 0.024953397 
656 303 43 60 0.024510076 
681 470 96 141 0.02450086 
309 114 16 24 0.024031868 
686 522 13 20 0.022732133 
819 132 13 16 0.021983236 
837 457 37 44 0.021521397 
278 308 16 21 0.020600386 
