5_Car_Accident_Accident_5_460
137
113 312 20 25 0.9517625 
234 307 11 14 0.75965714 
157 307 12 19 0.34506306 
868 364 13 16 0.31726965 
62 314 12 15 0.2711996 
271 315 10 12 0.23214637 
132 290 12 16 0.21329176 
381 148 14 18 0.17547946 
318 334 8 11 0.12565519 
-1 284 16 30 0.11669288 
918 352 10 13 0.11621793 
248 107 10 13 0.1111712 
128 287 12 15 0.10886115 
277 316 11 12 0.107906796 
183 315 10 14 0.10669142 
389 133 10 12 0.10066059 
464 139 11 13 0.09847049 
917 400 25 30 0.09682615 
422 141 11 13 0.09309122 
165 302 10 15 0.08851869 
43 74 16 22 0.08631299 
286 317 9 11 0.078031085 
254 312 12 13 0.07408749 
421 149 11 13 0.073843986 
318 328 8 11 0.07363184 
874 364 14 17 0.07065904 
204 109 15 17 0.06732285 
265 316 10 13 0.066224456 
10 324 13 16 0.063283384 
181 325 12 15 0.06054976 
389 139 10 14 0.056337584 
214 311 10 13 0.056122366 
643 392 116 126 0.055083636 
230 303 19 22 0.05383886 
692 427 119 143 0.05357988 
189 316 10 14 0.052410517 
125 395 16 20 0.050570447 
311 342 10 12 0.050554585 
215 95 9 11 0.049656283 
245 117 13 16 0.048690993 
308 137 15 19 0.048313916 
302 342 10 12 0.04748229 
608 345 214 235 0.04616944 
385 128 9 12 0.046027746 
10 331 14 19 0.04596846 
139 290 13 16 0.04561268 
208 311 10 12 0.045022048 
863 370 14 18 0.044313755 
150 312 12 17 0.044149596 
212 108 13 17 0.043845966 
199 326 10 12 0.04330157 
615 280 394 441 0.0429761 
224 312 10 12 0.0428447 
318 320 7 10 0.0413631 
468 137 9 12 0.039918575 
894 370 12 15 0.03905327 
428 141 10 12 0.038770452 
148 300 15 20 0.038653743 
131 289 21 27 0.038356718 
158 304 20 28 0.03732721 
887 358 11 14 0.037057567 
236 312 12 15 0.037021387 
214 101 12 16 0.03690873 
231 407 45 66 0.03658455 
77 331 15 18 0.035638083 
310 347 9 13 0.035527166 
317 340 9 11 0.034992445 
926 373 14 16 0.034216873 
180 330 13 20 0.034077596 
251 115 12 17 0.034026396 
205 379 9 14 0.032433465 
461 147 14 19 0.032363724 
36 330 16 20 0.0322562 
270 321 11 15 0.031865727 
957 390 10 14 0.03180613 
302 336 9 12 0.031539347 
984 411 15 18 0.031503316 
130 316 14 18 0.030145908 
929 402 19 22 0.030079683 
716 463 73 86 0.030067258 
242 414 28 42 0.029572742 
250 123 13 16 0.029437179 
205 326 11 13 0.029261895 
908 391 12 14 0.029155757 
924 357 10 13 0.029053029 
66 311 12 15 0.028585436 
915 385 44 47 0.028114215 
968 349 10 14 0.028005894 
974 351 9 12 0.02797351 
903 391 11 14 0.027663523 
261 312 11 13 0.027494919 
112 391 24 28 0.027317252 
421 321 47 64 0.026870996 
240 118 11 14 0.026610712 
300 361 11 15 0.026109116 
467 430 55 70 0.025659403 
132 341 15 19 0.025550434 
285 324 10 13 0.025501857 
913 355 11 13 0.025326153 
339 116 11 14 0.025265576 
205 373 10 14 0.025155852 
942 366 11 13 0.025105901 
4 304 13 20 0.02481296 
319 112 9 12 0.02478957 
44 64 12 15 0.024728341 
203 118 16 19 0.024668945 
42 326 13 16 0.02455177 
245 309 11 13 0.024521928 
932 396 14 16 0.024387253 
141 315 15 18 0.02413785 
56 311 13 18 0.023837503 
174 314 13 17 0.023626262 
213 325 12 14 0.022818558 
174 337 14 19 0.022584522 
206 331 23 29 0.022369929 
190 323 10 14 0.022256345 
246 129 14 18 0.021808788 
892 356 12 15 0.021727633 
295 335 9 12 0.021577219 
597 380 128 109 0.02154934 
739 199 63 54 0.021479137 
147 290 13 15 0.021424262 
219 108 11 15 0.021096414 
130 388 24 30 0.0210864 
297 340 10 13 0.02105673 
200 114 14 16 0.021040194 
167 306 22 26 0.020913731 
40 68 14 18 0.020509752 
-1 268 9 18 0.0204892 
227 376 51 69 0.020403774 
231 117 11 13 0.020334147 
248 316 11 14 0.020249888 
1014 627 10 15 0.020189738 
55 333 12 16 0.020177288 
452 313 34 39 0.020148452 
319 117 11 15 0.020085372 
127 295 14 18 0.020042317 
