5_Car_Accident_Car_Crash_5_475
22
329 252 22 28 0.9015379 
682 290 45 50 0.16909803 
855 315 57 59 0.1235466 
871 -1 32 32 0.0915822 
332 246 17 19 0.06490125 
865 311 37 42 0.06137706 
853 346 57 57 0.059942357 
278 158 417 474 0.03769404 
473 329 38 39 0.03053655 
685 198 14 15 0.028669342 
273 362 10 16 0.028220873 
396 319 58 72 0.026970869 
792 329 28 31 0.025016358 
400 84 11 14 0.024111794 
30 129 17 20 0.023597874 
82 84 14 18 0.023193305 
368 319 48 71 0.022977252 
780 329 49 51 0.022691133 
463 340 35 32 0.022173697 
490 0 32 28 0.021759063 
670 260 55 58 0.020555599 
356 254 228 266 0.020364776 
