5_Car_Accident_Accident_5_642
127
58 670 15 19 0.9193273 
581 745 13 17 0.82525367 
538 745 13 16 0.6745065 
493 619 13 16 0.30490556 
491 650 26 32 0.268368 
477 716 12 16 0.2531462 
476 707 13 17 0.14785524 
0 650 10 16 0.12312757 
426 242 16 20 0.10842121 
569 705 10 13 0.09779085 
520 733 9 13 0.08986275 
18 662 16 18 0.07365009 
636 755 14 16 0.07349511 
804 729 14 18 0.062376093 
506 640 16 19 0.062375527 
379 566 12 14 0.05823269 
470 653 9 13 0.05442488 
635 764 15 19 0.0527742 
585 672 24 33 0.051809404 
633 750 11 13 0.051645 
39 667 12 16 0.051495302 
480 644 10 13 0.050638717 
53 661 14 16 0.050554473 
556 811 22 29 0.0500799 
269 611 14 17 0.049870178 
545 763 10 13 0.049585797 
471 724 11 14 0.04820015 
457 762 9 12 0.04801993 
824 412 155 107 0.047084507 
484 269 26 34 0.046141785 
550 762 12 15 0.04511213 
390 602 10 13 0.045062896 
478 743 11 13 0.044311453 
615 758 9 13 0.043703943 
699 742 16 19 0.043391034 
406 614 9 12 0.043325078 
566 780 12 14 0.039849594 
806 717 22 31 0.039718658 
490 256 18 21 0.039535772 
478 638 10 14 0.0389041 
489 279 15 22 0.037544906 
503 733 11 14 0.037067212 
46 662 12 15 0.036987357 
581 737 14 15 0.036497075 
475 160 51 69 0.036475435 
526 727 10 14 0.03619398 
766 453 211 165 0.035411086 
601 731 10 13 0.033072516 
77 53 218 278 0.032752685 
455 743 8 11 0.032738093 
556 764 12 15 0.032333374 
471 700 12 17 0.0320645 
605 725 14 17 0.031974323 
579 745 21 27 0.031934552 
472 669 11 16 0.0314771 
572 763 12 14 0.030915374 
460 760 10 12 0.030435735 
807 710 12 17 0.030126322 
65 669 14 17 0.030114293 
541 753 12 16 0.029205013 
527 645 13 17 0.029095255 
582 717 12 15 0.029019393 
565 670 11 15 0.028829303 
317 615 10 13 0.028714998 
453 719 9 12 0.028621726 
455 748 9 11 0.028504658 
473 637 9 12 0.028488137 
439 651 10 13 0.028298879 
483 707 12 16 0.028157111 
45 674 12 16 0.028030686 
508 733 12 15 0.027279336 
799 736 13 16 0.027260832 
471 659 10 15 0.026806612 
528 716 9 12 0.026219266 
589 639 10 13 0.02619211 
524 685 11 15 0.02611527 
465 732 8 12 0.02603516 
39 723 10 14 0.0258919 
685 764 13 15 0.025474096 
609 757 9 12 0.025203723 
477 629 11 14 0.025196742 
368 655 10 12 0.025091816 
462 742 9 12 0.025004458 
47 701 13 19 0.024948457 
632 772 14 16 0.024791755 
534 693 10 14 0.02471307 
493 709 10 13 0.024550717 
573 786 12 14 0.024328157 
755 634 12 15 0.024210684 
531 650 13 15 0.023982104 
519 675 10 15 0.023740236 
494 750 11 15 0.023468414 
592 708 12 16 0.023395004 
624 685 211 235 0.02330558 
558 718 11 14 0.023300631 
471 647 10 13 0.02316867 
-1 668 10 17 0.023093835 
600 796 35 39 0.022896633 
0 677 10 15 0.022811482 
509 716 10 13 0.022702998 
447 638 9 10 0.022374108 
465 648 10 13 0.022335326 
503 717 11 13 0.022331562 
485 735 10 13 0.022322623 
976 646 9 10 0.022198107 
407 607 11 12 0.022165142 
483 723 11 13 0.022076147 
424 614 8 10 0.0220144 
525 757 11 15 0.022008296 
407 598 11 13 0.021956466 
414 427 129 120 0.02189577 
-17 -18 356 438 0.021879792 
478 660 12 17 0.021840371 
488 616 22 28 0.021811819 
512 766 11 14 0.021473693 
501 726 11 15 0.02123348 
371 661 10 13 0.021081002 
508 628 14 17 0.021080866 
606 640 10 11 0.020989144 
573 773 13 16 0.020746024 
60 663 13 17 0.020732544 
527 763 11 14 0.020673553 
574 716 12 15 0.020648256 
473 747 10 12 0.020495895 
518 649 10 17 0.020425443 
76 683 14 17 0.020151697 
210 435 36 48 0.020140082 
