5_Car_Accident_Car_Crash_5_457
17
242 103 143 206 0.9730262 
474 199 124 158 0.9526636 
241 4 113 96 0.09936297 
107 104 194 265 0.09774635 
14 123 393 488 0.05052981 
445 172 117 143 0.04865366 
383 558 148 116 0.03797272 
38 127 169 260 0.031131813 
602 451 113 153 0.029307263 
529 213 336 444 0.02726276 
497 136 172 215 0.0264958 
302 0 38 33 0.024095476 
365 117 193 232 0.022335405 
-17 107 89 156 0.021817453 
339 611 15 19 0.021457389 
29 136 103 156 0.021038888 
451 551 90 74 0.020190898 
