5_Car_Accident_Car_Crash_5_38
136
-1 228 22 31 0.8379913 
68 267 15 18 0.5448897 
322 101 56 70 0.4394933 
833 235 10 13 0.41686505 
776 239 12 15 0.39893705 
436 124 30 33 0.2607363 
365 103 45 59 0.20592526 
942 245 10 13 0.18234383 
630 147 193 219 0.17136821 
96 249 50 74 0.16590165 
888 243 10 12 0.15256758 
312 83 50 66 0.095053226 
487 427 11 17 0.09407422 
916 236 11 14 0.09399245 
878 221 10 12 0.09059883 
498 146 16 19 0.08072217 
806 236 10 13 0.07350909 
878 237 10 13 0.06640056 
36 448 30 33 0.06505735 
1006 149 10 13 0.06503065 
880 216 8 11 0.064358674 
779 261 16 21 0.061683815 
862 221 10 13 0.059839465 
892 239 11 14 0.05931426 
92 219 90 130 0.057792537 
491 427 14 20 0.0566665 
525 429 13 17 0.055822935 
771 237 20 24 0.05527673 
176 286 71 79 0.053841993 
273 107 62 66 0.05294834 
427 414 26 35 0.052002784 
877 228 11 14 0.051279705 
51 242 17 20 0.050639555 
832 214 8 11 0.04860411 
82 281 54 76 0.048601232 
871 222 10 13 0.04797433 
775 249 22 28 0.045584977 
305 112 35 52 0.045387257 
412 107 25 31 0.045259424 
568 116 56 56 0.04447498 
132 203 11 15 0.043854065 
499 429 14 18 0.04290947 
840 253 10 13 0.042847496 
862 282 10 14 0.0427538 
900 220 10 13 0.042751733 
120 156 181 233 0.042611785 
855 283 11 15 0.042436913 
872 234 12 14 0.04186095 
877 133 34 44 0.041559353 
797 283 13 17 0.041459374 
831 222 10 12 0.04134759 
28 240 16 19 0.040805724 
110 195 11 14 0.03971352 
838 207 9 12 0.03852916 
62 261 16 19 0.035273068 
347 88 72 95 0.03520278 
424 116 29 36 0.03506743 
533 174 34 39 0.034987736 
129 251 58 81 0.034440834 
838 260 12 15 0.03412544 
775 234 10 13 0.03390535 
815 222 8 11 0.03375773 
798 312 15 21 0.033136506 
960 282 23 26 0.03245546 
518 171 60 66 0.03167139 
314 50 54 55 0.03138012 
846 229 10 14 0.031268787 
494 119 14 19 0.03123792 
397 109 42 52 0.031169256 
856 220 10 13 0.031001844 
506 431 16 21 0.030837698 
825 229 10 13 0.03061158 
518 427 14 18 0.03028156 
836 266 12 15 0.030220771 
581 114 33 37 0.03007117 
326 67 54 69 0.0299025 
460 429 106 114 0.029220417 
384 110 34 43 0.02908624 
558 110 89 102 0.02891955 
837 212 9 11 0.028784854 
948 243 11 14 0.028673219 
531 431 15 20 0.028290763 
486 430 24 31 0.028280044 
742 156 11 12 0.028159315 
897 216 9 11 0.02811681 
815 180 8 11 0.0272625 
880 131 13 17 0.026831817 
104 191 9 13 0.026777903 
855 298 13 19 0.026674205 
862 252 11 14 0.026263883 
865 321 16 23 0.026257582 
925 235 11 14 0.025348952 
565 389 48 72 0.025233453 
800 163 11 15 0.024930455 
447 119 28 33 0.02492655 
853 234 11 14 0.02426579 
397 100 13 17 0.024194635 
885 221 10 13 0.023833154 
84 317 48 64 0.023558095 
912 277 12 14 0.023439463 
880 242 10 13 0.023392292 
837 282 14 19 0.023361003 
799 213 9 12 0.023342095 
485 437 15 21 0.022991557 
863 236 11 13 0.022878436 
72 261 17 19 0.022762826 
872 216 8 11 0.022621838 
911 271 11 13 0.02260078 
310 71 38 45 0.022544306 
14 232 23 30 0.022465976 
869 277 11 14 0.02222703 
902 269 9 11 0.022148466 
575 391 29 41 0.022061914 
863 246 10 13 0.022035258 
832 207 9 12 0.021907408 
814 229 10 13 0.021713752 
806 213 9 12 0.021621402 
897 269 8 11 0.02140998 
881 116 10 12 0.021397077 
846 235 11 14 0.021396631 
793 153 26 31 0.021354953 
442 415 15 22 0.021219496 
800 236 11 14 0.021211546 
352 118 37 44 0.021178098 
848 222 9 12 0.021148652 
20 258 15 20 0.021134103 
863 226 12 15 0.021088196 
177 77 198 188 0.021058839 
710 221 115 129 0.021051021 
825 191 8 10 0.02094887 
64 162 17 20 0.020912277 
830 231 18 22 0.020862253 
428 134 17 23 0.020790827 
838 243 11 14 0.020757245 
781 232 10 12 0.02074807 
466 348 12 16 0.020154973 
