5_Car_Accident_Accident_5_633
109
62 102 88 110 0.82000935 
490 278 37 44 0.7827771 
241 279 17 24 0.6240516 
161 285 17 23 0.5227678 
463 454 72 75 0.40392074 
634 293 30 42 0.39841825 
104 78 57 109 0.37233412 
618 299 44 54 0.33114508 
323 827 16 19 0.27264816 
504 274 39 51 0.23551911 
815 318 10 13 0.22989671 
643 220 28 42 0.19749951 
531 257 30 47 0.17213605 
485 427 66 85 0.16891633 
664 359 42 49 0.15673934 
949 567 54 75 0.15662737 
296 832 16 19 0.10525682 
477 427 151 185 0.0971711 
16 109 147 210 0.09280065 
524 442 36 54 0.09245961 
799 328 8 10 0.08359288 
256 469 46 54 0.0825129 
300 804 11 14 0.07738475 
676 49 29 44 0.075533964 
348 815 14 20 0.07430304 
917 345 23 29 0.07267269 
447 430 62 76 0.06735936 
509 440 63 81 0.061667323 
545 543 65 79 0.058246247 
93 231 37 54 0.05586261 
220 241 13 19 0.055333287 
547 264 23 31 0.05508554 
260 876 15 20 0.053876776 
274 980 100 117 0.052489717 
471 377 108 102 0.04999948 
708 483 421 536 0.048087142 
256 882 17 22 0.047865856 
52 78 61 93 0.047790036 
521 437 85 116 0.041533064 
380 595 26 32 0.040987574 
525 501 107 125 0.03955706 
648 280 25 40 0.03868663 
-2 143 14 26 0.037458073 
663 277 26 37 0.037120726 
347 417 389 445 0.036860842 
378 580 40 54 0.03667382 
198 843 63 65 0.036444586 
652 57 59 83 0.035905216 
416 293 10 14 0.035889033 
657 527 18 23 0.034414984 
810 317 10 13 0.033473346 
723 141 15 18 0.033413418 
489 463 72 82 0.032699004 
667 374 19 22 0.032478783 
854 327 12 14 0.032405987 
301 825 21 27 0.031344727 
394 685 47 58 0.03090576 
1009 474 14 18 0.029702885 
316 111 14 19 0.029389855 
571 274 13 18 0.02936688 
560 461 63 81 0.029313544 
485 260 30 49 0.02871113 
467 919 60 82 0.027770454 
433 816 53 67 0.027313508 
725 320 15 18 0.026886154 
172 716 186 221 0.026641103 
33 247 109 166 0.026514992 
909 223 14 18 0.026454333 
314 818 24 31 0.02638966 
283 823 26 29 0.026126545 
134 403 29 37 0.026047194 
639 156 11 13 0.025827419 
799 320 8 11 0.025697675 
341 843 14 18 0.025678538 
793 319 8 10 0.025320422 
513 358 93 94 0.02499498 
312 211 10 14 0.02435605 
169 283 24 29 0.02429313 
462 794 99 133 0.024216108 
434 857 60 80 0.023792792 
293 971 69 78 0.023769282 
268 870 13 17 0.023706693 
561 269 15 22 0.023633996 
907 302 13 16 0.023591466 
669 833 30 36 0.023338716 
820 337 11 14 0.023145992 
385 298 12 15 0.02271646 
444 393 64 76 0.022595312 
322 785 15 18 0.022578763 
406 705 15 17 0.022391435 
-1 674 11 24 0.022079676 
782 331 9 11 0.022027714 
300 1133 37 41 0.022025922 
318 822 14 19 0.021905385 
201 796 217 274 0.021642778 
578 172 15 18 0.0216084 
315 878 377 502 0.021549005 
506 384 112 137 0.021249335 
791 310 8 11 0.021050617 
156 721 110 145 0.021035181 
313 949 63 70 0.020914845 
933 320 13 17 0.020874785 
383 590 53 62 0.020839676 
791 303 8 10 0.020788293 
403 692 197 246 0.020437557 
601 281 46 60 0.020395279 
765 310 9 12 0.020340035 
287 923 98 115 0.020264857 
326 774 11 14 0.020147316 
