33_Running_Running_33_786
253
505 125 31 36 0.9966024 
501 458 36 43 0.9909327 
521 241 27 30 0.98965937 
726 452 36 44 0.97325385 
915 452 22 28 0.9729441 
129 376 26 31 0.94667035 
315 373 15 19 0.89645267 
952 111 17 22 0.8610395 
90 457 12 14 0.8428829 
944 353 13 16 0.77102596 
332 253 17 19 0.7663754 
899 120 13 16 0.6965661 
339 463 15 19 0.5946209 
877 338 16 19 0.4973386 
48 465 13 15 0.43388686 
993 365 11 15 0.37904567 
710 332 16 19 0.27293923 
979 341 12 16 0.25296733 
277 227 16 20 0.24955684 
74 105 25 34 0.22010943 
183 372 13 18 0.2175099 
75 386 16 23 0.21474668 
919 134 8 11 0.17334375 
945 157 10 14 0.16496289 
847 137 8 10 0.15810879 
510 338 11 15 0.15057245 
142 462 13 17 0.145108 
962 149 26 32 0.11888 
236 468 16 20 0.118079014 
903 139 9 13 0.11466314 
319 105 59 67 0.11216573 
947 146 13 17 0.10624703 
111 248 9 12 0.10451639 
80 380 23 33 0.10010605 
955 125 17 20 0.09522988 
321 403 12 14 0.09478341 
708 354 24 33 0.088219 
988 376 16 20 0.08715966 
879 142 10 14 0.085877225 
412 176 12 18 0.08232902 
960 110 15 18 0.081637934 
988 347 12 16 0.081367716 
889 338 13 17 0.07918174 
499 394 15 18 0.0783915 
927 493 25 34 0.076961264 
956 373 11 13 0.07646501 
927 505 13 16 0.07609294 
366 335 12 15 0.0757982 
961 119 17 21 0.073807836 
105 235 9 11 0.07272091 
885 149 16 18 0.07258606 
45 238 11 13 0.07160451 
949 129 14 16 0.06925543 
946 161 13 19 0.066680506 
110 236 8 11 0.06649619 
41 245 11 14 0.066334255 
270 331 12 15 0.065392554 
447 335 9 12 0.0649247 
861 98 12 14 0.063729644 
548 337 11 15 0.06258966 
80 114 49 62 0.06128547 
856 515 9 11 0.060955398 
933 493 13 17 0.059706423 
349 117 28 33 0.059699494 
118 246 10 12 0.059464734 
11 429 41 50 0.057725098 
298 274 11 14 0.057674445 
704 341 25 33 0.0574417 
73 113 12 17 0.05706614 
332 459 26 31 0.056785416 
885 519 11 13 0.055269476 
44 273 12 16 0.05444744 
979 123 14 19 0.054151826 
325 409 11 15 0.054079846 
60 390 27 28 0.053363223 
126 246 8 11 0.053041257 
970 116 15 20 0.052901562 
919 140 12 14 0.052539617 
247 453 11 13 0.052532267 
925 143 11 14 0.05248505 
918 148 10 14 0.051246665 
620 213 47 56 0.050679732 
141 456 21 29 0.050607685 
696 120 32 35 0.049369983 
883 142 12 13 0.048618928 
970 146 16 20 0.04817152 
687 328 15 19 0.047827233 
871 149 10 13 0.0472441 
901 113 12 16 0.04720354 
92 383 27 37 0.047081064 
135 253 8 11 0.04532294 
897 132 11 14 0.045091387 
547 394 13 16 0.04497632 
86 237 10 12 0.04489166 
262 75 117 142 0.044527393 
134 248 8 10 0.044315066 
981 396 16 20 0.044188537 
74 98 44 54 0.04413343 
944 132 12 15 0.04394421 
247 447 9 11 0.043728292 
285 170 12 14 0.043567926 
285 224 12 17 0.04325052 
803 136 12 16 0.043220863 
991 357 12 16 0.042737957 
943 144 20 26 0.042471435 
885 134 10 12 0.042058524 
644 290 16 19 0.04174466 
874 373 15 18 0.041342497 
700 327 23 26 0.040843528 
315 258 12 15 0.04064302 
927 125 10 13 0.040519007 
847 149 9 11 0.040475186 
989 360 20 25 0.0404645 
887 362 12 16 0.04024573 
933 125 10 13 0.039755702 
493 401 14 17 0.039574996 
48 232 10 13 0.039188325 
414 405 8 11 0.03893683 
860 527 9 12 0.038679898 
90 379 16 23 0.038368445 
762 234 16 19 0.03772292 
446 340 11 15 0.037309755 
177 381 22 27 0.03648684 
41 268 11 15 0.03639917 
990 333 12 14 0.03638764 
975 335 11 14 0.03614223 
240 446 10 12 0.036013722 
935 132 10 13 0.035887334 
879 102 12 14 0.03562865 
678 115 27 35 0.03540641 
296 116 67 73 0.035281483 
440 397 11 14 0.03491009 
923 155 12 16 0.03464254 
978 342 19 24 0.034629207 
533 395 12 16 0.034601204 
879 134 10 13 0.03430773 
20 500 10 13 0.033385508 
879 96 9 11 0.033165853 
912 133 9 13 0.03292413 
981 335 12 15 0.032715976 
925 133 10 13 0.032580577 
995 144 18 21 0.032350153 
907 124 11 13 0.032329038 
883 107 13 17 0.032227103 
261 263 16 22 0.03220509 
297 257 17 21 0.03208061 
662 100 25 29 0.032065835 
647 96 11 13 0.031988308 
416 161 11 14 0.031926904 
933 419 12 14 0.03186424 
245 459 13 16 0.03178343 
11 526 16 19 0.031637892 
869 95 9 12 0.030933872 
617 293 10 14 0.03075013 
868 100 11 13 0.0306187 
601 319 8 12 0.030104337 
119 240 9 12 0.029989501 
913 148 10 13 0.029461296 
638 233 11 16 0.02915749 
709 425 46 54 0.02909379 
942 284 11 13 0.029085733 
943 419 11 13 0.028728204 
982 151 23 32 0.028588017 
92 178 29 35 0.028402556 
669 236 14 19 0.028375687 
933 141 11 15 0.028358437 
41 240 10 12 0.028283315 
924 354 12 15 0.028209658 
843 142 8 11 0.028150251 
509 345 14 17 0.028004456 
52 454 23 29 0.027965423 
327 164 10 14 0.027949028 
949 363 12 14 0.027565807 
910 141 10 14 0.027504297 
933 148 9 13 0.027302237 
945 114 13 19 0.02720877 
197 88 95 128 0.02718117 
971 108 13 17 0.026880667 
54 253 9 13 0.02668727 
231 453 10 13 0.026667546 
870 517 8 10 0.026378844 
52 231 10 12 0.026365304 
881 331 22 27 0.026188772 
912 479 41 56 0.025955908 
958 378 11 14 0.025812728 
373 436 13 15 0.025795886 
927 118 11 13 0.025758428 
41 448 24 30 0.025525853 
956 368 11 12 0.025469769 
966 381 9 12 0.025380824 
973 319 12 14 0.025373906 
79 453 21 27 0.025263729 
494 360 14 19 0.025012039 
8 267 9 12 0.024769666 
15 499 12 15 0.024760617 
409 167 20 29 0.024619488 
965 389 10 13 0.02453202 
54 376 25 32 0.024509585 
86 136 52 66 0.024301184 
431 406 13 14 0.024297746 
675 240 13 17 0.024165599 
204 98 54 72 0.02411791 
944 139 13 17 0.023799988 
539 392 16 19 0.02379822 
866 123 15 19 0.023791421 
869 154 10 14 0.023629945 
949 284 10 13 0.023628192 
896 138 11 14 0.023383373 
39 260 11 15 0.0230364 
872 142 10 14 0.02278293 
216 251 27 38 0.022781013 
305 294 11 14 0.022681916 
339 136 15 19 0.022649815 
290 226 13 17 0.022550747 
124 410 15 19 0.022518728 
956 355 12 16 0.022501761 
997 331 11 15 0.02247484 
493 390 16 19 0.022461148 
876 126 11 15 0.022406422 
862 515 10 12 0.022395335 
1004 403 11 15 0.022103481 
41 466 13 16 0.021914674 
872 343 14 18 0.021893231 
106 247 9 13 0.021858955 
566 323 10 13 0.021831937 
239 207 9 12 0.021830289 
532 224 19 20 0.021750124 
540 364 15 18 0.021696528 
919 164 10 13 0.021688199 
969 342 9 13 0.021650357 
253 447 9 10 0.021545485 
932 116 13 16 0.021543425 
842 134 10 13 0.021522637 
437 409 11 15 0.021415789 
182 250 10 13 0.021159282 
986 124 13 17 0.021101758 
99 378 16 22 0.021077491 
841 149 9 11 0.02101681 
766 90 14 16 0.020920932 
239 451 10 12 0.020845775 
116 251 10 13 0.020839097 
692 321 24 28 0.020838544 
962 102 13 16 0.020835284 
93 246 10 13 0.020764602 
975 388 9 13 0.020728875 
623 243 50 66 0.020707011 
860 290 12 15 0.020694807 
61 262 10 11 0.020558272 
506 334 11 15 0.020482479 
484 401 14 18 0.020214032 
957 145 15 20 0.020139128 
125 241 9 11 0.020116478 
921 505 12 16 0.020105002 
