33_Running_Running_33_107
20
743 171 33 44 0.9969236 
457 163 36 47 0.9946673 
596 191 32 42 0.99439466 
584 288 37 44 0.30389056 
624 288 26 30 0.09052294 
599 275 42 47 0.05895783 
490 611 19 22 0.05719299 
573 323 16 18 0.05587417 
494 545 13 16 0.03787767 
686 325 11 15 0.03454443 
785 269 17 19 0.03269502 
482 597 22 30 0.030492114 
615 532 10 13 0.02905373 
573 396 43 64 0.02859459 
572 600 42 59 0.02453072 
622 533 9 13 0.024089325 
403 589 113 173 0.021123081 
630 541 9 11 0.020447223 
613 525 11 16 0.020398524 
572 306 35 34 0.020347564 
