33_Running_Running_33_316
178
759 152 49 67 0.99823785 
856 205 45 57 0.9978892 
626 184 46 56 0.99756193 
403 186 46 55 0.9934756 
154 187 38 51 0.9923705 
217 168 43 55 0.9877895 
525 224 39 52 0.9832713 
852 114 15 19 0.98283017 
262 172 38 50 0.9805736 
353 175 36 48 0.9473798 
692 151 21 28 0.9438412 
475 224 35 36 0.94109285 
325 171 29 38 0.8957916 
572 130 16 20 0.78803205 
547 124 13 17 0.78482336 
893 122 14 18 0.7359471 
241 170 45 54 0.7228162 
428 125 14 19 0.70556223 
717 137 17 21 0.6878062 
427 161 32 42 0.66200715 
912 133 13 17 0.6510772 
666 132 14 18 0.62894577 
819 114 15 18 0.45384714 
182 127 20 28 0.41210806 
285 105 13 17 0.3551377 
622 327 32 39 0.33867797 
102 159 10 13 0.27468264 
786 123 13 17 0.25834563 
36 113 14 17 0.25120607 
474 129 13 18 0.21008328 
291 105 12 16 0.20901161 
646 110 17 21 0.20360017 
268 126 13 17 0.19960475 
323 137 13 16 0.16574937 
510 140 12 14 0.16234142 
338 170 36 46 0.16170995 
459 119 12 14 0.14092667 
95 209 14 19 0.13360566 
675 60 12 15 0.11519401 
42 174 8 12 0.109658554 
108 159 10 12 0.109171495 
779 120 23 29 0.10118787 
651 126 21 27 0.09929696 
466 216 30 38 0.08986552 
86 318 229 299 0.084210336 
326 109 10 12 0.08323154 
595 120 14 18 0.08206682 
648 115 20 27 0.08095521 
769 308 24 29 0.08045809 
475 136 14 21 0.0793641 
374 112 10 12 0.07393108 
43 112 13 16 0.066050164 
822 128 13 17 0.065111116 
478 101 12 15 0.0621029 
508 145 15 16 0.0620954 
582 124 22 28 0.06045438 
925 227 24 30 0.06025872 
98 159 9 12 0.058739237 
807 352 44 67 0.054762993 
73 175 11 13 0.05360702 
484 233 33 40 0.051915437 
119 157 11 14 0.051158004 
417 156 30 36 0.047584977 
672 132 14 18 0.047041524 
646 133 22 31 0.046390902 
647 32 7 10 0.043399416 
285 303 14 21 0.043146145 
920 232 11 16 0.04292091 
469 192 27 31 0.042287797 
647 143 13 19 0.042126317 
472 145 12 17 0.040334076 
499 161 26 31 0.03996636 
366 184 34 50 0.03857307 
110 174 9 12 0.03831714 
103 152 10 12 0.03830112 
278 102 16 20 0.038029887 
381 156 25 35 0.03795348 
946 236 13 17 0.037719615 
461 236 39 50 0.035970483 
51 111 10 15 0.03482595 
337 117 10 13 0.034783673 
363 138 15 17 0.034682788 
671 64 14 16 0.034333084 
316 162 15 19 0.03403565 
333 126 12 14 0.033796187 
472 107 10 14 0.033323392 
720 135 25 31 0.033180892 
285 151 27 34 0.033012476 
325 128 13 15 0.032564234 
925 231 14 19 0.032008067 
461 166 12 17 0.031617753 
383 100 8 10 0.03157772 
333 111 10 12 0.03119224 
456 213 27 37 0.030985037 
331 132 12 16 0.030841602 
610 180 36 47 0.03002249 
442 161 25 36 0.029657008 
264 123 21 28 0.028884156 
478 95 10 14 0.028855963 
35 102 14 18 0.028587935 
898 120 12 15 0.028531522 
814 118 16 21 0.028527357 
412 109 9 12 0.028460203 
265 392 12 17 0.02820948 
567 126 15 20 0.028113544 
284 133 14 17 0.028086627 
469 196 16 19 0.02769551 
42 242 12 16 0.027570307 
72 111 9 11 0.02748105 
353 143 26 31 0.027392661 
664 38 9 11 0.02735924 
117 242 12 16 0.027305147 
701 27 12 15 0.02727993 
846 179 29 36 0.027015017 
367 150 25 30 0.026989862 
639 107 14 19 0.026829112 
407 94 9 11 0.026502663 
460 134 23 28 0.026426021 
663 134 23 30 0.026304875 
427 116 24 31 0.025995601 
577 126 16 21 0.02592294 
123 155 10 14 0.025858188 
652 84 15 16 0.0257163 
826 110 13 17 0.025651094 
661 299 43 59 0.025621746 
897 127 23 28 0.025243092 
368 108 10 14 0.025147213 
574 165 13 16 0.025035085 
413 172 37 48 0.025013784 
271 134 25 29 0.02460883 
680 39 10 12 0.024560867 
315 181 27 38 0.024156887 
757 0 12 11 0.024153188 
381 112 9 11 0.024132427 
942 196 13 16 0.024103997 
638 102 11 16 0.024063304 
177 110 25 30 0.023789266 
397 110 10 13 0.023715487 
935 230 26 32 0.023543783 
618 162 32 37 0.023415158 
472 153 11 15 0.023317078 
510 232 29 40 0.023300327 
543 165 13 16 0.023184253 
575 46 9 13 0.022955017 
46 178 10 14 0.022779621 
443 138 13 17 0.022759369 
84 89 12 15 0.022646343 
270 239 27 35 0.022270637 
925 157 11 13 0.022265851 
275 129 13 16 0.0222565 
645 103 15 18 0.022221021 
280 161 28 39 0.022205742 
984 21 9 12 0.021983532 
998 238 11 13 0.021971717 
710 27 12 16 0.021971503 
679 43 12 15 0.021719512 
889 118 13 18 0.021616098 
551 132 21 26 0.021611542 
605 165 28 38 0.021579662 
109 87 13 18 0.021377243 
454 118 20 24 0.021367738 
54 179 10 14 0.021239648 
893 388 14 18 0.02108963 
372 149 13 16 0.020971581 
825 122 13 17 0.020969633 
367 102 8 10 0.020687433 
926 163 14 17 0.020624692 
141 180 14 18 0.020605134 
359 289 115 113 0.020593518 
712 34 11 14 0.020568613 
62 180 10 13 0.020506356 
121 150 10 14 0.020436078 
316 168 23 32 0.02027408 
559 245 46 59 0.020271815 
514 135 12 15 0.020163117 
555 128 13 18 0.020124508 
140 208 13 19 0.020057771 
392 158 18 23 0.02001168 
