33_Running_Running_33_341
44
512 264 63 85 0.9986539 
551 531 31 36 0.095137104 
599 256 27 34 0.07225646 
230 3 400 458 0.064089194 
54 276 210 304 0.06286895 
581 255 45 60 0.0498528 
552 984 9 10 0.047106013 
17 203 22 34 0.046088897 
686 192 16 20 0.04205129 
-25 178 338 486 0.03659833 
573 908 15 19 0.03466001 
180 839 13 16 0.03231661 
701 1092 10 13 0.03176476 
633 193 23 28 0.030464636 
669 188 15 18 0.030145172 
590 245 13 15 0.029164648 
-17 1078 222 223 0.028541492 
619 118 214 249 0.027678315 
568 975 9 11 0.027591268 
554 262 47 66 0.027112054 
814 606 26 42 0.026331522 
567 531 27 34 0.026277717 
198 852 11 13 0.025952661 
845 279 197 327 0.025622044 
173 328 29 39 0.025424613 
1012 875 11 16 0.025376836 
408 917 8 11 0.025370602 
15 364 131 208 0.025343174 
772 1014 14 17 0.025308894 
62 146 56 81 0.025111223 
32 54 205 294 0.02483172 
397 931 11 13 0.023835009 
350 1102 32 38 0.023143984 
469 1107 32 36 0.022525636 
703 202 343 498 0.022491032 
937 25 87 142 0.022133809 
329 1106 51 61 0.0216244 
701 1052 14 16 0.020716043 
30 13 345 485 0.020669704 
404 1122 26 29 0.020659372 
303 622 415 466 0.020640861 
767 997 10 11 0.020245187 
512 1000 8 10 0.0201961 
711 1067 10 14 0.020153977 
