33_Running_Running_33_35
18
640 296 95 151 0.9975491 
531 504 161 270 0.28136334 
21 1227 203 249 0.27633125 
784 482 13 17 0.13094628 
511 319 59 78 0.08344442 
443 852 110 161 0.07244693 
-3 1288 131 196 0.04997741 
538 324 67 82 0.031298008 
71 1308 62 77 0.031093266 
806 486 12 16 0.030415958 
36 1182 360 397 0.029568158 
748 1392 110 137 0.026546268 
378 862 198 232 0.025935803 
103 1388 12 18 0.025807103 
655 528 99 151 0.02475539 
572 315 101 112 0.022917438 
304 288 451 492 0.02282935 
665 251 195 230 0.02139604 
