33_Running_Running_33_771
45
328 138 98 137 0.9995092 
416 341 111 136 0.9993622 
-9 824 129 199 0.48327073 
15 -19 179 295 0.25617096 
6 -15 371 423 0.14223965 
851 -20 140 135 0.09053727 
115 399 54 63 0.071038105 
389 806 204 225 0.06845526 
754 117 33 42 0.06491622 
374 1313 14 18 0.058210097 
134 413 316 413 0.050651588 
-24 170 376 520 0.04598959 
408 874 124 121 0.045550216 
239 754 403 500 0.044118762 
687 12 113 123 0.04172921 
705 42 66 78 0.04113814 
677 0 212 202 0.04034314 
763 23 207 217 0.039049093 
758 103 124 122 0.035317507 
101 521 94 128 0.033388708 
193 710 58 87 0.03252888 
650 18 106 137 0.031696796 
711 95 395 463 0.030156594 
538 1 33 30 0.029684555 
259 385 413 496 0.028241636 
768 1423 108 173 0.027945066 
267 459 206 262 0.027822135 
132 417 59 63 0.026531534 
24 532 189 235 0.026335116 
302 1084 347 490 0.026255958 
727 55 39 45 0.026225388 
344 867 66 81 0.025557164 
321 1177 211 320 0.024660021 
441 661 191 285 0.024252642 
71 352 102 140 0.024126302 
434 1158 383 467 0.023261601 
614 250 15 17 0.023154657 
680 110 52 64 0.022033889 
11 547 121 165 0.021272315 
678 76 53 69 0.021124575 
907 226 131 185 0.021087863 
858 63 127 137 0.02082132 
3 0 129 180 0.020684084 
971 275 55 102 0.020329865 
792 -2 68 63 0.020204809 
