11_Meeting_Meeting_11_Meeting_Meeting_11_644
448
613 464 25 34 0.99353045 
305 435 27 39 0.853703 
448 450 23 37 0.6559649 
669 447 14 19 0.5056722 
406 473 25 32 0.48668894 
794 492 10 15 0.44486022 
990 511 26 33 0.30716026 
57 491 12 16 0.27113926 
803 535 11 16 0.25859967 
260 450 13 16 0.25646082 
646 393 25 29 0.23111176 
786 581 16 20 0.22447363 
685 430 13 16 0.20699076 
589 489 15 19 0.20245753 
816 488 7 10 0.18801975 
805 475 9 11 0.1782677 
671 437 20 26 0.17707276 
709 454 16 21 0.17461374 
525 452 14 17 0.17423443 
928 455 9 12 0.15777226 
709 420 11 16 0.15260294 
531 455 14 18 0.15180533 
377 462 20 31 0.15073588 
205 468 10 12 0.14687079 
772 420 13 15 0.13173586 
493 458 13 20 0.12735505 
905 557 11 14 0.123139344 
823 551 9 11 0.11295287 
539 455 15 18 0.11018157 
797 496 10 14 0.10809414 
509 466 13 17 0.10628643 
231 504 38 53 0.104698025 
519 476 12 17 0.102115996 
1003 488 13 17 0.10156655 
556 496 16 22 0.10094555 
454 396 22 27 0.09446077 
601 452 15 19 0.093685456 
21 456 11 15 0.0934923 
658 375 17 20 0.09151676 
150 463 8 11 0.09097123 
857 534 8 11 0.09085381 
871 535 9 11 0.09061605 
162 468 8 12 0.089956865 
741 462 13 19 0.087853104 
815 516 9 11 0.08721557 
814 512 8 10 0.08689462 
519 451 13 16 0.08357723 
751 502 12 14 0.08257832 
218 509 28 38 0.08087084 
893 501 9 10 0.07651164 
604 472 24 31 0.07602351 
142 476 11 13 0.075840555 
836 460 11 13 0.07530477 
166 468 9 12 0.0739137 
406 444 13 17 0.07306996 
1012 483 10 15 0.072838075 
564 494 11 18 0.07082378 
592 467 13 17 0.07072786 
198 507 23 40 0.06987518 
126 468 11 15 0.069618426 
243 467 14 20 0.06905871 
872 541 9 10 0.06728151 
760 476 11 15 0.067259364 
198 576 13 16 0.06549045 
677 434 18 21 0.065294355 
338 461 27 33 0.0646407 
828 566 10 12 0.06435988 
590 475 14 18 0.064270794 
637 399 15 19 0.06405305 
681 475 24 28 0.063805185 
371 456 14 23 0.06347293 
643 486 14 20 0.06315996 
515 469 11 15 0.062241793 
517 457 13 16 0.061712522 
557 485 12 14 0.061410896 
197 530 28 37 0.061356124 
499 459 14 19 0.06062279 
809 511 9 11 0.0598662 
863 533 8 11 0.05944699 
921 540 9 12 0.05805387 
783 470 9 11 0.0576271 
822 525 9 12 0.057015914 
53 466 13 17 0.056879863 
819 621 16 19 0.056660045 
340 349 27 35 0.05629782 
0 398 20 44 0.05620214 
791 487 17 25 0.056155942 
215 465 12 14 0.056009542 
872 493 8 10 0.055373196 
838 468 9 13 0.055284325 
839 528 8 11 0.055271722 
0 467 10 16 0.05491471 
823 518 9 10 0.05479498 
612 189 71 72 0.054487873 
849 536 7 10 0.054423336 
256 446 23 29 0.053146884 
845 510 8 11 0.053133205 
742 483 11 16 0.053049207 
873 508 9 10 0.05261458 
437 482 16 25 0.052383367 
150 467 9 12 0.052017126 
335 42 372 477 0.05189757 
233 500 27 34 0.05104307 
509 452 13 17 0.05080093 
709 431 12 16 0.05052294 
870 526 10 12 0.0504467 
69 465 10 17 0.050234243 
710 401 14 17 0.04996778 
824 555 10 13 0.049553886 
661 356 15 18 0.049028084 
854 463 8 10 0.048903733 
388 434 11 15 0.048902765 
789 539 12 16 0.04875055 
902 485 8 10 0.048632927 
321 387 47 58 0.048370585 
850 488 7 10 0.048261985 
917 471 9 12 0.0480544 
633 395 27 32 0.047736134 
93 439 9 11 0.04732116 
207 510 26 38 0.0471779 
651 382 25 29 0.046905223 
873 471 8 11 0.04646121 
525 429 12 15 0.046433605 
583 483 11 15 0.04634028 
777 70 201 234 0.04627799 
864 529 8 11 0.046243984 
743 472 12 18 0.046036206 
650 427 15 18 0.045900058 
828 571 11 15 0.04584323 
918 477 9 12 0.045603085 
174 487 23 32 0.045325574 
871 475 10 12 0.045166377 
285 435 42 49 0.044853933 
798 489 9 12 0.044630665 
781 476 10 13 0.044546064 
443 479 16 24 0.044377897 
137 474 11 14 0.04412798 
395 455 16 22 0.04389548 
4 529 23 28 0.04346461 
696 477 16 19 0.043443855 
978 364 10 13 0.04340989 
817 550 9 12 0.04332213 
828 558 9 11 0.043109402 
436 381 337 440 0.042349145 
634 475 22 31 0.04180363 
412 469 15 20 0.04177557 
925 538 11 15 0.04165397 
577 490 23 30 0.041140247 
183 490 22 34 0.041090053 
816 524 10 12 0.040996525 
600 457 21 27 0.040970884 
94 444 11 13 0.040926684 
740 579 15 19 0.039945036 
718 379 13 18 0.039915424 
451 449 39 50 0.039781075 
529 445 24 29 0.03972016 
854 487 8 10 0.039522424 
62 464 12 18 0.039422136 
830 512 9 11 0.039248034 
809 486 9 12 0.03908986 
783 501 11 14 0.039089795 
1 458 11 18 0.039045643 
824 511 8 11 0.038992908 
116 475 12 14 0.038992845 
717 444 15 17 0.03893775 
703 417 19 26 0.038782246 
757 548 22 25 0.03871114 
807 516 10 12 0.038547046 
146 462 9 11 0.038382467 
88 551 16 22 0.038265966 
874 464 9 10 0.038096424 
590 461 13 17 0.038039204 
387 443 13 18 0.03800391 
166 345 15 18 0.037980344 
740 447 12 13 0.037921138 
351 348 29 35 0.037629947 
749 495 11 14 0.037463725 
654 358 25 27 0.037272796 
694 410 12 14 0.037016824 
412 458 13 17 0.036881845 
611 525 16 19 0.03686739 
108 459 12 14 0.036857132 
806 604 13 14 0.036722176 
903 64 128 165 0.03664136 
581 477 11 16 0.036416166 
-15 74 401 491 0.03641217 
903 447 10 11 0.036396094 
17 451 13 16 0.036387146 
392 470 25 29 0.036261424 
1005 460 12 14 0.03622785 
57 453 24 33 0.036211226 
929 475 18 23 0.03613154 
807 502 9 11 0.0360356 
770 572 14 17 0.03574784 
784 465 8 10 0.03574732 
830 494 9 11 0.03560676 
441 457 14 21 0.035377212 
244 462 12 16 0.035298616 
315 420 28 39 0.035294313 
856 468 8 11 0.03525202 
446 444 15 22 0.035063844 
29 522 11 14 0.03505057 
166 294 14 16 0.035021845 
202 131 393 494 0.034881026 
366 455 13 20 0.03463129 
813 534 11 12 0.03457381 
365 439 13 17 0.03442221 
877 504 8 11 0.034400266 
876 542 9 10 0.034351826 
848 462 9 11 0.033944964 
932 459 11 14 0.033872176 
765 483 10 13 0.033844765 
831 532 9 12 0.033776555 
210 520 30 44 0.03359524 
789 517 10 14 0.033170164 
823 532 9 12 0.033126708 
974 485 10 16 0.033115443 
742 453 11 15 0.03301527 
744 541 24 28 0.033010185 
246 461 21 28 0.032966927 
535 434 13 14 0.032708507 
866 478 7 9 0.032569103 
420 476 24 32 0.032562762 
822 492 9 12 0.03250583 
403 456 15 20 0.032502517 
575 481 12 16 0.03245303 
781 508 12 17 0.03245279 
806 454 11 15 0.03243556 
320 440 17 26 0.03242186 
639 409 25 30 0.032361515 
569 488 21 29 0.032283243 
237 505 15 20 0.032192778 
491 507 18 20 0.03214385 
13 462 238 278 0.031927183 
822 544 10 12 0.031910535 
908 552 12 15 0.031807177 
781 529 13 19 0.03170595 
95 613 12 14 0.03159012 
95 618 61 60 0.03153125 
2 533 11 16 0.031527147 
827 645 11 13 0.031488433 
805 526 10 13 0.031427976 
470 446 45 55 0.031388003 
17 458 11 15 0.031349715 
320 432 44 51 0.0313309 
170 472 23 28 0.031297863 
541 406 13 19 0.03121919 
840 550 8 12 0.031114576 
100 454 15 17 0.03099397 
469 419 95 107 0.03098526 
692 421 13 16 0.030858058 
183 465 9 10 0.030809803 
47 514 13 18 0.030758742 
872 518 8 11 0.030623566 
856 493 8 9 0.0306038 
29 495 14 22 0.0304993 
895 497 8 10 0.030348651 
175 527 13 17 0.03007104 
298 508 16 20 0.029983982 
663 443 15 20 0.029966546 
995 467 16 18 0.029959584 
84 473 14 18 0.029941587 
877 536 8 10 0.02994086 
703 412 11 15 0.029914523 
776 471 10 11 0.029880743 
123 500 17 25 0.029756617 
822 642 12 15 0.02969464 
730 556 15 18 0.029332263 
888 515 11 13 0.029305663 
197 223 30 38 0.029263156 
789 531 11 16 0.02913054 
814 502 10 11 0.029114382 
790 464 8 10 0.029072896 
846 516 8 11 0.028955996 
645 515 16 19 0.028855488 
829 551 9 12 0.028806 
839 445 9 10 0.028763492 
174 470 11 14 0.028734226 
248 501 33 48 0.02871733 
435 464 25 34 0.028694237 
384 446 25 31 0.02852344 
329 456 26 33 0.028514136 
241 471 23 29 0.028511483 
619 443 16 20 0.028468372 
712 395 15 18 0.028301116 
30 547 11 15 0.028294586 
481 456 26 30 0.02816397 
799 517 10 13 0.028124472 
174 548 11 14 0.028074216 
785 491 11 15 0.027961532 
833 456 10 13 0.02793383 
807 493 9 11 0.0279198 
840 517 8 10 0.027875055 
768 528 23 30 0.02786398 
558 318 12 18 0.02781312 
110 467 12 16 0.027580775 
362 453 26 34 0.02735117 
790 546 12 16 0.027230626 
820 487 9 12 0.026990624 
181 469 11 15 0.026978584 
24 470 10 13 0.026896622 
397 481 26 33 0.026873605 
722 438 16 20 0.026858404 
501 463 23 28 0.026656058 
992 453 10 13 0.02665075 
721 567 22 25 0.026416993 
36 485 13 19 0.026359202 
765 460 10 12 0.026342692 
983 448 10 12 0.026242644 
526 465 12 16 0.026080312 
903 525 11 14 0.026000468 
742 514 12 16 0.02589596 
324 524 40 57 0.025760528 
337 365 46 58 0.025659842 
839 475 8 11 0.025531534 
825 478 8 11 0.025509875 
395 498 17 24 0.025433853 
360 436 23 29 0.025404677 
549 491 17 20 0.025262965 
354 450 25 28 0.02525263 
23 557 11 15 0.025227923 
903 481 9 10 0.02515991 
264 432 39 50 0.025060942 
352 416 25 33 0.024971757 
612 449 14 18 0.024955736 
524 497 12 17 0.024931373 
763 539 22 28 0.024918403 
865 509 8 10 0.024855373 
630 401 15 18 0.024732642 
626 468 23 32 0.024700021 
340 460 15 20 0.024497675 
796 547 11 15 0.024464477 
581 480 19 26 0.024458027 
982 513 40 53 0.024374822 
1005 480 18 26 0.024366327 
50 463 23 28 0.02432517 
116 461 12 16 0.02432284 
800 510 9 12 0.024261272 
79 464 25 31 0.024254719 
799 527 11 14 0.024253048 
670 478 25 30 0.024236973 
976 462 9 11 0.024230987 
857 502 9 12 0.024217423 
764 561 16 20 0.024136538 
909 524 11 13 0.024075167 
527 533 10 15 0.023977185 
169 547 10 13 0.023860691 
380 451 14 21 0.02385514 
565 484 10 16 0.023828758 
621 427 16 19 0.023702059 
714 429 12 16 0.02354635 
1002 495 15 19 0.0235329 
852 645 13 17 0.023481183 
902 510 11 14 0.023453336 
314 424 17 24 0.023385826 
809 418 60 62 0.023365041 
765 439 12 16 0.02336321 
790 469 8 11 0.023359016 
997 456 10 12 0.02334881 
285 539 47 76 0.023227988 
317 393 31 39 0.02322062 
589 447 20 28 0.023217086 
831 526 9 12 0.023193209 
833 445 8 9 0.023163196 
240 487 25 34 0.023097109 
205 474 11 15 0.023080988 
922 482 25 38 0.023077209 
531 399 22 31 0.02294856 
72 457 23 32 0.022905363 
1003 465 15 18 0.022902632 
302 449 41 54 0.022900933 
624 403 11 14 0.022832895 
662 450 23 28 0.022831954 
912 478 10 11 0.02282029 
476 435 13 17 0.022721639 
912 541 9 12 0.022642588 
993 471 22 26 0.022575216 
864 540 8 10 0.022485798 
685 396 12 17 0.022460394 
673 282 464 494 0.022419885 
716 446 22 27 0.022379048 
663 369 18 21 0.022265045 
367 416 20 32 0.022199221 
806 647 9 13 0.022190057 
109 531 13 16 0.022150945 
855 539 9 11 0.022150254 
76 442 13 17 0.022008713 
175 607 34 38 0.021996446 
14 469 11 13 0.02198762 
997 460 13 15 0.021987226 
517 501 12 17 0.021986129 
814 479 8 11 0.02196193 
319 464 24 34 0.021908188 
28 475 12 14 0.021894036 
587 435 257 303 0.02189373 
918 524 9 12 0.021853687 
577 464 20 28 0.021832457 
821 383 60 66 0.021813396 
286 351 41 49 0.02176648 
903 516 12 13 0.021657081 
328 406 48 58 0.021639608 
87 444 11 15 0.021588633 
1004 473 14 18 0.021521246 
455 408 14 18 0.021447966 
755 428 11 13 0.021421995 
23 524 11 14 0.02140379 
756 438 14 17 0.021382537 
550 477 13 15 0.021315888 
575 429 10 13 0.021282664 
2 451 13 19 0.021240477 
530 434 23 27 0.021239644 
329 356 29 33 0.021229912 
268 444 13 19 0.021229679 
815 556 10 13 0.02121788 
322 455 15 22 0.021196505 
1001 526 16 21 0.021173742 
196 491 24 37 0.02113829 
823 502 8 10 0.021128802 
777 504 21 28 0.021065328 
921 493 9 14 0.02106349 
738 463 20 30 0.021048147 
988 490 14 16 0.02101899 
521 460 20 24 0.020831244 
561 502 15 21 0.020808278 
458 416 14 17 0.020788342 
101 446 11 14 0.020737994 
279 474 43 57 0.020712905 
822 445 9 11 0.02067797 
166 517 9 13 0.02066384 
832 466 12 13 0.020653347 
801 460 10 13 0.020632088 
109 524 12 15 0.020589853 
816 644 11 14 0.02052751 
925 449 10 14 0.020377498 
1011 530 12 17 0.020374106 
812 540 11 13 0.020345498 
725 550 14 17 0.020330055 
782 544 12 17 0.020328978 
508 502 15 20 0.020323336 
500 490 13 15 0.020292768 
325 416 30 37 0.020243641 
329 441 18 23 0.020240754 
780 495 20 26 0.020235905 
986 485 23 27 0.020229291 
644 475 17 21 0.020135606 
709 556 14 19 0.02012205 
911 502 10 12 0.02009257 
18 533 14 16 0.020035453 
