11_Meeting_Meeting_11_Meeting_Meeting_11_176
83
119 247 34 43 0.99523795 
496 210 24 32 0.9921897 
691 249 34 42 0.9904428 
335 226 28 34 0.9803609 
795 90 40 60 0.97998834 
654 204 20 27 0.9788079 
187 212 22 29 0.96457314 
411 219 26 31 0.9640817 
571 213 19 25 0.9407268 
214 270 25 33 0.94052297 
282 214 22 25 0.92607176 
15 235 25 29 0.8952822 
166 77 19 26 0.8485102 
589 253 13 16 0.71777964 
646 279 27 48 0.5352487 
355 219 18 21 0.27516365 
423 320 52 71 0.2667584 
376 319 64 81 0.22487661 
35 322 50 64 0.20484847 
900 240 14 18 0.20024066 
4 214 42 53 0.19985789 
442 338 60 71 0.17471696 
778 251 26 29 0.15986787 
799 24 73 75 0.14773326 
72 279 23 27 0.13768713 
157 274 17 22 0.1328538 
838 102 15 20 0.0936 
796 63 59 74 0.089759655 
203 146 14 17 0.0838314 
227 265 21 32 0.06821562 
361 225 15 19 0.06493576 
235 254 21 29 0.06429407 
724 448 115 136 0.06252647 
246 252 24 29 0.05439532 
67 285 17 20 0.0539638 
547 259 14 16 0.05361415 
66 272 37 46 0.048842918 
285 284 23 32 0.048563797 
709 243 41 51 0.043397877 
894 233 23 29 0.040686212 
191 368 92 136 0.036507737 
256 258 16 19 0.03468613 
671 253 43 56 0.03460833 
580 275 14 19 0.034233853 
291 243 13 15 0.033886254 
656 268 40 56 0.03385049 
788 6 69 68 0.03357515 
10 359 30 35 0.031723805 
5 342 46 60 0.030311354 
-8 293 341 469 0.029577464 
81 275 17 23 0.0290338 
199 269 25 32 0.028760916 
378 312 357 431 0.027967036 
265 368 105 141 0.027614152 
191 141 9 12 0.026952328 
809 97 34 42 0.026756003 
28 305 94 108 0.026440587 
411 213 17 20 0.025982035 
228 260 14 23 0.02590766 
760 201 44 49 0.025638299 
650 289 45 61 0.025522977 
617 357 51 70 0.025113942 
199 215 17 25 0.024767667 
145 265 23 33 0.024748974 
580 255 24 28 0.02467854 
759 386 52 71 0.024185542 
356 229 22 28 0.023266353 
345 241 20 25 0.022600332 
403 335 58 75 0.022367902 
135 256 26 37 0.021968273 
789 478 17 21 0.021639008 
475 209 15 20 0.021464195 
679 242 33 39 0.021367162 
473 319 51 68 0.02129692 
663 202 17 24 0.021225126 
140 374 234 281 0.020875404 
3 236 26 36 0.020734385 
469 216 20 27 0.0204089 
142 117 13 16 0.020276183 
661 243 13 17 0.020273615 
423 219 17 24 0.020266408 
302 365 64 88 0.020244626 
175 201 37 47 0.020111462 
