11_Meeting_Meeting_11_Meeting_Meeting_11_71
55
772 200 71 90 0.9976714 
453 140 34 44 0.99649966 
23 50 36 50 0.9940229 
350 138 41 53 0.9935375 
78 270 78 88 0.99243915 
830 313 86 170 0.98333275 
301 171 50 58 0.9822282 
740 157 48 64 0.9695514 
604 141 42 55 0.9367269 
234 213 43 61 0.85391253 
846 366 113 154 0.20786956 
754 166 62 72 0.19310617 
589 512 220 310 0.1718194 
370 464 14 19 0.11311145 
768 484 59 62 0.06260692 
514 261 14 18 0.06180475 
216 244 37 41 0.06106777 
366 452 12 17 0.04827699 
105 274 88 135 0.041564707 
667 376 59 55 0.041487798 
650 604 227 252 0.04089405 
857 282 151 206 0.036105376 
685 580 112 155 0.03408743 
418 292 14 16 0.034083072 
794 287 93 135 0.033691537 
521 446 56 88 0.033389416 
436 380 12 15 0.032613315 
360 447 24 31 0.03248385 
55 124 78 111 0.03229171 
256 214 33 47 0.028774323 
19 161 55 61 0.028094135 
115 254 40 54 0.027355712 
560 442 28 33 0.027275437 
638 360 106 98 0.025333745 
177 388 322 432 0.024742296 
0 170 38 47 0.024562815 
705 687 116 140 0.024419842 
395 468 12 15 0.024015822 
438 362 15 17 0.023685558 
490 256 17 21 0.023651477 
541 406 50 72 0.023324156 
641 399 57 55 0.022524439 
769 373 24 35 0.022366844 
234 191 34 52 0.022164818 
181 225 48 56 0.02188285 
142 276 59 77 0.021383505 
444 406 11 14 0.02118057 
368 457 23 30 0.021136465 
544 292 11 14 0.021058638 
465 364 11 15 0.020735856 
478 410 12 14 0.020734819 
620 267 12 15 0.020384867 
688 357 37 39 0.020161102 
53 118 35 42 0.020110691 
351 438 25 35 0.020104866 
