11_Meeting_Meeting_11_Meeting_Meeting_11_529
58
827 314 53 70 0.9984408 
632 280 50 67 0.9984029 
65 229 34 41 0.99750745 
539 353 61 78 0.9968617 
8 315 54 64 0.9964843 
668 459 70 92 0.9963259 
175 305 38 49 0.9860321 
459 282 43 54 0.9719297 
842 407 79 100 0.96987915 
420 121 35 44 0.95832807 
351 400 50 66 0.9378518 
12 253 46 56 0.922255 
730 295 27 34 0.89653057 
286 291 23 29 0.47990775 
774 290 29 38 0.28227124 
11 275 55 66 0.19120276 
518 552 104 110 0.15110752 
519 275 42 57 0.14711083 
534 516 68 73 0.13452548 
251 465 49 68 0.06281388 
235 301 24 29 0.05752848 
114 293 28 34 0.04679888 
122 285 41 51 0.04649928 
522 364 48 66 0.04413543 
504 375 41 58 0.04390365 
241 307 25 35 0.04359696 
148 335 27 33 0.03874613 
749 362 22 28 0.033007678 
294 285 26 32 0.032698687 
527 491 57 74 0.031218115 
352 306 41 52 0.029433856 
535 270 35 46 0.029347962 
104 292 46 59 0.028999977 
275 272 15 20 0.028793026 
325 415 51 66 0.028295044 
124 308 41 58 0.027452327 
273 276 25 33 0.027017422 
49 234 25 32 0.025749935 
197 14 120 171 0.024894841 
452 590 42 51 0.024720075 
303 338 41 56 0.024521742 
233 315 39 55 0.024033144 
33 592 56 62 0.02372197 
290 274 16 18 0.023418354 
439 123 28 37 0.023059579 
1 382 194 224 0.022428958 
149 292 40 51 0.022015005 
215 372 85 95 0.021928998 
248 388 63 64 0.021919023 
191 269 27 32 0.021697907 
462 376 42 54 0.021277333 
42 263 29 40 0.021275006 
377 311 30 38 0.021027187 
244 363 50 64 0.020611327 
340 379 50 62 0.020585302 
277 378 16 20 0.020330926 
296 435 59 69 0.020183353 
806 410 53 75 0.020152017 
