11_Meeting_Meeting_11_Meeting_Meeting_11_385
236
943 239 54 96 0.99673563 
158 209 28 45 0.99239457 
832 88 24 35 0.9880762 
711 170 23 35 0.9601709 
765 211 46 46 0.9460696 
29 264 51 74 0.8963573 
832 215 38 45 0.86732215 
601 146 11 15 0.84799457 
961 164 16 19 0.83379096 
911 161 14 18 0.8258013 
359 151 18 25 0.8146706 
293 167 22 28 0.7993992 
73 220 35 61 0.78663146 
433 102 9 12 0.78638226 
773 147 12 15 0.77400947 
454 146 10 14 0.7696214 
657 161 23 29 0.76202255 
279 179 23 29 0.74641186 
576 107 10 12 0.74474233 
384 149 12 16 0.73577505 
799 171 27 39 0.6824666 
757 146 11 16 0.67316395 
708 110 12 14 0.6438823 
792 134 10 15 0.5759139 
325 200 15 20 0.49925292 
970 163 14 18 0.45193806 
736 100 9 12 0.43682757 
873 212 31 40 0.4332755 
658 138 15 18 0.42837745 
549 106 11 14 0.42382544 
619 146 13 16 0.36313975 
661 133 11 14 0.35824335 
704 112 11 15 0.34260625 
512 115 10 14 0.33695847 
490 179 12 15 0.31355053 
644 155 13 18 0.30308256 
821 370 55 56 0.28292462 
829 205 27 42 0.28008938 
307 114 15 19 0.26611522 
523 102 11 13 0.2543995 
517 108 12 14 0.23734094 
616 143 11 16 0.22763793 
565 183 10 13 0.22429445 
377 170 12 16 0.21883553 
767 146 13 18 0.21249537 
885 179 12 16 0.20882888 
716 163 17 22 0.20271225 
652 144 23 26 0.19240224 
191 263 27 33 0.17170969 
812 120 14 20 0.1681516 
789 168 15 19 0.1539522 
809 177 27 36 0.14311174 
594 141 11 15 0.14105996 
746 224 25 34 0.13566805 
736 135 10 13 0.12421208 
303 109 14 18 0.119085476 
314 115 13 17 0.111505136 
711 133 11 14 0.10690725 
759 221 32 37 0.10665883 
575 179 11 14 0.106445365 
788 174 27 31 0.100439705 
585 150 10 13 0.09813269 
752 144 12 15 0.09624753 
591 146 11 15 0.09499415 
590 169 13 16 0.09441349 
857 218 34 39 0.093878485 
556 100 11 13 0.09267138 
611 208 15 19 0.09054252 
919 592 58 78 0.08998647 
791 130 18 23 0.08543179 
802 124 21 27 0.08341791 
598 210 15 19 0.08227533 
1011 172 12 18 0.08148834 
659 156 16 21 0.08063633 
182 253 40 60 0.079367384 
560 185 12 16 0.0778291 
737 180 13 17 0.07608808 
813 108 11 15 0.07379196 
595 166 12 16 0.07063077 
714 109 10 13 0.07019574 
694 134 11 16 0.069344565 
627 142 11 14 0.06903966 
312 94 10 12 0.06664708 
797 168 15 22 0.065911606 
649 143 12 16 0.06287552 
505 117 9 13 0.061507188 
977 163 12 17 0.059535258 
438 167 9 12 0.058928214 
555 108 12 15 0.057845023 
367 147 19 24 0.057733987 
502 103 9 12 0.056708336 
807 118 13 16 0.05543536 
586 194 16 17 0.055323705 
407 176 10 12 0.052401718 
23 0 14 13 0.052217767 
437 172 9 12 0.05215389 
308 101 15 19 0.050444063 
817 116 15 22 0.04937831 
952 163 13 18 0.047137626 
582 175 11 13 0.047073357 
716 148 11 14 0.04694251 
740 142 11 14 0.04670969 
795 597 71 74 0.046433214 
504 107 11 15 0.046055075 
880 176 22 28 0.045748815 
52 238 47 69 0.04495766 
636 36 11 13 0.04444831 
607 168 12 16 0.04422525 
711 163 14 19 0.04305955 
510 121 12 13 0.043011162 
710 125 12 15 0.042739734 
653 268 25 39 0.04219194 
601 203 23 28 0.041449137 
722 159 14 18 0.040596746 
824 183 19 26 0.04011897 
989 188 15 19 0.0395455 
816 190 31 46 0.03859704 
510 107 18 24 0.037944525 
389 189 16 16 0.03774709 
815 214 31 38 0.037488293 
568 101 10 13 0.03719304 
373 164 13 17 0.037177462 
579 104 10 13 0.036726154 
885 155 10 16 0.036579978 
574 112 12 15 0.036332145 
520 97 10 13 0.03556 
593 136 9 12 0.034839906 
818 99 22 28 0.034645587 
583 197 26 28 0.03414126 
740 241 14 18 0.03358554 
569 108 10 13 0.0335212 
603 151 13 17 0.033244144 
428 96 19 24 0.032468874 
447 140 19 24 0.03245472 
890 182 14 20 0.032385655 
784 164 14 18 0.031587962 
914 160 19 25 0.03153479 
641 148 13 17 0.03152967 
285 162 36 46 0.03135836 
419 23 23 28 0.031173453 
844 568 111 118 0.031094393 
785 182 35 44 0.03107668 
703 106 11 15 0.030986568 
749 358 47 61 0.030919874 
518 98 18 23 0.03072853 
543 99 20 25 0.030236293 
550 190 10 13 0.03006638 
587 34 12 14 0.029967919 
606 135 11 15 0.029951593 
580 189 15 18 0.029860048 
461 155 10 15 0.029628828 
560 132 9 12 0.029610852 
760 295 31 36 0.029592166 
592 139 19 24 0.029568966 
632 425 28 38 0.029560912 
525 115 12 17 0.02917663 
552 112 11 14 0.029111242 
904 164 20 26 0.028519917 
722 169 23 33 0.02846234 
320 196 14 21 0.028390987 
668 147 12 17 0.028318586 
815 102 11 15 0.028169645 
904 156 14 19 0.027963119 
909 569 31 38 0.027892428 
890 213 25 33 0.027541978 
790 112 9 12 0.027512372 
163 217 41 55 0.027454134 
51 -4 29 25 0.027172182 
557 115 11 13 0.027006714 
715 142 11 14 0.026894057 
707 152 22 28 0.0266769 
512 103 11 13 0.026665475 
557 195 11 15 0.026405782 
933 180 12 15 0.02632373 
676 167 14 20 0.026113844 
891 172 13 19 0.026001543 
797 340 93 97 0.02595204 
498 102 9 13 0.02585396 
780 143 11 13 0.025822017 
734 103 12 16 0.025744276 
415 196 12 16 0.02559318 
725 150 12 14 0.025398143 
703 101 21 25 0.02514132 
884 162 12 17 0.025128417 
739 162 12 16 0.025017401 
292 400 36 48 0.024782188 
737 231 25 30 0.024600785 
622 137 11 13 0.024446703 
705 361 54 63 0.024364641 
436 105 10 13 0.02421813 
13 0 13 11 0.02413309 
284 169 19 23 0.023986658 
701 133 11 15 0.023903396 
318 166 12 15 0.023902694 
743 145 11 14 0.023754703 
774 191 37 49 0.023707112 
468 158 12 13 0.023536198 
827 207 18 29 0.023282237 
605 157 21 29 0.023079446 
403 34 12 14 0.02285275 
698 110 11 15 0.022666888 
915 207 17 23 0.02263699 
379 233 12 17 0.022599513 
471 182 12 14 0.022570943 
400 182 11 12 0.022302851 
934 188 13 17 0.022276675 
405 188 12 16 0.022132333 
526 103 20 27 0.022082193 
657 127 11 14 0.021906253 
844 78 14 16 0.021656316 
347 305 32 41 0.021645658 
803 165 15 21 0.021502322 
684 166 11 16 0.021386204 
730 161 14 19 0.021376709 
559 125 10 12 0.021192644 
355 27 13 15 0.021156456 
760 293 44 64 0.021091044 
749 134 12 15 0.021059653 
654 389 56 70 0.021003032 
519 87 8 10 0.02099001 
333 161 12 16 0.020967934 
484 173 21 24 0.020928109 
412 175 9 12 0.020923693 
640 161 13 17 0.020876957 
823 97 13 19 0.020819565 
944 600 59 69 0.020664576 
304 27 429 516 0.020604596 
382 524 12 15 0.020453729 
459 143 10 14 0.020430824 
589 92 10 13 0.020280473 
924 170 13 17 0.020268343 
591 156 11 12 0.020159388 
565 131 10 13 0.02013247 
528 158 9 12 0.020123037 
665 134 12 15 0.020109113 
900 179 13 17 0.020097325 
