11_Meeting_Meeting_11_Meeting_Meeting_11_663
124
241 220 47 61 0.9924448 
39 506 12 17 0.7868858 
277 59 440 531 0.66767234 
102 478 10 15 0.666057 
130 482 11 15 0.65016466 
60 510 12 16 0.38194743 
102 516 11 14 0.2606378 
51 483 12 15 0.22277957 
82 510 10 12 0.18774101 
48 491 12 15 0.17760701 
54 480 9 11 0.16838793 
457 -61 420 550 0.148812 
971 270 10 12 0.13377008 
82 478 13 16 0.12783512 
964 300 11 13 0.121743366 
102 523 10 13 0.11843539 
924 289 12 15 0.11673412 
30 527 11 14 0.11615423 
6 511 10 12 0.11573014 
310 308 62 97 0.10979732 
14 511 10 12 0.10693479 
947 289 13 16 0.09873028 
15 491 10 13 0.09735419 
7 486 8 11 0.096907 
38 485 9 13 0.09206699 
108 515 9 12 0.087933905 
68 484 11 15 0.087422 
410 187 417 508 0.08557101 
959 335 11 13 0.084255844 
116 498 11 15 0.08361877 
4 533 11 17 0.083195455 
959 294 10 13 0.076078996 
25 526 10 14 0.07502821 
0 510 9 14 0.07316624 
84 515 12 15 0.06885443 
918 333 10 12 0.06626931 
9 492 9 12 0.06484608 
594 371 96 136 0.06400301 
67 517 10 13 0.06202171 
992 267 11 14 0.05784567 
44 502 11 14 0.055935007 
48 478 11 12 0.05284357 
109 533 10 12 0.051647175 
39 491 10 12 0.049776535 
95 509 12 14 0.049384493 
61 479 10 13 0.049236596 
39 477 10 12 0.048966415 
35 526 12 16 0.04710105 
120 477 11 14 0.046735566 
19 487 11 13 0.04614048 
118 508 10 14 0.04572775 
761 315 30 29 0.04413375 
969 285 10 14 0.04380142 
70 510 9 13 0.043676272 
97 476 18 24 0.043440983 
120 528 10 13 0.042430874 
106 477 11 14 0.04241761 
85 524 12 16 0.041938893 
963 339 14 16 0.041182704 
97 483 11 14 0.039573073 
104 531 10 12 0.0394181 
635 -60 469 564 0.0391989 
80 504 10 13 0.038820665 
931 291 13 15 0.0382514 
912 330 11 14 0.037126284 
911 350 12 15 0.036207847 
96 516 13 16 0.036163006 
33 492 9 12 0.034638576 
20 509 9 13 0.03445258 
972 275 11 14 0.0342361 
33 485 10 13 0.033729512 
8 503 10 12 0.033427868 
69 533 11 13 0.033116944 
16 477 10 12 0.032546297 
0 504 7 12 0.03181309 
21 476 11 13 0.031148644 
98 508 20 24 0.03080467 
23 434 10 15 0.029490868 
987 333 17 20 0.029186513 
9 531 13 17 0.028415095 
68 524 10 13 0.028366493 
865 309 10 14 0.028120141 
125 516 10 12 0.028074045 
68 539 11 13 0.02797117 
94 542 9 11 0.02782942 
9 25 392 448 0.027685503 
103 504 10 11 0.027672982 
6 480 10 11 0.027187916 
14 501 11 12 0.02700142 
56 499 10 14 0.026908888 
940 343 12 14 0.026884621 
2 484 9 13 0.026826946 
268 327 113 198 0.026726758 
86 435 12 14 0.026601292 
966 264 19 24 0.026400922 
21 516 10 12 0.026398972 
959 306 13 16 0.026285812 
46 472 11 13 0.025504986 
127 489 11 15 0.025184648 
108 526 10 13 0.02470888 
934 345 12 15 0.024585927 
598 403 60 85 0.024360577 
881 349 14 16 0.024262732 
925 275 12 14 0.023323191 
13 523 12 16 0.023298437 
989 263 22 26 0.023069067 
886 335 11 12 0.022582788 
15 471 12 13 0.022480832 
80 532 9 12 0.022290237 
33 503 11 14 0.021760385 
924 347 11 14 0.021612544 
997 290 11 15 0.02158522 
111 493 20 26 0.02149863 
62 511 18 24 0.021495877 
957 287 12 15 0.021466756 
32 478 10 12 0.02129597 
61 502 11 14 0.021279454 
45 515 10 13 0.021277625 
221 350 24 28 0.021244323 
953 299 23 28 0.020940112 
54 472 12 14 0.020529127 
84 492 11 13 0.020463489 
150 453 9 13 0.020432256 
32 517 9 12 0.02003166 
