11_Meeting_Meeting_11_Meeting_Meeting_11_287
54
568 224 42 64 0.9913709 
731 365 35 60 0.98940104 
315 405 39 62 0.96802586 
729 513 28 43 0.49478796 
513 351 23 35 0.41470465 
632 445 26 41 0.26254803 
250 8 17 20 0.105505355 
155 540 108 117 0.100698 
11 370 21 39 0.07929895 
751 512 42 49 0.076970525 
697 503 50 62 0.068130076 
306 6 20 21 0.06313541 
522 347 15 21 0.04953629 
39 370 31 34 0.04801008 
631 504 47 64 0.04775159 
514 342 40 56 0.044912558 
187 513 54 76 0.043471448 
16 375 33 36 0.043454845 
67 539 11 14 0.039404426 
605 234 29 38 0.036714416 
46 55 11 14 0.034341924 
107 518 71 63 0.03423781 
257 402 47 56 0.034027312 
2 586 26 37 0.03247552 
619 230 23 40 0.03195036 
619 455 28 33 0.031762946 
685 482 49 61 0.029992046 
239 426 43 58 0.029042788 
162 530 70 86 0.028398577 
211 464 53 60 0.027585618 
168 614 57 77 0.02733978 
120 539 29 33 0.027269205 
51 369 17 24 0.025589433 
561 513 37 49 0.025586622 
99 555 15 18 0.025197163 
570 491 43 59 0.025071582 
829 592 34 49 0.024825446 
197 435 30 49 0.024361493 
832 614 54 61 0.024231229 
649 479 53 67 0.022952072 
310 626 52 66 0.022940332 
86 86 11 13 0.022928126 
130 525 69 72 0.022846878 
323 420 57 67 0.02206423 
88 520 124 132 0.021849243 
281 400 46 58 0.021798074 
-5 358 37 56 0.02171945 
174 585 71 84 0.021209352 
669 505 52 65 0.021110097 
233 496 29 34 0.021090647 
525 337 29 35 0.02072635 
766 500 32 44 0.020554101 
548 360 14 19 0.020357786 
354 429 50 62 0.020074395 
