58_Hockey_icehockey_puck_58_245
73
677 55 29 37 0.9988366 
474 115 31 38 0.998744 
280 78 29 36 0.99873525 
351 206 28 36 0.9985083 
198 121 28 36 0.99836284 
253 205 29 35 0.99834764 
197 226 34 39 0.9983394 
528 99 31 39 0.9983393 
613 195 27 36 0.99819225 
734 63 27 36 0.99816364 
102 95 30 37 0.99793327 
811 54 27 35 0.9979189 
840 200 26 33 0.99753904 
381 103 27 36 0.99748635 
409 82 29 37 0.9963408 
611 365 29 37 0.99613106 
902 169 28 37 0.9945997 
610 72 28 34 0.99441165 
679 291 27 35 0.99349517 
439 194 28 39 0.99303436 
154 76 29 33 0.99213105 
884 47 28 33 0.990647 
97 188 33 37 0.9759907 
779 251 14 22 0.34746188 
465 182 24 34 0.26398265 
453 188 29 39 0.14337282 
899 349 16 23 0.109452136 
347 112 16 20 0.10835883 
721 74 24 30 0.1046607 
156 267 24 30 0.07131984 
837 285 27 35 0.06903437 
654 360 25 30 0.06584388 
587 363 24 28 0.06510395 
812 146 16 19 0.064234935 
523 196 27 37 0.061006665 
716 319 16 20 0.060304787 
718 87 17 20 0.052065942 
331 440 25 31 0.051255733 
365 292 33 37 0.048969388 
554 151 23 27 0.047143653 
331 424 24 28 0.042757656 
269 289 15 17 0.041589208 
386 226 26 33 0.040241867 
525 279 30 38 0.039911833 
726 196 12 14 0.038272552 
468 198 17 22 0.03792059 
772 246 15 21 0.036677007 
893 166 24 33 0.033971447 
626 124 23 29 0.033593252 
769 84 22 28 0.032247405 
507 113 15 22 0.031669747 
558 80 15 18 0.0306398 
608 288 25 30 0.030053614 
530 295 24 32 0.029985184 
720 146 12 15 0.028546937 
510 108 24 31 0.027831685 
731 283 11 14 0.027553113 
540 368 35 42 0.026041001 
673 169 241 246 0.02540554 
494 112 24 32 0.02529262 
680 145 13 17 0.02466854 
823 59 23 31 0.023720825 
699 100 22 28 0.023656903 
775 262 13 19 0.02363054 
596 433 16 19 0.023505483 
355 371 14 18 0.023232767 
434 373 25 38 0.022178883 
633 420 24 30 0.021981299 
448 203 27 34 0.02173017 
167 255 13 15 0.021331426 
732 275 13 17 0.020838426 
289 170 16 19 0.020815888 
334 454 16 19 0.02033755 
