58_Hockey_icehockey_puck_58_285
97
569 169 35 48 0.98377293 
568 94 19 23 0.9165637 
432 127 27 32 0.83662915 
963 264 44 50 0.8260231 
286 145 35 40 0.80700785 
787 83 11 13 0.51975906 
37 131 23 26 0.42814246 
317 118 16 21 0.21677218 
883 280 57 65 0.17814507 
894 307 53 61 0.16762047 
799 94 9 12 0.09821303 
65 173 33 36 0.08862972 
893 68 11 13 0.087916285 
854 63 9 11 0.087300695 
23 211 11 14 0.07276397 
47 130 18 21 0.07126415 
30 99 12 14 0.07123491 
84 162 17 18 0.07020994 
946 261 38 48 0.067257084 
965 81 11 15 0.061247848 
1001 77 9 12 0.058109093 
829 99 10 12 0.057577983 
845 275 38 44 0.056600306 
316 109 14 16 0.056524847 
889 69 10 13 0.05558472 
618 171 14 19 0.054364834 
572 88 12 16 0.054164253 
859 269 58 61 0.05339581 
75 164 31 33 0.051154517 
911 470 15 21 0.04995483 
838 76 12 15 0.04995267 
799 70 10 12 0.049424775 
967 70 9 12 0.04853267 
44 141 16 22 0.04760748 
847 62 11 14 0.047233414 
8 161 409 496 0.04689879 
845 70 11 13 0.0460769 
297 146 400 462 0.045296405 
791 90 10 13 0.044817854 
831 77 10 13 0.04432797 
791 118 11 13 0.043921564 
596 190 30 35 0.04388809 
1005 71 9 12 0.043687135 
797 85 10 15 0.04053271 
30 113 23 28 0.0390656 
803 94 11 12 0.035928793 
944 101 10 12 0.035826992 
813 84 9 12 0.034691636 
766 87 8 11 0.03445593 
309 114 17 21 0.033753406 
603 166 27 32 0.033078868 
844 76 10 13 0.032725953 
862 63 8 11 0.032127682 
319 83 10 15 0.031180812 
805 71 11 12 0.031095374 
319 91 9 12 0.031054439 
793 73 9 11 0.030770157 
579 141 44 57 0.030296285 
558 86 10 14 0.029966628 
807 84 10 14 0.029577682 
806 75 11 14 0.02948369 
28 112 16 19 0.029353093 
796 76 12 14 0.029251738 
796 123 12 15 0.0285868 
785 78 18 23 0.027615111 
290 126 45 51 0.027347878 
545 170 31 38 0.027343478 
871 62 8 11 0.027180761 
812 78 10 13 0.02701548 
983 91 9 13 0.025656786 
168 272 11 12 0.025621982 
36 141 16 23 0.025599286 
746 37 9 11 0.024899177 
50 151 14 18 0.024865793 
825 93 10 13 0.024661304 
887 52 9 12 0.02456089 
797 116 11 15 0.023430957 
767 33 7 8 0.022949286 
169 79 9 11 0.022732008 
774 101 10 12 0.022702565 
935 83 11 14 0.022700878 
304 122 29 34 0.022676257 
67 145 14 19 0.02265067 
318 102 12 15 0.022611063 
941 81 12 16 0.022145353 
30 180 12 17 0.021914802 
545 147 25 34 0.02191208 
770 160 16 21 0.021833884 
899 68 10 12 0.02124421 
443 160 13 17 0.021205844 
310 107 14 17 0.021127611 
805 115 12 15 0.02097169 
893 46 9 12 0.020815732 
804 99 11 13 0.020622075 
926 92 11 13 0.020314684 
520 83 9 13 0.02011411 
60 139 15 19 0.020018691 
