58_Hockey_icehockey_puck_58_671
92
308 241 21 28 0.9619251 
270 259 30 44 0.75803757 
570 250 25 29 0.70317054 
393 259 16 21 0.63250214 
279 252 24 35 0.5433759 
411 257 16 20 0.28697798 
629 323 25 30 0.21093059 
398 253 26 29 0.16919047 
596 247 13 18 0.10090812 
538 427 13 15 0.09502504 
582 242 25 30 0.09167305 
632 218 25 34 0.07054658 
713 307 51 60 0.068329714 
286 242 23 36 0.06466641 
638 315 56 71 0.06454751 
417 399 52 69 0.06288448 
583 421 9 11 0.058193732 
254 265 41 54 0.057361707 
558 317 15 18 0.05652958 
375 418 63 64 0.054157577 
295 244 26 35 0.052412134 
309 306 43 55 0.052367695 
527 278 24 29 0.051831003 
574 456 16 19 0.051500324 
189 37 151 129 0.051399894 
561 131 15 20 0.047162335 
283 250 36 49 0.04683823 
669 195 26 32 0.042069655 
517 216 29 33 0.04152402 
640 329 16 21 0.041246258 
638 323 28 37 0.040594734 
506 7 413 465 0.038358342 
394 261 24 30 0.037882328 
464 274 27 34 0.037640426 
322 108 48 63 0.035872802 
659 144 14 18 0.035828225 
735 282 108 90 0.035107315 
604 430 11 14 0.03441905 
464 212 9 13 0.032661125 
589 420 9 12 0.032507546 
588 355 13 16 0.032062043 
637 192 14 20 0.03193021 
302 110 45 64 0.029068407 
622 333 28 35 0.0286873 
628 350 14 20 0.028681546 
354 428 60 64 0.02841989 
653 314 13 16 0.028333513 
327 312 32 35 0.027311863 
577 421 9 12 0.026863888 
654 334 30 36 0.026818378 
571 208 12 17 0.026811847 
615 271 12 16 0.026703278 
661 313 11 16 0.02663753 
576 347 11 15 0.026580842 
643 213 26 33 0.026564943 
669 60 121 165 0.02616203 
417 252 15 20 0.026073784 
301 240 38 45 0.025825825 
309 263 44 60 0.024586027 
574 361 11 16 0.024328731 
568 358 10 14 0.024143247 
642 186 17 24 0.024039168 
465 219 10 14 0.023721574 
633 195 22 29 0.02364488 
503 370 197 240 0.023642117 
236 271 45 58 0.023501584 
637 220 15 21 0.023358546 
651 211 17 22 0.02324133 
364 292 11 16 0.022994654 
430 228 12 13 0.022900589 
622 339 15 20 0.02270242 
331 244 13 17 0.022689583 
770 278 33 36 0.02246835 
507 223 16 19 0.022374038 
572 242 18 23 0.022063395 
727 352 55 70 0.02184143 
513 195 28 33 0.021761546 
613 321 13 16 0.021729503 
292 273 81 100 0.02160222 
547 244 13 17 0.021511689 
373 226 14 18 0.02142879 
393 304 35 44 0.021182468 
602 250 13 18 0.02116152 
608 303 194 217 0.021130664 
637 211 13 17 0.020922998 
780 283 37 38 0.02090983 
168 361 38 51 0.02074965 
517 200 12 14 0.02068774 
626 207 23 31 0.020450167 
299 128 28 39 0.02030149 
340 200 15 19 0.020260785 
388 240 26 33 0.020174025 
