58_Hockey_icehockey_puck_58_404
20
505 65 58 65 0.9930722 
479 221 54 63 0.9694175 
396 370 49 71 0.43603945 
410 271 19 22 0.17955643 
341 113 28 28 0.15367197 
541 123 47 65 0.058664963 
335 299 150 227 0.053353958 
411 253 39 49 0.04781564 
434 190 58 74 0.046764903 
530 231 23 30 0.042738225 
407 340 53 81 0.03231391 
515 19 46 55 0.032227084 
378 348 81 119 0.031748306 
255 447 51 65 0.027691696 
904 81 43 42 0.026355768 
551 384 25 28 0.026180966 
424 272 17 21 0.025175119 
420 235 49 65 0.023174882 
235 440 87 110 0.021012515 
514 37 53 67 0.020425182 
