58_Hockey_icehockey_puck_58_94
62
439 117 36 49 0.9930582 
689 168 38 47 0.9851018 
819 235 39 47 0.9738047 
315 96 31 39 0.9703324 
759 120 40 51 0.9667664 
567 151 44 48 0.9552896 
124 32 39 47 0.9513877 
59 18 27 41 0.49015668 
502 44 20 28 0.41726428 
982 121 26 32 0.336801 
603 108 33 48 0.20052329 
598 377 25 33 0.13126476 
292 99 19 30 0.12341744 
605 95 18 21 0.098719776 
66 145 15 20 0.096330374 
584 115 47 55 0.09159815 
21 86 14 19 0.07670957 
338 168 24 39 0.06919482 
523 94 27 30 0.057197493 
884 224 28 34 0.051446795 
554 146 14 20 0.044683065 
195 358 116 151 0.04392902 
1003 116 21 34 0.042449195 
18 124 15 18 0.041882753 
214 286 171 211 0.03797482 
861 93 15 19 0.03742919 
499 34 36 45 0.037225943 
618 123 18 24 0.036920987 
394 166 25 29 0.03526016 
755 318 27 34 0.03307742 
165 136 15 21 0.03216844 
-2 57 42 58 0.030201321 
296 90 26 36 0.029604383 
980 114 18 21 0.029531676 
308 103 19 24 0.02934526 
14 82 24 30 0.029080499 
495 160 90 116 0.026985865 
109 48 14 19 0.026680315 
492 134 169 194 0.02630033 
490 138 40 48 0.025781967 
521 42 24 31 0.025276743 
288 105 14 21 0.025159977 
502 152 16 19 0.024698276 
911 321 32 35 0.024632327 
635 192 24 33 0.024556026 
685 261 27 32 0.024121143 
109 42 29 34 0.024102382 
153 350 114 133 0.023588803 
661 94 14 18 0.023538316 
586 376 43 55 0.023312695 
910 210 12 15 0.023302613 
67 10 16 22 0.022822035 
35 531 16 22 0.021733196 
0 23 10 20 0.021707695 
882 335 16 23 0.021582488 
325 76 11 14 0.021299351 
976 93 12 14 0.021172093 
564 103 31 36 0.021013662 
637 190 42 50 0.02091868 
0 1 12 19 0.020864198 
601 396 19 25 0.020768372 
643 201 15 20 0.020113407 
