58_Hockey_icehockey_puck_58_475
48
319 242 38 52 0.96308 
568 232 36 56 0.9594942 
420 165 11 14 0.09716761 
331 441 11 15 0.09205737 
407 162 10 14 0.09093108 
413 163 12 15 0.087366916 
682 429 17 20 0.07867892 
480 305 410 535 0.07178162 
414 134 13 16 0.070449755 
168 306 10 13 0.056727983 
773 163 11 13 0.05178301 
276 148 11 13 0.05070495 
758 165 9 11 0.050151955 
886 151 46 56 0.047985546 
396 155 12 16 0.044503294 
151 153 8 11 0.043370772 
383 134 12 16 0.041015834 
700 196 13 16 0.041009262 
680 428 28 33 0.041003 
384 166 10 12 0.039818663 
391 147 15 18 0.037643384 
279 427 12 16 0.036274772 
295 452 9 11 0.03453909 
399 162 12 14 0.034329645 
231 264 467 533 0.033763066 
304 259 52 64 0.03151059 
769 165 9 12 0.028690817 
301 421 9 12 0.028596751 
323 150 13 15 0.028223725 
499 152 26 32 0.027262444 
389 141 13 18 0.026626606 
302 453 10 11 0.02655114 
669 405 40 51 0.02559719 
639 270 59 62 0.025371328 
171 303 12 14 0.024465824 
301 430 11 14 0.024260454 
592 240 33 39 0.024072198 
327 398 9 12 0.023804171 
576 238 52 64 0.02366359 
283 435 12 16 0.02261892 
382 171 10 12 0.022071196 
396 174 11 13 0.021858169 
133 313 14 18 0.021092273 
146 152 9 11 0.021022081 
167 572 33 37 0.020802109 
800 165 9 12 0.020771274 
158 156 10 13 0.020607851 
223 279 12 14 0.020030892 
