58_Hockey_icehockey_puck_58_365
28
799 29 56 74 0.9976634 
478 211 65 74 0.99626344 
164 65 52 62 0.7058183 
231 17 35 36 0.26070684 
95 87 81 105 0.1016926 
139 51 58 65 0.096820846 
690 103 49 69 0.09511047 
742 78 46 64 0.07504286 
327 112 59 59 0.06354726 
713 88 57 74 0.049534258 
307 76 95 109 0.04650574 
603 130 46 48 0.044996336 
218 10 26 34 0.044545572 
760 65 49 68 0.03937351 
81 95 54 69 0.03436589 
763 93 107 121 0.03384802 
152 63 84 107 0.033521175 
782 48 55 70 0.0318576 
461 165 13 15 0.028881904 
132 8 38 42 0.027705545 
138 26 40 45 0.023232855 
983 62 46 80 0.02291891 
677 74 45 66 0.022743732 
466 184 55 73 0.021989265 
398 258 107 132 0.02151197 
473 162 56 65 0.02113243 
341 624 127 169 0.020106826 
866 12 30 36 0.020072965 
