58_Hockey_icehockey_puck_58_262
925
383 237 12 16 0.9397078 
270 320 13 17 0.9334531 
551 227 11 14 0.88636863 
207 237 10 14 0.8604907 
324 237 11 13 0.82519627 
568 213 11 14 0.82417214 
350 248 10 13 0.77813876 
429 204 10 13 0.74563843 
207 332 15 19 0.735541 
466 254 14 17 0.65648115 
365 37 12 14 0.59399015 
323 327 13 18 0.56560194 
347 274 12 16 0.53840137 
320 412 11 16 0.47101218 
538 246 13 17 0.4698249 
529 30 8 11 0.456432 
470 188 10 14 0.42839167 
50 331 12 16 0.3936083 
333 355 13 17 0.3800242 
774 489 15 18 0.37841207 
22 45 11 15 0.34512833 
755 21 9 11 0.34190133 
423 48 13 17 0.33620164 
197 257 11 16 0.32708693 
560 23 8 11 0.29201043 
448 46 10 12 0.27465048 
788 47 9 12 0.27067494 
294 322 15 20 0.26703393 
831 76 9 11 0.25857115 
725 39 8 11 0.25024638 
881 72 9 12 0.23890482 
420 236 10 13 0.23184866 
5 618 47 58 0.22717461 
503 239 8 10 0.22143674 
445 70 13 16 0.22143333 
534 44 9 13 0.21158628 
866 92 9 12 0.21097648 
536 6 8 11 0.20976353 
836 6 9 12 0.20094086 
762 45 8 12 0.19657929 
116 627 15 17 0.19164425 
558 45 8 10 0.1900116 
494 48 10 13 0.18769965 
84 618 59 53 0.18143551 
422 230 11 13 0.1796901 
308 293 12 15 0.17891984 
944 1 11 11 0.175619 
45 46 10 13 0.17518675 
339 2 11 14 0.17409854 
775 84 9 11 0.17179197 
572 218 12 14 0.16976927 
722 44 8 10 0.16643848 
218 5 10 13 0.14322795 
837 24 11 15 0.1427023 
777 29 8 11 0.1385547 
327 352 12 17 0.13821007 
3 27 9 14 0.13751252 
777 25 7 10 0.13726382 
479 5 10 13 0.13628377 
214 31 9 11 0.13545881 
182 15 8 11 0.13474762 
383 361 11 14 0.13408047 
302 340 13 17 0.13189262 
729 62 9 11 0.1305756 
142 666 14 17 0.12965038 
567 7 7 10 0.12889056 
382 277 9 11 0.12595263 
529 35 10 13 0.123902164 
102 309 10 14 0.11898571 
455 259 9 13 0.11842905 
525 276 9 13 0.11640506 
599 28 9 12 0.11632083 
68 12 13 15 0.11501227 
800 80 7 10 0.11391664 
580 228 12 14 0.11224158 
469 3 13 15 0.11146864 
593 23 8 10 0.11093637 
463 4 12 14 0.11021781 
695 52 8 10 0.11016393 
390 261 12 14 0.10926329 
325 0 11 11 0.10867089 
736 15 7 10 0.10837219 
231 23 8 11 0.10784371 
322 317 15 17 0.10660321 
770 7 8 9 0.10341397 
367 259 13 16 0.102714494 
761 40 9 11 0.102365986 
136 4 11 14 0.10144696 
262 21 11 14 0.10137057 
749 72 9 11 0.10092774 
335 286 11 13 0.100498356 
532 39 9 12 0.09740204 
485 7 9 11 0.09702667 
837 72 8 10 0.09568473 
565 22 8 10 0.09529654 
501 233 9 11 0.09504415 
441 10 15 18 0.09458406 
870 0 9 9 0.093893625 
155 3 13 15 0.09376432 
786 68 8 10 0.09331375 
742 24 8 9 0.09322995 
578 38 7 10 0.092832625 
253 46 9 12 0.0925277 
178 47 9 12 0.092409775 
598 23 9 11 0.09203884 
784 52 8 11 0.09172258 
452 202 13 15 0.09162365 
106 630 29 30 0.09138699 
299 364 15 20 0.09097493 
727 31 7 10 0.09008717 
1 632 23 42 0.08952845 
744 37 8 11 0.08936151 
677 31 9 10 0.08789692 
311 243 10 14 0.08770735 
742 31 8 10 0.08765494 
443 18 12 16 0.08676081 
269 22 9 13 0.08669334 
800 84 8 11 0.08622944 
799 55 8 11 0.08606804 
790 51 9 12 0.08600871 
428 5 14 16 0.0854021 
440 307 10 14 0.08515705 
53 61 13 16 0.08485819 
478 0 11 11 0.08442446 
782 28 8 11 0.081639655 
425 167 8 10 0.08143813 
103 76 12 16 0.08132101 
782 5 10 12 0.080465645 
2 628 10 15 0.07996245 
578 33 8 9 0.07989979 
319 242 12 14 0.07969745 
792 29 8 11 0.07935575 
583 292 9 11 0.07907436 
671 79 8 10 0.07874529 
894 114 12 15 0.07870321 
566 12 9 12 0.07870177 
671 54 8 10 0.07768648 
717 668 12 14 0.0776656 
625 40 9 10 0.07761711 
206 23 9 11 0.07737684 
487 13 9 11 0.076904014 
767 117 11 13 0.07686607 
645 23 8 10 0.07684282 
246 0 14 13 0.075789616 
751 116 10 12 0.07560691 
222 254 12 14 0.075262114 
576 47 8 10 0.07493245 
784 101 10 13 0.07414772 
540 5 9 11 0.07386255 
474 188 11 15 0.0734774 
422 668 12 13 0.07323712 
750 93 10 13 0.07280707 
886 95 9 11 0.072749384 
530 6 9 12 0.07245545 
536 1 9 11 0.07239145 
753 57 7 9 0.07200288 
459 220 10 12 0.071708485 
868 88 9 12 0.071493074 
934 3 12 14 0.07142268 
74 50 14 16 0.07132186 
663 65 8 10 0.07115132 
753 6 8 11 0.07104002 
328 396 10 12 0.07093727 
641 28 8 11 0.07089839 
366 58 15 18 0.07088274 
437 238 10 15 0.070781 
664 31 7 9 0.07055978 
321 355 10 15 0.0703365 
774 5 10 12 0.0702384 
23 616 58 61 0.06977326 
352 411 9 12 0.06975289 
158 56 10 13 0.06971444 
269 366 10 12 0.06964869 
555 223 11 14 0.06879092 
55 617 59 60 0.068685554 
241 363 12 16 0.06864323 
790 70 7 10 0.06858819 
630 40 7 9 0.068309866 
470 311 9 12 0.06777753 
536 286 9 11 0.06743793 
463 187 13 17 0.06738816 
302 319 21 27 0.067067415 
718 63 8 10 0.06704418 
287 223 9 12 0.067037426 
647 85 8 11 0.06677432 
566 54 8 11 0.066763826 
607 30 7 10 0.06665725 
729 13 7 9 0.066521294 
756 16 8 11 0.06643873 
615 31 7 8 0.06639745 
847 0 10 10 0.06611797 
260 14 10 13 0.06589393 
230 380 9 13 0.065823145 
16 303 8 11 0.06578922 
827 77 8 11 0.065734334 
759 109 9 11 0.06558375 
552 7 8 10 0.06552015 
154 36 9 13 0.06527051 
256 19 11 14 0.06514729 
294 369 14 18 0.064899184 
999 0 10 11 0.064732455 
484 33 12 14 0.064695165 
664 69 8 10 0.06454972 
424 663 10 11 0.06433232 
109 322 16 22 0.06431256 
712 70 8 10 0.06426008 
178 13 9 13 0.06405507 
926 29 10 13 0.063910216 
424 174 8 11 0.06374322 
672 30 9 11 0.06368366 
655 46 8 9 0.0636627 
471 286 9 13 0.06363937 
872 109 9 11 0.063562445 
461 292 9 12 0.063435934 
808 24 7 10 0.063365944 
323 309 13 14 0.06329074 
32 31 8 11 0.062723614 
657 5 9 11 0.06209458 
354 405 12 15 0.061698195 
737 21 8 10 0.061549198 
343 243 19 22 0.061373867 
1004 0 10 11 0.061183423 
510 31 9 12 0.061116952 
665 94 10 12 0.060856458 
621 92 10 12 0.060734387 
188 1 15 16 0.060432013 
439 303 10 12 0.060421202 
847 88 8 11 0.05985006 
806 88 9 12 0.059617106 
729 0 8 9 0.05958332 
807 93 10 13 0.059210707 
535 11 10 12 0.058985986 
565 243 11 12 0.058923174 
863 28 9 11 0.05871554 
752 39 7 10 0.058308933 
184 3 11 13 0.05803934 
203 233 18 22 0.05795822 
904 100 10 12 0.057779487 
502 0 10 10 0.057765808 
926 3 12 15 0.057212718 
306 12 13 14 0.05674036 
608 46 7 10 0.056374595 
453 189 13 15 0.056284864 
489 50 10 13 0.056222133 
753 61 8 10 0.056098063 
562 6 9 11 0.055897385 
865 -1 10 9 0.055649094 
777 53 7 10 0.055648625 
534 292 10 14 0.0555388 
463 247 11 13 0.05511277 
350 311 10 11 0.05479037 
617 23 7 10 0.054669093 
208 28 10 12 0.05454695 
642 24 8 10 0.054370295 
509 243 9 11 0.05436148 
704 46 8 11 0.05434212 
62 7 12 15 0.05414547 
696 68 9 12 0.053976957 
552 39 8 11 0.053721413 
94 5 11 13 0.052922998 
184 19 10 12 0.052702572 
571 209 11 15 0.05236473 
584 288 9 10 0.052292943 
288 365 10 13 0.052220527 
511 -1 8 9 0.05218402 
662 4 9 11 0.0519788 
711 39 8 10 0.051947985 
688 53 8 11 0.051422004 
542 0 10 11 0.05129737 
680 61 9 11 0.051224973 
757 6 9 10 0.051186197 
729 57 8 11 0.050812565 
102 71 12 14 0.050610915 
671 48 8 10 0.050602093 
374 316 11 14 0.050457284 
157 61 12 14 0.050426662 
428 0 12 12 0.050400857 
758 62 8 10 0.050391667 
383 270 10 13 0.050257634 
583 53 8 9 0.05020117 
545 30 8 10 0.05019249 
429 229 9 12 0.0501346 
541 278 10 13 0.05008961 
991 20 10 12 0.050088275 
735 0 8 9 0.050048288 
32 16 8 11 0.049971767 
567 2 7 8 0.049831215 
552 262 10 13 0.049554918 
210 242 12 14 0.049405266 
814 14 9 10 0.048169315 
472 0 11 12 0.04810987 
553 15 7 9 0.047996253 
245 30 9 12 0.04798274 
671 72 8 11 0.047655914 
439 229 10 12 0.047602993 
432 238 10 12 0.047518738 
199 245 11 14 0.047440376 
887 0 12 11 0.04727113 
429 166 9 12 0.047060806 
51 46 10 13 0.046792436 
606 70 7 9 0.046618994 
497 0 10 10 0.0465598 
601 69 9 11 0.046547048 
478 205 11 15 0.04636431 
366 283 11 14 0.045975138 
461 195 11 15 0.04595366 
216 1 9 10 0.04580096 
323 414 14 21 0.045791958 
117 636 55 56 0.045625214 
703 88 8 10 0.045573257 
111 315 12 17 0.04552422 
415 241 12 17 0.045522477 
733 57 9 10 0.04550104 
737 30 8 10 0.045445286 
705 39 8 10 0.045355637 
295 4 12 14 0.04535365 
375 269 9 12 0.045273036 
977 0 11 12 0.045221902 
903 87 8 10 0.04516683 
800 60 8 11 0.04499135 
890 10 15 17 0.044701707 
768 81 9 12 0.044624303 
40 50 10 13 0.044618033 
969 6 10 11 0.044591714 
655 85 8 11 0.044569585 
767 100 9 10 0.044518843 
450 260 9 12 0.04433176 
448 196 14 18 0.04430077 
903 95 9 12 0.04396177 
727 24 8 9 0.043830913 
471 211 11 14 0.04382238 
276 390 14 17 0.04381177 
673 38 7 9 0.043705326 
118 616 10 12 0.043691285 
729 69 8 11 0.04349768 
153 44 9 12 0.043457076 
219 134 13 14 0.04337272 
30 50 9 13 0.043267787 
180 50 10 12 0.043264057 
897 88 8 10 0.043245804 
357 277 11 13 0.043189216 
47 102 13 16 0.04313734 
377 242 11 15 0.04311778 
53 54 11 13 0.043023124 
909 32 9 11 0.0428633 
318 299 11 14 0.042749193 
222 259 15 16 0.04272697 
446 189 11 13 0.042520486 
609 15 7 9 0.042452045 
815 0 9 9 0.04231851 
809 14 8 10 0.042300496 
712 55 8 9 0.042277947 
501 22 9 11 0.042236835 
279 40 11 14 0.04215487 
296 271 9 11 0.042148713 
560 14 10 12 0.042089157 
637 6 9 11 0.042052258 
210 326 17 19 0.041999374 
768 97 7 9 0.041998114 
15 39 11 14 0.04188285 
562 0 8 9 0.04186786 
559 63 9 12 0.041771322 
39 19 9 13 0.041741077 
614 1 9 10 0.041657105 
616 81 7 8 0.04145852 
767 33 8 10 0.04122349 
359 301 10 13 0.041161068 
784 64 8 10 0.041139364 
40 38 9 12 0.041097414 
108 82 15 17 0.040989954 
461 214 10 14 0.040766932 
766 110 11 14 0.04074394 
319 271 9 12 0.04073832 
702 64 7 10 0.040733773 
759 54 8 9 0.040656988 
582 47 8 11 0.04063182 
435 203 12 17 0.0406242 
713 63 8 10 0.0406006 
328 284 11 14 0.04057698 
53 19 10 14 0.040515807 
299 4 15 16 0.040461373 
89 3 11 14 0.040445678 
528 284 9 12 0.040422738 
417 230 11 15 0.040250976 
264 40 8 11 0.040223442 
55 13 9 13 0.040213708 
911 47 9 11 0.040118758 
798 29 8 10 0.04003095 
813 94 8 11 0.0398718 
697 31 8 9 0.039842315 
543 22 9 11 0.039832138 
606 24 8 10 0.03982944 
355 389 15 16 0.039709028 
710 45 9 11 0.039655644 
497 237 10 12 0.039617755 
317 276 11 13 0.03961404 
609 40 7 9 0.03956256 
437 334 9 12 0.039529167 
689 48 9 11 0.039521687 
568 47 8 10 0.039475355 
457 244 9 12 0.03934908 
520 309 9 13 0.03931449 
664 334 9 11 0.039131008 
142 657 22 29 0.039127488 
367 266 11 14 0.038980205 
468 247 12 15 0.038962353 
668 99 10 13 0.038936142 
300 268 10 13 0.038923506 
425 160 9 11 0.038847852 
438 185 12 15 0.03883358 
610 0 8 10 0.038797118 
648 55 8 10 0.03878802 
501 47 9 12 0.038769197 
496 20 9 13 0.03876019 
790 94 9 11 0.03861209 
703 0 8 10 0.038601287 
334 389 9 12 0.038544185 
525 310 9 13 0.038452297 
30 36 9 12 0.03841927 
590 308 9 13 0.038176794 
519 6 9 12 0.038155343 
552 30 8 10 0.0376991 
632 72 7 9 0.037688747 
743 0 8 9 0.037657276 
372 616 11 13 0.037597194 
86 31 10 14 0.037540417 
576 253 12 13 0.037519243 
911 86 8 10 0.03739437 
669 2 9 10 0.03717245 
856 118 9 12 0.03710205 
680 55 8 11 0.03707218 
335 39 8 11 0.037005465 
783 0 10 11 0.03685835 
54 0 10 9 0.036850583 
702 30 8 10 0.03674376 
306 652 13 16 0.036630914 
800 25 8 9 0.036565796 
665 79 8 9 0.036455154 
552 0 8 9 0.036450457 
744 45 8 10 0.03635971 
460 203 11 14 0.036321048 
721 87 7 9 0.03631924 
658 30 7 10 0.036302414 
622 22 7 9 0.03628985 
645 28 9 11 0.03619196 
326 276 10 13 0.036163513 
480 30 12 15 0.036151744 
272 44 9 13 0.036141295 
852 0 11 10 0.036059245 
341 22 11 15 0.036042072 
637 101 8 11 0.03603876 
125 44 10 12 0.035937667 
417 262 9 11 0.035916872 
362 33 18 24 0.03590906 
554 21 9 12 0.035889503 
753 45 7 10 0.035851754 
48 20 9 13 0.035843972 
932 68 10 15 0.035818443 
92 634 33 31 0.03579947 
336 381 10 13 0.035701387 
279 348 12 15 0.035658374 
989 30 11 14 0.03563885 
277 436 13 17 0.03561169 
743 126 9 12 0.035592962 
242 356 14 17 0.035505436 
889 2 17 17 0.03548715 
592 49 8 9 0.03541083 
664 47 8 10 0.035319667 
631 45 8 10 0.035283804 
1014 84 9 15 0.035210844 
253 340 12 14 0.035128616 
4 43 11 15 0.0350872 
575 260 11 14 0.035075303 
182 350 10 14 0.035048943 
568 39 7 10 0.03495892 
761 104 8 10 0.034944605 
704 23 7 10 0.03493925 
376 276 11 13 0.03486829 
76 78 16 19 0.034838263 
857 30 8 10 0.034792405 
800 92 10 13 0.034741115 
126 1 10 11 0.03466197 
794 78 8 11 0.03457781 
455 215 11 14 0.034559343 
649 68 7 10 0.034552097 
744 4 9 11 0.03451245 
485 211 9 13 0.034452766 
615 54 8 12 0.034364197 
54 39 10 11 0.03431207 
882 92 9 12 0.034171976 
527 12 9 11 0.034135602 
1 68 13 17 0.034114152 
243 348 14 17 0.034082763 
253 64 11 13 0.034072403 
477 195 11 13 0.034012727 
581 6 9 9 0.0340114 
544 38 8 10 0.03392028 
292 222 11 14 0.033874173 
202 258 13 16 0.033858847 
794 86 9 11 0.03385337 
442 67 20 26 0.033723745 
847 102 10 14 0.033714782 
451 49 12 14 0.03364209 
722 8 7 9 0.033562124 
727 7 8 10 0.03351001 
330 324 12 16 0.03350698 
220 11 9 12 0.0335008 
223 365 10 13 0.0333054 
712 77 8 10 0.033208217 
784 39 8 10 0.033184536 
768 51 8 10 0.0331386 
327 269 12 14 0.033131268 
252 4 12 15 0.033066336 
895 93 9 12 0.03302966 
260 349 13 16 0.032952573 
655 39 8 10 0.03294553 
23 387 10 14 0.032934636 
485 0 10 10 0.03289671 
910 101 9 13 0.032869007 
610 6 8 10 0.03285746 
108 619 25 27 0.03256345 
438 339 9 12 0.03255618 
421 263 11 13 0.032551378 
119 69 11 13 0.03253609 
246 37 9 12 0.0324819 
624 72 8 10 0.032412786 
721 23 8 10 0.03236749 
125 55 10 12 0.0323032 
763 123 13 14 0.03229552 
534 22 10 12 0.03225714 
54 5 11 13 0.032187693 
347 29 10 13 0.032171503 
552 268 11 13 0.032166474 
566 31 8 9 0.032160714 
307 331 14 18 0.032106087 
338 290 13 15 0.03205764 
594 28 8 12 0.032050226 
295 275 9 12 0.032048464 
791 63 8 11 0.032045234 
437 327 9 11 0.032000363 
575 245 11 14 0.03191285 
398 267 9 12 0.031896688 
133 634 14 19 0.031828467 
157 45 9 11 0.031785794 
5 23 10 15 0.03163673 
504 37 9 12 0.031594057 
110 63 10 12 0.03152043 
448 316 9 12 0.031445157 
909 69 10 13 0.031418156 
65 604 100 86 0.031392995 
251 629 73 52 0.031361993 
779 610 13 16 0.031219175 
601 48 7 10 0.031085273 
624 44 9 11 0.031032503 
580 213 11 15 0.030945186 
689 14 8 11 0.030910231 
633 80 6 8 0.030892532 
687 95 9 12 0.030836463 
264 54 8 11 0.030821025 
678 37 8 10 0.030771809 
304 299 11 15 0.030734906 
439 316 9 12 0.030649949 
776 69 8 9 0.03064204 
87 0 12 12 0.030621713 
402 671 12 13 0.030610664 
206 373 9 11 0.030555401 
702 68 8 11 0.030536968 
910 76 9 12 0.030507764 
575 295 8 10 0.03044962 
206 -1 10 10 0.030446656 
814 23 8 11 0.03042603 
678 47 9 10 0.030414298 
396 301 9 12 0.030354353 
311 50 9 13 0.030342652 
853 5 13 14 0.030283706 
615 5 8 10 0.030247364 
-1 6 10 15 0.03022755 
615 15 7 10 0.030053599 
521 29 10 12 0.030047413 
642 85 8 10 0.030031908 
904 38 9 11 0.029954443 
825 73 8 11 0.029877717 
352 107 9 13 0.029866701 
416 30 9 13 0.029861404 
727 295 9 12 0.02985594 
176 350 10 12 0.029854411 
423 40 12 14 0.029845847 
592 17 9 11 0.029827178 
319 229 19 23 0.02979918 
576 6 8 10 0.029787684 
536 277 10 13 0.029766867 
324 302 12 14 0.02973843 
670 24 8 11 0.029713567 
433 242 11 14 0.029657347 
790 40 10 12 0.029642148 
331 260 13 14 0.029630711 
607 65 8 10 0.029624624 
425 200 18 21 0.029567672 
722 13 7 10 0.029548911 
286 359 10 12 0.029548462 
333 252 12 15 0.029468276 
776 36 8 10 0.029438574 
790 124 12 14 0.029421497 
807 99 10 13 0.029347146 
593 -1 8 8 0.029276678 
689 39 7 9 0.02925698 
600 0 9 8 0.029238513 
671 86 10 11 0.029210486 
227 268 12 14 0.029116498 
637 96 9 10 0.029009003 
512 5 9 12 0.029006392 
631 89 8 9 0.028954854 
520 21 11 13 0.02888308 
631 56 8 10 0.02883721 
207 277 9 12 0.028835893 
616 87 9 11 0.028806135 
722 31 8 10 0.028739657 
968 93 8 10 0.028737538 
310 309 10 13 0.028735803 
430 159 9 10 0.02873044 
575 64 8 10 0.028727934 
759 116 10 12 0.028724171 
324 405 12 16 0.028673451 
31 332 10 12 0.028659897 
486 278 11 13 0.028651793 
671 325 9 13 0.028633785 
655 81 8 10 0.02863086 
326 293 12 13 0.02862539 
49 13 10 13 0.028625222 
444 219 12 14 0.02851163 
562 212 12 14 0.028502623 
151 31 10 13 0.028358797 
880 86 9 13 0.028354816 
616 72 8 9 0.028242638 
310 429 11 14 0.028035546 
833 11 10 12 0.027865663 
238 349 11 14 0.02784462 
623 79 7 8 0.027718259 
862 68 9 11 0.027664771 
935 10 11 14 0.02763496 
752 29 8 10 0.027540663 
575 23 8 10 0.027526518 
294 359 11 14 0.02752094 
551 62 10 11 0.027490355 
814 6 10 11 0.027485268 
4 635 14 24 0.027445095 
488 293 10 12 0.027387008 
705 6 7 10 0.027381774 
438 91 9 12 0.027338354 
769 13 8 10 0.027336674 
188 11 11 13 0.02730323 
70 336 11 14 0.027301854 
405 277 10 13 0.027292626 
527 262 9 12 0.027243324 
388 339 10 14 0.027194545 
632 33 8 9 0.027179627 
822 93 9 12 0.0271683 
456 286 10 14 0.027151152 
558 334 10 14 0.027138326 
383 605 10 13 0.027130697 
666 25 7 9 0.027099144 
853 103 8 11 0.0270089 
889 111 9 13 0.02698589 
435 671 14 16 0.026829438 
615 39 7 9 0.026779046 
285 20 9 13 0.026739098 
775 49 7 10 0.026730336 
1005 34 11 14 0.026714265 
228 309 10 13 0.026714137 
940 -2 20 20 0.026711166 
830 83 9 12 0.026694873 
631 94 9 11 0.02664935 
87 66 11 13 0.026635565 
330 237 11 14 0.026583364 
855 10 12 15 0.02649444 
519 12 10 12 0.026458975 
456 277 10 12 0.026379142 
260 6 10 13 0.026359377 
777 63 7 10 0.026347144 
985 37 9 12 0.026309006 
917 47 9 12 0.026308116 
38 331 10 15 0.02626708 
287 622 67 54 0.02623108 
440 46 10 13 0.026181769 
821 0 10 10 0.026092306 
450 38 13 15 0.026085572 
22 0 11 12 0.02600369 
530 0 9 10 0.02592542 
194 462 13 17 0.025786601 
446 26 11 14 0.025755683 
78 636 34 37 0.02575381 
816 77 9 11 0.025705824 
278 20 11 14 0.025702355 
678 69 9 11 0.025634324 
286 316 14 19 0.025588911 
461 277 9 12 0.025533918 
402 45 12 16 0.025522638 
870 28 9 11 0.025522156 
711 103 8 10 0.025484176 
657 69 7 10 0.025483666 
364 422 9 11 0.025480498 
702 53 9 10 0.025428496 
221 246 11 15 0.025417643 
533 269 10 13 0.025385931 
821 4 11 13 0.02533603 
415 251 10 14 0.025332995 
18 35 20 25 0.025324898 
728 77 8 10 0.025249876 
556 260 10 13 0.025183132 
118 22 10 12 0.025171978 
471 323 12 15 0.025141977 
488 285 11 14 0.025107149 
646 15 8 10 0.02510163 
845 24 10 13 0.02509607 
724 667 13 15 0.02507618 
59 4 20 26 0.025051087 
249 52 10 12 0.025038725 
734 78 8 10 0.025038436 
589 286 10 12 0.024995115 
736 37 8 11 0.024975691 
288 370 12 16 0.024946 
285 45 10 13 0.024942167 
784 12 9 10 0.02486051 
967 0 10 11 0.024859443 
769 2 9 10 0.024831224 
864 62 9 12 0.024826841 
695 7 8 10 0.024791542 
454 318 9 10 0.024736086 
735 8 8 10 0.02471651 
582 1 8 8 0.024629898 
710 126 12 16 0.024625404 
437 173 13 18 0.024592815 
176 6 11 13 0.024566127 
565 60 9 12 0.024548559 
512 12 9 12 0.024545494 
695 38 7 9 0.024514984 
351 374 12 14 0.024461577 
332 316 11 14 0.024383334 
814 89 9 11 0.024355292 
319 647 11 13 0.024348263 
510 47 9 12 0.024300518 
310 435 11 15 0.024280569 
649 46 8 9 0.024276152 
719 79 8 10 0.02427223 
758 70 8 10 0.024267014 
822 28 10 12 0.024262754 
759 30 9 10 0.024223318 
277 331 11 14 0.024153896 
100 2 14 16 0.02412832 
300 356 15 18 0.02412528 
49 6 9 12 0.024042461 
575 267 11 13 0.024025407 
493 29 10 13 0.02401715 
357 307 10 13 0.02400768 
357 236 11 13 0.02396841 
624 32 7 9 0.023944397 
493 292 9 13 0.023939239 
339 284 14 15 0.02392913 
488 19 9 12 0.023922464 
263 363 13 17 0.023901397 
529 291 10 14 0.023893222 
565 205 20 25 0.023872156 
341 485 10 12 0.023870004 
920 52 9 12 0.02384234 
494 4 10 11 0.023840347 
832 2 11 12 0.023826875 
785 96 8 12 0.023788935 
243 369 14 17 0.023770362 
525 25 18 24 0.02368918 
368 342 10 13 0.023663074 
304 243 11 14 0.023640815 
695 22 9 12 0.023632541 
68 110 14 16 0.023596235 
792 527 9 13 0.023568109 
302 29 11 14 0.023526315 
505 29 9 12 0.023488706 
333 0 20 22 0.023486584 
390 253 10 13 0.02347452 
831 62 9 10 0.02345511 
5 37 10 14 0.023453677 
461 228 10 12 0.02341723 
397 254 11 15 0.02340736 
371 255 11 13 0.02338042 
691 303 12 14 0.023377795 
145 29 10 12 0.023371037 
480 21 10 13 0.023294186 
830 93 10 11 0.023260485 
244 442 11 14 0.023196708 
905 76 9 12 0.023167752 
741 16 8 10 0.02314816 
726 102 9 12 0.02314455 
734 68 8 11 0.02313627 
776 101 8 11 0.023133783 
704 293 9 12 0.023129791 
797 46 10 13 0.023057938 
839 1 10 11 0.02299099 
535 261 9 11 0.022946162 
211 233 10 13 0.02294146 
307 365 12 15 0.022935933 
303 288 11 14 0.022926178 
382 611 11 15 0.022922069 
833 26 11 14 0.022904236 
492 16 10 13 0.022868894 
334 18 12 16 0.022685913 
869 60 9 12 0.022670563 
751 15 18 24 0.022642696 
1015 78 9 14 0.022639232 
456 239 9 13 0.022637617 
343 414 11 13 0.022609813 
336 484 9 13 0.022607062 
37 30 9 12 0.022595467 
112 620 14 16 0.022584237 
548 251 12 15 0.022582889 
848 44 8 11 0.022578424 
647 62 9 12 0.022576243 
327 253 10 13 0.022558331 
879 101 8 11 0.022553958 
520 36 9 11 0.022508759 
15 76 11 14 0.022481153 
416 268 9 11 0.022412416 
776 606 12 15 0.022378355 
919 77 10 12 0.022370217 
199 294 9 14 0.022243045 
593 38 8 10 0.022238119 
139 1 12 13 0.022230294 
600 37 7 9 0.022213465 
925 53 9 13 0.022194594 
559 254 11 13 0.022175869 
310 31 9 12 0.02210398 
198 265 10 14 0.022032814 
750 86 10 14 0.022025911 
968 12 10 12 0.021984488 
35 327 19 25 0.021941429 
896 68 9 13 0.021941049 
766 613 11 15 0.021918401 
438 53 10 12 0.021897111 
615 61 9 11 0.021859182 
780 85 8 11 0.021851018 
359 60 13 16 0.021846673 
477 220 11 14 0.02180853 
799 14 9 10 0.021776073 
471 304 9 12 0.021726511 
445 213 12 14 0.021724613 
121 632 16 22 0.021673353 
30 68 10 14 0.021600623 
576 52 8 10 0.021599554 
727 88 8 10 0.021542288 
542 239 10 13 0.021533066 
561 52 9 12 0.021528175 
599 53 8 9 0.021519585 
805 79 8 10 0.021509426 
663 87 9 11 0.021501666 
590 315 9 12 0.021482086 
783 106 10 13 0.021455944 
333 243 11 15 0.021453876 
192 295 9 12 0.02143492 
351 302 11 13 0.021377916 
428 670 13 15 0.021373196 
872 79 9 11 0.02136607 
344 310 11 13 0.021352144 
722 0 8 9 0.02129492 
398 673 13 15 0.02126759 
519 302 10 14 0.0212637 
639 12 9 11 0.021242611 
871 104 9 11 0.021211257 
471 330 11 15 0.02116134 
719 55 8 10 0.021152826 
303 443 11 14 0.021140333 
55 27 10 13 0.021133877 
118 15 9 12 0.021104312 
141 60 11 13 0.021099709 
38 62 10 13 0.021094069 
349 36 9 12 0.021087548 
127 634 24 30 0.021046827 
63 28 10 14 0.021034813 
287 216 9 11 0.021033516 
310 318 12 15 0.021026315 
542 13 9 11 0.021001276 
406 270 9 11 0.020996748 
226 22 9 12 0.02096339 
221 315 13 15 0.020959355 
285 13 10 12 0.020888144 
344 388 11 14 0.020885522 
59 441 14 17 0.020856133 
438 197 11 16 0.020829815 
76 56 14 17 0.020757318 
186 22 12 14 0.02074244 
475 254 11 14 0.02071601 
442 45 21 26 0.020700485 
855 109 9 12 0.020699944 
584 302 9 12 0.020670947 
664 36 8 10 0.020636624 
789 1 10 10 0.020563573 
860 118 10 13 0.020548671 
14 18 11 14 0.020532371 
281 222 10 13 0.020522583 
879 27 10 13 0.020520953 
48 28 8 11 0.020478347 
387 233 12 14 0.02046078 
278 341 12 14 0.020439368 
35 340 12 16 0.020436201 
472 279 9 12 0.020401405 
199 38 9 12 0.020391079 
856 38 8 11 0.02035834 
372 348 10 13 0.020338645 
279 364 9 12 0.020321604 
663 14 8 10 0.020321263 
809 7 9 10 0.020315548 
557 235 11 14 0.020306373 
671 61 9 10 0.020278603 
423 179 11 14 0.02027174 
670 331 7 12 0.020235032 
343 381 10 12 0.020203538 
279 356 10 12 0.020192057 
144 46 8 10 0.020177057 
760 85 8 11 0.020171078 
431 46 21 26 0.020167377 
860 138 13 17 0.020165415 
688 0 8 9 0.020161694 
528 39 19 24 0.020153848 
782 79 8 11 0.020137645 
376 358 11 14 0.02008032 
296 28 11 14 0.020076308 
527 301 10 13 0.020037912 
371 44 10 12 0.020031191 
