58_Hockey_icehockey_puck_58_697
20
411 105 123 170 0.9998136 
545 603 107 123 0.26034915 
655 722 11 16 0.12905355 
190 522 15 21 0.0788756 
587 589 124 144 0.051655855 
399 201 412 514 0.046880458 
563 642 111 133 0.036661096 
563 699 36 40 0.032847527 
340 377 364 473 0.03122722 
655 589 66 82 0.029676132 
627 10 369 545 0.029218644 
610 678 63 81 0.028947754 
708 633 30 38 0.026431875 
581 637 33 37 0.024859795 
609 580 68 81 0.02301626 
642 570 109 146 0.022756346 
601 609 74 90 0.021440526 
190 331 371 489 0.020651571 
600 649 15 17 0.020428583 
648 721 13 17 0.02037482 
