58_Hockey_icehockey_puck_58_715
42
625 149 152 203 0.98393524 
272 46 179 254 0.89154536 
621 60 27 32 0.26057222 
173 387 85 133 0.22977802 
840 216 188 316 0.104918584 
127 347 122 149 0.087050475 
229 63 91 140 0.063484006 
653 -12 226 298 0.058217507 
312 0 144 142 0.049951054 
627 0 17 20 0.048849046 
69 261 173 212 0.04828718 
876 345 131 206 0.045389827 
53 502 64 82 0.044247646 
449 35 32 37 0.03971183 
822 33 215 348 0.039078757 
253 93 120 171 0.037589412 
583 5 25 33 0.037283357 
58 453 113 126 0.030657684 
246 17 59 77 0.03023695 
636 2 32 37 0.029841242 
599 49 39 52 0.029195748 
410 13 71 67 0.028975155 
590 -141 393 439 0.027048973 
79 500 72 77 0.026413083 
284 75 67 85 0.026063142 
248 26 119 140 0.025948822 
537 478 58 72 0.025352858 
571 2 15 21 0.025194934 
570 29 41 55 0.024771105 
745 -22 116 186 0.024631612 
556 474 32 41 0.024498513 
668 -7 363 524 0.024480507 
534 -2 33 34 0.024085745 
385 -4 127 137 0.023981927 
337 52 83 78 0.02397256 
246 -77 300 402 0.023783527 
255 40 71 91 0.02219048 
457 56 18 20 0.021991134 
270 18 80 86 0.02154969 
644 -1 15 14 0.021011569 
570 4 44 53 0.020993454 
568 3 24 34 0.020792784 
