58_Hockey_icehockey_puck_58_825
46
342 214 31 42 0.9990508 
595 113 27 37 0.99894327 
790 218 32 40 0.9986413 
210 229 33 43 0.9986355 
574 231 30 39 0.9986154 
713 121 29 37 0.99857867 
211 117 29 37 0.9980573 
683 222 31 40 0.99782556 
295 119 28 34 0.9977723 
820 119 28 36 0.9977469 
346 105 25 33 0.9977464 
476 215 31 41 0.99734145 
543 99 28 35 0.997256 
250 111 26 34 0.9966595 
768 102 26 34 0.99633336 
106 111 27 38 0.99625176 
389 115 27 34 0.9956638 
497 126 27 33 0.9947614 
638 103 26 32 0.99351007 
452 88 24 29 0.9684345 
840 397 37 45 0.91013986 
93 384 49 53 0.68665 
452 103 24 30 0.1084586 
322 109 22 28 0.054402824 
774 370 24 30 0.053202197 
230 106 37 46 0.05028113 
370 113 16 21 0.04809857 
260 307 197 270 0.04502726 
792 376 18 21 0.03936995 
376 111 24 31 0.03877494 
1013 156 10 16 0.035955366 
506 221 24 31 0.033640366 
162 255 14 19 0.030007618 
797 104 23 30 0.026937567 
144 424 64 65 0.0266436 
167 232 24 32 0.025736298 
325 127 17 22 0.025695687 
575 107 15 21 0.023368709 
783 336 13 16 0.023093712 
454 117 18 21 0.022769136 
881 405 25 34 0.022722103 
691 321 15 18 0.022058358 
719 367 34 39 0.022022577 
514 226 15 18 0.021175722 
756 401 14 18 0.020636898 
230 155 372 482 0.02039747 
