58_Hockey_icehockey_puck_58_940
48
825 264 27 30 0.9533179 
693 291 30 35 0.904791 
405 300 87 131 0.79364014 
421 316 38 39 0.2642977 
778 372 11 15 0.20476677 
253 220 11 14 0.19710325 
413 309 53 75 0.19170712 
288 205 9 13 0.17598473 
291 203 10 13 0.08308188 
564 323 16 23 0.073005095 
329 219 12 16 0.06494569 
316 203 11 14 0.049175642 
628 200 15 19 0.03995397 
684 222 9 12 0.034377035 
966 243 10 12 0.03256702 
563 316 14 18 0.03190405 
301 221 12 15 0.030413203 
249 198 9 12 0.029615398 
669 370 25 36 0.0288336 
384 8 444 490 0.027775168 
248 204 9 12 0.026213147 
455 209 8 10 0.026208343 
313 197 12 16 0.025209034 
655 446 10 13 0.025132343 
972 740 23 26 0.02512246 
564 328 24 29 0.024238681 
487 206 8 11 0.023065882 
320 221 10 13 0.02303466 
711 296 28 31 0.0227319 
694 229 10 12 0.022728026 
885 415 10 12 0.022721801 
248 228 9 12 0.022601759 
671 377 14 20 0.022345662 
478 223 8 10 0.022196768 
493 236 9 11 0.022143006 
918 611 12 14 0.022073707 
456 190 7 10 0.021784756 
670 202 13 17 0.02150207 
489 232 8 10 0.021490933 
563 344 24 27 0.021327334 
437 207 9 11 0.020975856 
40 -29 435 456 0.020836607 
254 175 11 14 0.020814605 
742 184 9 11 0.020669319 
728 213 10 12 0.020580221 
735 220 8 11 0.020012489 
496 223 7 8 0.020008514 
717 155 11 13 0.020000037 
