58_Hockey_icehockey_puck_58_926
198
567 103 59 70 0.99885213 
348 17 54 67 0.9978613 
216 220 62 70 0.9970381 
879 51 52 65 0.9963403 
397 321 58 70 0.99598986 
935 274 55 72 0.99234915 
604 378 65 71 0.9695626 
479 190 47 62 0.7026413 
461 195 43 63 0.43321046 
225 68 199 206 0.4155051 
459 422 68 94 0.30631858 
509 386 28 36 0.29184115 
704 606 53 71 0.25901404 
820 393 48 63 0.25029138 
227 302 106 104 0.19654249 
390 233 57 64 0.19004785 
896 365 91 117 0.15692692 
769 489 31 34 0.15176393 
346 528 29 34 0.1509279 
102 615 52 52 0.11938533 
621 257 47 58 0.11689951 
792 308 47 60 0.102414064 
473 427 99 130 0.101894714 
547 220 57 73 0.098558635 
678 371 51 63 0.09727429 
353 313 31 48 0.09609157 
584 375 57 66 0.09486649 
879 377 64 79 0.09291455 
233 366 207 272 0.09181903 
219 115 139 116 0.09092777 
589 244 47 63 0.08576266 
584 408 66 73 0.0856426 
692 500 50 74 0.084784865 
709 212 62 64 0.0841508 
4 218 104 106 0.08114463 
423 305 51 72 0.077543296 
565 339 51 64 0.07660003 
448 304 47 65 0.07632483 
404 242 32 35 0.07531139 
897 267 51 71 0.073858246 
726 316 54 67 0.072399534 
724 431 30 38 0.072178215 
159 290 56 62 0.07107902 
644 481 50 61 0.07013906 
746 303 52 67 0.070081055 
349 368 50 63 0.06922163 
842 163 38 43 0.06782977 
664 227 55 71 0.06294527 
609 264 35 42 0.062190108 
336 414 22 37 0.06185624 
668 324 32 41 0.061247393 
779 519 43 58 0.0612275 
496 377 46 61 0.0608381 
849 192 96 121 0.060319774 
954 128 46 68 0.06015972 
481 178 74 95 0.05947741 
801 234 63 65 0.059119895 
929 117 38 54 0.058141857 
188 248 30 34 0.058045838 
646 375 52 66 0.057663247 
435 424 63 79 0.057452425 
923 125 59 74 0.056715924 
449 330 185 205 0.055778872 
672 602 57 76 0.055599947 
513 454 56 77 0.050171774 
801 323 53 69 0.049759623 
361 313 47 66 0.04935018 
634 268 56 68 0.049124863 
665 248 30 49 0.04881017 
412 414 197 197 0.04855974 
851 395 57 71 0.048120018 
642 234 53 71 0.04767262 
113 238 34 37 0.047486443 
894 149 65 80 0.047314733 
182 322 39 48 0.04696198 
709 332 51 66 0.046340264 
585 311 49 70 0.045879517 
549 360 59 67 0.045811515 
56 253 64 66 0.04451521 
121 251 51 58 0.044094346 
274 346 36 37 0.042775214 
132 273 54 62 0.042353477 
856 277 49 64 0.0423209 
307 122 80 74 0.042305518 
550 340 95 116 0.04181379 
83 262 57 58 0.041107867 
738 219 51 53 0.04084551 
688 198 101 104 0.04084016 
73 439 17 23 0.039968893 
655 500 90 113 0.03980913 
684 556 49 80 0.039298557 
439 207 47 65 0.039293665 
217 167 10 12 0.03927258 
773 498 42 56 0.0392479 
523 283 159 218 0.038251687 
818 251 13 15 0.03607555 
514 193 78 98 0.036045417 
546 249 37 41 0.036029674 
-2 452 27 44 0.035631612 
593 351 51 64 0.035518218 
776 193 105 120 0.03511488 
618 375 43 47 0.03480307 
776 485 19 23 0.034773756 
256 88 39 42 0.03452955 
873 386 38 49 0.033884894 
846 165 54 65 0.03383155 
975 144 33 45 0.033429213 
40 237 102 110 0.032983735 
343 323 50 69 0.03285359 
568 437 58 67 0.032563854 
308 144 125 139 0.032415893 
653 355 80 102 0.032096684 
622 230 44 56 0.031784218 
956 188 28 35 0.031200472 
108 268 54 62 0.030998725 
710 511 49 72 0.030855913 
562 640 26 29 0.030807992 
964 80 49 67 0.030716408 
869 242 62 80 0.030692665 
649 263 36 46 0.030590575 
330 254 46 59 0.030462814 
837 383 50 68 0.030209292 
417 337 59 75 0.029932363 
363 349 52 66 0.029761648 
388 285 52 69 0.029713888 
912 391 37 48 0.029645665 
133 306 52 57 0.029457098 
657 493 58 69 0.029421909 
722 589 56 77 0.029347323 
344 411 31 41 0.029299188 
695 354 55 71 0.02902185 
211 152 64 74 0.029019978 
918 61 33 43 0.02898024 
194 255 17 19 0.02879832 
292 97 115 136 0.028674223 
624 330 53 63 0.02851271 
814 207 74 76 0.028342398 
808 249 31 33 0.028095068 
679 571 89 121 0.028086267 
873 179 72 83 0.028024634 
820 333 59 74 0.027888238 
823 304 51 58 0.027859852 
734 442 44 56 0.027829949 
502 198 39 52 0.02751997 
605 287 60 77 0.027266305 
950 148 32 40 0.02709786 
357 250 54 62 0.026814017 
636 279 85 104 0.026743224 
666 395 53 67 0.026539097 
278 110 183 258 0.026085336 
366 281 35 41 0.025976617 
783 318 31 50 0.025966942 
972 94 30 33 0.025914857 
842 292 46 60 0.02580205 
758 173 192 203 0.02568565 
656 186 185 183 0.025411678 
687 336 50 65 0.025365038 
730 524 45 68 0.025185304 
745 486 44 57 0.025042467 
873 348 58 68 0.024904815 
367 206 95 101 0.02475338 
225 152 95 117 0.024426749 
537 447 58 72 0.024079166 
361 140 29 36 0.02405306 
1 199 177 281 0.02404534 
590 320 93 119 0.023940856 
318 427 28 40 0.023787307 
665 327 49 62 0.023584856 
572 383 34 41 0.023581062 
468 366 80 118 0.02350087 
947 163 14 19 0.02346204 
727 318 35 39 0.02327464 
506 338 100 115 0.022921786 
305 321 87 106 0.02281943 
465 311 51 65 0.022451784 
837 239 61 71 0.022401834 
630 391 40 44 0.022233259 
806 353 53 78 0.022040566 
165 264 56 66 0.022011288 
333 464 47 58 0.021890413 
345 393 41 47 0.02186497 
363 416 31 36 0.021639742 
579 497 14 16 0.021455092 
488 346 54 68 0.021413457 
566 394 61 72 0.021298006 
142 260 33 38 0.021111984 
617 277 20 25 0.021033054 
218 253 96 110 0.021012895 
825 333 34 40 0.020977039 
172 -31 382 467 0.020895638 
820 251 91 107 0.020746049 
267 208 53 68 0.020705909 
564 296 54 75 0.02051131 
386 331 42 51 0.020482725 
938 151 29 38 0.020404262 
803 285 81 93 0.020303627 
676 246 91 111 0.020179454 
532 219 12 16 0.020093117 
