58_Hockey_icehockey_puck_58_431
18
890 199 51 64 0.99863344 
235 301 32 39 0.89109945 
172 255 39 47 0.43930027 
362 135 238 313 0.2732087 
287 211 102 144 0.19980024 
318 139 26 28 0.09330461 
220 306 36 45 0.06962661 
267 463 12 15 0.067011885 
287 268 65 96 0.05316402 
301 180 193 257 0.036768142 
244 293 52 68 0.0360512 
801 308 49 71 0.032837283 
221 304 15 19 0.02854929 
343 45 426 455 0.025138851 
193 263 29 36 0.024604755 
243 322 18 25 0.024279203 
257 486 17 20 0.021427395 
806 334 50 76 0.020111462 
