58_Hockey_icehockey_puck_58_785
154
482 339 31 37 0.9988674 
375 339 34 46 0.9982674 
655 304 31 39 0.9976699 
329 332 31 42 0.9974878 
447 354 33 43 0.99732625 
423 294 33 39 0.9968176 
285 365 33 38 0.9967926 
245 362 32 38 0.9965174 
129 327 37 47 0.9964563 
526 340 28 34 0.99618065 
625 361 30 37 0.9949439 
917 310 34 45 0.994773 
685 337 30 36 0.9933056 
790 310 34 38 0.992149 
727 334 33 43 0.9919898 
281 309 33 37 0.97619766 
608 328 22 28 0.9085104 
754 468 24 28 0.4733664 
712 466 29 34 0.47197813 
801 432 17 22 0.45099428 
684 458 28 37 0.43857718 
138 709 15 20 0.37516445 
309 547 15 19 0.2082135 
618 308 16 20 0.18172513 
566 525 12 19 0.1782379 
136 684 12 16 0.16769896 
985 509 16 21 0.16198173 
579 338 16 22 0.14243072 
835 450 16 21 0.1404421 
610 314 23 30 0.13357972 
483 533 14 17 0.12578365 
544 292 10 13 0.1199676 
861 490 11 15 0.119261034 
540 582 13 16 0.10283145 
367 556 22 29 0.08237706 
871 467 11 15 0.073639534 
553 573 10 12 0.07110546 
527 290 10 13 0.07088585 
599 328 15 21 0.07024537 
287 506 27 38 0.068808444 
139 702 13 17 0.06835725 
286 511 14 19 0.06800538 
238 506 11 15 0.06470804 
562 309 14 18 0.06077307 
616 335 26 33 0.059111595 
893 510 10 12 0.05640762 
410 296 27 33 0.056128144 
860 330 15 19 0.055940803 
862 465 12 15 0.05514908 
589 310 12 16 0.054848824 
567 294 10 13 0.051701054 
556 382 399 465 0.051074393 
966 356 13 17 0.050777815 
229 500 14 18 0.0490722 
661 384 22 28 0.048999745 
570 496 15 19 0.046797987 
582 301 11 14 0.043457877 
120 514 26 32 0.04159291 
62 613 14 17 0.04138748 
262 364 36 44 0.040415477 
857 326 24 31 0.04022597 
810 580 14 20 0.04020847 
690 460 16 23 0.039621107 
617 322 24 30 0.03951907 
494 275 9 11 0.038949136 
829 413 11 14 0.037120596 
534 290 11 14 0.036296267 
604 280 11 13 0.035880335 
727 587 12 16 0.035751615 
464 345 37 47 0.034240074 
189 652 10 16 0.034232654 
590 661 11 14 0.03366104 
434 540 11 15 0.032847483 
908 318 27 34 0.032550894 
135 661 11 14 0.032191224 
1012 302 10 13 0.032113127 
127 637 11 16 0.031408217 
168 716 12 13 0.030784449 
241 345 32 40 0.03067716 
549 286 10 13 0.030670336 
131 642 11 15 0.030408604 
502 336 36 45 0.030015584 
548 579 12 16 0.030010851 
599 283 12 15 0.029902192 
766 289 22 34 0.029814426 
508 292 10 15 0.029340768 
749 468 15 20 0.029161278 
131 619 11 14 0.029012999 
526 506 12 14 0.028215645 
604 555 12 18 0.028005468 
584 329 21 27 0.027742727 
792 334 34 44 0.027396366 
262 508 11 15 0.027144633 
422 366 22 33 0.026825676 
565 517 11 17 0.026506463 
860 499 12 16 0.026418502 
567 508 12 17 0.026398202 
145 713 13 17 0.026314888 
927 525 10 12 0.026040953 
299 528 24 31 0.025943922 
321 322 26 36 0.025819877 
565 299 12 15 0.025807852 
857 467 11 14 0.025724968 
303 552 14 18 0.025686467 
86 644 11 16 0.025668785 
209 681 11 15 0.025511833 
929 517 11 14 0.025012271 
281 510 11 15 0.024654636 
775 314 29 36 0.024030982 
1012 378 11 16 0.023878533 
836 433 15 18 0.02351049 
637 368 20 23 0.023469929 
1014 332 9 14 0.023412157 
615 302 13 17 0.023193708 
999 501 11 14 0.02311605 
247 556 11 14 0.022924917 
714 627 15 18 0.022760013 
990 486 11 13 0.022660183 
773 290 30 41 0.022611024 
1012 388 11 18 0.022308528 
804 571 13 20 0.022274993 
572 293 11 13 0.022202943 
538 13 128 167 0.02207871 
786 201 26 32 0.022069236 
580 302 20 25 0.02187634 
559 290 12 15 0.021757647 
134 685 19 25 0.021709708 
537 587 11 14 0.021621449 
184 718 9 12 0.021591518 
86 656 14 20 0.021536244 
585 308 22 26 0.021334516 
526 276 11 13 0.021332858 
555 452 16 18 0.021260962 
576 284 9 13 0.021127125 
41 570 11 15 0.021068746 
843 432 15 18 0.021042766 
315 539 15 21 0.020953791 
767 462 25 32 0.020900622 
560 515 12 16 0.020830944 
189 724 9 11 0.020825764 
764 346 16 21 0.02077463 
129 747 16 19 0.020725252 
242 499 13 17 0.020596039 
472 573 9 12 0.020576805 
727 255 9 13 0.020573173 
500 523 13 15 0.02053694 
2 499 9 15 0.020448448 
861 507 11 15 0.0204429 
588 322 15 19 0.02037138 
880 395 11 14 0.020272354 
295 553 29 35 0.020237487 
38 472 34 43 0.020227438 
443 297 26 34 0.020062964 
605 306 22 28 0.02004948 
