58_Hockey_icehockey_puck_58_680
610
562 329 33 40 0.9987715 
773 342 36 44 0.99591196 
839 207 32 40 0.99549794 
562 243 35 39 0.9954282 
468 319 38 44 0.99500704 
330 237 36 44 0.99341726 
891 365 37 41 0.9903606 
368 320 37 43 0.98958194 
670 356 33 36 0.98828375 
753 217 30 37 0.9870727 
434 229 32 38 0.9760099 
788 124 16 19 0.97424096 
694 236 31 39 0.9650522 
225 198 34 36 0.9610226 
927 80 14 18 0.9573676 
954 120 17 22 0.93043256 
803 151 14 19 0.9279011 
644 141 14 18 0.9253636 
625 56 13 17 0.91902554 
301 138 13 18 0.9178636 
702 153 16 20 0.9126464 
738 118 14 18 0.9068092 
702 119 14 19 0.90243196 
947 224 32 33 0.8865867 
513 111 14 18 0.8539244 
544 148 13 16 0.8511343 
499 28 15 19 0.8312779 
578 92 14 18 0.82782286 
341 30 11 14 0.82613516 
674 59 13 17 0.8243092 
548 191 32 37 0.8175766 
834 125 16 20 0.8154957 
887 135 15 19 0.7970046 
621 253 32 36 0.7857191 
369 104 14 19 0.78128755 
229 83 14 17 0.76004606 
579 129 13 19 0.74739355 
623 140 14 17 0.7411873 
771 18 13 16 0.7209072 
686 187 17 21 0.7163946 
261 177 24 28 0.711477 
484 151 13 18 0.69904286 
831 36 15 19 0.6874593 
669 1 14 17 0.683582 
791 52 11 14 0.6709342 
246 132 14 18 0.63015056 
637 190 17 20 0.61007005 
1002 44 12 16 0.59918725 
948 59 12 16 0.57007945 
378 132 14 17 0.5694735 
580 3 14 15 0.55736053 
703 27 11 13 0.5302183 
975 140 13 16 0.52319425 
9 267 63 85 0.5227103 
290 331 25 32 0.512823 
894 58 13 17 0.50733536 
983 25 11 15 0.48069835 
709 47 15 19 0.4491421 
587 44 13 17 0.44612908 
417 35 13 16 0.43714818 
363 23 12 15 0.42800322 
450 16 12 14 0.41081485 
936 166 13 17 0.40956983 
426 108 14 18 0.4025967 
19 99 13 18 0.39786112 
115 79 12 15 0.3950887 
348 134 15 19 0.37739795 
256 346 41 47 0.37037116 
397 0 14 14 0.3594793 
917 18 13 17 0.3594394 
538 114 13 17 0.34917417 
95 165 30 43 0.34353974 
524 45 11 13 0.34267718 
307 18 13 15 0.33799127 
334 142 14 17 0.32274976 
982 171 14 18 0.31561172 
396 218 15 20 0.31319067 
589 59 12 16 0.27902156 
301 80 11 14 0.27208665 
730 63 12 13 0.24552555 
465 112 15 19 0.23259172 
446 94 11 15 0.22933896 
49 37 12 15 0.21545868 
435 133 13 17 0.21507023 
702 84 11 15 0.20833382 
887 102 13 17 0.19737513 
479 80 12 16 0.19520165 
465 35 11 14 0.19498871 
273 134 9 12 0.19426282 
35 61 16 19 0.19158627 
874 43 12 14 0.1832321 
139 246 53 66 0.18157244 
365 58 12 16 0.17942221 
137 276 51 63 0.17899725 
834 29 14 18 0.17864491 
557 36 14 18 0.17012182 
725 19 11 15 0.1680113 
732 371 37 47 0.16687645 
610 488 25 31 0.15989226 
276 335 32 35 0.15150325 
701 356 27 38 0.14390609 
176 52 9 11 0.14154427 
340 139 13 17 0.13843769 
614 194 12 17 0.13437276 
869 154 13 16 0.13219512 
392 21 10 13 0.13040236 
524 73 15 19 0.12895861 
212 13 11 16 0.12844828 
734 191 15 19 0.1210497 
558 29 13 16 0.120884515 
923 4 13 16 0.12072543 
515 1 14 14 0.11804633 
523 68 13 15 0.117730536 
916 100 11 14 0.11584937 
852 182 14 18 0.11563037 
870 77 11 14 0.11422154 
683 129 13 19 0.11189032 
403 76 13 16 0.11157188 
944 101 12 15 0.111465365 
624 -1 13 13 0.110044695 
341 160 14 17 0.108178996 
615 75 11 15 0.10813868 
284 156 12 16 0.10732258 
231 12 13 16 0.10507464 
468 62 13 16 0.104924396 
704 50 11 14 0.10259774 
534 119 16 20 0.10167876 
119 117 15 17 0.09920643 
1005 243 14 19 0.09811058 
527 83 13 16 0.0968179 
597 355 16 20 0.09532755 
501 1 12 12 0.09366808 
297 375 24 36 0.09293846 
394 89 15 18 0.09247595 
75 168 40 50 0.091436714 
996 74 13 17 0.09026778 
108 46 10 14 0.09022106 
398 238 25 31 0.089779444 
408 90 11 16 0.08969932 
967 12 12 15 0.08955882 
503 57 12 15 0.086629994 
314 192 17 21 0.08641716 
246 66 10 13 0.08586293 
446 156 13 16 0.08577649 
518 74 12 15 0.08367167 
676 106 11 16 0.083628036 
362 208 15 18 0.0822785 
917 8 20 24 0.08179967 
797 69 15 17 0.08087636 
868 26 12 16 0.08056792 
959 163 14 17 0.07981058 
446 27 13 17 0.079347074 
744 365 26 35 0.079123765 
700 212 18 20 0.07850841 
319 -2 11 10 0.07828202 
885 12 16 18 0.07809165 
794 176 14 18 0.07654389 
42 61 14 16 0.07562761 
735 219 23 31 0.07480402 
374 66 11 15 0.07457618 
2 72 15 19 0.07204153 
445 115 11 14 0.07153912 
345 35 13 17 0.06979025 
310 168 22 29 0.06931297 
389 138 11 14 0.06908476 
697 217 24 30 0.06892935 
262 199 15 21 0.06856153 
428 20 11 14 0.06769251 
733 74 13 16 0.06672132 
327 210 37 45 0.066630065 
305 101 9 13 0.06617854 
277 157 13 16 0.065343685 
755 200 28 34 0.06459254 
748 190 22 29 0.064543076 
739 141 11 16 0.0630919 
621 226 16 19 0.062216263 
437 35 11 13 0.061987266 
702 76 12 16 0.061302822 
250 482 46 58 0.061058067 
223 -1 11 11 0.060836844 
377 146 16 21 0.060820356 
900 230 13 17 0.060530182 
453 69 12 14 0.060101707 
366 33 12 16 0.059883263 
324 105 11 15 0.05969359 
337 34 12 16 0.059175916 
828 136 14 19 0.05821203 
427 198 28 29 0.05798384 
696 50 12 15 0.057376157 
997 66 13 18 0.05709325 
460 83 13 15 0.056943372 
452 211 14 19 0.0569094 
12 94 22 30 0.056669448 
731 21 11 14 0.056306995 
787 47 19 24 0.05591364 
367 243 22 29 0.055441644 
751 189 13 18 0.055423327 
285 266 28 35 0.054849736 
317 20 11 15 0.05454285 
270 158 13 16 0.05375454 
671 102 12 16 0.052800104 
478 156 19 27 0.052524563 
836 187 14 18 0.05213129 
756 57 15 19 0.051930208 
735 0 10 10 0.05166301 
429 166 12 16 0.051518068 
662 83 12 16 0.05149408 
726 225 14 20 0.051356867 
430 28 12 14 0.05111641 
451 160 12 16 0.050766896 
732 223 16 22 0.050711464 
370 60 13 16 0.050694466 
668 82 11 14 0.049410585 
768 200 24 27 0.049026437 
468 41 12 15 0.049000766 
963 157 13 16 0.048691686 
510 92 10 14 0.04833706 
967 157 21 27 0.048278827 
420 20 14 17 0.04752682 
414 23 13 16 0.046960242 
180 52 10 13 0.04689016 
685 59 11 14 0.04635671 
618 188 14 18 0.046167534 
374 126 14 17 0.045794312 
405 81 14 20 0.045767017 
620 34 12 16 0.04487806 
893 34 11 15 0.044826422 
736 194 21 29 0.044788904 
451 98 11 15 0.044164315 
702 206 14 17 0.04395726 
469 165 12 17 0.043113828 
885 49 22 26 0.04300949 
239 182 39 46 0.042988587 
216 126 12 15 0.042939316 
444 218 17 18 0.042182047 
975 169 16 19 0.041982252 
597 550 15 18 0.041831274 
885 26 16 20 0.041775815 
741 163 14 19 0.04171739 
389 222 16 19 0.041686546 
552 41 13 17 0.041588165 
779 202 15 21 0.040957596 
82 176 16 19 0.040559888 
309 108 10 13 0.040495556 
467 102 12 17 0.040259566 
1005 4 13 17 0.04002504 
965 150 12 15 0.039431263 
627 221 13 16 0.03933254 
397 134 10 15 0.039159264 
469 76 14 18 0.039122064 
431 37 11 13 0.038842432 
463 67 13 16 0.03878498 
19 30 15 18 0.038784936 
53 67 11 13 0.03849726 
356 67 13 16 0.038296882 
507 53 12 15 0.038208682 
447 69 13 14 0.038118273 
635 497 15 19 0.038062263 
93 39 10 14 0.037651822 
471 203 24 29 0.03736131 
841 182 21 26 0.036993 
858 186 14 18 0.036824334 
585 47 22 26 0.036740936 
350 42 11 16 0.036716565 
421 200 17 21 0.036714874 
422 12 14 17 0.036699735 
529 91 14 17 0.036678325 
622 65 11 15 0.0366209 
598 -2 11 12 0.036417387 
1015 29 10 14 0.036265787 
676 235 13 15 0.03616598 
407 28 11 14 0.03615699 
162 3 11 14 0.03592409 
370 211 11 15 0.035877876 
307 370 26 38 0.035806984 
436 108 13 16 0.035759125 
408 168 12 17 0.035645735 
412 164 12 18 0.03544628 
291 154 14 19 0.03540849 
917 194 11 16 0.035376232 
663 101 11 15 0.035314508 
772 48 13 18 0.035023455 
721 13 11 15 0.034902133 
961 144 21 27 0.03486813 
109 73 20 24 0.034655094 
241 63 9 12 0.034647968 
315 165 15 19 0.034630105 
23 0 9 8 0.03426264 
95 11 12 17 0.034182835 
708 24 10 13 0.033937242 
431 44 11 13 0.0338984 
461 98 21 30 0.03382276 
674 318 31 36 0.033796813 
582 218 14 17 0.0337962 
376 237 21 29 0.03378834 
961 117 14 19 0.033731353 
318 157 12 15 0.033663098 
697 116 14 19 0.03364941 
410 2 14 16 0.03364287 
627 152 13 17 0.03353673 
898 86 13 16 0.033479422 
454 76 13 16 0.03339462 
445 75 13 16 0.03336906 
275 127 12 14 0.03321409 
553 181 25 31 0.033167165 
596 65 12 15 0.03297462 
299 57 14 18 0.03289373 
512 76 11 14 0.032829367 
961 166 18 21 0.03276384 
720 228 22 30 0.032737337 
853 175 11 14 0.032707892 
367 92 14 19 0.03243708 
869 37 20 25 0.03232219 
966 140 13 15 0.032139316 
324 18 11 15 0.032128934 
839 513 12 15 0.032028873 
342 203 27 32 0.03184212 
303 28 10 14 0.031820968 
355 42 13 15 0.031745873 
817 350 29 34 0.03173956 
444 149 13 18 0.031725593 
310 23 13 17 0.031593423 
957 34 12 15 0.03149829 
419 4 15 17 0.031428106 
756 141 15 19 0.031405903 
777 18 14 18 0.031100523 
894 90 13 17 0.031069085 
372 34 11 15 0.030981515 
916 203 13 18 0.030932622 
677 55 19 24 0.030921416 
110 72 10 13 0.030832866 
929 173 13 15 0.030802097 
983 186 24 30 0.030766007 
405 8 12 15 0.030706065 
942 200 45 53 0.030700529 
694 130 12 17 0.03057116 
716 523 23 29 0.030531734 
4 82 25 33 0.030512445 
442 153 22 27 0.030313205 
402 215 13 17 0.03027046 
318 4 11 13 0.030117204 
110 130 11 15 0.029928708 
377 107 12 17 0.029830612 
445 85 13 16 0.029806513 
694 59 10 14 0.029678069 
630 226 26 31 0.029555967 
509 0 27 28 0.029543946 
437 162 14 18 0.029495236 
996 106 13 17 0.02948687 
37 56 13 16 0.029435484 
398 27 10 13 0.029403757 
554 323 29 37 0.029399935 
952 191 25 29 0.029308947 
1012 92 12 17 0.029193053 
271 38 10 13 0.029071985 
910 107 13 16 0.029060112 
611 443 16 21 0.028843341 
279 151 11 14 0.028821515 
878 10 15 17 0.028520325 
333 82 12 16 0.028514165 
138 217 59 68 0.02840992 
218 131 13 16 0.028319918 
270 149 12 15 0.028311599 
408 35 12 15 0.028217034 
991 100 12 15 0.028173385 
715 55 13 17 0.028172456 
777 39 20 24 0.02813821 
622 45 12 16 0.028018855 
830 193 14 17 0.02800164 
729 208 23 34 0.027933331 
516 59 21 26 0.027896421 
342 41 13 17 0.027883146 
969 221 27 33 0.027868649 
267 354 43 54 0.027783917 
951 225 47 56 0.027647745 
460 205 13 17 0.02760228 
78 87 9 10 0.027558435 
110 41 9 11 0.027515134 
349 212 27 34 0.027505029 
558 60 12 16 0.027473215 
609 261 30 38 0.027469488 
615 164 13 17 0.02738919 
157 257 34 36 0.027353771 
277 43 10 13 0.027236847 
472 228 26 30 0.027202219 
624 497 19 22 0.0271622 
979 97 14 17 0.0271081 
762 352 27 34 0.027076174 
251 170 26 31 0.027054036 
303 251 13 18 0.026923014 
941 117 21 26 0.026889725 
411 85 11 16 0.026887957 
468 250 17 21 0.026881387 
765 223 21 25 0.026772149 
411 77 11 14 0.026755288 
805 12 13 15 0.026688615 
998 247 15 19 0.026684355 
916 56 15 19 0.026600312 
662 21 10 13 0.026583027 
757 357 38 50 0.026518926 
757 37 14 17 0.02643671 
574 16 13 17 0.026430832 
1014 -2 9 10 0.026365455 
496 21 14 17 0.026352655 
25 96 14 21 0.026322296 
510 84 12 15 0.026319355 
874 24 20 26 0.026213579 
714 357 29 41 0.026202504 
585 91 13 18 0.026168808 
1014 34 10 14 0.026138972 
438 23 12 14 0.026110383 
794 61 14 17 0.026096927 
341 52 10 13 0.026025707 
285 29 10 13 0.026013743 
440 155 13 16 0.025924247 
563 178 16 18 0.025922874 
45 35 19 25 0.025921946 
769 188 16 18 0.025901282 
362 134 21 25 0.0258674 
451 80 21 25 0.025862524 
397 35 13 16 0.025847375 
410 239 24 32 0.02578932 
520 49 12 15 0.025714478 
64 174 27 35 0.025711495 
957 54 10 15 0.025702383 
295 146 13 17 0.025656493 
407 448 27 33 0.025500903 
661 90 12 16 0.025464023 
752 107 12 16 0.02544917 
926 73 13 18 0.025438113 
933 158 14 18 0.025397375 
343 223 31 37 0.025343034 
885 204 15 19 0.025313906 
662 506 15 19 0.025310423 
652 426 13 15 0.025252433 
309 121 14 16 0.025179952 
31 87 25 30 0.025111796 
763 58 14 18 0.025076173 
761 46 20 25 0.024980975 
425 212 29 34 0.024961757 
822 25 13 17 0.024954356 
658 267 25 33 0.024860362 
171 53 8 11 0.024842272 
235 175 17 19 0.02473996 
768 26 11 14 0.02463912 
789 240 24 28 0.024634864 
633 58 12 17 0.024628444 
116 118 23 29 0.024469715 
311 35 12 15 0.02442842 
947 94 14 17 0.024395367 
977 21 11 15 0.024375563 
227 7 20 26 0.024361704 
991 61 11 15 0.024359217 
348 96 16 19 0.024346933 
335 154 15 19 0.024326485 
678 135 12 16 0.024283214 
952 36 11 15 0.024280988 
908 2 15 18 0.024168272 
943 62 15 19 0.024024947 
757 186 26 29 0.024024475 
440 89 20 23 0.024000809 
440 99 13 15 0.023904169 
592 343 23 29 0.023890886 
441 200 17 19 0.023861852 
875 83 11 15 0.02382766 
545 367 28 33 0.023804337 
317 43 13 16 0.02377621 
500 173 13 17 0.023763575 
423 163 14 19 0.023748282 
265 132 21 24 0.023738226 
75 54 11 15 0.023719713 
469 55 11 14 0.023654902 
397 10 13 15 0.023624217 
306 84 11 14 0.023579352 
955 109 14 18 0.023532035 
541 178 13 16 0.02351256 
85 126 11 15 0.02349082 
844 192 26 31 0.023490516 
964 27 12 16 0.023447597 
270 325 28 33 0.023421068 
894 42 11 16 0.023418056 
175 275 424 509 0.023404393 
195 125 8 11 0.023395507 
739 181 14 17 0.023360368 
446 94 21 25 0.023338787 
776 148 11 15 0.023292016 
307 77 11 15 0.023281913 
756 12 12 15 0.023277234 
378 69 13 16 0.023255374 
707 74 12 15 0.02323882 
211 209 14 16 0.02322683 
382 135 19 23 0.023145491 
190 52 10 13 0.02313434 
100 105 12 16 0.023051444 
907 235 15 19 0.023014808 
469 93 10 14 0.023002593 
898 35 13 18 0.02298465 
209 463 53 65 0.022941643 
214 8 11 15 0.022923606 
891 126 14 17 0.022910185 
119 63 8 10 0.022897616 
865 74 12 16 0.022859147 
932 123 15 17 0.02285476 
951 163 12 17 0.022830203 
853 -1 15 14 0.022767145 
227 80 22 27 0.022755519 
442 131 13 17 0.022749066 
371 29 11 15 0.022697154 
638 85 14 16 0.02264843 
458 72 20 25 0.02264611 
670 362 20 23 0.02261446 
215 53 10 13 0.022549473 
360 59 20 25 0.022522088 
847 173 12 15 0.022492979 
581 66 13 15 0.02243849 
739 76 11 15 0.022429314 
463 90 12 16 0.022427041 
361 97 19 24 0.022410633 
105 70 9 12 0.022350362 
387 145 12 17 0.022255069 
943 228 15 19 0.022253107 
549 85 14 18 0.02223379 
540 126 14 19 0.022223683 
733 1 14 17 0.022152215 
930 168 21 29 0.02211576 
78 140 12 14 0.02209417 
316 36 13 15 0.022091739 
215 44 9 13 0.02206486 
219 138 14 17 0.022023626 
308 60 12 16 0.02200493 
998 -1 10 11 0.022004649 
230 185 31 34 0.021936737 
384 225 11 15 0.021929583 
516 76 20 26 0.021914776 
532 1 17 17 0.021904204 
240 137 12 16 0.021891251 
927 178 12 17 0.021855367 
371 85 13 16 0.021795074 
462 302 40 44 0.021791318 
261 141 11 14 0.021775011 
539 185 22 30 0.021744657 
260 147 12 14 0.021717124 
325 44 12 16 0.021712394 
373 494 14 17 0.021677373 
530 43 12 16 0.02163312 
734 91 12 16 0.021587957 
827 100 13 16 0.021536363 
219 165 15 18 0.021499854 
613 436 23 35 0.02146098 
642 252 17 20 0.021453004 
332 210 19 23 0.021450298 
23 4 10 12 0.021399558 
565 116 12 17 0.021368228 
787 255 18 21 0.021366505 
804 19 14 17 0.021293787 
402 223 14 19 0.021286942 
413 11 12 15 0.021231532 
684 231 26 31 0.021207936 
333 165 22 28 0.02119757 
418 211 24 29 0.021172797 
547 129 13 17 0.021151276 
612 331 16 19 0.02114159 
251 63 11 14 0.0211013 
594 362 25 28 0.021094887 
350 20 12 16 0.021077156 
774 37 15 20 0.021060105 
212 170 15 19 0.021012941 
325 27 10 14 0.020987399 
905 123 11 16 0.020981826 
477 187 13 18 0.020969579 
294 145 22 29 0.02090299 
908 114 13 17 0.020894114 
588 0 12 12 0.020843333 
366 43 11 14 0.020833595 
958 136 13 17 0.020829862 
616 31 11 14 0.020823475 
732 56 13 17 0.020766085 
709 36 12 15 0.020720223 
809 150 13 16 0.020715429 
707 141 13 16 0.02069861 
626 231 17 21 0.020689677 
772 59 11 15 0.020685531 
71 84 9 13 0.020612309 
959 149 14 19 0.020607198 
303 89 12 17 0.020574564 
654 164 13 16 0.020562677 
522 111 19 24 0.020561287 
577 0 14 13 0.020559834 
832 398 28 32 0.020538999 
890 226 23 27 0.020515837 
652 187 13 18 0.02050413 
298 78 19 22 0.020497637 
358 37 12 15 0.02042562 
260 189 20 25 0.02042469 
950 153 21 28 0.020423591 
400 72 12 16 0.020408144 
898 52 13 19 0.020407075 
829 60 15 20 0.020278612 
606 451 25 30 0.020268029 
763 32 22 27 0.020220717 
595 536 28 34 0.020204976 
758 29 13 15 0.020194154 
263 37 10 13 0.02017699 
421 216 14 18 0.020173682 
395 257 27 33 0.020141827 
741 28 11 14 0.020128721 
210 181 44 51 0.020080812 
228 6 13 17 0.020077497 
80 132 11 14 0.020064157 
596 266 25 35 0.020013487 
