19_Couple_Couple_19_31
17
590 247 63 107 0.87152684 
16 447 211 259 0.44992107 
406 383 238 338 0.37536514 
57 337 321 390 0.26457244 
224 401 209 263 0.08406829 
710 153 444 528 0.083607994 
419 457 132 180 0.06103549 
275 285 414 513 0.051234994 
570 262 103 137 0.047035694 
493 281 180 201 0.045999058 
68 531 128 142 0.029132085 
287 -6 421 464 0.023492895 
-148 214 472 505 0.022954646 
448 482 68 93 0.022636862 
508 230 60 92 0.021261783 
97 576 72 75 0.02121601 
443 520 152 208 0.020127552 
