19_Couple_Couple_19_667
38
470 104 255 362 0.997445 
579 120 256 359 0.9362218 
382 773 416 490 0.7158707 
151 701 409 419 0.66622984 
389 991 456 510 0.53702635 
160 441 387 483 0.38586402 
341 295 373 476 0.19061682 
399 193 234 262 0.1854279 
270 545 243 293 0.15336011 
26 1106 461 559 0.10835229 
24 615 195 241 0.106305 
52 720 23 30 0.10031443 
692 156 247 282 0.09157534 
476 480 156 180 0.07981453 
160 1355 20 22 0.07637435 
246 10 27 33 0.06388984 
653 177 156 226 0.063130975 
109 488 254 223 0.058554687 
354 227 107 141 0.055216003 
144 962 509 536 0.05291927 
199 542 209 261 0.046266817 
313 241 265 278 0.04523076 
162 877 283 273 0.040347293 
528 705 473 539 0.03801508 
458 362 252 270 0.037520338 
381 156 58 80 0.033320483 
55 -46 251 228 0.031592906 
667 537 457 490 0.03153909 
698 605 271 322 0.02911966 
235 657 261 319 0.029002497 
123 1341 14 16 0.027530896 
108 1340 60 62 0.026893146 
86 542 198 258 0.026581427 
50 1057 28 36 0.024147743 
365 241 61 86 0.024114842 
-106 -33 448 516 0.021390047 
395 620 27 31 0.02025036 
71 705 14 17 0.020089062 
