19_Couple_Couple_19_90
23
451 811 115 155 0.9994288 
309 731 135 190 0.99829286 
485 1116 186 211 0.8049429 
391 762 133 178 0.3296814 
19 1485 53 56 0.12668063 
88 1472 52 61 0.05371392 
-65 -32 378 437 0.049052358 
670 408 354 472 0.045487136 
95 1439 46 55 0.043514367 
593 1149 58 96 0.03727764 
419 792 20 24 0.03643524 
166 1470 57 62 0.035098165 
527 1166 114 136 0.03492278 
807 74 56 73 0.032789093 
6 1498 36 37 0.03188519 
683 1312 39 50 0.03072303 
412 236 52 68 0.02659208 
407 988 328 371 0.025804497 
712 283 58 84 0.025516117 
170 1488 29 36 0.023642559 
586 1112 36 47 0.022629337 
471 1199 146 150 0.020467725 
91 1489 32 38 0.020065846 
