19_Couple_Couple_19_254
18
619 42 105 164 0.9910926 
550 77 85 145 0.9820077 
583 53 95 159 0.9513294 
921 54 79 145 0.30573335 
634 351 166 301 0.10559557 
635 15 174 210 0.09254263 
897 9 143 235 0.034576297 
42 -14 227 249 0.034343965 
0 399 191 279 0.028044697 
-40 -57 475 540 0.027299898 
713 11 104 155 0.026119374 
40 18 103 133 0.02591237 
-131 220 449 496 0.025885861 
37 293 423 461 0.025133014 
104 -1 134 124 0.023331888 
243 14 20 27 0.02288365 
699 334 207 300 0.022098584 
479 0 28 31 0.020910807 
