19_Couple_Couple_19_325
24
318 245 147 171 0.99728775 
380 150 154 147 0.98956734 
441 193 103 113 0.25279453 
286 433 294 300 0.17052956 
357 189 132 170 0.10935722 
435 149 410 435 0.08637031 
570 672 15 19 0.07343664 
765 289 37 45 0.063674316 
222 337 112 121 0.051930446 
677 128 34 41 0.04036455 
293 499 13 18 0.039347902 
228 329 201 220 0.037440483 
575 251 191 310 0.035665 
757 207 47 65 0.03521277 
409 186 90 97 0.034280993 
252 459 112 157 0.03341948 
435 135 190 211 0.02865965 
580 670 12 16 0.027427696 
560 667 22 29 0.02574258 
251 284 146 155 0.024714377 
356 206 23 30 0.02142236 
460 215 200 222 0.02102076 
646 746 11 15 0.020455003 
368 99 97 144 0.02043848 
