19_Couple_Couple_19_743
108
524 277 31 39 0.9937045 
446 306 31 37 0.9924194 
697 410 27 37 0.9859277 
859 299 33 44 0.96516734 
125 319 28 34 0.92378086 
402 304 32 38 0.8992825 
278 416 22 34 0.8755332 
158 313 23 30 0.7271332 
635 325 18 24 0.698684 
669 390 28 34 0.66845566 
663 364 17 22 0.439644 
179 471 24 40 0.39726484 
807 306 27 31 0.33972692 
779 127 41 52 0.33929452 
148 467 29 41 0.19424585 
53 359 110 113 0.1671641 
742 214 53 68 0.16024993 
780 89 33 32 0.15941826 
263 421 30 33 0.1430984 
756 212 26 30 0.12211582 
142 312 27 36 0.119182795 
245 273 13 16 0.11414986 
139 12 428 486 0.10157225 
733 204 13 19 0.09538496 
461 465 23 28 0.09158922 
154 455 41 50 0.086451925 
659 393 25 35 0.08630099 
651 367 20 27 0.075749174 
646 376 22 31 0.072736725 
644 391 25 35 0.07214303 
681 400 34 41 0.06785753 
793 134 43 61 0.06517265 
730 211 25 32 0.064759865 
602 319 18 21 0.06442278 
783 25 206 241 0.06143876 
276 326 12 16 0.060731456 
756 252 28 33 0.05463022 
493 185 18 23 0.05426512 
627 297 14 18 0.052008286 
622 259 30 40 0.051307943 
643 360 16 19 0.048557144 
211 380 26 34 0.045748662 
487 466 14 20 0.04425476 
653 363 12 17 0.043931328 
632 494 33 35 0.04246103 
813 316 26 29 0.04211269 
269 211 10 14 0.041329015 
310 318 11 15 0.04089149 
654 381 24 36 0.040754423 
245 408 40 50 0.039185733 
472 467 16 22 0.038542382 
322 364 23 30 0.037568837 
96 417 31 34 0.037014402 
244 290 14 17 0.0353223 
613 530 11 15 0.033593915 
284 409 17 27 0.0331703 
870 310 33 40 0.03236898 
269 287 12 17 0.03202974 
686 250 10 14 0.031700693 
731 229 16 21 0.031371452 
630 505 15 19 0.03132315 
118 301 48 52 0.03059354 
645 367 17 21 0.030135604 
515 251 12 15 0.029692098 
555 383 18 26 0.029076463 
889 318 25 32 0.028998366 
639 355 15 19 0.028445914 
762 262 17 20 0.028023114 
715 242 13 18 0.027775936 
155 306 18 20 0.027749581 
741 212 30 33 0.027445354 
492 466 29 31 0.02674212 
867 331 29 34 0.026564388 
132 529 54 72 0.025868623 
106 312 47 57 0.025196575 
726 204 21 30 0.025055105 
378 98 118 151 0.024914233 
604 269 45 55 0.024747288 
462 177 17 20 0.024353836 
352 338 13 16 0.023972426 
650 492 32 37 0.023895824 
509 219 14 19 0.023792336 
542 229 13 16 0.023429325 
254 428 26 32 0.023308031 
898 323 15 19 0.023301808 
694 236 12 15 0.022926368 
709 229 14 18 0.022893786 
164 325 24 32 0.02275424 
383 372 40 52 0.022703756 
804 144 52 74 0.022519508 
786 112 33 37 0.022443606 
637 318 15 20 0.022437297 
723 195 16 21 0.02226803 
674 362 16 21 0.021607406 
679 357 23 28 0.021567032 
716 190 15 20 0.021502592 
902 317 23 29 0.021453604 
208 342 440 467 0.02143159 
708 223 25 30 0.021324921 
711 190 89 103 0.0212786 
727 220 12 17 0.020970812 
522 277 20 25 0.02091546 
707 239 16 21 0.020714043 
321 218 16 19 0.020663891 
158 512 14 18 0.02059883 
381 328 14 19 0.020451954 
727 192 23 30 0.02024284 
490 555 15 17 0.020108752 
