19_Couple_Couple_19_1014
18
691 223 201 244 0.99991024 
450 388 191 281 0.99934286 
855 781 99 156 0.4301591 
662 725 268 308 0.1448474 
21 292 49 68 0.11259555 
229 613 438 472 0.09584957 
481 264 392 515 0.094740294 
344 410 381 348 0.08732644 
454 492 404 534 0.056453362 
-5 8 358 500 0.052631337 
524 59 467 452 0.048062496 
795 748 178 227 0.030770948 
627 256 193 248 0.029242493 
895 845 63 101 0.026427174 
178 671 264 322 0.024486167 
656 309 32 44 0.022370573 
575 359 219 357 0.021638634 
537 303 206 280 0.021479495 
