19_Couple_Couple_19_50
30
586 147 71 94 0.9983901 
670 251 72 91 0.99692816 
-14 245 424 506 0.30590004 
585 450 45 62 0.258643 
773 361 209 253 0.13738264 
675 248 378 450 0.05848227 
246 622 53 62 0.0583183 
987 473 14 18 0.057497904 
176 460 46 60 0.054557543 
538 442 48 64 0.05104177 
969 457 15 21 0.050554425 
106 476 23 30 0.04702403 
447 597 74 71 0.0411635 
120 496 52 62 0.038538054 
241 449 15 21 0.032171167 
996 451 15 19 0.029189868 
948 465 14 18 0.027706599 
604 218 58 74 0.02659715 
91 505 14 21 0.026247537 
874 429 17 20 0.026150312 
506 420 87 124 0.026080273 
125 509 30 36 0.025356056 
899 432 17 21 0.022094278 
556 324 52 58 0.021552417 
425 538 107 139 0.021467505 
60 527 16 22 0.020897523 
120 481 18 24 0.020581912 
913 459 17 21 0.020257771 
556 435 75 103 0.02012199 
958 444 14 17 0.020020558 
