4_Dancing_Dancing_4_224
30
528 49 96 142 0.99948114 
304 71 90 123 0.99883074 
714 202 50 65 0.10356457 
530 511 137 182 0.10012417 
780 160 52 54 0.078799725 
241 618 118 174 0.07554247 
468 357 114 215 0.0589479 
303 321 24 31 0.041287445 
196 233 18 21 0.041134134 
431 402 109 162 0.041112527 
770 206 37 43 0.039101265 
235 87 48 69 0.03817857 
179 250 38 51 0.030006746 
218 270 27 31 0.029830337 
302 329 15 20 0.029706802 
749 196 52 61 0.029462086 
155 554 52 88 0.028950827 
278 343 10 12 0.028240664 
400 262 55 72 0.026416007 
513 371 11 15 0.024625307 
201 168 195 299 0.023830699 
420 266 87 124 0.022812316 
183 243 12 17 0.022770604 
251 70 84 113 0.022706203 
379 545 13 16 0.022338945 
188 242 15 19 0.022134967 
445 298 105 149 0.021943659 
204 261 40 54 0.021169916 
507 345 160 313 0.020989167 
258 412 16 20 0.020314593 
