4_Dancing_Dancing_4_885
19
360 153 207 286 0.9998864 
39 566 499 573 0.9826079 
139 471 174 253 0.64028746 
638 1156 212 272 0.39705107 
467 140 199 314 0.18810028 
695 1239 129 142 0.15643987 
617 729 456 518 0.08844059 
421 -18 367 518 0.059672378 
270 134 190 305 0.050787408 
78 435 336 425 0.039581608 
184 772 414 490 0.037440162 
492 979 373 472 0.03561931 
119 13 369 494 0.03450657 
513 570 427 556 0.031152703 
81 897 542 634 0.025438286 
362 302 378 472 0.02459049 
737 1267 81 86 0.02455154 
225 529 239 255 0.023282684 
313 619 395 481 0.02053313 
