4_Dancing_Dancing_4_489
113
806 20 33 42 0.99881834 
345 83 34 43 0.9984939 
600 213 47 58 0.99834216 
174 240 50 61 0.9973104 
531 60 37 50 0.99720913 
690 28 36 46 0.9968766 
909 45 33 41 0.9966821 
916 137 36 49 0.99651563 
274 242 46 56 0.9964541 
295 66 40 49 0.99579084 
666 101 45 54 0.995583 
484 107 38 48 0.9952603 
778 241 45 56 0.99524564 
615 79 39 49 0.99442434 
885 101 35 45 0.9937977 
421 58 39 52 0.9933228 
253 132 40 52 0.9909657 
541 235 42 50 0.99084514 
758 42 31 40 0.9900311 
129 117 39 52 0.9898031 
705 284 42 54 0.9890899 
400 124 43 55 0.9888881 
830 110 38 46 0.98876816 
395 242 45 52 0.98652285 
751 107 38 49 0.9847957 
185 80 41 51 0.9771642 
22 18 16 21 0.9632782 
982 19 17 20 0.962209 
873 24 17 22 0.91773117 
897 0 20 25 0.91350615 
106 22 17 22 0.892959 
61 35 16 20 0.88713694 
935 9 20 26 0.86127496 
164 22 14 18 0.807948 
84 26 14 18 0.7516923 
851 4 14 17 0.6921744 
149 12 14 18 0.5574496 
52 21 15 18 0.39037126 
44 -1 13 13 0.3000598 
25 53 17 21 0.2476553 
94 -1 12 12 0.19025671 
3 0 11 12 0.18411912 
142 -1 12 11 0.16794732 
90 34 13 19 0.16527253 
5 102 10 12 0.15309273 
165 32 15 21 0.11960955 
-2 424 21 34 0.08853378 
22 0 11 11 0.08435582 
19 4 13 15 0.08197164 
157 17 18 22 0.077979445 
110 57 13 17 0.066451244 
498 300 19 23 0.06554403 
988 101 14 17 0.06424046 
691 430 17 20 0.06359814 
411 312 51 61 0.061142832 
67 57 12 16 0.053718746 
99 -2 13 13 0.053528495 
798 108 24 33 0.051491544 
69 3 12 15 0.048672587 
157 58 16 19 0.047711592 
78 29 19 26 0.04550326 
104 30 21 29 0.045390636 
1 100 9 13 0.04227872 
48 1 16 18 0.042199265 
31 -1 11 11 0.04107334 
483 6 38 49 0.040477335 
318 69 39 49 0.036446866 
16 12 14 16 0.035838634 
216 0 26 31 0.03540215 
822 116 28 34 0.035043765 
155 4 13 16 0.033607326 
89 -1 11 11 0.03348518 
1003 116 13 18 0.033323027 
158 55 24 30 0.032382097 
67 13 13 16 0.02976074 
35 73 12 16 0.0296641 
15 0 12 12 0.02940105 
104 43 21 29 0.02927844 
171 39 12 17 0.02926648 
28 43 22 28 0.028842168 
119 493 13 16 0.028170886 
197 3 12 14 0.027771832 
0 20 10 15 0.027713336 
81 21 14 17 0.026331572 
10 43 24 34 0.026106667 
152 57 12 16 0.026081521 
173 58 13 18 0.026046516 
64 -1 11 11 0.02574619 
140 29 23 28 0.024329595 
108 -1 12 11 0.02404304 
154 47 23 28 0.024025146 
27 62 16 20 0.02392327 
135 4 13 14 0.023764733 
759 50 17 22 0.023709418 
56 39 14 18 0.02338959 
60 50 22 27 0.023196872 
523 242 14 18 0.02268306 
158 0 12 12 0.022417216 
46 43 12 16 0.021919208 
989 50 13 17 0.02169246 
62 15 13 16 0.021648796 
958 171 22 32 0.021538826 
923 3 18 21 0.021473307 
14 26 14 17 0.021279844 
901 47 24 30 0.021265134 
996 49 12 17 0.021117285 
147 25 14 19 0.021023082 
891 49 16 20 0.020890398 
189 46 12 15 0.020867607 
404 557 14 16 0.02057829 
90 22 12 15 0.02057654 
879 35 25 29 0.020573754 
1006 108 13 18 0.02038627 
