4_Dancing_Dancing_4_41
91
600 98 54 85 0.9842927 
130 377 14 18 0.9685695 
544 106 39 69 0.8871815 
37 379 19 25 0.8375258 
57 363 15 19 0.78852075 
21 403 20 25 0.7553185 
256 389 15 18 0.6543407 
198 396 13 16 0.6322341 
230 371 12 16 0.5836677 
98 401 17 23 0.4740458 
174 370 16 21 0.468235 
149 399 18 22 0.2959049 
504 66 62 64 0.21239531 
103 352 14 18 0.19705254 
477 120 33 58 0.18320543 
521 123 51 72 0.17748415 
-17 30 415 503 0.15210673 
213 445 11 15 0.11201687 
143 341 9 14 0.10898972 
180 396 10 14 0.08357544 
477 91 53 71 0.0809801 
202 388 13 18 0.079747126 
309 324 10 14 0.076531805 
653 282 28 36 0.067917645 
109 373 12 16 0.061538834 
192 329 8 9 0.058991183 
311 361 11 14 0.057484556 
87 312 9 10 0.052549202 
304 377 9 12 0.051692307 
501 142 61 79 0.04886631 
556 93 30 47 0.0488426 
602 101 34 48 0.04792706 
149 317 9 13 0.043690644 
115 371 13 18 0.042479582 
516 90 55 71 0.041165795 
13 83 264 304 0.04036525 
483 132 56 76 0.040184498 
587 67 97 123 0.039717417 
538 81 36 43 0.037316706 
545 92 65 103 0.036272123 
204 382 11 15 0.03475362 
594 113 35 57 0.034428213 
142 334 10 16 0.033277653 
496 105 53 72 0.032620426 
473 102 29 48 0.032563746 
517 139 79 112 0.031725265 
210 179 58 63 0.031255998 
244 412 14 17 0.03101103 
88 402 13 17 0.030730054 
261 446 13 15 0.030239448 
132 400 12 16 0.029492239 
225 373 20 26 0.029283995 
732 0 11 11 0.028882826 
228 387 14 19 0.028188914 
83 357 12 17 0.028120078 
756 3 15 16 0.027704975 
705 36 11 13 0.027543614 
60 388 14 17 0.027508767 
576 205 43 60 0.027500845 
197 424 13 18 0.02717476 
50 410 15 20 0.026389303 
94 301 12 14 0.026129585 
306 328 14 22 0.025940085 
406 214 51 64 0.025191344 
335 170 62 72 0.025186226 
307 378 12 16 0.024926284 
108 363 12 17 0.024480855 
148 199 33 45 0.023442289 
720 1 9 10 0.023380978 
466 57 96 96 0.023234626 
143 323 11 16 0.022930471 
376 180 54 64 0.0224622 
388 371 16 19 0.022439927 
190 426 14 17 0.022378663 
88 303 11 13 0.02200521 
31 316 11 15 0.021960568 
360 275 109 138 0.02192431 
143 483 14 18 0.0218288 
193 401 12 16 0.021536736 
604 140 56 75 0.021476792 
10 491 14 18 0.02101542 
104 407 15 22 0.020962842 
267 424 15 19 0.020885317 
29 180 108 136 0.02073087 
183 419 12 15 0.020689169 
566 108 35 63 0.020648833 
559 184 46 67 0.02061362 
119 397 12 16 0.02042566 
223 389 11 15 0.020411167 
744 27 11 14 0.02037099 
80 420 12 16 0.020092444 
