4_Dancing_Dancing_4_124
18
569 682 87 150 0.9984799 
469 719 80 125 0.9294974 
517 724 406 412 0.1730596 
480 712 33 48 0.12811093 
39 954 180 290 0.11333975 
439 713 165 201 0.10136926 
189 809 222 257 0.085308716 
527 712 82 130 0.06761101 
584 712 172 181 0.05259778 
18 863 325 476 0.052292973 
466 712 54 79 0.04215731 
658 707 55 100 0.03792364 
601 707 92 127 0.03181162 
678 694 50 95 0.025399335 
614 114 289 214 0.025104221 
660 720 108 131 0.023494175 
464 712 17 20 0.022616416 
629 716 231 222 0.021771487 
