4_Dancing_Dancing_4_718
21
455 165 98 137 0.99892056 
207 8 415 438 0.084758595 
284 702 439 514 0.077156074 
306 1103 349 437 0.06389261 
456 1425 35 36 0.05341856 
362 1174 197 281 0.04310666 
0 1142 9 13 0.036615536 
455 383 232 290 0.034336746 
637 0 61 75 0.034037266 
43 1142 13 16 0.032749552 
544 1041 399 495 0.032721877 
541 1158 214 280 0.030663928 
-43 993 437 525 0.029954841 
22 1158 13 14 0.02913418 
498 35 216 280 0.02619798 
717 1128 237 332 0.024885613 
464 1357 60 70 0.023733668 
9 1138 209 277 0.023701975 
527 644 12 15 0.023498755 
490 710 8 9 0.021854667 
420 267 371 487 0.020338234 
