4_Dancing_Dancing_4_878
60
454 178 113 157 0.9997241 
757 426 28 39 0.94161636 
743 991 33 42 0.7610891 
180 742 131 113 0.38219726 
676 115 13 17 0.3431604 
929 763 98 121 0.22798206 
723 1027 65 94 0.18842897 
846 522 12 16 0.103496775 
-4 1114 39 52 0.10215256 
989 141 28 39 0.10162331 
952 126 78 138 0.100755535 
189 165 109 131 0.08492577 
-6 1102 56 96 0.08214854 
601 1028 457 558 0.07610796 
784 467 27 34 0.07502742 
47 159 223 262 0.070862934 
972 814 53 82 0.06734593 
688 1024 85 125 0.0671271 
86 258 132 180 0.06412747 
148 981 209 196 0.062853016 
11 39 366 432 0.05850087 
974 139 47 83 0.054232106 
736 994 51 76 0.053830516 
760 1041 54 81 0.051046304 
908 726 27 37 0.049969643 
711 647 99 152 0.047678635 
236 754 31 36 0.045327615 
774 503 27 32 0.03975968 
1007 234 15 22 0.038930375 
111 113 212 180 0.037086807 
773 512 16 20 0.03648113 
318 806 374 458 0.03526157 
838 510 10 13 0.035133302 
763 440 44 62 0.034419097 
218 198 68 81 0.03260976 
933 60 26 37 0.02971243 
895 725 44 62 0.029492438 
45 944 233 261 0.029345196 
904 729 13 17 0.029149935 
783 1058 35 48 0.029113615 
29 193 139 167 0.028446615 
773 456 45 65 0.028179247 
823 1085 10 15 0.028150272 
290 207 67 90 0.027248677 
955 769 36 43 0.027205065 
245 180 99 117 0.0271028 
836 475 90 140 0.024874058 
730 36 119 202 0.024475196 
675 697 110 154 0.024291132 
934 65 14 21 0.02324567 
161 740 12 16 0.022596372 
763 484 47 66 0.021968653 
330 286 354 444 0.021882487 
830 1097 13 17 0.021353805 
-5 1103 108 135 0.02067751 
788 484 47 68 0.020631157 
758 427 17 25 0.02053434 
742 697 61 93 0.020386377 
808 473 26 32 0.020367041 
940 123 14 21 0.020233411 
