4_Dancing_Dancing_4_915
23
463 131 230 282 0.99995387 
28 -40 437 558 0.66808575 
582 375 377 449 0.40571252 
580 591 430 498 0.20271036 
77 192 421 507 0.15666363 
186 57 254 329 0.10495138 
125 389 427 493 0.063977286 
517 49 288 390 0.04549298 
-79 953 431 553 0.044972565 
10 1018 209 352 0.042415787 
761 314 227 361 0.03963991 
446 960 427 458 0.03690408 
413 466 117 190 0.031190952 
534 488 277 305 0.031011004 
209 1014 385 433 0.029229028 
499 226 367 480 0.027180754 
550 1049 234 306 0.026953723 
693 -45 363 425 0.026785644 
310 1066 330 234 0.025399871 
604 1182 234 266 0.024212534 
802 14 196 279 0.02123084 
278 756 409 546 0.020651903 
885 52 108 149 0.020045407 
