4_Dancing_Dancing_4_319
88
595 0 33 36 0.9989436 
732 52 31 42 0.9983778 
147 62 30 38 0.99826175 
553 33 32 42 0.9980071 
215 156 33 43 0.9975551 
410 74 29 37 0.9972138 
343 44 30 38 0.996546 
954 26 28 37 0.9964275 
688 59 25 36 0.99565506 
488 59 29 38 0.9952361 
0 14 25 39 0.99506867 
444 141 26 32 0.99293774 
656 51 27 37 0.9917779 
964 80 35 43 0.991627 
199 90 23 30 0.98340815 
321 9 23 29 0.97099304 
87 71 45 50 0.9706071 
329 244 31 37 0.95215595 
446 54 29 34 0.8906265 
428 50 22 28 0.79844445 
613 141 50 47 0.77890235 
212 27 21 25 0.77195907 
250 84 25 31 0.7689771 
272 41 22 30 0.60766065 
194 55 25 31 0.57560235 
306 49 27 30 0.53826004 
35 1 22 27 0.4300198 
233 87 23 29 0.3092749 
431 43 15 19 0.28612155 
710 35 27 34 0.27380332 
231 60 22 27 0.264219 
269 173 22 26 0.18517058 
997 27 26 35 0.18136747 
409 257 25 34 0.18113796 
753 461 72 84 0.15927826 
27 64 19 20 0.15036134 
-1 353 25 56 0.1295052 
711 38 44 52 0.113593906 
473 94 19 23 0.111026675 
228 115 22 29 0.110246085 
288 40 29 36 0.10742028 
246 93 18 23 0.097799055 
233 68 27 34 0.09641502 
667 56 34 41 0.07673509 
601 131 43 51 0.0614218 
202 38 23 30 0.057265934 
0 284 23 42 0.056448188 
327 50 27 34 0.053507227 
230 98 23 32 0.052841138 
692 41 39 51 0.05235731 
736 480 102 104 0.052238986 
25 69 29 35 0.04380862 
263 82 22 30 0.043787934 
377 239 27 37 0.04365696 
429 60 25 34 0.042476304 
230 81 17 23 0.041436665 
425 261 16 21 0.040190972 
48 2 16 21 0.039685972 
191 65 16 19 0.03745696 
397 186 23 34 0.03543207 
742 30 47 61 0.033040825 
218 87 25 32 0.032430787 
586 118 40 54 0.031750113 
321 61 18 24 0.031706143 
385 215 41 55 0.031249238 
161 304 25 44 0.030514527 
44 5 24 32 0.030262854 
319 50 18 23 0.030053277 
715 30 17 21 0.026788516 
234 207 28 36 0.026715333 
341 249 20 23 0.024474815 
957 10 29 35 0.024332086 
267 105 15 21 0.024155097 
107 381 23 33 0.023874028 
765 23 47 67 0.023760427 
70 385 15 19 0.023454223 
800 14 41 61 0.023413872 
-1 281 11 20 0.022694584 
994 203 27 38 0.022259213 
479 62 205 235 0.021832487 
330 156 32 37 0.02163331 
396 244 30 43 0.021327047 
236 129 24 33 0.02132498 
43 344 24 32 0.021043655 
659 45 19 22 0.02094533 
367 244 26 37 0.020774318 
356 224 33 42 0.020283736 
273 82 17 23 0.020121478 
