4_Dancing_Dancing_4_53
27
397 241 67 87 0.9946926 
289 195 71 82 0.9945726 
556 278 76 94 0.9773161 
92 210 89 111 0.901356 
72 106 182 225 0.318445 
315 13 300 196 0.25365013 
53 28 370 457 0.119144514 
222 354 156 233 0.101893194 
590 273 66 87 0.07521391 
520 438 371 459 0.066127 
295 240 62 82 0.04475936 
205 628 59 57 0.036746517 
18 626 172 242 0.035679575 
373 76 281 286 0.035646968 
0 145 70 133 0.031986322 
227 796 63 83 0.029990973 
212 431 101 155 0.02984853 
511 276 98 120 0.029765187 
425 53 447 516 0.02892324 
118 141 206 246 0.027708031 
233 457 61 91 0.025170568 
259 217 54 66 0.024877887 
370 612 248 189 0.024164023 
670 119 392 492 0.02374562 
-7 334 102 177 0.023446154 
251 233 32 48 0.022193411 
545 150 240 246 0.02007962 
