7_Cheering_Cheering_7_404
50
471 209 31 38 0.99601185 
303 351 38 44 0.9947919 
584 339 37 46 0.9896549 
717 459 25 29 0.9250843 
130 468 22 27 0.68723947 
671 286 27 40 0.17717767 
523 613 29 35 0.12746008 
343 560 48 62 0.121420085 
785 134 142 150 0.119324885 
274 616 49 79 0.07357658 
541 632 16 22 0.06444385 
492 606 64 64 0.06298755 
648 694 12 14 0.059981517 
498 139 17 21 0.0578576 
394 618 50 52 0.052484453 
625 610 9 16 0.052309588 
252 331 41 57 0.044357203 
458 189 24 31 0.041401424 
461 197 31 38 0.04036359 
3 64 232 215 0.040270977 
160 -55 329 398 0.038662557 
463 581 115 111 0.0385502 
394 633 15 20 0.037846647 
404 624 29 34 0.035718046 
742 44 216 275 0.032528687 
772 462 14 18 0.032486342 
310 714 14 19 0.0317103 
186 46 90 129 0.030723356 
28 121 122 139 0.030175693 
502 629 65 73 0.030013418 
646 548 128 176 0.027231613 
382 628 27 31 0.026604397 
426 499 29 39 0.02624952 
755 646 11 16 0.026023397 
544 627 24 30 0.025386008 
464 537 26 29 0.025310656 
659 319 13 18 0.025091479 
585 617 54 87 0.024878597 
551 591 104 127 0.023926444 
60 298 128 121 0.023891455 
97 446 26 35 0.02340575 
147 56 66 72 0.02264786 
597 715 16 23 0.02235654 
294 180 124 112 0.021894222 
705 445 40 51 0.021828318 
441 588 29 35 0.021203512 
668 387 400 453 0.020645333 
31 181 119 142 0.020421335 
676 310 16 22 0.020334244 
634 315 47 54 0.020205561 
