7_Cheering_Cheering_7_530
272
303 163 13 17 0.96807677 
402 30 28 56 0.96418875 
8 105 22 24 0.915933 
956 210 16 20 0.90418774 
721 143 22 29 0.893969 
141 143 12 15 0.74084157 
817 176 22 30 0.6270691 
860 163 20 30 0.40753984 
360 60 10 13 0.35308164 
119 186 9 14 0.34835967 
80 135 12 15 0.29897147 
250 239 10 13 0.2272528 
262 176 8 11 0.22099286 
157 165 11 13 0.20827106 
261 181 9 11 0.19117662 
618 106 21 40 0.18115817 
110 165 10 13 0.14617144 
867 139 14 18 0.1379635 
711 143 21 28 0.13543275 
77 179 11 13 0.13149233 
169 292 10 14 0.12801182 
411 45 48 59 0.12190214 
626 116 16 29 0.11142678 
520 186 13 18 0.109741606 
126 198 9 12 0.101229236 
365 182 8 11 0.1001651 
683 144 15 19 0.09669125 
867 152 15 18 0.09569895 
745 148 17 20 0.09220992 
216 190 9 11 0.091170564 
221 185 7 9 0.08366372 
677 163 12 17 0.08138908 
333 74 10 15 0.08095019 
361 246 9 12 0.07601949 
550 192 10 12 0.07543176 
920 243 11 14 0.07541942 
133 233 13 18 0.07179621 
910 176 11 15 0.070402235 
853 167 18 25 0.065184854 
948 180 11 14 0.06222092 
520 252 9 12 0.061916795 
237 198 9 11 0.06181282 
810 226 16 24 0.061762594 
699 254 14 17 0.060251918 
217 185 9 10 0.060067754 
924 195 13 16 0.05818904 
158 180 10 13 0.055544496 
9 147 16 19 0.054699957 
651 121 27 35 0.054129742 
814 172 13 24 0.053545862 
353 76 10 13 0.053332556 
586 148 14 17 0.053182382 
416 59 63 67 0.053030267 
116 158 11 15 0.052909542 
700 147 21 28 0.05241123 
141 136 11 15 0.052248884 
347 259 10 13 0.051707838 
926 259 11 14 0.051223427 
215 196 9 12 0.050357968 
43 239 11 15 0.050312 
164 167 10 12 0.04889282 
71 229 10 13 0.048746083 
301 129 10 14 0.04868326 
207 230 8 12 0.04801162 
240 193 8 9 0.047712125 
22 237 10 12 0.04770392 
135 126 9 13 0.04732272 
861 154 14 18 0.047169708 
297 246 10 13 0.047093593 
574 277 30 34 0.046315543 
122 188 11 15 0.04623319 
530 161 16 21 0.045895774 
758 2 10 11 0.04582221 
181 198 12 16 0.045263655 
226 331 10 13 0.044523757 
105 166 11 14 0.044148214 
703 171 12 16 0.04369139 
369 262 10 12 0.043667704 
896 221 10 13 0.043620348 
717 156 15 24 0.043451823 
806 180 14 20 0.04327766 
804 148 12 15 0.042778183 
358 196 11 15 0.042357612 
51 108 14 19 0.04189513 
963 118 14 19 0.041572366 
272 215 8 11 0.04140816 
971 142 12 15 0.041117772 
517 192 14 19 0.040773593 
171 287 12 14 0.04033427 
159 171 11 13 0.040038012 
547 128 18 20 0.03963263 
932 260 10 13 0.03951413 
340 154 12 15 0.03948536 
117 148 11 13 0.0394105 
375 47 10 12 0.039251823 
73 175 10 13 0.038719006 
680 150 20 26 0.03848557 
913 229 8 11 0.038116567 
885 238 10 13 0.038099933 
137 140 20 24 0.03789684 
613 146 10 16 0.037714295 
166 172 9 13 0.037709594 
861 144 16 21 0.03746153 
247 192 8 11 0.03736471 
308 229 11 12 0.037343502 
964 259 12 16 0.037204288 
383 67 8 13 0.037136752 
272 220 9 11 0.036696497 
433 66 35 40 0.03647388 
677 129 11 17 0.036283094 
256 198 9 11 0.03610236 
956 139 13 16 0.035906553 
908 196 10 14 0.035603996 
590 214 11 13 0.035555188 
310 143 12 15 0.03534998 
22 231 9 12 0.03530702 
679 140 13 18 0.03519486 
359 191 10 13 0.034988854 
352 163 10 13 0.034702204 
947 239 13 15 0.034477603 
493 0 15 17 0.034431197 
916 175 12 14 0.034422137 
263 205 8 10 0.034328997 
366 39 8 11 0.034091372 
62 170 10 15 0.033938564 
944 198 10 13 0.033902988 
685 187 11 14 0.033888347 
77 188 10 13 0.033858523 
844 172 22 28 0.03367623 
414 96 87 103 0.033018712 
242 184 7 9 0.032704037 
248 197 8 11 0.032659385 
920 227 10 13 0.03250902 
755 149 13 17 0.032119706 
361 175 10 12 0.032113276 
972 261 10 13 0.032070488 
54 157 12 16 0.03205757 
86 239 9 11 0.032023866 
517 203 12 14 0.031850446 
735 146 19 24 0.031818975 
113 180 11 17 0.031652045 
367 44 9 12 0.031466346 
1008 259 11 17 0.03139529 
676 116 12 18 0.031210186 
748 139 16 21 0.031101624 
55 169 12 16 0.030883202 
263 169 9 12 0.030843975 
264 213 9 11 0.030726148 
247 182 8 10 0.030691598 
669 145 11 15 0.030566279 
9 254 10 15 0.03051091 
633 114 36 48 0.030386891 
508 268 11 14 0.029979605 
361 30 8 10 0.029870097 
710 158 14 20 0.029810304 
0 225 11 19 0.02951939 
916 238 20 26 0.029147573 
335 45 9 12 0.028939921 
260 199 9 11 0.028924003 
692 161 14 17 0.0285906 
686 144 21 26 0.028254185 
256 204 9 11 0.028238947 
320 163 10 14 0.028191512 
906 179 11 15 0.028135736 
535 215 10 12 0.028078062 
336 38 8 11 0.027999416 
664 121 23 32 0.027913393 
141 126 10 13 0.02786281 
609 127 23 35 0.027785175 
139 230 13 15 0.027673 
527 157 12 19 0.027634889 
357 212 13 16 0.027454708 
300 210 13 15 0.027377311 
961 206 13 16 0.027306098 
220 -5 33 35 0.02692205 
350 41 9 11 0.026864564 
855 156 12 16 0.026811589 
325 158 11 14 0.026765468 
188 322 10 13 0.026672041 
182 229 9 11 0.026532665 
143 164 11 13 0.02652973 
997 204 11 16 0.026437944 
628 84 12 13 0.02629976 
654 105 27 40 0.026145719 
341 69 11 15 0.026093509 
902 36 23 32 0.026013188 
334 63 9 13 0.025954764 
63 189 9 12 0.025889236 
59 44 15 18 0.025826832 
708 141 15 22 0.025597222 
188 199 10 12 0.025596652 
952 215 15 18 0.025533468 
597 108 9 12 0.025465349 
670 127 14 20 0.025460562 
77 127 12 15 0.025290327 
342 0 8 9 0.025279267 
756 93 14 19 0.025116418 
208 246 8 10 0.025087526 
632 124 16 25 0.02484449 
101 235 10 13 0.024792613 
832 179 19 22 0.024712792 
345 174 9 11 0.024606382 
263 188 8 11 0.024596762 
592 143 21 27 0.024572756 
253 231 11 12 0.024468228 
872 168 14 21 0.024385909 
924 114 12 16 0.024345329 
441 37 45 60 0.023829985 
534 263 10 12 0.023829026 
361 23 7 10 0.023705523 
184 301 10 12 0.023403838 
60 0 15 14 0.023400743 
295 162 20 28 0.023319988 
310 132 11 14 0.023311378 
8 143 43 53 0.023251114 
314 180 14 16 0.023194332 
529 269 10 12 0.023161128 
84 174 12 15 0.02299617 
78 165 10 13 0.022938233 
517 213 11 13 0.022869293 
59 156 12 16 0.02279172 
174 173 8 11 0.022701418 
380 36 46 61 0.022662453 
364 55 11 13 0.022623828 
94 172 12 14 0.022571914 
597 198 14 18 0.022348067 
663 140 23 28 0.02222536 
357 56 17 24 0.022220926 
207 214 8 11 0.022161365 
175 340 10 13 0.022064224 
124 -1 15 15 0.022004705 
701 164 12 17 0.021932501 
239 203 9 12 0.02188929 
702 126 10 13 0.021855619 
0 106 21 29 0.021776235 
703 141 13 18 0.021766964 
174 197 14 18 0.02174968 
151 171 11 13 0.02162953 
189 91 13 15 0.021592746 
377 67 10 14 0.02158041 
232 192 8 11 0.021452604 
728 152 19 27 0.021363592 
300 186 12 16 0.02117428 
190 193 10 11 0.021122778 
667 150 23 29 0.021082006 
613 114 14 24 0.02108119 
166 179 10 13 0.021080542 
248 232 10 13 0.021028088 
731 93 23 28 0.021026557 
159 186 11 14 0.020876097 
112 142 12 15 0.02083173 
923 239 12 15 0.020792516 
902 157 11 14 0.020750431 
987 187 12 18 0.02072358 
920 257 12 15 0.020711685 
943 203 10 13 0.020531334 
125 183 10 14 0.020508587 
313 160 19 24 0.020505462 
536 204 9 13 0.020455452 
556 185 13 18 0.020446066 
73 128 21 25 0.020415604 
542 229 10 13 0.020401197 
294 124 14 17 0.020373024 
263 247 9 11 0.020252392 
264 229 10 13 0.020223742 
286 124 12 16 0.020201674 
77 212 12 15 0.02019637 
158 142 10 14 0.020195482 
596 139 12 17 0.020186013 
446 142 51 65 0.02013677 
79 243 11 14 0.020087412 
948 254 17 19 0.020074552 
