7_Cheering_Cheering_7_426
234
310 1006 61 78 0.9923684 
857 1186 35 43 0.9621548 
769 1129 23 33 0.60968083 
501 1006 51 76 0.49990088 
-2 1326 44 64 0.4929355 
559 1046 77 87 0.3599726 
854 318 26 35 0.22312737 
13 1320 58 69 0.18868603 
92 1345 48 51 0.1764384 
313 550 29 38 0.166972 
839 131 13 16 0.16130994 
570 1332 51 63 0.14571398 
522 1032 72 75 0.14383705 
619 94 10 14 0.13261119 
68 1085 48 61 0.12767012 
756 116 9 11 0.12413037 
841 397 29 39 0.12238394 
566 617 95 150 0.10793092 
726 1325 16 21 0.09948751 
484 435 12 15 0.09720545 
721 100 10 13 0.09452372 
590 1035 66 81 0.09416419 
775 123 13 17 0.094036385 
40 1332 60 60 0.09318331 
722 95 10 12 0.08836159 
458 164 41 45 0.087245144 
635 166 10 14 0.0817371 
624 20 10 12 0.0796987 
685 100 13 16 0.078385934 
638 115 9 12 0.078330815 
818 134 14 18 0.07775235 
443 118 13 16 0.07746667 
610 871 50 48 0.077090405 
620 1015 57 78 0.074924834 
804 1060 11 16 0.07108403 
407 102 15 17 0.06946373 
597 99 11 14 0.06911588 
597 1327 57 70 0.06728564 
507 1047 99 119 0.06705987 
875 338 52 79 0.066926 
756 44 10 14 0.066083044 
205 77 16 23 0.06592736 
778 1134 25 34 0.064728804 
483 447 16 20 0.06383223 
686 1242 41 55 0.06327149 
695 86 8 11 0.060776178 
654 117 10 12 0.060669955 
920 116 9 13 0.06006639 
396 32 13 17 0.059912834 
317 83 11 15 0.059583742 
837 139 12 15 0.058076374 
4 993 12 19 0.057840936 
883 1107 13 18 0.05721888 
655 168 10 13 0.053802077 
467 997 79 104 0.05300202 
585 164 11 14 0.051067043 
163 82 15 19 0.050281633 
632 152 8 10 0.050133828 
285 27 17 19 0.049614016 
915 148 11 14 0.049179036 
914 1151 14 21 0.048542272 
632 156 10 12 0.048131097 
823 367 45 72 0.04607037 
364 1344 43 53 0.045572005 
717 107 11 12 0.045504965 
520 1031 36 49 0.045184612 
759 1123 24 36 0.045031503 
800 21 32 36 0.044480056 
312 1323 53 55 0.04437122 
711 180 9 11 0.044280484 
704 96 9 12 0.044266626 
171 129 14 16 0.04397913 
276 501 81 118 0.04369305 
510 457 14 18 0.043418348 
731 1172 15 21 0.043303467 
267 2 12 15 0.041040998 
654 125 10 12 0.04002687 
188 1315 73 68 0.039860997 
14 1008 13 20 0.039133266 
553 93 10 13 0.03867309 
594 20 13 16 0.03809255 
619 117 11 14 0.037512638 
710 100 11 13 0.037433527 
733 157 11 14 0.037324443 
700 1066 38 53 0.03697963 
679 87 9 13 0.036901526 
34 10 18 23 0.036887344 
821 1100 12 14 0.0366129 
364 354 44 83 0.036196675 
753 40 10 12 0.035651915 
-15 388 233 280 0.035233643 
299 982 51 61 0.034668945 
320 1037 71 86 0.034191396 
438 120 21 29 0.033938147 
533 86 8 12 0.033852767 
843 126 12 15 0.03384429 
479 975 54 86 0.03373803 
648 150 10 12 0.033023823 
722 89 8 10 0.03300453 
685 133 9 12 0.032216158 
915 1201 15 20 0.032202564 
712 117 11 13 0.032114893 
86 1357 36 31 0.031965584 
877 148 10 14 0.03187979 
656 132 10 12 0.031741567 
412 336 58 94 0.031061674 
698 269 13 15 0.030855555 
732 164 11 13 0.030783502 
853 105 15 21 0.030716589 
695 93 10 12 0.030532418 
492 490 14 17 0.030369772 
717 852 11 14 0.03017091 
645 1037 48 65 0.030166574 
686 95 10 12 0.03001891 
415 520 14 19 0.029991042 
-75 387 383 479 0.029929858 
607 134 9 12 0.02971682 
336 1335 48 58 0.029245226 
287 1320 57 64 0.02903505 
743 1209 26 35 0.028873071 
87 1083 26 37 0.028802227 
718 1313 27 36 0.028656226 
43 1085 50 60 0.028572617 
790 1043 13 17 0.028198766 
884 339 25 35 0.028149663 
403 516 27 39 0.02808102 
855 301 26 33 0.027910264 
363 419 95 146 0.02772624 
42 513 236 290 0.02765123 
791 1029 10 14 0.02723055 
733 43 10 13 0.02718086 
630 39 12 13 0.02715211 
680 123 11 15 0.027116014 
864 317 52 75 0.027031746 
362 1001 58 77 0.026872853 
417 997 105 128 0.026758762 
379 321 76 120 0.026655808 
339 420 188 237 0.026537757 
616 88 10 13 0.026450368 
413 537 12 17 0.026441798 
176 60 9 11 0.026339008 
234 98 14 18 0.026268763 
729 171 9 13 0.026266256 
623 1330 56 63 0.026238173 
772 197 12 14 0.026225219 
353 1359 33 32 0.02619693 
830 1097 13 17 0.026048575 
515 454 15 18 0.025998905 
385 511 31 42 0.025874233 
160 76 26 30 0.025854388 
753 113 9 12 0.025723198 
913 219 12 16 0.025704157 
893 151 10 13 0.02543295 
163 93 16 20 0.02542758 
750 124 11 14 0.02523947 
717 -1 10 9 0.025230624 
640 905 44 58 0.025059503 
790 1035 13 18 0.025046948 
660 118 10 12 0.025025642 
531 436 13 16 0.024861952 
738 1248 16 21 0.024830952 
818 146 17 21 0.02464912 
442 347 49 73 0.024599766 
853 149 13 18 0.024419094 
891 341 16 22 0.024363134 
792 52 11 13 0.024353314 
380 500 16 19 0.024334831 
704 132 11 14 0.024294445 
630 135 9 11 0.024278678 
45 1038 12 16 0.024255514 
546 1007 64 83 0.024110667 
630 15 10 14 0.024091234 
84 1071 45 65 0.024078056 
316 71 11 14 0.023980124 
608 1027 35 47 0.02395638 
709 148 11 13 0.0238693 
780 1205 27 40 0.023842854 
939 1173 22 28 0.023767939 
57 1064 76 106 0.023531985 
219 1324 69 63 0.023453427 
741 1218 17 22 0.023162585 
624 38 10 11 0.023067957 
388 437 11 14 0.023011962 
649 125 10 12 0.022989813 
453 1163 13 16 0.022971949 
704 140 10 13 0.022853097 
396 864 14 17 0.022814205 
356 352 85 163 0.022767494 
484 353 48 61 0.022704607 
463 352 47 68 0.022600846 
709 124 12 15 0.022587167 
57 1282 63 67 0.02253433 
871 1196 20 28 0.022370167 
587 159 12 14 0.02231488 
648 132 10 12 0.022280393 
829 140 13 18 0.022189276 
157 1027 15 19 0.022174807 
688 381 12 14 0.0221607 
377 378 28 48 0.021896407 
884 353 33 49 0.021838447 
664 29 10 11 0.021836054 
713 108 10 12 0.021805298 
378 1361 15 25 0.021750307 
717 116 10 12 0.021750081 
843 353 46 73 0.02169071 
509 0 13 12 0.021635167 
2 1274 98 109 0.021574227 
492 1048 64 83 0.021488544 
916 1124 11 15 0.02140038 
225 54 24 29 0.021338006 
844 1198 28 31 0.021314291 
781 107 10 12 0.021262586 
877 1126 14 20 0.021235544 
28 1318 33 48 0.021172054 
685 437 11 16 0.02114883 
381 495 50 72 0.021100128 
660 126 10 13 0.020949721 
733 172 10 12 0.02085514 
782 971 13 17 0.020819923 
411 463 26 34 0.020783732 
-2 988 21 32 0.02071381 
638 102 10 11 0.020617805 
656 141 9 12 0.020617653 
743 124 12 15 0.020615442 
523 52 15 18 0.020593489 
630 30 10 11 0.02055491 
647 30 9 11 0.02053603 
-43 168 405 481 0.020509226 
841 21 31 39 0.020481627 
376 501 29 39 0.020474754 
860 224 17 23 0.020436442 
353 986 99 119 0.020432277 
164 120 23 30 0.02023879 
798 1062 14 20 0.02004814 
