7_Cheering_Cheering_7_542
44
258 291 208 297 0.99985147 
562 120 251 334 0.9997509 
2 338 32 45 0.45008647 
131 347 47 65 0.272151 
160 401 33 39 0.0831036 
106 345 47 64 0.08073296 
84 324 27 38 0.07999777 
84 67 13 17 0.06860615 
894 249 34 45 0.05895289 
49 287 26 32 0.05679465 
117 342 80 102 0.055582933 
-2 277 40 56 0.052506607 
83 321 46 63 0.049885992 
898 275 46 59 0.04887225 
488 307 85 125 0.04861972 
874 287 15 21 0.044013485 
878 279 50 67 0.043516465 
991 248 33 44 0.042109985 
126 55 102 131 0.040728126 
145 381 55 73 0.03554139 
234 -1 51 62 0.034766022 
-1 290 13 22 0.03253482 
969 118 44 60 0.032340176 
509 307 55 76 0.03143986 
209 30 95 138 0.028951809 
17 271 100 125 0.02886165 
347 273 190 280 0.02786198 
152 357 36 54 0.027855268 
859 288 51 68 0.02726251 
44 285 51 61 0.026612043 
56 351 26 33 0.025928954 
64 306 48 60 0.025092639 
-3 283 21 39 0.024888542 
10 274 53 63 0.024850316 
953 289 13 16 0.023390112 
89 67 15 20 0.023173809 
84 345 81 107 0.022656512 
536 602 114 163 0.022349518 
520 96 13 18 0.02151568 
81 311 27 34 0.021479001 
887 404 136 123 0.020993466 
29 346 83 116 0.020803789 
792 272 27 50 0.020581177 
892 279 26 33 0.020132141 
