7_Cheering_Cheering_7_345
305
449 155 25 40 0.96299136 
551 352 25 28 0.951843 
231 377 21 31 0.9459087 
253 371 24 29 0.9104947 
581 390 25 30 0.90504485 
1 310 21 34 0.68364775 
599 189 28 36 0.6052072 
209 413 17 20 0.5878324 
802 395 24 30 0.5834863 
263 390 25 32 0.5226127 
906 357 24 30 0.4923215 
357 402 21 27 0.43867105 
873 376 24 29 0.40198952 
857 357 23 29 0.3625918 
756 375 25 31 0.2853151 
870 346 15 18 0.28277236 
439 134 41 55 0.26356372 
87 379 26 27 0.25448665 
404 193 20 33 0.22377457 
863 408 18 23 0.20725739 
681 236 14 23 0.1999831 
639 315 50 81 0.1810155 
463 388 26 35 0.15802452 
439 383 21 30 0.15585905 
982 424 30 43 0.15506223 
202 386 16 20 0.14991239 
339 385 15 24 0.1418795 
875 351 14 19 0.120835364 
341 376 14 20 0.11743947 
183 371 13 16 0.114406 
539 347 26 33 0.104264595 
28 370 14 18 0.10356647 
0 368 63 67 0.09948688 
311 652 8 10 0.099084936 
290 416 18 21 0.09908454 
147 422 29 37 0.09878519 
789 395 28 33 0.09691597 
334 416 21 34 0.09670063 
868 357 23 29 0.096500225 
475 386 24 37 0.09585125 
900 361 18 22 0.095645905 
915 333 11 16 0.09444079 
242 372 22 32 0.09278996 
751 426 12 19 0.091866456 
573 385 23 32 0.089098506 
866 353 17 20 0.08600823 
400 200 15 22 0.08563936 
18 370 27 29 0.08508185 
892 366 24 30 0.083187684 
946 312 16 24 0.08009529 
193 407 24 31 0.07983732 
449 390 23 30 0.0736405 
813 388 15 20 0.072675996 
508 358 30 33 0.072506726 
475 386 14 23 0.07158965 
910 336 13 17 0.06801435 
459 394 19 24 0.0671951 
885 390 17 22 0.066828504 
761 372 18 21 0.06613763 
865 382 24 32 0.06592676 
955 305 16 23 0.06440792 
882 421 17 20 0.06360937 
145 410 25 32 0.06247245 
343 411 22 31 0.061062805 
323 59 43 51 0.059948336 
588 81 27 35 0.05972218 
990 325 12 15 0.059650395 
350 459 14 18 0.058880232 
713 65 28 32 0.05857668 
187 366 13 16 0.057792373 
627 68 17 22 0.056089025 
44 387 14 16 0.055643264 
200 365 11 14 0.05452965 
921 354 14 21 0.053937122 
1 458 18 38 0.053830903 
925 349 12 16 0.052055366 
39 387 27 28 0.052050408 
916 362 22 34 0.051851265 
156 362 14 16 0.05124045 
175 409 25 34 0.051101357 
326 358 12 18 0.050585926 
862 349 13 18 0.050458897 
332 367 16 21 0.049273632 
853 410 22 29 0.049109127 
103 429 30 32 0.048764776 
195 376 22 26 0.04843412 
781 380 12 15 0.04829286 
841 419 14 19 0.04785784 
906 395 14 17 0.047601976 
474 378 15 19 0.047475237 
334 376 16 22 0.04730029 
216 475 44 60 0.04615283 
431 162 33 39 0.04465578 
51 389 14 17 0.044429727 
765 383 26 33 0.043798804 
185 370 24 27 0.043342263 
816 399 15 22 0.04327192 
905 421 17 21 0.043140728 
828 419 15 19 0.042559993 
876 360 13 18 0.042553343 
196 371 14 18 0.042531185 
783 392 13 17 0.04251484 
609 329 24 38 0.042423967 
330 390 24 33 0.041671705 
941 305 13 19 0.04142151 
165 364 12 14 0.04099251 
964 303 14 22 0.04080315 
991 318 11 15 0.040542983 
717 62 42 52 0.039585654 
213 373 12 17 0.039123476 
941 348 14 17 0.03866442 
483 368 37 48 0.038494147 
381 548 13 15 0.038071312 
405 194 41 54 0.037935898 
319 399 26 30 0.037867296 
30 381 26 29 0.037731744 
922 67 37 43 0.03751381 
64 57 47 51 0.03694921 
978 307 13 18 0.036946762 
752 494 10 13 0.03691257 
431 777 10 14 0.036787607 
911 327 10 13 0.03653645 
521 365 19 22 0.036378227 
157 372 12 13 0.03626281 
243 437 13 21 0.036126908 
342 390 23 30 0.035990696 
180 396 14 20 0.03568026 
843 398 14 19 0.035619758 
645 415 12 17 0.03548124 
222 383 24 33 0.035315238 
890 377 16 23 0.035029624 
470 371 14 18 0.034775298 
205 375 22 28 0.03474497 
776 395 24 32 0.034697257 
166 414 26 37 0.03453388 
186 392 22 26 0.034316417 
890 398 16 20 0.034244064 
173 400 15 23 0.034185156 
280 685 11 14 0.03417383 
564 337 16 18 0.033861402 
982 324 12 15 0.033220056 
161 410 17 23 0.032629985 
611 324 13 17 0.032256383 
367 663 10 13 0.032131597 
346 371 14 19 0.03200981 
397 292 52 63 0.03189538 
294 431 13 18 0.03129861 
437 184 29 37 0.03127881 
793 397 40 47 0.031081155 
220 364 13 17 0.031064428 
656 423 45 57 0.03091929 
252 427 11 15 0.030855248 
833 529 26 33 0.030827671 
283 433 15 18 0.030798092 
236 385 25 34 0.030491898 
786 393 17 21 0.030110478 
658 328 53 72 0.02992598 
176 372 10 14 0.029920164 
245 408 13 17 0.02985002 
779 409 14 18 0.029796181 
772 415 15 20 0.02962635 
772 408 14 18 0.02945899 
359 662 10 13 0.029260699 
362 414 15 20 0.02905521 
779 363 12 14 0.02905248 
870 437 22 31 0.028811168 
220 661 14 15 0.028810425 
172 366 10 13 0.02880719 
427 198 18 21 0.028701846 
594 393 22 31 0.028296487 
282 419 23 27 0.028293574 
164 370 12 15 0.028099133 
361 600 9 11 0.027928548 
689 232 17 25 0.027706884 
39 701 8 11 0.027699644 
204 371 14 18 0.027621843 
236 448 12 18 0.027621785 
278 443 14 17 0.027556987 
172 387 13 17 0.027526366 
706 230 17 24 0.027519722 
790 345 9 11 0.027362652 
422 395 12 15 0.027341848 
356 396 17 20 0.02731491 
896 388 21 26 0.02716069 
86 68 28 33 0.027094318 
765 407 15 20 0.02706964 
751 413 21 30 0.026905822 
429 536 9 11 0.026903352 
428 186 45 60 0.026898159 
138 400 25 34 0.026786886 
969 380 22 31 0.026595475 
351 409 15 20 0.026547045 
930 509 27 34 0.026525045 
125 435 23 33 0.026448388 
446 124 31 43 0.026411636 
325 353 20 28 0.026367188 
868 395 22 29 0.026048172 
300 432 12 18 0.02604732 
773 447 14 18 0.025963334 
908 349 16 21 0.025903225 
766 402 23 30 0.025830036 
208 393 15 21 0.025801823 
773 424 14 18 0.025790416 
202 497 17 22 0.025739755 
693 429 11 15 0.025715517 
23 732 9 12 0.025684956 
163 381 14 17 0.025674177 
619 331 30 49 0.025571533 
365 468 13 18 0.025569381 
339 408 15 22 0.025480162 
202 359 13 15 0.025474854 
529 362 15 19 0.025271099 
194 401 17 22 0.025095642 
316 476 13 17 0.025073797 
833 423 22 26 0.024984837 
24 364 13 15 0.02487504 
373 668 11 13 0.024769796 
211 488 32 41 0.024710508 
594 373 14 18 0.02458914 
92 375 17 19 0.024532668 
857 356 14 19 0.024482958 
285 679 10 11 0.024435725 
814 385 11 14 0.02432595 
490 377 17 20 0.024186842 
938 346 25 31 0.024133842 
313 139 413 465 0.024120536 
413 165 77 103 0.024118748 
365 674 11 15 0.024089219 
789 374 11 15 0.024080012 
974 311 14 20 0.02405652 
934 346 13 16 0.024000077 
638 201 13 18 0.023969987 
611 403 14 21 0.023968454 
822 417 14 19 0.02368449 
769 384 16 20 0.023615407 
933 521 16 19 0.023471083 
694 -72 356 410 0.023430329 
197 463 50 62 0.02326276 
143 381 10 13 0.023230096 
749 506 15 20 0.023140946 
110 372 13 17 0.023135254 
144 433 13 20 0.023101028 
265 383 17 22 0.023095014 
965 293 12 15 0.023019928 
400 539 10 14 0.023001079 
939 388 14 17 0.022962773 
174 379 12 16 0.022909364 
171 409 16 24 0.022857057 
973 293 12 16 0.022823632 
963 496 27 34 0.022781597 
955 394 42 58 0.022776075 
416 369 41 53 0.022737077 
137 384 23 29 0.02273274 
778 442 15 20 0.022700947 
198 490 29 36 0.022686971 
165 430 26 37 0.022585914 
995 328 13 16 0.022488352 
963 312 13 20 0.022447279 
853 405 12 18 0.022436831 
245 365 40 48 0.022310972 
429 392 29 36 0.022110289 
925 407 40 53 0.022104349 
740 60 32 39 0.022073578 
236 667 14 15 0.022032563 
50 400 16 20 0.021911696 
5 724 11 14 0.021891706 
876 362 23 29 0.0218394 
595 96 28 33 0.021739215 
306 651 9 12 0.021736713 
220 461 11 12 0.021724438 
796 460 14 17 0.021706693 
901 285 10 12 0.021639366 
972 301 15 21 0.021604395 
959 240 9 11 0.021569 
37 384 15 20 0.021565452 
776 434 13 17 0.02143157 
614 335 13 22 0.021221638 
864 341 12 15 0.02102472 
458 131 16 26 0.02092509 
458 401 31 38 0.020911153 
258 365 17 21 0.020898335 
812 676 17 19 0.020605365 
746 380 36 49 0.020590266 
372 652 10 13 0.020580115 
892 522 15 21 0.020563187 
494 353 37 50 0.020490095 
740 649 16 18 0.020489065 
187 358 13 15 0.020485105 
903 410 12 16 0.020392476 
628 202 14 20 0.020391352 
754 432 13 16 0.020367691 
860 355 40 48 0.020365043 
526 350 25 31 0.020349469 
940 507 15 21 0.020302033 
819 418 24 31 0.020254131 
980 379 13 18 0.020242762 
790 408 16 20 0.020219112 
281 679 9 11 0.020210454 
82 375 40 46 0.020210274 
153 403 18 22 0.020150337 
312 406 12 17 0.020133179 
875 430 25 31 0.020120982 
478 375 26 33 0.020093886 
132 432 14 22 0.02008659 
508 400 16 20 0.020006174 
