7_Cheering_Cheering_7_536
105
244 230 29 35 0.97733396 
329 306 24 31 0.9316621 
518 337 35 55 0.84128296 
597 210 96 120 0.83742535 
995 240 28 40 0.7828835 
333 260 26 32 0.76778424 
271 576 49 54 0.71325266 
313 219 28 33 0.71041244 
713 257 104 148 0.69951826 
-2 226 25 35 0.6440758 
937 294 36 38 0.6322154 
207 225 23 28 0.5750768 
849 281 30 40 0.55164444 
252 309 28 36 0.5015109 
-2 342 18 32 0.42530516 
888 250 34 37 0.35393262 
216 263 28 33 0.34006807 
133 245 27 37 0.3098507 
99 243 27 29 0.3008715 
519 261 34 43 0.27515242 
177 254 25 32 0.25791448 
972 472 46 70 0.20639506 
878 258 31 38 0.15606593 
646 258 40 46 0.14436933 
42 223 30 34 0.13199997 
134 231 29 34 0.1147297 
0 276 22 30 0.09411387 
558 350 43 61 0.084678136 
119 319 51 52 0.067994416 
430 245 29 33 0.0618356 
314 234 21 26 0.061458986 
395 246 27 28 0.061157312 
205 250 32 36 0.058257375 
265 251 24 26 0.058094244 
380 245 25 27 0.05679897 
855 263 42 54 0.056626957 
187 588 14 19 0.055790022 
377 263 28 32 0.054649163 
61 236 27 31 0.053107537 
352 268 26 33 0.04904178 
461 270 26 30 0.0450947 
676 147 170 226 0.04497449 
195 537 29 33 0.044660173 
356 240 17 20 0.044567477 
705 49 64 86 0.044371463 
259 552 88 103 0.043402407 
205 645 10 13 0.042756896 
419 248 25 31 0.042641286 
744 291 41 50 0.041932717 
729 222 38 44 0.04156355 
310 225 19 23 0.04108605 
196 542 15 20 0.040684205 
176 586 25 31 0.03993032 
388 260 27 32 0.0388945 
370 239 25 27 0.038020004 
599 262 51 67 0.037075024 
637 233 105 138 0.036846664 
194 533 49 57 0.03593303 
202 235 31 36 0.033841375 
366 270 29 33 0.033796746 
322 320 37 47 0.03278994 
980 338 42 64 0.032485433 
620 265 62 76 0.031516552 
25 295 22 30 0.031023307 
225 608 48 58 0.02899087 
906 22 147 231 0.028575338 
331 326 42 60 0.02830244 
540 345 44 62 0.02731124 
689 35 108 144 0.027179126 
155 577 16 21 0.026955316 
105 235 19 23 0.026893167 
-161 -54 451 488 0.026561344 
39 231 43 50 0.026500933 
215 226 27 31 0.026246114 
256 278 40 50 0.025848556 
988 369 37 63 0.025823593 
255 241 28 32 0.025818408 
515 489 36 47 0.025392318 
403 235 17 18 0.025389157 
725 190 53 70 0.024949173 
328 226 17 22 0.024794526 
931 304 52 60 0.02462856 
90 352 29 33 0.024600785 
292 583 35 39 0.02405733 
111 241 19 21 0.023912352 
226 565 31 40 0.02372813 
362 237 16 18 0.023327846 
921 299 36 35 0.023130806 
599 282 29 39 0.022330748 
895 262 43 50 0.022300808 
189 531 23 34 0.022286449 
999 392 24 38 0.02209357 
163 576 28 35 0.021969972 
252 615 62 58 0.021873405 
33 231 31 34 0.021725554 
208 622 46 56 0.0211574 
501 266 36 41 0.021127233 
291 282 26 32 0.02112059 
999 272 24 35 0.021100279 
360 242 23 26 0.021096723 
363 331 24 31 0.021002032 
615 624 67 62 0.020787472 
30 441 12 15 0.020640368 
153 597 48 58 0.02056967 
275 516 119 116 0.020465987 
