7_Cheering_Cheering_7_171
1294
435 282 17 21 0.9759296 
339 317 16 21 0.9751185 
551 264 13 18 0.9646971 
580 249 13 18 0.9555919 
389 252 14 18 0.95503455 
510 260 15 18 0.947072 
418 144 14 19 0.9464465 
118 5 14 17 0.9425243 
291 266 20 25 0.94073045 
56 83 15 19 0.9330836 
721 307 16 20 0.9295277 
349 270 17 22 0.928899 
774 163 12 17 0.92214537 
515 105 13 17 0.9202925 
937 218 12 15 0.9159531 
925 236 12 16 0.91477984 
623 67 12 17 0.91175014 
601 219 14 18 0.9104293 
319 240 16 22 0.9077495 
628 227 13 17 0.9059076 
424 309 18 24 0.903072 
222 60 13 18 0.9030715 
555 293 15 19 0.89853925 
735 84 12 16 0.8962011 
330 3 11 15 0.8960142 
907 252 11 15 0.8945554 
461 227 17 21 0.8916352 
664 141 12 15 0.88569915 
991 309 13 17 0.87997943 
609 237 14 18 0.8796461 
485 100 14 17 0.8784246 
880 293 13 16 0.8768151 
95 157 19 23 0.8733236 
423 62 13 16 0.86233246 
690 250 13 17 0.85623735 
699 233 13 18 0.85166144 
330 53 15 19 0.8514967 
400 109 13 16 0.85099417 
473 181 14 18 0.8498257 
555 221 13 16 0.8446253 
477 80 13 17 0.84225744 
360 30 13 16 0.8383494 
249 21 13 18 0.83548075 
535 185 14 18 0.8318713 
261 181 16 22 0.8301527 
639 300 14 17 0.8261915 
346 98 14 17 0.8261264 
274 89 13 17 0.8228829 
287 39 15 20 0.818884 
87 89 19 22 0.81850165 
602 263 14 18 0.81670743 
667 189 11 15 0.8118473 
960 281 11 14 0.8103539 
497 159 16 20 0.80966735 
129 142 15 19 0.80837125 
491 66 13 17 0.80720705 
490 125 13 18 0.80623513 
618 294 14 20 0.8049048 
796 196 14 19 0.7957147 
584 160 14 18 0.790889 
714 232 14 18 0.7892373 
473 26 11 14 0.78910446 
103 115 14 18 0.7845765 
58 60 15 20 0.7769493 
522 66 14 17 0.77399635 
451 212 14 17 0.76983607 
751 210 16 19 0.76851076 
533 245 14 18 0.76736057 
24 388 18 21 0.7641464 
201 35 12 15 0.76366043 
461 129 15 18 0.76273793 
2 10 15 18 0.7605054 
614 186 14 18 0.7587733 
811 163 12 17 0.75852275 
524 210 12 16 0.75436527 
290 72 15 19 0.75386155 
884 227 12 16 0.74397975 
650 164 13 16 0.73750186 
855 293 10 14 0.7355214 
635 203 14 18 0.735175 
511 130 11 15 0.72694886 
441 143 13 16 0.71376675 
727 155 13 16 0.71309966 
461 102 11 14 0.70993865 
18 78 17 21 0.709075 
494 212 16 19 0.7086505 
691 92 11 14 0.7058185 
975 300 11 15 0.70313936 
32 162 14 18 0.7007337 
386 60 14 18 0.69814205 
901 325 12 17 0.6869384 
752 257 14 18 0.68658704 
303 216 17 22 0.6848764 
650 244 16 21 0.6847646 
148 115 17 20 0.67994523 
963 261 10 13 0.67357254 
784 308 13 16 0.6705013 
554 245 14 18 0.6679081 
873 194 12 14 0.6633862 
155 146 15 19 0.6633255 
501 237 13 17 0.66129917 
443 76 14 18 0.65951693 
383 315 22 27 0.659213 
954 242 11 15 0.6479529 
366 12 10 13 0.64789176 
951 328 14 17 0.64780176 
657 212 13 16 0.6431749 
341 215 17 22 0.64124924 
385 123 14 18 0.63691777 
546 101 13 16 0.6328611 
475 205 14 18 0.6310024 
390 18 13 15 0.62917244 
570 134 12 15 0.6227686 
416 22 9 12 0.6164169 
943 277 10 14 0.61515963 
149 91 18 24 0.61294603 
740 118 12 15 0.6104317 
761 116 13 16 0.6102544 
271 68 12 16 0.6098208 
325 79 12 15 0.6096781 
760 107 13 16 0.60109967 
875 170 14 17 0.60004526 
140 0 10 11 0.59421486 
753 315 13 17 0.5920032 
540 168 12 15 0.58655196 
681 81 11 15 0.58587724 
470 66 11 13 0.58325803 
986 372 12 17 0.5754681 
597 139 11 14 0.5660835 
580 114 11 14 0.56156904 
892 368 14 17 0.5572989 
574 47 11 13 0.55257833 
296 18 12 14 0.5389636 
935 330 10 15 0.5302985 
785 142 11 14 0.52953154 
782 125 12 15 0.52807605 
719 106 14 17 0.5232212 
133 173 15 18 0.5211225 
668 60 10 12 0.5119618 
861 227 11 14 0.50941867 
161 30 13 16 0.5092325 
724 190 14 17 0.50624543 
401 155 13 17 0.5029543 
426 114 12 15 0.5018115 
333 29 11 14 0.5011078 
1010 270 10 13 0.49958995 
53 20 13 16 0.4952725 
661 86 12 16 0.4946352 
156 206 15 21 0.4915313 
348 237 16 22 0.4811433 
153 6 14 17 0.4806053 
303 1 12 14 0.47495723 
699 277 12 16 0.471182 
106 68 12 16 0.46992776 
644 90 11 14 0.46748197 
751 173 13 16 0.46062398 
477 50 10 13 0.46059376 
549 128 13 17 0.45747638 
243 62 12 15 0.45577905 
772 284 13 17 0.45197064 
647 77 13 17 0.44834173 
792 170 12 15 0.4446897 
222 11 12 16 0.4410611 
388 29 12 15 0.43872613 
930 262 12 16 0.43813616 
72 422 20 25 0.4375544 
996 268 11 13 0.42569488 
239 77 12 16 0.4198961 
697 122 13 17 0.4112263 
743 136 12 15 0.4036293 
514 32 14 18 0.40063858 
188 0 11 13 0.39343664 
271 309 15 19 0.38770977 
237 45 13 14 0.38669285 
635 326 17 23 0.3824211 
619 155 13 17 0.37446132 
492 34 11 14 0.36110574 
355 52 15 19 0.36089265 
998 246 9 12 0.36046347 
696 195 12 15 0.355608 
559 59 13 14 0.34736958 
801 148 10 14 0.34645313 
632 181 13 15 0.34586737 
850 322 14 18 0.34500635 
885 249 12 14 0.34449717 
421 97 15 19 0.34332085 
589 69 11 14 0.34330925 
695 181 12 14 0.32359987 
449 30 9 12 0.3183673 
175 11 11 15 0.307642 
312 89 12 17 0.30674693 
727 285 14 17 0.30461568 
415 189 12 14 0.3037372 
592 183 13 16 0.30143973 
951 362 11 14 0.2984048 
103 74 15 17 0.29661193 
219 36 12 15 0.2928203 
696 188 13 15 0.2906654 
465 124 12 16 0.28649738 
878 219 12 16 0.28113627 
388 116 12 16 0.27607808 
384 32 12 15 0.27455273 
380 403 25 32 0.27327222 
141 397 12 18 0.2679496 
528 43 11 15 0.26716474 
852 209 14 19 0.2662184 
646 53 10 12 0.2661109 
708 258 11 14 0.25971243 
586 296 16 20 0.25865307 
596 46 9 11 0.25647917 
696 129 13 17 0.25442344 
783 188 12 15 0.25041923 
419 284 13 18 0.24729277 
619 87 13 16 0.24456441 
652 82 13 18 0.2404524 
637 110 10 12 0.23257713 
556 115 11 13 0.22278075 
806 135 11 14 0.21999428 
417 16 10 13 0.2097253 
976 246 9 12 0.20920637 
853 380 12 14 0.20508166 
755 163 11 15 0.20419577 
900 214 11 14 0.20312743 
568 53 10 14 0.19726327 
867 423 15 19 0.19351366 
990 286 10 13 0.19116536 
238 50 14 17 0.18552998 
88 426 16 21 0.18491353 
977 268 10 14 0.1839818 
748 243 13 18 0.18380588 
605 1 12 14 0.17786284 
423 40 9 13 0.17760266 
862 195 10 14 0.17743196 
907 229 11 15 0.17686139 
186 395 17 23 0.17626037 
0 82 9 18 0.17174293 
723 213 13 17 0.16906688 
890 227 14 18 0.16832449 
125 418 13 17 0.1671966 
66 28 14 19 0.16407947 
451 49 11 14 0.16372252 
175 43 11 13 0.16371772 
440 53 11 14 0.16271776 
445 51 13 16 0.16110218 
939 330 12 16 0.1603563 
128 55 9 12 0.15906894 
317 83 13 16 0.15741433 
731 163 12 14 0.1538274 
949 277 12 15 0.15360446 
508 186 13 17 0.14966808 
597 116 12 15 0.14867477 
567 257 354 466 0.14784679 
669 182 12 15 0.14635143 
601 86 10 13 0.14549541 
634 315 17 22 0.1452882 
320 36 12 15 0.14207509 
1014 333 10 15 0.14134783 
672 24 8 11 0.1395188 
223 0 11 12 0.13941494 
979 291 11 14 0.13917197 
684 175 11 14 0.13759817 
525 37 13 16 0.13454577 
982 262 9 12 0.13422419 
854 150 13 15 0.13416235 
364 19 11 14 0.13407683 
438 181 12 16 0.13386275 
849 170 14 17 0.13309914 
483 75 12 15 0.13295308 
281 375 15 21 0.13226905 
983 286 11 14 0.13101128 
390 110 13 15 0.12817468 
748 239 11 13 0.12719479 
700 268 13 17 0.12621984 
960 266 12 13 0.12608139 
356 133 13 16 0.124583796 
955 358 16 19 0.12452532 
574 110 13 16 0.12415976 
757 94 14 18 0.124097206 
748 369 21 27 0.12106182 
365 121 12 15 0.11900371 
96 90 17 21 0.11813511 
901 220 12 15 0.116888516 
337 130 15 17 0.11650199 
999 357 14 16 0.11376239 
779 259 13 18 0.1126608 
718 113 13 16 0.1126331 
529 92 11 14 0.110964164 
645 98 10 13 0.110563695 
591 114 10 14 0.11048285 
687 96 12 14 0.10968897 
636 133 11 14 0.109067954 
680 179 9 13 0.10860317 
985 253 9 11 0.10694306 
64 141 13 18 0.106661774 
543 214 10 13 0.10643182 
445 23 11 13 0.10565044 
858 287 11 16 0.104035184 
418 60 10 13 0.10388842 
655 89 12 15 0.1033414 
267 37 10 13 0.10041054 
931 404 14 16 0.09945043 
844 328 13 16 0.0993429 
981 247 10 13 0.09761678 
460 95 12 15 0.09730186 
531 213 11 14 0.09727293 
661 299 12 19 0.09670913 
494 53 13 14 0.09499167 
1002 145 18 24 0.09488058 
403 205 13 16 0.094848104 
813 186 11 15 0.09484111 
95 101 22 28 0.09460108 
170 420 16 20 0.09455379 
915 357 15 17 0.094284475 
714 68 13 18 0.09339434 
440 22 9 12 0.093262 
387 310 15 19 0.09301584 
966 257 10 12 0.09254212 
501 125 13 16 0.09063607 
622 46 9 12 0.09063223 
595 19 13 18 0.090570174 
115 402 13 18 0.0903823 
772 32 23 29 0.09015923 
787 131 12 15 0.08997212 
853 187 13 17 0.08961311 
797 84 13 17 0.08956094 
990 135 26 34 0.08948064 
563 192 17 19 0.08926352 
747 281 14 17 0.08914026 
179 38 11 14 0.08850785 
677 61 10 13 0.08831622 
142 389 10 13 0.08798712 
317 98 12 16 0.08752812 
788 188 13 17 0.08749998 
731 195 11 14 0.08687478 
106 155 15 19 0.085815236 
763 14 13 17 0.08544107 
902 232 13 18 0.085428566 
719 218 12 15 0.085062005 
537 172 13 17 0.08502998 
808 70 11 13 0.08390618 
575 58 10 13 0.08308663 
967 223 9 12 0.082965575 
796 369 16 23 0.08245609 
550 215 11 13 0.08219578 
228 3 11 13 0.08192561 
534 116 10 13 0.08178572 
583 212 9 13 0.08176634 
426 93 14 17 0.08171226 
332 47 14 16 0.08057314 
472 76 13 16 0.0804075 
468 119 11 15 0.08008247 
786 427 14 19 0.07989575 
702 254 12 15 0.0795306 
697 22 9 11 0.07914118 
847 428 14 19 0.079126455 
568 101 12 14 0.079092145 
703 54 9 11 0.07869739 
454 35 11 13 0.07829568 
717 132 12 15 0.078077406 
652 73 10 11 0.07790542 
657 241 14 19 0.07750524 
385 21 12 14 0.0774079 
561 219 13 17 0.07733788 
783 235 11 14 0.076822884 
814 139 11 15 0.0767235 
116 115 12 16 0.07580984 
756 309 12 17 0.075508446 
640 52 11 14 0.07532942 
781 432 12 18 0.0752872 
894 220 13 17 0.07413021 
475 59 12 15 0.07384513 
662 117 13 15 0.073581345 
815 147 11 15 0.073503986 
927 254 12 16 0.07312408 
23 322 23 32 0.07298638 
786 302 11 15 0.07251826 
808 157 12 15 0.07181404 
1007 265 10 12 0.07106226 
502 194 13 16 0.07101439 
961 369 15 18 0.070971794 
144 100 23 27 0.07097092 
126 177 17 20 0.07092811 
514 254 14 19 0.07057483 
158 384 10 11 0.070030294 
973 213 10 12 0.069501616 
723 235 12 17 0.06945267 
345 223 16 21 0.069229685 
861 232 12 18 0.06888549 
790 178 12 14 0.068867326 
82 420 17 23 0.06823404 
653 131 11 13 0.06815307 
603 139 11 15 0.068138145 
633 377 16 19 0.0677553 
407 187 13 16 0.0675883 
157 1 10 12 0.06730476 
614 1 12 15 0.06657648 
666 91 11 13 0.06568029 
669 86 10 14 0.065471455 
78 28 13 18 0.06535411 
669 116 12 14 0.06506388 
991 276 12 14 0.06486014 
142 383 10 13 0.06449452 
610 230 13 17 0.06411851 
429 44 9 12 0.0640849 
677 115 11 14 0.06397943 
1014 322 10 16 0.06391058 
728 242 11 16 0.063848235 
678 71 11 13 0.063473776 
711 100 11 16 0.063350245 
831 91 10 13 0.063182935 
856 194 11 15 0.0631378 
357 124 13 16 0.06271057 
755 365 13 16 0.06270526 
273 61 14 19 0.06213396 
847 370 12 15 0.061948985 
382 327 17 22 0.06178087 
125 222 15 19 0.061332624 
619 190 13 17 0.060877822 
914 380 18 22 0.060819227 
274 74 13 17 0.060673863 
597 51 10 12 0.060659353 
444 59 12 15 0.060244817 
531 67 10 15 0.05992345 
335 123 14 17 0.05980126 
686 62 9 12 0.05970032 
686 69 9 12 0.05963954 
524 30 12 15 0.059464216 
130 60 12 16 0.059139512 
701 288 13 18 0.05905903 
573 124 11 15 0.058897175 
539 237 13 17 0.057715558 
900 395 12 17 0.05752406 
105 92 14 19 0.057506096 
157 403 10 13 0.057049368 
292 27 13 15 0.05681951 
293 356 10 12 0.056535766 
689 196 11 14 0.056383096 
898 367 12 15 0.05636172 
546 166 11 14 0.05634319 
397 28 9 13 0.056163803 
990 254 9 10 0.05614321 
907 330 12 17 0.056124322 
716 63 11 13 0.05573705 
50 3 16 19 0.05554668 
953 282 11 13 0.055323265 
507 229 13 17 0.055298593 
796 249 12 16 0.055277966 
779 251 14 18 0.055243053 
929 325 13 15 0.055174403 
457 93 10 13 0.05507714 
779 22 14 17 0.054996833 
771 332 13 15 0.05497837 
525 99 11 15 0.054890692 
443 187 12 15 0.054696385 
371 13 10 13 0.05452595 
463 37 10 13 0.05433648 
632 52 10 12 0.054334123 
620 183 12 16 0.05404682 
515 187 13 16 0.053885136 
188 416 15 18 0.05383044 
568 107 11 15 0.053806197 
1012 315 11 17 0.053760964 
542 229 12 14 0.053534828 
439 99 9 13 0.05347295 
294 63 11 15 0.05315276 
806 75 13 16 0.053094063 
101 83 14 17 0.053089995 
189 53 14 19 0.052984297 
668 304 13 18 0.052776627 
733 170 13 15 0.05264159 
501 228 13 17 0.052599024 
421 27 10 12 0.052479416 
626 295 17 23 0.052265186 
997 291 9 11 0.05224686 
654 145 13 16 0.052245278 
351 125 12 15 0.051809143 
798 419 10 16 0.051721398 
216 5 14 18 0.051477395 
606 134 11 16 0.05130686 
373 7 9 12 0.05127038 
859 190 19 25 0.051123254 
755 11 16 20 0.051077 
377 408 39 47 0.051072378 
1007 265 16 24 0.051067956 
463 85 11 14 0.051056698 
362 8 9 13 0.050983343 
744 172 12 15 0.05095991 
789 243 16 19 0.05081656 
953 230 10 13 0.050761763 
281 43 13 15 0.050673608 
676 23 9 12 0.050530355 
974 221 9 12 0.050468817 
795 43 14 17 0.05045936 
337 51 13 18 0.050159015 
646 58 10 13 0.05013856 
872 298 11 14 0.050087526 
532 254 13 18 0.049823143 
854 144 12 14 0.049815986 
810 347 25 30 0.04970416 
249 -2 10 9 0.049609743 
672 5 10 13 0.049544234 
367 228 15 18 0.04953734 
428 121 12 15 0.04952278 
948 299 12 15 0.049349073 
862 241 12 17 0.04925907 
591 15 10 14 0.04924296 
425 145 13 18 0.04907623 
196 435 16 19 0.048948865 
736 137 12 15 0.048933815 
557 64 14 17 0.048890375 
465 61 12 15 0.04878034 
716 258 10 14 0.048755795 
664 183 12 16 0.048715375 
380 197 13 17 0.048405387 
837 362 13 19 0.04828696 
123 135 17 21 0.04824814 
858 203 13 18 0.048247617 
499 151 13 16 0.048021603 
439 48 10 13 0.047858506 
438 172 12 15 0.04775957 
778 377 14 16 0.047718752 
586 245 14 18 0.047702044 
870 176 14 17 0.047687892 
575 157 11 13 0.047652796 
381 93 12 14 0.047557987 
609 265 13 17 0.04752178 
850 177 14 19 0.04740399 
779 292 13 16 0.04732215 
1006 193 14 17 0.04719927 
754 62 17 21 0.04712862 
739 88 12 16 0.04692544 
329 83 12 15 0.046530664 
627 63 12 14 0.046415653 
359 64 12 17 0.046399172 
816 227 11 14 0.04639466 
838 197 11 15 0.046283048 
830 237 14 17 0.046203773 
701 110 11 13 0.04620178 
132 54 11 14 0.046096858 
554 99 13 17 0.046052147 
470 31 13 16 0.04602531 
677 75 18 23 0.04597863 
790 68 11 14 0.04591834 
253 -1 10 10 0.045908228 
351 288 12 17 0.045674913 
230 53 12 15 0.045657154 
992 262 9 12 0.045652643 
522 107 12 16 0.04560222 
417 192 15 18 0.045547638 
799 153 10 13 0.045477655 
90 405 14 16 0.045115966 
880 126 11 13 0.04509583 
341 4 12 15 0.04503722 
286 29 14 16 0.044823945 
718 122 13 16 0.044759437 
565 201 13 16 0.04459577 
892 244 11 15 0.04457127 
83 131 13 17 0.04456648 
353 100 12 16 0.044404157 
484 206 19 24 0.04437844 
476 286 12 15 0.044255946 
676 29 9 10 0.044011325 
339 29 11 14 0.043781385 
567 157 10 13 0.043738842 
336 213 14 20 0.043723315 
562 251 13 17 0.04363956 
781 275 12 15 0.043547004 
696 63 9 12 0.04336862 
527 258 11 16 0.042829864 
804 81 15 19 0.042817302 
422 56 12 15 0.04274109 
205 60 11 13 0.042728018 
84 409 15 19 0.04268745 
627 74 11 14 0.042636286 
254 244 9 12 0.042548437 
389 177 12 16 0.04250901 
659 163 12 16 0.042498663 
755 243 13 17 0.042441797 
320 3 12 16 0.042386696 
886 443 14 17 0.04231491 
334 284 15 19 0.04226678 
676 188 10 13 0.04225966 
136 1 11 13 0.042234235 
298 3 11 15 0.042090036 
723 449 16 19 0.042059533 
499 60 11 15 0.04201414 
774 47 17 21 0.041869875 
301 37 11 14 0.041857928 
364 68 12 16 0.04179895 
478 88 14 17 0.0415385 
214 31 13 17 0.041537695 
486 119 13 17 0.041484196 
707 264 13 16 0.04141255 
218 -2 10 11 0.041343294 
907 214 12 14 0.041332975 
116 66 12 17 0.041246142 
76 138 14 19 0.041225765 
490 105 13 16 0.041200336 
165 23 11 15 0.041187108 
596 39 12 14 0.041015208 
560 397 12 15 0.040854663 
751 92 13 16 0.040830288 
132 175 23 32 0.040498897 
678 54 11 14 0.0403406 
368 408 28 37 0.040314358 
653 254 14 18 0.04027121 
859 387 11 14 0.04023693 
28 60 12 14 0.040119786 
628 47 11 13 0.040077586 
834 250 14 16 0.039996713 
500 52 10 12 0.03987116 
880 231 12 16 0.03976963 
700 202 11 14 0.039693758 
133 65 12 17 0.0396709 
472 45 13 15 0.039655 
910 338 13 15 0.039652016 
106 109 13 18 0.039621238 
685 84 19 24 0.039373927 
526 237 14 18 0.039106663 
603 117 11 13 0.039084174 
567 115 12 15 0.038896292 
415 93 14 16 0.03883139 
717 95 12 14 0.03866265 
665 21 9 12 0.03859526 
848 204 14 19 0.038581204 
299 68 12 15 0.038476165 
508 221 11 14 0.03843749 
394 60 12 16 0.03843714 
389 91 12 14 0.038375925 
1007 430 15 24 0.038369767 
781 37 22 27 0.03833294 
173 29 11 15 0.038297277 
382 55 14 18 0.038045928 
567 126 12 16 0.037993014 
652 279 11 14 0.037983064 
147 194 22 28 0.03794336 
640 322 16 21 0.037931178 
699 138 12 15 0.037926808 
551 239 13 16 0.03786224 
919 231 13 17 0.037748232 
525 49 12 15 0.03768355 
429 54 12 14 0.037621636 
669 154 11 16 0.037562348 
702 60 9 11 0.03753637 
368 155 12 15 0.0375161 
133 329 11 14 0.037471697 
975 274 11 13 0.03740483 
644 6 11 13 0.037342045 
468 107 12 15 0.037243515 
913 367 23 26 0.037140656 
455 230 15 19 0.037089445 
165 399 10 12 0.037031095 
958 252 12 14 0.037009947 
196 70 11 15 0.03691539 
343 267 17 21 0.036904432 
789 209 14 18 0.03688301 
973 292 18 21 0.036859028 
916 334 11 14 0.036836866 
158 20 14 17 0.036809072 
996 322 11 16 0.03675963 
363 131 13 15 0.036688976 
670 46 10 11 0.03667157 
884 372 21 25 0.036645357 
348 85 12 15 0.036530703 
183 -3 19 19 0.036509633 
237 4 11 13 0.036475983 
701 23 9 12 0.03639808 
240 27 13 17 0.03635145 
790 76 12 14 0.036238857 
403 104 12 15 0.036217626 
800 134 12 15 0.036090717 
970 365 21 26 0.036034092 
1009 308 12 17 0.036008593 
230 387 11 15 0.035883106 
985 223 8 12 0.03585607 
799 136 18 22 0.035806015 
571 94 12 15 0.035728343 
930 220 11 14 0.035703998 
439 16 10 12 0.03562968 
959 222 11 13 0.035609532 
875 381 14 17 0.035559 
446 101 10 14 0.03553761 
163 196 14 19 0.03548567 
574 221 11 13 0.03533676 
288 20 12 15 0.035334706 
790 422 14 18 0.035081595 
406 68 12 14 0.03505407 
781 243 13 17 0.035053436 
909 564 9 13 0.03502644 
6 141 11 15 0.03497324 
575 212 12 15 0.034899704 
740 165 12 15 0.03488136 
519 41 12 15 0.03486238 
419 181 15 19 0.034806386 
465 22 10 13 0.034802467 
657 61 9 12 0.03473736 
583 63 11 14 0.034722175 
710 111 21 26 0.034617126 
922 363 13 15 0.034579117 
342 233 17 23 0.034566805 
766 338 15 18 0.03452214 
890 291 13 16 0.03449348 
564 213 12 16 0.03443362 
20 71 14 18 0.034396566 
920 242 11 14 0.034374624 
442 27 9 13 0.03433389 
279 20 11 14 0.03432922 
452 202 20 24 0.034317687 
795 352 23 31 0.03430848 
160 90 15 20 0.03430249 
674 296 17 21 0.03428706 
182 17 10 14 0.03425126 
974 165 12 16 0.034227118 
198 41 13 15 0.034209922 
930 326 19 24 0.0341727 
805 435 12 17 0.034145966 
640 59 10 14 0.034136795 
274 302 13 18 0.03411119 
646 147 11 14 0.03406607 
417 66 12 14 0.033975456 
568 48 18 21 0.03388203 
900 388 14 17 0.033866446 
679 123 10 13 0.03383915 
322 101 13 16 0.033822667 
748 302 13 16 0.03381073 
338 274 20 27 0.033784788 
46 10 22 23 0.03375359 
633 233 12 17 0.03366663 
730 150 13 16 0.033648837 
614 108 11 13 0.033633947 
493 22 11 14 0.033608105 
326 43 14 16 0.033522256 
654 47 9 11 0.033514597 
100 150 17 20 0.03351221 
110 220 12 16 0.03347774 
748 290 13 16 0.03330025 
454 23 9 13 0.033286933 
411 83 14 17 0.033188827 
699 94 11 14 0.033121333 
626 155 13 16 0.03303452 
397 188 13 17 0.033005327 
216 42 12 15 0.032974824 
592 53 10 12 0.032928806 
53 25 23 29 0.032890353 
457 97 18 22 0.03287713 
446 234 13 17 0.03279358 
652 296 19 25 0.032787543 
476 68 11 14 0.032761488 
500 206 12 16 0.032759592 
417 43 11 13 0.03274066 
696 111 11 15 0.03269069 
518 70 14 18 0.032686293 
693 67 10 13 0.03267173 
560 194 12 16 0.03254053 
113 0 11 11 0.032476775 
339 117 13 17 0.03247575 
747 116 12 17 0.032473817 
671 175 11 14 0.03246115 
669 212 11 15 0.03242867 
340 47 10 13 0.032427635 
111 437 12 16 0.032412793 
503 35 11 14 0.03239236 
680 46 10 13 0.032346033 
374 94 12 15 0.03227821 
798 455 26 31 0.032267425 
545 125 12 16 0.03218797 
732 237 12 16 0.032180928 
383 245 15 18 0.03213466 
637 138 12 15 0.032118224 
927 318 12 13 0.032113038 
341 22 9 12 0.032031003 
482 204 14 18 0.031924415 
766 307 11 15 0.031883717 
173 49 13 16 0.03184091 
758 237 12 16 0.03174473 
590 92 12 15 0.031737346 
605 79 11 14 0.031737007 
830 166 10 13 0.03173269 
774 0 11 11 0.031633742 
353 212 15 18 0.031625193 
408 28 10 12 0.031619996 
820 142 9 13 0.031608164 
542 0 9 9 0.03159092 
270 95 14 18 0.031471156 
589 211 11 15 0.031428978 
352 279 15 20 0.03137779 
1013 264 9 13 0.031287413 
334 309 16 20 0.031057663 
661 80 10 13 0.03101468 
895 387 13 15 0.031009546 
813 0 11 11 0.03099032 
60 174 12 14 0.030951507 
387 301 16 19 0.030932084 
725 202 14 17 0.03091195 
19 150 12 16 0.030799227 
919 182 10 12 0.030742297 
849 91 10 13 0.03073461 
385 419 19 25 0.030697726 
765 5 12 14 0.0306954 
480 124 13 16 0.030691205 
550 21 13 15 0.030642994 
606 124 10 12 0.03054913 
815 36 11 15 0.030539624 
591 192 12 16 0.030523663 
966 11 11 14 0.030398337 
832 99 11 13 0.030338401 
391 118 19 23 0.030303562 
741 234 19 24 0.030194648 
583 72 13 17 0.030184554 
432 21 9 12 0.030181384 
944 205 10 11 0.030116044 
-2 58 9 15 0.030109495 
847 388 13 15 0.030036325 
414 278 14 19 0.02999833 
776 108 10 13 0.029983329 
652 178 13 16 0.029948512 
638 174 12 16 0.029784726 
140 26 13 16 0.029750766 
994 238 10 14 0.029745886 
448 206 13 16 0.029719848 
535 218 10 14 0.029701203 
143 96 15 20 0.029674964 
996 354 22 27 0.029614551 
509 204 10 13 0.029612357 
193 74 12 15 0.029599516 
654 99 11 13 0.029560125 
755 86 14 17 0.029393446 
111 410 11 15 0.029391894 
819 163 11 16 0.029367154 
849 381 20 23 0.029342 
696 15 9 12 0.029313004 
989 364 21 26 0.029297989 
216 53 11 15 0.029263576 
741 157 12 16 0.028973857 
903 586 25 30 0.02896368 
648 131 10 14 0.02889387 
244 72 20 24 0.028807176 
357 271 20 26 0.028695485 
150 0 11 11 0.028695202 
557 20 11 13 0.028623763 
730 252 14 17 0.02859813 
505 263 14 18 0.028499901 
262 29 11 15 0.028490387 
102 411 11 15 0.028482314 
775 265 14 16 0.0284439 
631 138 12 15 0.028421313 
404 194 15 18 0.02837601 
605 90 11 14 0.028343426 
588 169 13 15 0.028325371 
119 62 12 15 0.028324367 
796 58 12 15 0.028304119 
328 23 13 17 0.028301194 
551 13 11 13 0.028285148 
119 500 13 17 0.028268808 
123 61 19 24 0.028224478 
476 34 12 15 0.028221622 
911 408 12 19 0.028193196 
824 408 14 21 0.028191734 
84 4 13 15 0.02818496 
422 71 13 16 0.028183553 
676 370 24 29 0.028165888 
669 219 12 17 0.028155895 
642 85 11 15 0.028145226 
742 304 20 26 0.028110716 
603 19 13 17 0.028098343 
612 326 209 290 0.027991062 
825 127 9 12 0.027961545 
900 377 13 18 0.027956946 
574 3 11 13 0.027943905 
824 134 10 12 0.027939633 
394 246 14 18 0.027891573 
410 20 11 14 0.02784694 
944 354 22 25 0.027826848 
528 185 13 17 0.027826415 
390 9 10 12 0.027808622 
957 170 10 13 0.027774563 
982 276 11 13 0.027734853 
852 417 22 31 0.027725086 
609 220 14 19 0.027710646 
664 14 9 11 0.027671205 
452 84 12 15 0.027629195 
300 43 11 16 0.0275538 
612 133 11 15 0.027493762 
547 92 23 27 0.027456222 
176 -1 11 11 0.027440747 
373 123 12 15 0.027417969 
670 364 23 29 0.027408943 
901 244 20 23 0.027399173 
999 86 10 12 0.027378397 
436 184 20 23 0.027356459 
829 133 10 12 0.02727446 
313 219 13 18 0.027270012 
362 58 13 18 0.02725372 
703 148 11 15 0.027252251 
135 -5 21 20 0.027249012 
435 475 12 15 0.027234327 
100 234 11 15 0.027214365 
781 319 14 17 0.027212122 
413 16 17 22 0.027175961 
452 199 12 16 0.027165622 
111 108 21 25 0.027157286 
533 13 11 13 0.027149403 
452 67 11 14 0.027147405 
725 74 19 25 0.027091691 
494 189 12 15 0.02706715 
270 43 11 13 0.027020374 
950 319 12 14 0.027005691 
452 345 14 16 0.026891818 
862 307 12 14 0.026886111 
292 251 23 27 0.026869955 
677 283 13 15 0.026794571 
383 6 10 12 0.02671974 
788 228 14 17 0.026699984 
328 188 12 15 0.026698995 
796 236 14 19 0.026661972 
457 126 13 16 0.026606478 
487 20 12 16 0.02659664 
898 316 22 27 0.026595509 
871 292 21 25 0.026563045 
950 271 10 13 0.026548972 
920 206 8 11 0.026528254 
605 146 11 14 0.026517635 
115 154 12 18 0.026509814 
868 225 13 18 0.026501914 
563 65 13 16 0.02645359 
136 140 15 19 0.026449151 
14 411 12 17 0.026398532 
387 71 13 16 0.02632775 
454 137 13 16 0.026250107 
116 383 11 13 0.02623543 
804 42 12 17 0.026230918 
724 182 14 16 0.026189862 
813 404 24 33 0.026185926 
195 52 13 17 0.02617184 
511 23 11 13 0.02611898 
74 426 26 32 0.026087893 
-1 96 10 19 0.026015518 
653 53 9 12 0.025991598 
607 100 12 13 0.025984412 
607 293 20 26 0.025982752 
712 95 11 14 0.025960816 
372 313 23 27 0.025929136 
768 157 15 18 0.025923211 
96 112 15 19 0.025918936 
703 101 11 14 0.025914049 
663 54 18 23 0.025908431 
109 397 14 20 0.025873141 
413 77 11 15 0.025867017 
526 124 12 15 0.025807044 
332 155 14 18 0.025764674 
152 381 10 13 0.025750352 
575 68 11 14 0.025667598 
846 193 13 18 0.025650194 
539 363 13 16 0.02564827 
189 398 25 30 0.02559643 
732 202 11 15 0.025575133 
483 180 12 17 0.025574585 
678 195 10 14 0.025547212 
994 303 11 15 0.025471672 
343 0 10 12 0.02546958 
951 213 9 12 0.025452103 
352 30 13 15 0.025447087 
346 206 16 19 0.025395859 
701 221 12 15 0.025392324 
724 132 11 15 0.025356187 
747 381 19 25 0.025345782 
440 69 13 16 0.025333865 
535 99 12 15 0.025322186 
605 36 11 14 0.025309434 
638 74 19 24 0.025298065 
148 207 28 37 0.025296379 
643 196 13 17 0.02527763 
78 50 13 16 0.025238374 
975 406 12 16 0.025236348 
672 67 11 14 0.02523632 
565 20 10 13 0.025225477 
813 144 19 25 0.02522302 
974 229 9 11 0.025207156 
534 20 12 15 0.025197977 
292 46 13 17 0.025191143 
206 5 11 13 0.025177354 
581 120 12 15 0.025166456 
775 118 11 14 0.025144184 
101 420 12 16 0.025143504 
790 277 11 15 0.025137797 
644 188 12 15 0.02512809 
503 108 11 14 0.025115892 
956 319 12 15 0.025115782 
707 283 11 16 0.02508826 
879 364 11 14 0.025086861 
632 197 14 18 0.025051337 
853 75 11 14 0.0250349 
16 151 21 25 0.025016315 
262 2 13 15 0.024974832 
937 275 12 15 0.024945183 
975 263 18 23 0.024853049 
487 13 12 14 0.02481282 
1007 13 10 14 0.024796616 
430 85 12 15 0.024742419 
743 247 19 24 0.024740193 
431 180 14 17 0.024715636 
578 362 13 18 0.024711119 
920 267 12 14 0.0246949 
943 317 11 14 0.024682475 
589 100 11 12 0.02468178 
568 15 9 12 0.024677642 
854 134 10 13 0.024676373 
480 106 13 15 0.024672812 
919 276 11 13 0.024670918 
893 167 11 12 0.024670744 
404 119 12 17 0.024656855 
230 19 11 13 0.024592187 
775 309 14 16 0.024574893 
536 0 10 10 0.024568537 
348 263 15 18 0.024519663 
897 398 20 27 0.024497584 
181 30 12 14 0.024475293 
519 23 11 13 0.024467222 
838 13 11 13 0.02444468 
83 32 13 16 0.024423819 
564 225 13 16 0.024415398 
535 107 12 15 0.024401737 
721 12 9 12 0.024353065 
943 198 10 13 0.024349254 
958 288 12 15 0.0243467 
532 49 12 16 0.024345394 
77 413 14 19 0.0243367 
599 78 10 13 0.024325293 
849 156 12 16 0.024307793 
535 27 10 14 0.024297463 
878 373 12 15 0.024273792 
829 127 10 12 0.024252791 
582 151 14 16 0.024249624 
820 155 11 16 0.02421438 
57 13 14 18 0.024172768 
644 108 11 13 0.024171531 
46 147 15 17 0.024167502 
308 23 11 13 0.024162995 
62 73 21 26 0.024139069 
725 169 15 18 0.024127038 
183 381 10 14 0.024124006 
608 181 13 17 0.02409656 
564 97 20 24 0.024057692 
164 116 13 16 0.024049837 
192 46 11 14 0.024045423 
929 215 10 12 0.024025619 
277 51 12 14 0.024016734 
69 99 13 16 0.023993293 
989 223 11 14 0.023973947 
919 135 9 11 0.023931567 
462 326 14 18 0.023916755 
735 109 12 17 0.023870422 
773 69 13 16 0.023847543 
179 139 13 16 0.023839682 
838 421 24 31 0.023817765 
897 218 19 25 0.023801755 
297 74 12 17 0.02379656 
916 251 10 15 0.023793183 
963 325 12 15 0.023779003 
756 50 14 17 0.023769807 
596 61 11 13 0.023760367 
361 75 11 12 0.023759218 
344 12 10 13 0.023757918 
734 229 11 16 0.02373951 
952 248 12 15 0.023736784 
126 0 10 11 0.02372758 
592 24 11 16 0.023713488 
991 264 18 23 0.023670478 
207 53 10 13 0.023663288 
540 160 14 18 0.023653379 
548 82 13 16 0.023646675 
694 211 13 16 0.02364463 
825 358 21 29 0.02359135 
632 114 11 13 0.023566736 
884 385 12 15 0.02353929 
805 131 19 23 0.02353256 
431 15 9 13 0.023526544 
752 159 11 15 0.023514707 
950 206 9 11 0.02347024 
445 107 11 14 0.023453057 
542 27 12 14 0.023402007 
680 289 21 28 0.023391781 
841 320 21 26 0.023387665 
591 131 20 25 0.023295257 
734 179 12 15 0.023277743 
520 52 12 14 0.023266986 
334 136 15 18 0.02324135 
263 67 21 27 0.023223454 
465 28 11 13 0.02322299 
664 80 17 23 0.023193331 
330 242 13 19 0.023180146 
548 208 11 13 0.023159128 
860 413 17 21 0.02314154 
439 107 10 14 0.02312783 
782 211 14 17 0.02311776 
281 61 22 27 0.023092236 
711 241 13 17 0.023071047 
556 254 20 24 0.023069857 
686 39 10 13 0.02305982 
121 400 19 25 0.02305449 
967 237 11 14 0.02304949 
869 235 11 16 0.02300645 
668 202 13 16 0.023001665 
548 44 12 14 0.023001017 
348 5 12 15 0.022962874 
656 116 11 14 0.022955062 
908 293 12 15 0.02292551 
906 318 13 16 0.02290469 
856 323 14 18 0.022899454 
706 248 18 23 0.022882001 
21 66 22 27 0.022862734 
1004 111 12 13 0.022839343 
741 120 18 22 0.02283608 
965 315 11 13 0.022818722 
971 348 14 16 0.02281153 
968 207 9 12 0.022796117 
771 347 12 15 0.022777664 
140 69 12 15 0.022776632 
581 182 20 25 0.022771752 
725 140 12 15 0.022747723 
375 202 13 16 0.02274211 
731 299 14 18 0.022716708 
867 244 11 15 0.022664737 
823 117 10 12 0.022639822 
805 128 11 15 0.022626797 
687 203 11 15 0.022615092 
161 3 20 23 0.022603517 
931 242 11 14 0.022569751 
885 213 11 15 0.022557203 
119 52 11 13 0.022514101 
544 76 11 16 0.022506643 
485 52 11 13 0.022488518 
780 -1 14 13 0.022478323 
147 400 13 18 0.022468748 
376 45 10 14 0.022468299 
701 47 10 12 0.022465028 
502 45 10 12 0.022452435 
117 441 11 17 0.022438504 
960 403 10 14 0.022435341 
767 326 12 15 0.022419764 
730 279 13 16 0.022414101 
542 44 11 15 0.022410706 
755 358 14 16 0.022409411 
118 145 15 20 0.022395385 
445 16 10 12 0.022395357 
755 4 15 18 0.022392211 
860 143 12 14 0.02239142 
375 20 9 13 0.0223759 
638 149 12 15 0.02237272 
801 200 14 18 0.022369212 
798 403 11 16 0.022359123 
639 70 11 13 0.022354394 
687 188 12 14 0.022353847 
718 183 13 14 0.022342248 
685 282 13 17 0.022329913 
57 3 15 18 0.022310043 
951 222 10 14 0.022272693 
579 52 11 14 0.022268161 
407 283 23 28 0.022221677 
630 127 12 16 0.022218533 
504 21 9 13 0.022185998 
580 133 12 15 0.022092182 
927 205 9 12 0.022089466 
110 69 21 26 0.02207429 
692 282 20 28 0.022033101 
189 114 13 17 0.02202267 
117 409 14 17 0.022015 
877 160 12 14 0.021999247 
603 9 13 18 0.021971926 
383 87 11 14 0.02195542 
1012 20 10 16 0.021938793 
756 283 11 16 0.021922639 
493 197 13 15 0.02190509 
684 54 10 13 0.02190418 
932 318 12 16 0.021897418 
848 151 21 23 0.021881001 
819 368 13 19 0.021865403 
333 109 14 18 0.021862274 
387 185 20 25 0.021787686 
922 402 23 27 0.021734945 
613 26 12 16 0.02172779 
310 42 14 18 0.02172056 
79 91 15 20 0.021680484 
370 329 24 28 0.021677436 
93 419 20 27 0.021673672 
867 148 12 15 0.021649133 
957 300 12 14 0.021645917 
455 -1 10 9 0.021644829 
189 19 11 13 0.021619974 
859 1 17 18 0.02157305 
669 162 11 15 0.021563997 
710 182 12 14 0.021547006 
669 252 11 15 0.021534342 
638 156 12 15 0.021524655 
911 207 10 11 0.02151371 
911 148 10 11 0.021513486 
622 117 10 12 0.021506488 
150 397 21 27 0.02149406 
594 68 11 14 0.021486375 
789 337 12 15 0.021483984 
301 27 11 14 0.021479724 
672 431 257 266 0.021457536 
841 157 9 13 0.021426225 
661 171 11 15 0.02141207 
311 51 11 14 0.021406142 
527 115 11 15 0.021388846 
614 159 13 16 0.02138776 
773 430 23 31 0.021376878 
511 40 12 15 0.02137271 
83 363 14 19 0.02137075 
950 293 11 14 0.021337966 
503 117 11 14 0.021303242 
781 335 13 17 0.02130035 
420 135 14 17 0.02129799 
453 59 11 14 0.021275831 
654 188 13 16 0.021250965 
933 225 12 15 0.021238102 
144 12 11 13 0.021223778 
136 22 12 15 0.021219682 
777 129 12 17 0.021171113 
848 135 10 12 0.021165712 
630 301 20 25 0.021142818 
631 103 11 13 0.021141289 
719 284 12 17 0.021129629 
180 356 10 14 0.021104269 
526 197 12 15 0.021091348 
998 228 12 15 0.021074587 
866 194 20 25 0.021039438 
477 117 12 16 0.021023316 
172 413 14 18 0.021010917 
195 0 12 12 0.02098934 
742 395 12 16 0.020988682 
712 221 11 14 0.020980923 
153 28 10 14 0.020971427 
862 298 11 14 0.02088721 
894 207 12 17 0.020881487 
733 28 10 14 0.02087401 
429 132 12 15 0.020841282 
767 0 11 11 0.020834303 
695 45 10 12 0.02080456 
310 248 15 18 0.020793995 
660 259 12 15 0.020742139 
829 69 11 14 0.020733647 
700 174 11 14 0.020732626 
389 100 14 18 0.020698309 
836 86 10 15 0.020675812 
573 228 12 16 0.020675708 
806 108 12 16 0.020649659 
744 30 10 13 0.0206438 
214 93 12 17 0.020642756 
861 338 12 16 0.020641116 
622 108 11 13 0.020633955 
97 407 20 25 0.020628579 
342 459 35 39 0.020628156 
623 223 14 18 0.020623801 
798 68 12 13 0.020616453 
260 19 11 17 0.02061141 
859 375 12 14 0.020548848 
21 21 12 16 0.02053802 
382 43 11 14 0.020515162 
796 178 11 14 0.02048013 
701 211 12 16 0.020470293 
629 149 13 17 0.020470025 
231 37 12 16 0.020447467 
282 28 11 14 0.020446291 
270 365 11 13 0.020427933 
528 -1 10 10 0.020414492 
981 379 21 27 0.02037357 
855 108 10 12 0.02034287 
567 38 11 13 0.020340089 
461 31 19 24 0.020333061 
640 76 12 15 0.0202676 
870 37 10 12 0.020267053 
948 307 13 15 0.020259101 
990 424 11 16 0.020229 
712 116 13 16 0.020216731 
712 196 11 15 0.02020547 
862 172 12 15 0.020173775 
790 59 12 16 0.020172944 
219 434 12 15 0.020135114 
711 212 12 16 0.0201346 
560 156 11 16 0.020113735 
443 241 15 19 0.020099893 
981 392 17 20 0.020084834 
447 90 11 14 0.020078832 
895 172 11 13 0.020077486 
965 157 12 17 0.02007508 
910 285 11 13 0.02007251 
692 196 20 24 0.020065272 
807 187 11 14 0.020065187 
670 260 12 16 0.020064544 
533 121 12 15 0.020054407 
902 293 11 15 0.020014048 
668 244 11 15 0.02000756 
