7_Cheering_Cheering_7_134
148
232 225 97 145 0.9991373 
463 242 89 114 0.9984536 
716 254 88 112 0.9971027 
-7 39 74 139 0.9926563 
153 72 82 113 0.97752964 
466 146 89 104 0.9280546 
940 382 13 16 0.3660868 
333 117 33 36 0.31629375 
989 474 14 18 0.23567115 
944 443 12 16 0.23370701 
546 271 48 68 0.21917912 
937 386 12 16 0.20107011 
897 80 26 33 0.15814489 
925 466 16 19 0.15203024 
974 389 10 14 0.12076711 
1013 421 10 14 0.11161541 
908 459 15 18 0.10636391 
919 421 12 15 0.10266476 
959 448 13 16 0.102323 
933 394 11 15 0.09460414 
407 119 51 66 0.09159589 
892 379 14 18 0.08741757 
991 412 11 14 0.07989262 
997 539 16 20 0.076466344 
188 141 35 42 0.06804596 
949 438 11 15 0.067903936 
965 437 9 11 0.066226676 
459 70 176 234 0.065043196 
252 95 16 20 0.06472899 
264 111 25 35 0.064555414 
838 443 10 13 0.063704304 
996 445 12 15 0.062121008 
958 431 10 12 0.059920285 
997 378 11 15 0.05961858 
511 251 75 99 0.0582825 
547 202 53 79 0.057619784 
1007 452 12 16 0.05599983 
10 125 39 46 0.052929856 
53 100 58 84 0.052366313 
1005 490 14 19 0.051423326 
1013 389 11 17 0.05065723 
960 437 10 13 0.048887588 
803 441 49 63 0.048573975 
951 404 12 14 0.04815693 
878 404 10 15 0.04632711 
877 470 84 115 0.046259068 
894 412 13 16 0.046176486 
180 87 88 111 0.045101542 
1005 530 16 23 0.044938173 
957 405 12 15 0.04484131 
291 136 27 35 0.044787973 
952 430 11 14 0.04476262 
17 51 92 132 0.044055175 
966 431 10 13 0.043580543 
951 329 12 16 0.04284646 
282 78 16 19 0.042045552 
271 108 12 17 0.041923925 
966 414 11 13 0.03992205 
284 132 50 65 0.03984981 
999 490 12 17 0.039406564 
286 105 14 18 0.03860837 
942 423 9 13 0.03839394 
933 402 11 15 0.037590485 
826 448 47 60 0.03738721 
935 426 12 15 0.03683341 
915 460 15 20 0.036526695 
816 460 24 34 0.036354065 
970 326 9 12 0.03516632 
909 396 10 13 0.035159025 
239 96 44 63 0.034892954 
220 136 51 69 0.034880873 
872 443 13 15 0.03465532 
176 126 63 85 0.034393538 
903 394 11 14 0.034360368 
991 445 11 15 0.03407978 
886 465 13 20 0.033828277 
993 482 15 20 0.033372592 
931 512 15 22 0.032853257 
927 412 11 13 0.032070596 
936 490 27 36 0.0320239 
949 447 13 18 0.031817537 
972 446 11 14 0.03155747 
462 202 75 104 0.0315192 
929 379 10 13 0.031513516 
215 97 52 72 0.031276308 
329 276 53 77 0.031175183 
941 377 11 13 0.030531172 
933 411 10 13 0.03040256 
522 174 57 93 0.030392313 
435 118 87 123 0.030288614 
566 353 50 65 0.030156747 
564 225 32 43 0.030152192 
846 454 44 57 0.029535925 
899 388 12 15 0.028955713 
310 117 49 56 0.02885259 
702 206 148 187 0.027158653 
211 106 30 43 0.026997693 
929 479 47 61 0.026906747 
270 100 12 18 0.026498407 
975 506 12 17 0.02588763 
1012 523 12 19 0.025747264 
997 342 11 14 0.025409648 
981 428 11 13 0.025325237 
886 412 13 16 0.025212161 
994 470 14 18 0.02515559 
96 37 152 187 0.024936028 
1008 428 12 16 0.02490099 
349 73 14 17 0.024402227 
778 416 85 112 0.023997173 
934 364 10 12 0.023663456 
932 342 10 12 0.023621086 
435 179 163 186 0.023593688 
867 493 32 38 0.023574738 
931 469 15 20 0.023499476 
972 415 9 12 0.023497785 
958 419 12 15 0.023457786 
805 430 11 14 0.023378046 
37 114 53 87 0.023240099 
286 146 16 20 0.023182409 
983 468 15 20 0.023042342 
829 458 95 120 0.022841819 
976 428 10 14 0.022618629 
983 445 11 14 0.02247516 
1011 456 13 17 0.022394618 
980 521 16 21 0.02233874 
868 535 13 17 0.0223353 
359 94 12 15 0.022333367 
92 341 50 55 0.02228689 
869 394 13 18 0.02221155 
945 492 18 21 0.022193113 
869 481 52 67 0.022178603 
913 491 17 20 0.02207971 
893 475 11 17 0.022079553 
878 348 10 15 0.022058487 
537 272 30 40 0.021889055 
342 71 14 18 0.021360392 
271 102 86 110 0.021231513 
878 438 12 17 0.021219049 
894 513 37 44 0.021008676 
177 176 56 70 0.020963848 
982 381 10 12 0.020869322 
393 96 87 110 0.020764878 
246 99 27 36 0.020588815 
974 383 11 14 0.020349817 
1006 435 11 15 0.020280454 
985 522 21 29 0.020049285 
869 402 14 18 0.02003987 
907 480 51 72 0.02003863 
