7_Cheering_Cheering_7_462
90
550 129 68 99 0.9975789 
68 550 28 49 0.9953597 
276 357 34 43 0.98663574 
822 366 29 38 0.985202 
362 600 44 62 0.9212828 
717 336 26 44 0.87947136 
892 504 22 38 0.8097072 
200 367 26 33 0.65927935 
-2 546 18 38 0.6081715 
98 416 17 21 0.37579864 
392 414 55 73 0.19085075 
147 383 18 22 0.17249012 
891 513 40 48 0.16908412 
59 420 22 29 0.14414692 
796 183 171 203 0.1414871 
948 217 51 66 0.14027603 
427 590 47 63 0.12027302 
11 422 16 21 0.11268354 
401 595 47 63 0.09031634 
757 568 17 21 0.08626914 
50 459 16 23 0.08534741 
443 586 57 70 0.08490282 
934 200 57 62 0.075184286 
30 431 15 20 0.0737325 
-7 93 394 483 0.07355709 
937 320 27 34 0.07133413 
206 414 40 56 0.07122357 
359 593 28 54 0.06989134 
-1 541 12 21 0.069101386 
396 235 27 36 0.06601512 
943 264 51 69 0.06260116 
852 379 17 22 0.061013658 
926 206 85 114 0.060117867 
201 378 38 53 0.058851004 
686 602 29 33 0.058112748 
908 526 29 34 0.04929087 
190 387 29 40 0.048493393 
708 310 52 62 0.0481526 
396 244 17 22 0.048005957 
813 373 26 34 0.046774257 
906 156 100 120 0.04349123 
368 431 64 81 0.04328639 
384 212 49 64 0.041727886 
648 596 36 46 0.041430503 
663 595 39 45 0.04095388 
61 567 48 60 0.039366692 
869 250 62 75 0.036266588 
366 364 41 53 0.032766808 
1011 523 12 17 0.032319933 
245 376 26 35 0.031978514 
617 320 45 54 0.03181433 
723 308 15 17 0.030727467 
815 546 13 17 0.03062446 
41 463 25 33 0.03062395 
399 320 26 33 0.030320987 
260 370 26 37 0.029826293 
268 353 28 40 0.029594734 
671 27 371 472 0.029452793 
16 425 21 28 0.029019184 
94 419 25 32 0.02860557 
53 409 36 45 0.028577847 
814 541 12 15 0.028266085 
375 381 52 70 0.02796826 
844 338 14 17 0.027937295 
47 338 14 18 0.027664414 
847 249 99 129 0.02727347 
656 616 14 18 0.027108526 
75 396 14 18 0.026599674 
978 219 31 43 0.026457425 
29 491 16 19 0.026176177 
904 263 46 62 0.025909247 
506 24 16 21 0.025734423 
949 209 28 32 0.025000053 
905 267 24 31 0.024294982 
228 385 26 34 0.022899061 
928 282 51 69 0.022887968 
810 343 48 55 0.022598583 
548 3 17 19 0.022357894 
814 553 15 20 0.022331623 
61 414 15 19 0.021853613 
699 561 16 21 0.021710258 
86 569 28 40 0.021566054 
867 599 15 20 0.02151519 
315 409 45 57 0.021449914 
37 481 27 31 0.021305416 
671 255 108 120 0.021135595 
-1 391 13 22 0.020645164 
553 143 40 60 0.02061489 
394 384 15 22 0.020171069 
104 412 15 20 0.020102045 
