7_Cheering_Cheering_7_386
189
762 291 33 42 0.96767175 
212 548 41 51 0.92620385 
14 341 97 138 0.9158006 
764 436 33 39 0.77616966 
53 333 106 151 0.38940558 
220 427 15 20 0.34562144 
354 428 21 30 0.34216464 
285 400 18 22 0.28209636 
330 451 25 37 0.27260992 
541 478 138 179 0.2537236 
388 400 17 21 0.24902083 
409 402 16 23 0.24592684 
24 510 138 204 0.22510006 
799 501 50 89 0.19483411 
353 446 29 38 0.19136702 
155 355 15 19 0.18185496 
658 442 30 36 0.17897609 
300 427 28 30 0.15642263 
224 422 21 26 0.14622395 
898 563 35 45 0.145297 
779 345 26 33 0.1225773 
411 396 15 19 0.11798873 
336 441 42 55 0.10683727 
558 368 16 22 0.1009429 
769 421 46 64 0.09367972 
770 544 116 163 0.08613069 
48 387 181 251 0.08482135 
289 394 29 34 0.08380142 
355 448 47 63 0.0832326 
254 467 29 41 0.07894373 
789 476 51 77 0.07844539 
988 343 28 32 0.07672358 
685 400 57 89 0.07424825 
412 387 15 18 0.069932155 
763 444 92 126 0.06726991 
412 438 24 34 0.0661956 
784 476 89 146 0.06349424 
-11 182 91 164 0.06163691 
308 441 44 55 0.06101656 
434 423 15 22 0.059169002 
908 376 27 34 0.05834498 
274 393 26 33 0.058256675 
188 400 13 17 0.057841633 
105 330 92 141 0.057335395 
819 304 175 279 0.055208668 
791 535 61 99 0.055185888 
422 444 24 34 0.05505126 
242 376 15 20 0.054491766 
362 430 25 30 0.05328168 
451 429 108 152 0.052779537 
288 430 43 52 0.05263676 
580 369 15 18 0.05225241 
829 544 92 118 0.052159425 
377 396 27 32 0.05161343 
791 404 121 163 0.050747085 
228 411 28 37 0.049844943 
196 351 15 19 0.048852548 
461 432 18 23 0.04687511 
283 407 44 50 0.045011 
429 451 26 39 0.044812176 
580 407 169 238 0.04375159 
50 503 56 95 0.04309857 
327 395 14 19 0.043055955 
678 395 31 41 0.04301517 
985 367 29 36 0.042479385 
533 409 14 17 0.041325472 
699 408 88 130 0.040600922 
205 379 21 29 0.039974593 
78 389 111 155 0.03988235 
406 9 473 485 0.0394961 
475 387 13 19 0.03924664 
518 423 30 36 0.039143845 
181 423 24 34 0.039029796 
889 554 54 75 0.03851407 
816 383 28 33 0.037947483 
310 398 22 30 0.037092242 
750 340 26 33 0.037035193 
211 294 11 13 0.036884483 
525 412 25 31 0.036642205 
374 450 29 41 0.036538847 
399 438 25 32 0.0363748 
767 340 30 34 0.0362764 
872 383 28 32 0.035908256 
866 345 26 30 0.035889238 
667 389 56 72 0.03537088 
395 377 14 17 0.035196833 
358 392 26 33 0.035146195 
558 198 392 466 0.034776896 
372 180 440 545 0.034752168 
-8 387 96 157 0.034614913 
524 426 16 19 0.034258924 
740 419 52 76 0.0334589 
305 403 15 19 0.033412755 
168 91 432 534 0.03314268 
426 338 15 18 0.032622308 
113 488 89 125 0.03236046 
471 394 23 34 0.032348406 
541 389 13 18 0.032248285 
808 394 24 34 0.03212795 
796 417 54 78 0.03209202 
173 425 16 20 0.031537093 
423 332 14 17 0.0311367 
259 395 26 33 0.031094072 
386 445 30 39 0.030867666 
246 420 25 32 0.029930796 
994 376 18 22 0.029443113 
380 551 57 74 0.028623808 
654 391 99 135 0.028311422 
-13 268 145 233 0.02820283 
181 350 24 31 0.028172353 
801 401 26 39 0.028025584 
58 295 190 241 0.028003195 
135 348 106 139 0.027481273 
566 365 23 30 0.027444288 
954 374 76 135 0.027398828 
258 428 17 23 0.02717184 
880 393 26 32 0.027155207 
215 444 31 38 0.027041825 
834 489 107 137 0.026627395 
146 353 23 31 0.026471414 
444 409 15 20 0.026322104 
588 337 18 21 0.026069999 
213 299 11 14 0.02599893 
511 453 106 130 0.025742184 
1005 293 18 22 0.02510939 
475 478 112 158 0.024958238 
175 434 26 35 0.024735771 
3 466 98 173 0.0244096 
620 328 15 17 0.024226798 
388 384 24 29 0.023944538 
323 393 25 33 0.023943149 
955 338 15 19 0.023918575 
547 389 14 18 0.0238761 
426 427 23 32 0.023772197 
936 405 22 30 0.023627263 
899 364 14 18 0.023561398 
530 395 25 33 0.023498422 
233 428 18 21 0.023486579 
743 483 92 120 0.023373824 
877 523 89 123 0.023349438 
-30 91 188 266 0.02334423 
701 339 14 19 0.02308895 
444 391 16 19 0.023052087 
535 353 12 17 0.022938505 
317 621 77 67 0.022894213 
386 430 27 32 0.022855757 
959 331 26 32 0.02279943 
395 420 25 32 0.022781659 
902 386 14 19 0.022598024 
365 382 27 33 0.02254284 
968 348 45 62 0.022434287 
37 379 101 157 0.022420539 
978 361 49 79 0.022342913 
975 343 28 33 0.022139702 
784 487 32 46 0.022128755 
874 379 20 22 0.02209338 
822 411 27 34 0.022065789 
813 404 26 37 0.022062667 
860 534 60 83 0.022020388 
483 394 25 36 0.021999476 
484 380 13 18 0.021893853 
912 426 122 165 0.021787249 
553 433 109 149 0.021769807 
228 296 14 17 0.021731326 
564 422 16 19 0.02172507 
773 522 50 79 0.02170072 
907 393 16 21 0.021654792 
496 364 12 14 0.021652766 
396 429 15 19 0.021314653 
417 436 16 21 0.021270767 
56 437 34 49 0.021267483 
185 543 47 61 0.021231104 
391 372 14 17 0.021153033 
206 557 59 77 0.021034224 
372 394 44 55 0.021006012 
514 363 13 17 0.020750577 
196 424 14 21 0.020651268 
215 427 27 33 0.020650622 
203 421 23 31 0.02056778 
769 316 31 41 0.020542271 
203 348 15 19 0.020505337 
682 331 16 23 0.020458236 
164 351 13 16 0.020438923 
1013 401 10 17 0.020332256 
841 408 30 42 0.02019006 
541 334 11 13 0.02018809 
440 426 187 269 0.020182507 
292 606 69 69 0.020099677 
197 315 13 18 0.02003986 
