7_Cheering_Cheering_7_313
79
160 122 47 62 0.98723024 
27 113 31 46 0.98281294 
233 148 36 47 0.9771219 
346 162 34 50 0.97036034 
651 153 35 49 0.9611443 
746 138 36 54 0.95396614 
949 183 40 64 0.8873681 
968 154 36 51 0.87582344 
555 281 62 90 0.17183974 
848 0 19 19 0.13770671 
335 307 31 36 0.13741682 
874 17 14 17 0.12384807 
708 139 28 46 0.112653926 
211 159 29 37 0.093011655 
77 -2 37 32 0.08479139 
336 -1 20 17 0.07913029 
346 297 28 37 0.07697164 
95 113 26 34 0.07638677 
982 147 33 48 0.07388914 
606 252 69 91 0.07097325 
874 0 17 19 0.06976673 
740 447 41 60 0.0695087 
876 8 16 20 0.0669403 
0 325 29 49 0.06522249 
912 191 28 44 0.0644867 
469 252 50 64 0.062241886 
803 125 14 21 0.055724252 
928 196 44 58 0.053895492 
970 141 29 41 0.052721288 
881 108 17 24 0.05139032 
758 131 40 54 0.04984465 
584 269 61 88 0.047636975 
465 238 28 52 0.044884764 
716 145 35 51 0.04474742 
982 139 25 34 0.043218464 
312 300 54 62 0.042606957 
589 215 13 15 0.042332843 
920 148 36 49 0.041355673 
614 149 24 39 0.04123919 
619 176 17 23 0.037583105 
147 128 37 47 0.034956984 
10 18 26 31 0.0338 
602 158 175 243 0.032241665 
835 526 50 56 0.03176643 
951 164 38 50 0.031741127 
881 3 15 19 0.03158096 
584 207 11 14 0.03157955 
196 142 36 51 0.030896533 
994 140 18 25 0.03014029 
916 205 36 41 0.030009953 
891 27 13 19 0.029986063 
118 145 25 37 0.028980013 
936 149 43 57 0.028481731 
292 328 33 42 0.028161913 
372 165 29 42 0.028012674 
836 530 16 19 0.026127957 
618 165 16 24 0.026101297 
894 583 30 46 0.025758214 
514 259 50 58 0.025728436 
106 115 27 39 0.024831183 
43 0 16 14 0.024345893 
987 282 16 23 0.024147652 
378 307 13 17 0.023178108 
347 277 33 44 0.023055837 
215 138 42 55 0.02269353 
354 312 16 22 0.022502366 
338 293 48 56 0.022492515 
112 158 27 36 0.022354804 
1011 232 13 20 0.02234926 
834 522 29 30 0.022248037 
613 158 36 46 0.021792574 
1 330 43 90 0.021565644 
691 118 42 59 0.021208536 
14 125 35 44 0.021205828 
1014 -2 9 11 0.02118496 
665 144 19 25 0.020999668 
83 75 31 35 0.020290727 
728 117 49 60 0.020249316 
709 303 14 18 0.020116804 
