7_Cheering_Cheering_7_884
26
825 193 58 81 0.999022 
322 185 70 96 0.9973694 
187 429 34 46 0.99438715 
465 120 86 122 0.9806718 
165 361 26 34 0.9115671 
996 338 22 29 0.85915077 
3 265 46 78 0.07911794 
38 274 79 107 0.04859793 
21 284 34 44 0.04315018 
2 254 80 115 0.038880304 
988 327 37 48 0.03798851 
500 219 124 158 0.035793506 
5 83 199 195 0.03482171 
12 91 96 135 0.032603584 
76 293 55 75 0.031593025 
-51 106 191 266 0.028019438 
-3 312 27 49 0.026976252 
538 4 17 19 0.02660062 
118 461 53 64 0.025370568 
291 356 14 19 0.02525261 
516 9 19 22 0.02399004 
381 131 53 72 0.022587938 
476 138 125 168 0.02118492 
159 366 41 52 0.02079271 
630 350 49 64 0.020762188 
295 350 12 16 0.020629117 
