7_Cheering_Cheering_7_427
63
121 79 67 80 0.99829644 
831 78 67 78 0.99704045 
469 84 65 77 0.9957456 
720 179 28 35 0.085373856 
752 494 10 13 0.07926739 
12 258 15 20 0.07416869 
619 499 12 16 0.071117945 
430 429 10 13 0.061207414 
379 479 13 16 0.05996061 
918 521 12 15 0.0548487 
888 491 10 13 0.05069718 
824 462 9 12 0.046562184 
486 429 11 14 0.044196572 
217 351 424 490 0.044025213 
766 478 9 12 0.043757815 
164 31 46 58 0.042519018 
576 524 9 11 0.040642686 
888 509 8 11 0.040580515 
392 462 10 12 0.03997639 
879 482 10 13 0.03834993 
440 466 12 15 0.03824357 
914 486 8 11 0.03698207 
444 407 11 14 0.036327224 
855 494 9 11 0.033824224 
936 535 8 10 0.031619355 
839 512 10 12 0.03161407 
657 449 28 35 0.031315453 
477 489 12 16 0.03128579 
804 502 11 13 0.030718634 
757 497 10 13 0.030473726 
436 486 10 13 0.028845334 
397 470 10 12 0.028441548 
911 499 10 13 0.027623419 
111 19 35 40 0.027578812 
782 511 9 11 0.02755421 
525 454 10 13 0.026735574 
393 467 9 12 0.026632437 
759 486 9 11 0.026425445 
139 48 56 72 0.025898436 
790 496 8 10 0.025679486 
761 478 10 12 0.025644302 
905 502 9 11 0.025077643 
179 14 46 59 0.025069777 
854 488 9 11 0.024847412 
259 154 17 20 0.024715884 
432 388 11 14 0.024632419 
56 223 9 11 0.02457998 
140 0 19 18 0.02407078 
958 503 9 12 0.023948098 
916 499 11 14 0.023658976 
107 277 11 14 0.023284739 
502 471 11 14 0.022847645 
871 461 10 13 0.022086628 
452 242 31 37 0.02178476 
455 188 10 13 0.021747932 
856 525 10 12 0.021649899 
917 495 9 11 0.021502847 
415 412 9 12 0.02146635 
871 485 9 12 0.021286208 
776 470 9 13 0.021187413 
872 502 9 12 0.021037646 
861 525 9 12 0.020744432 
407 501 13 15 0.020720731 
