23_Shoppers_Shoppers_23_571
90
871 357 110 146 0.9936028 
353 484 19 24 0.38917527 
278 565 24 33 0.16090631 
1002 523 16 21 0.1458071 
1009 547 14 21 0.14450721 
953 628 65 85 0.072564825 
53 635 11 17 0.070163615 
791 540 16 19 0.069649994 
680 455 45 65 0.06751244 
789 577 12 14 0.061355487 
484 746 11 14 0.060159672 
90 624 17 19 0.05454048 
851 555 18 20 0.054396298 
741 568 15 18 0.053102825 
110 622 10 12 0.049773023 
644 467 14 26 0.04849325 
53 619 10 12 0.048487145 
422 629 10 13 0.047640502 
900 536 26 33 0.0440528 
165 652 10 15 0.041757043 
587 595 11 15 0.041675016 
40 623 9 12 0.040842008 
150 646 12 15 0.039796837 
688 534 195 252 0.039702218 
1003 530 21 29 0.037285436 
535 669 13 15 0.037029695 
21 596 10 15 0.03659157 
289 563 15 20 0.036191482 
488 312 29 36 0.035989016 
688 548 9 12 0.03561109 
616 551 8 12 0.03275381 
73 612 10 12 0.03238511 
38 600 8 11 0.03225773 
148 637 12 14 0.03185506 
115 644 12 15 0.030796606 
263 665 12 15 0.03014219 
295 666 9 12 0.029822752 
130 646 15 20 0.029469667 
539 675 10 13 0.028657204 
643 463 51 65 0.028382653 
990 659 33 42 0.02797285 
629 704 12 15 0.02795029 
375 672 8 11 0.027892739 
963 638 26 32 0.027793303 
351 580 11 13 0.027755126 
268 651 13 15 0.02729113 
947 535 18 24 0.027160713 
342 654 8 12 0.026918685 
785 573 12 14 0.026599953 
971 538 17 21 0.026387626 
684 605 14 17 0.026258787 
231 558 11 15 0.026070343 
991 520 10 14 0.025699578 
267 573 27 32 0.02567007 
518 707 11 14 0.025539847 
265 579 12 15 0.025432494 
818 569 14 16 0.025267499 
254 559 46 56 0.025240954 
463 624 10 11 0.02491748 
78 612 10 12 0.02490205 
357 478 15 19 0.024704719 
189 633 48 64 0.024496397 
615 599 9 11 0.024419773 
699 699 14 19 0.024203284 
567 598 11 13 0.023878068 
107 647 23 30 0.023802646 
647 726 9 11 0.02350272 
422 518 12 18 0.023402585 
163 628 11 16 0.023114175 
220 668 13 19 0.023033269 
641 598 9 12 0.023011945 
820 639 13 15 0.022826979 
184 644 10 14 0.022442598 
441 562 25 31 0.02214787 
781 397 199 233 0.0219093 
613 727 11 13 0.02182312 
256 642 11 14 0.021801094 
98 626 12 15 0.021558294 
845 539 25 30 0.021014897 
87 597 10 11 0.020865235 
255 555 25 31 0.020848738 
640 726 8 10 0.020747932 
196 657 13 18 0.020684069 
330 310 374 461 0.020474076 
504 547 10 12 0.020374205 
343 613 10 13 0.020327805 
810 532 12 14 0.020288814 
903 609 121 138 0.020272166 
736 559 24 32 0.02020515 
782 599 11 14 0.02020346 
