23_Shoppers_Shoppers_23_328
233
314 212 34 40 0.99829084 
477 208 28 37 0.9919733 
126 342 87 93 0.97106826 
577 184 13 17 0.90665317 
325 169 24 29 0.76181275 
546 190 13 17 0.4618732 
622 186 12 15 0.45663476 
1002 475 16 19 0.24171072 
543 236 12 15 0.18314566 
976 476 16 19 0.1742789 
682 230 231 269 0.16688463 
24 426 11 15 0.15344584 
774 227 11 14 0.14331621 
441 232 26 31 0.13642906 
396 240 15 19 0.13147382 
515 221 16 18 0.12987052 
996 253 12 16 0.12889364 
996 229 10 12 0.11872793 
971 253 12 15 0.112299085 
828 81 11 15 0.089300156 
648 449 118 203 0.08432421 
647 187 12 16 0.08358556 
892 99 13 16 0.07589215 
374 507 11 13 0.0746394 
974 303 12 14 0.074357785 
76 430 16 20 0.07428431 
597 197 15 17 0.07310484 
427 241 13 16 0.06912505 
972 529 15 18 0.06480545 
1002 325 13 17 0.06352958 
990 160 11 13 0.0625796 
752 285 9 11 0.060418814 
757 231 8 11 0.060017478 
917 234 14 17 0.05575801 
752 231 9 11 0.05568211 
652 293 11 15 0.05361702 
1012 165 11 16 0.053543832 
557 188 12 14 0.053317413 
944 151 10 12 0.053203713 
547 239 12 17 0.053047106 
542 182 11 13 0.05002993 
534 233 11 16 0.04985148 
113 236 9 13 0.048195075 
973 231 9 11 0.04761152 
437 242 13 16 0.04638759 
947 452 12 15 0.04584816 
770 223 8 10 0.04531494 
985 164 10 12 0.04473338 
646 174 9 11 0.044669483 
814 270 10 12 0.044455733 
653 90 12 15 0.04437937 
402 237 17 21 0.043712884 
12 204 11 13 0.043438524 
992 237 9 12 0.043137494 
843 75 12 17 0.042594768 
350 363 195 280 0.042276055 
968 237 10 12 0.041282274 
973 330 16 21 0.04114854 
60 226 11 14 0.04038262 
650 253 10 13 0.040260766 
999 525 12 15 0.04014643 
976 454 11 12 0.03996156 
751 215 9 10 0.039421424 
230 167 9 12 0.039079454 
943 532 14 16 0.03832524 
968 230 10 12 0.038320515 
967 246 11 14 0.038225785 
998 235 9 12 0.038130134 
686 301 10 12 0.038127042 
348 215 15 21 0.0380334 
46 243 10 13 0.037666474 
999 302 13 15 0.037609033 
668 324 10 13 0.03715366 
526 260 11 14 0.036830302 
541 219 11 14 0.036727026 
666 300 11 13 0.036457304 
230 198 11 15 0.036252327 
569 187 12 15 0.036178797 
848 222 8 11 0.035945114 
972 236 11 12 0.03572917 
642 220 10 13 0.03564808 
821 270 9 11 0.03560794 
637 144 9 12 0.03550579 
379 219 14 16 0.034800008 
533 186 13 15 0.03478019 
156 310 439 472 0.03401955 
627 184 11 13 0.03369696 
522 226 14 18 0.03327133 
984 239 9 11 0.033160273 
329 207 26 36 0.03257993 
42 436 14 17 0.032183196 
525 233 14 19 0.031956486 
645 214 10 12 0.031746686 
1004 461 14 16 0.031739455 
709 277 8 11 0.031557705 
968 470 11 13 0.031341877 
588 187 11 15 0.03129446 
0 445 11 16 0.031160329 
743 475 211 239 0.03067897 
135 598 28 37 0.030630551 
317 174 42 49 0.03021298 
704 272 9 10 0.030076014 
745 230 7 10 0.02999796 
972 404 15 18 0.029901862 
972 246 12 15 0.02975699 
380 505 11 16 0.029629828 
777 262 10 12 0.029620511 
155 662 27 28 0.029548924 
564 205 14 17 0.029230082 
1002 83 17 20 0.029194426 
596 207 14 17 0.028867953 
705 277 8 10 0.02883955 
812 221 11 14 0.028690588 
648 299 10 13 0.028682407 
813 119 10 12 0.028457237 
410 240 16 18 0.02809305 
770 229 9 11 0.027668571 
816 173 8 11 0.027565628 
613 212 14 17 0.027534686 
421 385 130 179 0.027448064 
854 222 10 12 0.027439477 
53 244 10 12 0.027396567 
378 491 138 136 0.027370242 
972 548 15 19 0.027172029 
746 223 7 10 0.027052008 
966 180 13 16 0.026969532 
924 231 13 17 0.026658492 
991 246 11 13 0.026619658 
997 248 12 14 0.026530957 
752 268 9 11 0.026487205 
46 429 12 13 0.026479859 
425 221 15 16 0.026468402 
856 286 8 10 0.02641074 
580 176 12 15 0.026364947 
655 340 210 344 0.02627042 
420 257 12 15 0.02624285 
979 301 12 15 0.026164092 
64 424 9 12 0.02611515 
418 237 21 26 0.026081955 
998 398 13 17 0.026064448 
632 206 9 11 0.025999332 
1009 171 11 15 0.02592358 
548 183 10 14 0.025719458 
20 253 14 17 0.025539756 
769 216 8 10 0.025514962 
536 221 11 14 0.02550501 
663 174 10 12 0.025405835 
525 269 13 18 0.025391411 
620 214 11 14 0.025364568 
641 173 9 12 0.025301142 
816 165 9 12 0.025186451 
821 221 9 13 0.025002228 
619 181 19 23 0.024994755 
669 86 11 14 0.024870623 
602 204 12 14 0.02483384 
757 182 8 10 0.024801057 
441 228 13 16 0.024791513 
1005 245 10 13 0.024779335 
776 268 10 12 0.024776002 
559 182 12 15 0.024771417 
654 272 8 10 0.0246719 
815 159 10 12 0.024656214 
931 540 13 17 0.024612062 
688 308 10 12 0.024562242 
596 268 11 15 0.024446717 
990 83 13 18 0.02443209 
54 273 12 14 0.024206178 
982 252 10 14 0.02414521 
593 196 11 15 0.024069997 
750 222 8 10 0.024004694 
680 92 11 14 0.023975266 
1006 453 12 14 0.023882259 
966 163 10 13 0.023846213 
673 141 9 11 0.023767307 
109 221 10 12 0.023645898 
1009 480 13 18 0.023631604 
758 252 9 12 0.023630563 
983 245 9 12 0.023539683 
822 263 9 11 0.023506459 
768 280 9 11 0.02348876 
887 280 9 11 0.02342417 
824 214 8 13 0.023218935 
830 71 11 15 0.02318541 
802 158 9 11 0.023092894 
849 159 8 11 0.023010127 
1003 307 11 14 0.022996882 
535 196 10 14 0.022980068 
750 252 11 13 0.022969672 
568 179 20 24 0.022740308 
975 448 11 13 0.022735463 
767 254 8 10 0.02269805 
1 451 13 16 0.022623394 
595 234 12 16 0.022203868 
523 211 14 17 0.022142382 
10 252 17 18 0.022130268 
710 272 8 10 0.021993544 
231 190 8 12 0.021948082 
781 253 10 12 0.02193061 
37 441 16 19 0.02190227 
597 262 10 14 0.021837609 
649 165 10 13 0.021824649 
525 198 12 15 0.021711042 
655 173 8 11 0.021611309 
356 210 13 19 0.021588424 
784 215 8 9 0.021586126 
838 70 13 16 0.021584818 
808 269 11 13 0.021232326 
995 158 11 14 0.021231195 
933 231 11 15 0.02122053 
615 208 9 13 0.02121147 
640 195 9 13 0.021150606 
710 230 8 10 0.021137776 
442 195 23 29 0.020962948 
848 92 9 13 0.020947153 
822 275 9 11 0.020924974 
1014 258 10 15 0.020863395 
617 183 12 15 0.020841181 
678 142 11 12 0.020711312 
840 213 10 12 0.020707348 
801 213 9 12 0.020688681 
1013 179 11 16 0.020612974 
978 326 12 16 0.02061096 
620 342 10 12 0.020474348 
494 199 25 30 0.02036844 
967 152 9 11 0.020362683 
7 226 11 14 0.020347431 
3 437 12 15 0.020341303 
575 177 12 14 0.020333339 
46 423 12 13 0.020313501 
670 294 22 27 0.020288462 
721 206 8 10 0.02026181 
757 270 10 11 0.020183569 
285 218 11 15 0.020139746 
