23_Shoppers_Shoppers_23_122
24
263 50 64 82 0.9934515 
726 9 106 105 0.9617913 
93 63 16 19 0.2555794 
437 82 27 32 0.119262114 
942 527 45 51 0.11093566 
879 69 28 34 0.1016535 
730 597 68 51 0.07445322 
522 151 385 494 0.07347491 
438 63 27 32 0.048680454 
169 247 322 410 0.04814208 
162 151 60 90 0.037648775 
85 -6 339 470 0.034397077 
997 37 17 21 0.0335309 
773 601 15 17 0.029738057 
500 71 211 262 0.029387206 
992 57 27 40 0.02864638 
461 6 375 472 0.027873002 
743 604 36 35 0.026022444 
170 239 207 247 0.02312508 
167 40 215 294 0.022067219 
155 130 107 150 0.02139416 
0 57 14 22 0.02134397 
254 370 31 31 0.021294758 
767 596 61 51 0.020895109 
