23_Shoppers_Shoppers_23_302
17
291 596 332 444 0.99622005 
737 1443 53 58 0.97845536 
238 1138 206 227 0.3956611 
247 4 167 216 0.1387007 
258 1026 16 20 0.088352405 
271 258 53 74 0.06287001 
272 1192 118 143 0.048187323 
336 376 199 229 0.042327087 
578 1065 48 68 0.033746876 
273 307 184 307 0.03021171 
448 -88 420 499 0.028883422 
547 47 237 262 0.028232405 
217 937 333 436 0.027606837 
782 27 106 116 0.027592229 
498 150 59 82 0.026644727 
444 37 56 70 0.02154017 
161 176 344 511 0.02018829 
