23_Shoppers_Shoppers_23_817
57
690 6 215 255 0.935042 
607 563 244 246 0.8662966 
280 133 366 421 0.6688084 
573 16 251 253 0.6417598 
452 9 340 421 0.53727376 
466 695 280 286 0.41649374 
412 589 515 592 0.2632208 
116 416 189 327 0.22247444 
418 633 16 19 0.16395089 
383 605 13 16 0.15474424 
460 669 12 17 0.12251962 
285 759 455 399 0.12189072 
805 46 136 190 0.104764804 
421 632 24 30 0.096811645 
356 609 12 15 0.08421732 
604 574 24 28 0.08330088 
521 535 421 376 0.08060339 
418 652 15 20 0.07491933 
400 656 12 18 0.054715272 
365 585 14 20 0.05320863 
296 586 10 15 0.050974093 
448 619 92 128 0.050289635 
-12 405 393 461 0.049598776 
354 540 14 17 0.045395125 
108 175 430 504 0.044786096 
343 329 367 488 0.04166165 
576 515 130 167 0.03359645 
323 496 15 19 0.032837003 
341 927 336 283 0.031699397 
455 599 15 19 0.031285524 
547 489 27 32 0.031200383 
733 617 24 30 0.030811327 
588 627 15 17 0.030138372 
408 659 190 284 0.02912984 
331 540 12 17 0.028477335 
387 624 15 17 0.028267082 
456 640 55 78 0.028106907 
485 536 24 30 0.027881134 
570 536 26 32 0.026450839 
332 585 12 15 0.026416175 
422 560 22 33 0.026091928 
440 545 25 33 0.025344228 
254 766 235 302 0.025119733 
691 -90 360 427 0.025088307 
380 676 12 17 0.025058335 
56 -22 408 547 0.023469089 
403 652 14 19 0.022481488 
433 638 17 22 0.02227717 
325 567 10 13 0.02190272 
300 568 12 15 0.021872003 
348 535 24 29 0.021514295 
365 562 14 19 0.021488665 
565 618 15 20 0.02096498 
318 573 12 15 0.020617565 
414 453 30 36 0.020610277 
576 602 12 15 0.0203471 
375 620 24 29 0.020197855 
