23_Shoppers_Shoppers_23_500
32
438 122 42 64 0.9854865 
506 134 37 46 0.71986884 
249 85 54 63 0.69983673 
697 208 217 265 0.31021816 
725 276 245 309 0.13568327 
277 74 46 64 0.13198729 
-1 220 23 52 0.11093107 
805 68 73 83 0.097710185 
417 124 45 62 0.09412369 
502 206 22 25 0.09372797 
295 259 32 35 0.061605714 
328 556 88 128 0.051493336 
197 181 129 159 0.043494903 
579 117 381 453 0.039531007 
781 27 114 104 0.036531985 
407 123 32 57 0.03318941 
680 150 129 114 0.029132873 
790 79 106 121 0.028415857 
238 32 53 69 0.02821208 
290 60 44 63 0.027977388 
247 105 63 78 0.027227545 
624 400 55 83 0.025924185 
52 232 16 19 0.02572281 
793 59 184 194 0.025470302 
448 107 34 53 0.025105543 
465 291 36 38 0.023463402 
665 92 238 247 0.02344752 
649 221 452 470 0.02330882 
243 67 39 58 0.023250405 
832 64 86 85 0.021986365 
507 147 22 28 0.02163984 
186 205 18 23 0.020993749 
