23_Shoppers_Shoppers_23_197
707
447 100 137 190 0.99912614 
729 196 356 493 0.9257627 
832 954 224 262 0.8717603 
429 1503 16 20 0.6735802 
895 637 133 186 0.55655 
9 1332 16 20 0.38209325 
68 1190 15 21 0.36716864 
258 663 17 21 0.32231683 
287 1251 13 15 0.31620654 
336 1462 13 16 0.3131645 
836 499 205 267 0.28674683 
28 1431 14 18 0.2819106 
77 1377 11 16 0.27329904 
343 1387 15 19 0.24310158 
229 1433 16 19 0.238551 
51 1151 16 20 0.23163858 
354 1473 15 20 0.23129055 
186 1369 16 23 0.23050146 
420 1474 14 19 0.22989245 
658 1286 51 57 0.22824699 
104 1370 11 15 0.2264976 
9 1259 24 29 0.22589506 
53 1493 17 21 0.21341343 
384 1399 11 14 0.21271507 
171 1289 14 19 0.20581828 
422 1083 31 35 0.19648908 
143 1300 13 17 0.19579507 
277 642 11 14 0.18187954 
367 1363 12 16 0.18009496 
288 434 31 51 0.17515281 
29 1122 12 16 0.17028806 
6 1499 14 20 0.16958387 
676 58 227 310 0.16114424 
108 1362 12 17 0.1594374 
257 1430 16 22 0.15850256 
753 866 341 436 0.15189222 
299 1456 12 17 0.15154332 
388 811 182 225 0.14959016 
249 1306 15 20 0.14922889 
7 1414 12 15 0.14845167 
460 1388 12 16 0.14644219 
5 1368 13 19 0.14596952 
431 1437 13 17 0.14261511 
62 1185 16 23 0.13949908 
86 1305 13 17 0.13909331 
290 1397 15 18 0.13598783 
67 1146 14 17 0.13591854 
551 829 22 29 0.13586871 
604 834 12 15 0.13490029 
86 1411 13 16 0.13215968 
283 1368 15 19 0.12937249 
653 1405 12 16 0.12362003 
550 975 16 18 0.12031342 
210 1499 16 21 0.12020064 
20 1403 11 15 0.11806769 
461 1442 13 18 0.11738079 
396 1294 12 15 0.11673768 
125 1321 23 27 0.1164212 
148 1342 14 18 0.115851164 
293 1419 12 16 0.11548714 
468 1445 11 15 0.11461955 
309 780 205 197 0.11439069 
109 1355 13 17 0.10919465 
794 390 358 453 0.10804678 
317 1386 16 18 0.106610864 
286 1429 12 17 0.10563159 
364 1470 14 18 0.10352157 
4 844 10 14 0.10293775 
543 1385 13 17 0.10236715 
311 1352 10 14 0.097384535 
406 1510 14 16 0.09732189 
314 712 26 39 0.0958982 
365 1498 12 16 0.0926553 
180 1374 15 21 0.09200916 
173 1379 13 17 0.09007791 
244 1470 12 15 0.08737128 
47 1139 14 16 0.0856744 
234 1114 16 20 0.08564338 
457 1480 17 20 0.085517704 
50 1413 14 17 0.085374825 
34 1377 14 18 0.08469677 
493 1223 24 31 0.08416257 
615 1391 12 15 0.0838611 
173 1307 13 19 0.08342852 
13 1109 12 15 0.08296843 
849 971 131 129 0.08177814 
219 1450 14 18 0.08090598 
21 851 12 15 0.08063244 
320 1500 11 15 0.08027131 
44 1388 12 18 0.08014625 
291 1244 14 17 0.07992998 
942 679 72 122 0.079879634 
131 1499 13 19 0.078366056 
400 1444 13 17 0.07825678 
115 1143 15 19 0.07814404 
0 1115 9 15 0.077835366 
371 1474 12 16 0.077259846 
38 1392 13 18 0.07611132 
564 1334 11 15 0.075787984 
69 1410 11 15 0.07553833 
384 1363 12 15 0.07510492 
535 1366 10 12 0.07351315 
127 1162 23 31 0.073377125 
36 892 12 15 0.07214274 
254 1495 12 15 0.07207681 
356 1402 16 22 0.071282804 
96 1450 13 18 0.07052309 
59 1093 12 14 0.070377775 
639 1259 69 70 0.06985675 
141 1242 18 24 0.06982047 
911 1057 121 150 0.069818646 
211 1151 14 18 0.06880974 
316 1356 11 15 0.06793061 
269 1269 12 15 0.06772543 
84 1151 24 28 0.06729669 
345 1359 16 21 0.06627909 
60 1236 13 18 0.06620652 
12 1307 13 18 0.066059515 
367 1419 11 14 0.06569554 
224 1115 22 30 0.06549379 
517 1364 10 12 0.06483098 
631 1412 11 15 0.06437139 
300 1085 15 18 0.06415999 
339 1352 19 22 0.06337382 
281 1183 17 22 0.063317224 
277 1374 16 20 0.063298434 
333 1353 15 19 0.06324665 
74 1189 15 18 0.06302367 
253 1294 12 15 0.062610276 
158 1233 14 18 0.061232656 
14 586 22 27 0.061008994 
430 1430 12 14 0.0609736 
309 1443 12 16 0.06081331 
356 1451 13 15 0.06071892 
52 1340 12 15 0.060619675 
408 1485 12 15 0.060510196 
122 548 359 427 0.060023427 
681 1348 10 13 0.0598302 
61 1177 15 21 0.059730332 
243 1428 21 28 0.059715502 
33 886 11 14 0.0593547 
284 1497 15 18 0.0584569 
0 945 10 16 0.058347985 
299 1417 14 17 0.058288686 
947 1105 73 98 0.05823873 
173 1119 15 21 0.0578972 
86 1187 12 15 0.0567625 
101 1421 11 14 0.056402113 
501 1330 11 16 0.05627808 
311 1386 12 16 0.056220923 
356 1461 13 15 0.05617744 
187 1123 23 29 0.055886418 
70 1459 11 15 0.055833995 
218 1497 14 22 0.055525415 
238 1410 13 16 0.055514503 
556 1356 11 14 0.055449218 
34 931 10 13 0.055217054 
290 1307 17 21 0.055032235 
536 1380 11 14 0.054871697 
116 1317 22 29 0.054671366 
94 1469 13 20 0.05460646 
398 1502 11 13 0.054589182 
267 1502 16 18 0.054427445 
561 1427 15 18 0.05425286 
43 1224 17 23 0.05392467 
290 1425 14 18 0.05389322 
502 1324 12 16 0.053812336 
641 11 354 551 0.053748835 
184 1029 23 28 0.053721465 
141 1345 14 17 0.053539995 
165 1380 14 18 0.05353209 
125 1373 15 18 0.05350547 
61 1148 22 26 0.05349236 
115 1282 15 19 0.05327744 
150 1325 11 13 0.053245638 
315 674 11 15 0.0530303 
32 858 10 13 0.052800674 
391 1475 12 15 0.05276807 
347 1382 13 17 0.052483458 
388 1298 17 22 0.052452948 
76 1364 13 17 0.05167287 
535 1373 11 13 0.05163862 
247 1167 25 31 0.051572926 
578 1404 15 18 0.051551472 
182 1353 14 18 0.051264867 
300 667 21 28 0.05120779 
310 1394 12 16 0.051042397 
132 1345 14 18 0.0510019 
158 1381 13 16 0.050907057 
271 1473 16 18 0.05080444 
162 1257 14 17 0.05059958 
27 1340 13 18 0.05052627 
261 1292 13 17 0.050481066 
62 1397 13 16 0.05027487 
45 1460 11 16 0.049271744 
631 1321 12 15 0.049223762 
548 1393 13 17 0.049067352 
327 1467 13 17 0.048854988 
7 1098 12 14 0.04873326 
534 1437 17 22 0.048701327 
411 1388 14 18 0.048643272 
569 1317 11 13 0.04807504 
275 1302 14 17 0.047790177 
229 1377 17 20 0.04767409 
38 899 12 15 0.047399696 
285 1223 15 19 0.047251105 
5 1227 15 20 0.04719854 
96 893 9 11 0.047187675 
290 1409 21 26 0.04706722 
533 1297 14 17 0.046776447 
261 1459 15 18 0.046700303 
333 1500 14 17 0.046672374 
1 1436 11 16 0.046668537 
453 767 173 233 0.04646316 
466 916 119 139 0.046320815 
660 1404 12 16 0.046298552 
131 1363 13 16 0.046098784 
243 1176 19 22 0.045898683 
107 1258 15 19 0.0457745 
375 1381 12 14 0.04573271 
320 1363 12 16 0.04544066 
186 1203 13 16 0.045325257 
269 1367 16 22 0.044996448 
518 1404 11 14 0.044274695 
372 1419 12 15 0.04417306 
323 1506 15 20 0.044039726 
234 1371 14 18 0.04363073 
417 1403 14 19 0.04358493 
102 1292 14 18 0.0435064 
124 1155 16 19 0.043487314 
12 1100 11 14 0.043477464 
325 1415 13 19 0.0431509 
430 1383 11 13 0.043011546 
0 1499 23 33 0.04296648 
138 1169 14 19 0.042857505 
534 1357 12 14 0.042588502 
363 1116 17 22 0.04237681 
349 1368 14 18 0.04226983 
141 1237 14 18 0.042250607 
430 821 97 147 0.042021684 
21 1409 12 15 0.041837133 
22 950 10 13 0.04180829 
139 1210 12 16 0.04159557 
305 1484 12 14 0.0415906 
307 1416 14 17 0.041554227 
120 1439 10 13 0.041424993 
383 1477 10 13 0.041224055 
707 133 142 198 0.040975675 
263 1452 14 17 0.040657617 
988 597 14 16 0.04055831 
68 1480 14 18 0.04047363 
3 1426 13 17 0.040186908 
53 1485 15 20 0.04015536 
181 1361 16 24 0.039905775 
317 1482 12 16 0.039893657 
230 1361 13 17 0.039820123 
29 1421 12 14 0.039817132 
246 1091 13 16 0.03974397 
97 1154 13 18 0.039673597 
74 1366 19 27 0.039548025 
74 1257 15 20 0.039434157 
291 1120 15 21 0.03943164 
333 1491 13 15 0.039424196 
13 1067 9 12 0.03910777 
862 995 27 32 0.03901498 
4 1180 13 17 0.039007213 
44 1299 14 16 0.03899726 
398 1427 15 19 0.038799208 
318 1436 11 15 0.038776398 
92 1218 14 18 0.038761225 
398 1436 14 16 0.038759243 
18 1333 13 18 0.038603764 
288 668 26 36 0.038587026 
47 1226 23 30 0.03837531 
512 1455 27 33 0.03826447 
323 1368 15 19 0.03801813 
76 1092 12 16 0.03792497 
286 1210 13 16 0.0378843 
5 1113 12 16 0.03761728 
636 1318 11 15 0.037587274 
325 1436 12 15 0.03748573 
57 1481 21 28 0.037479565 
640 1428 9 12 0.037477486 
614 1354 12 14 0.037445534 
107 1514 19 20 0.03735423 
119 1444 12 15 0.037338346 
38 1499 14 18 0.037112862 
133 1394 15 18 0.036959704 
0 1419 12 16 0.03692763 
36 878 12 14 0.036850397 
28 1076 13 16 0.036819134 
231 980 13 14 0.036786493 
122 1198 16 19 0.036562756 
155 460 103 131 0.036447834 
512 1399 10 13 0.03636881 
511 1274 11 14 0.03630814 
454 1438 15 19 0.036206122 
661 1380 14 17 0.03601332 
405 1501 14 17 0.0357231 
35 1460 15 18 0.03569171 
44 1362 11 15 0.035686385 
59 879 12 13 0.035673153 
40 1358 12 16 0.03565719 
87 932 10 11 0.03563066 
146 1295 13 17 0.035588622 
124 1261 14 18 0.03531083 
508 1238 15 24 0.035296574 
34 614 15 19 0.035258092 
581 1293 10 11 0.035210554 
351 1443 12 16 0.03515624 
374 1493 11 14 0.03514591 
93 1300 14 18 0.03502441 
95 1451 22 29 0.034955163 
334 1453 12 14 0.03493788 
474 1116 18 22 0.03484649 
466 1284 22 31 0.03477583 
418 780 55 64 0.034732338 
581 1332 10 13 0.034592077 
390 1434 12 15 0.034401033 
267 1445 15 17 0.03435304 
0 811 10 17 0.034343157 
319 1476 13 16 0.034319617 
53 1395 13 16 0.03417151 
408 1359 10 13 0.034162723 
326 1356 14 17 0.034121368 
1004 1055 15 20 0.03410191 
318 1266 14 17 0.03352278 
364 1397 12 16 0.033496827 
338 1507 14 17 0.033491135 
261 1169 24 30 0.033475045 
119 1272 22 27 0.033424813 
166 1294 16 22 0.0333456 
292 1236 13 16 0.033339623 
321 1379 17 21 0.03329909 
259 1336 15 18 0.03307852 
370 1061 28 37 0.032976966 
78 1429 10 13 0.032941356 
316 1416 15 18 0.0329261 
462 1383 11 14 0.03287921 
150 1332 13 17 0.032864023 
165 1393 14 18 0.03262376 
726 1438 13 16 0.03259247 
117 1506 13 18 0.03254211 
281 1260 21 27 0.032469764 
243 1353 13 19 0.032422345 
72 1441 12 14 0.032407224 
104 1414 11 14 0.032244075 
51 1160 24 30 0.03222893 
996 597 15 17 0.032150827 
36 1410 14 17 0.03213334 
467 1358 28 32 0.032112546 
110 1430 10 13 0.032059044 
287 1363 16 18 0.03204628 
262 1368 15 19 0.032033294 
35 907 13 15 0.03201147 
631 1353 13 17 0.032010756 
70 1340 14 17 0.031965796 
6 1405 13 18 0.031887785 
133 1155 13 17 0.03188707 
102 1427 12 15 0.03187625 
103 1377 13 17 0.03187537 
494 1338 13 18 0.031874172 
638 1421 10 13 0.03183599 
452 1518 15 17 0.031808842 
25 597 53 69 0.031762954 
78 933 10 11 0.031726528 
133 1184 14 19 0.03158875 
177 1050 16 21 0.031564143 
283 1387 14 17 0.031553153 
260 1353 15 19 0.03151183 
444 1058 13 16 0.031458426 
127 1333 22 27 0.03140019 
332 1370 14 17 0.03136139 
190 535 18 22 0.031333983 
252 1399 16 20 0.031324364 
194 1046 15 19 0.0313131 
236 1135 13 18 0.031248383 
118 1220 15 21 0.031130547 
101 1347 14 19 0.031053523 
381 1485 11 13 0.031015756 
357 1362 14 19 0.031005025 
1004 596 14 19 0.030930415 
274 1504 23 28 0.030926367 
14 702 96 112 0.030859828 
318 1493 12 17 0.03081503 
237 1337 16 21 0.03073536 
468 1437 12 17 0.03066898 
179 1116 14 20 0.03062129 
61 1390 12 15 0.030601097 
275 1323 12 16 0.030524874 
149 1316 11 16 0.030524597 
540 1375 13 15 0.03050015 
324 1472 12 18 0.03046175 
285 1440 11 16 0.030301671 
276 1315 12 16 0.030242315 
142 1436 10 13 0.030239865 
204 1495 17 21 0.03012163 
193 1470 10 13 0.030110933 
111 1327 14 19 0.030090872 
471 1370 14 16 0.03008008 
571 821 15 17 0.030068874 
477 1398 11 13 0.030047761 
287 1414 13 16 0.030015603 
572 1358 13 15 0.029820472 
0 1187 232 232 0.029787607 
115 1260 15 19 0.029770598 
473 1349 26 31 0.029715927 
280 1493 24 30 0.029662395 
549 1372 14 16 0.029622251 
31 1411 11 15 0.029622126 
113 1036 27 33 0.029522289 
55 935 12 14 0.02942983 
38 854 12 14 0.02932704 
612 316 371 440 0.029248782 
357 1370 12 17 0.029235346 
331 1507 15 19 0.029168664 
57 1244 23 29 0.029077161 
462 1428 13 16 0.0290542 
280 1351 23 27 0.029038688 
462 1114 30 37 0.02883945 
1010 601 12 17 0.028825738 
11 1416 12 16 0.028753329 
6 572 13 16 0.028738337 
224 1360 13 17 0.028733985 
486 1425 12 16 0.028700352 
437 1311 15 19 0.028570628 
36 927 11 14 0.028477466 
365 1358 19 25 0.028445592 
363 1410 13 18 0.028371178 
-1 1291 12 21 0.028366834 
519 1390 9 12 0.028333575 
131 1275 13 18 0.028303089 
54 683 58 68 0.028182356 
10 1365 13 20 0.028142171 
218 1438 21 27 0.028064908 
131 1468 16 19 0.028060583 
269 1411 15 18 0.02805525 
37 1178 15 18 0.028054608 
350 1408 15 21 0.028034152 
72 561 28 36 0.02791653 
215 1381 13 15 0.027915627 
748 284 132 191 0.02781996 
368 1390 11 13 0.027796142 
95 1427 11 15 0.027781665 
281 1433 13 19 0.027764792 
552 362 246 245 0.027680913 
541 1357 11 13 0.027610846 
252 1388 15 18 0.027539201 
267 1510 17 20 0.027498642 
628 1346 14 18 0.027485061 
300 1397 12 16 0.027456762 
229 1108 14 16 0.027438689 
306 1331 13 16 0.027388394 
529 1374 10 13 0.027358027 
378 1395 21 23 0.027289057 
59 1086 12 15 0.027268395 
343 1443 11 15 0.027244108 
157 1468 10 13 0.027231738 
220 1380 26 30 0.027217152 
61 1256 15 18 0.027210595 
28 1460 15 20 0.027199844 
75 1437 12 15 0.027184796 
564 659 13 13 0.027021747 
103 1251 13 19 0.027017938 
70 1151 23 27 0.026985513 
383 1306 16 19 0.026959646 
26 1117 20 25 0.02695493 
15 1398 12 17 0.026916262 
448 1276 17 22 0.026840819 
179 1296 12 18 0.026815344 
248 1497 12 17 0.026767429 
494 1331 21 28 0.026726643 
147 1233 19 27 0.026706975 
540 1322 12 15 0.026683759 
109 1288 14 19 0.026632395 
566 368 123 140 0.02657012 
309 1403 13 17 0.026542367 
435 1428 12 14 0.026513672 
516 1451 13 16 0.02649593 
356 1442 14 18 0.026475223 
282 1205 23 29 0.026407119 
435 1388 13 15 0.026381478 
291 1280 14 18 0.026353076 
101 900 9 11 0.026335984 
573 1303 12 14 0.02632395 
45 1141 21 26 0.02630319 
279 1348 12 16 0.026233248 
127 901 10 13 0.02621132 
75 1181 15 18 0.02620619 
35 1400 15 20 0.026169091 
382 1470 11 15 0.02611626 
263 1286 11 14 0.026007647 
485 1406 11 14 0.025931666 
68 1123 16 18 0.02592401 
56 883 13 15 0.025900017 
274 1479 15 19 0.02589256 
331 1417 13 17 0.025807744 
32 1385 14 18 0.025754798 
983 600 14 17 0.025744777 
283 1316 25 28 0.025719842 
575 1332 10 14 0.025649665 
304 1399 23 29 0.025630677 
109 1402 13 15 0.025601402 
277 1500 15 17 0.025590206 
331 1443 13 17 0.025560357 
105 1439 24 29 0.025521606 
372 1427 13 17 0.025521234 
53 1403 12 16 0.02551057 
62 1140 15 18 0.025475075 
372 1388 12 13 0.025446482 
813 1067 105 120 0.025411678 
296 1311 16 19 0.025401955 
558 1433 15 16 0.025353719 
133 1353 13 17 0.025350992 
71 1093 12 14 0.02532222 
44 1168 15 20 0.025321973 
0 1255 37 47 0.02531071 
325 1493 13 17 0.025294488 
341 1484 12 16 0.025290316 
468 1426 12 15 0.025078489 
101 1140 13 18 0.025065934 
75 1457 12 17 0.025053907 
948 621 17 19 0.02505305 
527 1379 10 13 0.025040632 
723 1402 15 17 0.024998743 
234 1438 15 19 0.02495556 
493 1397 9 12 0.024934083 
558 1349 11 14 0.024894457 
261 1513 16 19 0.024873283 
105 1129 22 28 0.024849879 
191 1291 13 18 0.024832916 
556 1373 11 14 0.024826325 
391 1370 12 16 0.024821294 
93 1353 13 18 0.02481267 
287 1329 23 26 0.024811653 
510 1452 13 17 0.024785789 
738 1356 110 134 0.02475323 
233 1342 21 28 0.024748767 
151 1379 15 19 0.024721764 
357 1437 12 14 0.024680892 
224 1009 29 31 0.024636876 
566 1325 12 14 0.024635764 
179 1285 13 17 0.024619143 
268 1466 16 19 0.024584403 
13 893 11 13 0.024498142 
285 1126 14 20 0.024481477 
245 1403 14 17 0.02446976 
545 1379 16 18 0.024435159 
254 1339 23 27 0.024432806 
149 892 12 14 0.024356373 
50 1449 14 18 0.024353404 
492 1365 10 14 0.024238408 
300 1147 12 17 0.024234995 
86 561 30 38 0.024182016 
230 1043 15 17 0.024169749 
441 817 34 47 0.024103852 
421 1363 14 16 0.024099665 
405 1483 22 26 0.024072118 
124 1187 22 26 0.024070064 
11 1231 15 20 0.023991896 
139 1228 13 17 0.023956973 
320 1392 16 19 0.023916947 
96 1060 10 14 0.023899205 
241 1114 16 19 0.023770962 
64 1459 12 16 0.02374253 
35 1381 19 26 0.023737254 
54 1203 12 16 0.023690848 
181 1030 16 20 0.023626309 
150 1435 11 15 0.023583038 
32 1395 13 17 0.023567922 
622 1366 12 14 0.023546793 
261 1499 14 18 0.023521595 
303 1290 12 15 0.023517301 
82 634 50 58 0.023512041 
346 1312 16 18 0.02350895 
638 1296 64 72 0.023428092 
390 1125 12 16 0.023405172 
349 1116 13 18 0.023306185 
340 1453 13 16 0.023270281 
45 1381 11 16 0.023268437 
80 1403 12 17 0.023265667 
60 1420 13 16 0.023262842 
300 430 32 49 0.023260672 
424 1443 12 15 0.023219509 
253 1466 13 18 0.023209471 
17 783 8 10 0.02318216 
54 1370 11 14 0.02310614 
158 1251 13 19 0.023092851 
325 1442 13 17 0.023048729 
36 1204 12 16 0.023046093 
84 1398 13 17 0.022983816 
222 1106 13 16 0.022944346 
721 548 406 499 0.022940991 
237 1459 12 14 0.022926996 
372 1499 13 16 0.022900265 
173 1180 14 19 0.022797382 
0 1413 20 25 0.022787182 
498 1298 13 17 0.022782715 
286 1232 14 18 0.022782074 
373 1266 28 36 0.02274569 
11 1492 13 17 0.022728104 
375 1484 12 15 0.022669965 
507 1322 13 17 0.022640292 
89 885 10 13 0.022633744 
6 1305 14 20 0.022587284 
236 1124 22 29 0.02258678 
114 1501 24 28 0.022527084 
24 1421 10 13 0.022435522 
503 1383 10 13 0.022418872 
52 1457 12 17 0.022416724 
155 1036 14 20 0.022406073 
612 830 13 15 0.0224049 
635 1348 12 15 0.022364678 
24 1116 13 17 0.022333197 
56 1385 21 27 0.022298668 
166 1370 16 21 0.022298219 
51 1476 14 16 0.022289356 
532 1306 13 15 0.022276213 
686 1315 26 33 0.02224685 
412 1364 12 15 0.02223 
395 1373 13 17 0.022174656 
485 1332 13 17 0.022138266 
11 1144 14 18 0.022128342 
418 1395 14 18 0.022039354 
148 885 15 16 0.021993399 
327 1463 23 29 0.021851713 
365 1183 14 19 0.021837132 
78 1385 10 14 0.021830715 
215 1387 15 19 0.021803806 
80 901 10 13 0.021778917 
193 1178 22 29 0.021736866 
840 1031 171 133 0.021734113 
227 1451 15 18 0.021734035 
11 1222 14 18 0.021724274 
112 1049 12 18 0.021694627 
101 884 12 14 0.021598991 
974 605 12 15 0.021581942 
966 611 13 17 0.02153747 
284 1345 15 18 0.021517713 
73 1272 23 28 0.021514062 
364 1435 13 16 0.021485498 
5 871 10 12 0.021467792 
36 915 11 14 0.021462945 
551 1363 11 14 0.021440862 
395 1471 13 17 0.021419434 
62 1131 15 17 0.021411467 
364 1301 13 17 0.021409411 
527 1350 12 14 0.02135032 
31 1311 232 234 0.021322448 
311 1298 12 16 0.021272412 
421 1389 14 18 0.021229332 
427 1060 13 15 0.021219455 
486 1387 10 13 0.021215132 
333 1308 25 31 0.021148834 
320 1476 22 28 0.02114169 
266 1295 21 24 0.021135893 
1012 609 12 16 0.021111676 
17 1395 20 25 0.021108156 
572 1325 12 13 0.021092048 
558 1419 15 18 0.021060701 
26 1315 15 18 0.02101683 
252 1137 15 18 0.02101487 
57 1407 21 24 0.021004021 
93 1420 12 16 0.020969134 
135 1241 15 20 0.020927977 
315 1335 238 237 0.020892106 
469 1336 27 34 0.02087887 
624 1341 13 15 0.02087381 
630 1444 11 14 0.020854412 
667 1387 13 15 0.02081098 
115 1178 16 20 0.020809734 
438 1212 15 18 0.02077253 
59 890 13 17 0.020721812 
653 1338 12 15 0.020701261 
462 1507 11 12 0.020660833 
338 1521 17 18 0.020595402 
277 1444 12 15 0.0205717 
200 1130 15 19 0.020570971 
941 1197 56 65 0.020541651 
496 1515 14 17 0.02053965 
97 561 38 49 0.020529436 
51 1300 13 16 0.020503353 
658 1381 22 29 0.020472579 
47 1204 12 15 0.020460926 
552 1351 11 14 0.020448389 
596 1433 15 19 0.020445153 
308 1478 14 17 0.020409983 
189 1178 15 21 0.020358838 
505 910 141 169 0.020343186 
713 1394 27 32 0.02033547 
315 1442 13 17 0.020314816 
767 1423 10 12 0.020308536 
413 1467 23 29 0.020305974 
299 1440 23 27 0.020290406 
423 1490 11 15 0.020269252 
48 1399 22 27 0.020237796 
899 1205 61 64 0.02021318 
96 917 9 12 0.020172067 
573 1340 12 14 0.020167641 
587 1404 14 17 0.02014699 
508 1435 11 15 0.020094497 
559 1333 19 25 0.020083847 
806 948 14 18 0.020078616 
428 1495 14 17 0.020044908 
0 1442 16 20 0.020035487 
138 1496 14 21 0.02001984 
807 1082 55 77 0.020016601 
