23_Shoppers_Shoppers_23_243
276
46 395 15 17 0.8221435 
103 404 13 17 0.4112296 
705 433 15 18 0.2814677 
288 469 10 13 0.25541025 
17 478 10 13 0.18667647 
463 514 10 14 0.16375308 
73 487 9 11 0.15981236 
2 478 8 12 0.14359431 
184 439 8 10 0.12728117 
447 500 10 14 0.11684301 
65 477 8 12 0.1161267 
54 437 9 12 0.109150976 
14 533 12 14 0.10907472 
478 500 10 12 0.10483361 
5 519 11 13 0.09512021 
36 486 10 11 0.08799916 
36 449 12 15 0.08599288 
49 538 10 13 0.08004342 
76 493 9 12 0.07681355 
79 363 14 17 0.07562075 
54 484 9 12 0.07393271 
21 516 11 15 0.072552614 
737 444 10 14 0.072112724 
4 484 9 11 0.07193729 
157 437 10 12 0.070815794 
4 436 12 14 0.06979022 
225 431 8 11 0.06830953 
96 438 10 13 0.06783475 
15 495 10 12 0.06684694 
0 453 9 14 0.06494615 
62 420 10 14 0.06480843 
229 433 8 10 0.06445339 
303 443 10 13 0.06359739 
215 440 7 9 0.061402477 
93 485 10 11 0.06064566 
495 474 11 14 0.05995413 
456 460 10 12 0.059872054 
5 499 12 14 0.059024274 
96 423 10 13 0.05806701 
14 517 11 14 0.057384156 
121 445 9 11 0.05701448 
460 436 17 20 0.056383207 
69 479 9 11 0.05575063 
760 501 8 10 0.05504754 
55 477 11 13 0.05480924 
500 444 10 12 0.054628007 
468 513 12 16 0.05446438 
661 495 10 14 0.053328067 
25 430 8 11 0.052131236 
694 485 10 13 0.052004524 
24 559 9 12 0.051238768 
158 432 9 11 0.051223937 
89 484 9 11 0.0511389 
101 445 9 11 0.051002957 
31 543 10 12 0.05090095 
88 477 9 13 0.050766792 
6 460 10 13 0.05069272 
33 446 11 14 0.05063747 
13 573 9 12 0.048903868 
37 460 11 14 0.04886435 
39 422 10 12 0.048642386 
692 492 10 13 0.047864877 
485 494 10 13 0.04748889 
48 517 9 12 0.046957716 
446 476 10 12 0.046869684 
120 420 10 14 0.046824884 
248 464 8 11 0.046608847 
743 463 11 13 0.04655824 
456 516 10 14 0.046323407 
441 502 11 14 0.045916714 
224 594 11 16 0.045093294 
727 502 10 13 0.04486128 
215 445 10 13 0.044561636 
429 470 11 13 0.04424071 
112 455 9 13 0.04388324 
425 471 9 11 0.043755576 
801 483 10 13 0.043640394 
696 463 9 12 0.043081764 
687 500 10 12 0.042494733 
49 478 9 11 0.04247925 
708 429 22 27 0.04179429 
37 493 10 12 0.041513525 
47 494 9 12 0.04079417 
0 444 10 14 0.04073931 
320 540 13 16 0.040689953 
256 420 9 12 0.03945579 
49 485 9 11 0.03943315 
734 437 12 16 0.039304253 
55 417 11 16 0.03904705 
472 493 12 14 0.03901242 
221 448 12 13 0.038773004 
297 495 8 11 0.038356308 
574 422 24 31 0.038301766 
119 427 10 14 0.03811399 
104 454 9 12 0.038108557 
188 438 8 10 0.03681078 
55 444 10 13 0.036791038 
20 484 10 12 0.03657605 
495 500 9 12 0.03635556 
383 494 25 30 0.036250096 
716 435 12 14 0.03614014 
16 469 10 13 0.036091574 
125 421 10 14 0.03565913 
14 567 9 11 0.035638 
112 550 9 12 0.03557874 
181 442 11 14 0.035520863 
460 472 11 13 0.03537296 
93 478 11 12 0.03535992 
96 461 9 11 0.035084706 
124 444 11 14 0.035006043 
305 459 9 12 0.034334175 
65 484 9 11 0.034316726 
38 466 9 13 0.034047473 
657 499 12 14 0.033914573 
151 430 10 12 0.03380832 
69 471 8 12 0.03373088 
42 402 21 27 0.033652652 
656 472 9 11 0.033572283 
230 447 12 15 0.033531003 
701 484 11 14 0.033394303 
126 429 10 13 0.033362422 
375 422 8 12 0.03315071 
495 439 11 15 0.032604877 
736 450 10 13 0.032371476 
613 482 12 15 0.032299757 
724 435 11 15 0.032294564 
701 466 11 13 0.031817503 
711 462 13 15 0.031766035 
45 451 11 13 0.03154913 
94 493 10 12 0.031417686 
141 438 10 13 0.031307004 
139 542 12 14 0.03125784 
487 458 11 13 0.031177055 
118 453 10 13 0.031059876 
124 436 12 15 0.0307601 
742 453 10 14 0.030624049 
477 509 11 15 0.030529588 
293 418 11 13 0.030430418 
11 596 13 18 0.03017503 
53 502 10 11 0.02991877 
96 454 9 12 0.029917141 
36 499 11 13 0.029801171 
303 477 8 10 0.029642776 
590 435 10 15 0.02958116 
88 512 10 12 0.029566858 
381 330 12 15 0.029546397 
340 468 9 12 0.029534034 
612 460 10 14 0.029518096 
817 501 7 11 0.029483052 
165 531 11 15 0.029211247 
13 445 9 12 0.028998682 
136 546 11 14 0.028963845 
752 503 8 10 0.028944476 
494 515 11 13 0.028914226 
454 474 12 16 0.02890933 
305 471 8 11 0.028749013 
1 499 10 13 0.028663008 
452 540 11 15 0.028570978 
53 515 9 13 0.028520016 
422 476 11 14 0.028356675 
110 531 9 12 0.028135085 
66 378 15 17 0.02796426 
154 597 9 13 0.027958272 
375 331 12 14 0.027733428 
13 462 10 13 0.027731497 
110 476 10 12 0.027593477 
662 487 10 12 0.027436925 
158 443 11 13 0.027342772 
494 459 9 13 0.027257027 
407 456 9 11 0.027169496 
661 472 9 11 0.026913265 
79 500 9 11 0.026913226 
439 485 11 14 0.026790122 
53 429 12 16 0.026765829 
133 430 10 13 0.026753781 
732 502 10 12 0.026717857 
82 402 14 17 0.026572952 
78 558 9 10 0.026572797 
165 539 12 16 0.026438931 
142 430 11 13 0.026283717 
403 525 14 16 0.026184155 
64 463 9 12 0.026075922 
38 480 9 12 0.025995225 
510 423 13 16 0.025985641 
71 527 8 12 0.025531927 
183 432 9 11 0.025499284 
763 502 9 11 0.025477694 
469 476 12 14 0.025437264 
4 508 12 15 0.025206607 
24 435 9 12 0.025153607 
129 516 8 12 0.025128433 
108 400 12 15 0.025053283 
12 437 9 13 0.024990253 
116 550 10 14 0.024911027 
607 453 11 14 0.02486039 
53 494 10 12 0.024729861 
209 439 8 10 0.024711637 
697 437 9 13 0.024692964 
135 436 11 15 0.024686666 
607 476 12 19 0.024675548 
9 565 9 12 0.02463385 
416 477 10 14 0.02440459 
248 438 9 11 0.02437689 
295 436 11 14 0.024351351 
16 510 11 15 0.024208693 
166 422 11 13 0.024191238 
199 438 10 12 0.024159594 
182 422 8 12 0.024137896 
752 485 9 12 0.024087604 
745 503 8 11 0.02398453 
47 526 10 13 0.023894796 
118 517 9 12 0.023864694 
199 446 9 11 0.0238593 
214 34 67 63 0.023841437 
13 453 10 13 0.023760099 
742 437 11 16 0.02373015 
424 464 9 10 0.023682104 
94 510 11 14 0.02361008 
95 500 10 11 0.02357959 
87 444 10 13 0.023551831 
49 499 8 12 0.023531707 
50 412 20 27 0.023476519 
7 530 13 16 0.023435311 
681 500 9 12 0.023432303 
66 494 8 11 0.023366401 
63 385 12 16 0.023337528 
6 557 9 12 0.0232649 
53 509 11 13 0.023183536 
54 452 9 12 0.02314846 
461 549 11 14 0.02301314 
304 488 8 12 0.02298721 
30 437 10 11 0.02283426 
190 431 10 12 0.022798669 
478 528 15 19 0.022635022 
368 506 9 13 0.022479685 
72 437 9 12 0.022370186 
256 454 8 10 0.022154046 
20 494 9 13 0.022147812 
111 485 11 12 0.02205094 
495 484 10 13 0.022026846 
310 488 9 12 0.022015678 
32 421 10 14 0.021992657 
79 549 9 12 0.021986365 
1 429 11 15 0.021967702 
303 493 10 14 0.021963868 
470 383 10 12 0.021786476 
692 499 10 13 0.021713465 
296 489 8 10 0.021691632 
309 453 10 14 0.021669252 
174 423 11 13 0.021614762 
70 446 10 14 0.021567639 
72 531 9 14 0.021506721 
48 511 10 13 0.021451216 
557 491 12 14 0.02139423 
0 472 9 13 0.021331456 
5 469 11 13 0.021316709 
308 494 10 12 0.021300687 
521 517 9 13 0.021265807 
253 462 9 12 0.02117017 
194 471 13 14 0.021069562 
74 363 21 27 0.021062646 
452 496 10 13 0.021060536 
767 471 10 12 0.020900728 
109 493 11 13 0.020784764 
486 451 11 15 0.020779733 
14 549 9 12 0.020750467 
372 341 13 16 0.020711096 
589 412 12 17 0.02060889 
125 483 11 14 0.020561717 
124 413 11 15 0.020552173 
444 496 20 24 0.020474525 
101 427 11 14 0.02047413 
648 470 8 11 0.020445611 
562 -11 469 526 0.020319253 
765 437 14 20 0.02019105 
472 471 10 12 0.020170104 
