23_Shoppers_Shoppers_23_880
36
190 95 72 146 0.9666836 
17 403 272 255 0.8744245 
224 168 245 232 0.29161382 
-31 316 417 422 0.28818253 
171 63 140 157 0.15865311 
-96 429 529 595 0.14336143 
210 29 143 113 0.11049997 
642 695 156 150 0.10063651 
493 710 545 572 0.100493185 
176 397 345 477 0.09301701 
617 421 462 496 0.08271919 
221 36 176 193 0.08027551 
218 108 148 221 0.07053146 
120 709 244 324 0.06610204 
396 77 107 138 0.056545593 
310 53 170 241 0.05503268 
388 483 485 433 0.05141287 
739 591 234 290 0.043990754 
528 2 512 530 0.043302957 
406 95 70 80 0.042692203 
419 126 61 103 0.041872337 
285 472 268 241 0.035344917 
87 638 423 525 0.032884356 
403 72 35 39 0.03100352 
400 169 51 71 0.03087689 
411 98 37 39 0.028524738 
705 773 66 90 0.02687231 
170 118 65 103 0.025456352 
613 634 265 246 0.02542606 
383 137 104 136 0.024904951 
151 24 378 425 0.024085306 
751 218 70 91 0.023612207 
403 857 465 536 0.02230816 
304 245 149 191 0.02091091 
727 347 55 57 0.020731276 
3 395 23 29 0.020435916 
