23_Shoppers_Shoppers_23_223
29
466 353 82 106 0.99263304 
522 171 18 21 0.07863927 
573 181 15 18 0.07806886 
375 382 27 31 0.05732771 
697 209 20 21 0.05710078 
408 275 13 17 0.03967779 
738 696 33 42 0.03818647 
646 646 59 55 0.03631113 
664 195 18 20 0.033440042 
333 717 21 31 0.026964199 
176 32 12 15 0.026922401 
197 223 388 435 0.025807384 
127 197 32 35 0.025023665 
397 421 15 20 0.024880094 
767 203 56 61 0.024348596 
70 295 391 467 0.023643175 
667 654 65 65 0.023567082 
626 633 54 55 0.023370245 
652 649 34 37 0.023337068 
628 412 27 34 0.022409182 
587 628 48 52 0.02238944 
450 180 15 19 0.02195416 
963 174 21 28 0.02167666 
776 189 62 54 0.021571398 
510 144 13 18 0.021427887 
700 684 60 65 0.02125177 
382 388 28 35 0.02088881 
516 115 13 19 0.020806523 
387 420 15 20 0.020297358 
