23_Shoppers_Shoppers_23_607
407
240 303 179 233 0.99988365 
168 1219 11 15 0.48256388 
144 1238 10 13 0.3700633 
641 886 383 500 0.344982 
348 903 12 15 0.26783392 
173 1430 13 17 0.25705117 
116 1268 10 13 0.23253386 
732 692 270 320 0.22179335 
191 1226 11 15 0.21854217 
478 1481 11 16 0.21534519 
390 922 12 15 0.19168635 
300 1479 12 16 0.16853388 
327 1178 12 17 0.15705217 
171 1215 11 15 0.1455461 
174 1284 10 13 0.14374633 
232 1341 10 13 0.13263975 
494 13 388 464 0.1309001 
216 1193 9 10 0.1306855 
133 1415 8 11 0.12978432 
71 1427 9 13 0.12563689 
343 907 12 14 0.12183284 
228 1411 11 13 0.12165773 
125 1386 13 16 0.12108672 
184 1182 9 12 0.11452435 
316 1205 10 14 0.11377033 
212 1416 10 12 0.1053941 
274 1264 14 19 0.10469607 
515 1286 14 17 0.10121439 
372 919 10 13 0.10046706 
88 1455 9 12 0.09593744 
420 1396 11 15 0.093476616 
348 1289 11 16 0.09335156 
372 939 12 13 0.091164455 
112 1253 10 12 0.08787456 
161 1219 11 16 0.08784439 
428 1468 10 14 0.087501705 
238 1205 9 12 0.08495198 
179 1434 11 15 0.08476487 
451 1270 12 15 0.08085328 
191 1415 10 13 0.07972941 
113 1260 12 16 0.07961468 
128 1236 8 11 0.07893616 
331 1175 12 16 0.076862045 
207 1198 8 11 0.07527511 
199 1438 11 16 0.071694665 
304 1221 12 15 0.06828325 
503 1332 11 15 0.067467 
189 1301 14 17 0.06667988 
320 1436 11 14 0.06525109 
134 1419 10 13 0.064891174 
231 1262 10 12 0.06470117 
657 417 221 292 0.064413846 
483 1480 12 16 0.06421299 
261 1158 9 11 0.063733116 
336 910 10 13 0.061941147 
173 1199 9 11 0.061682373 
320 1180 12 15 0.06039628 
470 1510 9 13 0.05994445 
376 910 9 10 0.059869867 
408 1406 11 14 0.058783732 
136 1239 8 11 0.058364168 
183 1503 11 13 0.05670803 
451 914 13 15 0.056371797 
477 1451 13 17 0.05528629 
100 1310 10 12 0.054762915 
325 1289 13 16 0.05387241 
446 916 13 15 0.05373305 
135 1221 9 11 0.053546954 
382 909 10 11 0.053449076 
222 1211 9 12 0.05343828 
129 1231 8 11 0.053311832 
352 1198 10 13 0.052704714 
304 1413 9 12 0.051896833 
368 1301 13 17 0.051614042 
464 1429 11 14 0.050839573 
269 1428 11 14 0.050317574 
86 1367 9 12 0.05025271 
229 1287 12 15 0.0498074 
286 1428 9 12 0.049587972 
401 1434 10 14 0.049289864 
439 1239 14 18 0.048985615 
135 1299 12 14 0.04851904 
127 1406 10 12 0.048487287 
266 1428 9 12 0.048397798 
365 1502 8 12 0.04791045 
206 1382 10 12 0.04761839 
190 1187 10 14 0.047372714 
135 1429 10 12 0.04707706 
177 1183 8 11 0.04641363 
188 1182 11 14 0.04622458 
382 1444 11 14 0.04594501 
103 1340 11 15 0.045578238 
132 1230 10 11 0.04530949 
229 1268 11 14 0.04521235 
548 1269 11 14 0.04516691 
155 1467 13 19 0.045020822 
116 1254 9 12 0.044953194 
103 1250 10 13 0.044742886 
159 1189 8 11 0.044505283 
167 1434 12 16 0.044198386 
118 1220 9 12 0.043871626 
471 933 11 14 0.0437387 
127 1298 11 14 0.043632466 
446 1273 12 15 0.043236885 
376 1274 10 14 0.043150343 
201 1197 9 11 0.043148343 
169 1205 9 11 0.04232981 
173 1204 10 12 0.04210417 
470 1411 10 12 0.041985035 
142 1300 9 13 0.041937467 
237 1278 10 12 0.041874044 
405 1188 11 14 0.041352026 
173 1423 11 14 0.041257743 
253 1365 9 12 0.041060593 
376 1427 10 14 0.040995162 
383 1450 11 15 0.040646546 
417 1253 10 13 0.04037992 
151 1183 8 10 0.04018712 
133 1285 11 15 0.039953917 
176 1189 9 10 0.039643522 
488 924 10 12 0.03940016 
220 1195 9 12 0.039384 
422 1316 10 13 0.03926421 
142 1180 10 12 0.038873572 
110 1237 9 11 0.03879907 
247 1478 9 11 0.03865262 
513 1515 9 12 0.038466386 
207 1204 9 10 0.03819464 
119 1301 10 12 0.038178276 
255 1423 8 11 0.037713848 
467 1332 13 16 0.03764003 
166 1363 10 14 0.037568513 
93 1429 12 15 0.03753846 
118 1247 8 10 0.037442762 
421 1423 12 14 0.036837723 
127 1205 9 12 0.036797177 
159 1443 10 13 0.036779348 
389 1499 9 15 0.0366662 
183 1177 9 10 0.036637407 
153 1190 8 10 0.036629178 
424 1516 8 12 0.036540117 
0 522 12 23 0.036416527 
190 1197 9 12 0.036267344 
245 1303 10 13 0.03622069 
184 1307 12 16 0.036199734 
444 1406 10 13 0.03615278 
262 1235 11 14 0.03595945 
367 1295 11 15 0.035778094 
143 1200 9 11 0.03564014 
394 918 11 13 0.035447087 
269 1217 11 15 0.034951553 
172 1468 23 27 0.034769524 
245 1484 10 12 0.034725964 
184 1187 9 12 0.03455913 
311 1502 11 14 0.034514 
161 1174 8 10 0.034512956 
389 911 11 13 0.034444414 
381 1373 10 11 0.03437916 
185 1204 9 12 0.034361754 
352 1203 11 15 0.034146227 
268 1181 13 15 0.03413627 
521 1253 10 13 0.034033716 
301 1268 13 16 0.03388852 
135 1319 9 13 0.033865634 
109 1214 11 15 0.03376381 
150 1267 9 14 0.03373985 
136 1214 10 13 0.03348674 
87 1414 10 12 0.03320684 
141 1220 10 11 0.033062562 
527 1517 9 12 0.032944173 
376 905 8 11 0.032825697 
238 1436 9 13 0.032455757 
237 1198 10 12 0.03218204 
357 1204 11 14 0.03208915 
295 1212 9 12 0.032045197 
273 1355 9 13 0.032033864 
127 1200 9 11 0.031979654 
149 1231 11 13 0.03191499 
167 1189 9 11 0.031780913 
75 1428 11 15 0.03168058 
71 1447 8 11 0.03155518 
220 1244 12 16 0.03135484 
292 1170 11 14 0.03111181 
304 1508 10 13 0.030972684 
444 923 13 17 0.030896306 
128 1256 8 11 0.030873343 
76 1423 10 13 0.030869478 
415 945 12 15 0.030838078 
104 1231 9 12 0.030739598 
237 1431 9 13 0.030664464 
149 1252 12 16 0.030480854 
237 1306 10 13 0.030315462 
342 913 12 14 0.030293107 
415 1472 11 15 0.030145202 
533 1268 10 13 0.029908102 
439 1370 10 12 0.029787505 
377 1371 10 12 0.029749265 
413 1181 10 14 0.029679744 
352 1359 9 12 0.029463112 
112 1274 9 12 0.029448578 
263 1274 11 15 0.02911401 
143 1501 8 11 0.028984496 
415 1373 8 10 0.028968904 
545 1518 9 12 0.028942496 
400 1424 9 12 0.028916277 
87 1316 10 14 0.028908875 
275 1283 14 17 0.028848263 
174 1314 11 14 0.02883646 
381 1349 9 12 0.028567765 
465 440 377 422 0.028529027 
412 1165 11 13 0.02846966 
295 1473 20 26 0.028358588 
231 1150 9 12 0.028205317 
293 1438 10 13 0.02811945 
118 1183 9 10 0.028100472 
377 1444 10 14 0.027941393 
232 1276 10 13 0.027919605 
399 1181 10 14 0.027913705 
159 1436 12 15 0.027867533 
208 1172 9 12 0.027832214 
224 1291 12 16 0.02782699 
240 1478 10 13 0.027649488 
230 1304 12 16 0.027619174 
281 445 408 520 0.027382394 
134 1339 11 14 0.027277388 
249 1364 8 13 0.027271075 
540 1288 13 19 0.027207438 
286 1502 9 12 0.02716013 
66 1428 9 13 0.026995739 
535 1339 13 16 0.026993217 
198 1165 10 12 0.026980245 
343 1511 8 12 0.02696491 
118 1273 10 12 0.026953723 
128 1167 9 11 0.026950046 
198 1189 10 13 0.02682585 
380 1428 11 13 0.026733112 
412 1173 11 15 0.026705401 
304 1421 9 13 0.026645962 
408 1454 9 11 0.02652028 
147 1241 12 15 0.026482051 
887 449 66 48 0.026458535 
237 1254 11 13 0.026418418 
318 1351 9 11 0.026350496 
302 1364 11 15 0.026277533 
432 1365 10 13 0.02626815 
701 550 216 307 0.026239773 
169 1184 8 10 0.026158249 
547 1295 13 17 0.026137805 
103 1455 10 13 0.026089309 
448 910 11 14 0.025982022 
101 1436 10 14 0.02591536 
168 1175 7 9 0.025783245 
140 1232 18 24 0.025748974 
224 1261 11 14 0.025744915 
193 1164 9 12 0.025697798 
454 1519 10 13 0.025674094 
255 1502 9 11 0.025570713 
206 1502 10 12 0.025516609 
232 1205 9 13 0.025450531 
236 1260 10 12 0.025293482 
270 1205 11 14 0.025131097 
519 1515 10 13 0.025112184 
295 1428 9 12 0.02501843 
87 1340 10 14 0.024940774 
207 1192 9 11 0.02481233 
277 1355 11 14 0.024757627 
415 894 10 13 0.02472933 
256 1427 9 11 0.024694547 
301 1358 11 13 0.024676105 
103 1411 13 16 0.024667338 
97 1304 9 11 0.024538845 
184 1314 11 15 0.024528636 
94 1340 10 14 0.02449282 
161 1365 10 13 0.024476275 
420 1436 14 18 0.024460258 
278 1427 10 14 0.024444249 
300 1332 11 13 0.024439814 
199 1450 11 15 0.02435515 
408 1180 11 17 0.024351457 
93 1313 11 14 0.024342338 
189 1314 13 17 0.02427242 
464 1244 9 11 0.024165563 
344 1478 10 12 0.024095487 
87 1420 11 14 0.024035778 
109 1231 10 12 0.02392557 
120 1229 8 11 0.023918668 
294 1219 11 15 0.02389558 
296 1339 12 13 0.02360926 
326 1229 9 11 0.023604931 
233 1435 9 13 0.023545254 
109 1517 10 13 0.0234831 
293 1275 13 17 0.023471115 
430 1499 10 13 0.023391562 
200 1252 11 15 0.023385124 
259 613 253 268 0.023344435 
133 1436 10 13 0.023339117 
192 1406 10 12 0.023311345 
128 1245 8 10 0.023278184 
120 1198 9 11 0.023265112 
416 1510 9 12 0.023221713 
255 1253 11 14 0.023139594 
225 1408 10 13 0.023119204 
186 1220 19 24 0.023099408 
262 1495 9 10 0.023096459 
383 916 13 16 0.023070158 
301 1351 10 12 0.023047278 
253 1477 9 12 0.022986708 
149 1198 10 11 0.0229332 
128 1438 10 13 0.02289292 
183 1221 10 15 0.022891931 
464 1323 13 16 0.022829914 
430 1412 10 13 0.022807874 
311 1212 11 13 0.022804793 
469 1503 10 14 0.022786468 
275 1298 14 18 0.022759559 
153 1474 11 15 0.022725064 
492 1318 11 15 0.022712871 
176 1176 8 10 0.022689132 
263 1211 13 16 0.022593286 
236 1347 10 13 0.022570657 
399 1308 10 12 0.022498634 
248 1412 9 13 0.022473946 
405 1260 11 15 0.022438733 
184 1396 10 13 0.022417858 
439 1410 11 15 0.022389978 
335 1245 10 13 0.022320893 
359 1174 11 14 0.022316907 
264 1341 10 13 0.022251977 
275 1272 14 19 0.022085398 
248 1421 9 12 0.022077885 
103 1515 11 15 0.021990908 
449 1518 10 13 0.021963915 
205 1252 12 17 0.021927414 
143 1308 9 11 0.02186459 
485 1238 8 11 0.021862557 
391 1515 9 13 0.021825269 
104 1477 9 12 0.021745175 
237 1269 11 15 0.021735247 
129 1173 8 10 0.021723162 
183 1389 10 13 0.021679293 
425 1460 11 15 0.021677831 
428 1518 10 13 0.02167545 
309 1275 10 15 0.021660354 
196 1223 10 12 0.021567302 
307 1267 12 17 0.02150343 
428 1404 11 14 0.021392317 
94 1270 9 12 0.021354144 
460 1468 11 16 0.021302933 
416 1331 11 14 0.021293903 
376 1436 11 15 0.021277914 
421 1382 11 14 0.021277597 
106 1215 9 11 0.021238875 
112 1198 8 10 0.021234836 
262 1251 10 14 0.02114817 
461 951 10 14 0.021147393 
223 1180 9 12 0.021109937 
175 1442 10 14 0.021099783 
360 1254 11 14 0.021050902 
142 1206 10 13 0.021018794 
405 1194 10 13 0.020998258 
287 1221 11 15 0.02099067 
245 1516 10 14 0.020919122 
272 1478 9 11 0.020913927 
279 1204 10 13 0.020909052 
47 1518 10 13 0.020878062 
580 580 365 489 0.020810768 
364 1179 11 13 0.020809833 
222 1276 11 14 0.020751923 
289 1436 9 13 0.020751024 
529 1271 10 12 0.02071348 
480 1182 11 14 0.020710938 
327 1500 8 12 0.0206788 
135 1261 9 12 0.020659097 
234 1284 13 15 0.020651808 
327 1222 9 12 0.020628808 
103 1286 8 12 0.02061059 
159 1183 8 10 0.020602686 
270 1461 10 13 0.020565858 
261 1299 12 15 0.0205633 
144 1261 10 15 0.02055896 
532 1331 15 18 0.020551138 
326 1492 9 12 0.020550048 
150 1259 11 17 0.020530598 
228 1460 12 16 0.020526776 
237 1335 11 13 0.020518491 
261 1243 11 14 0.02050094 
358 1474 12 16 0.020479333 
288 1370 10 13 0.020448837 
294 1382 11 14 0.020390801 
120 1239 8 10 0.020378351 
158 1347 10 12 0.020365145 
239 1412 10 13 0.020359866 
392 1167 10 13 0.020359678 
246 1167 8 10 0.020328222 
374 1516 10 14 0.020312622 
335 1414 9 13 0.020249126 
383 1227 9 13 0.020232607 
263 1206 11 14 0.020227201 
317 1501 8 12 0.020221995 
347 895 14 17 0.02021692 
160 1206 8 10 0.020173332 
439 1396 12 14 0.02015217 
417 1442 10 15 0.020146834 
239 1357 9 13 0.020139929 
157 1483 10 14 0.02008076 
213 1243 14 18 0.020079339 
349 1484 11 14 0.020063085 
