23_Shoppers_Shoppers_23_43
183
167 234 55 69 0.9986658 
356 235 61 76 0.99836856 
154 395 66 91 0.99719965 
571 146 47 59 0.9964175 
64 148 37 47 0.9885903 
941 122 26 33 0.98312163 
923 197 49 72 0.9670854 
73 217 36 55 0.8967904 
791 136 34 44 0.76995456 
822 191 58 61 0.6906631 
605 125 29 39 0.5819593 
377 139 32 43 0.5724263 
207 143 26 39 0.5327986 
512 451 64 87 0.49750274 
23 146 23 32 0.4645935 
862 147 40 52 0.41748396 
441 326 39 54 0.38753235 
188 503 43 54 0.3569817 
679 226 20 29 0.3322606 
724 344 37 41 0.30447352 
547 133 23 32 0.22665417 
743 224 23 31 0.19393432 
690 363 28 35 0.18341678 
972 93 16 22 0.15573232 
220 146 24 35 0.14429843 
817 159 54 60 0.13835347 
47 214 53 69 0.12904805 
974 115 21 29 0.11597663 
805 141 32 41 0.11155819 
342 126 25 39 0.10867566 
965 109 23 31 0.09835509 
828 399 28 40 0.093849584 
1002 64 17 22 0.09151422 
-1 432 20 35 0.08793702 
585 133 44 57 0.08364458 
248 452 44 55 0.082999155 
741 172 16 23 0.07976396 
790 520 50 52 0.07906667 
685 352 45 55 0.075918086 
741 183 14 22 0.07531233 
258 211 61 73 0.074427366 
340 139 17 28 0.07420785 
323 161 14 21 0.07247701 
275 260 49 63 0.070491455 
534 482 77 79 0.07006384 
345 351 50 51 0.06881105 
161 146 32 50 0.06807657 
93 153 25 34 0.067796975 
754 335 47 56 0.06719851 
845 36 11 15 0.0666813 
960 288 62 92 0.06516947 
514 462 36 58 0.061174627 
920 189 77 126 0.059471477 
348 143 43 50 0.058969922 
790 8 24 29 0.05654039 
913 236 101 134 0.055915654 
234 146 16 25 0.055884797 
922 96 16 20 0.055528942 
456 104 28 39 0.054110095 
306 148 15 21 0.05365688 
436 391 35 49 0.051798396 
461 323 43 63 0.050251782 
965 96 17 22 0.050073203 
183 145 39 50 0.049271677 
549 89 25 34 0.048241217 
670 100 24 28 0.04748115 
617 120 17 23 0.046677124 
447 85 26 44 0.045778815 
795 32 12 15 0.044550516 
239 214 51 67 0.044136956 
280 479 47 64 0.043661285 
734 41 14 17 0.04340708 
293 244 47 64 0.043091252 
-5 469 85 106 0.040503826 
748 220 16 20 0.04036364 
1001 160 24 34 0.03880632 
204 154 35 46 0.038507838 
651 180 33 39 0.03804891 
21 408 86 115 0.037335303 
227 154 37 48 0.036914185 
730 349 53 55 0.036895342 
121 478 52 68 0.03687839 
908 133 13 17 0.036756698 
771 12 11 16 0.036516793 
352 129 30 38 0.03572867 
115 26 14 17 0.035306077 
827 29 12 15 0.03513885 
685 230 22 31 0.033949982 
896 42 11 16 0.03379064 
717 5 15 16 0.03338449 
107 155 22 33 0.033016123 
152 149 29 38 0.032983948 
999 71 15 21 0.032773986 
458 442 104 127 0.031981204 
762 35 15 18 0.03169166 
890 152 27 38 0.03146303 
814 382 48 62 0.031232439 
825 206 163 213 0.030789094 
236 137 15 23 0.030784711 
300 151 17 22 0.030753521 
839 402 18 22 0.030695815 
19 114 15 20 0.030442068 
486 322 40 63 0.030205283 
946 97 16 19 0.030134065 
168 134 23 39 0.029965568 
856 43 10 14 0.02992828 
5 90 15 19 0.02990225 
772 101 12 14 0.029822534 
425 364 53 71 0.029121602 
985 122 15 19 0.028815955 
850 152 35 42 0.028698716 
949 116 25 30 0.028697003 
499 488 67 80 0.027812492 
309 149 24 29 0.027691567 
159 160 46 58 0.027594978 
654 337 96 115 0.027506597 
764 53 12 14 0.027494855 
858 50 17 22 0.027456045 
244 138 17 22 0.027413465 
860 45 12 15 0.027374959 
233 470 46 59 0.027281871 
478 102 27 35 0.027141403 
28 142 14 18 0.027122928 
294 281 33 45 0.026885208 
329 132 36 51 0.026873626 
998 75 24 30 0.026578264 
189 163 44 57 0.026305635 
557 441 64 88 0.026298748 
117 415 55 76 0.025575187 
738 12 16 19 0.025223983 
706 89 32 36 0.02517873 
900 141 25 34 0.025095314 
406 376 96 145 0.024938116 
415 383 50 72 0.024881072 
788 120 26 40 0.024880476 
187 26 15 17 0.02482031 
793 122 17 21 0.024787014 
998 59 14 19 0.024717063 
30 219 80 109 0.024452899 
956 81 26 35 0.024431648 
899 37 14 17 0.023931785 
212 49 15 18 0.02388202 
45 145 41 49 0.023821447 
242 57 14 17 0.023796141 
733 300 55 61 0.023509564 
220 74 12 15 0.023484513 
267 155 17 20 0.023433754 
680 254 23 30 0.023339212 
687 241 23 33 0.02333651 
852 38 11 15 0.023057647 
540 97 39 46 0.022931075 
805 185 94 96 0.022897063 
915 132 13 17 0.02288952 
845 433 14 20 0.022732345 
205 487 47 59 0.022634314 
899 138 17 21 0.022171749 
575 410 58 68 0.022119405 
291 100 13 18 0.022053318 
262 428 59 67 0.021882879 
823 -2 11 10 0.021846533 
893 100 14 17 0.021806361 
145 158 27 38 0.021728326 
904 173 47 65 0.02162423 
713 348 30 42 0.021266205 
38 192 49 65 0.021263834 
315 42 15 19 0.021072065 
221 112 14 18 0.021018136 
895 154 41 56 0.021009441 
465 115 32 36 0.020965248 
316 159 26 31 0.02095298 
810 364 92 130 0.020923283 
983 35 11 15 0.020851193 
963 36 13 16 0.02072504 
709 468 60 68 0.020632938 
739 36 13 18 0.020583643 
829 -2 12 10 0.02058003 
727 88 35 39 0.020544367 
987 116 24 31 0.020488685 
259 155 18 20 0.020330518 
277 192 32 41 0.020149479 
991 59 12 16 0.020067343 
335 135 16 24 0.020058362 
213 27 13 17 0.020018352 
