23_Shoppers_Shoppers_23_640
34
353 230 170 229 0.9993604 
758 365 63 83 0.9991773 
1 333 92 121 0.99906737 
622 286 83 126 0.9947577 
832 373 78 109 0.9934777 
217 274 83 112 0.9879552 
788 369 73 103 0.32035145 
104 575 41 48 0.2458593 
173 955 51 65 0.1540308 
252 760 232 255 0.14999086 
10 476 55 96 0.08902221 
741 679 51 81 0.0771648 
205 633 389 453 0.0690944 
64 107 77 64 0.06192428 
785 73 18 23 0.060870316 
803 31 29 37 0.04711082 
799 42 37 51 0.046628263 
476 557 226 250 0.04054554 
227 832 55 90 0.037133362 
810 68 21 28 0.03609509 
748 75 17 23 0.03541304 
177 730 194 273 0.034088083 
252 885 107 121 0.033033483 
84 398 55 74 0.03281521 
876 340 60 84 0.032253895 
58 88 68 60 0.032048065 
41 80 119 112 0.03187419 
728 372 52 75 0.028163232 
156 624 32 38 0.02717183 
219 835 113 143 0.026627654 
181 785 101 170 0.024790227 
93 664 31 50 0.02444641 
810 33 19 21 0.023901513 
725 681 12 16 0.02346684 
