23_Shoppers_Shoppers_23_10
185
61 385 37 49 0.99517304 
468 334 25 31 0.99373007 
637 297 26 33 0.98330426 
277 311 33 43 0.9792084 
737 104 27 41 0.56919956 
1001 336 15 23 0.28485975 
759 323 22 29 0.25563344 
347 490 14 19 0.24329498 
596 93 10 13 0.17419982 
938 34 11 14 0.15390074 
769 320 24 30 0.15233798 
658 158 102 122 0.1514105 
583 86 8 10 0.14314882 
781 317 23 31 0.13777931 
554 86 7 10 0.12924844 
891 326 13 18 0.12477295 
715 78 10 12 0.12257768 
66 50 17 22 0.121312656 
991 340 25 30 0.10846954 
543 81 7 9 0.10170006 
428 477 12 14 0.101368 
643 101 11 13 0.09871458 
646 95 10 12 0.09481825 
9 370 39 57 0.086735904 
536 302 19 23 0.08286958 
690 572 17 20 0.08031615 
955 302 22 30 0.076160185 
782 179 23 29 0.07341607 
514 429 195 282 0.07256723 
729 53 11 13 0.07097475 
591 88 9 11 0.06930891 
577 85 9 11 0.06875222 
519 69 10 12 0.06725567 
691 22 9 11 0.067161486 
858 315 16 21 0.06319299 
614 1 10 10 0.06251126 
44 389 40 55 0.061021935 
35 374 37 54 0.059197146 
672 94 8 10 0.05871512 
706 301 22 33 0.053083807 
569 314 26 34 0.052379645 
-6 549 99 157 0.05123907 
673 5 11 13 0.051051058 
670 23 10 12 0.050262876 
919 69 9 11 0.048729286 
527 86 9 11 0.04834852 
1010 458 13 18 0.047949232 
639 105 11 13 0.04631222 
552 81 8 10 0.04537395 
-3 371 24 49 0.04450474 
630 109 10 12 0.044003204 
641 95 10 13 0.04386382 
672 89 9 11 0.042294394 
19 389 42 59 0.04191922 
736 119 14 20 0.041645378 
508 108 11 15 0.041581854 
885 334 16 22 0.04138638 
602 6 8 10 0.040875 
713 82 11 14 0.039491042 
683 190 67 71 0.039275732 
533 86 9 10 0.039096773 
739 21 247 283 0.038882554 
593 46 8 11 0.03871738 
999 450 12 17 0.03868488 
553 92 8 10 0.038237132 
5 130 50 91 0.037453383 
587 514 107 160 0.037365135 
213 428 97 163 0.037272234 
655 94 10 12 0.037172653 
838 299 21 30 0.03714756 
509 83 10 13 0.037128072 
958 318 15 19 0.037088465 
259 651 15 18 0.03705117 
993 622 31 53 0.03668665 
318 621 13 16 0.036337588 
609 109 12 14 0.036123786 
607 1 10 10 0.03599056 
1004 451 13 19 0.035898793 
848 29 8 11 0.035502363 
666 23 9 11 0.03499795 
606 4 9 12 0.0347941 
670 102 10 11 0.034362078 
507 115 11 16 0.034011155 
109 342 11 14 0.033998854 
672 13 9 12 0.0330773 
564 102 10 11 0.032977935 
261 331 14 18 0.032100976 
662 95 9 10 0.031963687 
897 3 13 15 0.03192969 
531 455 130 164 0.031835847 
537 79 9 11 0.031362712 
569 86 8 10 0.0311125 
622 111 11 14 0.031040756 
262 321 27 33 0.030591536 
614 105 12 15 0.030371435 
558 91 9 11 0.029963983 
733 0 10 10 0.029874852 
974 14 7 10 0.02981816 
708 296 14 21 0.029668901 
672 109 10 12 0.029587645 
956 356 14 17 0.02900327 
867 311 15 22 0.0288581 
721 304 16 22 0.028739072 
841 41 8 10 0.0286283 
703 82 185 259 0.028595919 
696 85 9 11 0.028334111 
125 306 10 14 0.027613884 
932 -1 12 11 0.027550505 
491 597 15 19 0.027357664 
794 320 15 25 0.027152298 
635 474 26 35 0.027108563 
783 191 14 19 0.027090445 
741 76 25 29 0.02702176 
526 79 9 11 0.026944838 
989 331 20 26 0.026933651 
696 80 8 11 0.026699094 
105 318 8 11 0.026649302 
664 101 9 11 0.026584372 
525 90 10 13 0.026344612 
701 86 9 11 0.026208766 
226 484 15 19 0.025694186 
314 19 15 18 0.025417585 
247 303 26 33 0.025296533 
980 330 16 21 0.025281006 
699 295 17 22 0.02504324 
701 208 33 38 0.024816426 
749 326 23 34 0.024766445 
677 87 10 11 0.024621142 
608 24 6 8 0.024337333 
558 81 7 10 0.024229059 
854 305 37 53 0.024125822 
744 83 13 16 0.023968771 
920 63 11 12 0.023931764 
710 93 9 13 0.023756025 
946 442 18 22 0.02371533 
702 94 10 12 0.02364586 
600 13 8 10 0.023573274 
669 43 10 13 0.023536412 
377 451 31 37 0.02351504 
942 286 29 38 0.023481494 
619 -36 373 478 0.023070412 
695 96 10 11 0.023030933 
57 191 436 489 0.023006108 
797 309 22 36 0.02289398 
628 115 10 12 0.022840722 
630 6 10 11 0.022663832 
-7 397 31 49 0.022590527 
716 299 14 23 0.022540748 
606 15 8 9 0.022537503 
632 14 9 10 0.022516718 
632 104 11 14 0.022508308 
735 80 8 11 0.022400586 
654 99 10 13 0.02231335 
949 50 11 14 0.02223377 
846 302 22 29 0.02209384 
560 110 12 14 0.02205957 
687 81 9 10 0.022047127 
36 402 27 36 0.021918047 
260 322 13 17 0.021862945 
637 14 10 11 0.021862548 
502 102 10 13 0.021775855 
238 675 10 12 0.021691568 
609 113 176 210 0.02167434 
621 1 10 10 0.021382662 
165 383 13 19 0.021290919 
621 104 10 13 0.021198357 
670 305 14 20 0.021174848 
160 308 8 13 0.021074243 
1014 312 11 18 0.021040047 
542 611 12 14 0.020934246 
775 49 11 15 0.020877114 
726 44 21 28 0.020806298 
664 90 8 10 0.020723125 
693 102 10 12 0.020655863 
665 29 9 11 0.02060874 
584 91 9 11 0.020605618 
334 579 12 16 0.02054511 
815 40 8 11 0.020503387 
583 13 8 12 0.020299204 
745 108 17 23 0.02028623 
247 669 12 15 0.020280007 
1011 228 13 18 0.020117275 
630 95 11 12 0.020074155 
677 23 10 10 0.020051666 
565 94 10 11 0.020049255 
