59_peopledrivingcar_peopledrivingcar_59_906
18
267 413 264 339 0.99978405 
481 76 423 501 0.26341826 
475 1052 40 56 0.23484784 
206 776 250 328 0.15420792 
275 1270 216 229 0.13199204 
701 80 481 543 0.08272791 
364 284 79 65 0.07756464 
567 347 397 523 0.07304606 
321 795 213 274 0.0669722 
631 1112 201 240 0.06068996 
535 1026 49 70 0.047768697 
260 721 360 437 0.044703458 
888 725 90 128 0.0429232 
678 1223 134 135 0.028235767 
715 385 215 329 0.027419437 
461 613 368 492 0.026668308 
64 1148 142 175 0.02412272 
207 1122 402 490 0.022016814 
