59_peopledrivingcar_peopledrivingcar_59_404
37
867 186 44 59 0.9959668 
604 21 138 116 0.63860637 
788 107 25 30 0.31750613 
696 79 18 19 0.25802675 
739 79 16 20 0.16871977 
188 359 129 142 0.10098469 
649 43 81 71 0.09925436 
233 362 173 178 0.09743824 
839 111 27 34 0.09371936 
783 95 40 50 0.08239137 
711 276 25 34 0.07165718 
708 258 51 59 0.065440364 
411 76 139 156 0.060693838 
657 190 63 68 0.054908577 
769 105 33 38 0.052714176 
595 49 189 166 0.050685603 
809 82 25 28 0.050623395 
800 93 28 36 0.047262646 
304 423 129 137 0.04022369 
596 205 54 57 0.0384122 
652 172 101 119 0.03542899 
707 146 44 44 0.034402423 
509 194 40 43 0.033942793 
681 66 31 34 0.033345927 
798 85 45 56 0.03130838 
158 323 132 123 0.030293817 
810 127 18 23 0.027146008 
720 273 17 21 0.026683912 
5 363 13 17 0.025559617 
132 353 53 67 0.02499571 
586 230 55 58 0.023380376 
875 81 26 45 0.023185572 
731 259 58 61 0.023120388 
600 158 103 112 0.02261553 
187 401 85 76 0.021547541 
670 171 71 68 0.020978747 
673 120 101 88 0.020042809 
