59_peopledrivingcar_peopledrivingcar_59_200
61
422 62 82 112 0.99717486 
145 260 83 104 0.992258 
229 180 13 17 0.14410253 
526 396 191 271 0.07535004 
19 201 13 17 0.07025612 
246 203 10 13 0.057874363 
263 196 12 14 0.04393831 
662 209 15 17 0.03961006 
579 423 56 65 0.0390214 
240 197 11 13 0.03593417 
215 166 8 11 0.035807427 
638 223 10 13 0.03564635 
226 108 9 11 0.03341756 
252 158 10 12 0.033029627 
256 190 10 12 0.03218394 
280 166 10 13 0.031482976 
542 140 13 14 0.031123802 
133 30 13 16 0.030296119 
666 219 14 17 0.029995399 
227 69 13 15 0.02842012 
180 71 12 14 0.028409638 
158 0 9 9 0.027395643 
188 5 15 17 0.026836451 
262 191 12 13 0.026518336 
246 5 30 33 0.026251929 
618 188 13 16 0.026037855 
199 66 10 13 0.025490241 
220 178 22 29 0.025431894 
224 28 25 31 0.025209196 
260 61 14 17 0.025007876 
291 235 24 28 0.024582036 
640 244 113 161 0.02449759 
281 135 8 11 0.024349373 
280 140 8 11 0.024343144 
245 211 12 14 0.024209766 
576 125 9 12 0.024121178 
281 171 10 14 0.023801679 
287 159 10 12 0.023591612 
573 420 90 109 0.023412747 
230 194 10 14 0.023006286 
213 0 14 13 0.022865538 
135 22 11 13 0.022862885 
288 151 9 11 0.02250276 
197 0 12 10 0.022486795 
222 165 10 12 0.022484018 
214 159 8 11 0.022404982 
633 227 10 14 0.022374215 
210 159 8 10 0.022242714 
255 202 10 12 0.021986296 
176 0 11 11 0.021569697 
182 0 11 11 0.021372167 
270 152 9 11 0.021324512 
299 237 14 17 0.021289784 
248 134 9 11 0.020497384 
356 267 13 15 0.020449094 
327 227 15 20 0.020301526 
207 0 12 12 0.020300126 
14 209 12 16 0.020291902 
194 9 14 16 0.020246673 
224 158 10 13 0.02023412 
241 85 11 14 0.02015682 
