59_peopledrivingcar_peopledrivingcar_59_172
151
650 217 14 18 0.61517835 
845 221 12 14 0.19768204 
854 222 12 14 0.1864614 
860 224 10 11 0.12891424 
879 228 10 12 0.12413765 
766 195 10 15 0.123918734 
467 357 27 30 0.122142024 
657 240 11 14 0.10391423 
608 133 9 12 0.073836476 
952 230 8 11 0.07107323 
984 228 9 12 0.06652842 
959 228 10 13 0.06615871 
62 250 373 415 0.065384194 
918 214 9 11 0.06427355 
584 133 9 12 0.06336691 
886 224 8 10 0.06299425 
960 205 8 11 0.06176296 
920 230 8 10 0.061155133 
823 212 13 16 0.05665849 
798 194 12 18 0.05636117 
896 224 8 10 0.05528519 
703 208 9 12 0.051139753 
661 166 9 11 0.048459623 
913 183 8 11 0.047769822 
873 229 8 10 0.04605891 
1012 297 11 15 0.044839144 
950 235 10 13 0.04390685 
828 218 13 17 0.043581232 
963 227 12 14 0.043567937 
315 141 11 13 0.043143973 
918 182 10 13 0.0430809 
958 292 10 13 0.04253517 
912 207 8 11 0.042290084 
764 129 12 18 0.042180218 
463 175 10 13 0.042038426 
913 212 9 11 0.04202441 
750 125 10 14 0.04189427 
32 111 9 11 0.04085549 
903 224 7 10 0.03961944 
773 254 98 143 0.039108943 
546 198 8 13 0.038827363 
1012 173 11 16 0.03800222 
885 228 9 11 0.03798014 
777 193 24 24 0.03796209 
942 200 9 12 0.037488844 
334 176 10 12 0.036493294 
989 229 8 11 0.03619078 
942 190 8 10 0.035769805 
786 187 15 19 0.035384003 
839 226 12 15 0.035062436 
771 194 17 19 0.03498463 
760 116 10 14 0.034187037 
914 229 7 10 0.03379063 
965 204 9 13 0.033537593 
853 259 10 14 0.03349082 
869 246 10 12 0.033324257 
920 224 8 9 0.032841615 
731 429 46 56 0.032584693 
662 171 9 12 0.03195635 
903 229 8 10 0.031726226 
904 215 8 10 0.03165212 
920 237 9 13 0.031597733 
927 224 7 9 0.03141592 
773 216 14 19 0.03083401 
175 289 15 18 0.030759359 
829 292 12 17 0.030719146 
926 230 8 9 0.030514058 
776 397 45 67 0.02988553 
671 159 10 11 0.029785315 
929 199 8 11 0.02972833 
584 371 17 17 0.029600954 
694 183 8 10 0.029307898 
794 311 54 86 0.028870845 
758 112 10 11 0.028440993 
943 184 7 10 0.028429084 
673 182 10 13 0.028069714 
759 124 12 17 0.027739748 
751 111 10 12 0.02754254 
678 176 9 10 0.02746792 
938 183 7 10 0.027431302 
136 205 9 11 0.02741325 
756 119 19 29 0.027294789 
990 224 8 10 0.027247513 
927 214 8 11 0.027239243 
56 109 10 12 0.026364766 
758 475 12 16 0.025836322 
549 164 9 13 0.025801938 
6 189 11 16 0.025641691 
952 214 9 12 0.02556545 
917 208 10 12 0.025461635 
871 224 8 11 0.02543812 
889 214 8 10 0.025314273 
848 212 21 25 0.02501153 
944 223 9 10 0.024854477 
773 204 23 26 0.024756761 
779 369 15 20 0.024702026 
652 230 20 27 0.02468561 
895 215 8 10 0.024669955 
918 177 9 11 0.024503995 
839 389 12 16 0.024501935 
579 364 32 31 0.024439951 
912 224 8 9 0.024163596 
938 190 8 10 0.024109762 
552 219 10 13 0.024103085 
705 169 8 9 0.023921946 
589 147 10 13 0.023870528 
935 237 9 11 0.023865512 
696 190 8 11 0.023701174 
847 179 10 13 0.023616081 
565 165 11 13 0.023280343 
936 199 10 12 0.023018202 
829 180 10 14 0.02294013 
905 199 8 11 0.022903325 
763 190 18 24 0.022812111 
677 188 9 12 0.022726037 
839 216 19 23 0.022686018 
677 160 8 11 0.022634134 
863 237 11 13 0.022633435 
860 215 12 15 0.02255585 
974 165 12 15 0.022357998 
821 188 11 14 0.02225712 
750 117 11 14 0.022221407 
607 167 10 12 0.022139365 
1012 219 10 13 0.02212812 
668 416 61 66 0.021995543 
888 244 9 12 0.021698976 
566 152 9 10 0.021677151 
964 235 10 13 0.021603985 
951 223 9 10 0.021407608 
336 144 7 9 0.021404056 
935 231 7 10 0.02138145 
334 329 29 30 0.021228911 
928 206 8 10 0.021217577 
673 188 9 12 0.021075118 
763 475 14 17 0.02103878 
663 159 9 11 0.02094859 
551 148 9 11 0.020888038 
764 118 11 15 0.020843564 
906 206 8 11 0.02073206 
758 157 9 12 0.020682745 
336 150 9 11 0.020643443 
880 234 10 13 0.020602357 
560 150 8 10 0.020578723 
655 191 10 12 0.02057725 
888 206 9 12 0.020492956 
641 213 23 27 0.02041763 
828 207 11 14 0.020346588 
596 141 10 12 0.020284722 
894 246 8 11 0.020239608 
751 355 43 55 0.020060815 
696 197 8 11 0.020050935 
