59_peopledrivingcar_peopledrivingcar_59_690
17
294 251 41 64 0.9930647 
748 293 43 63 0.98653793 
85 173 397 484 0.58215475 
114 280 226 294 0.070600435 
336 259 229 207 0.048658013 
741 301 31 48 0.048598066 
395 156 423 532 0.044008993 
284 159 354 392 0.03557624 
775 312 38 42 0.03453223 
209 308 255 289 0.03387202 
583 51 12 15 0.031704877 
532 54 12 15 0.031567864 
13 71 10 13 0.029005108 
573 51 12 14 0.02678817 
696 452 95 131 0.023785537 
532 36 12 16 0.022962077 
565 37 12 15 0.020446494 
