59_peopledrivingcar_peopledrivingcar_59_532
159
132 51 21 29 0.9780498 
141 348 283 318 0.96917766 
61 86 26 31 0.9589804 
0 74 21 28 0.9236968 
95 52 21 27 0.8633034 
172 90 21 27 0.85690874 
231 52 23 28 0.8428456 
298 72 18 23 0.5870394 
502 90 12 17 0.56501234 
671 101 11 15 0.513177 
381 97 16 19 0.5107205 
877 82 15 17 0.46947923 
209 108 17 20 0.22933756 
816 81 14 18 0.21341835 
777 110 23 30 0.14922582 
403 83 12 16 0.14014009 
942 127 14 18 0.13996148 
514 112 14 17 0.13826136 
785 127 15 19 0.12567598 
715 126 13 16 0.12509882 
50 84 25 31 0.1187622 
872 114 13 17 0.11191983 
853 23 14 20 0.10153383 
696 101 9 11 0.09401089 
422 70 10 13 0.09342322 
551 141 189 244 0.091578275 
652 100 13 16 0.09081122 
588 80 16 20 0.08719479 
973 97 12 16 0.08394708 
686 110 11 14 0.07839208 
712 95 9 12 0.06983594 
463 52 11 15 0.067471735 
709 139 15 20 0.066418566 
991 0 30 30 0.06500572 
701 100 9 12 0.063246794 
258 122 16 21 0.059252474 
289 378 237 294 0.057706974 
558 87 11 15 0.05607563 
581 55 11 14 0.055405606 
841 106 12 14 0.053843524 
899 132 14 17 0.053351525 
662 98 16 19 0.052930333 
386 103 14 18 0.0528317 
508 86 12 16 0.05211901 
678 96 9 13 0.052117348 
531 212 33 51 0.050798606 
980 92 13 15 0.050401744 
287 72 24 30 0.0502057 
539 84 13 17 0.04981704 
341 70 14 18 0.04942937 
398 87 14 17 0.047951158 
464 78 10 13 0.046279084 
235 45 16 20 0.0456334 
739 134 16 21 0.044796273 
177 82 26 31 0.043086752 
516 82 12 16 0.042764302 
445 118 188 233 0.042247273 
342 460 34 35 0.041660827 
875 119 13 20 0.040431693 
467 85 12 14 0.04016195 
871 78 14 17 0.039896112 
564 93 13 18 0.039549816 
768 96 40 53 0.038650624 
734 124 26 35 0.038317718 
675 104 12 16 0.038306855 
290 7 401 473 0.03736762 
111 16 237 265 0.03647845 
347 73 13 16 0.035751868 
577 225 211 233 0.035653513 
780 106 16 22 0.03563316 
718 12 12 14 0.03462378 
851 77 13 16 0.034095846 
987 92 12 15 0.03267213 
653 27 14 18 0.03261542 
205 100 18 22 0.032078374 
84 62 25 30 0.032017365 
872 89 25 32 0.03170119 
703 96 8 11 0.03148709 
862 123 12 16 0.031217905 
724 99 12 15 0.03082134 
742 123 13 18 0.03074715 
468 45 10 14 0.030737797 
598 59 13 15 0.030465782 
255 121 30 37 0.030350761 
381 187 91 126 0.030300872 
763 67 13 19 0.030264167 
850 1 18 19 0.030218208 
217 109 14 17 0.030061008 
718 100 11 14 0.030028818 
881 78 14 16 0.029767301 
749 108 11 15 0.02948088 
392 202 58 77 0.029465668 
744 109 10 14 0.029144557 
687 102 10 13 0.029026872 
549 85 11 15 0.028836932 
879 86 17 20 0.028539643 
470 38 9 12 0.028504096 
641 330 13 16 0.028459175 
861 108 12 15 0.028320653 
440 182 25 33 0.028178105 
597 52 12 15 0.027996462 
583 78 14 17 0.02796332 
746 171 13 15 0.027752668 
7 69 17 20 0.027729928 
536 89 12 17 0.027649488 
711 85 10 12 0.027431367 
388 94 13 17 0.02714483 
711 22 12 15 0.027107958 
499 178 107 137 0.02693502 
686 93 10 13 0.02690243 
615 105 24 30 0.026781151 
461 31 10 13 0.02677737 
314 76 15 18 0.026758797 
202 107 28 33 0.026272543 
715 25 12 16 0.02625699 
677 334 14 18 0.026231015 
663 84 13 15 0.026216287 
377 93 14 18 0.026160246 
840 137 13 16 0.026024157 
712 78 10 14 0.025805684 
164 75 26 35 0.025549836 
85 51 19 24 0.025459064 
72 71 26 32 0.02534156 
685 73 14 17 0.025339197 
967 91 14 17 0.02530867 
743 64 24 29 0.025261104 
716 120 12 14 0.025163695 
692 73 12 16 0.025118757 
814 6 13 15 0.025084598 
574 77 11 14 0.024740204 
466 206 34 42 0.024710055 
-1 69 15 23 0.024466915 
577 59 11 14 0.024071328 
742 59 14 17 0.02386874 
943 82 11 14 0.023583565 
479 71 8 12 0.023481598 
1013 125 10 14 0.022816794 
772 2 230 254 0.022436677 
742 66 14 17 0.022257859 
679 75 11 14 0.022141682 
248 116 25 33 0.02212516 
53 81 44 55 0.022115964 
694 132 11 14 0.02202609 
811 27 16 19 0.02196851 
691 109 12 14 0.021916816 
792 163 12 15 0.021693045 
327 36 10 14 0.02167285 
643 76 14 17 0.02145729 
373 181 17 21 0.021335647 
467 108 13 15 0.021233682 
841 163 11 14 0.021193089 
719 69 10 13 0.02110085 
606 69 13 16 0.021001551 
606 84 14 17 0.020733962 
893 127 23 28 0.020555682 
748 115 12 20 0.020219345 
756 60 15 19 0.020167638 
671 54 10 12 0.020141313 
828 119 23 28 0.020086115 
