59_peopledrivingcar_peopledrivingcar_59_763
320
441 217 50 55 0.99449277 
746 418 72 97 0.9855306 
453 82 14 17 0.5066895 
567 141 11 14 0.37133154 
422 33 12 15 0.23430307 
596 141 12 15 0.20657663 
579 119 12 15 0.18807408 
518 61 14 18 0.17512535 
597 102 12 15 0.17126258 
51 23 18 21 0.14757676 
636 188 12 15 0.14024583 
622 136 13 17 0.13682748 
528 130 12 14 0.12964477 
431 20 9 12 0.12842005 
397 26 14 17 0.12335691 
436 69 11 14 0.10537388 
563 75 13 16 0.10514465 
647 172 12 15 0.104945086 
574 198 13 16 0.10052067 
638 195 11 14 0.099467546 
501 58 12 16 0.09779411 
21 456 462 528 0.096255854 
598 116 12 15 0.09556578 
478 154 13 16 0.09282039 
624 195 11 15 0.09072465 
677 169 14 17 0.09028096 
485 66 12 15 0.08730609 
524 85 11 14 0.08477606 
405 2 13 15 0.0796443 
644 228 14 17 0.07840445 
672 87 9 11 0.078035064 
685 189 13 16 0.07493577 
652 166 11 13 0.07372523 
588 173 11 14 0.073460914 
464 69 10 13 0.07268937 
668 111 10 13 0.072580166 
597 212 11 13 0.07133531 
621 202 12 15 0.06952873 
381 21 10 13 0.06927675 
644 147 11 13 0.06875907 
566 152 14 18 0.06540309 
664 115 11 13 0.06423921 
607 165 10 13 0.063202284 
427 30 11 14 0.063171834 
213 0 16 15 0.062718965 
460 79 11 15 0.062207527 
493 106 12 15 0.061482094 
612 173 11 14 0.06094514 
639 204 12 13 0.059650846 
487 368 29 35 0.058157902 
614 205 12 15 0.05771758 
626 133 12 16 0.057261504 
581 180 13 17 0.057126004 
476 82 13 15 0.054531187 
646 132 10 13 0.053998265 
397 63 11 13 0.05397368 
519 55 12 15 0.05238526 
536 54 11 14 0.051916245 
70 118 11 13 0.05144538 
615 131 14 18 0.051430702 
568 198 12 15 0.05052436 
535 210 13 17 0.04908613 
519 91 12 14 0.049058504 
508 132 13 16 0.048852906 
647 156 11 14 0.048778508 
577 202 14 18 0.04759624 
576 188 12 15 0.04750795 
616 85 9 12 0.0473051 
624 309 10 13 0.04700915 
479 123 10 13 0.046412162 
631 184 12 15 0.045137007 
554 172 15 18 0.045015626 
379 36 12 15 0.044876363 
603 140 11 14 0.04459769 
491 133 17 20 0.043917097 
436 22 9 12 0.043267667 
494 30 11 14 0.04318537 
439 65 10 13 0.042459782 
638 212 12 13 0.04234456 
647 127 10 12 0.042185612 
488 5 11 13 0.04208632 
573 131 13 17 0.04196117 
574 99 11 13 0.041770797 
179 0 15 13 0.041726165 
703 225 13 18 0.041647837 
614 125 13 16 0.041632354 
465 62 10 13 0.041618958 
452 5 11 13 0.04135748 
524 102 14 17 0.04099644 
451 131 14 18 0.04089175 
691 203 15 18 0.04070855 
614 78 9 11 0.040323794 
445 60 10 13 0.040299207 
163 0 16 15 0.039507862 
533 203 22 28 0.03898893 
525 55 10 13 0.038914077 
555 213 13 17 0.03887799 
692 243 14 16 0.037673928 
645 178 13 16 0.03751207 
50 131 14 18 0.03741193 
524 235 15 17 0.0371506 
659 203 17 21 0.036758963 
621 158 11 14 0.03655007 
593 107 12 14 0.036487732 
534 20 10 12 0.03629375 
561 139 12 15 0.036277525 
571 162 13 16 0.035631698 
572 220 16 20 0.035582952 
653 158 12 15 0.03556641 
12 20 14 18 0.035471052 
662 125 9 12 0.035445213 
141 24 18 21 0.03498402 
548 30 12 14 0.034834404 
638 84 10 13 0.0346244 
629 221 12 16 0.03460689 
620 126 13 17 0.03417206 
1004 412 16 19 0.0341519 
606 205 12 16 0.03380891 
415 22 10 12 0.033718947 
101 25 13 17 0.033324946 
614 157 11 15 0.033111203 
172 0 14 13 0.032947555 
682 164 15 19 0.032614693 
980 411 11 14 0.03241843 
483 149 13 17 0.032399356 
599 190 11 13 0.03239214 
548 195 12 15 0.032365933 
565 16 11 14 0.032356635 
575 28 10 13 0.032355025 
523 114 14 18 0.032280527 
677 154 11 14 0.032279667 
501 173 11 14 0.032220233 
652 53 10 12 0.032169983 
613 178 11 14 0.032052238 
573 23 10 13 0.032020163 
677 91 12 15 0.031928964 
555 71 24 28 0.03137895 
565 137 19 23 0.031096602 
612 164 11 14 0.03105502 
493 144 14 17 0.031030402 
607 179 12 13 0.030900538 
83 75 12 15 0.030707603 
696 74 10 13 0.030646296 
548 175 16 20 0.030632004 
677 548 11 14 0.030597772 
446 53 12 15 0.030333668 
672 133 11 14 0.030195897 
590 221 12 15 0.030060463 
425 22 9 11 0.029886967 
671 151 12 15 0.029833168 
446 29 9 11 0.029830502 
492 42 14 16 0.02979341 
605 231 13 17 0.029722555 
394 74 15 18 0.029604863 
429 85 15 19 0.029573753 
582 112 10 12 0.029452708 
403 22 13 14 0.02939897 
655 211 14 18 0.029264066 
621 86 9 12 0.029183775 
640 141 12 16 0.029117078 
471 82 11 14 0.028828055 
652 179 11 15 0.02875611 
502 180 13 17 0.028657846 
572 206 22 27 0.028530039 
620 226 15 19 0.028527085 
447 77 14 18 0.028496208 
421 38 15 20 0.02846565 
656 126 8 11 0.028371235 
582 84 11 15 0.028236734 
723 243 11 14 0.028156897 
630 165 9 13 0.027995553 
591 61 11 13 0.027727665 
604 117 11 14 0.027620306 
551 12 10 13 0.027618684 
502 379 208 281 0.02718957 
519 36 10 11 0.027109958 
575 91 13 17 0.02705243 
588 84 10 14 0.026886279 
671 55 8 11 0.02684362 
708 146 12 16 0.02678315 
600 164 10 13 0.026740134 
480 61 11 14 0.0267369 
615 196 11 15 0.026657803 
591 117 11 14 0.026644351 
100 34 14 17 0.026579034 
478 26 12 15 0.026558273 
500 36 10 13 0.026555477 
487 100 13 18 0.026412603 
678 127 9 11 0.026384981 
639 226 13 17 0.026271269 
509 56 19 26 0.02622973 
632 85 9 11 0.026022002 
73 16 24 32 0.025896266 
451 139 14 18 0.02586978 
592 144 12 16 0.025828592 
543 21 11 12 0.025809329 
439 28 10 12 0.025802772 
549 146 12 16 0.025733145 
509 51 12 16 0.02571744 
582 142 11 14 0.025658997 
488 27 9 13 0.025652835 
238 150 9 11 0.025596045 
106 68 16 19 0.025428738 
478 54 10 12 0.025352085 
455 22 11 13 0.02531739 
380 28 12 14 0.025225122 
504 0 10 10 0.025189001 
578 225 16 19 0.025139125 
550 69 10 13 0.02508015 
438 138 28 32 0.025078125 
615 118 12 15 0.025038414 
639 236 14 16 0.025026204 
452 52 13 15 0.02481738 
473 77 20 25 0.024813658 
558 14 13 16 0.02477733 
703 118 9 11 0.024646046 
629 101 10 14 0.024601117 
663 141 10 14 0.024595408 
458 88 13 16 0.024556704 
76 124 11 14 0.024523286 
670 62 8 10 0.024523053 
573 170 12 15 0.024496134 
592 198 10 14 0.024494888 
542 12 11 14 0.024376674 
660 163 11 15 0.024372883 
470 54 11 13 0.024356961 
608 124 10 13 0.024241477 
530 106 14 18 0.024220679 
639 244 12 16 0.02416779 
636 220 13 17 0.024080759 
607 133 12 16 0.023967076 
598 261 10 12 0.023791986 
596 27 12 14 0.023731658 
541 47 13 15 0.023671208 
630 63 10 12 0.023658484 
38 20 11 15 0.023638912 
116 6 13 16 0.023632238 
0 18 12 19 0.023565903 
19 2 13 16 0.023559628 
701 75 10 13 0.02355777 
606 196 12 15 0.023510855 
318 18 11 13 0.023443706 
590 68 9 11 0.023329638 
492 65 12 15 0.023180388 
412 78 12 14 0.023178244 
678 77 10 12 0.023167703 
583 164 11 15 0.023156032 
550 0 10 10 0.02312274 
670 189 11 14 0.023115184 
574 114 20 25 0.023063518 
631 116 10 13 0.022921657 
373 11 12 15 0.022848016 
602 101 12 14 0.022839332 
565 197 23 29 0.022834627 
-1 67 9 14 0.022674765 
615 189 11 14 0.022665583 
621 211 13 16 0.022635473 
186 0 15 15 0.02257751 
703 181 11 13 0.022480235 
687 134 9 12 0.02237901 
592 135 11 14 0.02237677 
621 183 11 14 0.022362538 
685 86 10 13 0.022348396 
548 122 15 18 0.022257017 
455 72 11 14 0.022221148 
631 213 11 15 0.022211842 
639 93 10 12 0.02216615 
494 171 12 15 0.022134395 
598 78 10 12 0.022079961 
416 28 11 14 0.022038683 
477 0 11 12 0.02196757 
687 126 9 10 0.021964695 
579 155 12 16 0.021833919 
495 52 14 16 0.021794464 
524 77 13 15 0.021736696 
411 5 10 12 0.02172831 
557 132 13 17 0.021701407 
664 94 9 11 0.021656848 
630 108 10 14 0.02162264 
720 125 10 11 0.021581385 
424 13 10 12 0.02155826 
694 173 11 13 0.02130608 
662 197 15 16 0.021286028 
493 124 13 15 0.021268992 
550 211 12 17 0.02120321 
505 204 16 18 0.021182874 
623 100 12 15 0.02114325 
575 110 11 14 0.021140974 
590 124 10 13 0.021118285 
521 108 12 16 0.021037307 
51 12 15 17 0.0209498 
434 91 14 17 0.020912066 
654 147 10 14 0.020862347 
726 124 9 12 0.020808542 
621 173 10 13 0.020771857 
506 185 13 16 0.020765455 
126 79 12 16 0.020762663 
431 62 12 16 0.020744547 
497 137 16 19 0.020639984 
607 93 10 13 0.020627888 
449 183 25 30 0.02059368 
592 212 12 16 0.020587843 
0 18 20 31 0.020559864 
470 117 13 15 0.020518625 
462 53 11 15 0.020516591 
538 59 15 16 0.0204909 
630 93 9 13 0.020476343 
544 173 12 15 0.020347513 
589 167 12 14 0.020273255 
678 98 11 14 0.020243093 
431 73 14 16 0.02024211 
22 35 12 16 0.020235093 
638 69 10 12 0.02019105 
602 108 12 14 0.02015893 
646 60 10 13 0.020107586 
608 42 11 14 0.020088319 
657 116 10 12 0.020074518 
496 177 25 29 0.020068407 
133 5 12 15 0.020056067 
217 164 10 12 0.020032676 
