59_peopledrivingcar_peopledrivingcar_59_283
24
193 48 154 259 0.9981828 
474 156 80 142 0.9927044 
330 132 92 145 0.23981349 
708 297 91 108 0.094007626 
895 410 118 145 0.085807756 
255 94 117 188 0.06137499 
-37 284 403 467 0.060043417 
697 305 58 75 0.05905696 
877 238 35 41 0.05369704 
424 179 174 189 0.04759536 
796 340 207 211 0.043132756 
554 36 262 216 0.027655412 
812 303 51 72 0.027158557 
606 297 225 192 0.026190931 
656 290 113 125 0.025039516 
965 366 10 16 0.023786113 
913 456 70 79 0.023089591 
854 399 111 129 0.021910787 
545 518 36 42 0.021261895 
932 354 48 62 0.021022841 
758 302 73 86 0.020762043 
354 122 138 171 0.020613393 
510 152 96 145 0.020606404 
-11 247 210 262 0.020154601 
