10_People_Marching_People_Marching_2_277
669
48 187 47 62 0.9072574 
914 186 20 22 0.67319334 
868 193 17 21 0.67045134 
371 186 23 27 0.65974295 
334 180 16 19 0.6414119 
975 193 14 17 0.6333791 
266 173 13 15 0.6255616 
820 189 16 21 0.61703765 
840 182 22 29 0.61097425 
624 188 25 33 0.6089272 
1010 186 12 16 0.60628074 
432 184 24 31 0.5033976 
470 178 14 19 0.5031666 
942 186 12 16 0.45778948 
492 202 12 17 0.44222605 
236 178 12 14 0.4324734 
556 210 13 19 0.42744705 
676 194 17 21 0.42325228 
921 191 17 22 0.42194402 
559 179 10 13 0.4047319 
262 175 12 17 0.3532863 
532 180 13 16 0.3096192 
742 195 9 13 0.2860526 
947 235 14 18 0.28544012 
945 218 14 17 0.2835094 
960 179 10 13 0.25860047 
196 263 17 21 0.23601651 
715 233 15 19 0.2285754 
996 194 10 14 0.22837912 
381 254 21 27 0.22071767 
345 228 24 30 0.21866438 
394 236 14 18 0.21556361 
874 235 15 21 0.20823556 
683 197 16 23 0.1960131 
312 188 11 14 0.19019239 
779 201 13 17 0.18915908 
717 189 10 13 0.18771173 
523 320 16 21 0.1825712 
20 205 12 15 0.18233185 
414 252 13 17 0.18120101 
712 188 10 13 0.18056259 
514 198 17 21 0.17514983 
931 195 13 18 0.17435144 
763 194 17 19 0.17357281 
933 186 13 17 0.15671693 
534 509 12 15 0.15481324 
771 195 15 18 0.14919686 
504 196 21 26 0.14285362 
107 168 31 40 0.13933234 
0 265 9 17 0.13658307 
691 202 12 18 0.13638923 
313 272 23 31 0.13373828 
475 184 13 17 0.12681402 
855 210 14 18 0.12664074 
581 212 9 12 0.12033071 
611 161 13 16 0.11921092 
261 166 15 19 0.11694813 
683 180 12 13 0.11621534 
964 176 9 11 0.11490971 
541 229 11 14 0.11022445 
449 292 18 22 0.10949446 
667 266 19 21 0.109412424 
703 187 10 14 0.10935153 
998 286 11 15 0.108078286 
701 182 10 13 0.10693849 
991 190 12 17 0.10651098 
279 159 10 12 0.10566624 
887 179 12 14 0.104908235 
486 197 14 19 0.10368105 
607 202 14 17 0.1030428 
223 215 9 11 0.10216877 
1007 215 10 13 0.10125113 
422 178 27 31 0.099489026 
803 196 10 14 0.09943976 
589 305 16 18 0.09940286 
540 180 10 14 0.098218136 
742 204 10 15 0.09648046 
385 188 15 20 0.09578171 
889 202 16 21 0.09514865 
5 204 14 17 0.09478476 
385 239 21 25 0.09276826 
547 306 15 17 0.091444336 
816 356 12 15 0.09117155 
14 204 13 17 0.090838924 
522 202 13 18 0.09007037 
525 208 12 18 0.08889064 
983 182 10 12 0.08730193 
293 197 11 14 0.087278165 
495 175 9 12 0.08706972 
240 186 12 15 0.08683933 
277 199 10 13 0.08642263 
720 196 10 13 0.086026415 
588 188 12 15 0.0859884 
569 197 10 13 0.0849426 
23 172 10 12 0.08473613 
483 307 16 18 0.084667474 
551 401 25 30 0.08416333 
562 257 12 17 0.08332604 
187 251 25 30 0.08321802 
941 223 20 24 0.08291885 
174 189 9 13 0.08258755 
256 173 13 16 0.08257109 
573 241 11 16 0.081387535 
191 266 27 34 0.08096208 
576 160 8 10 0.07842168 
238 167 10 13 0.078287214 
513 430 12 14 0.07826491 
715 183 11 14 0.07807672 
25 168 8 11 0.07795619 
781 225 15 18 0.07747999 
608 196 22 29 0.07741832 
96 268 55 62 0.07714566 
714 222 13 16 0.07667387 
631 163 11 13 0.07661214 
982 230 13 17 0.07649481 
668 314 17 21 0.076452285 
397 202 14 22 0.07593246 
253 214 10 13 0.07585022 
660 213 16 20 0.07542063 
735 190 13 16 0.07420585 
892 177 12 16 0.073486395 
291 204 12 14 0.07326114 
101 208 29 38 0.07321217 
886 259 14 20 0.07306157 
1005 225 12 16 0.07266727 
888 217 16 19 0.071197115 
992 290 10 14 0.07102571 
891 197 12 16 0.070708685 
253 142 10 12 0.06973666 
200 206 8 11 0.069210365 
288 367 10 14 0.068600625 
1 150 8 12 0.06741592 
551 164 10 11 0.06721433 
855 186 22 27 0.065646544 
365 186 18 22 0.065189466 
600 428 16 19 0.06470573 
167 197 9 13 0.06469625 
877 183 11 13 0.0645643 
293 176 9 11 0.06438252 
290 212 14 17 0.0641352 
749 193 11 16 0.06408721 
349 159 10 12 0.06358728 
486 180 11 14 0.0634655 
780 208 13 17 0.062902026 
355 280 17 23 0.06289707 
583 329 16 19 0.06273334 
402 208 13 18 0.062309694 
520 172 9 12 0.06144568 
669 190 15 19 0.061436612 
553 179 11 13 0.06142028 
499 198 17 21 0.060596075 
607 158 12 15 0.06031861 
274 173 11 14 0.059858777 
279 165 10 14 0.059103906 
30 204 11 15 0.05869687 
499 175 11 12 0.058655433 
527 185 13 16 0.058414433 
564 180 10 13 0.05789782 
245 174 10 13 0.057872567 
288 188 11 13 0.05786832 
695 187 11 14 0.05784954 
343 142 8 10 0.05773844 
654 217 14 18 0.057435 
796 234 16 21 0.057246782 
683 188 14 18 0.056808487 
168 190 10 13 0.05671022 
889 315 10 15 0.056591805 
646 236 12 13 0.056500595 
720 202 11 14 0.05646424 
552 217 13 17 0.056233034 
472 248 24 29 0.05623022 
574 181 10 13 0.05587033 
336 142 8 10 0.055860057 
786 194 15 17 0.055805024 
477 194 13 18 0.055698063 
430 150 10 11 0.055637863 
452 165 13 17 0.055531554 
477 203 13 17 0.055229876 
289 181 10 13 0.055188756 
774 172 12 15 0.055173375 
507 189 16 19 0.05491724 
395 188 13 17 0.0546382 
779 173 15 17 0.054237556 
531 205 12 15 0.053978696 
464 249 17 20 0.053923134 
542 175 10 15 0.053796463 
142 208 14 19 0.05305096 
724 196 12 16 0.052984525 
547 258 15 19 0.052706353 
635 259 22 31 0.052682016 
263 142 7 10 0.05249183 
395 196 13 19 0.052172113 
836 239 16 19 0.052007377 
1012 219 10 15 0.05164149 
527 405 10 14 0.051549606 
980 292 12 14 0.051273275 
344 159 9 12 0.050901335 
302 159 9 12 0.050646808 
455 148 11 13 0.050631218 
316 183 11 14 0.05047601 
591 183 10 14 0.050449338 
414 172 24 28 0.04989463 
784 234 23 28 0.049841058 
711 227 14 19 0.04957612 
366 158 10 12 0.049549997 
276 180 10 14 0.048978187 
773 224 14 18 0.048901726 
671 173 8 11 0.048822425 
316 265 17 21 0.048800927 
351 194 11 15 0.048676282 
273 231 16 18 0.04844384 
243 181 10 14 0.04843937 
212 243 17 19 0.048400223 
288 218 16 20 0.048368346 
662 275 25 31 0.048294306 
296 159 9 12 0.048197284 
93 481 12 16 0.048116915 
857 262 26 31 0.048023142 
254 190 11 13 0.047742184 
635 272 13 17 0.047343045 
395 173 13 16 0.047234178 
830 252 48 54 0.04720508 
315 193 12 15 0.046923526 
396 180 13 17 0.046890315 
318 227 10 14 0.04688519 
959 204 11 15 0.046876967 
574 205 11 14 0.04679707 
582 279 13 19 0.046644486 
302 237 13 17 0.046405397 
681 174 9 12 0.046403155 
484 189 11 16 0.04635128 
329 384 15 20 0.04607785 
861 202 14 19 0.046014972 
347 187 13 18 0.0455357 
383 192 21 28 0.045482595 
618 475 13 19 0.04548026 
661 180 10 13 0.04546051 
989 181 11 13 0.04541375 
539 283 15 19 0.04533634 
950 182 10 13 0.044827808 
486 249 20 31 0.044648755 
583 182 10 14 0.044535253 
141 194 11 17 0.04434767 
258 248 26 30 0.044000555 
199 200 9 10 0.043878786 
661 242 14 17 0.04379086 
642 195 14 21 0.043780506 
557 249 14 20 0.04372463 
557 159 8 10 0.043003373 
173 182 10 13 0.043003105 
548 313 16 20 0.042983554 
488 172 11 15 0.042970512 
421 302 26 31 0.042702638 
949 194 10 13 0.042455934 
350 269 13 16 0.04238621 
964 204 11 14 0.04226483 
490 380 23 29 0.042223606 
525 172 14 17 0.0421326 
192 272 40 55 0.042059936 
989 219 11 14 0.0418593 
709 239 16 20 0.041817155 
446 278 24 29 0.041698966 
126 136 10 12 0.0416161 
998 203 11 13 0.041569058 
509 182 12 15 0.041516945 
1004 236 12 15 0.041406613 
329 142 8 11 0.04135549 
924 176 11 12 0.04126649 
553 205 13 16 0.041214403 
443 183 21 26 0.041022655 
28 166 9 12 0.040911995 
327 174 11 15 0.040721495 
700 205 11 16 0.04059729 
389 182 14 19 0.040495556 
787 354 17 20 0.040494915 
745 174 9 12 0.040305763 
656 181 10 13 0.040265586 
387 206 15 19 0.04009489 
253 148 10 12 0.039845448 
798 190 14 17 0.039821524 
567 243 13 18 0.039682653 
310 142 8 11 0.03966066 
311 221 11 16 0.039620373 
782 284 13 18 0.039431628 
246 258 13 16 0.039403982 
644 242 15 19 0.03918461 
246 166 9 12 0.039070807 
583 269 11 16 0.03906029 
625 202 19 24 0.039027605 
775 187 24 29 0.038793676 
302 196 10 13 0.03873523 
983 220 11 14 0.03854834 
728 180 10 12 0.038529802 
934 271 13 17 0.038300205 
36 202 11 17 0.038218323 
32 197 12 16 0.038167227 
927 252 12 14 0.03769288 
555 414 17 20 0.037659634 
687 199 21 28 0.037568692 
547 248 17 21 0.03755765 
328 186 13 16 0.037505437 
227 351 18 21 0.03750078 
286 378 13 17 0.037392672 
230 160 450 523 0.037379246 
716 356 10 14 0.03727071 
636 163 11 13 0.03726526 
976 287 11 14 0.037162375 
454 156 11 13 0.03715498 
515 189 14 18 0.037002757 
239 160 9 10 0.036585204 
288 174 10 14 0.03645669 
621 147 11 13 0.0363875 
868 300 13 16 0.036380336 
615 251 13 16 0.036312275 
624 451 12 16 0.03629294 
727 176 10 11 0.03628283 
179 272 34 44 0.036254577 
327 206 11 15 0.036141954 
37 210 12 18 0.036134906 
706 266 16 20 0.03613104 
452 203 13 19 0.03607572 
185 258 12 17 0.03607437 
552 159 10 12 0.036052775 
669 435 14 16 0.036022376 
949 261 11 15 0.0359635 
224 167 9 11 0.035800233 
957 261 11 14 0.035638172 
707 250 16 19 0.035328683 
539 259 20 26 0.035302993 
510 167 9 12 0.03530165 
684 289 40 53 0.035099152 
983 269 11 12 0.034944147 
871 183 13 16 0.0349433 
569 151 8 10 0.03492113 
521 251 22 33 0.03490724 
255 167 11 14 0.034863025 
28 159 81 103 0.034796305 
356 164 11 13 0.034794565 
305 189 10 13 0.034708142 
759 199 15 19 0.034704216 
865 258 17 20 0.034514822 
701 175 9 12 0.034506924 
269 282 24 30 0.034297246 
460 169 21 26 0.03426749 
240 194 10 12 0.03417789 
781 176 24 27 0.0339623 
599 150 10 12 0.0336525 
432 143 9 11 0.033648428 
0 237 10 17 0.03350352 
1006 192 12 15 0.033480503 
574 187 11 14 0.033344615 
768 226 13 16 0.033213742 
452 187 13 17 0.03311986 
406 178 12 16 0.033072878 
557 185 11 14 0.032905687 
417 188 27 32 0.032904595 
267 262 18 23 0.03283632 
726 189 10 14 0.032714732 
77 113 26 33 0.032688208 
573 173 11 15 0.032643974 
557 378 13 17 0.032472737 
167 202 11 14 0.032294136 
545 166 9 11 0.03227274 
246 160 8 9 0.032141387 
456 296 16 20 0.032080002 
725 273 14 17 0.032043215 
230 381 26 32 0.03172813 
652 234 13 17 0.031686738 
533 197 12 16 0.031683538 
325 228 10 14 0.031558707 
662 173 11 14 0.031506635 
716 272 15 18 0.031442814 
555 321 14 19 0.031222688 
571 443 16 20 0.031213155 
991 202 11 14 0.031077541 
573 251 12 17 0.03102474 
295 276 29 36 0.031017778 
886 188 12 15 0.030988593 
556 386 15 18 0.03094212 
173 195 10 13 0.030742439 
504 166 9 12 0.030741358 
603 188 14 18 0.030600455 
536 159 8 10 0.030529309 
462 173 12 17 0.03052497 
1015 342 8 11 0.030368365 
961 316 12 15 0.03031368 
843 266 14 16 0.030258449 
943 326 10 13 0.030017769 
575 151 9 11 0.030000415 
358 201 12 16 0.02998519 
527 294 12 15 0.029979369 
787 178 14 15 0.029951828 
926 230 13 16 0.029902302 
310 148 8 10 0.029838463 
612 195 14 18 0.029819382 
523 229 13 16 0.02965869 
455 258 25 29 0.029544113 
963 310 11 14 0.029543793 
621 188 18 21 0.029511645 
732 182 12 13 0.029492902 
160 190 10 12 0.029346554 
-1 494 13 24 0.029248841 
564 202 13 16 0.029084072 
337 159 9 11 0.02905085 
461 155 12 14 0.028987465 
279 188 11 13 0.028922938 
669 181 11 14 0.028910633 
342 149 9 10 0.028908791 
501 179 12 14 0.028740643 
228 214 10 13 0.028520353 
790 272 13 19 0.028437153 
490 458 32 35 0.028297601 
999 221 12 14 0.028277954 
283 275 13 19 0.028269885 
550 381 24 30 0.028135654 
162 195 10 14 0.028098855 
644 251 24 33 0.028075244 
309 357 16 20 0.028028972 
12 599 43 58 0.027810382 
784 397 9 12 0.027797936 
28 173 10 13 0.027795242 
525 168 11 12 0.027762821 
196 223 11 13 0.027762486 
847 191 22 29 0.027726188 
565 316 12 17 0.027702097 
23 177 11 15 0.027701048 
703 198 10 14 0.027679205 
566 189 11 13 0.027669314 
533 288 14 19 0.027657183 
507 251 24 32 0.027645417 
871 260 22 28 0.027642362 
43 194 30 44 0.027597846 
349 171 13 16 0.027582347 
356 171 13 15 0.027577808 
252 251 15 21 0.027561713 
193 205 9 12 0.027550114 
955 211 12 15 0.027491985 
743 181 11 14 0.02745948 
758 242 13 17 0.027447848 
597 174 12 15 0.027368441 
471 165 9 12 0.027263137 
547 226 13 16 0.027261266 
542 150 9 11 0.027146773 
480 313 23 29 0.027141416 
542 380 42 57 0.027112182 
886 251 13 18 0.027084537 
763 269 25 31 0.027069492 
11 205 25 36 0.026877386 
306 182 8 11 0.026778415 
438 286 25 30 0.026684359 
295 141 9 11 0.026673289 
903 189 13 16 0.026660172 
534 167 9 11 0.026524289 
869 229 17 21 0.026494415 
652 242 14 18 0.026371883 
551 175 19 23 0.026253574 
776 270 23 29 0.026200876 
566 349 13 18 0.0261833 
622 181 14 17 0.026163913 
958 198 11 14 0.026094502 
934 188 19 23 0.025989758 
709 205 10 13 0.025952611 
511 316 26 33 0.0256488 
745 189 20 26 0.025584258 
698 256 23 26 0.025578706 
443 230 12 15 0.025501579 
358 180 15 18 0.025448555 
651 257 13 19 0.025416426 
557 164 10 11 0.025396626 
582 362 16 19 0.025394011 
263 159 10 13 0.02531787 
541 221 13 17 0.025288094 
200 192 8 11 0.025283497 
648 219 11 17 0.025248658 
660 165 12 14 0.025235677 
469 156 10 13 0.025205463 
605 180 41 48 0.025185723 
737 201 12 16 0.025165064 
462 185 12 16 0.025157863 
291 189 13 16 0.025155744 
903 191 20 24 0.025096016 
477 313 16 20 0.025068672 
899 181 12 14 0.02504812 
21 206 21 27 0.025034621 
199 210 9 12 0.02499985 
645 190 12 17 0.024968743 
945 179 17 22 0.024960715 
628 170 15 17 0.02488375 
756 236 13 16 0.024847724 
548 354 14 16 0.024759341 
598 194 13 17 0.024739912 
756 155 15 17 0.024711248 
639 248 21 27 0.02468304 
33 188 10 14 0.02466845 
317 339 13 17 0.02463321 
664 189 11 14 0.024596129 
685 395 14 18 0.02453932 
218 287 31 41 0.024529694 
469 185 21 28 0.024464082 
469 150 10 12 0.024417019 
390 165 12 15 0.02438233 
337 149 8 11 0.024374152 
551 188 11 13 0.024365105 
150 173 11 13 0.024313385 
336 165 11 13 0.024259415 
207 246 14 17 0.024255972 
295 298 30 38 0.02418219 
788 420 13 16 0.024171526 
977 181 11 13 0.024153478 
357 407 32 36 0.024132842 
710 195 10 13 0.024089718 
413 429 17 21 0.024082616 
120 151 11 14 0.024010232 
552 196 10 13 0.024009699 
892 188 12 16 0.023974698 
709 364 11 14 0.023928462 
535 236 12 14 0.023882102 
373 163 11 14 0.023863185 
304 150 8 10 0.023825228 
278 221 13 18 0.023799228 
287 196 12 15 0.023758784 
885 225 13 16 0.023688667 
641 438 15 18 0.023650264 
140 516 15 17 0.023628423 
610 506 17 22 0.023594225 
619 526 30 34 0.023581007 
310 164 8 11 0.023567742 
565 330 12 18 0.023508122 
767 178 25 31 0.023450019 
616 248 20 27 0.023424154 
573 324 11 15 0.023349551 
874 241 22 28 0.023348553 
879 176 12 15 0.023340762 
357 158 11 13 0.02332374 
565 293 11 15 0.023285683 
518 179 12 16 0.023253793 
351 403 12 14 0.023233267 
788 300 12 16 0.023222676 
328 159 8 11 0.0231962 
617 158 20 26 0.023183871 
443 338 25 33 0.023143286 
983 263 10 13 0.023054471 
968 195 13 16 0.02305318 
30 180 11 14 0.02302366 
196 247 12 15 0.02296557 
696 174 10 13 0.022962265 
998 182 10 13 0.022933282 
437 142 11 12 0.022932656 
326 167 10 12 0.022928016 
950 206 12 16 0.022916155 
941 268 12 16 0.022912879 
286 165 9 12 0.022888694 
391 230 14 17 0.02287612 
174 222 11 14 0.022815565 
236 260 24 29 0.022783052 
222 275 26 34 0.022761151 
654 187 10 14 0.022691099 
224 172 10 12 0.022688756 
319 149 9 10 0.02267496 
606 277 13 18 0.02266741 
397 208 21 28 0.022664934 
404 236 12 16 0.022655675 
758 343 10 13 0.022646936 
263 233 27 30 0.022642374 
755 180 25 30 0.022626352 
461 165 11 14 0.02259695 
231 158 9 10 0.022571951 
773 202 21 27 0.022531558 
882 193 18 24 0.02251906 
667 249 15 18 0.02246747 
334 352 15 18 0.022375455 
268 265 26 33 0.022364672 
512 173 10 12 0.022364005 
262 196 9 11 0.022358853 
194 199 9 11 0.022348017 
583 152 8 11 0.022312522 
749 180 11 14 0.022293974 
271 289 15 18 0.022273622 
555 307 13 17 0.022257108 
569 158 9 11 0.022222852 
486 215 23 27 0.02218201 
917 342 10 12 0.022175003 
772 226 27 31 0.02212797 
580 157 9 12 0.022127356 
204 263 26 35 0.022118784 
710 213 10 13 0.022111814 
485 222 13 16 0.022073254 
665 196 11 15 0.022063125 
262 150 9 11 0.022048349 
142 155 11 14 0.02204656 
357 373 15 17 0.021998635 
605 149 9 13 0.021975242 
1012 244 12 16 0.021954576 
918 258 12 15 0.021946415 
646 193 20 26 0.021928327 
338 475 14 18 0.02189656 
542 492 14 16 0.02178257 
702 229 13 17 0.02174444 
531 241 24 31 0.021742824 
781 245 26 34 0.021695476 
770 167 91 119 0.021669066 
558 198 10 13 0.021645473 
320 160 9 10 0.021639053 
51 593 51 63 0.021585967 
407 260 13 16 0.02156924 
305 240 17 19 0.021536129 
429 155 12 14 0.021437109 
488 385 15 21 0.021420961 
621 162 12 17 0.02140036 
303 141 10 12 0.021358637 
836 375 11 14 0.021357926 
397 430 13 16 0.021343842 
711 177 10 11 0.02132528 
671 467 12 15 0.021304065 
1015 325 8 12 0.021272395 
909 218 11 15 0.021259313 
89 298 39 48 0.021239758 
321 165 9 10 0.021233702 
356 219 14 17 0.021233652 
544 158 8 10 0.021225154 
159 166 9 11 0.021214008 
175 252 12 15 0.021200484 
901 327 10 12 0.021155465 
220 272 13 19 0.021151727 
567 228 12 16 0.021143036 
479 176 18 24 0.021141209 
152 181 10 13 0.021077204 
711 180 19 23 0.021022748 
630 321 47 59 0.021000335 
379 171 15 17 0.020961344 
210 277 29 41 0.02095606 
671 198 15 19 0.020952484 
679 205 25 33 0.020902963 
933 177 10 13 0.02089551 
957 171 19 23 0.020886106 
578 279 23 31 0.020886056 
280 397 12 17 0.020878097 
693 228 12 18 0.020814324 
738 187 17 23 0.020745903 
478 219 13 16 0.020711629 
592 182 21 25 0.02070049 
580 267 20 28 0.020699132 
501 104 403 475 0.020666903 
209 166 9 11 0.020633025 
533 266 22 27 0.020629749 
627 251 23 30 0.020625396 
382 158 11 12 0.020623667 
575 276 14 18 0.020530952 
395 489 15 20 0.02052843 
616 149 10 12 0.02048006 
874 217 21 28 0.0204303 
121 139 10 14 0.020423688 
836 257 24 29 0.020408131 
490 233 14 18 0.020403206 
989 270 9 11 0.020384554 
534 175 19 25 0.020334706 
557 424 15 18 0.020332277 
166 226 12 16 0.020312259 
261 294 29 37 0.020299193 
682 418 13 17 0.020261344 
1001 213 11 14 0.020244172 
501 450 31 37 0.020229267 
276 275 25 31 0.020156259 
425 172 18 20 0.020153627 
179 463 24 32 0.020124337 
869 375 13 15 0.020080606 
644 215 21 27 0.020059012 
559 152 8 9 0.02004192 
595 294 23 30 0.020041293 
