10_People_Marching_People_Marching_2_898
124
681 592 49 61 0.96328783 
259 797 58 64 0.9617012 
515 708 44 59 0.9575547 
469 868 106 134 0.71712947 
799 651 28 32 0.69663715 
403 813 207 231 0.29962322 
381 686 18 24 0.2677994 
941 673 17 21 0.15365128 
638 761 18 21 0.1516487 
340 777 21 30 0.14752507 
272 810 34 41 0.14413448 
597 798 14 21 0.11997139 
781 652 48 59 0.109627366 
553 609 24 28 0.108207494 
879 656 27 32 0.09363529 
325 719 16 21 0.089966774 
238 764 64 75 0.08804234 
227 739 54 60 0.08280379 
857 574 26 34 0.07992962 
869 532 23 27 0.07740623 
710 542 48 64 0.07304662 
751 802 106 134 0.069212236 
916 586 14 17 0.06331171 
328 711 18 24 0.06190387 
385 771 26 29 0.059324503 
202 775 56 66 0.058574524 
663 879 58 75 0.057826184 
355 808 31 39 0.05435374 
586 632 17 21 0.05379001 
325 650 12 16 0.052517224 
321 701 23 29 0.051234093 
802 825 69 90 0.049141772 
768 635 83 115 0.048665434 
243 681 15 17 0.04865271 
380 658 12 15 0.047555506 
652 613 44 58 0.0466129 
543 661 27 34 0.04256722 
609 696 41 52 0.042509187 
416 749 30 37 0.041495297 
619 731 16 20 0.04137965 
885 654 42 48 0.041241534 
223 795 217 275 0.04101599 
689 564 53 72 0.04071965 
204 707 98 102 0.03983357 
626 748 26 29 0.038629487 
797 594 26 32 0.03848507 
723 620 187 249 0.038207356 
444 701 14 17 0.036367655 
840 683 26 33 0.03614005 
382 762 40 49 0.03611365 
668 636 54 65 0.035334177 
220 673 51 60 0.035032947 
872 579 18 23 0.033494163 
374 652 13 17 0.033193797 
853 730 12 16 0.033149105 
815 656 17 23 0.033143017 
910 696 29 32 0.032781824 
581 640 15 18 0.03274987 
686 821 93 118 0.03269821 
284 643 11 15 0.03208607 
405 706 15 21 0.03196715 
324 613 11 13 0.03184329 
802 552 17 21 0.031689066 
380 692 24 31 0.03148432 
876 662 16 21 0.031253144 
626 717 41 51 0.031073501 
407 699 13 18 0.030867709 
914 592 16 20 0.030777639 
383 617 14 18 0.030681713 
340 675 13 17 0.030472852 
361 620 11 15 0.030031405 
611 688 28 35 0.029993033 
606 773 13 17 0.029855628 
635 909 51 60 0.029427875 
607 572 10 12 0.029258566 
905 660 46 56 0.028843604 
345 703 328 387 0.02849681 
308 832 25 33 0.028451689 
412 846 117 156 0.027944366 
619 731 27 35 0.027609672 
735 654 102 142 0.026650503 
381 773 16 18 0.026361093 
420 757 42 52 0.0259489 
895 646 28 35 0.025769368 
330 650 14 17 0.02559869 
647 675 48 56 0.0254643 
197 760 93 107 0.025419055 
728 842 75 87 0.025096156 
286 797 51 59 0.024881646 
867 658 26 37 0.024706194 
359 692 12 16 0.024439089 
705 538 34 48 0.02433303 
470 789 47 59 0.023808815 
361 794 46 54 0.023753366 
436 775 40 52 0.023705997 
389 670 11 15 0.023703845 
803 598 34 42 0.023542628 
771 684 15 21 0.023481928 
586 650 16 19 0.023461647 
860 722 12 16 0.023281261 
414 685 12 14 0.0231277 
643 774 31 35 0.022756228 
411 692 14 17 0.022703448 
820 652 24 33 0.022514725 
549 615 17 21 0.022237891 
803 640 86 121 0.02175769 
284 662 14 21 0.021708729 
627 689 29 42 0.021678418 
689 811 209 222 0.021674797 
547 652 40 51 0.021629212 
547 659 17 23 0.021341303 
937 735 18 23 0.021293288 
211 784 32 40 0.021292033 
450 794 45 59 0.021278257 
656 628 29 34 0.02120317 
402 777 16 21 0.02112905 
138 370 384 496 0.021072542 
383 625 12 16 0.02089395 
924 554 15 18 0.020642478 
338 737 15 21 0.020509696 
354 751 41 50 0.02028504 
371 612 23 30 0.020280687 
619 751 17 20 0.020248163 
314 824 32 38 0.020149758 
