10_People_Marching_People_Marching_2_496
26
445 164 87 116 0.9983222 
550 146 560 570 0.06302976 
73 673 466 595 0.04737678 
222 286 10 12 0.043224964 
272 287 40 50 0.04156271 
507 -33 410 409 0.03813026 
941 182 21 27 0.030268805 
205 254 11 13 0.029867308 
225 253 10 13 0.02978121 
995 968 27 45 0.029445736 
238 1197 8 11 0.026845912 
472 354 58 76 0.026398249 
900 969 25 40 0.025826322 
255 1246 8 10 0.02546726 
293 53 184 234 0.02500375 
807 1256 10 13 0.024614334 
726 169 128 167 0.024561187 
696 1240 8 10 0.024370532 
905 957 41 60 0.023876155 
889 1143 103 155 0.023703642 
218 1254 9 12 0.023624754 
272 264 10 13 0.022197185 
758 1223 8 10 0.022196637 
603 422 57 57 0.021698548 
720 1232 8 10 0.020548142 
799 1231 8 10 0.020008609 
