10_People_Marching_People_Marching_2_307
155
504 142 103 131 0.99839824 
658 222 52 62 0.9908812 
76 191 66 80 0.96275175 
254 179 84 105 0.85752475 
686 139 15 19 0.5482118 
785 404 30 34 0.3882782 
121 40 52 70 0.3829715 
793 291 16 20 0.33885628 
975 215 47 123 0.27873495 
-1 428 42 88 0.26923892 
707 292 24 30 0.2288845 
726 327 21 25 0.22648074 
725 236 13 20 0.1960693 
122 37 83 119 0.18436955 
780 337 21 29 0.18327382 
715 233 21 30 0.16497423 
779 277 12 14 0.1457642 
732 395 42 51 0.14377923 
739 245 12 16 0.13466127 
812 440 15 21 0.12160186 
846 397 14 18 0.11491882 
702 165 17 21 0.11177597 
301 23 15 20 0.11092851 
647 338 26 32 0.1018409 
347 227 13 19 0.101736546 
824 407 14 20 0.100886256 
941 195 88 167 0.09914764 
808 262 12 14 0.09274145 
874 170 14 19 0.08642926 
836 171 13 18 0.08414929 
726 237 23 30 0.08026151 
781 404 14 22 0.078454606 
774 210 12 15 0.076989904 
742 295 11 16 0.07696706 
141 360 106 168 0.07378965 
869 174 24 32 0.07102114 
626 200 27 44 0.068301775 
58 15 96 109 0.066655524 
730 445 34 38 0.06631764 
780 196 15 18 0.06571612 
6 -8 107 110 0.06215304 
158 381 51 85 0.0543965 
301 11 11 14 0.05367529 
770 186 14 17 0.052882094 
747 268 12 14 0.04957266 
716 336 15 18 0.048635628 
773 193 13 17 0.048513185 
972 446 34 47 0.04813295 
626 426 179 230 0.046956148 
774 402 24 35 0.04689749 
751 261 12 15 0.04537597 
112 78 59 84 0.04520859 
622 158 13 18 0.045159042 
711 242 14 19 0.0451122 
834 178 11 16 0.044984795 
342 229 23 30 0.04253227 
859 481 17 21 0.041734826 
843 375 15 18 0.041496813 
923 143 13 16 0.041438427 
758 322 13 17 0.041123845 
714 222 13 17 0.040537827 
49 232 46 61 0.03959197 
789 416 33 39 0.03914802 
225 211 54 83 0.038002282 
617 207 25 35 0.037887637 
772 371 15 20 0.036780614 
854 169 40 53 0.03643168 
759 202 10 12 0.03639897 
807 348 11 16 0.035665024 
775 345 15 21 0.03495078 
884 431 11 14 0.0344857 
876 434 14 17 0.03448317 
833 402 23 30 0.034404997 
769 299 14 18 0.034200314 
714 410 48 55 0.03342148 
717 385 45 51 0.03277167 
772 250 11 15 0.032604072 
294 25 16 20 0.03254313 
788 252 14 18 0.032230448 
710 422 28 37 0.03208376 
809 253 12 16 0.032060802 
60 214 58 72 0.031846333 
750 251 11 15 0.03155592 
12 320 13 19 0.031077364 
757 253 11 14 0.030289216 
710 220 21 28 0.030197568 
635 208 43 57 0.030153224 
718 434 32 37 0.029816894 
858 171 174 238 0.029586717 
764 178 18 21 0.02905087 
693 167 23 27 0.028701453 
635 232 46 63 0.02836801 
744 386 34 40 0.028367514 
727 317 14 18 0.028148955 
842 247 26 42 0.027936976 
718 386 13 16 0.027935421 
119 56 15 18 0.027866635 
759 276 13 15 0.027503552 
730 230 13 16 0.027487816 
114 73 24 35 0.027101094 
787 333 15 19 0.027086945 
118 45 30 37 0.026668431 
736 334 18 22 0.026622895 
808 401 24 31 0.026410678 
757 245 11 15 0.026403451 
790 212 11 15 0.026372066 
741 287 23 30 0.0259008 
883 473 11 15 0.025881607 
797 280 12 14 0.025469385 
717 320 24 28 0.025433948 
817 211 17 20 0.02540931 
152 43 96 119 0.02511888 
836 234 17 22 0.024410056 
877 396 13 17 0.024309715 
121 82 14 20 0.024145572 
769 212 11 14 0.024102518 
706 375 43 48 0.023890125 
351 182 9 12 0.023569025 
361 344 17 23 0.023566218 
172 524 12 15 0.023503652 
748 162 13 16 0.023436712 
722 239 48 64 0.023405911 
879 470 12 15 0.023077426 
860 218 14 20 0.02276571 
143 92 37 51 0.02263691 
800 436 26 33 0.022618473 
865 476 17 20 0.02251694 
857 174 25 33 0.02218908 
628 163 12 16 0.02215768 
794 336 14 19 0.022085065 
764 168 17 18 0.022040248 
846 415 12 17 0.02191594 
-35 -18 186 193 0.0218866 
869 163 14 18 0.021810655 
130 126 50 75 0.021556342 
831 235 13 18 0.021551335 
616 248 34 43 0.021511082 
791 344 26 34 0.021484446 
581 172 28 40 0.021369051 
411 371 15 23 0.021261895 
792 218 11 14 0.021176416 
831 351 9 13 0.021146066 
770 187 21 27 0.021116689 
797 218 12 15 0.021109242 
797 409 21 24 0.021101836 
820 205 14 16 0.020950083 
235 316 15 19 0.02093093 
317 218 54 76 0.02088035 
927 160 13 18 0.020870633 
988 243 35 64 0.020666111 
353 79 86 115 0.02058843 
774 272 19 24 0.020363908 
838 370 16 18 0.020332666 
316 179 13 15 0.02023779 
845 386 25 30 0.02010731 
