10_People_Marching_People_Marching_2_316
37
38 -15 173 221 0.9883123 
636 22 203 184 0.8737873 
355 67 183 218 0.78789973 
220 68 172 232 0.6819248 
379 141 236 234 0.469793 
85 -2 229 246 0.39144328 
878 181 113 165 0.3881381 
840 15 120 116 0.34136447 
700 31 210 238 0.18026851 
728 268 117 161 0.1480195 
790 75 210 225 0.14489901 
404 241 152 133 0.14245285 
404 87 96 106 0.12359983 
-11 326 211 281 0.10533431 
-69 258 388 457 0.09871793 
547 193 200 223 0.095384024 
359 241 266 245 0.054763176 
521 229 143 167 0.044756614 
0 352 37 98 0.042691924 
893 1 109 129 0.0423872 
496 -13 358 418 0.037736196 
885 258 78 92 0.031868562 
915 243 101 139 0.027973587 
82 431 53 68 0.027267894 
431 30 228 287 0.026711855 
300 98 161 183 0.026097 
-12 344 94 184 0.026028324 
29 236 225 251 0.025474526 
638 220 181 223 0.02538143 
118 203 64 64 0.024609609 
752 182 177 230 0.024329755 
433 94 137 162 0.02366557 
91 216 61 60 0.022787139 
965 187 26 31 0.022647867 
322 264 322 442 0.021690875 
584 49 219 270 0.021482818 
773 -3 153 149 0.021194002 
