10_People_Marching_People_Marching_2_259
930
560 462 17 21 0.9630746 
327 249 13 17 0.9274473 
164 459 18 23 0.90563196 
393 462 17 22 0.8836657 
451 469 15 20 0.8677758 
51 363 15 22 0.8669238 
677 461 17 22 0.85527766 
748 416 12 15 0.85463566 
610 365 15 17 0.84640276 
336 471 15 20 0.8359345 
606 276 15 19 0.81936496 
801 406 14 17 0.80060476 
534 414 12 16 0.7981807 
262 407 13 17 0.7723686 
734 462 16 20 0.76516753 
420 282 13 18 0.73245883 
347 361 14 18 0.71619105 
786 463 15 18 0.70984405 
397 363 14 17 0.70016044 
618 464 16 20 0.6912752 
557 284 12 16 0.6870069 
688 414 12 15 0.6852891 
625 205 10 13 0.6832373 
225 464 16 18 0.67875206 
474 404 15 21 0.67551434 
498 362 15 19 0.6703978 
627 257 13 16 0.6696744 
205 405 15 19 0.66924244 
711 276 12 17 0.6674017 
892 396 14 20 0.6550767 
282 470 15 19 0.64225537 
418 405 18 22 0.6329519 
329 210 10 14 0.632713 
885 464 14 18 0.6236927 
591 320 12 16 0.6164097 
146 402 16 21 0.60609436 
683 356 15 19 0.6054422 
366 398 22 27 0.59770983 
430 261 12 15 0.5871018 
506 463 16 20 0.5553755 
667 277 13 18 0.54167235 
555 353 15 18 0.5400879 
852 401 15 20 0.5392972 
252 383 11 13 0.53142834 
364 204 10 12 0.5303215 
941 411 15 21 0.5160088 
363 277 13 18 0.5056018 
314 407 13 17 0.5044275 
637 420 15 19 0.4693616 
403 172 9 13 0.46573564 
588 420 14 17 0.44841105 
319 280 13 18 0.4339745 
836 469 13 16 0.42570186 
669 413 13 15 0.42131078 
236 369 11 13 0.39134836 
684 259 14 16 0.3870564 
429 196 11 15 0.3864422 
703 321 13 16 0.37184072 
639 320 12 16 0.36483568 
860 312 14 19 0.3637744 
270 273 12 17 0.35714447 
626 341 12 16 0.35188654 
93 463 15 19 0.34691665 
486 159 9 11 0.33993077 
458 421 14 18 0.33268225 
280 206 10 12 0.3282621 
468 325 12 16 0.3263852 
451 288 13 16 0.32612988 
665 207 11 15 0.3007734 
341 311 12 16 0.29176763 
297 365 11 14 0.2888416 
175 363 14 18 0.2732016 
702 380 10 14 0.2514019 
444 355 14 18 0.24844436 
644 277 13 18 0.24844396 
802 355 14 18 0.2482951 
288 226 11 14 0.24276513 
760 199 11 14 0.23592567 
445 173 10 14 0.23080118 
226 426 15 20 0.22953075 
312 381 12 15 0.22478278 
204 208 14 18 0.22336276 
483 309 12 15 0.21848582 
534 256 10 13 0.20510861 
494 432 16 21 0.20329851 
821 379 10 13 0.20248248 
484 386 11 15 0.1982682 
475 266 16 19 0.19224416 
122 278 14 17 0.19201714 
787 380 13 16 0.19173321 
395 307 11 15 0.19052191 
167 230 10 13 0.19009921 
597 388 12 15 0.18324065 
552 435 12 17 0.17565385 
568 174 9 12 0.17054297 
284 317 11 14 0.17001648 
581 484 14 17 0.16345897 
707 219 10 13 0.16272172 
918 361 14 18 0.16156204 
747 355 12 16 0.16094808 
311 467 12 15 0.15971132 
557 200 14 18 0.15811342 
757 204 11 14 0.15720338 
492 356 17 22 0.15657845 
429 379 13 17 0.15344003 
1011 475 12 17 0.1518158 
589 198 10 14 0.1424706 
499 289 11 14 0.14199238 
447 283 13 18 0.14113078 
313 393 16 21 0.13697967 
525 175 9 11 0.13573441 
348 312 12 15 0.13539991 
413 315 12 14 0.13470392 
465 309 11 15 0.13409786 
731 433 12 16 0.13236868 
236 357 11 13 0.12915061 
637 412 13 16 0.12894838 
412 387 13 16 0.12708236 
430 373 12 15 0.12550005 
622 452 14 17 0.12526803 
718 447 13 19 0.12341005 
277 388 12 15 0.123376384 
856 294 10 13 0.12106904 
662 442 14 18 0.12046483 
430 339 12 18 0.11918302 
849 387 24 30 0.117066294 
579 341 11 16 0.11693069 
564 196 17 21 0.11646462 
276 268 15 19 0.11612636 
518 434 15 20 0.11487817 
799 262 9 12 0.11402262 
658 456 15 19 0.1139849 
909 362 13 16 0.11325786 
664 380 12 17 0.112314224 
219 383 11 14 0.111009784 
963 468 12 15 0.1109338 
656 340 10 14 0.11062975 
608 357 12 14 0.10971348 
892 390 12 17 0.109440565 
775 286 10 14 0.10659476 
294 414 10 13 0.10550376 
629 385 12 16 0.104215614 
492 473 12 15 0.10290164 
847 294 9 12 0.102307245 
797 223 9 13 0.101006694 
492 180 14 19 0.09980592 
203 214 17 22 0.09968291 
527 323 12 16 0.09927491 
336 428 21 27 0.09884163 
443 277 13 18 0.098624654 
348 350 12 16 0.09709947 
623 438 11 15 0.09657343 
463 382 13 17 0.09625291 
917 369 12 16 0.095974565 
286 258 15 19 0.094821505 
724 449 14 17 0.093408614 
516 313 11 16 0.093138546 
505 363 12 16 0.09303721 
287 299 10 13 0.09255095 
380 305 13 16 0.09166495 
763 382 12 14 0.08998337 
215 387 11 14 0.08873157 
396 431 17 21 0.08778753 
932 385 11 16 0.086791955 
206 398 12 15 0.08659182 
350 283 11 15 0.08588697 
571 253 12 17 0.08545995 
912 548 25 30 0.08483678 
684 294 13 15 0.084805734 
838 462 12 16 0.0833166 
732 414 12 15 0.08233868 
751 285 11 14 0.08218427 
623 458 15 20 0.08183255 
686 407 13 15 0.081321426 
700 301 11 15 0.0812035 
438 361 12 16 0.08024356 
763 387 14 17 0.07964025 
344 266 11 14 0.0794611 
782 420 13 16 0.07929694 
261 397 14 18 0.07907778 
407 284 11 16 0.07867876 
837 422 12 15 0.078660734 
804 398 12 15 0.07844276 
511 183 11 13 0.07832644 
608 339 10 13 0.07830133 
545 341 11 16 0.07761312 
540 381 12 17 0.07759189 
742 349 12 15 0.07704406 
675 430 12 14 0.0769705 
166 234 12 17 0.0769069 
243 429 13 17 0.07664271 
283 380 11 14 0.07622004 
575 302 10 14 0.07557893 
644 413 12 15 0.0752566 
726 380 12 16 0.07512494 
515 387 13 17 0.074746825 
110 475 13 17 0.074714184 
783 262 10 13 0.0744617 
299 356 12 16 0.07391662 
256 300 11 16 0.07388362 
391 314 11 16 0.07387609 
550 359 13 16 0.07325271 
114 316 15 18 0.072958134 
254 394 12 16 0.072834425 
92 447 14 17 0.072770216 
532 312 14 19 0.07272842 
476 185 13 16 0.07248288 
194 389 13 17 0.0723422 
191 394 13 18 0.07218061 
651 284 11 15 0.07208723 
484 324 12 16 0.07138981 
709 440 16 24 0.07048136 
180 358 13 15 0.06938954 
370 387 23 28 0.06921322 
363 337 14 18 0.068893194 
715 281 11 15 0.06873484 
307 267 13 18 0.068379216 
523 196 15 19 0.067792416 
244 409 12 15 0.067763135 
432 364 12 14 0.066878274 
782 385 12 16 0.06575685 
734 307 11 14 0.06552735 
764 394 14 18 0.06536299 
397 337 12 17 0.06525227 
692 340 11 14 0.06511426 
382 248 13 17 0.06481674 
236 427 14 19 0.06405684 
813 256 9 13 0.064051725 
591 310 12 15 0.06346723 
865 309 14 17 0.06336714 
489 362 13 16 0.06294223 
708 434 15 20 0.06274323 
790 243 12 16 0.06263892 
251 376 13 14 0.062612385 
468 314 12 17 0.062428623 
283 461 14 17 0.06238006 
657 363 9 13 0.062313367 
690 252 13 17 0.062085737 
172 247 14 19 0.062001634 
623 307 11 15 0.061930627 
301 340 12 15 0.061853904 
685 348 15 19 0.06152891 
390 439 24 29 0.061467595 
350 292 10 13 0.06131036 
248 372 10 13 0.06125911 
355 364 11 15 0.061000578 
679 268 14 17 0.060969856 
677 453 14 17 0.0607367 
179 244 16 19 0.060634274 
257 404 13 17 0.0597711 
962 425 14 18 0.059320454 
525 492 12 17 0.059135605 
729 293 10 13 0.058994923 
677 419 11 13 0.05863324 
664 447 20 26 0.058488615 
823 475 9 13 0.058153383 
575 282 11 14 0.057856604 
550 277 15 18 0.057786424 
651 292 10 14 0.057775 
267 339 13 19 0.057748448 
245 490 15 19 0.057733722 
626 442 13 17 0.057673287 
765 204 9 12 0.057233542 
628 336 10 13 0.057210457 
710 413 12 14 0.057089552 
566 178 11 14 0.057054102 
173 405 11 14 0.056628373 
871 331 11 14 0.056616813 
891 445 13 15 0.056275204 
287 412 12 14 0.055995725 
260 295 9 12 0.055936847 
622 200 18 23 0.05565141 
253 570 15 19 0.055212017 
684 272 15 17 0.055020627 
199 403 13 17 0.054966778 
529 418 13 16 0.05491662 
225 447 22 28 0.054788515 
357 314 10 14 0.05473279 
435 312 13 17 0.05466129 
508 354 12 18 0.054037243 
365 388 15 19 0.053914815 
586 323 11 14 0.05377753 
289 251 15 17 0.053722557 
331 381 14 18 0.05369878 
526 179 11 13 0.05351364 
389 427 16 19 0.05349058 
800 352 11 13 0.053092055 
472 189 10 13 0.052991822 
166 242 14 20 0.05299139 
477 397 14 19 0.05285681 
787 451 13 17 0.05207321 
617 364 13 16 0.051959578 
575 294 9 13 0.05183091 
800 265 12 16 0.051663827 
550 345 16 20 0.051448457 
574 378 12 16 0.051443797 
937 482 15 21 0.051362604 
190 228 13 16 0.05133752 
607 285 13 18 0.0512683 
780 427 15 18 0.0510945 
855 476 10 14 0.050895445 
453 346 14 17 0.050770406 
852 380 12 16 0.050764684 
154 388 15 17 0.0507322 
773 397 13 17 0.05069212 
605 442 12 16 0.050391693 
276 244 14 16 0.050110262 
523 429 11 14 0.04993519 
347 431 18 24 0.049616296 
708 236 13 16 0.04958156 
778 402 13 15 0.049463388 
366 227 12 14 0.04935873 
790 261 10 13 0.04933654 
263 469 13 16 0.049287695 
570 443 14 16 0.04885259 
480 163 11 14 0.048835848 
877 356 10 12 0.048550732 
294 429 12 17 0.048478674 
806 260 11 15 0.04789833 
580 308 11 15 0.04748714 
577 334 10 14 0.047411676 
732 452 14 18 0.047357757 
793 228 10 13 0.04730341 
671 435 12 17 0.04723596 
597 413 12 15 0.046980597 
781 452 20 27 0.046947222 
946 404 14 19 0.046898745 
627 209 11 14 0.046799824 
518 271 12 15 0.046643488 
690 362 11 15 0.04660745 
71 385 13 17 0.04659686 
439 432 20 28 0.04651215 
742 360 12 15 0.046360977 
875 330 12 16 0.04633293 
585 316 12 15 0.04626094 
783 375 12 14 0.04619715 
231 365 19 23 0.046107627 
528 490 23 32 0.046035327 
311 375 12 14 0.04601821 
716 271 11 14 0.04600248 
372 491 16 21 0.045800086 
464 330 12 15 0.04550418 
796 244 11 15 0.045428302 
258 359 9 11 0.045417782 
792 250 11 14 0.045323253 
501 186 10 15 0.045289036 
187 276 12 15 0.04518563 
768 213 9 12 0.04506472 
767 302 10 15 0.044996124 
284 427 14 19 0.0449348 
421 240 13 18 0.044883978 
610 272 13 17 0.04471917 
661 374 12 14 0.044666503 
717 436 13 18 0.044499222 
772 409 15 18 0.044274814 
572 374 11 14 0.04419007 
261 365 10 11 0.044118535 
828 349 10 13 0.044046238 
814 363 12 14 0.043973565 
701 397 12 15 0.043954547 
651 299 11 14 0.043944214 
860 469 11 13 0.04393292 
371 276 11 17 0.043742303 
933 425 13 19 0.043703124 
332 517 11 14 0.043641973 
449 351 15 20 0.04342659 
852 374 12 15 0.043333523 
487 347 10 14 0.04319643 
286 375 11 12 0.042917382 
319 389 20 28 0.042783342 
431 220 11 13 0.042748336 
469 522 12 16 0.042712543 
430 355 13 17 0.04265452 
518 180 11 14 0.042611957 
562 452 17 20 0.0426086 
645 250 15 19 0.04255993 
366 208 10 14 0.042291835 
270 334 10 14 0.042241145 
206 391 13 16 0.04203909 
596 223 12 15 0.041992825 
23 413 10 15 0.041704264 
240 407 12 13 0.041689735 
559 182 11 14 0.04167675 
628 310 10 13 0.041573767 
796 380 10 15 0.041274365 
382 314 12 16 0.04117897 
427 556 18 20 0.04116895 
278 410 12 15 0.041149963 
706 381 13 16 0.041105762 
774 220 10 13 0.040950533 
296 348 11 16 0.0408866 
820 362 11 14 0.040880207 
692 405 13 15 0.040478118 
603 387 11 16 0.04044349 
1001 655 23 42 0.04022584 
581 283 10 13 0.040204916 
662 392 14 17 0.040194415 
831 388 11 15 0.040171534 
654 335 10 13 0.040165007 
724 432 20 25 0.04009158 
848 285 11 13 0.04008343 
414 394 16 22 0.039821316 
660 356 12 15 0.039653208 
820 295 11 13 0.039555516 
152 246 12 16 0.039546292 
214 469 14 16 0.03942777 
560 348 15 19 0.039051343 
812 354 15 17 0.03897588 
791 413 11 15 0.038972467 
765 437 13 18 0.038920186 
538 311 15 20 0.038833044 
839 294 10 12 0.038488243 
469 259 17 20 0.03845942 
325 207 20 23 0.038329 
597 303 10 13 0.03831129 
697 322 10 14 0.03821962 
751 210 11 14 0.038213667 
669 270 14 18 0.03814328 
132 361 12 18 0.037958432 
515 243 14 17 0.037922658 
204 233 17 20 0.03785275 
503 470 14 18 0.03782661 
756 356 13 16 0.03782186 
823 269 11 14 0.0378196 
543 269 11 16 0.03770442 
633 316 9 13 0.03742869 
635 407 13 15 0.037230805 
404 198 11 15 0.03721271 
555 342 14 16 0.037206028 
435 345 17 23 0.037187845 
651 324 11 14 0.037144445 
527 312 12 15 0.03706815 
817 374 11 14 0.037057053 
779 541 13 15 0.03704641 
259 390 12 15 0.037024926 
413 244 12 17 0.036908455 
571 450 14 19 0.036885038 
823 459 10 12 0.036730964 
482 393 13 17 0.036669884 
310 251 11 14 0.036640603 
397 291 13 15 0.036619235 
590 371 11 13 0.036575478 
727 285 12 14 0.03636961 
166 411 12 14 0.035903465 
799 274 12 14 0.035562724 
849 443 11 13 0.03548436 
280 323 10 12 0.035445303 
624 557 16 19 0.035361122 
207 373 9 11 0.035326097 
773 214 8 12 0.035325885 
613 340 10 13 0.035201546 
687 246 13 16 0.03513053 
750 278 11 14 0.03498812 
879 459 15 19 0.034936793 
187 357 12 14 0.03484783 
743 443 12 15 0.034562025 
365 557 14 20 0.034534555 
564 290 11 14 0.03450443 
269 394 13 16 0.03446224 
584 188 11 14 0.034409303 
539 490 17 21 0.03425124 
133 412 13 15 0.034243196 
879 351 10 13 0.034134272 
633 324 10 13 0.034092017 
509 204 13 16 0.034024227 
424 201 11 15 0.03397555 
666 433 20 28 0.033961013 
300 411 13 17 0.033921022 
933 467 14 18 0.033912364 
759 374 11 14 0.033784322 
696 306 11 15 0.03370252 
466 432 20 27 0.033686828 
908 378 12 15 0.03359904 
901 468 13 16 0.033507794 
813 411 11 15 0.033450644 
688 324 10 12 0.033444554 
819 435 13 17 0.03329541 
309 348 10 15 0.033270337 
298 553 25 31 0.033215627 
707 228 13 17 0.03319982 
478 309 20 26 0.03318939 
903 428 11 14 0.033178896 
819 301 12 15 0.033164866 
581 493 23 29 0.033096995 
631 356 10 14 0.033081118 
709 419 13 15 0.03296562 
508 455 13 17 0.03293263 
798 292 10 13 0.03286016 
471 493 11 15 0.032857083 
853 484 11 14 0.032841448 
391 197 9 12 0.032836474 
468 302 12 15 0.03277939 
360 244 11 15 0.032773316 
495 274 12 17 0.032757986 
516 392 15 20 0.032742303 
420 308 11 13 0.032739267 
478 173 12 15 0.032724556 
595 560 15 19 0.03268658 
429 498 14 20 0.03266513 
539 260 11 14 0.032643907 
314 284 10 13 0.03251545 
603 406 11 13 0.032460883 
286 211 9 11 0.03244598 
345 283 11 14 0.032421093 
612 350 11 13 0.03231707 
652 315 12 16 0.03197678 
476 322 14 18 0.03194811 
556 442 13 17 0.031867538 
805 273 10 14 0.031759534 
293 437 15 20 0.031737816 
274 205 9 13 0.031728607 
479 213 12 15 0.031668134 
401 358 13 17 0.03157768 
780 326 11 14 0.03153242 
195 383 12 13 0.03148623 
686 398 11 15 0.03147977 
703 419 11 15 0.031456016 
423 276 19 24 0.031423934 
420 316 12 15 0.031415787 
135 406 12 15 0.03141451 
284 454 12 15 0.03130949 
326 386 14 19 0.03124778 
829 395 13 15 0.031195711 
532 187 12 15 0.031000014 
324 339 13 18 0.030933026 
780 412 13 16 0.030917386 
259 381 11 13 0.030801017 
587 309 20 25 0.030794458 
532 470 13 15 0.030762265 
501 350 13 15 0.030747088 
280 453 11 15 0.030724104 
854 435 12 16 0.030608878 
741 438 11 15 0.03043084 
221 412 12 15 0.030412953 
758 349 10 13 0.030393293 
572 366 10 12 0.030331284 
472 195 10 13 0.030266555 
765 355 12 14 0.03025458 
797 215 10 13 0.030170694 
989 450 14 16 0.03011834 
927 433 13 18 0.030097028 
517 282 13 18 0.030052206 
695 398 11 13 0.030010836 
634 257 13 17 0.029979479 
102 302 11 14 0.029955715 
248 309 9 12 0.029922992 
340 460 14 17 0.029726269 
364 383 13 16 0.029714739 
843 460 11 13 0.029672876 
638 312 11 15 0.029672474 
298 419 12 16 0.029660255 
436 335 11 14 0.029656015 
631 363 9 12 0.029610097 
491 158 11 13 0.029552689 
814 397 9 12 0.029448017 
705 550 25 28 0.029370945 
621 242 14 17 0.029351909 
625 325 9 12 0.029287724 
389 303 19 24 0.029273774 
853 285 12 15 0.029161222 
318 346 12 16 0.029119242 
492 333 10 13 0.02909043 
513 292 12 15 0.02908397 
287 420 11 15 0.029072413 
142 379 11 14 0.029057508 
509 346 14 19 0.029053293 
909 370 14 18 0.029052572 
793 350 9 12 0.029019956 
187 267 13 17 0.029007211 
723 341 12 16 0.028947618 
225 422 12 17 0.028916301 
251 556 15 18 0.028912835 
747 407 14 16 0.028874088 
331 392 15 20 0.028870365 
907 486 12 15 0.028867522 
794 466 12 15 0.028754728 
34 380 14 20 0.028680671 
657 373 10 12 0.02861471 
492 174 12 15 0.028608147 
923 367 13 17 0.02857479 
133 308 10 14 0.028566666 
652 413 11 15 0.028563224 
617 205 12 16 0.028559983 
820 346 14 18 0.028483933 
573 179 11 14 0.028478025 
777 252 9 14 0.028435068 
831 461 11 14 0.0283533 
493 340 11 14 0.028340928 
398 167 17 23 0.028329177 
433 195 12 15 0.028282113 
795 526 12 13 0.028182117 
460 342 11 16 0.028167361 
743 277 9 12 0.028155873 
574 385 14 18 0.028136523 
774 417 14 15 0.028074436 
734 258 13 16 0.02806256 
115 442 13 16 0.028062282 
304 293 11 13 0.028027257 
662 532 10 12 0.028027168 
310 355 10 14 0.028019387 
525 331 13 16 0.027993169 
374 373 14 15 0.027793845 
806 244 10 13 0.027693372 
126 336 12 17 0.027664207 
494 348 12 15 0.027647521 
360 198 18 23 0.027567457 
904 379 11 15 0.027545502 
558 188 13 15 0.027447896 
741 457 21 25 0.027426584 
764 307 11 16 0.027398946 
689 266 13 17 0.027342407 
609 459 13 18 0.027316587 
580 260 11 15 0.02730204 
471 555 24 29 0.02725875 
301 369 11 13 0.027213475 
452 220 10 13 0.02715175 
249 383 18 23 0.027120108 
633 427 12 15 0.027111122 
364 251 13 16 0.027046382 
263 374 9 12 0.027027037 
821 254 11 14 0.027005354 
603 412 13 15 0.026969666 
284 201 10 13 0.02696061 
624 314 9 13 0.02692217 
753 418 12 16 0.026871847 
567 420 12 15 0.026856322 
773 389 13 15 0.026824562 
485 173 14 17 0.026816616 
135 301 11 14 0.026780948 
540 303 13 16 0.02676894 
766 401 14 16 0.02674456 
672 414 18 23 0.02672186 
348 236 11 15 0.026695812 
637 251 14 18 0.026638303 
591 226 12 15 0.02653542 
574 393 14 18 0.026508994 
285 245 15 17 0.02649193 
451 426 21 28 0.026481183 
285 406 12 15 0.026432987 
830 403 11 13 0.026410898 
407 309 12 15 0.026353665 
846 454 9 12 0.026345229 
123 427 15 19 0.026324285 
284 309 14 17 0.026291806 
789 238 22 27 0.026291167 
703 295 10 14 0.026256755 
281 459 23 27 0.026232926 
731 442 14 17 0.026218673 
355 356 12 16 0.026199391 
805 239 9 11 0.026180966 
584 202 11 15 0.026163982 
860 300 11 14 0.02616262 
291 264 14 17 0.026162261 
565 557 14 17 0.026153695 
476 253 14 17 0.026095556 
920 351 10 13 0.026094157 
378 381 14 16 0.026058061 
588 346 14 18 0.026037866 
805 484 12 15 0.02602833 
282 385 13 18 0.025987847 
585 212 9 12 0.025938917 
569 459 14 19 0.02589357 
256 364 11 13 0.025840025 
336 570 12 15 0.025799744 
389 452 17 21 0.02575387 
926 380 20 26 0.025706444 
214 375 10 12 0.025661537 
822 414 11 15 0.025643094 
525 396 11 16 0.025637029 
279 260 14 17 0.025595056 
792 286 11 13 0.025592363 
396 322 11 14 0.025575776 
827 268 14 16 0.025551122 
264 346 12 15 0.025523346 
806 471 10 13 0.025450762 
583 226 11 14 0.02540464 
343 253 11 14 0.02540323 
231 541 11 13 0.025387837 
472 204 11 13 0.025370758 
887 453 13 15 0.02535207 
481 409 13 17 0.025290955 
525 169 10 12 0.025176404 
566 363 12 14 0.025153363 
636 341 11 15 0.025121046 
491 165 11 13 0.025090408 
693 334 11 14 0.025089541 
399 285 13 16 0.025078878 
556 431 12 15 0.025077935 
94 362 13 15 0.025077734 
212 396 11 14 0.024977662 
229 354 22 25 0.024971586 
611 419 13 16 0.024971139 
37 371 13 18 0.024956038 
486 183 14 18 0.024955658 
277 279 12 16 0.024910921 
309 292 10 13 0.024822284 
371 223 12 15 0.024784857 
805 389 12 15 0.02476971 
486 539 12 14 0.024768623 
316 461 12 15 0.024760503 
265 270 20 28 0.024734242 
709 300 11 14 0.024730321 
729 299 11 15 0.0247208 
652 307 12 16 0.024674607 
856 321 13 17 0.024636064 
48 382 386 451 0.024608795 
908 387 11 14 0.024590563 
517 351 11 17 0.024551706 
674 271 18 23 0.024544759 
358 301 9 13 0.0245272 
773 207 10 13 0.024505312 
526 189 13 16 0.02447797 
460 412 15 18 0.024477527 
733 524 12 15 0.02441231 
167 371 12 15 0.024377108 
838 300 9 12 0.024346314 
550 403 10 13 0.024327086 
918 524 11 13 0.024313532 
771 486 13 17 0.024293978 
743 345 19 26 0.024220632 
648 339 12 14 0.024219505 
278 227 12 15 0.024212835 
655 438 14 17 0.024145972 
710 396 12 16 0.024135763 
812 404 11 15 0.023971958 
467 395 15 20 0.023968816 
599 366 10 14 0.02395783 
244 422 12 16 0.023955273 
381 348 14 16 0.023909174 
716 317 11 14 0.023898916 
361 271 11 16 0.023897156 
286 235 14 17 0.023847628 
734 270 14 16 0.023847178 
800 437 11 15 0.023835804 
381 186 11 15 0.023828462 
476 492 15 18 0.02378407 
482 260 14 18 0.023779651 
510 196 12 15 0.023765426 
309 365 12 15 0.023695305 
935 397 37 48 0.0236907 
561 173 11 14 0.023680756 
566 278 11 15 0.023676913 
614 437 13 17 0.023637626 
451 174 10 13 0.02362475 
515 339 14 19 0.023589402 
845 473 10 13 0.02353911 
464 188 11 15 0.023500154 
129 277 14 16 0.023438338 
519 201 12 17 0.023406524 
777 373 11 13 0.02337592 
715 243 13 17 0.023360744 
846 377 22 31 0.0233534 
110 310 14 17 0.023349933 
552 198 14 16 0.02329546 
662 429 13 17 0.02326569 
263 463 11 15 0.023236156 
419 498 15 20 0.023225605 
234 443 16 21 0.023222696 
300 335 11 13 0.023206852 
894 348 12 14 0.02320096 
317 287 12 15 0.023180803 
793 255 20 26 0.02317567 
774 381 13 15 0.023142003 
804 382 13 15 0.023110624 
764 313 13 20 0.023109946 
400 178 10 12 0.02308994 
416 181 10 13 0.023082094 
517 188 12 15 0.023078736 
279 375 12 14 0.023071513 
271 389 19 25 0.022967534 
591 395 12 15 0.022950849 
390 355 13 17 0.022945352 
575 326 10 13 0.022884235 
836 415 12 15 0.022852367 
572 267 11 14 0.022845462 
776 364 11 13 0.022798982 
659 487 13 16 0.02278696 
409 250 11 15 0.022746034 
168 453 17 21 0.022693157 
822 259 12 15 0.022691559 
754 490 14 18 0.022690363 
726 375 11 13 0.022674419 
830 455 10 14 0.022653246 
358 236 14 17 0.02265301 
629 228 13 17 0.02264882 
837 389 10 14 0.022613008 
853 332 12 14 0.022604953 
630 336 19 24 0.022577396 
231 406 10 13 0.022574412 
598 340 11 14 0.022566035 
902 387 12 17 0.022535907 
685 283 14 15 0.02253578 
865 421 10 13 0.022522727 
425 193 20 25 0.022494774 
354 429 14 20 0.022473402 
828 381 11 14 0.022465283 
551 420 11 14 0.022461893 
719 387 11 16 0.02245608 
280 272 16 18 0.022425968 
908 427 11 14 0.022414753 
405 304 19 25 0.022414442 
478 205 10 13 0.02235594 
223 374 10 13 0.022352984 
958 420 14 20 0.022326263 
438 475 13 17 0.02231609 
787 266 12 14 0.022281623 
614 300 12 16 0.022253223 
206 493 13 19 0.022251748 
702 267 20 25 0.022229815 
317 356 11 14 0.02219297 
779 221 11 15 0.02219094 
111 436 13 15 0.022170827 
452 360 12 17 0.022164386 
656 465 14 17 0.022132227 
877 362 11 14 0.02209925 
269 474 12 16 0.022065012 
724 395 13 16 0.022043636 
585 491 16 19 0.022021504 
684 380 12 15 0.021948066 
893 383 12 15 0.02194729 
158 236 13 19 0.02192752 
391 333 12 17 0.021913959 
909 350 13 14 0.021899682 
621 430 13 16 0.021869902 
733 283 11 14 0.021798197 
374 269 10 14 0.02178393 
964 453 12 15 0.021760298 
212 428 14 16 0.021752615 
647 331 11 14 0.021724045 
575 313 10 14 0.02171972 
381 276 13 17 0.021702975 
215 378 19 23 0.021671517 
780 291 10 13 0.021662341 
441 177 10 14 0.021661106 
838 286 11 13 0.021645056 
589 212 10 13 0.02159875 
756 195 19 23 0.021594478 
284 222 19 23 0.021525232 
711 404 11 14 0.021520292 
264 324 10 11 0.021509359 
956 465 21 26 0.021493671 
573 247 12 15 0.021477709 
764 375 11 13 0.021465106 
539 254 11 14 0.021460729 
244 367 10 13 0.021450846 
196 419 11 14 0.021412602 
480 340 12 15 0.021409765 
277 201 18 23 0.021409761 
184 352 10 13 0.021404995 
863 330 12 15 0.0213833 
702 215 18 23 0.021367226 
445 342 12 15 0.021359086 
614 414 12 15 0.021343071 
764 451 15 20 0.02131975 
153 243 19 26 0.021308592 
189 448 14 19 0.021279654 
326 364 11 14 0.021259373 
574 336 19 25 0.021242984 
885 449 21 23 0.021242531 
737 439 20 26 0.021231264 
342 451 15 20 0.021230973 
421 385 13 17 0.021207253 
205 467 14 17 0.021199806 
280 420 11 14 0.021187361 
99 447 11 14 0.021160731 
424 190 12 16 0.021159716 
582 352 12 16 0.021154765 
726 252 13 17 0.021128347 
671 363 12 15 0.021115536 
415 287 12 16 0.021105401 
303 263 11 16 0.021101767 
792 404 11 13 0.021085534 
752 272 9 13 0.02104996 
127 422 12 15 0.021046177 
596 348 12 16 0.021023013 
182 403 11 15 0.02096334 
504 436 21 27 0.020957693 
838 433 12 17 0.020953948 
638 364 10 12 0.020942988 
513 459 13 18 0.020916542 
390 291 15 17 0.020915834 
516 299 10 14 0.020895954 
123 315 14 17 0.020890024 
517 422 13 15 0.02085759 
646 310 11 15 0.02075896 
265 269 12 18 0.020757126 
545 485 14 17 0.02075319 
680 254 14 17 0.020735098 
592 387 21 26 0.020725152 
191 419 11 15 0.020710744 
508 370 12 14 0.02070937 
431 321 11 15 0.020681402 
268 491 13 17 0.020678293 
406 302 10 13 0.02065785 
726 276 13 17 0.020641778 
437 190 10 14 0.020630259 
194 494 20 28 0.02056054 
203 387 21 26 0.02055535 
413 485 12 16 0.020552598 
141 506 12 15 0.020544194 
251 429 11 15 0.020517612 
458 284 13 16 0.020460976 
638 492 20 31 0.020454733 
357 497 13 19 0.020436876 
625 381 10 14 0.020408114 
541 196 11 14 0.020406395 
238 380 11 14 0.020398987 
590 283 10 14 0.020372035 
383 206 10 14 0.020363558 
177 438 24 31 0.02033478 
413 436 15 20 0.020262886 
670 423 19 24 0.020258714 
824 397 12 15 0.020242836 
544 221 11 14 0.020230465 
751 342 11 13 0.020219015 
117 434 14 17 0.020217087 
648 558 24 27 0.020180466 
815 276 11 13 0.0201642 
404 334 11 15 0.020160671 
766 349 11 14 0.020132573 
757 343 9 12 0.020107701 
243 488 22 33 0.020106016 
387 181 12 14 0.020104283 
208 242 15 18 0.020084025 
520 493 19 28 0.020071689 
838 456 11 13 0.020061389 
271 327 10 11 0.020032471 
868 322 12 17 0.020030411 
357 345 13 17 0.020011561 
564 190 14 16 0.020010239 
