10_People_Marching_People_Marching_2_944
104
482 451 34 41 0.99386394 
608 455 44 50 0.9883079 
247 514 36 40 0.97921467 
55 455 35 48 0.93205035 
132 482 28 32 0.588385 
211 83 204 336 0.36907673 
413 661 274 306 0.30890593 
234 468 25 32 0.30093178 
286 478 28 37 0.25421757 
173 499 22 30 0.24495539 
147 -18 358 505 0.19747417 
101 12 27 30 0.19085194 
594 725 182 236 0.1643256 
57 536 52 74 0.14794993 
374 70 172 213 0.13662088 
121 417 32 45 0.1124595 
284 388 56 77 0.110618085 
216 550 25 32 0.1015107 
681 277 43 54 0.09030846 
28 39 18 23 0.0883213 
0 459 40 65 0.08282597 
626 515 44 55 0.08107501 
294 487 29 37 0.074325606 
260 451 19 23 0.07309297 
22 453 43 63 0.071522735 
274 52 230 315 0.062050138 
27 127 49 56 0.06072511 
666 639 33 35 0.05515673 
48 512 47 72 0.049565297 
38 460 31 41 0.048128545 
251 454 25 32 0.047097027 
834 -26 160 251 0.046389446 
123 70 33 38 0.045091104 
133 30 13 17 0.044206932 
585 807 130 205 0.044193543 
635 747 115 145 0.043837033 
261 367 94 122 0.042435963 
473 2 17 17 0.041584317 
431 559 370 522 0.03970955 
503 694 98 114 0.035987765 
38 479 45 70 0.035819978 
13 65 29 38 0.035792205 
12 474 48 76 0.035718348 
305 539 24 33 0.035159487 
75 0 17 17 0.035043743 
648 518 48 62 0.034474492 
461 437 45 62 0.033950083 
220 534 25 32 0.033552874 
100 21 60 69 0.033215486 
21 34 16 23 0.032472447 
682 740 127 176 0.031643417 
112 8 19 22 0.031176219 
-4 414 40 62 0.029270256 
64 -9 95 112 0.029209336 
654 804 72 83 0.028965106 
696 402 44 57 0.028466295 
260 416 26 34 0.028158331 
249 587 18 24 0.027836544 
56 0 30 33 0.027731035 
523 688 204 222 0.0270069 
144 483 26 36 0.026846007 
36 5 22 30 0.026760833 
147 301 31 49 0.026579106 
540 706 108 114 0.025735456 
297 542 37 50 0.025722783 
679 538 52 68 0.025601728 
492 389 22 30 0.025526812 
39 34 23 30 0.025408521 
39 0 14 13 0.025382442 
266 404 49 64 0.025361083 
60 567 36 45 0.024541916 
24 72 30 34 0.024499008 
668 1144 219 202 0.02418059 
261 520 23 25 0.024158683 
147 605 12 16 0.024116216 
123 489 38 47 0.024114488 
169 81 14 17 0.024105748 
207 534 30 39 0.024031524 
343 378 56 80 0.023839494 
163 487 26 36 0.023677276 
631 451 34 42 0.023393435 
298 473 30 35 0.02318745 
225 531 17 21 0.022941392 
-69 632 391 472 0.022858622 
149 193 27 38 0.02279553 
752 1256 64 57 0.022510702 
295 532 27 32 0.022367738 
645 491 49 62 0.022305133 
166 499 15 22 0.022273345 
187 199 127 196 0.022182034 
85 426 46 63 0.022142634 
24 427 77 96 0.022124095 
269 724 15 21 0.022068715 
23 89 48 62 0.021973252 
186 585 29 40 0.021914639 
128 28 23 28 0.021912722 
439 114 71 92 0.021851793 
653 443 29 36 0.021500632 
604 567 30 40 0.020567106 
285 539 16 19 0.02045097 
235 524 26 33 0.020379784 
114 13 23 30 0.02024228 
12 5 13 16 0.020095859 
598 372 16 20 0.020073894 
