10_People_Marching_People_Marching_2_34
3530
624 718 34 43 0.99686015 
994 722 31 41 0.9779188 
101 682 17 22 0.96896374 
715 703 22 29 0.9593038 
671 709 22 29 0.9487698 
455 636 13 16 0.94739974 
523 711 33 34 0.928789 
590 690 22 28 0.92027646 
173 689 15 19 0.90899444 
37 684 16 19 0.905548 
404 720 18 26 0.90284324 
834 669 22 28 0.89962226 
166 633 12 16 0.8935913 
661 668 17 19 0.82905895 
343 643 11 15 0.8051821 
397 657 17 21 0.79558337 
950 666 15 20 0.721978 
715 657 16 21 0.67442673 
371 643 11 15 0.660478 
811 642 12 15 0.6174402 
513 686 21 29 0.5980781 
604 623 9 12 0.59371185 
579 610 11 15 0.5920887 
446 682 16 19 0.5806998 
244 641 13 17 0.561614 
307 625 11 14 0.5275676 
752 610 10 13 0.5109337 
248 582 9 12 0.5090685 
307 717 17 23 0.48604336 
886 689 15 19 0.48131612 
219 672 13 17 0.46676284 
101 558 8 11 0.45988607 
342 606 11 13 0.45303413 
508 642 11 15 0.44996703 
551 621 12 15 0.44970992 
994 541 14 18 0.44877824 
80 599 10 12 0.44846138 
192 564 10 12 0.427761 
341 573 9 12 0.41200787 
314 687 14 23 0.3983204 
276 582 9 13 0.3924501 
263 670 10 13 0.3857009 
559 591 11 14 0.38092846 
321 565 8 11 0.3790238 
38 648 14 17 0.36508775 
700 679 18 23 0.34887823 
918 576 11 14 0.3476174 
71 565 9 11 0.34530795 
464 592 8 11 0.34515846 
83 734 24 27 0.34278306 
459 527 8 11 0.3366866 
704 597 9 11 0.32928565 
586 475 8 11 0.32075948 
631 582 10 13 0.31680873 
772 326 10 12 0.31585154 
32 620 10 13 0.31387126 
150 595 10 13 0.31255984 
190 574 10 12 0.30968523 
938 602 18 21 0.3086475 
527 583 8 11 0.30314595 
780 657 16 22 0.29733357 
732 605 10 13 0.2951523 
998 654 12 17 0.29504162 
837 610 12 15 0.28647602 
761 746 27 32 0.28140914 
207 549 9 11 0.27736685 
199 527 8 11 0.27704388 
268 612 11 15 0.27031493 
325 564 9 12 0.26647153 
1008 586 10 13 0.2642953 
488 600 8 10 0.2629231 
424 693 12 15 0.25918633 
350 607 9 12 0.25709242 
621 628 11 12 0.25477746 
591 642 9 12 0.25466335 
128 607 8 10 0.2532662 
350 535 8 10 0.25288412 
623 580 10 11 0.24070945 
613 665 11 15 0.23904161 
562 564 10 13 0.22727731 
129 454 7 10 0.2264517 
589 472 9 11 0.22591026 
989 597 14 17 0.2248045 
294 568 8 10 0.2242496 
301 589 9 11 0.22295591 
798 574 8 10 0.22281924 
768 526 9 11 0.22085962 
564 590 9 12 0.22001332 
506 622 12 14 0.21918988 
593 573 9 13 0.21882923 
632 606 8 11 0.21646327 
102 605 8 11 0.21636406 
608 493 9 10 0.21527918 
958 568 9 12 0.21402548 
742 573 9 12 0.2123995 
815 588 10 12 0.21227007 
513 504 8 10 0.2115639 
864 481 7 10 0.2104543 
63 636 12 16 0.21018165 
734 581 9 12 0.20951656 
535 566 9 11 0.20742235 
119 572 8 10 0.2073229 
628 518 8 11 0.2054233 
497 591 8 11 0.20469317 
216 543 8 10 0.20425794 
377 582 7 11 0.20343651 
364 708 12 15 0.20274396 
820 611 11 14 0.20157617 
765 590 8 11 0.20128883 
432 545 9 11 0.19980186 
853 626 14 17 0.19859208 
784 545 8 11 0.1964578 
760 527 8 10 0.19582881 
229 595 10 13 0.19499363 
69 560 9 13 0.1948764 
224 495 7 10 0.19308399 
378 559 8 10 0.19292825 
657 560 9 13 0.18899421 
621 575 9 12 0.18815312 
221 567 11 13 0.1855599 
832 558 8 10 0.18499854 
423 439 8 10 0.18436836 
342 447 8 10 0.18426697 
221 730 16 20 0.1840984 
624 512 9 11 0.18198091 
222 544 8 10 0.18058011 
445 591 9 10 0.17984955 
318 645 10 14 0.17952608 
768 358 8 11 0.17939112 
866 723 24 29 0.17804505 
748 657 11 16 0.17770438 
363 549 10 12 0.17686266 
260 592 9 12 0.17500587 
286 487 7 10 0.17265297 
535 598 9 12 0.17174506 
519 645 10 13 0.1708458 
474 424 7 9 0.1704588 
422 444 9 11 0.1691607 
745 553 8 9 0.1681598 
798 567 9 11 0.16785873 
440 527 7 9 0.16781761 
749 552 8 10 0.16738097 
617 599 8 11 0.16521901 
201 606 8 11 0.1651762 
257 471 8 10 0.1647061 
646 493 8 11 0.16322789 
839 500 8 11 0.16015679 
176 599 9 12 0.15974784 
135 512 9 12 0.15970495 
924 604 13 17 0.15927841 
418 529 8 11 0.15862793 
549 574 9 11 0.15821952 
1011 500 10 12 0.15752831 
857 566 8 11 0.15744904 
830 462 7 10 0.15630823 
280 565 9 11 0.15606108 
391 473 8 10 0.15515646 
545 573 9 12 0.15476218 
668 612 10 12 0.1541019 
439 492 8 11 0.1535481 
912 547 8 12 0.15328236 
560 560 9 11 0.15314108 
446 574 8 10 0.15285714 
966 266 31 37 0.15200001 
736 358 10 14 0.1519339 
791 334 9 13 0.15149975 
925 660 15 21 0.15145296 
278 456 7 10 0.15111682 
255 590 10 12 0.1500295 
665 608 10 12 0.14953142 
577 551 9 12 0.14929985 
477 621 11 15 0.1487321 
582 677 14 19 0.14868258 
338 447 8 10 0.14860049 
431 391 8 11 0.14843069 
686 598 9 11 0.14824517 
504 453 8 9 0.14782737 
198 518 8 10 0.14755729 
330 731 18 23 0.14736599 
265 486 8 10 0.14592701 
144 622 11 13 0.14551488 
29 589 11 15 0.14475772 
25 541 8 11 0.14358833 
458 457 7 9 0.14315546 
776 400 7 10 0.14310473 
56 576 8 10 0.14260134 
406 430 8 11 0.14227046 
373 415 8 10 0.14171518 
527 685 25 35 0.14150324 
385 477 8 9 0.14145063 
12 549 9 12 0.14135082 
566 119 14 16 0.14133583 
248 563 8 11 0.14125726 
913 526 7 10 0.14048757 
935 539 10 13 0.14040332 
454 549 7 9 0.13981469 
591 500 8 10 0.1394871 
149 542 8 11 0.13875939 
127 552 8 10 0.13831495 
359 415 8 10 0.13806592 
365 568 7 8 0.13784492 
385 590 8 10 0.13742742 
462 568 8 10 0.13722596 
343 581 10 12 0.13719384 
807 512 7 9 0.13705109 
189 740 14 18 0.13669026 
964 596 11 15 0.13595544 
12 621 10 12 0.13581817 
608 662 11 15 0.1355717 
657 510 7 9 0.13520522 
184 605 9 11 0.1351672 
839 398 7 10 0.1343832 
544 567 8 10 0.13396667 
190 405 7 10 0.13370489 
62 630 11 14 0.13345492 
424 621 9 12 0.13329288 
790 518 9 12 0.13316867 
424 576 8 10 0.13313073 
990 625 13 17 0.132744 
336 599 10 12 0.1303065 
387 662 20 25 0.13020694 
820 590 9 12 0.1300357 
352 446 8 10 0.13003093 
535 582 9 11 0.12966686 
190 606 9 11 0.12947309 
521 582 8 11 0.12937292 
765 658 13 18 0.12907319 
157 591 9 12 0.1289687 
679 521 7 9 0.12886553 
686 551 8 11 0.12883887 
720 534 9 11 0.12876919 
671 378 13 17 0.12874219 
636 582 9 11 0.12867075 
655 651 14 16 0.12858345 
214 549 9 10 0.1281029 
305 478 7 9 0.12778027 
336 550 8 9 0.12745039 
906 317 10 13 0.12693737 
439 415 7 9 0.12692848 
660 563 10 12 0.12682518 
391 637 10 12 0.12674832 
679 480 7 10 0.1263102 
776 631 9 12 0.12627123 
617 544 8 11 0.12619644 
936 517 8 10 0.12613024 
414 591 8 10 0.12524614 
313 471 8 10 0.12518074 
302 679 15 21 0.124937735 
785 468 8 10 0.12485913 
199 613 9 12 0.12457576 
445 583 8 10 0.12448687 
283 486 7 10 0.12439001 
288 566 10 11 0.12403525 
360 544 8 10 0.12381885 
399 559 7 10 0.12362865 
109 511 9 10 0.12334195 
217 508 9 11 0.12334051 
49 534 9 11 0.123155974 
617 628 10 13 0.12315152 
240 604 10 14 0.1230815 
399 539 10 13 0.12274606 
144 535 9 11 0.12265382 
338 604 10 13 0.12262556 
856 486 8 10 0.12247753 
861 564 9 12 0.12232868 
277 629 10 11 0.12170925 
391 591 8 10 0.12157604 
616 579 9 12 0.12124544 
749 502 7 10 0.120908834 
13 582 9 12 0.12084815 
327 542 8 10 0.12076082 
838 368 8 10 0.12019334 
824 527 8 11 0.119839676 
92 619 10 13 0.1198203 
385 673 15 18 0.11979256 
402 423 8 9 0.11949742 
974 518 10 12 0.11946145 
414 479 8 10 0.119189955 
448 598 8 10 0.11902181 
630 382 10 11 0.118904516 
469 596 9 12 0.118494056 
97 552 10 13 0.11805331 
774 359 9 11 0.11725024 
899 572 11 14 0.1172438 
664 531 9 11 0.11702511 
904 456 8 10 0.11680199 
687 592 9 10 0.11676034 
406 424 8 9 0.11636977 
495 464 7 10 0.11628106 
465 446 7 10 0.115880266 
414 597 9 11 0.11541796 
463 659 12 16 0.11540288 
521 574 8 10 0.1152452 
658 504 7 10 0.114860326 
743 478 9 10 0.114595495 
545 405 7 9 0.11431894 
672 453 7 9 0.11384173 
457 422 7 10 0.11358146 
752 575 9 11 0.11328588 
737 574 9 12 0.11275062 
441 590 8 11 0.112567976 
318 470 7 10 0.11242828 
662 503 7 10 0.11180466 
357 607 8 11 0.11148411 
691 676 17 22 0.111298844 
254 551 8 10 0.11125572 
265 509 9 13 0.11071976 
520 453 8 10 0.11061663 
69 619 10 12 0.11010622 
503 582 8 10 0.10982893 
274 543 7 9 0.109660365 
322 541 8 10 0.109413214 
161 473 7 8 0.10912366 
520 568 8 10 0.109105304 
66 564 9 11 0.10896263 
277 416 7 9 0.108900666 
792 404 8 10 0.10873497 
408 604 9 12 0.108728595 
388 620 11 14 0.10845551 
15 574 9 10 0.108422615 
201 580 10 12 0.108407326 
169 565 9 12 0.10839485 
335 544 8 10 0.10826102 
702 568 8 11 0.108037956 
596 598 10 11 0.10796836 
289 438 7 10 0.10787178 
708 591 9 10 0.10746166 
253 503 9 12 0.107460015 
408 590 9 11 0.10710363 
216 567 11 12 0.10687741 
512 582 7 9 0.10672057 
317 612 10 12 0.10657884 
577 695 23 31 0.10651711 
219 504 7 10 0.106507845 
801 724 20 33 0.10629108 
805 604 10 13 0.10607866 
303 392 7 9 0.10587232 
842 479 7 10 0.10585626 
256 425 7 9 0.10585329 
430 621 10 13 0.105689704 
496 526 7 9 0.10560062 
647 489 8 10 0.105391406 
638 446 8 9 0.10525455 
385 436 7 10 0.105132245 
277 543 8 9 0.104941346 
512 525 8 9 0.104659125 
674 520 7 9 0.10447001 
914 521 7 10 0.10416931 
7 446 9 12 0.10411614 
665 489 7 9 0.104105376 
446 567 8 11 0.10400104 
437 629 9 12 0.10394823 
542 580 9 10 0.10369676 
342 590 8 10 0.10363593 
638 564 10 12 0.10353878 
354 440 8 10 0.10338923 
430 432 8 10 0.103017025 
293 603 10 12 0.10289224 
865 558 8 11 0.10267503 
784 465 7 10 0.1024232 
391 536 8 10 0.10240204 
849 519 8 11 0.10238728 
824 487 7 9 0.10233368 
772 657 16 22 0.10231915 
567 541 8 9 0.10230184 
680 454 7 9 0.10219578 
1006 566 12 16 0.10173738 
423 420 8 10 0.10170335 
568 534 9 11 0.10147248 
544 621 11 14 0.10145683 
369 415 7 11 0.101404965 
287 628 10 12 0.101375006 
310 642 12 16 0.10052624 
317 509 9 11 0.100475945 
30 584 10 12 0.100453146 
474 382 8 11 0.10030653 
503 599 9 11 0.10012083 
1011 603 11 14 0.100031026 
898 566 10 13 0.09990116 
334 500 8 11 0.099883325 
76 566 8 11 0.09972456 
383 622 11 13 0.09970114 
833 553 7 9 0.09945467 
174 720 13 17 0.09942579 
254 564 10 13 0.099402554 
887 479 7 10 0.099314466 
527 575 9 10 0.0992771 
362 575 8 10 0.0989977 
503 627 13 15 0.09895004 
135 448 7 9 0.09894538 
104 599 9 12 0.0986254 
245 484 9 12 0.09848407 
917 520 8 9 0.09846838 
430 577 8 9 0.09844298 
350 529 8 11 0.0980929 
199 432 7 9 0.09753649 
502 383 8 11 0.09752356 
449 549 8 10 0.09740008 
270 486 7 10 0.09727 
565 560 10 12 0.09714439 
685 605 10 11 0.09712008 
273 549 8 10 0.09674347 
697 568 8 10 0.09673116 
408 550 7 9 0.09651088 
305 474 7 8 0.09632483 
130 450 7 9 0.095901586 
626 486 7 10 0.0957887 
781 583 8 11 0.095788285 
678 568 8 10 0.0957389 
745 612 10 13 0.09566615 
314 382 7 9 0.095396824 
406 437 8 10 0.09527731 
421 532 8 10 0.0949067 
415 582 8 9 0.09488445 
789 510 10 13 0.09469601 
470 447 7 9 0.09440723 
247 479 8 11 0.094350435 
816 505 7 9 0.09384535 
495 637 11 13 0.093698055 
496 413 7 10 0.09365302 
240 447 6 9 0.09348753 
552 423 9 11 0.09329072 
136 544 7 9 0.09312673 
103 520 8 9 0.093092754 
144 607 9 11 0.09287304 
289 598 10 13 0.09284559 
711 583 8 10 0.092455015 
674 479 7 10 0.09245005 
680 557 8 10 0.09212377 
110 598 8 11 0.09207643 
480 574 9 10 0.0920759 
74 604 9 12 0.09196918 
151 512 7 9 0.09195782 
504 450 6 8 0.09192932 
529 567 9 11 0.09191109 
313 417 6 8 0.09163833 
320 536 8 10 0.09120331 
160 492 7 10 0.09120251 
613 495 7 9 0.0910306 
615 603 10 12 0.090922095 
438 548 8 11 0.09090889 
941 541 8 11 0.09067048 
502 552 8 10 0.090511024 
632 612 9 12 0.09026438 
695 592 9 10 0.09015657 
390 437 8 10 0.089944266 
823 511 8 9 0.08973573 
278 400 7 9 0.08957322 
430 616 8 10 0.08949471 
558 612 10 12 0.088932246 
245 599 9 11 0.08891245 
591 579 10 12 0.08876746 
831 456 7 9 0.08844675 
244 631 14 16 0.08839411 
801 487 7 10 0.08814052 
979 651 13 18 0.08802462 
494 597 10 11 0.08793063 
401 591 7 9 0.08777886 
344 472 8 11 0.08762085 
79 631 11 15 0.08754049 
657 463 8 9 0.087496586 
757 573 10 13 0.08722627 
382 583 8 11 0.087131485 
296 584 9 12 0.08687785 
803 390 8 10 0.08678988 
655 620 9 11 0.08678753 
358 440 7 10 0.086761266 
623 603 9 12 0.0866755 
398 472 8 10 0.086633086 
1001 658 13 18 0.0866081 
278 460 8 11 0.08658722 
743 533 8 9 0.08655648 
323 645 12 15 0.08648915 
287 558 9 11 0.08648614 
63 622 10 12 0.08630779 
473 376 8 11 0.08612803 
782 588 9 12 0.08594988 
311 477 7 9 0.08589772 
637 661 12 16 0.08585532 
222 510 8 10 0.08565156 
944 455 7 9 0.085560456 
256 441 6 9 0.0855463 
358 590 9 11 0.08551288 
354 417 7 9 0.08543831 
775 521 7 9 0.08537395 
586 376 7 9 0.08530352 
209 545 9 11 0.085157864 
639 442 8 9 0.08513319 
835 367 7 10 0.0849801 
224 610 10 14 0.084874265 
556 711 27 37 0.08461318 
630 480 7 9 0.08461213 
424 399 8 11 0.08454026 
319 661 11 13 0.0843842 
551 567 7 10 0.0843381 
425 581 8 9 0.08433675 
463 422 8 10 0.08421656 
270 618 11 14 0.084207155 
325 440 8 9 0.08417245 
296 518 8 11 0.08409209 
639 510 8 9 0.08385895 
789 544 8 10 0.08373299 
810 584 8 11 0.08371933 
407 599 9 10 0.08368181 
540 689 23 32 0.083564766 
70 573 10 11 0.0833126 
249 447 7 9 0.08322678 
273 535 8 10 0.083167605 
288 535 7 10 0.083082885 
833 501 8 10 0.08278863 
679 551 10 12 0.08276997 
350 584 9 11 0.08268013 
854 510 8 10 0.082591265 
1 464 8 12 0.08256209 
865 548 10 13 0.082552694 
239 598 11 12 0.08248187 
251 644 11 15 0.0824446 
37 517 9 12 0.08230928 
761 357 9 11 0.08209078 
141 517 9 11 0.081979915 
446 606 9 11 0.08194291 
520 651 11 15 0.08192225 
519 449 7 10 0.08169504 
673 568 8 11 0.08168779 
158 550 8 11 0.08160593 
473 551 7 9 0.08156868 
70 431 7 10 0.081524804 
662 463 7 9 0.08149655 
496 468 7 10 0.08143218 
180 599 10 12 0.08131011 
425 549 8 10 0.08102001 
500 649 14 17 0.0809503 
832 375 7 9 0.08090671 
295 496 7 8 0.08081713 
962 601 13 18 0.08078019 
719 580 8 11 0.08072025 
624 525 9 12 0.08063824 
847 589 11 13 0.08058936 
407 543 8 10 0.08050612 
832 497 8 10 0.08046734 
754 687 17 22 0.08039525 
441 565 9 11 0.0803542 
189 551 10 11 0.08022165 
134 629 11 15 0.08011323 
462 456 7 9 0.08007427 
312 607 10 13 0.0800562 
296 424 6 8 0.079899624 
680 485 7 9 0.07980904 
742 590 10 12 0.07963893 
730 582 9 11 0.07953751 
290 416 7 9 0.07929139 
142 513 9 10 0.079211086 
146 464 7 9 0.07913527 
544 399 7 10 0.07912078 
473 544 8 10 0.078848444 
278 549 9 11 0.078678116 
503 616 14 15 0.078554496 
425 472 7 9 0.078516155 
431 592 8 10 0.07843947 
911 578 13 15 0.0783876 
396 634 12 15 0.07836064 
391 606 9 11 0.078334466 
648 456 8 10 0.078329235 
438 623 9 13 0.07812888 
490 464 8 10 0.078019835 
352 588 8 11 0.07799127 
440 607 8 11 0.07787418 
359 636 10 12 0.07772089 
318 502 8 11 0.077575885 
448 406 7 9 0.07750432 
513 448 7 10 0.077490896 
535 623 9 11 0.07744741 
495 494 8 10 0.077443205 
221 502 8 9 0.077246435 
228 613 10 12 0.07713459 
737 532 8 10 0.0771143 
655 519 7 9 0.077102005 
726 610 12 15 0.07699997 
179 716 14 19 0.07697757 
139 682 13 17 0.07697368 
134 495 7 10 0.07693961 
714 438 8 12 0.0766453 
15 543 8 11 0.07662511 
637 667 13 18 0.0765643 
434 416 8 9 0.07648586 
191 611 9 13 0.07644612 
622 547 9 12 0.076388665 
764 665 13 19 0.07636829 
402 432 7 9 0.07630774 
24 485 8 10 0.07628715 
1014 533 9 13 0.076243125 
192 425 8 9 0.07618819 
666 455 7 9 0.07600074 
462 462 8 9 0.07594306 
278 573 11 13 0.075909704 
821 676 27 33 0.07581437 
671 304 8 11 0.07564335 
601 494 8 11 0.07561464 
504 401 7 9 0.07559173 
257 428 8 10 0.07555264 
368 591 8 9 0.07541765 
519 659 11 15 0.07537117 
439 462 8 10 0.07535924 
384 535 8 11 0.075332694 
217 456 7 9 0.07527423 
495 652 12 15 0.075098395 
773 480 8 10 0.07508107 
905 414 7 10 0.07498587 
143 469 7 9 0.074891694 
326 537 8 10 0.07487687 
16 568 8 10 0.07474893 
25 560 8 10 0.07461538 
190 401 8 9 0.07453639 
630 511 9 10 0.07452831 
879 573 9 12 0.07445012 
927 566 9 12 0.07441977 
480 598 9 11 0.07439735 
736 351 9 10 0.07437742 
559 672 13 17 0.07435471 
730 471 7 9 0.07422786 
634 503 7 10 0.07416042 
988 591 12 14 0.074102215 
7 525 8 11 0.07400957 
924 573 11 14 0.07377524 
270 495 7 9 0.07364578 
416 544 7 10 0.07354986 
873 518 8 9 0.07352351 
606 511 9 10 0.07335807 
590 376 8 10 0.07329816 
617 613 10 12 0.07325444 
16 520 9 11 0.07323901 
624 588 9 11 0.073234305 
599 615 9 11 0.07321156 
391 527 7 9 0.07317573 
473 428 8 10 0.07302328 
664 494 8 9 0.07277446 
940 589 16 19 0.072773054 
766 612 9 12 0.07263491 
436 636 11 14 0.07248793 
745 512 8 10 0.07225182 
847 399 7 9 0.07224061 
720 575 8 12 0.07223664 
377 439 7 9 0.072218165 
440 410 7 8 0.072189644 
925 596 12 17 0.07217526 
849 485 8 9 0.072152965 
417 493 7 10 0.07208375 
412 605 10 12 0.071967125 
477 423 7 9 0.07175627 
154 439 7 10 0.07155391 
357 686 14 17 0.07151592 
311 453 8 9 0.071475856 
642 494 8 11 0.071435295 
600 446 8 10 0.07138785 
134 607 9 12 0.07134985 
29 541 9 13 0.071332544 
383 552 8 11 0.071317315 
513 509 8 9 0.0712996 
896 473 7 9 0.07124792 
881 417 7 9 0.07121872 
121 552 8 10 0.07116858 
1012 596 11 16 0.07111372 
438 684 22 26 0.071011886 
592 427 10 12 0.07100914 
791 373 9 12 0.070907444 
495 409 7 9 0.070896536 
911 414 7 10 0.07080222 
559 584 9 11 0.070744574 
198 575 10 12 0.07073451 
206 493 8 10 0.070703186 
709 597 9 12 0.07055037 
273 399 7 9 0.070393816 
845 479 8 10 0.07025568 
704 604 10 11 0.07022909 
218 390 7 9 0.07016111 
648 408 7 10 0.0701509 
232 552 7 9 0.07011092 
263 399 7 9 0.07010769 
728 479 7 10 0.07006157 
575 485 9 11 0.070037976 
499 381 8 10 0.06973819 
455 485 9 12 0.06959884 
568 528 8 9 0.06955085 
278 367 7 10 0.06951618 
558 504 8 9 0.06945016 
880 422 6 8 0.06941292 
376 399 7 9 0.06933646 
206 628 13 16 0.06933161 
634 424 7 10 0.06927922 
711 349 10 14 0.0691984 
144 614 9 11 0.069055974 
424 464 7 9 0.069040775 
784 430 7 10 0.069003016 
319 382 7 10 0.06899113 
360 526 8 11 0.0689305 
149 535 9 11 0.068897344 
280 559 10 11 0.068883896 
785 447 7 9 0.068786494 
664 510 7 9 0.06872192 
153 549 9 10 0.06870711 
252 558 10 13 0.068648286 
430 583 7 8 0.06861294 
360 501 8 10 0.06854218 
288 572 9 11 0.06843617 
825 494 7 9 0.06841819 
457 532 8 10 0.068365954 
877 697 15 18 0.068314664 
935 497 8 10 0.06808088 
182 623 10 12 0.06805936 
114 574 8 11 0.06798439 
171 631 12 15 0.06770903 
834 398 9 11 0.06766972 
296 487 7 9 0.06762954 
68 629 12 17 0.067618355 
564 651 13 16 0.06756291 
458 575 7 10 0.06745599 
1012 564 11 16 0.06734 
136 574 9 10 0.06731095 
488 440 7 9 0.06729293 
697 461 8 9 0.06728767 
438 421 8 10 0.0672691 
335 567 10 13 0.067184135 
489 603 9 12 0.06712688 
206 588 9 12 0.06707031 
222 456 7 9 0.0670524 
425 432 8 11 0.06690235 
712 341 11 14 0.06687489 
797 358 9 12 0.06687211 
150 605 10 12 0.066821754 
934 607 15 19 0.06680307 
135 441 7 8 0.0667117 
326 486 8 9 0.06668898 
648 524 8 11 0.066613436 
992 619 16 18 0.066538416 
709 397 10 13 0.06647753 
553 510 7 10 0.06632396 
418 439 9 11 0.06628091 
390 614 9 12 0.06623722 
615 471 8 10 0.06608947 
584 424 8 10 0.06607964 
833 405 8 10 0.066026285 
176 456 7 9 0.06596846 
63 575 9 11 0.065813094 
416 377 7 9 0.065802835 
304 668 12 16 0.06569405 
352 384 7 9 0.06563505 
195 731 13 18 0.06560741 
24 566 8 11 0.065578625 
599 392 8 10 0.06554555 
47 439 10 12 0.06552399 
384 399 6 9 0.0655062 
635 690 16 21 0.06549505 
736 586 9 12 0.06544629 
402 437 7 10 0.065411404 
559 454 8 10 0.06529507 
626 480 8 10 0.065270975 
479 470 8 10 0.06514965 
688 486 7 9 0.06513106 
797 579 9 12 0.064821504 
294 416 7 8 0.064744525 
454 401 7 8 0.06473435 
495 520 8 10 0.064631894 
132 452 9 10 0.064598456 
759 582 10 11 0.06456278 
815 543 9 11 0.064510524 
953 566 10 14 0.06450505 
126 460 8 10 0.06436926 
196 651 12 17 0.064205244 
227 675 13 18 0.0641112 
992 524 11 13 0.064078376 
824 571 8 11 0.0638994 
417 575 8 11 0.063790336 
442 575 8 11 0.06358833 
877 519 8 9 0.063478194 
697 457 7 9 0.063372545 
938 656 20 28 0.06336815 
593 567 10 13 0.06336179 
256 475 8 12 0.06335027 
825 382 8 11 0.06319511 
112 480 7 10 0.06314522 
229 495 8 10 0.063100904 
1006 666 12 16 0.063072145 
316 716 21 27 0.06306249 
185 440 7 10 0.062970005 
959 447 8 10 0.06292095 
449 476 8 10 0.062896796 
920 439 7 9 0.06286646 
905 536 7 9 0.062725216 
733 501 8 10 0.062636696 
142 644 14 17 0.06262215 
855 604 11 14 0.06260557 
249 453 7 9 0.06259858 
314 378 7 9 0.062585995 
767 448 7 9 0.0625701 
722 653 14 19 0.06254496 
629 524 9 11 0.06252957 
257 368 8 10 0.06243264 
366 557 10 11 0.062384985 
392 551 8 10 0.06236821 
361 408 7 9 0.062310636 
238 589 10 13 0.062309064 
889 504 8 10 0.062258977 
825 375 7 10 0.06210639 
458 582 7 10 0.062017072 
607 516 9 11 0.061995026 
982 628 12 15 0.06189049 
983 588 13 15 0.06188563 
897 559 9 11 0.061841525 
585 401 7 8 0.061750256 
790 447 8 9 0.061692975 
840 318 9 11 0.06159302 
647 501 8 10 0.061591387 
326 591 9 11 0.061481427 
196 559 9 11 0.0614481 
737 432 7 10 0.061424166 
305 438 7 9 0.061377328 
508 669 13 16 0.061333578 
383 541 8 11 0.061328247 
778 463 8 10 0.06127801 
106 341 8 11 0.061246343 
167 471 7 9 0.06113837 
649 520 7 10 0.06099361 
64 448 7 9 0.06093586 
744 516 8 10 0.0609242 
128 584 8 10 0.06089934 
401 598 8 11 0.060898013 
304 433 7 8 0.06089632 
134 550 8 10 0.060828462 
793 580 9 13 0.060710926 
120 592 8 10 0.06070723 
298 479 7 9 0.060668007 
826 431 7 10 0.060606062 
775 614 10 12 0.060539756 
319 464 8 10 0.06053712 
849 510 8 10 0.060529113 
263 464 7 8 0.060497403 
358 535 9 11 0.060453705 
41 679 14 17 0.060429193 
47 528 10 11 0.060335934 
453 508 9 11 0.060320724 
959 532 8 11 0.060213882 
861 649 12 16 0.060163338 
202 550 9 11 0.060114637 
360 495 8 11 0.06011157 
678 448 7 9 0.06004802 
593 392 7 9 0.059993323 
267 675 11 16 0.059986874 
669 665 22 26 0.059920922 
641 358 9 11 0.05988934 
121 464 6 8 0.059878662 
198 512 8 11 0.059872136 
294 535 8 9 0.059869304 
459 632 11 15 0.059850074 
417 463 7 9 0.05984262 
841 446 9 11 0.059782535 
350 622 9 12 0.05970806 
439 534 7 8 0.05969778 
222 524 8 11 0.059638113 
351 475 10 12 0.05962854 
508 125 14 18 0.059587672 
673 549 9 11 0.059557013 
478 377 7 9 0.059444223 
782 615 11 13 0.059415057 
313 464 8 10 0.05939864 
239 611 11 14 0.059372913 
254 445 7 9 0.059312064 
831 573 8 11 0.059223298 
649 550 8 9 0.05918545 
728 510 7 10 0.059153777 
202 438 7 10 0.058992103 
216 537 8 9 0.05893642 
982 635 11 15 0.05890284 
569 612 9 11 0.058849435 
295 502 8 10 0.05882368 
790 316 9 11 0.058810793 
242 486 8 11 0.05880683 
230 604 11 14 0.05876812 
415 614 9 11 0.058753267 
574 500 9 12 0.058750324 
911 494 8 10 0.05874493 
673 449 7 9 0.058709636 
418 445 8 11 0.058642764 
1005 635 13 18 0.058542572 
535 590 9 11 0.058512054 
607 502 8 10 0.058508754 
269 516 9 12 0.058414046 
832 390 8 10 0.058409244 
287 552 8 11 0.058394767 
337 591 9 10 0.05834775 
416 549 8 10 0.05827326 
829 382 9 10 0.05827083 
496 557 8 10 0.058202054 
390 629 11 14 0.05811541 
915 574 18 23 0.058095135 
872 596 10 13 0.05804077 
409 584 9 10 0.05801669 
772 318 11 14 0.05799906 
554 591 10 13 0.057962023 
72 502 8 11 0.05788505 
399 584 9 11 0.05785227 
789 470 8 9 0.05785084 
848 595 12 14 0.057847656 
735 528 8 11 0.05781718 
846 583 11 13 0.05778058 
368 440 8 9 0.057759948 
358 446 7 9 0.057756208 
202 445 7 10 0.057740383 
724 619 12 15 0.057731118 
838 406 8 10 0.057727322 
622 676 13 17 0.057587747 
173 559 9 11 0.0575517 
271 479 9 11 0.057529733 
693 510 8 10 0.057525825 
121 598 8 10 0.057451498 
498 583 8 11 0.0574015 
224 518 8 11 0.057395607 
14 495 8 9 0.057364296 
710 612 9 11 0.057295725 
329 445 7 9 0.057284363 
112 373 9 11 0.057283387 
191 376 7 9 0.057282306 
935 595 15 19 0.057238232 
29 559 8 11 0.0572321 
832 565 9 12 0.057230692 
406 391 8 9 0.05722532 
135 501 8 10 0.05721768 
582 599 8 9 0.057187043 
121 470 7 10 0.057182606 
512 577 8 9 0.05717981 
201 391 7 10 0.05717217 
349 639 11 13 0.057113398 
185 559 9 11 0.057100423 
487 399 7 8 0.05709029 
601 408 8 10 0.057001743 
636 605 9 12 0.05698775 
318 517 8 12 0.056984443 
62 407 8 9 0.0569598 
279 536 8 10 0.056932066 
176 441 7 9 0.056894623 
445 661 12 15 0.056811772 
734 600 10 13 0.05679697 
952 524 9 12 0.05676512 
462 584 9 11 0.056730684 
449 401 8 9 0.056718543 
630 600 10 12 0.056639403 
577 478 8 10 0.056603465 
257 466 8 9 0.056583617 
1007 619 13 17 0.056573883 
218 493 9 11 0.05653834 
47 638 10 12 0.05645007 
312 551 8 10 0.056410387 
8 544 9 11 0.05640767 
855 385 7 9 0.05638675 
97 604 10 13 0.056363296 
671 527 8 9 0.056184184 
672 511 6 9 0.056167096 
329 384 7 9 0.056109257 
694 501 8 10 0.056094687 
639 502 9 11 0.056012057 
79 478 8 10 0.05594666 
123 606 8 11 0.055916604 
168 448 8 10 0.05588802 
769 532 8 10 0.05584061 
655 457 7 9 0.055804726 
303 542 8 10 0.05578836 
223 391 6 8 0.055709735 
662 630 9 12 0.055679128 
826 469 8 11 0.055645306 
760 642 11 14 0.055629186 
768 454 7 9 0.055584025 
39 550 8 11 0.055527218 
746 496 8 10 0.055486966 
23 573 7 10 0.055483595 
463 392 7 8 0.05546989 
1012 581 11 16 0.055424202 
615 622 11 14 0.055314966 
545 520 7 9 0.055259656 
777 575 8 11 0.05525145 
127 631 12 15 0.05524965 
108 644 13 17 0.055111393 
952 511 9 12 0.055102453 
280 481 8 10 0.05507335 
351 627 10 12 0.055048257 
855 504 8 10 0.055032555 
186 400 8 10 0.054982714 
408 383 7 9 0.05496587 
184 580 9 11 0.054922733 
24 536 8 11 0.054873683 
15 556 9 11 0.054845124 
471 557 8 10 0.054809704 
591 590 9 12 0.054775283 
577 543 8 9 0.05474944 
201 465 7 9 0.054714356 
234 446 7 10 0.054706912 
201 415 7 9 0.054693427 
94 326 8 11 0.05467999 
216 557 10 11 0.054649685 
337 582 9 11 0.05460657 
152 470 7 9 0.054606196 
570 484 8 11 0.054572195 
183 494 7 9 0.054498132 
95 564 8 11 0.05448744 
911 505 7 9 0.05448058 
608 479 8 10 0.054303173 
678 324 10 13 0.05429017 
801 600 9 13 0.05426136 
705 583 9 11 0.05416044 
206 439 7 10 0.054100905 
328 549 8 9 0.05400118 
296 473 7 9 0.05399667 
302 622 19 23 0.05398955 
117 532 10 12 0.053886708 
322 683 13 19 0.053865768 
725 535 8 10 0.053864382 
376 623 10 12 0.053853944 
511 439 7 9 0.05378006 
506 503 8 9 0.053746555 
875 622 11 14 0.053711377 
848 391 8 10 0.05369018 
402 392 7 9 0.053650297 
590 526 9 12 0.053648178 
765 644 11 14 0.053535916 
80 535 8 9 0.05352827 
911 408 8 9 0.053518306 
760 383 8 11 0.05351629 
112 592 8 10 0.053501826 
790 503 9 12 0.053353526 
896 414 8 10 0.05330109 
896 478 8 10 0.053295914 
847 534 9 12 0.053278327 
823 595 9 11 0.053178497 
558 495 7 10 0.05312613 
894 636 15 18 0.0531133 
311 449 6 9 0.053083163 
377 565 8 9 0.05305976 
186 549 9 11 0.05301585 
76 613 11 14 0.053004976 
552 559 8 10 0.05299732 
312 581 8 11 0.052978594 
986 606 21 27 0.052977968 
886 543 10 12 0.05295324 
335 453 9 10 0.05293558 
65 382 8 10 0.052931003 
817 572 8 10 0.052826364 
888 472 7 10 0.05277806 
575 534 8 10 0.052766524 
560 447 7 9 0.052756496 
89 614 10 13 0.0527351 
433 420 8 11 0.05272314 
855 368 7 9 0.05270295 
846 646 13 16 0.052647304 
31 549 9 12 0.052617975 
798 404 8 11 0.05255837 
261 367 9 11 0.05253844 
944 595 15 18 0.052530836 
288 385 7 9 0.052529432 
601 413 8 10 0.052497897 
328 596 9 12 0.05247394 
455 612 9 12 0.052464027 
1007 675 11 16 0.05246102 
441 521 8 10 0.052449018 
585 591 8 10 0.05238392 
439 440 8 9 0.05231084 
126 573 8 10 0.05223812 
127 600 9 12 0.052232154 
357 612 9 10 0.052212052 
273 421 8 9 0.052126266 
89 334 7 9 0.051989306 
342 551 8 11 0.051958144 
536 430 6 9 0.051932488 
184 446 7 8 0.051927697 
266 493 7 10 0.051921617 
951 516 9 12 0.05186711 
792 330 9 11 0.051831406 
479 551 7 10 0.05178151 
221 637 12 17 0.051669277 
797 560 10 13 0.05160545 
192 598 8 11 0.051596433 
505 520 7 10 0.051498782 
553 455 7 10 0.051482912 
222 690 11 14 0.051477477 
471 485 8 10 0.051421177 
952 478 9 11 0.051410183 
783 391 7 8 0.051392257 
563 594 11 14 0.051382057 
635 587 11 13 0.051377747 
254 573 10 13 0.051376898 
320 495 8 9 0.05131856 
519 391 7 9 0.051293667 
919 683 11 15 0.05127133 
298 390 7 9 0.051235087 
328 495 9 11 0.051223256 
752 535 8 9 0.0511982 
471 463 8 9 0.05115161 
423 597 9 11 0.051138703 
840 393 8 9 0.051118404 
632 388 8 11 0.051059596 
566 585 9 11 0.05104099 
768 390 7 10 0.05094688 
785 340 10 12 0.050919753 
38 567 10 12 0.050911985 
759 550 9 11 0.05090917 
215 642 13 17 0.050903015 
440 455 9 10 0.050835017 
597 644 9 12 0.050812796 
871 511 8 11 0.050805945 
174 423 8 10 0.050805118 
479 568 9 10 0.05080038 
71 510 9 10 0.050793316 
192 643 11 15 0.050764732 
777 548 8 10 0.050745282 
232 558 8 9 0.05061394 
1013 519 10 14 0.050597243 
400 550 7 10 0.05058375 
654 544 8 10 0.05057284 
295 510 9 11 0.050563913 
447 612 10 11 0.05055837 
991 534 13 15 0.050481312 
831 596 10 12 0.05023364 
287 481 8 9 0.050209425 
499 454 7 9 0.050195366 
392 539 9 12 0.050139967 
288 493 8 9 0.05012841 
709 662 16 20 0.05007407 
681 606 9 12 0.05002542 
936 441 6 9 0.050001405 
817 486 8 11 0.049960174 
9 614 10 13 0.049930558 
631 576 9 12 0.04992811 
440 613 9 11 0.04989302 
26 595 11 16 0.049868852 
489 592 9 11 0.049858287 
504 462 8 10 0.04985315 
358 582 9 11 0.04982311 
656 424 7 9 0.049801283 
160 527 8 10 0.049789462 
689 503 8 10 0.04978727 
58 408 7 9 0.049777217 
129 489 7 9 0.049770866 
498 448 8 10 0.049716767 
574 390 7 8 0.049708128 
616 590 8 11 0.049606606 
535 574 9 11 0.049605083 
410 477 8 11 0.049598258 
346 528 8 12 0.049569745 
416 620 10 13 0.049533494 
153 446 7 9 0.0495326 
61 542 9 11 0.049524583 
567 479 9 11 0.049478278 
540 598 9 11 0.04943827 
168 559 10 12 0.04943603 
231 487 7 10 0.049411133 
875 627 12 17 0.04940383 
335 383 7 9 0.049398858 
783 439 7 9 0.049394984 
352 453 8 9 0.049354557 
581 680 21 26 0.049350005 
788 614 10 13 0.049331952 
504 576 9 11 0.0492965 
447 441 7 9 0.04928801 
181 747 15 18 0.049287047 
221 681 13 19 0.049245596 
383 596 9 11 0.049217872 
104 455 7 9 0.04920295 
529 414 8 10 0.049172975 
391 598 9 10 0.049106594 
249 424 7 9 0.049097627 
430 472 7 9 0.049096428 
289 472 7 9 0.04905208 
904 389 7 10 0.0490471 
376 407 7 9 0.049032196 
261 431 8 9 0.04901314 
929 533 10 13 0.0489749 
750 496 8 9 0.04891152 
527 598 10 13 0.04889032 
64 425 7 9 0.048882782 
757 675 13 16 0.048869856 
653 637 11 12 0.04884556 
553 489 8 10 0.04881776 
630 405 8 10 0.048817202 
513 497 8 9 0.048789166 
295 431 7 8 0.048764728 
581 543 7 9 0.048758898 
656 526 8 10 0.04868453 
597 724 12 15 0.048667286 
293 627 11 16 0.04865871 
48 556 9 12 0.048648953 
410 486 8 11 0.04862066 
463 407 7 9 0.04860814 
950 486 10 13 0.04860305 
110 505 7 9 0.0486005 
135 487 7 9 0.04858193 
929 527 9 11 0.04857867 
637 669 21 27 0.04857158 
127 512 10 12 0.048548087 
369 385 6 8 0.048523735 
575 605 18 23 0.048497606 
738 364 10 13 0.04849556 
490 414 7 9 0.04848852 
807 528 8 10 0.04847674 
806 629 13 16 0.048466347 
898 690 15 19 0.04844971 
335 612 10 12 0.048413686 
146 431 7 10 0.04840943 
159 605 9 12 0.048358012 
599 501 8 10 0.04832597 
270 682 13 21 0.048290323 
472 582 9 11 0.04827573 
552 580 9 10 0.048266653 
742 580 10 12 0.0482633 
745 318 8 11 0.04826131 
417 382 6 9 0.04823811 
489 409 7 8 0.048231903 
374 391 8 10 0.048225455 
184 471 8 9 0.048218857 
575 385 6 8 0.04821774 
393 557 8 10 0.048211373 
557 585 18 24 0.04810785 
428 672 14 19 0.0481051 
958 527 9 11 0.048089273 
223 463 7 10 0.04807661 
418 417 7 9 0.04802652 
391 574 8 11 0.048001923 
80 542 9 11 0.048000913 
893 504 7 9 0.047977585 
359 599 8 10 0.047974654 
405 692 12 18 0.047970034 
447 455 8 10 0.047957886 
887 416 7 10 0.047898475 
89 558 8 12 0.047897443 
583 535 7 10 0.047838535 
530 503 7 8 0.047788285 
270 439 9 10 0.047726866 
167 605 9 11 0.047713324 
110 368 9 12 0.04766355 
227 642 14 17 0.047617357 
86 603 9 12 0.047527958 
169 478 7 9 0.047525153 
536 503 7 10 0.04751656 
846 470 7 10 0.04745425 
1007 628 11 15 0.04742208 
558 574 9 11 0.04737782 
446 446 8 10 0.047310367 
209 453 7 9 0.04726358 
478 592 9 11 0.047252156 
488 557 9 10 0.04724732 
206 624 10 12 0.04720871 
150 613 10 11 0.04717751 
224 440 7 9 0.04716881 
199 600 8 10 0.04712771 
734 471 8 10 0.047110017 
213 635 12 16 0.04701746 
669 533 8 9 0.04699945 
194 534 7 10 0.046974022 
654 551 8 10 0.046962265 
728 588 9 12 0.046928916 
930 516 8 10 0.04692685 
464 441 8 10 0.046922334 
289 434 7 8 0.046911653 
56 549 9 12 0.04690774 
193 511 8 10 0.04688903 
734 497 8 10 0.0468856 
170 454 7 9 0.046874326 
259 399 7 9 0.046774663 
424 512 7 10 0.04676501 
72 470 8 10 0.046704937 
560 553 7 9 0.04667015 
600 376 7 10 0.046634983 
694 496 8 9 0.046628095 
177 488 7 9 0.04661737 
304 454 8 10 0.046609912 
784 423 8 10 0.04659432 
592 382 7 8 0.046582215 
511 453 8 10 0.046552766 
274 587 9 13 0.046497587 
865 401 7 9 0.04646697 
805 488 8 10 0.04646203 
913 399 8 10 0.046394017 
575 494 9 11 0.046390586 
536 526 8 10 0.046355918 
776 393 7 9 0.046340425 
157 439 7 10 0.046278536 
671 487 7 9 0.046278093 
558 385 7 8 0.046245754 
879 651 12 16 0.0462434 
21 526 8 10 0.046233706 
391 416 7 9 0.046157315 
682 597 9 12 0.046082906 
62 461 9 13 0.046076573 
201 469 7 9 0.046057355 
206 446 8 11 0.046026807 
432 566 8 11 0.04601148 
52 439 9 11 0.045960754 
825 422 8 10 0.045938615 
927 649 21 32 0.045932177 
942 535 8 12 0.045924634 
353 695 21 26 0.045851413 
590 509 9 11 0.04583944 
849 350 8 11 0.045836087 
69 382 8 10 0.045831297 
374 511 9 10 0.045815602 
633 472 6 9 0.045782212 
709 391 9 13 0.045767065 
569 501 8 11 0.045730624 
743 438 7 9 0.045712285 
7 566 10 11 0.045675684 
638 424 8 10 0.04567353 
495 644 13 15 0.045630194 
391 583 8 11 0.04560248 
543 525 7 10 0.045594413 
177 462 7 9 0.04555954 
622 613 11 13 0.045541402 
399 604 9 12 0.045539226 
312 422 7 8 0.04551005 
511 407 7 8 0.045488164 
760 545 8 9 0.045476448 
983 583 11 13 0.04546026 
434 488 8 10 0.045411043 
382 566 8 10 0.045407612 
948 703 17 22 0.04539005 
57 461 9 11 0.045367155 
857 455 7 10 0.045350723 
576 617 10 14 0.045345664 
789 619 10 14 0.045317993 
392 422 7 8 0.04528856 
159 613 9 11 0.045272738 
96 446 7 10 0.045268938 
247 577 9 12 0.04522263 
533 627 10 13 0.045207474 
570 702 24 37 0.045187272 
242 478 9 11 0.045178898 
414 487 8 10 0.045149017 
905 541 8 11 0.045143638 
30 537 8 11 0.045112383 
465 560 8 10 0.045095257 
431 596 8 11 0.04505396 
554 384 7 9 0.04505023 
305 448 8 9 0.045030028 
344 406 8 10 0.04498512 
606 532 10 11 0.044970185 
754 650 21 27 0.044969246 
344 424 7 8 0.044961773 
800 542 8 11 0.044921853 
207 488 8 11 0.044918373 
800 479 8 9 0.044914503 
378 477 7 10 0.044913173 
471 575 8 10 0.04488949 
160 556 8 12 0.044871666 
313 575 7 9 0.044855624 
916 541 10 14 0.04484479 
607 441 8 9 0.044833638 
273 471 7 9 0.044825744 
508 647 13 17 0.044797756 
424 384 7 8 0.044791557 
249 429 7 9 0.044762373 
591 607 10 11 0.044750817 
634 445 8 10 0.044653747 
495 535 7 9 0.044644836 
768 510 7 9 0.044628944 
902 559 9 11 0.04462628 
136 478 8 10 0.04462395 
888 422 7 8 0.044605386 
399 455 7 9 0.04458154 
697 595 9 12 0.044572104 
321 434 6 8 0.044562005 
870 431 8 9 0.04455169 
680 462 8 10 0.044507574 
689 511 8 9 0.044496402 
842 471 8 10 0.044489916 
858 481 8 10 0.044460706 
719 598 9 11 0.044399675 
824 519 8 10 0.04438278 
630 485 8 10 0.044368383 
70 496 8 9 0.04435414 
316 676 12 17 0.044346653 
176 479 7 10 0.044323932 
710 690 22 30 0.044281565 
61 415 8 9 0.044260506 
768 485 8 10 0.044248942 
461 531 9 11 0.044208694 
518 598 12 14 0.04419753 
319 583 8 10 0.044181526 
656 574 8 11 0.04415038 
137 535 8 11 0.04414388 
624 358 7 10 0.04411708 
538 399 8 10 0.044106312 
884 649 13 17 0.044042256 
256 497 7 9 0.04403168 
241 422 7 9 0.044022314 
96 487 8 9 0.04398774 
909 586 12 17 0.043976035 
837 552 8 11 0.043964647 
230 543 8 10 0.043956444 
344 557 8 10 0.043935783 
423 518 7 9 0.043910645 
946 668 11 17 0.043868624 
479 416 7 9 0.043853626 
519 495 7 9 0.04379541 
873 389 7 9 0.04375272 
727 389 10 12 0.04374938 
994 519 10 13 0.04373812 
806 517 8 10 0.043732226 
975 625 11 15 0.043717444 
400 463 7 9 0.043709382 
831 432 7 9 0.043680348 
702 707 23 30 0.043677233 
792 523 8 11 0.04366984 
327 480 8 10 0.043666065 
719 529 9 11 0.043662816 
488 543 8 9 0.04362395 
536 424 6 9 0.043619793 
865 431 7 10 0.04355902 
377 375 7 10 0.043552157 
311 438 7 9 0.04354603 
831 486 8 9 0.043545544 
472 418 8 9 0.04353487 
679 439 7 10 0.043523107 
581 617 11 15 0.043487955 
608 588 9 12 0.04345663 
432 638 11 13 0.043430205 
865 406 8 9 0.04342944 
682 591 9 11 0.043417953 
766 384 7 10 0.04337775 
844 663 22 30 0.04333875 
364 544 11 12 0.04333056 
957 560 9 11 0.043296862 
896 511 7 9 0.043288782 
855 423 6 8 0.043287493 
805 567 8 11 0.0432789 
345 385 6 8 0.043267947 
209 478 7 9 0.04324822 
888 484 8 10 0.043240044 
678 614 11 13 0.043235637 
833 582 8 10 0.04321064 
960 462 8 10 0.043200392 
783 383 7 9 0.043182198 
560 605 9 11 0.04316536 
303 614 10 12 0.04313199 
829 527 8 11 0.043129236 
568 423 8 9 0.043089945 
111 580 9 11 0.043077637 
744 486 8 9 0.04307609 
816 607 10 14 0.043062534 
46 540 9 11 0.043052804 
575 462 7 10 0.0429681 
89 320 9 11 0.04294463 
686 479 9 11 0.04294226 
328 391 6 8 0.042926766 
303 535 9 11 0.042917736 
768 330 10 13 0.042913426 
206 414 8 10 0.042913217 
890 694 16 20 0.042888798 
558 509 8 10 0.042874757 
551 518 8 10 0.042866614 
529 496 7 10 0.042862102 
656 580 8 11 0.04284765 
718 635 11 13 0.042846356 
832 591 8 10 0.042819683 
375 454 7 10 0.042816877 
502 470 8 9 0.04280797 
767 545 7 8 0.042772878 
312 495 8 9 0.042734817 
662 590 10 12 0.04272739 
361 557 9 11 0.042692672 
801 511 8 11 0.042602524 
839 588 11 12 0.042579032 
855 336 9 10 0.042560127 
913 389 8 10 0.042556956 
873 423 7 9 0.042508993 
134 382 8 10 0.042493585 
730 503 8 11 0.042456564 
829 739 12 17 0.042400677 
702 478 8 11 0.04239708 
767 473 8 9 0.04236132 
10 704 16 19 0.042357612 
801 535 8 9 0.04231443 
79 592 11 14 0.04229698 
390 502 8 10 0.04229294 
305 644 10 13 0.04228381 
574 527 8 10 0.04226731 
288 445 8 10 0.042222273 
774 644 12 16 0.042206906 
865 503 8 10 0.04220185 
590 532 9 12 0.04218431 
929 408 7 9 0.042181913 
417 421 8 10 0.042150635 
454 607 9 11 0.04213358 
138 471 7 9 0.042124312 
684 613 11 14 0.04209679 
25 481 8 10 0.04207548 
626 406 7 10 0.042055875 
240 542 9 11 0.042054363 
168 503 8 10 0.0420489 
721 612 10 14 0.04203896 
649 461 8 10 0.042037897 
900 628 12 17 0.04202316 
545 393 7 9 0.0420216 
228 667 14 18 0.042013228 
152 334 7 10 0.042004917 
397 476 8 11 0.041977473 
749 511 8 10 0.041940387 
775 483 9 12 0.041914675 
95 533 8 11 0.041907627 
112 568 9 10 0.041871343 
318 667 11 15 0.041863777 
737 567 8 11 0.04183762 
356 706 22 29 0.041808344 
31 564 9 12 0.041785594 
710 628 10 14 0.04176868 
782 359 9 10 0.04175068 
606 525 10 12 0.041738708 
504 431 8 10 0.041720606 
186 575 9 12 0.041697603 
318 650 12 15 0.041642882 
176 620 10 13 0.041637342 
715 357 10 13 0.041622 
749 605 18 21 0.041587755 
240 399 8 10 0.041585334 
504 525 8 10 0.04158424 
728 600 9 12 0.041573133 
481 399 7 9 0.04156889 
160 518 8 10 0.041541338 
305 416 7 8 0.041536365 
497 377 8 10 0.041485313 
847 503 8 10 0.041478325 
584 415 7 9 0.041463014 
824 480 8 9 0.04145473 
912 384 8 10 0.041414436 
839 583 9 11 0.041407917 
296 456 8 9 0.041390233 
340 722 16 22 0.041379783 
78 549 10 12 0.04137057 
638 687 24 27 0.041352626 
551 525 9 10 0.041322526 
90 326 8 11 0.041286997 
781 486 8 11 0.04125641 
766 595 10 12 0.041243885 
879 457 6 9 0.041227944 
82 302 8 11 0.041207284 
456 404 7 9 0.04119187 
204 527 9 11 0.0411863 
912 509 7 9 0.04116209 
631 400 7 9 0.04114773 
756 678 20 25 0.04113765 
674 430 8 10 0.041129522 
510 660 13 17 0.04112343 
328 424 8 9 0.041114148 
217 462 8 8 0.041103378 
537 480 7 9 0.041067645 
426 391 8 10 0.041059777 
288 542 7 10 0.041046653 
866 543 14 16 0.041031472 
687 519 7 9 0.041017633 
584 510 9 12 0.040953916 
712 423 7 9 0.040892538 
849 525 8 10 0.04088288 
870 590 10 14 0.040856082 
328 431 7 8 0.040854387 
975 446 7 9 0.04084304 
849 423 6 8 0.04080512 
583 405 8 10 0.040795848 
9 501 7 11 0.040794004 
464 418 7 9 0.040779885 
888 509 8 10 0.04076092 
427 681 15 19 0.04072977 
759 568 11 12 0.04072937 
921 511 7 10 0.040709544 
904 510 8 10 0.040699225 
705 402 10 13 0.040687405 
71 437 7 10 0.040679775 
774 720 13 21 0.04066264 
449 503 9 12 0.040585812 
794 565 10 12 0.040577736 
256 533 8 10 0.04057577 
441 446 8 10 0.040575307 
97 441 6 7 0.040557437 
62 549 9 12 0.040553603 
808 549 9 11 0.04055299 
799 736 14 21 0.040525697 
992 712 25 32 0.040506 
86 590 9 11 0.04049521 
322 487 7 9 0.040479455 
112 526 9 11 0.04042912 
848 432 7 9 0.04039026 
471 470 8 10 0.040368706 
598 423 9 11 0.040368523 
733 326 8 10 0.040346947 
336 650 11 15 0.040332627 
289 390 7 8 0.040308576 
919 416 7 8 0.0403008 
270 501 10 11 0.0402921 
73 453 8 9 0.04027958 
585 495 8 11 0.040244754 
767 550 8 10 0.04024295 
856 728 24 28 0.040237736 
856 611 12 16 0.040203243 
230 470 7 10 0.040180054 
228 567 10 12 0.040171847 
151 517 8 10 0.04015499 
550 675 12 15 0.04012502 
416 473 7 9 0.040102422 
57 628 10 13 0.040098157 
896 409 7 9 0.04009246 
199 620 10 12 0.040084936 
778 438 6 9 0.040077373 
78 464 7 10 0.04007351 
575 519 7 9 0.040051714 
33 455 8 9 0.040031265 
169 723 12 17 0.040028457 
301 566 9 11 0.04001693 
913 366 8 11 0.04000225 
332 699 15 19 0.03999443 
504 415 7 9 0.03996124 
42 438 8 11 0.039938 
90 448 7 9 0.039935227 
495 489 8 10 0.039932773 
190 472 7 9 0.039900944 
760 389 7 10 0.0398871 
359 401 7 7 0.03985802 
391 520 7 9 0.03985256 
384 606 9 10 0.039842226 
775 673 12 17 0.039834697 
840 485 8 9 0.03981629 
662 636 10 12 0.03978922 
833 480 7 9 0.039774865 
147 625 11 14 0.039753422 
598 605 9 11 0.039744254 
393 454 7 9 0.039742325 
518 525 8 10 0.039703213 
941 517 9 12 0.03969097 
769 522 7 9 0.039684646 
849 385 8 9 0.039679483 
780 681 11 16 0.039658774 
560 441 7 9 0.039648633 
48 479 8 10 0.039645776 
601 397 8 10 0.039610848 
72 449 7 8 0.039554264 
628 628 11 14 0.0395113 
408 518 8 10 0.03948435 
860 664 13 18 0.03945175 
215 607 12 14 0.039432585 
263 372 7 10 0.039417867 
501 376 9 12 0.039401162 
434 673 20 25 0.039394204 
385 510 8 10 0.039393976 
80 528 8 10 0.039391387 
318 417 6 8 0.039372288 
432 462 8 10 0.03935012 
848 416 7 9 0.039311253 
384 406 7 9 0.039289176 
63 527 8 10 0.03926033 
175 376 8 10 0.03925886 
134 589 8 11 0.039233685 
920 567 10 14 0.03920997 
577 407 7 9 0.03916741 
247 544 8 9 0.03913539 
565 630 12 15 0.039129645 
159 584 9 11 0.039112013 
917 524 8 11 0.0391086 
105 503 8 11 0.039089378 
854 342 9 11 0.039044186 
608 558 9 11 0.03901479 
455 598 9 11 0.038955435 
345 685 21 26 0.03893856 
458 446 7 9 0.03888781 
142 479 8 10 0.038873035 
233 376 7 9 0.03887041 
480 478 8 10 0.038846083 
597 428 9 11 0.038809698 
222 424 7 9 0.038764644 
504 694 16 22 0.038743768 
477 430 7 9 0.038742784 
341 690 16 20 0.03873514 
271 526 8 11 0.03870586 
703 558 8 10 0.03869547 
383 575 9 11 0.038693976 
933 564 10 13 0.038679205 
367 631 12 14 0.03866543 
190 623 10 12 0.03866407 
276 623 10 13 0.03865924 
258 372 7 10 0.03863338 
549 701 27 36 0.038629055 
175 429 8 9 0.038628757 
279 373 7 10 0.038625572 
728 325 10 11 0.03861252 
294 439 7 10 0.038572162 
201 588 10 13 0.038562886 
314 518 8 11 0.038550384 
620 651 13 15 0.03854573 
383 494 8 10 0.038530793 
786 518 8 11 0.038517177 
779 636 11 14 0.038461886 
497 551 8 11 0.038438134 
392 393 6 8 0.038422495 
71 425 7 10 0.0384118 
727 484 8 10 0.03833097 
558 487 7 10 0.03832442 
727 575 9 12 0.038320497 
17 487 8 9 0.038305257 
928 512 8 11 0.038305208 
480 495 8 10 0.038295835 
662 713 18 25 0.03829503 
357 630 11 14 0.03829492 
431 479 8 9 0.038243752 
143 400 8 10 0.03821902 
785 375 8 10 0.038209192 
497 358 7 11 0.038209032 
723 480 7 9 0.038200162 
193 429 8 10 0.03816752 
423 477 8 10 0.038123015 
463 522 7 9 0.03809685 
281 438 7 10 0.03807236 
303 385 7 9 0.03807057 
69 579 10 13 0.03804806 
930 441 7 8 0.038046855 
695 487 8 9 0.038039543 
512 709 58 57 0.038022798 
785 406 7 10 0.037984267 
777 589 9 12 0.037977524 
222 416 7 9 0.03797479 
479 527 9 10 0.037967265 
906 383 8 11 0.0379611 
250 550 8 10 0.037945457 
545 510 8 10 0.037930798 
630 622 8 12 0.0379246 
864 527 8 11 0.037919816 
928 497 8 10 0.0379036 
329 499 9 12 0.03789905 
990 503 8 10 0.037897844 
709 607 9 11 0.037875257 
577 439 8 10 0.037848245 
790 589 9 12 0.037834685 
825 388 8 10 0.037807543 
869 485 9 11 0.037799463 
432 386 7 9 0.037765473 
1014 558 10 15 0.037757777 
40 541 8 11 0.03774896 
683 619 11 14 0.037743263 
222 559 8 9 0.037716184 
425 590 8 11 0.03770949 
696 471 8 11 0.03765032 
314 566 9 11 0.037645422 
391 495 8 11 0.037610676 
281 393 6 8 0.03760078 
831 437 8 10 0.037600145 
502 557 8 9 0.037564773 
637 680 14 18 0.037548896 
606 341 8 12 0.03753437 
496 430 8 10 0.037524324 
87 533 9 10 0.037524257 
386 637 10 13 0.037494306 
240 416 7 8 0.037471067 
72 478 8 10 0.037436865 
294 559 9 11 0.03742636 
524 454 8 10 0.03740956 
978 714 14 21 0.037376285 
304 351 8 9 0.037367694 
600 510 9 11 0.037357353 
152 504 7 9 0.03735541 
848 406 7 9 0.037331138 
214 472 8 10 0.037316576 
809 503 8 11 0.037309963 
85 631 9 13 0.03730842 
320 550 8 9 0.03730809 
885 548 9 12 0.037304368 
304 636 11 15 0.037278756 
303 495 8 9 0.037260726 
304 424 7 7 0.0372606 
622 463 8 9 0.037256833 
560 390 7 9 0.037254144 
439 383 8 9 0.037230026 
826 456 8 10 0.03721299 
703 541 8 11 0.037211794 
688 583 9 11 0.037202824 
623 532 8 11 0.03719394 
39 486 8 11 0.037183903 
232 454 7 9 0.037150018 
791 606 9 12 0.03714998 
785 416 8 9 0.03714771 
916 548 9 13 0.03714562 
761 455 8 10 0.037144165 
872 456 8 10 0.037091948 
830 468 8 11 0.03708453 
896 423 7 9 0.037068095 
737 437 7 9 0.037039597 
304 486 7 9 0.037013784 
841 414 8 10 0.037003953 
374 384 7 9 0.036976255 
384 614 9 11 0.03694661 
752 447 6 9 0.036916964 
631 703 29 37 0.03691412 
505 406 8 9 0.036912452 
838 373 8 9 0.036912408 
588 271 15 20 0.036900003 
837 661 15 18 0.036873236 
575 456 7 9 0.036870845 
696 477 9 11 0.036842752 
66 616 9 12 0.036826946 
644 660 11 16 0.036826834 
872 384 7 9 0.036766887 
790 464 8 10 0.036762208 
192 479 7 8 0.03673115 
79 470 7 9 0.036726214 
966 649 15 20 0.036724005 
958 501 9 12 0.036722142 
304 463 8 8 0.036678445 
143 527 9 10 0.03667498 
320 478 7 10 0.036653534 
777 470 8 9 0.036643956 
609 471 8 11 0.036640108 
260 722 12 16 0.0366154 
263 480 8 11 0.036594994 
296 525 8 11 0.036575075 
70 377 7 10 0.036563467 
639 464 7 8 0.036561772 
169 383 7 9 0.036508236 
588 671 13 16 0.036471076 
458 391 7 9 0.036461253 
863 383 7 10 0.036444485 
801 432 8 10 0.036412947 
558 366 7 10 0.036408946 
1011 610 12 16 0.036405023 
585 643 10 13 0.036404606 
353 540 8 9 0.03639161 
479 557 8 11 0.03638525 
33 688 14 17 0.036384575 
25 469 7 10 0.036352612 
185 509 7 9 0.036315832 
800 438 8 10 0.036312517 
600 454 8 9 0.03629259 
958 493 9 11 0.03628531 
489 494 8 10 0.0362809 
777 374 8 10 0.03627485 
320 571 8 11 0.03626725 
668 663 12 17 0.036266483 
224 489 9 11 0.036238253 
80 356 8 12 0.036235224 
200 487 8 10 0.03623511 
377 551 8 12 0.03621017 
639 471 7 9 0.036204197 
553 478 7 10 0.03620044 
445 520 9 11 0.03618581 
751 462 8 9 0.036181394 
599 471 8 11 0.036162816 
470 480 7 9 0.036156233 
568 454 8 10 0.03615521 
528 622 10 13 0.03614099 
232 501 8 10 0.036127858 
724 628 11 13 0.036111034 
95 373 7 11 0.03607877 
616 654 11 14 0.036007553 
650 545 8 10 0.036005385 
313 408 6 9 0.035978023 
572 636 11 14 0.03597081 
792 365 10 13 0.035970293 
9 493 8 11 0.0359698 
543 560 9 11 0.035968058 
15 455 8 10 0.03594318 
629 674 14 19 0.035940785 
765 565 9 12 0.03591012 
464 479 8 10 0.0359005 
29 480 8 9 0.035877742 
150 432 8 11 0.035851263 
751 579 9 12 0.03584853 
707 622 11 14 0.03583924 
471 368 8 10 0.035813857 
808 573 8 10 0.035798244 
357 470 11 14 0.035780817 
875 705 15 19 0.035742726 
407 399 7 9 0.035726454 
127 610 10 13 0.0357154 
605 407 8 10 0.035692938 
761 461 8 10 0.03565223 
916 690 13 18 0.035630137 
201 493 8 11 0.03562232 
561 406 7 9 0.035607323 
586 500 9 11 0.035597928 
488 551 8 10 0.035552833 
391 510 8 10 0.035550877 
190 504 8 9 0.035526406 
145 455 7 9 0.03552507 
136 567 8 11 0.035513345 
751 487 8 10 0.0354974 
933 572 10 13 0.035495758 
189 628 10 13 0.035479337 
478 544 8 10 0.03547462 
545 447 8 11 0.03544686 
14 502 9 10 0.03544314 
905 323 10 13 0.035405643 
328 400 6 8 0.03540354 
862 461 8 10 0.03538731 
800 471 8 11 0.035384297 
492 659 12 15 0.035378583 
654 629 11 14 0.035369642 
504 603 9 11 0.035358477 
742 606 12 14 0.035319317 
169 571 9 11 0.03530992 
41 432 7 9 0.035298858 
368 446 7 10 0.035295434 
659 646 11 15 0.03528947 
120 516 10 12 0.035286378 
456 418 7 9 0.035193685 
385 527 8 9 0.035181116 
816 595 10 13 0.03517677 
848 647 21 24 0.03516458 
943 558 8 11 0.035163656 
329 416 7 9 0.03516017 
913 437 8 10 0.03514382 
687 545 8 10 0.035120845 
773 712 22 34 0.035112944 
520 423 7 10 0.035109185 
647 379 9 13 0.03509229 
0 613 7 12 0.035092108 
430 643 11 13 0.035077933 
184 477 8 10 0.03506655 
687 456 8 9 0.035059072 
634 566 9 11 0.0350433 
480 453 8 10 0.035023276 
22 519 8 11 0.03502073 
72 550 9 12 0.034991577 
391 433 8 9 0.034979418 
223 430 7 9 0.034936853 
807 533 8 10 0.03492752 
627 375 8 10 0.034923162 
32 510 9 13 0.034908682 
95 502 8 11 0.034898557 
314 502 8 11 0.034871064 
823 503 8 10 0.034869757 
501 658 13 17 0.03485939 
311 392 7 8 0.03484722 
590 611 10 12 0.034847 
273 688 14 21 0.034845605 
860 607 10 12 0.03478222 
311 433 7 9 0.034777097 
640 517 9 11 0.034775954 
577 599 8 9 0.03476841 
448 629 11 14 0.034743674 
327 472 7 9 0.034740485 
62 535 9 9 0.034737647 
825 416 7 10 0.03472069 
849 630 20 24 0.034662746 
424 360 8 10 0.034661047 
296 614 10 11 0.034657713 
214 477 9 10 0.034629565 
455 440 8 9 0.034613967 
95 551 18 24 0.034588866 
97 470 8 10 0.034573898 
126 526 9 12 0.034549095 
472 625 11 14 0.03454878 
741 715 15 19 0.034526315 
118 642 12 16 0.03452195 
72 406 7 9 0.034516513 
679 545 9 11 0.0345071 
424 545 8 10 0.03449592 
279 407 6 9 0.03449106 
78 557 10 12 0.034481492 
399 708 22 30 0.034475416 
520 477 7 10 0.034432855 
113 533 9 12 0.034422465 
385 502 8 11 0.03441306 
399 529 7 7 0.034402553 
370 389 7 10 0.034399286 
432 605 9 11 0.034391627 
882 470 8 11 0.034376543 
312 399 7 9 0.034371156 
584 652 10 14 0.03436345 
509 118 12 17 0.03436344 
186 503 7 9 0.034362283 
447 525 8 11 0.03436166 
510 430 7 10 0.034353327 
23 503 8 10 0.034333386 
527 533 8 11 0.034329858 
775 365 8 10 0.034320284 
136 622 10 13 0.034319755 
369 582 9 11 0.034311984 
534 416 7 9 0.034299348 
93 320 9 11 0.034286547 
128 532 9 11 0.034249563 
974 646 14 18 0.03424463 
983 599 14 18 0.034241762 
465 471 7 9 0.034218892 
40 471 7 9 0.034202002 
264 438 7 10 0.034191377 
207 470 8 10 0.034190085 
662 620 10 13 0.03418231 
216 385 7 9 0.034120362 
952 473 7 9 0.03411947 
761 447 8 9 0.03411545 
279 509 8 12 0.034114204 
890 678 14 17 0.03411416 
260 645 12 16 0.034105588 
365 471 8 11 0.034099076 
616 463 9 11 0.034094714 
701 535 9 11 0.034073845 
230 510 9 12 0.03402529 
376 577 9 11 0.034015622 
357 651 13 16 0.0340149 
841 438 8 11 0.03401028 
904 588 12 15 0.03400677 
751 455 8 9 0.034005325 
823 316 10 13 0.034005165 
261 470 7 10 0.0339915 
376 493 8 11 0.033977803 
224 446 7 10 0.03396003 
192 456 7 8 0.033955645 
161 478 7 8 0.033953544 
175 510 8 9 0.033946164 
335 415 7 9 0.033943374 
103 494 7 10 0.033940103 
622 568 9 11 0.03392959 
264 618 11 14 0.033927154 
335 424 8 9 0.033909597 
600 619 16 21 0.033909004 
96 479 7 9 0.033907913 
606 414 8 10 0.033901926 
570 391 6 9 0.03389872 
705 612 9 12 0.033890102 
1011 668 11 16 0.033887032 
898 462 7 9 0.033868574 
830 318 9 11 0.033855733 
887 533 10 11 0.03384683 
145 592 10 13 0.03381559 
71 318 8 11 0.033809993 
290 421 7 9 0.03380187 
892 653 13 16 0.03379941 
913 472 7 9 0.033762924 
704 619 9 14 0.033743627 
423 405 8 9 0.033741437 
480 464 7 10 0.03364636 
318 526 9 10 0.033599786 
358 455 9 9 0.033587497 
200 408 7 9 0.033573877 
248 406 7 10 0.033549838 
718 444 9 12 0.033545572 
242 565 9 12 0.033537917 
846 446 7 10 0.033521704 
684 324 10 13 0.033515427 
549 636 12 16 0.03350849 
104 581 9 11 0.033491872 
799 526 9 11 0.033489723 
736 550 8 11 0.033487715 
1005 581 19 27 0.033486355 
327 461 8 11 0.033479176 
176 447 7 9 0.03347327 
716 339 11 14 0.033467475 
671 676 24 31 0.033463903 
927 431 7 9 0.033460118 
192 446 7 9 0.033415742 
48 574 8 11 0.033407383 
47 551 9 11 0.03339819 
897 391 7 10 0.03339071 
742 596 10 12 0.033387017 
72 402 7 9 0.03335899 
222 535 9 12 0.033346966 
280 596 10 12 0.03332675 
734 464 8 9 0.03332182 
696 541 9 10 0.033320174 
175 408 7 8 0.03331971 
297 462 7 8 0.03331873 
673 327 9 11 0.03331383 
959 478 9 10 0.033302967 
543 477 7 10 0.033287264 
129 544 8 10 0.033284765 
518 509 7 9 0.033283878 
567 608 9 12 0.033262298 
249 506 10 13 0.03326198 
761 471 8 10 0.033259418 
736 344 9 12 0.033232164 
471 440 7 9 0.03323019 
956 509 10 13 0.03320776 
337 472 9 10 0.033198528 
64 485 8 10 0.03315518 
463 484 8 11 0.03315185 
567 469 9 11 0.033135653 
79 511 9 11 0.033119205 
865 415 7 9 0.0330958 
259 565 11 13 0.03309108 
311 662 10 13 0.033059828 
758 375 9 12 0.03305838 
224 630 10 14 0.03304588 
1 487 8 12 0.03304313 
30 378 10 14 0.03302573 
217 423 8 10 0.033006493 
328 408 6 8 0.03300555 
1000 589 11 12 0.032972444 
951 551 9 11 0.03296595 
577 470 7 10 0.032959387 
845 318 9 11 0.0329258 
329 456 7 9 0.03289903 
112 551 8 11 0.032894608 
859 633 11 15 0.032891892 
786 316 7 11 0.032855194 
633 462 7 10 0.032846816 
471 615 11 13 0.032842495 
464 550 7 10 0.032842197 
636 574 10 11 0.032841437 
986 539 10 15 0.032833714 
71 517 8 11 0.032830868 
161 392 7 9 0.03277829 
677 659 13 16 0.032764785 
591 517 9 11 0.032756537 
399 563 9 12 0.032749165 
895 374 8 10 0.03273643 
952 533 9 11 0.03273269 
868 480 9 11 0.032730665 
895 541 8 11 0.032725524 
182 456 7 8 0.032723147 
170 422 7 10 0.032721438 
184 612 10 12 0.032720152 
768 415 7 10 0.032698832 
424 568 8 11 0.032680344 
359 385 7 8 0.03267759 
999 646 11 16 0.032665092 
183 634 12 16 0.032662977 
31 271 9 11 0.032649368 
766 422 8 10 0.032635793 
887 527 8 11 0.0326251 
579 555 11 14 0.03261295 
390 699 13 17 0.032611683 
472 360 7 9 0.03261039 
105 429 7 9 0.032608654 
591 367 7 9 0.0325862 
783 565 9 11 0.032585595 
554 367 7 9 0.032582484 
503 543 8 10 0.03254912 
48 463 8 10 0.03254424 
104 563 8 11 0.032538876 
649 511 7 9 0.03252898 
841 432 7 9 0.032490097 
95 528 8 10 0.032466564 
175 382 7 9 0.032466546 
449 422 8 10 0.032454472 
296 446 7 9 0.032447875 
347 649 12 16 0.032435212 
313 534 7 10 0.03241322 
287 582 9 12 0.032411456 
54 527 9 11 0.032402318 
590 722 12 16 0.032402188 
72 542 9 11 0.032376196 
401 399 7 9 0.03230749 
190 544 9 10 0.032307323 
200 397 8 9 0.0322789 
662 574 8 10 0.0322747 
577 375 7 8 0.03227056 
377 541 9 12 0.032267425 
751 543 8 9 0.032262962 
929 454 7 10 0.032233365 
129 500 9 11 0.032208458 
313 526 7 10 0.03220187 
694 558 9 11 0.03219995 
906 494 8 10 0.03215307 
636 628 12 14 0.032148477 
375 447 7 9 0.032133836 
842 423 7 9 0.032125704 
765 584 9 11 0.032124747 
510 534 9 10 0.032123353 
239 375 7 9 0.032119647 
244 613 10 12 0.032116324 
55 635 11 14 0.032113913 
845 604 12 14 0.032096025 
745 651 19 26 0.03209343 
241 368 7 10 0.0320807 
934 525 8 11 0.032076627 
976 635 21 26 0.032070942 
736 478 8 10 0.03207074 
407 511 9 11 0.03203507 
881 376 7 9 0.032030422 
510 462 8 10 0.03202156 
458 566 8 12 0.032015234 
608 455 7 9 0.03201502 
509 598 11 13 0.032009356 
872 448 7 8 0.03196483 
670 627 11 14 0.031951718 
488 511 8 10 0.031945493 
185 545 8 10 0.031935718 
591 397 8 10 0.031910088 
174 574 8 10 0.03189185 
877 683 15 20 0.03188133 
749 318 10 11 0.031860232 
903 449 7 9 0.031855855 
805 384 8 12 0.031854223 
206 575 10 12 0.031848077 
806 612 10 14 0.031831898 
488 518 8 10 0.031810615 
241 472 8 10 0.03180458 
823 532 8 10 0.03179641 
687 713 17 23 0.031790655 
887 431 7 9 0.03177951 
671 494 7 9 0.031757332 
177 493 7 10 0.031748746 
858 702 41 49 0.031720486 
54 480 8 10 0.031693183 
965 567 9 11 0.03165855 
102 610 10 13 0.031654604 
623 494 7 9 0.03162496 
934 408 8 10 0.031622536 
856 448 7 9 0.03159104 
511 401 7 9 0.03158983 
143 485 8 10 0.031585332 
929 446 8 10 0.031569935 
563 657 15 18 0.031568408 
376 488 7 9 0.03156776 
487 455 8 9 0.031553283 
488 393 7 8 0.03154964 
909 690 14 19 0.031508446 
496 502 7 9 0.031497207 
589 464 9 11 0.031494766 
944 494 9 12 0.03149269 
705 389 10 14 0.031489287 
880 400 8 9 0.03146977 
800 447 7 9 0.031452246 
410 376 7 9 0.03145125 
455 493 8 10 0.03143178 
303 574 9 10 0.031367395 
888 391 8 10 0.031364255 
396 621 11 13 0.031336594 
56 484 7 10 0.03132633 
864 375 7 9 0.031326167 
871 406 7 9 0.031319402 
167 598 11 13 0.031309735 
17 462 9 11 0.031299837 
56 541 10 11 0.031293355 
831 447 9 9 0.031285316 
199 480 8 8 0.03128238 
104 462 7 10 0.031262722 
357 621 11 13 0.031260744 
449 431 7 9 0.03125586 
153 480 6 8 0.03125025 
880 546 10 14 0.03124717 
367 495 8 10 0.031246563 
167 494 8 10 0.031244656 
647 414 7 9 0.031241473 
569 55 8 10 0.031217512 
554 504 7 10 0.031208685 
12 436 10 13 0.03120332 
169 510 7 10 0.031198863 
336 558 8 10 0.031194367 
504 389 7 9 0.03119118 
485 620 10 15 0.03117816 
946 587 15 18 0.031165315 
750 516 8 11 0.031157698 
213 375 8 10 0.031150948 
489 423 8 9 0.031128315 
600 383 7 8 0.031123716 
520 589 9 11 0.031116474 
352 400 7 9 0.031100165 
822 308 10 13 0.031092895 
248 368 7 9 0.031089632 
950 566 20 24 0.031086428 
457 590 9 11 0.03107593 
845 438 8 10 0.031073814 
825 335 8 10 0.031046644 
853 660 15 19 0.031026408 
690 495 7 9 0.031023989 
135 612 9 12 0.030914309 
990 652 12 16 0.030912453 
638 623 9 12 0.030906873 
903 577 12 16 0.030901857 
633 441 8 10 0.03088154 
376 587 9 11 0.03087497 
170 431 6 9 0.030873701 
670 504 8 10 0.030815087 
674 438 8 9 0.030812507 
732 653 12 17 0.030801885 
525 446 9 11 0.030798366 
653 480 9 10 0.030768275 
432 456 8 9 0.030766722 
800 461 8 11 0.030752486 
152 527 7 10 0.030745368 
192 368 8 10 0.030721545 
766 559 9 11 0.03072151 
798 626 12 14 0.030709038 
385 520 8 9 0.030667033 
320 590 10 11 0.030664561 
462 612 10 12 0.030646805 
407 535 8 10 0.030642344 
264 534 8 10 0.03063699 
275 613 11 14 0.030635148 
881 430 7 9 0.030630603 
406 416 9 10 0.030627163 
662 582 9 10 0.03062025 
432 626 11 14 0.03059778 
350 567 9 10 0.030575305 
713 444 9 12 0.0305709 
43 680 21 26 0.030569797 
880 494 7 10 0.03056292 
730 465 7 9 0.030560391 
569 375 6 8 0.030538052 
871 565 8 10 0.030518994 
806 493 8 10 0.030514788 
401 417 8 9 0.030501986 
654 374 8 12 0.030500134 
710 574 10 12 0.030457947 
433 534 8 9 0.030436788 
930 539 10 14 0.030418156 
318 366 7 9 0.030416254 
657 597 9 11 0.03040419 
873 343 6 9 0.030389162 
701 462 7 10 0.030374805 
623 503 9 9 0.03036632 
911 489 8 10 0.030345064 
865 358 7 10 0.030327337 
296 409 6 9 0.0303128 
513 390 7 9 0.030307807 
936 455 7 10 0.030300235 
606 367 8 10 0.030284142 
633 429 7 8 0.030236783 
648 471 7 9 0.030232398 
592 352 6 8 0.030226897 
24 380 10 13 0.030225318 
903 429 8 11 0.030187095 
647 564 9 13 0.03016522 
480 407 7 9 0.030156147 
160 420 7 10 0.030147355 
287 455 8 10 0.030136649 
367 501 8 11 0.030124504 
719 452 8 11 0.030100351 
80 350 8 12 0.030095201 
465 367 7 10 0.030087154 
945 407 8 9 0.030075384 
721 590 9 11 0.03005455 
324 639 11 14 0.030034652 
405 558 9 11 0.030028913 
169 464 7 9 0.030026248 
336 430 8 9 0.030010678 
400 518 8 10 0.029996043 
502 367 7 9 0.029995868 
317 621 10 13 0.029991832 
65 468 8 11 0.029986944 
168 391 7 10 0.029958617 
631 533 9 10 0.02994966 
240 405 9 11 0.029931033 
942 549 8 11 0.029928658 
200 628 11 14 0.02992147 
87 583 9 12 0.02991639 
775 351 9 11 0.02991406 
704 550 9 11 0.029895447 
204 612 10 12 0.029887285 
727 558 10 12 0.02988727 
120 636 12 16 0.029857202 
453 622 11 13 0.02984229 
169 376 7 9 0.029823672 
615 517 9 12 0.029819878 
888 376 8 9 0.029801557 
649 481 7 9 0.02978811 
966 462 8 11 0.029786414 
72 526 8 10 0.029779924 
344 699 24 30 0.029778052 
598 592 10 13 0.02976132 
406 566 9 12 0.029749382 
261 679 16 21 0.029748213 
959 654 20 27 0.02974397 
805 431 9 10 0.029718848 
96 333 9 10 0.029710097 
767 462 8 9 0.029708985 
404 636 13 15 0.029704437 
201 384 7 9 0.029694134 
77 620 11 12 0.029654466 
41 536 9 10 0.029646603 
720 384 7 10 0.029643841 
923 589 13 17 0.029639808 
617 668 13 15 0.029638363 
906 549 9 12 0.029633123 
775 595 10 13 0.029623412 
696 583 8 10 0.029619291 
126 471 8 10 0.029604541 
186 564 9 11 0.029587194 
647 643 13 16 0.02958027 
23 581 10 12 0.029573338 
671 544 9 11 0.029563589 
142 575 9 12 0.029541092 
272 576 18 24 0.029519528 
367 598 8 10 0.0295082 
952 558 9 11 0.029504493 
37 614 10 15 0.029502459 
648 582 8 10 0.029492827 
321 445 7 10 0.029482607 
800 492 8 11 0.029453961 
537 521 7 9 0.029450879 
311 487 8 9 0.029443659 
424 667 13 19 0.029407106 
879 729 16 20 0.029400332 
592 414 7 9 0.029400058 
511 589 9 12 0.029392043 
359 391 7 8 0.029376568 
-1 667 8 17 0.02936818 
647 440 7 9 0.029359536 
805 619 12 15 0.029322123 
650 621 9 11 0.029318715 
248 494 8 10 0.02931501 
850 342 8 11 0.029311817 
906 528 7 10 0.029298695 
713 682 14 19 0.02928346 
944 448 7 10 0.02926231 
1002 713 17 21 0.029261012 
878 659 13 17 0.029256333 
383 645 10 14 0.0292465 
894 334 8 11 0.029241882 
680 511 8 9 0.029241681 
104 591 9 12 0.029238764 
167 328 8 10 0.029216448 
649 614 10 12 0.029215902 
779 645 12 16 0.029191243 
908 456 8 11 0.029189166 
920 503 8 10 0.029174726 
348 573 10 12 0.029173309 
233 440 7 9 0.02917022 
665 448 8 10 0.029163498 
280 493 8 10 0.029157098 
149 375 8 10 0.029152533 
278 502 8 10 0.029125039 
567 448 7 9 0.02911933 
569 520 7 9 0.029108377 
878 579 10 13 0.029105006 
274 367 8 10 0.02910234 
688 687 28 37 0.029091742 
829 424 8 9 0.029081214 
537 487 8 9 0.029080436 
518 98 12 15 0.029076774 
391 704 21 28 0.029076403 
88 528 8 10 0.029073147 
6 488 8 10 0.029063025 
230 659 13 18 0.0290615 
265 543 7 10 0.029035946 
489 525 7 10 0.029017016 
864 439 6 9 0.029014682 
192 380 7 9 0.029004075 
728 527 8 11 0.028998455 
241 453 7 9 0.028992131 
495 625 21 24 0.028972765 
852 735 16 19 0.028942011 
409 494 7 10 0.028940836 
320 423 6 8 0.028904755 
799 517 9 12 0.0289021 
806 404 8 11 0.028863365 
783 714 26 35 0.028857283 
639 390 8 10 0.028845727 
831 543 9 11 0.028842228 
109 604 9 12 0.028827881 
167 333 8 11 0.028825566 
984 534 10 13 0.028817609 
376 614 8 10 0.028790867 
716 43 10 12 0.02878973 
982 619 13 18 0.028768303 
351 600 10 12 0.02875115 
37 382 9 12 0.028750371 
447 622 11 12 0.028743923 
477 686 21 30 0.028707458 
767 504 8 11 0.028700244 
319 407 7 8 0.028666507 
479 448 7 9 0.028650632 
754 527 9 10 0.028650478 
472 454 8 9 0.028649405 
186 431 7 9 0.028648179 
375 419 8 10 0.028644335 
642 490 7 10 0.028635515 
112 325 8 9 0.028620914 
855 417 7 8 0.028603924 
367 607 8 11 0.028596736 
41 463 6 9 0.028591009 
789 413 9 10 0.028579718 
89 564 8 12 0.028572265 
576 399 7 8 0.028571773 
47 423 8 9 0.028569749 
496 566 8 10 0.028568432 
854 525 8 10 0.028563827 
760 440 7 9 0.028559638 
1001 547 14 17 0.02855522 
384 446 8 10 0.028549591 
97 520 8 9 0.028505238 
218 430 8 10 0.028490761 
73 357 8 11 0.028462404 
303 526 8 10 0.028455114 
287 588 10 13 0.028450934 
168 399 7 9 0.028447427 
673 424 8 10 0.028443001 
254 649 12 16 0.028398274 
516 666 12 16 0.028392145 
939 687 26 31 0.02838149 
232 397 8 9 0.028362432 
416 407 8 10 0.028350204 
759 598 11 12 0.028336024 
441 361 7 9 0.02833561 
384 414 8 10 0.028333038 
830 519 8 9 0.028323172 
575 563 9 13 0.028320633 
870 503 8 11 0.02831302 
151 457 7 9 0.02830164 
217 527 8 10 0.028261142 
960 471 9 11 0.028258253 
143 448 7 9 0.028246237 
239 550 8 10 0.028240431 
785 536 7 10 0.028203338 
824 551 8 10 0.028192205 
798 636 13 16 0.02819189 
360 431 7 9 0.028188622 
256 406 7 9 0.028187344 
264 550 8 11 0.028182527 
439 559 9 10 0.028151799 
848 559 8 10 0.028122881 
529 422 8 10 0.028119268 
575 423 7 9 0.028118214 
631 358 8 10 0.028116193 
790 636 12 15 0.028099852 
608 462 8 11 0.028086482 
239 440 7 9 0.028079597 
888 381 7 9 0.028068868 
665 480 8 10 0.028060647 
100 708 13 16 0.028048107 
333 692 14 18 0.028041938 
120 580 9 11 0.028022297 
192 416 8 8 0.02801033 
530 430 7 9 0.028009297 
225 468 9 11 0.027997721 
324 677 12 15 0.027975189 
327 613 10 12 0.027974686 
273 394 6 8 0.027970826 
630 634 11 15 0.02796771 
80 516 8 11 0.027966399 
252 629 10 14 0.027947994 
454 478 10 13 0.02793605 
952 432 6 9 0.027933987 
958 488 8 11 0.02792753 
305 408 6 9 0.027924962 
389 643 11 13 0.027888848 
826 558 7 10 0.027885607 
832 606 12 15 0.027880937 
992 511 8 10 0.02787412 
880 407 7 9 0.027868584 
302 606 10 12 0.027851678 
478 581 8 11 0.027850335 
455 521 17 23 0.027839646 
29 601 12 15 0.027839525 
767 430 7 10 0.027824728 
369 377 6 8 0.02780021 
918 583 13 18 0.027774883 
366 526 9 12 0.027773865 
353 502 8 10 0.027771292 
759 365 8 11 0.027763613 
213 660 21 28 0.02775721 
223 367 7 9 0.027756147 
37 511 9 12 0.027755886 
336 476 8 10 0.0277536 
889 699 24 28 0.02774791 
611 669 21 27 0.027745776 
849 357 7 10 0.027719082 
527 409 8 11 0.027689721 
119 349 8 10 0.027686497 
606 399 8 10 0.027667552 
134 582 9 10 0.027660577 
240 493 8 11 0.027654143 
238 629 15 16 0.027651194 
352 406 7 8 0.027645588 
585 464 8 10 0.027643386 
512 488 7 8 0.027641898 
337 368 6 8 0.027638657 
264 417 7 8 0.027634056 
623 471 7 9 0.027616106 
237 621 13 15 0.02759933 
791 649 22 28 0.027578088 
416 559 8 10 0.027574847 
838 360 9 10 0.027556838 
288 527 8 11 0.02754997 
232 392 6 9 0.027531995 
423 660 11 16 0.02752639 
881 438 7 10 0.027513055 
626 400 8 10 0.0275116 
206 597 9 13 0.027501695 
434 492 9 12 0.027499905 
968 447 8 10 0.027473668 
272 558 9 10 0.027462604 
334 683 13 17 0.0274467 
141 636 12 15 0.027425969 
904 612 10 14 0.027424999 
519 560 8 10 0.027411787 
352 511 7 9 0.02739939 
168 519 8 10 0.027390534 
265 456 8 10 0.027383436 
975 573 10 12 0.027380235 
73 463 7 11 0.027378913 
375 501 9 11 0.027374823 
421 494 8 10 0.027367227 
865 423 7 9 0.027358819 
693 551 9 11 0.027348766 
85 351 10 12 0.027342098 
153 494 9 10 0.027298663 
411 689 19 23 0.027292222 
848 367 8 10 0.027279379 
857 547 8 12 0.027271274 
407 406 8 10 0.027251033 
242 582 10 13 0.027239876 
584 360 7 9 0.02722519 
680 470 9 11 0.027208416 
391 447 7 9 0.027202299 
47 432 8 10 0.027201157 
760 521 8 11 0.027198771 
175 416 7 10 0.027184056 
796 638 21 25 0.027176157 
249 390 7 9 0.027173063 
309 590 9 12 0.02717171 
233 415 7 9 0.027170714 
209 422 7 10 0.02716749 
274 373 7 9 0.027158175 
519 613 10 12 0.027127646 
133 423 9 11 0.027122425 
464 372 8 11 0.027117172 
256 392 7 9 0.027116297 
880 462 7 9 0.027105482 
997 551 14 17 0.027102742 
408 455 7 9 0.027094517 
104 574 9 11 0.027087921 
89 375 8 10 0.027076662 
455 429 8 9 0.027061455 
185 376 7 10 0.027038014 
603 724 13 16 0.027024737 
161 464 7 9 0.027005777 
465 341 8 10 0.026997676 
302 595 10 12 0.026986979 
513 558 8 11 0.026975436 
496 542 7 10 0.026965024 
599 653 11 14 0.026955606 
215 645 24 28 0.02695548 
560 644 11 16 0.026953505 
41 525 8 10 0.026943652 
490 488 8 10 0.026942795 
966 488 9 11 0.026942682 
1 526 8 12 0.02693105 
278 635 10 14 0.026921153 
505 479 7 9 0.026918884 
840 509 8 10 0.02691861 
680 504 8 10 0.026918324 
817 303 8 11 0.026918149 
943 512 9 11 0.026908726 
160 328 7 10 0.026891857 
615 501 9 10 0.026882501 
346 401 7 9 0.026852714 
743 311 10 13 0.026849506 
439 365 9 10 0.026802607 
494 511 8 10 0.026777424 
720 464 7 9 0.026764182 
760 494 7 10 0.026742704 
320 401 7 9 0.026737137 
462 606 10 11 0.026726108 
560 460 8 10 0.02672411 
586 392 6 8 0.026703406 
257 361 7 10 0.026696589 
70 486 8 10 0.026696106 
727 601 19 22 0.026675167 
271 431 8 11 0.026670812 
610 583 9 11 0.02666552 
879 568 9 10 0.02666207 
118 476 9 12 0.026652236 
857 561 7 10 0.026641488 
302 706 39 49 0.026636077 
663 468 8 11 0.026632845 
433 406 9 10 0.02661478 
367 622 11 13 0.026608009 
710 470 9 10 0.02659646 
33 650 13 16 0.026593294 
230 584 10 12 0.02659268 
966 477 9 11 0.026579445 
206 642 12 17 0.026566941 
159 512 8 10 0.026555143 
216 414 9 11 0.026550556 
166 541 9 13 0.026544012 
791 454 8 9 0.026526744 
886 439 8 10 0.026523443 
472 389 8 9 0.026511531 
936 559 9 12 0.026510729 
406 629 11 14 0.026503138 
607 422 8 10 0.026497759 
544 472 7 9 0.026495676 
783 399 8 11 0.026488114 
17 534 8 10 0.026458375 
951 406 8 9 0.026456691 
552 390 7 9 0.026448151 
88 486 8 10 0.026437987 
311 649 12 15 0.026437534 
505 437 8 10 0.026435275 
816 479 8 11 0.026424002 
103 469 8 10 0.02642096 
512 423 8 10 0.02641608 
481 439 7 9 0.026413549 
556 423 9 11 0.0264115 
447 414 8 10 0.026410911 
943 524 10 12 0.026404256 
984 400 8 10 0.026369166 
250 441 7 9 0.026361823 
358 461 10 12 0.02635847 
447 558 8 11 0.026347475 
646 389 8 10 0.026335092 
758 557 10 12 0.026325237 
979 518 11 12 0.026321944 
841 534 8 11 0.026309516 
369 511 8 10 0.026308006 
576 431 8 9 0.026297154 
721 661 15 20 0.026291966 
974 594 11 16 0.02627258 
478 660 15 19 0.026271494 
423 626 10 14 0.026269471 
110 558 8 10 0.026267694 
353 390 7 8 0.026264384 
86 517 9 10 0.026223604 
1000 634 12 17 0.026223067 
865 509 8 11 0.026212484 
574 669 12 17 0.026190124 
359 520 8 11 0.026107129 
134 376 8 10 0.026106289 
161 531 9 12 0.02606103 
592 629 9 10 0.0260591 
513 641 18 23 0.026048671 
503 495 7 9 0.026039548 
828 669 18 23 0.026033126 
360 644 10 13 0.026028799 
896 398 8 9 0.026023796 
240 558 9 11 0.026009394 
742 341 9 12 0.026008312 
609 604 8 11 0.026001869 
768 406 8 11 0.026001288 
457 366 8 10 0.025988866 
200 503 7 9 0.02598732 
664 518 8 9 0.02598498 
906 504 8 9 0.025975509 
7 627 11 14 0.02597243 
800 383 9 11 0.025962498 
328 604 10 13 0.025940374 
581 737 11 15 0.025935264 
122 455 8 10 0.025926325 
871 582 10 12 0.025918087 
13 626 10 13 0.025917843 
895 517 9 11 0.025915958 
430 445 9 11 0.025910133 
849 567 8 11 0.025907844 
417 698 22 28 0.025888281 
385 393 6 8 0.025883745 
95 573 8 11 0.025879271 
213 707 12 17 0.025875742 
25 620 11 14 0.025873002 
206 409 8 9 0.025853088 
473 399 7 9 0.025851773 
645 351 9 12 0.025851343 
103 337 8 11 0.025840836 
562 540 8 11 0.025830042 
887 446 8 10 0.025827492 
88 383 6 8 0.02581804 
391 398 7 9 0.025810145 
327 571 9 11 0.025806671 
581 671 12 16 0.025795784 
319 456 7 9 0.02579552 
457 358 8 11 0.025795149 
0 558 8 13 0.02579413 
334 518 9 11 0.025793618 
124 640 14 18 0.025786344 
439 341 9 10 0.02576626 
302 509 8 12 0.02575758 
853 349 9 10 0.025746075 
369 399 8 9 0.02573153 
663 596 10 12 0.025720984 
381 679 16 19 0.02571751 
228 725 13 20 0.025713515 
487 567 8 9 0.025710147 
927 558 9 12 0.025709383 
528 383 8 10 0.025704231 
224 658 23 28 0.025703972 
817 642 13 17 0.025697954 
560 400 6 9 0.025691926 
717 646 12 15 0.02569014 
87 495 8 10 0.025688041 
263 503 9 12 0.025672771 
649 573 9 11 0.025664406 
489 377 7 9 0.02566156 
535 382 8 10 0.025661245 
872 633 11 15 0.025660837 
446 493 8 11 0.025659466 
590 622 10 13 0.02565535 
605 374 8 11 0.025651803 
751 325 9 11 0.02563198 
656 446 8 10 0.025622496 
583 466 18 23 0.02558797 
432 350 8 10 0.025576813 
669 589 10 13 0.025569953 
511 415 7 9 0.025568955 
449 485 9 11 0.025565313 
519 620 9 14 0.025562678 
863 456 7 10 0.025553694 
105 424 7 10 0.025543325 
302 502 9 10 0.025535846 
758 532 9 9 0.025528723 
857 470 7 9 0.025526524 
724 635 11 13 0.025526345 
879 511 8 11 0.025491258 
756 640 20 26 0.025487145 
229 620 11 14 0.025473084 
543 604 9 11 0.025468307 
775 455 7 9 0.025464322 
676 737 15 18 0.02544457 
397 614 10 12 0.025425434 
572 546 20 25 0.025375929 
520 384 7 9 0.0253664 
757 715 13 17 0.02534933 
407 503 8 10 0.025338782 
537 406 8 9 0.025334856 
836 557 9 12 0.025327055 
826 436 8 10 0.025322959 
552 446 8 10 0.025321342 
620 632 14 15 0.025290128 
226 591 10 12 0.025289362 
704 423 8 10 0.025286175 
210 349 8 12 0.02526646 
487 446 8 9 0.025262976 
206 391 8 10 0.02526159 
368 408 7 9 0.025244536 
487 479 7 9 0.025231732 
345 620 10 13 0.025221784 
489 430 8 10 0.02521563 
407 463 8 9 0.025203772 
662 670 23 30 0.025202647 
776 565 8 12 0.02519587 
168 487 8 9 0.025187302 
191 338 10 13 0.025180262 
128 308 9 13 0.025176404 
817 527 8 10 0.02516865 
63 401 7 10 0.025167396 
521 414 8 10 0.025164064 
870 525 9 11 0.025162507 
573 630 10 13 0.02515362 
593 334 8 10 0.02515306 
206 464 7 8 0.025152065 
112 516 9 11 0.02514961 
514 567 8 10 0.025147423 
639 380 9 13 0.025141181 
319 689 22 27 0.0251402 
856 407 7 9 0.025135526 
409 529 7 8 0.0251275 
464 359 7 9 0.025092209 
852 583 10 14 0.025087684 
719 319 8 10 0.02508542 
191 494 8 10 0.02507994 
376 607 8 11 0.025077906 
935 470 8 11 0.025054928 
783 349 10 12 0.025054622 
880 526 8 10 0.02504945 
784 454 7 8 0.025039649 
669 700 15 21 0.025030816 
62 454 10 11 0.025012674 
680 495 7 9 0.025008494 
103 524 9 10 0.025007423 
94 679 15 20 0.024996623 
649 430 7 9 0.02499217 
730 495 8 11 0.024987621 
439 431 8 9 0.024961542 
417 399 7 10 0.024948884 
278 421 8 9 0.024910629 
927 415 7 9 0.024909765 
692 668 14 18 0.024902767 
288 510 9 12 0.02490036 
368 613 9 11 0.024882792 
303 662 11 14 0.024876751 
835 736 12 17 0.024871193 
847 575 9 11 0.02486239 
159 446 7 9 0.024860917 
182 488 8 10 0.024835918 
143 565 8 11 0.024831327 
216 366 7 10 0.02482383 
760 397 8 10 0.02481746 
403 659 21 27 0.024810385 
485 574 8 10 0.024809672 
990 470 8 11 0.02479477 
559 478 9 11 0.024785185 
442 470 7 9 0.02475417 
407 368 8 9 0.02474407 
879 382 8 9 0.0247429 
663 423 7 9 0.024736961 
104 487 7 10 0.024724742 
519 488 8 9 0.024723252 
57 421 8 10 0.02471094 
193 463 7 9 0.024680506 
528 440 8 9 0.024674386 
328 582 8 10 0.024671279 
399 693 12 17 0.024664747 
955 243 46 54 0.02464324 
865 701 24 31 0.024635626 
832 350 8 10 0.024631567 
235 666 13 15 0.024627969 
807 559 8 11 0.024618972 
966 690 15 19 0.024615696 
191 438 8 11 0.024608105 
857 373 7 9 0.024599893 
234 641 22 26 0.024591284 
8 520 9 11 0.02458827 
197 424 8 10 0.024587806 
8 587 10 13 0.024562923 
356 676 12 15 0.024560802 
528 526 8 11 0.02455377 
480 359 8 10 0.024551151 
408 473 8 10 0.024550952 
112 360 8 10 0.024502266 
302 684 25 31 0.024501132 
144 502 8 9 0.02449943 
535 494 8 11 0.024495294 
888 464 7 9 0.02446643 
86 512 8 10 0.024445755 
248 534 8 10 0.024437841 
323 708 28 33 0.024435118 
233 422 7 9 0.024433054 
745 445 7 10 0.024430163 
682 372 27 32 0.024425918 
32 470 7 9 0.02442372 
623 352 8 9 0.024419898 
207 669 10 15 0.024404803 
365 534 9 11 0.024403194 
261 685 21 28 0.024379194 
176 470 8 10 0.024378236 
951 543 8 10 0.024369285 
778 431 8 10 0.024368552 
216 398 8 10 0.024367627 
535 532 10 12 0.024360957 
736 558 9 12 0.024355644 
969 424 7 9 0.024354203 
497 400 7 8 0.024345186 
640 525 9 11 0.024342982 
242 431 6 8 0.024310214 
308 704 25 33 0.024284858 
720 558 8 11 0.024277318 
600 462 8 10 0.024276253 
255 545 8 10 0.024271522 
831 512 7 9 0.024260854 
859 620 12 17 0.024259547 
920 494 7 11 0.024222245 
415 566 9 11 0.02421411 
184 367 8 10 0.024209986 
29 397 9 13 0.02420704 
216 487 9 12 0.024196958 
7 556 10 12 0.02419237 
663 551 8 10 0.024184534 
224 385 7 9 0.024174152 
127 622 10 13 0.024173696 
432 365 7 10 0.024171019 
54 555 10 13 0.024162704 
1001 565 12 15 0.024161108 
352 485 8 11 0.024153244 
39 423 8 10 0.024144506 
791 536 7 9 0.02413812 
312 557 10 12 0.024134502 
488 358 7 10 0.02412898 
286 335 8 10 0.02411219 
342 494 9 11 0.024098583 
1009 523 11 14 0.02408652 
55 443 9 12 0.024085598 
256 485 9 11 0.02408543 
959 608 16 20 0.0240738 
685 667 14 18 0.024071578 
473 407 6 9 0.024066838 
13 382 11 14 0.024042608 
280 432 8 9 0.024038669 
489 502 7 9 0.02403225 
836 566 9 12 0.024031064 
94 661 12 15 0.024028974 
776 620 11 14 0.0240056 
489 535 8 10 0.024002854 
658 532 9 12 0.024000522 
328 509 8 11 0.023998555 
184 381 8 9 0.023995407 
297 385 7 10 0.023992896 
935 462 8 9 0.0239807 
728 300 10 12 0.023961319 
902 472 7 9 0.023946738 
663 366 10 13 0.023945367 
249 415 7 9 0.02393899 
16 510 8 10 0.023932768 
863 534 9 11 0.023930807 
654 487 8 10 0.023923062 
615 431 8 10 0.023922976 
784 606 10 12 0.023917424 
868 714 17 21 0.023911018 
166 549 10 12 0.023909386 
0 605 9 13 0.023905134 
855 431 7 10 0.023904243 
589 650 11 15 0.023896122 
289 409 7 9 0.02389487 
655 430 7 9 0.023871345 
192 392 7 9 0.023870472 
24 509 8 10 0.023867747 
733 397 9 12 0.023853162 
143 495 8 11 0.023847273 
824 447 9 10 0.023845123 
102 449 7 9 0.023839727 
74 415 6 9 0.023839422 
223 398 8 9 0.023837326 
312 542 7 10 0.023820547 
601 367 6 9 0.02381026 
857 462 8 10 0.023793662 
479 668 23 32 0.023789452 
627 578 18 22 0.023782529 
769 629 9 13 0.02378013 
653 658 21 25 0.023765549 
311 598 9 11 0.023764934 
648 558 9 11 0.02376353 
702 430 9 11 0.023758667 
544 382 7 9 0.023755899 
824 398 8 10 0.02375225 
766 572 9 12 0.023745742 
617 510 9 11 0.023738332 
47 470 8 10 0.023727333 
624 422 8 10 0.02372186 
400 502 8 10 0.023708833 
641 454 7 10 0.023698993 
831 327 8 9 0.023689711 
988 633 12 15 0.023682587 
593 447 8 10 0.023665607 
513 471 7 9 0.023658121 
550 418 10 12 0.023646355 
507 674 23 31 0.023644904 
633 136 25 32 0.023644544 
752 389 8 11 0.023638155 
606 616 9 12 0.023632478 
57 401 8 10 0.023612317 
692 372 12 16 0.023606448 
217 517 8 11 0.023604238 
166 583 9 12 0.023601864 
262 558 10 11 0.023588419 
598 558 9 11 0.023563467 
449 391 7 9 0.023528015 
592 454 8 10 0.023522368 
934 723 15 20 0.023502486 
839 351 7 9 0.02349363 
887 397 8 10 0.023489326 
175 390 8 10 0.023483299 
697 534 8 11 0.023480747 
793 478 7 9 0.023478253 
910 536 19 26 0.02346082 
459 659 22 26 0.023459949 
608 598 9 12 0.02345972 
901 619 12 17 0.023456633 
727 551 9 10 0.02344625 
711 633 11 16 0.023435066 
232 406 7 10 0.023420021 
153 487 8 9 0.02341179 
622 697 13 18 0.023396 
711 308 10 12 0.023394568 
894 577 13 15 0.02338358 
601 488 9 11 0.023363495 
624 439 8 9 0.02336075 
343 518 8 10 0.023360718 
615 382 8 10 0.023357164 
569 416 7 9 0.02335356 
111 541 9 11 0.023349117 
144 343 8 10 0.023348741 
841 519 8 9 0.02331025 
726 541 8 10 0.02329265 
112 320 7 10 0.023292458 
289 502 8 10 0.023283545 
14 405 9 11 0.023281528 
608 430 8 9 0.023267966 
725 333 10 12 0.023256289 
274 406 8 10 0.023255775 
695 605 9 12 0.023255358 
498 365 8 11 0.02324577 
335 442 9 11 0.023238633 
678 424 8 10 0.023237832 
550 399 7 9 0.02323661 
504 487 8 10 0.023228906 
448 351 7 9 0.023215087 
667 371 25 31 0.023197431 
920 423 7 8 0.023192802 
970 518 9 11 0.023178369 
146 649 13 16 0.023175038 
241 573 9 12 0.0231595 
294 645 12 14 0.023153508 
958 589 13 16 0.023137517 
336 409 7 9 0.023137216 
270 596 10 12 0.023132347 
416 455 8 10 0.02312588 
687 525 9 11 0.02312109 
760 502 9 10 0.023115428 
842 611 12 16 0.023111753 
856 317 9 12 0.023110624 
334 620 11 14 0.023092333 
416 511 7 10 0.023081016 
161 399 7 9 0.023074921 
879 342 7 9 0.02306721 
305 397 7 9 0.023050468 
879 391 8 9 0.023045378 
792 495 8 11 0.02304501 
385 422 7 9 0.023036651 
488 611 11 13 0.023022922 
134 678 23 30 0.023015687 
647 606 10 12 0.022998346 
62 588 10 12 0.02299663 
373 551 19 24 0.022994626 
741 432 8 10 0.02298575 
377 533 10 13 0.022981253 
519 551 8 10 0.022977911 
600 550 9 11 0.022965815 
575 446 8 10 0.022960253 
839 599 20 25 0.02295888 
281 383 8 9 0.022952296 
711 413 9 11 0.022949234 
568 551 8 9 0.022948716 
720 389 10 12 0.022939868 
824 368 7 10 0.02292526 
79 641 11 15 0.022919975 
176 504 7 9 0.022918217 
401 406 7 9 0.022916244 
335 535 8 10 0.022902403 
824 325 8 10 0.022898598 
584 527 9 11 0.022897528 
545 493 7 10 0.022874728 
463 400 7 8 0.02287225 
727 414 8 11 0.022863394 
618 659 14 17 0.022859512 
368 454 8 10 0.02285717 
64 389 7 10 0.022855327 
850 336 8 11 0.022849075 
303 559 9 11 0.022846898 
670 619 12 14 0.02283862 
607 53 9 11 0.02281287 
975 566 9 12 0.02281226 
189 638 12 15 0.022806715 
519 472 8 10 0.02280135 
334 525 9 12 0.022798073 
663 397 9 13 0.022787973 
408 622 10 11 0.022778507 
777 382 8 10 0.022752518 
694 661 12 15 0.022742946 
313 635 18 24 0.022734262 
184 333 10 13 0.022717763 
214 596 10 12 0.0227162 
44 745 14 18 0.022713749 
398 645 12 13 0.022712452 
316 628 11 14 0.022711756 
737 422 9 11 0.0227002 
159 660 11 14 0.022692088 
38 604 10 13 0.022686478 
895 484 8 11 0.022672428 
495 423 8 10 0.022670971 
592 407 8 10 0.022658389 
618 359 8 10 0.022658158 
239 393 7 8 0.022646407 
937 686 42 54 0.02262725 
775 559 9 11 0.022625748 
830 414 8 10 0.022620795 
806 448 8 9 0.022620136 
638 399 8 9 0.022616748 
871 351 7 9 0.022609401 
148 724 12 16 0.022605957 
749 477 8 12 0.022544974 
572 673 21 25 0.022529265 
166 525 9 12 0.022525968 
165 589 10 12 0.022511834 
751 340 10 13 0.022507459 
367 420 9 10 0.022498446 
6 606 10 13 0.022488073 
192 641 19 25 0.022485804 
822 584 9 12 0.022472184 
881 486 7 10 0.022462675 
586 368 7 9 0.022460906 
149 359 9 11 0.022453992 
719 364 8 11 0.022444325 
585 582 9 12 0.022443293 
436 391 8 9 0.022440897 
873 416 7 9 0.022435898 
822 542 9 11 0.022414122 
576 369 6 8 0.022392295 
489 382 6 9 0.022364182 
86 479 8 10 0.02235417 
221 561 21 24 0.022347162 
55 643 11 15 0.022344444 
774 510 8 10 0.022343673 
727 650 20 28 0.022335343 
873 495 7 9 0.022332504 
383 661 13 16 0.022324253 
228 628 14 16 0.02232238 
336 461 8 10 0.022320338 
295 635 11 14 0.02231616 
788 421 9 11 0.022311438 
585 572 10 13 0.022310501 
806 470 9 11 0.022295877 
856 493 8 10 0.022295741 
848 635 12 16 0.022291293 
212 623 11 13 0.022291085 
191 591 9 11 0.022290206 
240 189 58 69 0.022288844 
511 115 22 31 0.022288824 
768 364 9 10 0.022284314 
608 550 9 11 0.022283671 
247 401 8 9 0.022247652 
921 430 8 10 0.022242311 
633 660 11 15 0.022241725 
106 681 20 28 0.022236982 
569 462 9 11 0.022226123 
871 400 7 10 0.022224277 
423 454 9 11 0.022224115 
996 683 13 15 0.022215283 
248 462 8 9 0.022208812 
240 381 8 9 0.022202855 
834 358 8 10 0.022201922 
817 373 9 11 0.022200111 
557 626 10 13 0.022189876 
504 424 8 10 0.022178708 
281 678 22 30 0.022173464 
543 377 7 9 0.022173038 
549 406 8 9 0.022168366 
933 643 14 21 0.022168009 
112 347 9 11 0.022154985 
448 641 12 16 0.022154402 
753 382 8 12 0.022144739 
535 463 8 10 0.022143519 
721 605 10 13 0.022141527 
821 629 13 15 0.0221348 
744 619 11 13 0.022117157 
450 679 21 28 0.022113053 
208 555 9 11 0.022094315 
96 598 10 13 0.02208352 
153 557 8 11 0.022076923 
897 535 8 11 0.02207691 
151 350 8 10 0.022072788 
560 361 7 9 0.022067731 
733 352 19 24 0.022048747 
367 518 10 11 0.022044877 
7 692 13 16 0.0220412 
616 455 7 10 0.0220396 
408 447 8 9 0.02203426 
505 511 7 9 0.022021586 
713 527 9 11 0.02202151 
301 518 9 12 0.022020828 
671 332 9 11 0.022016926 
537 510 7 9 0.022013804 
768 374 8 10 0.021997282 
829 335 9 11 0.021971399 
543 637 12 15 0.021965751 
847 622 12 15 0.02196391 
483 663 15 21 0.021959363 
871 375 7 9 0.021957325 
719 518 8 10 0.021952769 
701 485 9 11 0.021938575 
820 636 12 16 0.021938102 
286 644 11 14 0.021929726 
711 365 8 12 0.021920739 
467 738 12 18 0.02191679 
392 464 9 11 0.021905558 
176 581 9 12 0.021893784 
232 382 7 9 0.021891246 
30 484 8 10 0.02187645 
924 679 12 18 0.0218739 
199 647 19 24 0.021868844 
872 367 7 10 0.021859001 
55 520 8 9 0.021858899 
248 384 7 9 0.021857869 
584 353 8 9 0.02183611 
121 495 8 10 0.021819599 
343 442 8 11 0.021818345 
295 375 7 9 0.021817164 
256 416 7 9 0.021809988 
189 692 12 16 0.02180556 
614 476 8 10 0.02180543 
953 500 10 12 0.021800937 
869 534 11 13 0.021796672 
448 462 8 9 0.021793468 
757 311 10 12 0.021789877 
572 698 15 21 0.021788796 
600 350 7 9 0.02177624 
72 534 9 10 0.021772364 
617 390 8 11 0.021767907 
641 415 8 10 0.021760507 
608 269 9 13 0.021753373 
147 638 13 16 0.021753198 
686 634 13 15 0.021750772 
920 595 12 16 0.021738531 
662 404 9 12 0.021738384 
96 452 8 10 0.021727419 
871 438 8 9 0.021726137 
470 343 7 10 0.021724172 
339 601 17 23 0.021719577 
943 563 10 13 0.021716507 
799 549 9 12 0.021714734 
740 349 10 13 0.02171282 
160 456 7 8 0.021712465 
343 542 8 9 0.02170217 
718 431 8 11 0.021685315 
502 100 10 13 0.021685002 
946 486 9 11 0.02168296 
525 603 11 13 0.0216764 
88 463 7 10 0.021659443 
80 495 9 10 0.021655317 
510 496 18 25 0.021651963 
895 495 8 10 0.021648727 
762 423 7 10 0.02164615 
168 719 22 28 0.021645468 
549 124 10 14 0.021633906 
413 675 11 14 0.021630157 
712 557 8 11 0.021626852 
29 659 12 17 0.021616785 
350 558 9 11 0.021601522 
95 589 8 11 0.021595996 
894 550 10 13 0.021587607 
870 698 15 18 0.021582516 
319 559 17 22 0.021581527 
751 432 8 10 0.021577459 
927 478 7 10 0.021552797 
456 327 8 10 0.021547459 
152 342 8 10 0.0215294 
415 390 7 9 0.021520162 
712 463 8 10 0.021517701 
727 318 10 12 0.02150904 
496 575 10 12 0.021494944 
367 431 8 10 0.021485923 
624 431 7 9 0.021480775 
277 643 13 16 0.021471968 
964 278 17 21 0.021461971 
46 327 8 10 0.02143809 
161 333 8 10 0.021437299 
52 652 12 15 0.021432785 
143 580 9 11 0.021430975 
847 465 7 9 0.021426938 
699 660 14 16 0.021421744 
455 659 12 15 0.021419214 
1005 541 10 14 0.021405129 
239 510 8 11 0.021400642 
598 334 9 11 0.021399787 
103 621 10 12 0.021389373 
954 447 7 9 0.021380326 
800 455 8 10 0.021370104 
946 433 7 8 0.021354878 
776 447 7 9 0.02134865 
659 696 22 31 0.02133671 
600 531 10 13 0.021316791 
770 397 9 11 0.021315992 
319 597 10 12 0.021313205 
95 582 9 12 0.021309601 
751 568 10 13 0.02130693 
793 486 8 10 0.021298552 
495 438 8 9 0.021291941 
881 359 7 10 0.02129059 
65 376 8 10 0.021289025 
488 685 23 29 0.021281604 
486 654 12 16 0.021278724 
616 566 9 11 0.021267502 
240 502 7 10 0.021265628 
353 431 8 9 0.021263942 
773 311 11 12 0.021257745 
358 485 9 11 0.02125714 
296 676 14 18 0.021256417 
89 501 8 10 0.02125223 
888 455 8 9 0.02125001 
600 658 12 16 0.021241132 
400 495 8 10 0.021239707 
768 620 9 12 0.021215215 
732 390 10 12 0.021206614 
423 558 9 10 0.021201434 
701 457 7 9 0.02119922 
967 525 9 12 0.02119833 
502 359 8 10 0.02119579 
766 520 20 24 0.021192545 
614 489 8 10 0.021190256 
905 409 7 9 0.02118917 
413 645 12 15 0.021183416 
89 284 10 12 0.021182865 
830 341 9 11 0.02117729 
568 408 7 8 0.021176262 
174 519 9 12 0.021169847 
864 447 7 9 0.021169372 
570 384 7 9 0.021163203 
432 518 8 10 0.02113032 
165 533 10 13 0.02112461 
625 389 9 11 0.021119127 
208 511 8 10 0.021118991 
695 449 8 9 0.021117816 
868 682 15 19 0.021116896 
727 709 26 32 0.02110706 
685 626 13 17 0.02109625 
1000 638 19 27 0.021083077 
558 560 18 23 0.021073032 
956 516 10 13 0.021066993 
261 425 7 8 0.021064758 
245 623 12 15 0.021059055 
289 516 9 12 0.02105003 
965 533 9 11 0.021047838 
391 385 7 8 0.021042828 
465 430 7 9 0.021040736 
646 651 13 17 0.021018168 
285 635 12 15 0.021015072 
229 516 10 12 0.02100639 
281 448 7 9 0.021003837 
436 642 13 15 0.020996012 
798 351 10 12 0.020980835 
758 333 9 12 0.020965433 
582 660 11 15 0.020961637 
18 713 14 18 0.020955896 
744 455 8 10 0.020948155 
948 652 13 18 0.020915493 
168 440 7 9 0.02091272 
807 461 9 12 0.020899994 
822 739 14 18 0.020895861 
142 560 9 10 0.020866925 
484 628 11 14 0.020861665 
605 656 11 14 0.02085811 
817 534 7 10 0.020848198 
265 526 8 11 0.02084553 
966 625 14 18 0.020837564 
24 464 7 10 0.02083567 
591 465 18 25 0.020828614 
954 216 46 52 0.020809697 
815 438 9 10 0.020805845 
404 645 13 14 0.020784982 
118 525 10 14 0.020764368 
44 695 13 18 0.020756014 
897 428 7 10 0.02075445 
441 336 8 10 0.020752368 
231 534 9 12 0.020746768 
40 557 9 11 0.020743553 
948 580 15 17 0.020737534 
816 494 9 10 0.020734629 
126 651 11 14 0.020733142 
839 652 14 18 0.02073082 
257 669 21 25 0.020722752 
560 375 7 9 0.020718185 
295 542 9 10 0.020707399 
10 574 9 11 0.020699324 
838 597 10 13 0.020695852 
353 494 8 10 0.020691933 
400 510 8 12 0.020690897 
553 679 23 27 0.02067947 
174 533 9 12 0.020679336 
235 676 13 18 0.020675635 
86 643 9 13 0.020674786 
640 551 9 10 0.02067432 
901 478 7 10 0.020673852 
722 485 7 10 0.020672524 
159 417 7 9 0.020656727 
895 368 8 10 0.020638226 
689 566 8 11 0.020637456 
639 429 7 9 0.020627392 
632 415 8 10 0.020622544 
549 117 11 15 0.020621134 
409 573 9 12 0.02060069 
55 588 10 14 0.020600308 
342 429 7 9 0.020586066 
585 381 8 9 0.020568619 
135 558 9 11 0.020564782 
799 611 11 14 0.02054981 
150 565 9 11 0.020544305 
520 408 7 9 0.020539248 
914 650 24 31 0.020527631 
504 567 7 10 0.02052437 
470 604 10 11 0.020507451 
695 614 9 11 0.020499282 
594 666 22 26 0.020496536 
677 302 10 12 0.020495014 
584 515 9 12 0.020493874 
262 637 11 15 0.020493686 
497 326 8 12 0.020483954 
38 455 8 10 0.02048359 
46 566 8 11 0.020480823 
204 723 12 17 0.02047917 
633 455 8 10 0.020478347 
110 622 9 11 0.020478217 
77 455 7 9 0.020469997 
31 464 8 10 0.020457065 
77 503 8 10 0.02045676 
367 408 19 25 0.020455843 
945 471 7 9 0.020439692 
200 454 8 9 0.020438626 
784 526 7 9 0.020425754 
677 626 13 16 0.020423038 
925 616 14 19 0.020420818 
869 651 10 14 0.020419123 
47 485 8 10 0.0204066 
377 597 9 12 0.020399414 
808 734 18 24 0.020398252 
582 564 10 13 0.020393297 
535 455 8 10 0.020388182 
801 423 8 10 0.020383507 
665 357 40 53 0.020378182 
791 440 8 9 0.020375857 
520 312 8 12 0.020372462 
175 399 8 9 0.020370506 
527 462 8 11 0.020365022 
497 390 7 9 0.020335397 
597 579 9 12 0.020333236 
145 360 8 10 0.020326944 
727 564 10 12 0.0203213 
679 634 12 15 0.020314334 
93 636 12 15 0.020312019 
569 496 8 11 0.020305073 
491 667 13 17 0.020267097 
878 662 22 27 0.02024813 
591 360 7 9 0.020218557 
528 511 7 8 0.020214781 
888 495 8 10 0.020198353 
728 518 7 9 0.020194106 
839 542 9 11 0.020190893 
736 414 10 12 0.020188171 
712 517 10 11 0.020186607 
654 671 16 20 0.020184385 
103 542 9 11 0.02018058 
488 636 11 13 0.020170169 
103 629 11 13 0.020157386 
551 605 9 11 0.020153437 
366 462 9 11 0.02015318 
456 520 9 12 0.020147348 
377 472 8 11 0.02014267 
134 598 9 11 0.020135837 
577 510 9 11 0.020133773 
235 593 19 23 0.020119144 
961 95 48 56 0.020119028 
184 423 8 10 0.020117031 
898 455 9 11 0.020108003 
935 580 11 14 0.02009663 
441 479 7 9 0.02009192 
615 524 9 12 0.020090569 
552 552 8 10 0.020077985 
276 650 13 16 0.02007594 
35 581 12 14 0.020074526 
32 502 8 11 0.020067522 
806 398 9 12 0.020060604 
55 432 8 9 0.020057805 
601 341 8 11 0.020052506 
0 533 8 12 0.02005148 
654 378 10 14 0.020049412 
575 415 8 9 0.020047361 
606 381 8 10 0.020040698 
704 349 11 14 0.020034589 
759 352 10 13 0.020032182 
543 615 20 24 0.020029759 
780 575 10 12 0.02002924 
80 310 9 12 0.020022519 
791 569 19 24 0.020019634 
814 618 12 16 0.02001433 
574 582 9 11 0.020000732 
