10_People_Marching_People_Marching_2_822
65
512 148 75 98 0.9969523 
667 220 82 101 0.9917497 
174 131 30 52 0.9864326 
315 79 82 97 0.9836008 
32 151 18 24 0.8340665 
841 258 17 23 0.5322357 
893 246 16 23 0.47618192 
106 147 16 23 0.37258536 
172 59 28 36 0.32412642 
223 131 196 287 0.22558442 
905 245 15 19 0.1217598 
68 165 13 16 0.104909256 
833 290 15 19 0.09841085 
3 164 14 19 0.09754311 
22 154 22 28 0.075847246 
110 4 11 15 0.065238886 
824 289 23 30 0.06003214 
883 262 14 18 0.057738658 
5 140 12 17 0.052526582 
7 159 21 28 0.048333734 
639 251 13 17 0.047831725 
104 139 14 19 0.042804267 
311 -3 50 53 0.04173988 
10 139 14 19 0.04100659 
35 142 15 18 0.0408968 
283 -1 50 51 0.040744398 
931 188 14 18 0.03823026 
94 121 14 19 0.036975823 
-1 172 22 37 0.0353814 
65 163 21 26 0.033865716 
90 186 18 19 0.033270206 
104 9 23 37 0.03268735 
799 238 11 15 0.032268107 
914 248 14 18 0.03177827 
27 124 14 16 0.0317321 
612 313 200 270 0.030672112 
267 1 47 58 0.030483121 
5 156 13 18 0.030457428 
985 247 38 63 0.029764267 
882 250 20 27 0.029448107 
892 282 13 16 0.029220171 
0 169 12 19 0.028865574 
12 153 14 21 0.028688721 
189 133 29 49 0.028586999 
73 174 22 26 0.02709179 
114 2 13 16 0.026954481 
0 137 13 22 0.026889348 
71 185 12 18 0.026351305 
108 134 13 18 0.024722528 
79 110 10 13 0.024637125 
591 42 25 34 0.024585353 
546 76 48 56 0.024482515 
17 136 24 31 0.024298146 
803 96 22 35 0.023456713 
103 107 11 15 0.02317131 
827 229 12 14 0.022500074 
75 165 12 16 0.022385893 
109 9 13 20 0.021889172 
76 185 14 17 0.021772439 
575 83 13 17 0.021123514 
62 235 11 14 0.020888448 
12 132 14 18 0.020812245 
75 158 13 16 0.020765487 
244 87 17 21 0.020116504 
830 276 13 16 0.020078165 
