10_People_Marching_People_Marching_10_People_Marching_People_Marching_10_499
139
580 362 25 30 0.9548546 
361 199 36 48 0.6771639 
747 77 29 38 0.5995691 
570 288 16 22 0.5389291 
613 347 31 36 0.41873673 
379 241 26 33 0.3677251 
789 0 32 29 0.29108605 
648 68 23 31 0.21184379 
544 312 27 35 0.21045874 
794 149 57 69 0.1666993 
790 113 61 77 0.15282789 
506 272 15 22 0.15251045 
552 27 17 20 0.15190436 
724 39 48 57 0.12723564 
371 221 44 59 0.11841401 
445 236 22 32 0.11580104 
514 257 14 18 0.10160726 
537 21 34 34 0.098028965 
451 346 26 35 0.097577296 
459 273 14 18 0.08637196 
397 199 29 35 0.07422727 
761 202 14 17 0.073792025 
500 278 15 19 0.072721 
537 377 18 22 0.0692084 
804 94 62 68 0.066601485 
377 197 47 65 0.0621818 
343 169 49 84 0.06138738 
890 0 47 48 0.05693898 
515 363 25 32 0.05524032 
785 99 49 61 0.05384763 
640 178 13 17 0.053124573 
771 0 16 18 0.052531317 
585 140 16 21 0.04763864 
429 317 31 34 0.04665842 
758 209 15 20 0.046629824 
506 261 24 32 0.045491558 
423 196 12 17 0.044231683 
793 123 88 117 0.04386696 
535 292 41 58 0.042996295 
772 60 14 18 0.04225753 
551 255 22 31 0.042016614 
706 136 46 58 0.04158416 
489 308 16 21 0.04147394 
568 84 51 72 0.040696114 
549 265 12 19 0.040391594 
650 146 19 23 0.040175825 
492 278 16 20 0.039352003 
604 42 14 20 0.03909128 
611 69 14 19 0.037597366 
628 125 49 62 0.03674846 
777 0 26 25 0.035873946 
750 83 17 23 0.035512462 
754 196 25 29 0.0347061 
645 77 16 21 0.034517642 
668 316 191 209 0.034411557 
363 160 26 33 0.034111943 
782 7 28 30 0.033671327 
845 -1 13 12 0.033630576 
370 167 15 19 0.033581145 
824 1 28 32 0.033286553 
612 2 14 16 0.032319255 
541 263 15 21 0.03212353 
566 0 15 17 0.032114558 
-4 284 430 490 0.031711962 
759 81 19 23 0.031567946 
452 271 25 32 0.031551406 
540 312 17 22 0.031338282 
727 71 46 62 0.03129891 
628 0 14 13 0.031196892 
620 157 13 16 0.03100431 
392 244 16 22 0.031002147 
281 86 98 174 0.030575916 
602 65 25 32 0.030353988 
430 269 48 64 0.030263506 
517 247 13 16 0.030238839 
606 73 14 18 0.029378377 
409 204 16 19 0.02931691 
790 207 15 18 0.029302632 
620 2 15 16 0.029266598 
795 173 32 37 0.028830409 
809 22 41 49 0.028560024 
581 63 52 74 0.027998043 
819 11 27 32 0.027912883 
391 213 46 62 0.027799644 
795 0 42 45 0.027644057 
601 316 42 50 0.027532792 
451 278 15 19 0.027485853 
425 258 214 221 0.027426826 
762 75 48 60 0.027183414 
-69 -61 486 580 0.0266703 
967 1 37 34 0.026577128 
927 49 96 132 0.02652209 
439 325 18 22 0.026442766 
709 194 15 21 0.026439618 
553 294 25 32 0.026319942 
532 -1 33 27 0.026250096 
637 162 23 31 0.026234629 
348 132 15 20 0.026135547 
572 366 20 23 0.025600012 
434 227 23 32 0.025584802 
561 268 25 33 0.025411772 
460 331 11 15 0.024719069 
616 316 17 20 0.024642948 
641 150 26 33 0.024501923 
903 26 35 38 0.024498677 
355 136 15 23 0.024416456 
433 218 39 52 0.02423889 
590 50 11 15 0.024034845 
613 163 13 16 0.023846256 
579 69 13 16 0.023726787 
854 47 182 230 0.02370696 
699 50 12 16 0.023598319 
412 348 12 14 0.02357239 
647 375 59 71 0.023470933 
485 252 13 18 0.023355007 
605 62 53 73 0.023321569 
712 84 13 16 0.023137229 
675 170 15 21 0.02309838 
717 150 50 64 0.022640865 
619 69 14 18 0.02248796 
551 337 14 18 0.02247247 
626 158 14 17 0.022468813 
543 248 23 29 0.022274988 
611 40 15 21 0.021898547 
852 -2 13 12 0.021610579 
560 258 18 22 0.021607619 
595 250 16 18 0.021590417 
437 274 26 30 0.02150326 
412 215 41 57 0.021139089 
434 339 45 58 0.021083916 
470 271 23 31 0.020880958 
897 54 67 77 0.020764364 
492 350 18 20 0.020740604 
544 226 12 16 0.020350859 
618 112 85 113 0.020350236 
693 144 88 117 0.0202726 
642 39 25 31 0.020085588 
649 358 30 41 0.020051671 
576 284 15 21 0.02001657 
