10_People_Marching_People_Marching_2_236
66
463 158 28 38 0.9571336 
706 124 15 20 0.340394 
37 124 12 14 0.3171113 
603 113 17 19 0.29008567 
478 123 17 18 0.27494478 
974 124 13 16 0.2545163 
0 124 9 15 0.24319848 
990 303 24 35 0.17572828 
598 118 24 27 0.14708786 
703 118 11 14 0.14273505 
916 124 13 17 0.14021705 
556 127 12 15 0.10128262 
284 227 16 20 0.08326192 
876 130 12 15 0.07888271 
836 118 11 14 0.065459386 
731 128 14 18 0.06536034 
310 215 11 12 0.060340453 
830 118 12 15 0.057960417 
234 237 142 174 0.055563238 
556 150 39 57 0.05430791 
824 123 11 15 0.053612567 
540 315 200 180 0.052565113 
714 124 14 18 0.04313872 
140 131 41 62 0.04167848 
810 134 13 16 0.039297022 
269 323 11 13 0.036780253 
596 100 25 29 0.036253642 
934 91 15 18 0.036142286 
909 187 13 16 0.034800008 
933 105 15 18 0.034576282 
608 108 17 20 0.031808067 
922 125 12 16 0.028559852 
853 123 10 13 0.027454669 
974 269 22 29 0.027360609 
469 116 17 20 0.027109586 
647 208 52 58 0.027074108 
620 115 12 16 0.02690772 
978 128 14 17 0.026669841 
770 173 54 78 0.025691431 
277 242 15 18 0.025387246 
31 120 14 16 0.024548577 
43 119 13 16 0.024069835 
950 338 14 16 0.02397575 
883 51 16 23 0.023893438 
846 123 11 13 0.023866734 
602 480 29 38 0.023822006 
551 159 27 41 0.0235385 
550 133 20 28 0.023333311 
568 280 58 74 0.023267984 
586 106 41 48 0.02291199 
693 179 16 20 0.02285578 
908 194 13 18 0.022846963 
456 162 14 22 0.022738092 
290 281 114 169 0.022457954 
467 148 43 51 0.021385755 
550 123 20 25 0.021190597 
863 133 11 15 0.021146683 
139 117 15 17 0.021100713 
578 119 45 57 0.02088266 
877 56 16 21 0.020636078 
-3 119 16 25 0.020598885 
831 99 11 14 0.020336937 
909 127 15 20 0.020128356 
884 114 14 18 0.020063039 
548 296 152 109 0.020057416 
138 124 28 33 0.020011138 
