10_People_Marching_People_Marching_2_498
250
27 14 23 28 0.97797775 
541 2 24 28 0.95797867 
784 542 23 26 0.95390767 
954 543 22 32 0.95271003 
70 145 22 27 0.94672936 
705 0 19 23 0.93410236 
893 417 21 29 0.93386847 
348 418 24 29 0.9328333 
834 277 21 26 0.881297 
412 584 23 25 0.8398804 
162 420 25 33 0.81970006 
610 130 20 23 0.79075336 
539 441 22 28 0.7256061 
771 134 20 22 0.7202216 
870 -1 32 29 0.6149249 
1002 274 21 28 0.59857076 
188 7 27 32 0.5358777 
947 130 15 18 0.49382213 
188 22 23 29 0.4931946 
123 268 17 21 0.39875984 
284 264 30 32 0.3862967 
649 6 18 20 0.35614777 
36 617 17 20 0.34764647 
723 420 18 21 0.29219654 
567 595 21 34 0.25227407 
360 23 22 32 0.24983975 
1 51 19 23 0.2348316 
232 67 10 12 0.19993481 
726 403 16 19 0.18178573 
886 85 14 17 0.1765534 
74 22 13 16 0.146841 
902 43 12 17 0.12592606 
363 17 15 19 0.119509086 
62 33 23 26 0.11815189 
941 110 14 16 0.10515772 
700 316 11 15 0.09402614 
421 158 13 17 0.08629796 
236 67 10 13 0.08489804 
628 66 21 27 0.08267402 
426 156 14 16 0.08250874 
894 44 14 17 0.079097874 
908 62 14 18 0.07878284 
237 129 22 25 0.07634989 
620 161 12 16 0.07612792 
607 110 25 31 0.07190617 
329 308 9 12 0.071166605 
911 452 13 16 0.07012622 
643 163 15 18 0.07001896 
941 116 21 27 0.069785215 
799 581 13 16 0.06747638 
749 444 12 13 0.067370616 
983 573 12 15 0.06625252 
358 423 17 20 0.06473378 
42 596 16 18 0.06298087 
915 155 12 15 0.062868305 
873 462 12 17 0.061529055 
716 0 23 27 0.06053256 
972 149 14 15 0.05980373 
36 597 25 29 0.05969652 
70 639 10 12 0.05669041 
242 122 14 17 0.05587317 
565 469 12 15 0.055235963 
670 154 15 20 0.05339427 
359 3 13 15 0.052286826 
294 0 11 12 0.05169453 
180 442 16 21 0.051434595 
461 298 11 16 0.049892545 
889 50 11 14 0.049807955 
565 35 16 18 0.049492653 
492 323 15 17 0.04850703 
547 452 15 20 0.048368085 
265 109 14 17 0.047555763 
750 36 12 16 0.046231564 
726 21 13 17 0.04616566 
582 45 12 16 0.04570347 
730 398 15 18 0.045167655 
413 570 16 18 0.04516646 
250 139 14 18 0.04471222 
126 299 15 16 0.04417839 
44 623 14 16 0.043192714 
931 168 12 17 0.043155298 
840 2 25 26 0.0429086 
199 28 16 19 0.04284143 
16 1 37 45 0.042729095 
3 463 12 17 0.0425026 
739 35 15 18 0.04246275 
549 468 11 16 0.042323634 
423 586 16 21 0.041985665 
358 11 15 19 0.041522216 
820 572 12 15 0.040777154 
331 55 15 20 0.04058368 
512 591 42 60 0.040246703 
501 323 12 16 0.040108483 
341 68 14 22 0.040100377 
660 268 25 29 0.039131507 
758 52 12 15 0.038381375 
654 182 13 16 0.038125135 
678 311 12 13 0.03789825 
317 450 11 14 0.03736105 
333 323 8 12 0.03704406 
675 75 14 18 0.037042864 
804 170 16 19 0.03692069 
0 439 11 21 0.03681297 
559 469 11 15 0.036685683 
580 51 12 15 0.03647976 
665 282 17 19 0.036401737 
914 163 15 19 0.03533796 
68 27 18 20 0.035282254 
43 43 13 16 0.035224438 
363 70 48 66 0.034834974 
758 452 10 13 0.034222107 
599 612 11 13 0.034184158 
809 307 16 22 0.03402628 
751 51 11 13 0.03398353 
728 4 16 19 0.03391929 
215 163 10 13 0.03388046 
31 612 17 20 0.033811487 
349 404 16 18 0.033715557 
908 40 12 17 0.03333998 
582 158 11 15 0.03321268 
100 180 15 16 0.032948747 
695 446 10 13 0.032626577 
822 578 11 15 0.032546714 
291 288 17 19 0.032420658 
613 21 12 15 0.03226186 
501 336 13 19 0.03218877 
343 422 18 22 0.03209327 
586 77 15 19 0.031701367 
1012 532 12 19 0.031619716 
446 618 12 15 0.031572007 
345 403 25 33 0.031338904 
299 3 11 13 0.03133228 
605 612 9 12 0.031026639 
21 485 14 15 0.030992925 
45 187 13 18 0.030772574 
577 605 16 23 0.030605137 
579 58 13 15 0.030594561 
63 638 10 13 0.030396685 
230 51 10 13 0.030386653 
962 170 17 19 0.030264026 
742 167 23 32 0.03010631 
-1 2 12 18 0.029904824 
589 36 11 14 0.029697128 
459 532 12 15 0.029182876 
720 403 14 16 0.028942637 
982 563 14 19 0.028446944 
63 140 35 44 0.02804524 
161 611 121 92 0.027817423 
726 430 17 22 0.027470825 
912 148 12 16 0.027443377 
432 128 9 11 0.027418278 
690 312 21 30 0.027289132 
236 45 13 15 0.026929583 
526 36 11 15 0.026807494 
431 133 10 13 0.026790358 
756 576 11 13 0.026729332 
596 90 40 52 0.026712041 
880 92 13 17 0.026623284 
756 57 14 18 0.02646193 
405 566 38 45 0.026412904 
45 52 12 15 0.02627385 
214 77 13 15 0.02625702 
773 569 13 15 0.025981333 
324 83 11 14 0.025897847 
109 174 11 14 0.025881227 
890 79 14 17 0.025874192 
222 52 13 15 0.025825057 
651 161 14 18 0.025811493 
640 312 8 11 0.025762126 
786 136 14 20 0.025654623 
542 468 14 16 0.025507286 
246 43 13 16 0.025467064 
953 124 14 18 0.02542045 
755 446 12 14 0.025403025 
408 387 13 16 0.025335707 
908 49 13 17 0.02530962 
287 0 11 11 0.025003716 
661 161 12 16 0.024823986 
874 566 51 69 0.024654103 
787 124 13 17 0.024648797 
526 31 10 12 0.02459519 
758 495 16 20 0.02452692 
719 407 22 25 0.024402646 
765 472 12 15 0.024300704 
685 315 12 15 0.024226744 
343 4 42 46 0.024130344 
332 351 14 18 0.024128845 
119 286 25 27 0.024093917 
698 -4 39 42 0.02402501 
61 644 11 13 0.023958914 
334 56 22 29 0.023941195 
114 268 21 27 0.023823645 
14 491 12 16 0.023759922 
744 45 25 27 0.023706991 
42 3 16 18 0.023685228 
696 312 11 16 0.023632025 
314 318 14 15 0.023550605 
937 124 14 18 0.023540966 
600 130 23 27 0.023488432 
680 312 22 26 0.023464046 
840 39 9 12 0.023326378 
860 94 14 17 0.023326095 
220 77 11 15 0.023065621 
47 247 8 11 0.022874068 
236 51 11 13 0.02266333 
934 91 12 16 0.022507738 
121 298 24 27 0.022488799 
318 309 11 12 0.022473754 
14 484 12 14 0.022377597 
172 62 11 15 0.022300165 
925 139 11 14 0.022260945 
987 69 17 20 0.022212477 
76 645 10 14 0.022212224 
750 30 11 15 0.022114484 
631 147 13 16 0.022039656 
230 74 13 15 0.022031626 
971 586 14 19 0.021983547 
1006 536 15 19 0.021962538 
33 3 17 19 0.021812012 
165 68 14 19 0.021747448 
668 -2 14 13 0.021644788 
987 579 15 19 0.021639714 
652 1 15 15 0.021411935 
882 85 11 15 0.021400074 
571 28 14 17 0.02132837 
300 323 25 30 0.021266228 
455 438 43 60 0.021221772 
695 319 12 18 0.020997195 
742 443 13 15 0.02097355 
508 323 11 15 0.020963829 
636 156 16 18 0.020949027 
757 43 12 16 0.02087689 
972 194 16 21 0.020823678 
582 36 11 15 0.020810135 
481 510 9 12 0.02076882 
422 149 14 17 0.020762688 
571 41 15 18 0.020658828 
102 173 14 16 0.02062331 
173 426 27 33 0.020619173 
973 133 13 16 0.020543557 
613 108 15 18 0.02042074 
739 447 22 26 0.020365624 
735 387 13 16 0.020324234 
209 590 29 29 0.02012994 
532 42 14 16 0.02012096 
731 439 15 19 0.020117017 
382 76 13 15 0.020116678 
884 114 11 15 0.020105416 
996 73 14 18 0.020035956 
694 452 12 17 0.020008594 
