10_People_Marching_People_Marching_10_People_Marching_People_Marching_10_People_Marching_People_Marching_10_716
188
2 436 31 42 0.9996506 
73 439 36 45 0.9982791 
765 267 75 93 0.99761605 
327 349 52 60 0.99700564 
507 291 64 73 0.9961718 
122 420 36 42 0.995593 
199 412 39 47 0.99401 
651 523 23 25 0.8411419 
65 519 44 55 0.7565376 
578 552 48 60 0.38679925 
174 548 45 53 0.36138466 
276 537 60 66 0.31164137 
981 627 40 54 0.2780031 
124 563 28 35 0.26044714 
928 453 34 38 0.23527133 
516 252 56 74 0.20563856 
36 527 48 57 0.10524942 
415 466 97 127 0.09347274 
-4 599 46 92 0.09341579 
125 571 41 51 0.07874709 
4 353 12 15 0.07620754 
33 294 9 11 0.0735195 
891 543 25 29 0.07027328 
416 182 8 11 0.06855565 
915 535 52 59 0.06290818 
433 523 18 22 0.05653244 
190 71 8 11 0.05282874 
886 527 10 14 0.050201878 
965 544 31 41 0.049964506 
272 558 59 80 0.04969302 
156 347 11 14 0.048197884 
344 145 8 10 0.0472418 
461 467 104 123 0.04593651 
31 288 9 11 0.045635324 
333 110 8 10 0.04562651 
19 594 19 23 0.04533986 
15 270 10 13 0.04280545 
79 47 9 11 0.042616315 
133 4 10 11 0.042579584 
132 401 17 19 0.04215344 
658 505 14 18 0.041702643 
780 469 95 120 0.039597582 
774 214 56 82 0.037985634 
21 536 39 43 0.0375033 
0 341 9 14 0.037078116 
723 456 101 127 0.03704698 
972 540 51 74 0.0360112 
344 183 8 10 0.035933048 
663 527 26 30 0.035813622 
952 584 81 105 0.03528559 
350 184 8 9 0.034859803 
659 442 17 19 0.034749143 
398 112 8 10 0.034280077 
534 262 36 43 0.03424323 
399 182 8 11 0.033948436 
126 402 28 33 0.033757802 
159 7 8 9 0.03327003 
368 183 8 9 0.033028975 
90 353 24 30 0.03302343 
179 552 19 26 0.03279213 
741 187 66 85 0.032048374 
420 182 9 11 0.031884104 
408 182 9 11 0.031596117 
1012 372 11 17 0.03157461 
225 56 6 9 0.031542297 
57 118 8 12 0.031537976 
335 103 8 10 0.03151137 
44 341 11 14 0.031139111 
378 110 8 11 0.03066272 
311 134 8 10 0.030456167 
13 310 9 12 0.030421937 
673 530 27 32 0.030159814 
47 317 9 11 0.030159336 
8 278 8 12 0.030023728 
16 303 8 10 0.029683143 
164 571 51 62 0.029642295 
408 190 8 9 0.02946358 
39 388 11 17 0.028723124 
46 336 10 13 0.028643856 
321 120 8 10 0.028546492 
942 388 15 19 0.028468259 
134 68 8 10 0.028463077 
326 118 8 10 0.028382016 
148 362 12 17 0.028287979 
332 239 44 63 0.028271325 
435 534 17 19 0.027788924 
435 517 15 18 0.027509993 
369 174 8 10 0.027480239 
145 582 30 41 0.02736943 
439 198 7 9 0.027316902 
191 0 8 10 0.027271844 
320 125 8 10 0.027182179 
23 301 9 11 0.027125899 
103 95 8 10 0.026822712 
79 428 28 35 0.02681572 
98 47 8 10 0.02662423 
558 529 76 97 0.026605243 
255 95 8 9 0.026594082 
367 70 8 9 0.026419386 
274 81 7 9 0.026240565 
417 79 9 11 0.026179569 
732 154 54 82 0.026138185 
819 441 187 226 0.026132144 
378 78 8 11 0.02596122 
54 324 11 13 0.025801582 
944 380 27 36 0.02573498 
928 546 55 64 0.02560912 
647 505 27 33 0.025346348 
442 142 9 11 0.025330128 
189 76 9 11 0.025139762 
63 332 12 15 0.025084302 
26 296 8 10 0.024978489 
25 278 9 12 0.024921594 
448 146 11 13 0.024805473 
446 141 11 13 0.024741028 
735 120 57 78 0.024653375 
278 80 8 9 0.024509124 
60 391 14 19 0.024412947 
7 284 9 12 0.024341336 
13 316 10 12 0.02431969 
249 57 7 9 0.024283936 
85 308 11 14 0.024275148 
185 71 10 12 0.024264622 
289 70 9 11 0.023993922 
128 64 9 11 0.023742426 
54 365 11 13 0.023728045 
218 385 18 19 0.023640335 
425 524 29 35 0.023619238 
151 552 45 57 0.023564735 
383 183 7 10 0.023454476 
60 354 12 15 0.023356102 
440 191 7 10 0.023210071 
394 183 7 10 0.0231898 
241 110 9 12 0.023027092 
345 100 9 11 0.0229906 
130 1 10 11 0.022948408 
199 70 7 9 0.02290916 
658 519 46 51 0.022808628 
924 426 49 73 0.022569973 
415 188 8 10 0.022535056 
1005 276 10 14 0.022446692 
89 424 18 21 0.022412285 
174 55 8 9 0.022189947 
374 176 8 9 0.022107722 
49 301 10 12 0.022082511 
232 57 7 9 0.02206822 
231 62 8 9 0.022051794 
890 531 46 55 0.02201217 
11 353 13 16 0.021934513 
887 513 87 97 0.021900125 
113 54 9 11 0.021833269 
104 111 7 10 0.021824108 
48 309 10 12 0.02176053 
112 110 8 10 0.021737784 
9 317 9 12 0.021323139 
304 149 8 10 0.021305777 
1008 291 12 19 0.021298788 
273 142 7 9 0.021212593 
26 285 10 12 0.021126099 
225 63 7 9 0.021119671 
416 83 10 13 0.02111833 
239 72 8 9 0.021086307 
241 115 10 14 0.021085443 
2 589 14 18 0.021046067 
343 189 8 10 0.02096885 
38 289 9 11 0.020967081 
270 29 8 11 0.020963589 
775 134 60 85 0.02093883 
460 230 182 206 0.020854557 
7 243 10 14 0.02068694 
310 102 8 10 0.020630067 
676 606 41 52 0.020557508 
55 391 12 19 0.020536194 
208 0 7 8 0.020511158 
826 485 98 116 0.020491444 
203 385 33 40 0.020491248 
234 447 23 29 0.020459525 
462 143 10 13 0.020350598 
45 393 12 19 0.020320866 
360 183 7 10 0.020315235 
118 46 8 12 0.020296339 
28 380 12 16 0.020283958 
208 71 8 9 0.020270599 
330 104 8 11 0.020264162 
223 95 9 11 0.02020814 
199 64 8 9 0.02010419 
376 181 8 10 0.020043831 
29 387 13 17 0.020002482 
