10_People_Marching_People_Marching_2_401
275
192 352 54 67 0.99955434 
19 411 55 63 0.99908817 
332 406 65 83 0.9986298 
92 514 62 79 0.9969555 
728 300 35 47 0.9953856 
726 384 35 46 0.99367166 
640 530 76 105 0.9928848 
494 267 30 38 0.9880349 
101 281 27 34 0.9871652 
568 264 25 36 0.984992 
541 240 23 31 0.9833086 
798 281 41 51 0.9832828 
673 422 36 46 0.98271066 
921 265 26 34 0.9778284 
627 250 25 34 0.9771992 
755 264 26 35 0.9745599 
45 289 24 30 0.97455555 
852 490 87 137 0.9740646 
663 267 30 36 0.97347397 
386 248 18 22 0.9665372 
284 295 22 29 0.9640296 
251 272 23 29 0.96309286 
552 499 64 62 0.9586193 
353 278 19 23 0.9542204 
315 269 16 21 0.9528503 
422 240 23 27 0.9434788 
65 319 25 33 0.9400379 
477 264 22 31 0.91978234 
852 248 31 48 0.9099031 
102 390 34 43 0.8719922 
508 240 19 22 0.8672246 
700 238 18 22 0.85728794 
358 252 11 16 0.8527836 
210 302 22 27 0.80920714 
188 267 23 28 0.804747 
308 329 24 29 0.7101763 
745 228 15 19 0.7076715 
354 335 24 31 0.6994719 
-3 353 25 51 0.68780106 
741 254 17 22 0.6386032 
328 291 21 26 0.61434865 
782 363 39 58 0.58463115 
383 311 24 29 0.53107303 
615 235 13 17 0.38133883 
584 501 57 61 0.3601365 
668 254 25 29 0.29186502 
71 283 13 16 0.2612627 
324 228 12 15 0.23888962 
816 246 25 29 0.21110213 
745 261 22 29 0.20716062 
996 277 14 20 0.18650977 
206 229 11 14 0.1806342 
35 268 11 15 0.17399994 
339 262 15 17 0.16599806 
943 246 13 16 0.16175097 
649 355 31 35 0.16065848 
139 195 14 18 0.15396348 
610 502 59 70 0.14370586 
590 227 13 16 0.13796 
133 303 15 20 0.13002408 
443 220 13 16 0.1281132 
862 527 107 151 0.12651089 
200 311 29 34 0.12088036 
360 327 21 25 0.120587796 
586 250 19 23 0.113043204 
497 341 33 59 0.10672975 
761 261 17 20 0.10324969 
314 347 27 33 0.09656951 
633 242 18 21 0.09620316 
183 321 13 17 0.093587615 
987 233 12 16 0.09065048 
901 234 14 17 0.087480895 
177 254 11 15 0.08619795 
558 354 30 45 0.085456274 
774 263 25 34 0.08497796 
183 317 21 27 0.08120006 
629 213 14 18 0.08058088 
1001 275 16 21 0.08052687 
791 212 12 15 0.08025326 
191 316 26 31 0.07951161 
617 488 35 48 0.07560555 
909 241 16 20 0.07544549 
172 267 13 18 0.07308076 
394 314 24 30 0.071946844 
991 286 14 20 0.0700416 
819 243 16 18 0.069516465 
451 225 16 19 0.06835225 
989 242 10 16 0.06668606 
571 260 17 24 0.06624051 
766 195 16 20 0.06613605 
33 264 10 14 0.06594091 
316 263 13 17 0.06550354 
753 432 34 44 0.062814705 
636 217 13 17 0.06263743 
625 516 62 82 0.06260885 
30 265 20 25 0.062041692 
381 305 18 22 0.062028483 
440 214 13 17 0.059369363 
366 320 23 29 0.059140995 
550 361 46 59 0.05860561 
364 245 13 17 0.058558166 
300 273 12 17 0.057628717 
862 261 33 41 0.057566702 
67 278 21 27 0.057519227 
134 293 13 19 0.057140432 
362 258 13 15 0.055686437 
802 361 53 76 0.055584185 
961 203 9 13 0.05424427 
931 249 24 32 0.0535948 
428 358 31 39 0.051091816 
117 288 23 29 0.050558474 
741 241 20 27 0.0502908 
260 380 40 48 0.050232604 
757 179 14 19 0.049968198 
703 217 15 19 0.049956307 
912 247 22 32 0.049653217 
316 254 13 16 0.049345214 
129 230 10 11 0.048075873 
344 334 23 30 0.04800746 
733 249 16 21 0.047594335 
974 251 9 13 0.046161454 
593 292 16 22 0.0457312 
168 269 11 16 0.045723688 
58 324 39 49 0.04546231 
917 248 13 19 0.04534351 
826 250 29 33 0.044354007 
258 244 13 15 0.04409153 
842 247 28 41 0.043478403 
93 403 43 56 0.043067314 
510 353 51 69 0.041923292 
459 226 14 18 0.041897774 
605 238 19 25 0.04167746 
780 259 18 21 0.04068487 
940 255 16 21 0.040290404 
821 203 16 19 0.039133653 
585 234 20 24 0.038571592 
813 238 15 17 0.03842573 
366 240 11 13 0.038205396 
616 238 20 26 0.038041674 
995 304 15 21 0.037997827 
587 258 23 31 0.03749529 
635 227 14 18 0.03749243 
385 299 24 30 0.037240643 
35 273 23 29 0.036911566 
759 180 23 28 0.036669534 
0 291 8 15 0.036508456 
604 257 14 19 0.03647213 
662 222 14 17 0.036403283 
593 244 14 18 0.036397208 
515 242 22 28 0.036040463 
487 220 13 17 0.035255603 
732 438 47 59 0.034584694 
582 278 25 33 0.034485996 
741 273 41 52 0.034130458 
210 236 12 15 0.033757363 
981 261 11 15 0.03370332 
348 237 11 13 0.033457644 
918 278 19 23 0.03326439 
701 225 20 25 0.033259645 
748 250 23 29 0.033095438 
329 313 17 23 0.032979637 
46 293 37 49 0.032865893 
411 323 14 17 0.032809548 
628 464 34 44 0.03238294 
254 374 27 40 0.031668708 
631 235 14 17 0.03107475 
983 271 23 31 0.030525174 
869 209 16 20 0.030441975 
547 230 14 16 0.030398956 
664 245 23 27 0.030258786 
694 429 31 36 0.030185595 
991 252 9 12 0.029906185 
594 472 52 66 0.029578447 
5 284 10 15 0.029509872 
752 233 15 20 0.029497463 
502 248 14 19 0.029426206 
271 370 35 40 0.02925055 
501 250 26 33 0.0291316 
487 236 14 17 0.029052733 
678 251 18 21 0.02896092 
663 244 13 16 0.028905619 
1007 261 11 14 0.028586442 
210 222 13 15 0.028378222 
585 229 12 16 0.028159147 
783 272 40 50 0.02809723 
706 239 23 27 0.027604546 
665 64 54 73 0.027393207 
295 220 12 14 0.027369276 
206 239 14 18 0.027348517 
933 236 11 15 0.027191268 
135 415 14 21 0.027059961 
490 225 14 18 0.027045755 
1005 267 14 20 0.026802687 
644 464 31 39 0.026665399 
935 243 13 17 0.02665967 
365 341 26 34 0.026575562 
771 371 31 45 0.026419852 
1007 255 10 12 0.026245799 
744 441 29 33 0.026048185 
1011 266 13 18 0.025777444 
479 341 34 51 0.025747346 
730 538 49 64 0.025658675 
164 237 10 12 0.025501715 
352 245 13 17 0.02536913 
642 220 12 15 0.025313247 
941 240 12 15 0.025311196 
437 304 25 29 0.025272878 
723 204 12 16 0.025269995 
694 282 15 19 0.025263159 
732 292 13 19 0.025153862 
453 252 14 19 0.024876686 
346 256 18 23 0.02470588 
926 229 12 15 0.024683537 
255 239 13 16 0.024575476 
490 243 14 17 0.02455768 
200 228 11 15 0.02431188 
312 206 10 12 0.024306724 
243 222 12 15 0.024192257 
195 263 15 18 0.02414394 
238 285 14 18 0.023984896 
613 463 32 44 0.023754481 
184 237 10 12 0.023708299 
155 403 12 15 0.023627965 
701 180 11 14 0.023596026 
484 212 13 16 0.02353808 
330 229 12 15 0.023374468 
609 253 22 29 0.023323067 
283 251 13 17 0.023269858 
106 394 20 26 0.023183314 
856 234 24 34 0.02298641 
557 245 22 30 0.022974748 
663 260 14 19 0.02285985 
344 231 12 16 0.022721114 
89 293 28 35 0.022574656 
375 190 10 12 0.022537462 
623 256 18 25 0.022509024 
916 238 13 18 0.02233658 
238 243 12 15 0.022251233 
866 240 17 21 0.022183891 
733 405 46 57 0.022161644 
691 242 22 27 0.022143535 
1009 273 15 19 0.022081267 
786 210 21 27 0.021959363 
592 191 8 11 0.021920051 
421 363 46 57 0.021907045 
568 466 88 106 0.021855738 
897 243 24 31 0.02177711 
118 246 11 14 0.021660803 
608 234 14 19 0.021615919 
861 229 13 17 0.021428335 
143 227 12 16 0.021363568 
147 188 13 15 0.021287918 
793 347 32 52 0.021284143 
675 245 16 20 0.021235812 
1003 284 15 23 0.02117755 
586 305 23 29 0.021111136 
43 276 13 17 0.021096133 
909 258 27 37 0.020994885 
246 280 17 21 0.02095675 
611 522 35 47 0.020859689 
922 252 14 18 0.020857215 
857 248 20 29 0.020759836 
197 317 40 48 0.020708665 
735 231 21 28 0.020703638 
874 204 14 17 0.020603098 
582 243 16 20 0.020596838 
43 269 13 16 0.02055129 
81 285 21 27 0.020539548 
318 321 23 28 0.020423964 
557 259 27 35 0.020403732 
727 292 24 36 0.020387478 
0 369 44 62 0.020292161 
491 250 15 18 0.020263162 
358 267 20 25 0.02023023 
700 387 14 17 0.020079553 
