10_People_Marching_People_Marching_2_591
1777
850 181 29 37 0.99772185 
756 192 25 36 0.99706393 
895 156 44 52 0.9807561 
595 185 21 27 0.96659184 
508 1122 14 19 0.9601517 
671 191 22 28 0.9522638 
40 175 19 26 0.9346974 
459 185 18 24 0.93047905 
527 1274 20 25 0.9200274 
511 1181 20 26 0.9200067 
155 186 18 20 0.9180387 
609 1278 21 26 0.91248524 
212 187 19 23 0.89870465 
275 188 19 26 0.89798003 
843 1243 20 28 0.8954965 
414 1132 13 18 0.8817543 
46 1105 17 20 0.864058 
362 1141 13 17 0.8549305 
455 1197 22 28 0.8525197 
163 1063 15 19 0.84855014 
567 1301 20 26 0.84531385 
875 1341 17 26 0.8426868 
85 178 17 22 0.8240158 
537 1222 21 26 0.7765219 
771 1267 19 25 0.7681388 
909 1256 27 35 0.76658094 
424 1219 22 26 0.7564516 
354 1257 18 22 0.7554188 
555 1357 19 22 0.7302746 
205 1151 17 23 0.7240471 
691 1267 18 24 0.71409386 
416 180 17 22 0.7112156 
338 1178 12 16 0.705288 
323 1138 14 17 0.6652022 
356 1211 20 27 0.6327259 
336 194 16 20 0.6243038 
642 1283 22 28 0.62192357 
572 1252 21 27 0.6039461 
150 1371 25 38 0.59509903 
463 1314 25 32 0.57244873 
620 1226 18 21 0.5678631 
667 1239 15 22 0.55868185 
581 1188 21 25 0.5506454 
129 1155 15 19 0.5319306 
105 1170 16 20 0.52708894 
10 570 17 22 0.5004158 
72 1156 17 21 0.49758554 
805 1300 20 27 0.49171865 
498 1231 25 31 0.48945147 
1004 1318 16 22 0.45145467 
42 1186 16 22 0.43338344 
77 1124 14 19 0.4292621 
487 1271 18 24 0.42808753 
147 1127 16 20 0.4229914 
292 1176 14 19 0.4135005 
241 627 10 14 0.41284212 
394 192 14 19 0.3818223 
217 1242 22 29 0.37737107 
549 502 14 18 0.3766154 
100 1176 22 27 0.37563676 
301 1152 16 22 0.3692404 
115 1131 19 23 0.36874515 
162 1161 16 22 0.3611109 
815 1160 16 21 0.34447527 
402 659 22 27 0.34357423 
251 1130 14 19 0.34139138 
652 1208 16 23 0.3389044 
179 1137 16 20 0.33104083 
277 1168 14 18 0.3305263 
449 1144 14 20 0.31053346 
736 1266 15 21 0.31031674 
696 1326 20 30 0.30519027 
893 1307 22 28 0.29836234 
819 1075 16 19 0.29567233 
322 1290 18 22 0.2954439 
984 1083 17 21 0.29175478 
285 1091 14 17 0.28739932 
416 1269 25 39 0.28676414 
965 1105 14 16 0.26911277 
496 1269 21 27 0.25724274 
741 1193 17 19 0.25615427 
763 1244 17 25 0.25542566 
242 1169 15 21 0.2517233 
932 1052 12 16 0.24822867 
609 1139 16 19 0.2474935 
625 698 24 27 0.23957166 
913 1133 15 21 0.23186882 
939 1089 13 17 0.22987056 
318 1227 23 29 0.2296063 
701 1096 15 18 0.22529188 
202 1214 17 24 0.225075 
855 1109 11 14 0.22387154 
861 1065 11 15 0.22269079 
717 1115 15 18 0.22086716 
816 1129 17 22 0.21973316 
310 661 11 13 0.21923228 
286 275 15 17 0.21880923 
351 631 12 14 0.21584128 
183 1074 12 15 0.21137886 
668 682 13 16 0.21024449 
982 1198 21 27 0.20036088 
773 686 13 15 0.19941078 
217 1187 15 19 0.18975529 
363 1219 17 23 0.18459217 
451 1278 16 23 0.1764333 
899 36 25 31 0.17640954 
261 1129 12 17 0.17525995 
165 50 23 26 0.17321932 
877 1083 15 18 0.17317775 
771 1084 13 16 0.17295124 
571 1187 21 26 0.17147963 
813 1293 22 28 0.17018059 
525 1326 20 28 0.16965866 
163 1108 15 19 0.1656076 
835 1100 13 19 0.16179396 
411 267 16 19 0.16100113 
431 1271 21 31 0.160388 
738 1118 14 18 0.15488172 
174 682 13 16 0.15374365 
89 550 9 11 0.15325436 
174 1090 12 15 0.1529292 
698 502 9 11 0.15119386 
405 1179 13 19 0.15095234 
892 1122 15 19 0.15005857 
413 1141 15 22 0.1492192 
937 1162 15 23 0.14862818 
46 562 14 17 0.1472859 
447 654 11 15 0.1469097 
972 750 24 28 0.14184366 
606 585 15 19 0.14141385 
150 1196 14 21 0.14075786 
270 614 8 11 0.1387131 
474 1160 16 21 0.1379569 
409 1282 25 35 0.13691379 
317 1099 15 20 0.13686536 
156 692 13 16 0.13618848 
781 684 13 15 0.13402246 
835 716 11 15 0.13315922 
994 188 27 33 0.13310535 
369 202 16 21 0.13233127 
383 1170 14 17 0.13198741 
239 282 13 18 0.13160063 
81 1208 16 21 0.13024503 
617 1205 21 28 0.1286282 
617 1278 24 30 0.12852858 
283 1170 15 19 0.12736124 
383 1279 27 32 0.12695725 
520 299 14 18 0.12563597 
849 242 18 24 0.12525639 
606 1361 20 26 0.12511986 
246 1125 15 19 0.124878734 
395 1281 27 35 0.12435873 
381 241 22 29 0.12425962 
240 1163 15 18 0.12311826 
244 1201 17 22 0.122949526 
281 1248 26 31 0.12285875 
228 1092 11 15 0.121518135 
3 1129 13 17 0.12049817 
937 1123 15 19 0.120087616 
566 1191 15 19 0.11968763 
760 219 27 37 0.117990755 
731 1316 17 25 0.116043985 
15 1130 12 17 0.11571351 
758 1132 12 15 0.11561189 
993 1374 25 37 0.113845006 
151 574 10 13 0.11296724 
230 628 12 14 0.112793304 
281 622 9 12 0.111813724 
370 1120 14 18 0.11049801 
445 1126 12 15 0.11001005 
335 1254 22 25 0.109560005 
926 699 9 13 0.10938337 
909 1081 14 20 0.10921958 
589 493 10 12 0.10918681 
765 689 14 16 0.109062254 
700 1209 22 28 0.10875042 
51 1159 15 19 0.10871775 
688 684 13 17 0.10791395 
199 1239 21 27 0.10762161 
602 580 25 30 0.10707691 
425 1265 17 27 0.10697364 
203 667 12 15 0.10588372 
879 707 11 13 0.105603054 
436 1340 23 29 0.10505124 
498 1226 18 24 0.10492027 
211 1137 14 19 0.10447572 
764 1125 13 17 0.102990426 
597 220 15 20 0.10286952 
688 1145 16 21 0.1026431 
382 605 11 15 0.10224056 
94 178 18 23 0.10213286 
6 1115 12 15 0.10103763 
787 682 11 14 0.101034164 
37 532 12 14 0.10053567 
239 597 8 11 0.099942036 
208 606 11 14 0.099428274 
243 1213 25 30 0.09925077 
935 1436 25 29 0.09913854 
821 1287 23 27 0.09761967 
908 1240 26 34 0.09749767 
537 1107 15 19 0.09678209 
587 299 15 19 0.09652429 
1008 192 16 24 0.09599706 
815 706 12 15 0.09595759 
14 513 10 12 0.09559448 
765 703 14 19 0.09491724 
882 1078 13 16 0.09374322 
684 1330 23 29 0.093636125 
699 1265 21 25 0.093031235 
367 693 12 15 0.09230588 
420 1126 14 17 0.09226067 
46 1213 14 21 0.09194239 
891 1136 19 23 0.09124244 
249 1209 16 20 0.09014697 
907 1105 12 16 0.08943889 
238 1175 15 21 0.089023136 
156 1096 14 18 0.088511184 
760 1068 12 14 0.08799515 
389 132 15 18 0.08778099 
58 1156 21 25 0.08719454 
483 499 13 15 0.086738184 
588 1206 18 23 0.08648966 
534 1113 14 18 0.08622385 
988 1177 17 21 0.08605451 
867 34 30 35 0.085876904 
172 643 13 17 0.08577035 
755 1140 16 20 0.0855463 
0 1186 14 21 0.08539227 
427 1194 17 20 0.08537136 
620 1348 22 30 0.08464146 
212 610 11 14 0.08433727 
597 1123 13 16 0.08416785 
467 1242 15 22 0.08376328 
891 1191 15 23 0.083743125 
943 694 9 12 0.08363452 
358 659 12 14 0.08354838 
324 1245 15 21 0.08327109 
19 185 15 19 0.08316898 
630 1110 12 16 0.08313303 
1003 28 21 28 0.08276599 
924 1074 12 16 0.081402294 
271 606 9 12 0.08103279 
995 104 24 29 0.08079087 
-1 1155 8 16 0.08066523 
42 1194 21 30 0.08065955 
489 1217 23 27 0.08034778 
687 678 10 13 0.08008714 
574 1131 12 15 0.0795726 
294 659 12 15 0.07950711 
795 1106 12 17 0.079314984 
708 1137 13 17 0.079094745 
303 620 9 11 0.07899916 
51 1209 14 21 0.078893825 
760 1116 11 14 0.07834202 
724 1267 22 29 0.07826966 
156 634 14 20 0.07795613 
402 1275 15 21 0.07746089 
637 1343 23 30 0.07701925 
943 1303 25 34 0.076854296 
380 97 15 18 0.076853424 
329 274 15 16 0.0767374 
544 502 12 15 0.07653389 
558 1139 13 17 0.075802006 
104 534 10 13 0.07555451 
773 1165 15 21 0.07548646 
245 1194 15 19 0.07503876 
303 661 11 14 0.07477054 
0 1223 25 40 0.074647486 
541 1188 14 18 0.074286304 
997 763 15 23 0.07395917 
470 1132 13 18 0.07374306 
246 651 10 14 0.073350765 
286 568 9 11 0.07326476 
958 1101 15 17 0.07302234 
645 1203 16 21 0.07293951 
678 1107 14 16 0.072750285 
580 1248 22 27 0.07239409 
925 732 12 18 0.07197351 
821 703 11 13 0.07197166 
711 1118 13 17 0.07196407 
730 1359 25 34 0.07188555 
723 1109 13 18 0.07168757 
739 1085 12 14 0.07164446 
326 551 12 13 0.07138269 
985 1182 23 29 0.071319796 
192 1138 21 26 0.07080647 
224 1060 13 14 0.070738845 
576 562 10 13 0.0707059 
765 1116 11 15 0.07057398 
561 1351 22 29 0.06989609 
748 1125 12 15 0.0692579 
272 598 9 11 0.06911089 
605 1102 12 15 0.06900444 
515 1272 20 26 0.06883665 
391 1179 21 29 0.06874394 
597 1132 12 14 0.06869492 
909 1353 15 19 0.068680346 
269 637 9 13 0.06854963 
121 1125 16 19 0.06842486 
70 613 12 16 0.06840744 
320 615 10 12 0.068281494 
737 1092 15 17 0.067959666 
393 1224 22 28 0.06790149 
591 1133 11 14 0.067291394 
370 1140 12 17 0.067222066 
234 1206 24 28 0.06706902 
791 1234 13 17 0.06692246 
156 573 11 14 0.06691054 
305 157 30 37 0.066794254 
456 1101 9 13 0.06654224 
879 1329 22 31 0.066400304 
380 203 15 19 0.06623397 
188 1090 12 16 0.066216424 
513 210 18 21 0.06613653 
190 684 12 15 0.06602846 
228 1208 16 21 0.06598273 
767 1076 12 15 0.065606914 
279 628 9 11 0.06548535 
902 1083 13 19 0.06537841 
564 1243 22 27 0.06531684 
196 650 12 16 0.06521338 
272 621 8 10 0.06509573 
640 613 10 13 0.06492759 
83 1154 14 19 0.064786084 
202 1141 19 25 0.06417428 
477 1273 24 30 0.06406982 
671 1107 12 15 0.064028785 
382 574 8 11 0.0640285 
76 183 16 22 0.06402664 
243 1174 22 27 0.06375103 
387 199 17 22 0.06366787 
723 1178 14 20 0.06349349 
548 1187 13 17 0.06339346 
885 1184 15 23 0.06337443 
477 1187 15 20 0.06325063 
367 196 13 19 0.063056104 
228 1123 12 16 0.062920965 
860 1392 21 28 0.06277728 
720 1319 24 33 0.062700815 
458 1273 15 22 0.062595755 
869 1151 15 21 0.06255574 
177 1233 17 20 0.06177013 
334 1183 15 20 0.061501857 
88 556 11 15 0.061497867 
304 558 9 11 0.061419375 
515 1078 13 17 0.061181806 
659 1127 16 20 0.061118837 
224 590 9 11 0.06101419 
944 1013 11 13 0.060954355 
709 1318 24 31 0.060790718 
851 1247 22 29 0.060662333 
179 1090 15 19 0.06060844 
738 1161 16 22 0.060605086 
136 181 23 28 0.06049468 
517 1338 24 34 0.060441 
437 165 12 15 0.060284615 
297 615 9 11 0.060201973 
90 1087 16 19 0.06016067 
106 1085 14 17 0.0599303 
109 1134 17 22 0.059598684 
281 574 8 11 0.059495106 
580 1117 11 14 0.059479605 
654 1120 15 19 0.059459195 
471 1126 11 15 0.059453275 
458 1187 18 23 0.059178084 
109 533 10 13 0.05914558 
582 1133 11 14 0.058868878 
11 1095 14 19 0.05876961 
786 1208 15 20 0.05865909 
875 1106 14 17 0.058603954 
190 650 13 16 0.05856042 
867 1185 14 21 0.058549102 
631 1102 9 11 0.058369208 
269 1107 14 18 0.05805686 
281 1100 11 15 0.057700116 
105 1115 16 19 0.05768808 
303 1139 12 15 0.057522457 
113 557 9 12 0.057369765 
927 1057 13 16 0.057142638 
811 1079 24 29 0.056968074 
637 620 12 15 0.056820173 
981 1108 13 17 0.056713466 
43 264 26 30 0.056677915 
394 581 9 12 0.05645769 
90 1154 15 19 0.056390688 
982 1069 12 14 0.0562071 
812 1149 20 25 0.056203343 
686 731 11 13 0.05605958 
502 1353 24 31 0.05593637 
17 572 17 22 0.05592395 
149 1092 16 20 0.055910658 
525 203 14 18 0.055881225 
600 1269 24 29 0.055790715 
831 1248 24 29 0.05578869 
163 1214 15 22 0.055766847 
580 295 16 20 0.055721704 
239 592 9 11 0.055333555 
117 582 12 14 0.054995865 
702 1204 15 20 0.054659687 
739 1109 12 14 0.054512728 
302 1106 14 19 0.05443345 
937 1203 15 20 0.054417916 
255 584 8 10 0.05440895 
676 958 31 42 0.05433641 
1012 1122 11 16 0.054330923 
632 622 12 14 0.054290097 
847 1175 22 28 0.05414963 
612 1154 15 17 0.054141387 
380 1292 24 29 0.05402627 
811 651 12 15 0.053955324 
227 636 13 16 0.05369689 
261 1198 13 16 0.05363659 
680 613 9 12 0.05357004 
320 556 9 12 0.053496785 
325 621 10 13 0.05342258 
424 1199 24 30 0.05340691 
796 1338 16 23 0.053336285 
603 1356 17 23 0.053326413 
80 544 8 10 0.05330352 
443 1267 23 29 0.053209424 
339 1194 15 20 0.053202868 
187 1152 14 18 0.053139217 
716 519 9 11 0.053056866 
595 1255 22 27 0.0530221 
265 510 7 9 0.052981112 
51 558 12 16 0.05298043 
347 630 20 24 0.05297591 
148 1163 16 20 0.052887455 
920 1129 19 26 0.052856382 
940 1052 12 16 0.05275294 
684 1121 12 16 0.052652862 
905 1051 10 12 0.05265098 
1006 1131 12 16 0.052259922 
100 586 14 18 0.052100442 
877 159 43 54 0.052099463 
880 1297 25 32 0.05199506 
855 1182 19 27 0.051982734 
350 623 12 15 0.051864594 
361 1235 21 30 0.05184202 
941 1155 24 32 0.05183792 
350 1210 17 22 0.051678278 
247 612 10 12 0.05167322 
407 1180 20 27 0.051633485 
860 173 39 50 0.051550377 
851 37 18 21 0.051384542 
287 583 9 11 0.051291592 
536 1208 22 28 0.051162235 
534 189 24 28 0.051134847 
411 1219 24 31 0.051112894 
360 1251 18 22 0.051050317 
1010 1209 14 22 0.050973516 
980 1169 21 27 0.050833464 
726 1194 13 18 0.05074849 
511 1293 23 30 0.050651383 
366 118 15 19 0.05059009 
994 1236 21 27 0.050562687 
788 1338 16 21 0.0504929 
421 183 19 28 0.050474 
752 1131 11 14 0.05039917 
120 1103 12 16 0.05034695 
797 1113 11 17 0.05025786 
557 493 11 13 0.050252903 
588 1179 14 19 0.050191738 
496 1122 11 14 0.050107367 
970 1163 22 29 0.0500826 
30 510 9 11 0.050011825 
907 710 14 17 0.049969543 
876 1266 15 19 0.049963467 
412 1193 14 18 0.049949877 
249 526 8 10 0.049942203 
706 1200 21 26 0.04984142 
745 652 9 12 0.049822796 
588 653 17 21 0.049761508 
638 607 10 12 0.049713716 
883 1312 24 31 0.04971063 
33 534 10 12 0.049691804 
548 511 15 19 0.04947361 
396 1217 15 21 0.049387243 
397 294 14 19 0.04932312 
213 599 9 11 0.049280833 
30 563 13 17 0.04922013 
270 510 8 10 0.049178373 
748 1265 14 20 0.049089838 
287 609 7 9 0.04867637 
194 1131 17 21 0.048657764 
458 1251 22 29 0.04848995 
157 1165 15 21 0.048468307 
514 1119 14 17 0.048450433 
1 619 11 15 0.048443604 
105 1121 24 27 0.048241377 
102 539 10 13 0.048203886 
565 1133 12 16 0.04819618 
209 591 9 10 0.048108786 
828 1207 17 22 0.048095446 
373 1107 11 16 0.048092447 
232 622 12 14 0.047971494 
964 1130 14 19 0.047963098 
639 53 13 16 0.047955904 
288 589 9 11 0.04789345 
763 1254 22 30 0.04788492 
492 654 16 19 0.04772394 
994 1306 25 34 0.04764109 
4 1180 19 29 0.04758584 
652 647 11 15 0.047502015 
281 582 8 10 0.047489334 
661 634 11 14 0.04748357 
153 1205 22 32 0.047481917 
386 1207 22 27 0.047468156 
297 598 7 10 0.04732941 
653 1287 22 31 0.047299948 
733 1185 19 24 0.04729901 
807 701 12 16 0.047272943 
987 1127 16 20 0.047234453 
916 1075 16 19 0.04722572 
817 1334 22 31 0.047202963 
583 1100 10 12 0.047090165 
269 1124 12 16 0.047036774 
565 1235 16 20 0.047000457 
527 1123 10 14 0.04692179 
859 1116 12 15 0.046837356 
623 1096 10 12 0.046742104 
726 660 11 14 0.046736617 
464 1194 16 21 0.04659701 
206 730 12 15 0.046489745 
380 1177 21 28 0.0464788 
600 1108 11 13 0.046437226 
772 1114 12 15 0.046417594 
884 689 13 18 0.0463713 
677 1115 15 18 0.046356082 
334 569 11 14 0.046354067 
533 207 14 19 0.046349406 
153 597 11 14 0.046321154 
663 568 10 12 0.04618535 
983 1075 14 17 0.04616529 
186 1132 16 20 0.046140246 
1004 1163 16 21 0.0460374 
448 183 21 25 0.045983147 
108 579 13 15 0.045820594 
507 1270 15 21 0.045816675 
744 609 12 16 0.045750055 
781 1124 13 16 0.045712788 
94 1116 14 18 0.045546893 
590 1140 12 14 0.045533314 
622 187 15 20 0.04549567 
112 552 10 11 0.045441724 
200 1395 31 37 0.045433786 
733 1363 14 21 0.045360554 
206 512 9 10 0.04535 
981 1063 10 13 0.04528419 
434 1167 17 21 0.045187563 
359 1122 13 16 0.045039307 
774 1324 21 28 0.044974603 
139 1154 14 20 0.04492049 
224 628 12 14 0.044886872 
428 493 10 12 0.04488168 
713 591 9 11 0.044856098 
479 1101 11 15 0.044818956 
713 1330 16 22 0.044696115 
214 590 9 11 0.044684403 
27 572 13 17 0.04459787 
810 457 26 34 0.04459063 
753 1142 24 30 0.044510942 
293 584 9 11 0.044388566 
985 757 21 28 0.044387136 
416 163 11 15 0.044220075 
539 1194 21 26 0.04416751 
286 614 9 11 0.04416476 
575 578 11 14 0.044074908 
734 1099 15 18 0.04400471 
688 629 11 13 0.04398702 
378 661 9 12 0.04392424 
588 1170 14 20 0.043773904 
892 1182 24 29 0.04377372 
982 694 10 12 0.0437727 
445 1260 15 18 0.04373568 
726 694 11 13 0.043709233 
689 520 8 9 0.043706656 
219 1132 13 17 0.04369334 
613 1101 11 14 0.043612022 
734 1079 11 13 0.043558534 
508 216 18 21 0.043475173 
255 625 9 12 0.04338823 
782 667 14 18 0.04335854 
846 1106 11 15 0.04319201 
703 709 11 13 0.043043263 
445 164 13 17 0.043027434 
879 1370 21 28 0.04300031 
597 1140 13 16 0.042948958 
557 1188 13 18 0.04289312 
48 541 9 11 0.042886183 
541 1122 12 15 0.04283674 
480 1176 21 29 0.0428268 
264 621 9 11 0.04282044 
39 564 13 16 0.04278761 
125 566 11 14 0.042783864 
88 510 7 10 0.04278031 
798 1179 15 20 0.042764768 
483 1223 18 23 0.04272953 
591 1125 11 15 0.04271284 
189 1207 22 28 0.04267607 
514 1350 18 25 0.04265226 
502 1109 11 13 0.042550616 
199 662 13 16 0.04254356 
696 1136 20 26 0.042467304 
870 714 13 15 0.042418122 
323 1249 21 30 0.042412028 
683 1102 12 14 0.042401314 
893 1062 10 13 0.042395685 
317 478 10 12 0.042312734 
43 93 13 16 0.042302616 
467 208 12 16 0.042301334 
975 1205 24 30 0.042272646 
252 651 10 12 0.042220462 
86 545 9 12 0.042183865 
496 621 11 15 0.04217567 
252 627 11 15 0.042174093 
397 125 11 15 0.042154737 
726 654 10 13 0.042117175 
477 1107 12 16 0.042112075 
972 1112 14 20 0.042090382 
627 0 13 12 0.042085227 
416 1191 22 25 0.042062577 
556 1109 10 13 0.042005908 
702 1272 25 31 0.041973792 
591 1101 9 12 0.04195358 
355 187 15 20 0.041920833 
814 1222 22 31 0.041868404 
246 1116 13 16 0.041778315 
247 1222 27 34 0.04171145 
53 541 10 11 0.04162481 
190 1120 14 18 0.041622665 
253 814 16 18 0.041546714 
973 1192 24 28 0.041510303 
96 542 9 12 0.041481428 
750 1245 22 28 0.041418727 
277 1117 11 14 0.04140615 
958 1124 12 16 0.041367926 
538 202 18 21 0.04136072 
152 1170 21 30 0.041289028 
860 1123 14 17 0.041261557 
755 1235 21 29 0.041160624 
377 1272 25 29 0.04111635 
223 1066 14 16 0.04107056 
206 716 14 17 0.041027635 
549 1108 12 16 0.040980563 
911 1125 14 17 0.04094756 
0 510 8 13 0.040915556 
294 589 9 11 0.04087128 
853 1233 23 30 0.040834107 
804 1311 25 33 0.040685523 
349 639 13 17 0.04067926 
238 615 9 12 0.040651526 
120 494 9 11 0.04064802 
412 377 16 19 0.040639143 
634 1112 14 20 0.040530924 
263 577 10 11 0.040443987 
733 1305 23 31 0.040324207 
190 566 9 12 0.04015674 
415 174 13 17 0.040133048 
279 607 8 10 0.040064115 
582 1257 23 31 0.04000733 
165 179 26 30 0.040000144 
996 1127 15 19 0.03996429 
406 613 10 12 0.039919145 
804 1340 14 21 0.03990736 
178 53 15 17 0.039895814 
281 534 9 11 0.03985596 
683 1287 23 30 0.039826576 
377 656 9 12 0.039776623 
780 1085 10 15 0.039747838 
207 630 10 12 0.039671924 
648 503 8 11 0.039657168 
387 1202 16 20 0.039644092 
874 1182 21 28 0.039636012 
785 1145 17 21 0.039488003 
719 1228 13 18 0.039429728 
101 1138 14 18 0.03932985 
112 1389 26 29 0.039322574 
869 1264 14 20 0.039299794 
346 193 14 19 0.03929582 
375 1102 11 15 0.039288446 
1012 1130 12 17 0.03926182 
507 202 18 22 0.039233163 
710 1085 11 13 0.03921991 
800 1347 21 29 0.039173283 
631 1096 9 12 0.039155837 
335 1123 12 15 0.039024647 
631 603 12 14 0.039013077 
111 1255 28 37 0.03897269 
580 580 11 13 0.038969353 
975 186 32 37 0.038958997 
561 574 9 11 0.038919277 
192 590 8 10 0.038895395 
993 686 10 13 0.038881946 
256 1443 45 50 0.03888077 
861 292 137 139 0.03884474 
56 536 8 11 0.038833648 
178 677 14 19 0.03877189 
863 1073 12 15 0.038758047 
882 583 30 34 0.03875137 
550 1123 11 17 0.038712624 
914 1089 14 18 0.038684778 
996 1289 14 18 0.038593907 
808 1329 24 31 0.03858201 
956 1237 29 33 0.038554512 
909 694 11 14 0.038448684 
253 606 10 13 0.03842748 
717 525 9 11 0.038399708 
215 627 10 13 0.03836613 
989 1070 11 13 0.038311586 
993 793 25 31 0.03825304 
12 1125 13 18 0.03823501 
195 286 11 16 0.0382236 
700 1332 24 37 0.038175542 
617 1140 15 18 0.03813468 
331 197 23 29 0.038102344 
345 598 10 11 0.03805149 
967 699 10 12 0.038038705 
359 573 8 11 0.038023632 
277 819 11 15 0.037979737 
837 16 15 18 0.03795899 
387 1192 16 20 0.037895285 
51 569 12 16 0.037816375 
769 646 8 11 0.037758417 
959 1159 23 28 0.037727658 
959 1140 13 17 0.03769086 
515 1175 15 18 0.037628364 
268 1196 13 19 0.037612796 
624 525 10 12 0.037599713 
-1 1343 14 25 0.03759816 
350 606 9 12 0.037595697 
410 556 8 11 0.037577182 
489 1084 10 13 0.037559133 
310 557 9 12 0.0375528 
198 628 11 14 0.0375428 
742 1079 11 13 0.03752371 
806 1341 21 28 0.037520044 
446 1089 12 17 0.03749966 
359 1135 13 18 0.037458926 
231 590 8 11 0.03745865 
807 1154 13 19 0.037431493 
552 495 10 14 0.037344832 
69 557 12 13 0.03731916 
457 1136 18 25 0.037309106 
630 1130 12 16 0.037148576 
157 618 13 16 0.037077934 
909 701 10 14 0.037045162 
189 628 11 14 0.037031963 
702 1086 11 13 0.037008833 
30 550 11 14 0.037006818 
780 1115 13 16 0.03693823 
312 566 8 11 0.03693703 
972 1123 14 19 0.03692378 
30 180 20 24 0.036869347 
143 1099 11 15 0.036822204 
283 1244 17 20 0.036818907 
231 502 7 10 0.036761258 
855 1256 24 32 0.03674841 
578 555 13 15 0.036663607 
382 1099 11 15 0.03663113 
1002 759 17 25 0.036626942 
596 1250 16 20 0.03653329 
773 1335 15 21 0.03652656 
441 1125 11 15 0.03652149 
549 627 12 15 0.036471106 
707 1196 15 17 0.036416333 
501 1184 23 29 0.03640661 
414 612 9 12 0.03636241 
296 608 8 9 0.036361393 
277 598 8 11 0.03635146 
682 608 9 12 0.03634288 
858 1162 23 31 0.03634063 
270 580 8 11 0.036259208 
227 1269 27 34 0.03625616 
290 1087 14 17 0.03622915 
247 583 9 11 0.03621951 
538 1349 24 30 0.036206026 
350 1139 14 18 0.036153782 
211 692 13 17 0.036129497 
115 1163 14 19 0.036049075 
279 591 9 11 0.035940804 
263 651 9 12 0.035918884 
63 541 9 10 0.035867453 
771 1124 13 17 0.035801195 
307 1134 13 15 0.03579968 
934 57 16 20 0.03578386 
281 568 8 10 0.03573816 
352 567 8 10 0.03571187 
798 1092 13 17 0.035700385 
185 566 10 13 0.035569336 
375 1304 24 30 0.035534047 
40 1219 24 35 0.035487328 
774 677 13 17 0.035445787 
454 1107 12 14 0.035420857 
119 565 11 14 0.03536829 
230 682 12 15 0.03530779 
959 1131 12 16 0.03527654 
484 1188 21 26 0.03512492 
427 1125 12 15 0.035063073 
940 1414 13 15 0.03505745 
238 605 10 11 0.034971196 
326 182 22 28 0.034840275 
319 573 8 11 0.034837928 
416 587 10 13 0.034826063 
846 691 10 14 0.03481763 
708 1314 15 22 0.03475702 
104 1188 19 23 0.034743577 
273 630 8 11 0.03473751 
204 745 12 15 0.034714464 
621 1 13 12 0.0347052 
190 605 9 12 0.034698848 
237 620 20 25 0.034689188 
286 654 13 16 0.03463383 
560 566 8 11 0.034607623 
412 485 11 15 0.034597933 
714 1268 14 18 0.034581956 
532 1186 15 19 0.034542706 
749 732 12 17 0.034516945 
826 1343 19 24 0.03451208 
409 492 9 12 0.0345117 
836 1162 23 29 0.034427125 
123 1148 18 22 0.03441845 
917 1179 16 20 0.0342671 
233 597 8 11 0.034251522 
41 1111 23 28 0.03420615 
962 1145 14 18 0.03416364 
866 1068 12 15 0.03416133 
662 534 9 11 0.03415124 
755 719 12 16 0.03412528 
272 592 9 12 0.034122795 
23 555 12 15 0.034105796 
757 1268 14 18 0.034086477 
326 627 10 12 0.034036245 
18 161 16 21 0.034034796 
860 1199 15 23 0.033993363 
70 1150 15 19 0.033987407 
329 591 9 11 0.033904973 
992 1046 10 14 0.033899266 
100 1088 15 18 0.03387178 
688 634 11 14 0.03383802 
631 1320 15 20 0.033833608 
470 1144 15 19 0.033810515 
1006 1115 13 18 0.03380687 
822 1163 22 28 0.03374448 
710 709 10 12 0.033705384 
7 566 14 18 0.03369848 
238 632 12 15 0.03368251 
929 1047 11 14 0.033657476 
224 597 8 10 0.033571333 
669 501 12 15 0.03355145 
53 548 10 12 0.03354423 
861 1343 25 29 0.033530407 
994 738 16 20 0.033499397 
240 1078 11 13 0.033475507 
892 1397 14 20 0.033379983 
863 1054 9 12 0.033284724 
547 1224 21 26 0.033281628 
263 505 7 9 0.033275813 
513 1234 16 22 0.033249162 
1008 1074 11 15 0.03324339 
398 494 9 11 0.033241194 
654 779 14 17 0.033230156 
931 1136 15 21 0.033201102 
1013 1083 11 16 0.03308922 
701 1162 14 18 0.03303363 
477 1165 21 27 0.033023067 
709 1145 13 18 0.033015985 
885 1341 21 29 0.03296957 
720 566 9 12 0.03293556 
221 1188 22 28 0.032929033 
302 526 9 11 0.032928903 
184 572 9 12 0.032922678 
987 1009 13 15 0.03291877 
920 1247 19 23 0.032915212 
747 1182 15 19 0.03288685 
204 651 11 14 0.032859217 
233 614 9 11 0.032831833 
991 693 9 12 0.03282932 
659 1321 14 18 0.03280313 
619 657 32 38 0.032794174 
152 686 12 18 0.03278439 
575 1137 13 16 0.032731794 
718 715 9 12 0.032710765 
759 690 13 16 0.032628305 
344 636 11 14 0.03262068 
566 574 10 14 0.032525703 
263 556 9 12 0.03249698 
318 566 9 11 0.03247896 
536 503 10 13 0.0323778 
979 1296 17 22 0.03237138 
500 641 14 16 0.03231754 
332 557 11 13 0.032315876 
614 1108 11 15 0.032296516 
987 1108 15 19 0.032264076 
334 669 10 13 0.03222166 
654 502 8 11 0.032215368 
662 186 22 30 0.03221165 
276 1108 11 15 0.032195278 
604 1116 13 16 0.032158244 
557 559 9 12 0.032145735 
903 1338 23 29 0.03213879 
485 1211 16 21 0.032099195 
943 1077 11 14 0.032042533 
541 599 10 13 0.03200533 
386 83 15 17 0.03200314 
819 1107 12 15 0.03198545 
217 1153 15 20 0.031949814 
801 1093 23 28 0.03194844 
820 1118 12 15 0.031876773 
477 1068 10 13 0.031866886 
285 1118 12 15 0.031811252 
281 613 8 11 0.031791117 
723 1232 12 17 0.031789437 
220 1200 16 22 0.03171552 
894 1317 26 34 0.03170669 
389 629 9 11 0.03168226 
590 1239 21 26 0.031665955 
159 1113 14 18 0.031657614 
631 572 11 14 0.03164111 
766 1165 14 19 0.031626083 
629 1121 13 19 0.03162554 
172 1098 13 17 0.031614758 
340 1198 20 27 0.031572003 
902 1446 13 17 0.031541884 
183 1141 20 25 0.031529535 
264 537 7 9 0.031496424 
230 674 14 16 0.031493872 
533 1121 13 16 0.031482466 
245 1091 13 15 0.031445947 
555 1192 21 25 0.03140676 
314 463 8 10 0.03139985 
614 1116 12 15 0.03139297 
1012 1147 12 17 0.03138533 
872 1089 13 16 0.03133762 
451 164 13 16 0.031326592 
696 1282 23 30 0.031305946 
398 486 10 11 0.031169869 
935 1039 9 12 0.031154724 
311 574 8 10 0.03113433 
447 1257 22 27 0.031126361 
271 653 9 11 0.031046644 
373 1095 9 12 0.031008618 
663 674 22 27 0.030987034 
841 37 18 23 0.030972712 
694 668 11 13 0.030948963 
429 488 10 12 0.030946802 
700 1185 15 19 0.030933622 
745 1230 22 28 0.030911896 
590 498 10 13 0.030896533 
883 1281 15 19 0.030850131 
698 498 8 10 0.030828347 
805 1259 14 17 0.030758947 
64 527 8 11 0.03075759 
831 709 12 16 0.030748779 
658 1205 14 21 0.030737702 
812 1099 15 18 0.030701632 
358 1398 22 34 0.03069274 
752 1070 10 13 0.030679129 
815 1316 26 32 0.030673645 
792 1095 20 26 0.030660847 
751 519 8 10 0.030652655 
15 613 9 12 0.030647546 
843 1187 22 28 0.030644324 
990 1290 13 18 0.030643387 
372 695 12 16 0.03064179 
349 611 11 13 0.03061462 
732 693 11 14 0.030610844 
927 1121 22 27 0.030555118 
710 716 10 12 0.03053068 
278 638 9 12 0.030415101 
902 1416 12 16 0.030376418 
223 1235 18 22 0.030359399 
589 1278 22 29 0.030324537 
803 666 14 18 0.030313632 
362 694 9 13 0.030304108 
608 656 25 33 0.0302905 
76 96 19 21 0.030274136 
461 634 10 13 0.03023319 
194 1187 16 20 0.030176416 
174 1144 15 18 0.030169753 
139 651 13 17 0.030166043 
701 573 9 12 0.030162541 
634 1205 22 27 0.030144772 
151 534 10 13 0.03010562 
979 1158 13 18 0.030096583 
728 1076 10 13 0.030088466 
337 636 9 13 0.030074593 
965 736 15 18 0.030059075 
350 597 9 12 0.030046545 
999 1068 10 14 0.030035408 
692 1123 11 15 0.030017186 
206 1082 15 18 0.030006057 
293 1159 20 26 0.03000258 
753 1188 14 18 0.029985625 
415 659 18 21 0.029964536 
748 693 13 17 0.029954158 
64 534 8 10 0.029916354 
121 488 8 10 0.029904012 
445 647 12 15 0.029875163 
672 1334 22 31 0.029859724 
858 1271 17 22 0.029835707 
262 550 9 12 0.029829765 
158 1189 22 31 0.029807152 
696 567 9 12 0.029800605 
700 1224 15 20 0.02978505 
370 1210 16 22 0.029783485 
438 1099 11 14 0.029778989 
390 1269 24 32 0.029756099 
329 465 8 10 0.029704958 
731 1249 21 29 0.029687412 
882 700 12 16 0.029657884 
195 1036 12 15 0.029621106 
670 567 9 12 0.029514626 
375 621 11 13 0.029507918 
261 1165 12 15 0.029452072 
717 1093 10 12 0.029448891 
240 527 7 9 0.029369945 
621 1114 14 17 0.029367212 
451 1286 28 35 0.029330729 
397 1108 12 14 0.029306341 
646 1115 13 18 0.029304758 
631 487 9 11 0.029263765 
204 1133 15 19 0.029228203 
672 1114 13 17 0.029212957 
268 1241 41 57 0.02919958 
70 1205 23 29 0.029176481 
250 1172 14 18 0.02915091 
638 1330 25 31 0.029147567 
876 54 17 19 0.02913897 
827 1219 25 32 0.029106885 
227 1055 12 14 0.029075937 
844 1346 13 19 0.029066155 
516 225 16 18 0.029036328 
790 1289 15 21 0.029022686 
158 579 10 13 0.02901322 
309 674 12 14 0.028997079 
581 1123 11 14 0.028990233 
142 1353 46 60 0.028977897 
983 700 11 13 0.028951995 
191 181 24 30 0.028889548 
267 1267 27 39 0.028883215 
380 236 17 20 0.028859302 
809 1233 22 29 0.02883307 
895 1109 11 14 0.028830077 
872 1270 22 26 0.028823156 
319 1143 14 18 0.02880655 
68 1099 12 17 0.028743438 
309 1101 15 20 0.028712198 
512 546 10 13 0.02869081 
409 1136 14 18 0.028680924 
172 1201 16 22 0.028662875 
607 558 9 10 0.028618842 
750 1117 10 15 0.028561285 
916 1079 22 26 0.02855058 
758 1073 12 16 0.028543675 
606 1155 13 15 0.02853039 
308 1209 14 18 0.028495573 
450 1240 26 31 0.02848256 
214 1125 12 17 0.028469505 
676 709 13 16 0.028431395 
557 487 10 13 0.028411614 
761 699 25 28 0.028405959 
949 1075 12 16 0.028401691 
697 1098 12 16 0.028398726 
70 551 10 12 0.028390659 
972 1135 15 20 0.028383661 
590 1118 12 15 0.028374963 
779 1259 14 19 0.028368503 
195 53 15 18 0.028361185 
975 694 11 13 0.028358255 
471 1168 16 20 0.028343238 
327 545 10 13 0.028318567 
228 1107 11 15 0.028309226 
895 1084 14 19 0.028308393 
921 701 10 13 0.028294653 
995 1114 15 20 0.02828321 
417 1287 28 39 0.028262548 
380 186 16 19 0.028259892 
393 494 9 11 0.028243478 
391 125 12 16 0.028236829 
413 534 10 12 0.028225122 
667 1129 15 19 0.02821988 
503 1102 10 13 0.028202942 
974 716 11 14 0.028193511 
494 1091 10 13 0.028171651 
817 1211 24 31 0.028142795 
343 1140 12 17 0.028109778 
215 620 11 14 0.028075749 
282 1033 16 20 0.02807566 
1003 1351 15 21 0.028072214 
151 674 12 15 0.028063834 
257 543 7 9 0.028058486 
857 1132 24 28 0.028045736 
618 650 14 16 0.028039353 
727 708 10 15 0.028002277 
287 560 8 11 0.027976342 
593 1188 15 20 0.027969267 
751 1075 11 14 0.02794594 
797 1298 19 24 0.02792508 
575 534 10 12 0.02790848 
688 622 10 13 0.027884336 
772 1239 23 28 0.027872706 
872 1288 25 31 0.0278545 
475 1149 13 17 0.027852593 
241 583 8 10 0.027843986 
695 621 9 13 0.02783975 
437 194 13 19 0.027834678 
697 717 10 13 0.027828401 
231 585 8 10 0.02781684 
968 1052 10 12 0.02780284 
510 1238 24 30 0.027793162 
251 1164 13 16 0.027777238 
578 615 29 35 0.027771927 
452 1131 12 16 0.027763695 
797 662 14 17 0.027729206 
964 734 24 30 0.02772335 
271 543 9 10 0.02771135 
727 1102 12 16 0.027688622 
198 590 8 10 0.027663954 
12 581 14 19 0.027656797 
245 1034 10 14 0.027642546 
689 527 7 9 0.027479649 
842 1153 24 28 0.027473938 
257 504 7 9 0.027458461 
516 547 11 13 0.02744938 
473 1138 14 18 0.027424103 
109 673 12 16 0.027398007 
245 633 11 14 0.02738779 
189 572 10 11 0.027386349 
287 486 8 11 0.027366236 
102 636 12 16 0.02735707 
414 528 10 12 0.027296385 
419 156 13 15 0.027265903 
998 35 16 20 0.027255118 
289 1098 14 17 0.027237574 
81 1114 19 24 0.0272183 
435 1287 15 21 0.027210187 
126 542 8 10 0.027210098 
733 564 10 13 0.027190004 
669 1375 16 20 0.02715374 
933 700 9 12 0.027143475 
875 1281 17 22 0.027093979 
553 488 8 11 0.027072618 
284 181 24 30 0.02705976 
315 1172 14 18 0.027058931 
933 1361 13 18 0.027054656 
102 576 12 16 0.027042817 
781 663 12 14 0.027035497 
392 550 10 12 0.026983334 
285 158 42 51 0.026974186 
712 549 10 12 0.026965803 
173 1073 13 17 0.026955757 
14 635 9 12 0.026914053 
605 4 13 13 0.026908657 
32 540 9 11 0.026906861 
405 620 10 12 0.026802994 
846 1078 10 15 0.026800131 
5 534 9 11 0.026766839 
536 523 9 12 0.026747247 
977 1068 10 13 0.02670367 
17 621 9 13 0.026699541 
619 636 14 17 0.026685352 
369 559 8 10 0.02667771 
345 541 9 12 0.026665129 
971 730 14 19 0.026659328 
479 1094 9 13 0.026657233 
291 1103 21 27 0.026629934 
38 266 17 21 0.026624847 
667 1362 24 31 0.026618043 
355 1206 15 19 0.026604664 
509 1102 10 13 0.026593748 
702 715 12 14 0.026589332 
686 655 9 11 0.026584575 
959 1295 25 32 0.026547598 
158 649 13 16 0.026508994 
304 575 8 10 0.02650225 
778 1232 23 29 0.02650192 
515 1250 23 30 0.026475739 
227 1154 13 18 0.026457887 
773 645 10 12 0.026455125 
818 1252 23 28 0.02644505 
646 181 13 18 0.02644398 
381 534 8 11 0.02644235 
852 1105 20 23 0.026434032 
224 1252 18 24 0.02643142 
157 589 11 14 0.026394328 
328 662 8 11 0.02636916 
622 500 11 14 0.026365977 
78 1085 23 26 0.026365781 
278 1251 17 23 0.026356984 
229 1077 10 12 0.026351154 
839 1176 16 20 0.026329346 
88 505 7 9 0.026322983 
447 1097 11 15 0.026320113 
275 1179 22 27 0.026300123 
159 731 12 16 0.026299084 
249 1054 8 11 0.026282586 
902 1385 12 16 0.02625051 
235 670 13 16 0.026245965 
981 1301 26 34 0.026238972 
295 1148 15 19 0.026220962 
687 671 9 12 0.02621801 
672 526 7 9 0.026202708 
554 1340 25 33 0.026173599 
555 1124 13 18 0.026153281 
630 507 10 12 0.026139658 
786 1306 24 31 0.026121851 
246 589 10 11 0.026119502 
802 647 22 27 0.0261092 
388 610 11 13 0.026106916 
303 599 7 10 0.026094412 
594 2 14 15 0.02605542 
276 1193 15 19 0.026016824 
623 1283 29 35 0.026012162 
241 542 7 10 0.025998428 
704 677 11 13 0.025984123 
92 1186 24 30 0.025969615 
104 576 21 24 0.0259578 
744 662 10 13 0.025943192 
986 743 23 29 0.025920039 
565 493 10 14 0.025919285 
170 1157 16 20 0.025918823 
87 676 11 14 0.02589857 
705 703 9 12 0.025892239 
63 513 7 9 0.025890296 
328 1238 18 24 0.02587556 
623 1122 12 16 0.025860723 
28 555 12 15 0.025858326 
485 512 15 18 0.025845874 
111 707 10 13 0.02580857 
326 598 9 11 0.025804872 
245 1107 15 18 0.025792927 
672 49 11 15 0.025739271 
870 1075 11 14 0.025734665 
396 182 13 17 0.025730286 
399 646 12 15 0.025700398 
917 708 13 19 0.025655586 
330 1227 14 21 0.025654932 
624 495 8 11 0.025637714 
851 1118 23 27 0.025619399 
327 1075 13 15 0.025618345 
696 550 7 10 0.025616365 
263 1045 10 13 0.025606167 
732 1272 23 32 0.025583008 
1012 1090 12 18 0.025568753 
3 1076 23 30 0.025563665 
200 572 8 11 0.025552839 
717 1085 10 13 0.02553018 
890 1204 24 35 0.025524298 
311 645 10 12 0.025494521 
671 622 10 11 0.025459424 
715 1131 12 15 0.025452465 
405 187 13 17 0.025445826 
923 1143 14 21 0.025440391 
344 502 8 10 0.025425967 
808 647 11 15 0.025424296 
999 1060 12 15 0.025404477 
58 1207 13 19 0.025382325 
993 39 21 30 0.025375169 
727 540 9 11 0.025374677 
653 1108 12 16 0.025374271 
411 1172 14 18 0.02537303 
543 573 8 10 0.025371954 
210 1210 16 22 0.025370821 
198 1100 10 14 0.025349205 
118 551 9 12 0.025344068 
717 1148 13 18 0.025317347 
367 1263 25 29 0.025299244 
350 582 8 11 0.025298025 
579 1161 16 22 0.025287775 
399 609 10 11 0.02526848 
269 1282 17 22 0.025266754 
615 1 12 13 0.02526115 
316 168 25 33 0.025246508 
635 1130 13 18 0.025228882 
776 199 19 25 0.025208244 
280 659 10 13 0.025205804 
766 1187 15 19 0.025201382 
312 630 7 10 0.025180275 
376 669 11 14 0.025176559 
484 633 12 16 0.025165983 
597 1320 22 27 0.02513563 
518 486 8 11 0.025126396 
129 1158 228 233 0.0251233 
985 697 24 29 0.02509513 
328 573 9 12 0.02506649 
380 621 11 14 0.025062766 
574 599 8 10 0.025054455 
717 510 9 11 0.025050418 
704 1122 11 16 0.025040044 
518 1109 11 14 0.025030477 
286 1104 12 16 0.02500199 
655 528 9 11 0.0249937 
603 1123 13 15 0.02496192 
1004 1069 12 16 0.024955472 
369 1284 25 31 0.0249431 
721 1336 40 55 0.024942039 
673 1353 18 23 0.02492612 
715 773 15 17 0.024916451 
732 1167 16 22 0.02491333 
943 1067 12 16 0.024896275 
949 1288 24 34 0.024867576 
460 1262 23 32 0.024844594 
290 750 7 9 0.024827346 
344 612 10 12 0.02481686 
300 177 18 23 0.024786528 
1008 693 11 15 0.024772976 
996 1171 13 19 0.024749285 
822 1086 23 28 0.024748486 
932 1144 23 32 0.024738744 
126 550 9 12 0.024730066 
583 1301 23 30 0.024729801 
413 257 22 27 0.024728639 
706 1187 15 18 0.02472254 
72 541 8 11 0.024716169 
746 1291 23 31 0.02468817 
377 613 9 12 0.024679061 
548 1145 13 18 0.024678107 
25 510 9 11 0.024677757 
374 1276 16 19 0.024670595 
478 398 17 20 0.02465947 
253 1175 21 26 0.024654793 
709 703 10 13 0.024640186 
543 1348 38 44 0.024638338 
565 251 11 16 0.024611559 
201 1190 20 26 0.024604406 
445 652 23 28 0.02460376 
279 643 10 12 0.02460147 
521 219 15 19 0.024582583 
904 1093 19 26 0.024575464 
852 231 26 34 0.02456715 
484 1101 11 14 0.024505079 
661 1301 16 22 0.02450074 
756 1289 17 21 0.024482623 
10 1104 14 19 0.024470206 
601 586 12 15 0.02446013 
118 574 12 15 0.02445875 
207 604 20 26 0.024452114 
326 1188 14 17 0.024443572 
320 627 9 11 0.02442892 
366 607 10 11 0.024426192 
907 1379 14 18 0.024410885 
625 520 9 11 0.024408517 
439 1156 21 28 0.024401285 
865 1158 16 23 0.024400823 
736 677 9 11 0.02435484 
774 668 13 16 0.024349537 
421 646 11 13 0.024343297 
404 1212 13 19 0.024330236 
1009 104 14 23 0.024319971 
758 706 14 18 0.024306826 
791 650 12 14 0.024305094 
775 662 12 14 0.024286536 
10 1081 13 17 0.024274921 
38 557 12 15 0.024266643 
303 606 8 10 0.024226822 
384 627 10 12 0.024217341 
796 1153 15 21 0.024207564 
341 1147 13 17 0.02420342 
878 691 13 17 0.02416829 
728 1175 20 27 0.024146039 
652 1099 13 17 0.02414076 
233 606 8 11 0.02411706 
658 630 10 13 0.024081461 
233 527 8 10 0.02407783 
819 1098 13 16 0.024052406 
852 1206 22 28 0.02404211 
59 179 14 20 0.02403208 
526 1110 12 16 0.024025874 
856 1222 23 29 0.024019256 
236 1202 16 20 0.024008594 
749 683 11 14 0.024007719 
709 630 11 14 0.023995418 
92 1128 22 27 0.023982769 
635 1121 13 18 0.023940522 
263 543 8 10 0.023939637 
665 1327 23 31 0.023927854 
509 1110 11 14 0.023915403 
367 638 10 13 0.023903687 
166 574 10 13 0.023897126 
37 550 10 12 0.023857914 
732 1328 27 34 0.023850208 
496 1108 10 13 0.023850013 
988 1208 25 31 0.023849623 
741 1127 14 18 0.02382748 
975 686 11 12 0.023798654 
319 607 9 11 0.023775844 
979 1129 16 20 0.02376873 
195 1117 13 16 0.023746189 
606 1134 13 17 0.023745473 
945 1116 21 27 0.023728058 
588 1155 13 18 0.023708392 
677 1094 11 14 0.023667414 
103 565 10 12 0.023664758 
95 1172 15 19 0.023624709 
313 469 9 11 0.023615394 
970 1239 23 27 0.02361044 
1004 1203 16 22 0.023610264 
728 1072 9 11 0.023585586 
189 1096 13 17 0.023566892 
297 520 8 10 0.02356118 
818 37 16 18 0.023519147 
875 1232 14 19 0.023512922 
948 1051 11 14 0.023511948 
822 691 12 15 0.023509825 
14 629 10 13 0.023504648 
530 1189 23 27 0.023489943 
839 1197 22 28 0.023475312 
595 43 19 21 0.023473574 
344 535 8 11 0.023463914 
208 1197 23 31 0.023460845 
24 533 9 12 0.023457026 
976 1061 11 14 0.02344669 
557 611 11 14 0.023428602 
637 1095 9 12 0.023375945 
126 556 10 12 0.023368796 
560 479 8 11 0.023365311 
454 611 24 31 0.023360666 
186 1238 22 25 0.023348931 
362 1068 14 17 0.023340093 
166 1092 12 15 0.023336474 
92 622 11 13 0.023323474 
947 695 11 13 0.023312874 
550 1094 10 12 0.023306202 
303 1164 22 30 0.023283191 
537 550 9 12 0.023261867 
744 691 45 53 0.023241572 
393 486 9 12 0.023227781 
701 497 9 10 0.023224665 
907 4 21 26 0.023194917 
598 1343 25 32 0.023182772 
283 1191 16 20 0.023182072 
870 685 12 17 0.023176739 
261 796 12 13 0.023166249 
552 587 10 12 0.023164116 
631 557 8 10 0.023161057 
743 631 11 12 0.023160227 
351 501 8 11 0.023118882 
396 576 11 12 0.023106355 
26 504 8 10 0.023099158 
702 606 8 11 0.023075737 
721 1117 19 24 0.023075564 
443 178 16 20 0.023064658 
938 741 26 34 0.02304107 
427 499 12 15 0.023029272 
716 1196 14 17 0.023026941 
856 1053 9 12 0.023021568 
436 203 13 18 0.023018843 
216 1253 16 21 0.023014246 
422 1095 10 13 0.023013638 
223 641 13 16 0.023004059 
111 613 11 14 0.022997053 
430 1273 39 51 0.022975925 
312 599 8 10 0.022955662 
248 658 10 14 0.022944102 
406 1116 11 14 0.022935798 
407 212 14 17 0.022926267 
615 1095 10 12 0.022925125 
388 1095 11 13 0.022924643 
201 606 9 12 0.022920158 
503 541 9 12 0.02291954 
392 588 9 12 0.022919377 
444 1285 17 24 0.022918984 
597 1154 12 15 0.02290527 
647 650 12 15 0.022899475 
835 1225 25 32 0.022898993 
708 1161 13 18 0.022889711 
65 588 11 14 0.02287923 
188 666 14 17 0.022874594 
359 597 9 12 0.022874262 
707 1342 26 37 0.022846334 
756 688 23 28 0.022837507 
718 1101 11 15 0.022834506 
675 1320 24 32 0.022833742 
398 501 10 11 0.022828558 
376 567 9 12 0.022822376 
238 748 9 12 0.022819994 
101 630 11 15 0.02280561 
110 580 23 26 0.022792697 
323 1093 14 17 0.022766348 
368 621 9 13 0.02276074 
6 627 10 13 0.022748869 
663 1107 12 15 0.022728177 
480 1197 22 27 0.022720702 
426 1171 24 27 0.022714717 
351 557 9 11 0.022698984 
47 586 11 14 0.022694848 
707 1260 15 19 0.02269432 
685 613 9 12 0.022679871 
1014 1108 11 17 0.02267773 
915 697 20 27 0.022638988 
516 1164 16 19 0.022634285 
157 1186 14 20 0.02263324 
948 1082 12 17 0.022626849 
580 1 27 29 0.0226253 
905 1307 17 22 0.022606429 
390 559 10 12 0.02259488 
68 573 11 13 0.022579392 
85 653 11 15 0.022572381 
397 1157 14 19 0.022568205 
735 1286 23 31 0.022546008 
891 1463 14 17 0.02253683 
447 518 9 12 0.02253266 
625 1221 23 29 0.022530956 
1011 131 12 16 0.022520041 
1011 1307 13 18 0.022514991 
591 1147 12 15 0.022503817 
41 248 24 32 0.022487165 
908 1444 15 17 0.02246478 
652 1169 16 19 0.022455169 
560 1253 21 26 0.022453554 
222 568 8 10 0.022447549 
167 648 12 16 0.022436928 
549 491 21 26 0.0224225 
636 1102 10 13 0.022417638 
624 604 11 14 0.022403479 
749 667 11 13 0.022399489 
141 586 11 15 0.022397297 
476 1176 15 21 0.022387598 
391 564 9 12 0.022383707 
452 1094 10 13 0.022322584 
997 678 11 14 0.022319466 
507 1221 15 19 0.022302296 
450 657 13 16 0.022289703 
563 1159 22 28 0.022278767 
672 989 14 16 0.022269692 
358 612 10 13 0.022264708 
463 1125 11 15 0.022260636 
711 1303 26 34 0.02224626 
316 1111 14 18 0.02222936 
254 1148 13 16 0.022227729 
350 534 10 12 0.022226047 
882 1194 22 30 0.022217143 
781 1213 19 25 0.0222042 
424 486 10 14 0.022203641 
787 1123 12 15 0.0222022 
304 583 7 9 0.022198377 
445 503 9 12 0.022192951 
707 1284 24 30 0.022154499 
344 1242 29 33 0.022153238 
979 1111 22 27 0.022152817 
820 1353 17 22 0.022126991 
782 1256 22 29 0.022102712 
657 1333 22 31 0.022101443 
663 1117 23 29 0.022095561 
295 1106 12 17 0.022078522 
193 559 9 11 0.02207362 
222 607 8 11 0.02207173 
677 677 12 14 0.022064127 
581 536 10 12 0.022062449 
719 1184 14 18 0.022061877 
514 197 16 20 0.022052545 
318 1257 13 21 0.022040857 
285 626 10 12 0.022034653 
280 726 9 12 0.022025557 
238 1132 22 26 0.021973254 
123 1160 20 29 0.021967849 
199 583 8 11 0.021958698 
691 731 12 13 0.021949336 
678 551 10 11 0.02193724 
440 166 21 25 0.02193289 
603 1192 23 31 0.021912504 
679 669 10 13 0.02191076 
375 1136 21 27 0.02189402 
846 1111 21 26 0.021891855 
696 1179 15 18 0.021882879 
563 1178 22 28 0.02187698 
889 1261 24 31 0.021865837 
343 653 10 12 0.021862779 
601 573 9 11 0.021858541 
107 643 12 16 0.02185438 
719 598 9 11 0.021837981 
-1 1128 20 29 0.021824984 
302 590 8 10 0.021810187 
798 638 9 11 0.021804389 
672 201 26 32 0.021802662 
1013 714 11 16 0.021796351 
659 1162 16 20 0.02179508 
336 534 9 11 0.021792766 
974 1053 11 13 0.021779822 
568 1126 12 15 0.0217779 
947 1419 14 16 0.021762613 
991 1293 24 30 0.02175111 
926 1203 14 20 0.02174145 
156 566 11 14 0.02172589 
196 1090 11 16 0.02171358 
70 181 14 19 0.02170931 
989 1097 13 16 0.021708474 
556 1116 12 15 0.02170438 
214 583 10 12 0.021681108 
95 512 7 9 0.021671299 
702 684 11 14 0.021662159 
215 1212 22 29 0.021661982 
854 1402 14 18 0.021621263 
5 1090 16 21 0.021616079 
311 614 9 11 0.021609051 
694 700 10 12 0.021584673 
519 493 9 12 0.021583306 
797 697 14 18 0.021576246 
336 500 8 11 0.021570532 
900 1171 24 29 0.021557182 
91 1098 14 17 0.021534158 
305 647 9 10 0.021527302 
797 1340 238 227 0.021517554 
664 527 7 10 0.021506049 
431 527 11 11 0.02148196 
976 1075 10 14 0.02147847 
829 706 22 29 0.021432584 
921 1051 11 14 0.021422302 
419 196 15 20 0.021415964 
743 686 10 11 0.021409301 
1003 1176 15 21 0.021401819 
499 364 14 17 0.021400945 
815 713 12 15 0.02139745 
44 534 10 13 0.02138866 
869 1093 21 27 0.0213791 
1011 1154 13 19 0.021355223 
372 687 14 16 0.021352232 
831 179 24 34 0.021350283 
347 83 17 20 0.021329315 
758 1267 23 28 0.021325046 
333 663 10 12 0.021316558 
726 1141 12 15 0.021313325 
319 599 10 11 0.02131258 
253 1155 14 18 0.02130712 
820 1202 18 23 0.021296352 
563 310 14 18 0.021293787 
157 541 10 13 0.021292051 
726 646 10 12 0.021289919 
948 1123 13 17 0.021280637 
804 1166 22 26 0.02128001 
909 1401 14 18 0.021268167 
485 203 13 18 0.021255149 
679 1268 22 28 0.02124153 
8 502 8 10 0.021240639 
263 589 9 11 0.021219574 
911 1060 11 13 0.021205585 
991 1200 19 23 0.021203486 
223 634 22 26 0.021202255 
243 1085 12 15 0.02119283 
421 612 9 11 0.021179503 
320 160 17 23 0.021177864 
345 579 9 13 0.021171562 
966 1443 10 15 0.021163974 
175 1157 22 27 0.021155672 
172 660 13 17 0.02114139 
503 209 16 21 0.021134848 
667 1321 14 19 0.021131719 
1012 1037 11 15 0.021124555 
3 125 237 259 0.021116024 
522 1222 24 30 0.021105308 
256 509 9 10 0.02109191 
839 1097 18 25 0.02108661 
734 1155 15 19 0.02106671 
209 583 9 12 0.021065464 
489 1122 11 14 0.021060722 
39 1203 43 58 0.021051304 
294 573 9 11 0.021020334 
232 497 7 10 0.02101921 
32 165 23 30 0.021015929 
672 559 9 11 0.021014273 
949 1316 27 32 0.021013629 
690 1340 26 38 0.021006433 
302 520 9 11 0.021005817 
739 1207 18 21 0.021002948 
423 597 9 12 0.020997223 
679 1087 9 12 0.020993143 
691 678 12 14 0.020991351 
100 1154 15 18 0.020991111 
279 808 9 10 0.020985704 
248 619 20 25 0.02096893 
386 90 14 18 0.02096161 
890 1335 15 22 0.020941282 
374 1188 13 18 0.020923702 
403 194 13 17 0.020921754 
434 1188 14 18 0.02092169 
163 1185 14 18 0.020910548 
59 1097 20 25 0.020910272 
165 1336 58 75 0.02090964 
419 652 14 16 0.02090603 
453 647 11 14 0.020903174 
406 500 9 12 0.02089307 
646 1212 17 24 0.020880448 
103 690 9 12 0.020878892 
368 629 9 12 0.02087437 
94 634 12 14 0.02086835 
217 568 9 11 0.020828018 
185 1220 24 29 0.020824559 
334 495 9 11 0.020818315 
117 592 14 17 0.020812325 
139 683 13 19 0.020787556 
622 1132 13 17 0.020771608 
694 726 11 13 0.020771226 
605 612 14 18 0.020737994 
1004 1308 15 21 0.02073255 
670 670 12 14 0.020730942 
316 656 11 13 0.020717133 
107 186 14 18 0.02070856 
68 565 11 14 0.020707022 
657 548 10 12 0.020694347 
855 1062 19 23 0.020688236 
156 170 27 34 0.020688165 
254 667 11 14 0.02067195 
436 1225 24 31 0.020664942 
241 536 8 10 0.020655217 
168 1222 24 29 0.020653632 
350 1131 13 17 0.020643035 
256 576 9 11 0.020620575 
908 1045 12 15 0.02061568 
368 1093 11 13 0.020597957 
430 629 9 12 0.020592162 
725 1258 16 21 0.020582583 
327 654 10 12 0.020574205 
350 1273 24 30 0.020571284 
280 528 8 11 0.020560866 
263 565 10 11 0.02056056 
598 1313 15 20 0.020557653 
749 653 9 13 0.02055333 
440 616 8 10 0.020519486 
287 494 8 9 0.02051703 
920 1061 11 14 0.020514745 
767 678 12 15 0.0205129 
932 737 12 16 0.020512726 
325 551 22 26 0.020502588 
270 493 9 11 0.020498633 
974 699 10 12 0.020492196 
887 678 12 15 0.02049047 
182 1078 21 28 0.02048522 
93 1139 15 19 0.020472236 
395 652 23 29 0.020468067 
898 1300 16 21 0.020453 
569 550 10 12 0.02045023 
436 525 11 13 0.020437673 
551 565 9 12 0.020422332 
852 1344 15 21 0.020404246 
564 1154 15 20 0.020394059 
209 1223 16 21 0.020387813 
734 646 10 12 0.020387005 
107 652 12 15 0.020371689 
898 1117 15 19 0.020356955 
676 1138 13 17 0.020353407 
431 636 10 13 0.020343227 
32 1181 22 30 0.020323673 
31 506 8 10 0.020300291 
228 624 19 22 0.02026852 
692 1224 15 20 0.02025508 
853 1130 15 19 0.020248637 
262 630 11 13 0.020234788 
718 582 9 12 0.020218125 
812 683 15 18 0.020201825 
314 667 12 14 0.020185255 
467 1175 20 29 0.020175349 
332 1220 13 19 0.020160891 
589 1096 10 12 0.020160137 
265 607 9 12 0.020147488 
224 513 7 9 0.020140445 
551 574 9 10 0.020131491 
558 1104 9 12 0.020122195 
376 533 9 12 0.020119889 
835 236 25 32 0.02011418 
678 1237 22 28 0.020112213 
305 174 28 33 0.020108484 
592 1151 22 25 0.020094154 
774 683 21 25 0.020087805 
269 643 10 14 0.0200852 
950 1153 25 29 0.020082753 
605 1373 26 33 0.020082042 
167 1138 14 18 0.020081667 
866 1300 25 33 0.02006845 
671 1087 9 11 0.020068204 
104 585 23 28 0.020062443 
892 1238 23 29 0.020059578 
821 716 12 14 0.020046003 
280 560 8 9 0.020043587 
117 612 12 16 0.020015353 
72 1276 49 59 0.020013547 
81 512 8 9 0.020002225 
