10_People_Marching_People_Marching_2_269
609
769 236 25 36 0.9767919 
66 220 12 15 0.59867555 
245 206 11 14 0.56977266 
45 283 14 17 0.3585194 
91 267 12 16 0.29347414 
841 215 11 13 0.2587419 
656 193 7 9 0.25030246 
762 325 15 20 0.20557898 
669 285 12 15 0.20481208 
721 183 10 12 0.18513432 
743 314 15 18 0.18495601 
11 266 16 20 0.17429207 
225 221 10 13 0.17394622 
211 232 13 16 0.1689308 
397 379 10 15 0.16408195 
5 221 11 13 0.16340357 
859 176 11 14 0.15889281 
199 220 10 13 0.15657307 
253 250 12 15 0.14180176 
725 285 16 19 0.13891181 
478 206 8 11 0.13888426 
63 215 12 14 0.13630852 
776 190 8 11 0.13562654 
240 210 11 14 0.13338612 
201 213 11 14 0.13257082 
223 197 10 12 0.12783656 
668 267 11 14 0.12548776 
86 218 11 14 0.1228321 
748 195 10 12 0.120195806 
684 265 22 29 0.11871944 
173 234 11 14 0.11554129 
504 220 9 11 0.114781976 
384 -45 368 473 0.11018852 
190 222 10 12 0.10995747 
719 188 12 13 0.10823979 
378 111 62 63 0.10560811 
726 158 8 12 0.1054605 
94 197 11 14 0.10427145 
724 196 10 14 0.104236744 
649 215 8 11 0.10328445 
36 235 12 15 0.10268701 
760 180 9 12 0.100345865 
225 215 9 12 0.099839896 
669 192 9 10 0.09939319 
708 306 12 16 0.09919176 
134 255 9 12 0.098283164 
886 195 11 14 0.097172506 
230 212 9 11 0.09691808 
474 207 8 10 0.09668388 
90 274 13 18 0.09605275 
695 197 10 12 0.09540081 
714 229 12 17 0.09428479 
54 252 11 15 0.09341332 
847 176 8 10 0.09329876 
81 204 10 14 0.09267534 
46 203 9 13 0.092401855 
278 215 8 10 0.09183168 
262 219 11 14 0.09142435 
703 167 8 11 0.09139185 
644 224 13 17 0.09061578 
713 186 7 8 0.090599164 
620 258 12 16 0.09010077 
662 191 9 11 0.08983565 
123 237 9 12 0.08785744 
742 227 10 16 0.08680466 
694 183 8 10 0.086257495 
725 305 16 19 0.08506892 
414 205 8 11 0.08160033 
616 191 8 11 0.08121329 
184 247 11 15 0.080407605 
641 224 10 13 0.07988762 
398 200 8 11 0.07968827 
764 475 14 17 0.07956211 
764 181 10 12 0.07914651 
607 220 8 11 0.07656196 
265 198 9 11 0.07650117 
670 197 10 12 0.075705886 
68 224 14 16 0.075237855 
2 232 14 20 0.0735911 
250 207 11 13 0.07336364 
525 213 9 11 0.07185854 
620 213 13 16 0.07166308 
829 181 10 12 0.07145247 
806 211 14 19 0.071421824 
253 190 8 10 0.0710433 
489 200 8 11 0.070716634 
230 198 9 11 0.07066997 
714 189 8 10 0.06995481 
661 146 11 13 0.06934907 
472 213 8 10 0.06907577 
190 227 9 12 0.06888029 
-1 280 10 20 0.068581715 
653 215 10 11 0.06845197 
57 214 8 11 0.067355454 
768 164 10 12 0.06726977 
696 243 13 16 0.06566495 
100 229 12 15 0.065635785 
639 197 8 11 0.06555741 
114 197 10 12 0.06379891 
807 202 13 15 0.06361862 
614 198 9 10 0.06340423 
931 157 11 12 0.06286415 
294 238 9 12 0.0624829 
494 239 9 10 0.062382456 
746 191 9 13 0.062223714 
191 217 8 11 0.061652083 
100 182 11 14 0.061498657 
494 200 8 10 0.061380945 
695 191 10 12 0.060660385 
433 207 8 9 0.060492925 
415 199 9 11 0.059881583 
247 201 10 13 0.059815876 
941 181 9 12 0.059798323 
725 214 12 15 0.05976902 
616 205 9 11 0.059639502 
812 218 13 18 0.059475604 
204 209 10 11 0.059387367 
90 282 14 19 0.058932006 
464 230 8 10 0.058767166 
76 234 12 14 0.058688063 
421 237 8 10 0.057554353 
736 230 11 16 0.057509895 
946 195 10 13 0.05715932 
266 191 8 11 0.057058617 
633 196 8 10 0.057040457 
13 212 11 14 0.056991696 
788 224 14 19 0.056917578 
664 184 8 9 0.056179423 
741 240 10 17 0.05606227 
121 230 9 13 0.0560122 
520 211 10 12 0.055522557 
438 208 7 9 0.05505597 
698 166 7 11 0.054944962 
681 191 8 11 0.054183155 
227 283 16 22 0.0541061 
600 241 9 12 0.0539937 
142 230 9 13 0.053899184 
273 214 9 11 0.053832714 
830 226 12 16 0.05357061 
224 204 10 12 0.053358544 
281 220 8 12 0.05307264 
20 235 13 16 0.052988134 
223 227 10 13 0.052715953 
687 192 8 10 0.051967174 
617 284 14 18 0.051717073 
71 235 12 15 0.05143465 
879 198 9 12 0.051215168 
601 222 7 10 0.051179044 
592 223 7 10 0.051102597 
774 407 13 17 0.05090399 
711 261 11 15 0.05070285 
86 198 13 15 0.050255634 
631 207 9 10 0.050086625 
709 224 11 14 0.0498104 
574 230 9 11 0.04979611 
729 5 254 319 0.04979439 
423 221 8 9 0.04978036 
93 214 11 13 0.049488403 
336 199 8 10 0.049436957 
286 220 8 12 0.048788577 
956 238 12 16 0.048740827 
236 285 13 17 0.04853025 
342 198 7 9 0.048257653 
19 258 16 20 0.04821092 
493 205 8 10 0.048199866 
142 224 8 11 0.048165135 
186 224 8 10 0.04808745 
919 173 7 11 0.0479179 
522 200 7 10 0.047866743 
182 228 10 13 0.047742568 
167 191 9 11 0.04774232 
567 215 8 11 0.047595482 
272 208 8 9 0.047135923 
288 236 9 13 0.046992764 
600 215 7 9 0.04688502 
725 203 11 12 0.045976434 
264 205 9 11 0.04590125 
711 206 9 11 0.045874506 
440 199 6 9 0.045820836 
957 184 27 38 0.045695245 
623 235 10 14 0.045617364 
158 223 8 11 0.04558872 
410 189 9 11 0.045402035 
415 254 10 12 0.045306373 
422 198 9 11 0.045113422 
438 238 8 10 0.045112967 
174 213 8 11 0.044956982 
80 212 12 15 0.04492734 
791 182 10 11 0.0447756 
95 188 11 13 0.044734877 
670 213 9 12 0.044717 
582 213 7 11 0.044607423 
667 243 13 17 0.044592854 
240 205 20 23 0.044396803 
629 213 9 11 0.044324353 
229 225 10 14 0.044147138 
166 45 108 141 0.04386362 
27 205 12 14 0.043803904 
699 248 14 17 0.043686997 
437 214 8 9 0.043405477 
260 227 14 19 0.043375984 
764 459 11 13 0.043222193 
608 198 8 11 0.043159883 
583 183 9 11 0.042913735 
185 197 9 13 0.04281915 
314 240 7 11 0.0420383 
128 245 8 11 0.041955452 
77 219 12 14 0.04187889 
651 219 14 18 0.041778214 
189 196 9 13 0.04153271 
85 237 10 13 0.041434996 
519 207 9 11 0.041317765 
103 213 9 12 0.04131609 
936 180 9 12 0.04128427 
259 266 13 17 0.041198976 
664 251 12 16 0.040505808 
623 196 8 10 0.040420257 
781 204 10 14 0.040405594 
670 184 8 9 0.040350042 
589 271 12 15 0.04034181 
237 155 10 13 0.040150855 
569 191 8 10 0.03992459 
934 174 9 13 0.039828364 
710 314 12 16 0.039812297 
608 191 8 11 0.039768282 
433 215 7 9 0.039586633 
333 206 9 12 0.039569706 
706 292 14 19 0.039551474 
-1 246 11 20 0.03940054 
591 191 8 11 0.039256398 
695 204 11 13 0.03906784 
723 293 22 26 0.038904883 
390 183 9 11 0.038420122 
364 76 55 67 0.03841944 
655 205 9 11 0.038274102 
32 181 9 12 0.03797585 
522 243 14 17 0.03796939 
647 206 9 10 0.037943795 
698 235 16 19 0.037598517 
255 227 11 15 0.03759686 
964 188 14 20 0.037574917 
600 206 8 11 0.037471566 
774 196 11 14 0.037245203 
647 198 8 11 0.0371699 
662 214 11 13 0.03706319 
844 208 12 15 0.036969826 
287 215 9 12 0.036757648 
689 196 9 12 0.03660013 
11 232 15 20 0.036555164 
466 237 8 10 0.036499098 
742 176 9 11 0.03603611 
544 239 9 11 0.035955947 
519 249 13 18 0.035814133 
237 199 9 11 0.035770915 
447 189 8 10 0.035748534 
650 192 7 9 0.035703678 
880 177 8 9 0.035595745 
470 238 8 10 0.035534013 
672 204 9 12 0.035477404 
469 263 12 14 0.035465658 
716 258 12 16 0.035415728 
418 235 8 10 0.03535643 
431 247 8 11 0.0353054 
576 212 9 12 0.03529908 
791 188 11 14 0.035209358 
968 242 11 16 0.03491482 
489 239 8 9 0.034828432 
615 217 12 15 0.03476719 
185 214 8 10 0.034656275 
487 221 8 10 0.034460943 
671 171 9 13 0.034370307 
504 199 8 10 0.03432093 
835 223 15 19 0.034003824 
102 221 12 14 0.033930834 
431 221 8 10 0.033817608 
536 192 7 9 0.033769242 
70 300 14 18 0.03372553 
318 215 8 11 0.033705734 
281 197 9 12 0.033607695 
734 311 13 17 0.033572275 
191 191 9 12 0.03354217 
664 260 12 16 0.033428095 
441 191 7 9 0.033253916 
410 184 9 11 0.03318339 
130 254 8 11 0.03317281 
925 245 13 16 0.033149935 
280 207 8 10 0.033143774 
488 215 8 10 0.03312483 
702 212 9 12 0.033097092 
677 196 9 12 0.033081003 
949 238 13 16 0.032941252 
268 284 15 22 0.03293043 
253 198 10 12 0.03283726 
804 219 21 29 0.03269326 
147 234 12 15 0.032407194 
159 253 10 13 0.032220878 
545 193 7 8 0.03207189 
270 190 8 11 0.031943295 
615 186 9 11 0.03183758 
558 181 10 12 0.031790398 
565 244 10 13 0.031789657 
820 221 12 19 0.031713963 
638 193 8 10 0.03165149 
499 297 14 20 0.03161255 
678 243 13 16 0.03159781 
269 219 11 13 0.031593278 
486 261 10 14 0.03148358 
744 180 9 11 0.031462237 
431 199 8 9 0.031119464 
837 197 9 11 0.03109936 
825 450 52 51 0.03096834 
97 234 11 15 0.030944847 
769 188 9 12 0.030938609 
585 277 10 12 0.030900868 
503 230 10 11 0.030864581 
583 234 9 12 0.030864328 
828 188 13 16 0.030860305 
472 246 9 12 0.030849494 
931 163 11 14 0.030674 
690 182 8 10 0.030623896 
536 200 7 8 0.030592952 
725 277 15 19 0.03045695 
464 222 8 12 0.03043302 
109 213 10 11 0.030419966 
721 163 10 13 0.030396178 
718 305 15 19 0.030304922 
533 278 10 13 0.030262709 
86 245 11 14 0.03021946 
44 220 11 13 0.03014052 
479 213 8 10 0.030009544 
836 209 19 24 0.029780893 
942 238 11 14 0.02970705 
100 205 10 12 0.029671239 
536 262 8 11 0.029641686 
54 231 10 13 0.029624077 
888 174 9 11 0.029573686 
232 193 8 11 0.029426193 
718 178 19 24 0.029412372 
357 230 8 11 0.029411558 
741 301 13 17 0.029333789 
703 226 12 15 0.02933355 
342 192 8 10 0.029194323 
685 262 15 20 0.029131407 
980 229 11 14 0.029046413 
701 192 9 10 0.02898163 
764 174 12 15 0.028976176 
471 221 8 10 0.028932428 
-3 272 17 32 0.028816177 
237 217 13 16 0.028740373 
1010 395 13 22 0.028660202 
398 254 8 10 0.028560666 
727 267 13 16 0.028556 
856 211 12 15 0.028531209 
689 175 8 10 0.028520558 
295 243 9 12 0.028344555 
815 175 10 11 0.02832876 
959 289 13 19 0.028290303 
237 191 9 10 0.028287427 
872 199 10 12 0.028266026 
286 199 10 12 0.028177217 
695 174 8 10 0.028161716 
422 232 8 10 0.028067982 
573 190 8 10 0.028051857 
205 306 23 32 0.028031582 
718 220 11 14 0.028030466 
688 205 10 12 0.027958091 
795 213 22 27 0.027940772 
855 173 19 23 0.027886353 
847 190 9 11 0.027886294 
319 197 8 10 0.027681574 
684 245 11 13 0.02767795 
454 228 9 12 0.027599908 
494 215 9 10 0.027585935 
966 182 11 14 0.027569368 
949 291 12 16 0.027419053 
463 206 8 10 0.02738425 
720 214 11 12 0.027365347 
158 260 11 13 0.027327009 
621 207 11 13 0.027245995 
621 192 9 10 0.027210888 
23 200 12 15 0.027204458 
2 217 22 26 0.027110284 
776 415 16 21 0.027064059 
790 194 11 14 0.026959889 
280 182 7 10 0.026958095 
600 192 7 10 0.02695024 
383 209 8 10 0.02693807 
640 205 9 10 0.026937727 
134 248 9 12 0.026917294 
251 243 21 30 0.026913147 
510 230 9 12 0.026888305 
696 211 11 13 0.026823087 
711 212 9 12 0.026802868 
591 198 8 10 0.026717212 
918 198 10 12 0.026687859 
731 230 21 27 0.026654124 
782 187 11 14 0.02660291 
708 164 10 14 0.02654477 
643 259 17 21 0.026496839 
662 204 10 11 0.026473455 
81 175 9 10 0.026435703 
180 277 14 19 0.026372282 
869 204 10 14 0.026346458 
709 251 12 17 0.026343638 
196 314 14 21 0.026331246 
502 237 10 11 0.026323827 
45 163 10 13 0.026283825 
810 176 8 9 0.026276954 
418 222 7 9 0.026266422 
604 242 10 14 0.026238883 
558 206 8 11 0.026201911 
40 213 10 14 0.026170282 
969 230 52 79 0.026168205 
545 246 9 11 0.026164163 
618 264 14 18 0.02612814 
687 212 10 12 0.026105303 
5 272 23 33 0.026083902 
805 356 10 13 0.026019821 
658 226 14 17 0.025990723 
21 210 13 15 0.02593541 
248 227 11 14 0.025916422 
328 213 8 11 0.02588183 
785 183 9 12 0.025866566 
576 207 9 12 0.025841389 
181 237 10 14 0.025746305 
379 70 14 18 0.025632791 
152 206 11 13 0.02562636 
272 182 7 10 0.025608428 
369 249 28 32 0.025514124 
214 221 10 13 0.025450284 
810 196 12 15 0.025417386 
712 196 10 12 0.02541713 
31 230 12 16 0.025406381 
770 403 23 30 0.025379367 
569 196 8 10 0.025375271 
52 206 10 14 0.02519631 
846 262 13 15 0.025113693 
744 214 9 12 0.025113475 
267 230 12 18 0.025110189 
893 175 9 11 0.025083516 
926 205 9 11 0.025043689 
527 199 7 8 0.025028108 
61 208 12 15 0.024992527 
550 191 9 9 0.024965271 
111 204 11 13 0.02489816 
120 223 9 12 0.024880182 
560 190 8 9 0.024860175 
796 182 10 12 0.024850622 
928 182 9 12 0.024833586 
219 287 26 32 0.024828555 
861 209 13 17 0.024764528 
735 164 9 12 0.02462638 
99 197 11 14 0.024600476 
312 214 9 12 0.02457175 
701 204 10 13 0.024533104 
182 257 12 15 0.024516435 
559 200 7 9 0.024498997 
257 219 10 14 0.02448908 
678 229 9 12 0.024482649 
822 176 12 14 0.024446273 
218 197 10 12 0.024399605 
582 252 10 14 0.0243538 
607 204 8 11 0.024320439 
747 303 12 15 0.02428553 
287 243 10 13 0.02425526 
708 243 11 16 0.02418354 
152 252 10 13 0.0241225 
973 238 12 17 0.024094207 
556 104 37 44 0.024088284 
216 206 9 11 0.023996837 
399 191 8 10 0.023995008 
513 206 8 11 0.023868084 
13 254 14 17 0.023843806 
508 220 10 12 0.023811396 
477 246 9 12 0.023736691 
280 229 9 14 0.023708746 
51 277 13 18 0.023670599 
695 221 10 14 0.023622742 
479 188 9 11 0.023505775 
757 204 11 13 0.023388002 
747 467 14 16 0.023370523 
700 141 10 12 0.023361323 
959 278 12 16 0.0232986 
537 222 9 10 0.023273814 
211 250 13 18 0.023256151 
847 196 10 12 0.023237951 
703 259 13 17 0.02316723 
158 236 10 14 0.023157904 
43 235 13 15 0.02311797 
909 250 11 15 0.023108253 
318 245 8 11 0.023060666 
24 165 9 12 0.0230475 
654 146 13 15 0.023004936 
748 477 14 14 0.02294685 
606 146 10 13 0.022923624 
541 268 9 12 0.022878526 
175 223 8 11 0.022830823 
520 192 8 9 0.022793828 
384 198 7 9 0.022753991 
119 278 13 15 0.022710506 
949 300 11 15 0.022647865 
254 234 12 16 0.022646047 
763 316 14 17 0.022645531 
257 229 21 31 0.022642339 
158 229 9 12 0.022607695 
367 214 9 11 0.022606853 
685 252 12 16 0.022606099 
471 254 9 11 0.022596603 
493 320 16 19 0.02259119 
548 223 9 10 0.0225783 
526 271 9 11 0.02251774 
224 155 9 12 0.022509832 
143 214 8 10 0.022499649 
261 273 13 18 0.022492573 
1013 197 9 14 0.022487419 
453 221 11 14 0.022422357 
715 324 14 16 0.022414487 
584 221 8 11 0.022303859 
574 277 9 12 0.02225843 
268 316 13 15 0.022256095 
45 229 12 15 0.022234771 
295 221 8 12 0.022223128 
544 252 9 11 0.022155657 
783 220 14 17 0.022097714 
552 181 10 12 0.022082722 
724 177 10 12 0.02208194 
829 165 9 11 0.02208049 
664 172 10 13 0.022047881 
376 208 8 9 0.021980233 
86 180 11 13 0.021979308 
462 260 10 13 0.021973925 
313 199 7 9 0.021965425 
93 181 21 24 0.021931935 
583 284 9 12 0.021924984 
869 251 21 27 0.02187893 
189 238 10 13 0.02184517 
752 180 10 12 0.021831129 
633 181 8 10 0.021798939 
643 65 13 15 0.021737106 
250 245 11 15 0.02167695 
800 357 10 13 0.02167295 
422 191 10 11 0.021646958 
751 313 19 23 0.021641359 
377 199 8 9 0.021635672 
519 229 10 13 0.02160776 
615 212 21 25 0.021597682 
-8 143 101 114 0.021580217 
189 299 43 58 0.02154545 
198 226 11 13 0.0215168 
590 156 12 13 0.021488165 
963 304 16 22 0.021475226 
622 183 9 11 0.02147461 
582 207 9 11 0.02143164 
-3 233 17 32 0.021429898 
493 271 12 15 0.02141168 
303 206 7 10 0.021322597 
618 249 20 28 0.021279564 
189 277 12 17 0.021269843 
368 220 9 11 0.021195337 
742 204 9 13 0.02118059 
841 176 8 10 0.021170361 
781 226 14 20 0.021166068 
720 203 10 13 0.02116479 
888 165 8 11 0.021073865 
511 214 9 11 0.02106104 
614 274 15 19 0.020998836 
182 204 9 12 0.02098629 
648 92 446 492 0.020968942 
641 214 8 11 0.02096795 
929 188 8 11 0.020910215 
909 243 11 16 0.020903168 
449 228 9 12 0.020875588 
771 323 14 17 0.020869974 
922 271 13 15 0.020849815 
190 101 9 13 0.020845378 
765 355 14 18 0.02082128 
914 173 9 12 0.02080835 
735 139 8 13 0.020790583 
648 114 13 16 0.020786924 
71 205 12 14 0.02078491 
116 229 20 27 0.020782527 
501 245 11 13 0.020769266 
517 259 11 15 0.020711439 
678 221 9 13 0.0207102 
216 213 9 12 0.020693744 
456 205 9 11 0.020629326 
795 226 13 18 0.02056823 
717 316 13 16 0.020554364 
474 201 7 10 0.020545091 
495 244 10 11 0.02053232 
757 480 14 15 0.020498425 
519 266 9 13 0.020490209 
548 240 9 11 0.020484257 
756 197 10 13 0.020466736 
379 61 29 36 0.02046451 
657 185 8 10 0.020457802 
235 305 12 17 0.020452451 
29 211 10 13 0.020355366 
117 193 9 11 0.020261522 
726 161 104 123 0.02025171 
542 229 10 11 0.020251077 
16 271 15 21 0.0202454 
600 230 8 10 0.020236243 
87 250 12 15 0.020183904 
736 152 8 11 0.020176558 
410 215 7 10 0.020104911 
780 342 13 16 0.020062853 
480 222 8 10 0.020052046 
802 477 13 15 0.020027736 
