26_Soldier_Drilling_Soldiers_Drilling_26_178
30
876 151 100 113 0.9989838 
187 131 60 67 0.9985166 
350 161 73 76 0.99680257 
287 130 55 75 0.9950223 
125 100 51 59 0.994191 
548 107 91 105 0.9936799 
448 114 80 100 0.99294406 
702 80 88 108 0.9927313 
778 149 45 54 0.85465175 
649 129 53 72 0.44709074 
487 102 83 107 0.14675707 
659 100 86 104 0.11743181 
590 105 80 104 0.09359314 
65 335 58 70 0.06352628 
111 422 57 64 0.056308568 
976 62 50 86 0.04577458 
358 307 25 32 0.039140224 
871 417 32 36 0.030947074 
928 44 92 129 0.030189887 
136 136 53 70 0.029382836 
877 59 108 120 0.027095033 
745 125 59 73 0.026997738 
154 261 39 47 0.02660258 
851 411 42 53 0.025693461 
830 406 44 57 0.025468402 
308 143 51 67 0.024785552 
153 109 54 64 0.023194434 
751 100 33 43 0.023037052 
966 -2 50 55 0.022585677 
410 117 79 105 0.022090852 
