26_Soldier_Drilling_Soldiers_Drilling_26_9
23
618 211 26 32 0.9983235 
500 216 37 44 0.9725585 
633 202 23 28 0.115758166 
668 258 15 18 0.098439544 
676 255 11 15 0.09551515 
476 189 86 99 0.07477397 
660 259 24 27 0.0637293 
657 271 27 29 0.0421609 
635 260 13 16 0.041715026 
180 161 457 520 0.040194005 
141 5 405 435 0.04001522 
500 227 21 29 0.028238699 
497 200 34 41 0.026346946 
630 255 22 27 0.025064 
530 202 33 40 0.024301166 
556 216 15 19 0.022940252 
518 197 31 37 0.022442644 
605 213 25 32 0.021900011 
654 262 14 17 0.021765918 
518 214 32 39 0.021494092 
631 252 13 17 0.020444058 
645 261 14 19 0.020131906 
646 259 43 50 0.02007374 
