26_Soldier_Drilling_Soldiers_Drilling_26_934
37
679 212 69 89 0.9984535 
480 71 88 116 0.9982992 
796 534 110 157 0.99748 
976 209 44 60 0.9964774 
69 169 41 51 0.99547714 
143 390 83 105 0.99467874 
145 134 37 45 0.9004267 
743 174 53 86 0.6574882 
-3 177 24 53 0.5066893 
539 428 91 134 0.3108638 
742 865 51 72 0.1387598 
122 212 53 64 0.12928055 
711 170 73 107 0.10761324 
765 185 56 74 0.07149972 
731 437 159 246 0.055848453 
2 140 13 17 0.051195145 
679 637 129 132 0.041440543 
531 384 144 215 0.04131839 
590 165 32 48 0.03783413 
963 471 56 83 0.034905676 
4 53 15 21 0.033887215 
826 456 174 265 0.0312463 
800 423 37 41 0.030604925 
452 378 155 227 0.0299763 
160 141 37 47 0.029364415 
256 649 30 34 0.026069071 
728 140 58 92 0.025627425 
729 599 173 211 0.02499407 
735 181 37 55 0.024947735 
555 513 32 46 0.02449356 
767 183 89 117 0.024126435 
0 92 10 21 0.023699978 
560 472 33 52 0.023524359 
332 321 209 304 0.023472197 
425 510 73 78 0.023036737 
790 183 37 54 0.020796293 
413 473 104 139 0.020153308 
