26_Soldier_Drilling_Soldiers_Drilling_26_567
48
552 106 122 102 0.99829954 
447 138 45 66 0.98569643 
907 134 39 48 0.98118913 
365 299 80 66 0.9641915 
715 118 206 240 0.24575949 
608 88 99 114 0.20197253 
649 78 73 94 0.19570155 
30 376 183 247 0.18214627 
474 572 111 193 0.1667078 
488 141 34 57 0.13079412 
518 166 26 35 0.09488195 
435 275 55 65 0.07527125 
840 110 22 30 0.07402797 
268 286 183 282 0.05090339 
13 0 12 12 0.044846952 
444 124 32 53 0.04403011 
917 112 33 43 0.040044263 
606 79 173 165 0.03884855 
376 313 91 87 0.03751082 
156 552 221 315 0.03548626 
659 94 186 221 0.033441834 
899 146 33 41 0.032143865 
548 71 77 103 0.032128084 
874 155 29 36 0.031980652 
172 245 12 15 0.031851664 
349 322 76 74 0.031102497 
401 274 60 72 0.030143047 
7 -1 12 12 0.029104024 
589 538 315 456 0.028621027 
429 255 90 112 0.027194941 
992 413 28 44 0.027079215 
1007 84 14 17 0.026426706 
492 304 105 146 0.025452027 
875 76 15 19 0.025352428 
850 118 15 21 0.0253199 
95 415 368 508 0.024744913 
498 126 29 46 0.023660133 
380 321 43 47 0.023530079 
889 153 16 20 0.023487678 
62 12 9 12 0.023141054 
505 149 28 46 0.0231385 
636 -11 426 445 0.022547316 
493 610 75 109 0.021751551 
-24 267 152 113 0.021454751 
19 4 13 14 0.02086869 
15 11 12 14 0.02047006 
634 756 16 20 0.020300558 
7 12 9 13 0.020156033 
