26_Soldier_Drilling_Soldiers_Drilling_26_764
27
691 127 21 27 0.9708689 
86 132 12 15 0.93775743 
556 643 16 19 0.24727233 
68 140 10 12 0.18501058 
835 150 29 43 0.07786867 
202 130 43 47 0.07376958 
739 167 12 14 0.06476628 
339 591 17 19 0.061894324 
557 599 18 21 0.06172024 
383 57 54 62 0.06095375 
805 164 10 12 0.051440526 
189 155 55 69 0.047479723 
597 648 11 13 0.04746202 
536 602 16 18 0.045590077 
586 592 23 27 0.035384964 
224 584 8 11 0.03368582 
161 130 42 47 0.031912185 
69 145 13 16 0.02825582 
511 647 13 17 0.028240768 
317 607 10 12 0.027272154 
197 146 36 44 0.0265143 
242 588 9 13 0.023947196 
184 177 66 86 0.023121554 
183 117 45 51 0.02290692 
473 64 38 39 0.022237891 
125 144 30 37 0.02217203 
71 138 22 28 0.020274794 
