26_Soldier_Drilling_Soldiers_Drilling_26_610
24
590 57 56 63 0.99094546 
73 244 25 38 0.29441684 
106 71 429 495 0.24404097 
76 16 198 200 0.18526405 
610 -30 349 476 0.14023222 
296 219 269 310 0.10651768 
297 240 32 42 0.099444695 
606 58 97 98 0.08924224 
847 221 30 35 0.069941156 
59 302 27 34 0.064626426 
343 104 361 449 0.055617586 
73 246 45 62 0.05096545 
540 55 48 61 0.036350958 
16 14 177 276 0.034728575 
58 276 45 65 0.029211525 
919 140 109 200 0.028379595 
557 15 49 54 0.028266648 
768 88 210 304 0.027583173 
545 29 48 57 0.025920453 
638 29 68 81 0.023493087 
340 15 131 161 0.02333829 
704 42 238 245 0.023129858 
597 17 172 193 0.021883348 
215 -38 342 414 0.021658694 
