26_Soldier_Drilling_Soldiers_Drilling_26_1022
34
141 315 17 22 0.48959947 
86 494 20 27 0.29591268 
29 454 23 29 0.27676395 
256 418 28 37 0.12446947 
628 63 468 533 0.10137384 
54 563 25 32 0.05446075 
61 555 26 33 0.051045634 
110 531 31 46 0.047359485 
121 322 13 17 0.043256298 
119 549 30 40 0.038062334 
162 515 26 34 0.0368869 
230 316 378 470 0.034578253 
98 298 26 32 0.032629393 
225 345 25 32 0.03261501 
102 525 27 40 0.03216741 
74 301 23 29 0.029995266 
140 268 12 16 0.02897712 
582 445 10 11 0.028520016 
134 341 16 19 0.027632847 
134 304 21 30 0.024828302 
53 549 42 59 0.024006719 
148 312 21 28 0.023561489 
140 556 33 40 0.023050457 
108 320 15 19 0.022606747 
123 289 14 18 0.022340195 
161 -21 463 528 0.022087658 
35 334 11 13 0.021631768 
205 376 40 55 0.021348843 
171 320 14 18 0.021023415 
73 554 40 57 0.020929448 
717 578 14 17 0.020864008 
75 333 12 16 0.02026733 
98 567 40 56 0.02012299 
54 509 46 61 0.020066949 
