26_Soldier_Drilling_Soldiers_Drilling_26_359
35
512 672 61 83 0.9513878 
103 1504 44 54 0.4055544 
668 318 61 83 0.34183782 
112 1408 42 56 0.23172519 
536 697 36 53 0.14071096 
2 1441 63 96 0.12119103 
399 996 54 71 0.106133886 
588 1209 22 27 0.10318997 
114 1397 33 42 0.07993534 
486 635 100 127 0.07792091 
650 945 425 512 0.064506724 
553 454 35 43 0.059974924 
636 297 75 113 0.04925948 
702 328 51 64 0.049248856 
542 673 52 85 0.038435202 
566 703 428 473 0.037981745 
765 195 59 73 0.036333956 
660 291 62 76 0.036280163 
15 1426 44 73 0.03525576 
204 898 397 475 0.034881994 
5 1443 39 48 0.031516444 
746 175 114 152 0.031086486 
505 682 94 126 0.026844911 
28 1421 36 47 0.026390737 
54 1475 52 67 0.02631498 
559 315 221 233 0.024896732 
206 608 380 439 0.02487246 
391 966 89 109 0.024406392 
18 1454 83 102 0.02410223 
550 693 33 48 0.022923293 
592 459 454 478 0.022872621 
530 456 30 39 0.021079853 
817 1656 29 30 0.020563418 
458 951 32 37 0.0204404 
748 98 198 208 0.02042654 
