26_Soldier_Drilling_Soldiers_Drilling_26_710
18
420 -84 523 554 0.39466172 
107 467 483 581 0.38103664 
221 -3 528 551 0.31930673 
130 866 538 555 0.2091903 
293 434 535 555 0.20080039 
-39 17 527 520 0.18734743 
519 496 519 551 0.17269032 
260 714 537 550 0.16786456 
566 973 478 530 0.14988412 
21 254 484 601 0.10411388 
550 282 539 535 0.09115992 
297 1028 438 537 0.07482663 
26 654 498 646 0.074102044 
595 53 444 577 0.07086397 
-27 954 497 549 0.047772463 
454 789 506 570 0.038926475 
203 244 555 545 0.030006709 
409 1195 242 291 0.02790086 
