26_Soldier_Drilling_Soldiers_Drilling_26_85
134
58 352 30 39 0.99855536 
599 397 27 32 0.9950954 
218 361 25 30 0.98357856 
-1 598 30 52 0.9759134 
387 381 9 12 0.49085522 
221 633 30 45 0.33427146 
188 418 11 14 0.23667647 
253 395 11 14 0.13641922 
184 430 10 13 0.13036233 
487 419 10 11 0.12801094 
264 723 36 45 0.12696053 
268 453 12 15 0.11666498 
246 394 12 14 0.0942753 
389 386 9 13 0.087414496 
376 613 39 39 0.085996315 
266 424 13 17 0.083301455 
805 362 13 16 0.077194616 
255 403 11 15 0.07205316 
769 338 16 22 0.07150388 
993 440 9 11 0.06790919 
826 352 22 34 0.06767633 
327 382 9 11 0.066764854 
182 437 10 12 0.06452507 
460 1089 239 259 0.06422074 
464 1055 83 51 0.06303263 
433 1048 62 55 0.06057765 
448 428 8 10 0.059489418 
215 363 17 22 0.05878587 
327 389 9 11 0.05865821 
336 391 8 11 0.05818015 
261 405 10 14 0.05756589 
362 406 9 13 0.056788288 
193 406 10 12 0.05486467 
228 410 14 17 0.050227962 
271 632 26 40 0.050217446 
373 396 10 14 0.049363878 
238 411 11 14 0.048996255 
726 941 203 202 0.048649594 
416 391 8 10 0.047563996 
277 722 48 53 0.046518248 
383 375 19 24 0.046387885 
996 439 11 13 0.045916352 
454 429 8 10 0.04359043 
336 397 8 10 0.04290383 
471 407 8 10 0.042859577 
471 415 7 10 0.042213824 
407 405 11 14 0.042148307 
540 479 15 21 0.04068424 
302 414 10 13 0.039334033 
416 1030 127 109 0.03928256 
957 455 10 13 0.03888036 
369 587 41 45 0.038426355 
386 1034 351 450 0.0379894 
244 411 11 16 0.036942117 
492 415 8 11 0.036136255 
239 395 13 16 0.035990052 
441 446 9 12 0.03582065 
372 391 10 12 0.035322454 
486 398 8 10 0.035169672 
441 333 17 19 0.033991076 
400 396 9 12 0.03396434 
471 421 9 11 0.03359539 
431 391 7 9 0.033360902 
487 408 8 8 0.032992262 
526 453 43 52 0.032694414 
464 415 7 9 0.032094005 
863 804 43 55 0.032059494 
268 404 12 15 0.031611253 
446 1228 51 59 0.030755231 
607 332 11 14 0.030718898 
482 420 8 11 0.030713782 
913 453 28 34 0.0302908 
754 320 16 20 0.029998383 
1000 214 10 13 0.029773511 
479 438 9 11 0.02948432 
448 407 8 11 0.029264756 
434 1044 31 36 0.02921232 
429 405 9 12 0.028537553 
398 391 9 11 0.028222505 
259 398 12 15 0.027886126 
223 403 13 17 0.02751467 
440 414 8 10 0.027501952 
772 323 23 32 0.027403023 
757 316 23 30 0.027308332 
482 398 8 10 0.027104883 
570 135 15 18 0.0271033 
481 407 7 9 0.026361875 
310 412 10 14 0.026126679 
465 399 8 9 0.02536748 
183 416 18 23 0.025064316 
613 318 11 13 0.025051381 
772 128 22 31 0.025013704 
465 408 7 10 0.024771992 
805 356 22 27 0.024597863 
287 470 9 11 0.024441525 
247 435 10 13 0.024138462 
274 453 11 14 0.023821462 
425 403 9 12 0.023819454 
671 125 12 16 0.023799507 
369 621 56 61 0.023627637 
321 390 9 11 0.023598311 
234 400 20 25 0.023556218 
421 1198 51 53 0.02336378 
73 775 30 41 0.023314314 
982 6 26 28 0.023131292 
867 781 43 52 0.02308334 
342 392 8 10 0.023071138 
284 480 12 18 0.023041273 
456 414 8 10 0.023037512 
718 237 10 14 0.02301243 
486 392 9 11 0.023002002 
686 217 13 17 0.022605402 
384 605 53 56 0.022485314 
455 408 7 10 0.0223199 
264 456 12 15 0.0222927 
752 245 10 12 0.022269562 
477 447 9 11 0.022268837 
380 582 53 58 0.022153364 
328 396 9 11 0.022038322 
465 422 7 10 0.022037504 
458 1074 76 52 0.02201647 
407 352 9 11 0.02193529 
479 430 8 11 0.021234708 
441 397 8 10 0.021093724 
989 466 15 18 0.02102106 
628 300 13 15 0.02101083 
416 397 9 12 0.02077449 
455 423 8 11 0.020773761 
973 473 14 17 0.020541746 
361 419 11 14 0.020385144 
852 304 14 18 0.020377776 
405 400 10 12 0.02017944 
408 390 9 10 0.020095397 
286 463 9 12 0.020026313 
