26_Soldier_Drilling_Soldiers_Drilling_26_223
88
614 97 28 35 0.9984616 
912 112 37 43 0.99778855 
719 103 32 39 0.9971848 
514 76 35 40 0.98775023 
276 112 27 31 0.9815415 
203 122 22 27 0.97628295 
128 152 16 21 0.94820505 
15 128 21 24 0.9461829 
384 110 25 30 0.9326734 
89 130 21 25 0.851027 
161 141 18 22 0.834273 
404 98 25 33 0.77911526 
135 244 11 15 0.38223952 
462 107 23 30 0.33157757 
671 138 21 26 0.24382368 
197 182 21 26 0.23437198 
66 137 13 18 0.1613483 
222 239 15 21 0.15759715 
84 185 13 16 0.15330131 
48 243 12 16 0.14269684 
391 98 29 38 0.1382247 
19 171 11 15 0.10392475 
414 95 18 23 0.08755053 
109 141 12 16 0.086936735 
76 179 16 19 0.08653807 
0 175 19 35 0.07725223 
137 154 13 17 0.076779425 
315 246 13 19 0.076689176 
364 129 13 17 0.07660703 
341 233 14 17 0.069970384 
470 105 20 22 0.06859892 
375 113 22 30 0.058363955 
19 118 17 19 0.057683654 
680 139 14 18 0.05540765 
625 173 27 30 0.05458163 
62 130 240 244 0.05457174 
492 111 13 17 0.05351972 
118 147 12 16 0.04574391 
627 184 16 19 0.044947196 
241 224 89 128 0.04309202 
97 141 15 20 0.041802205 
440 108 21 27 0.04045636 
8 131 21 27 0.03998261 
205 199 15 20 0.038480304 
574 141 14 15 0.03791453 
24 124 17 21 0.037814487 
407 114 20 26 0.037287917 
410 163 32 41 0.037093617 
444 113 12 16 0.036032256 
154 196 15 18 0.034580328 
901 241 49 64 0.033707473 
450 103 24 32 0.032595284 
12 167 20 27 0.0325601 
276 202 14 18 0.032062903 
484 108 15 19 0.031627815 
419 100 23 34 0.031096866 
76 132 21 25 0.030878948 
359 119 21 29 0.030381847 
578 243 14 19 0.028910164 
148 155 12 17 0.027147777 
510 84 15 19 0.026920997 
1011 76 12 17 0.026614377 
131 239 19 25 0.025834117 
246 118 20 27 0.02564799 
885 240 16 18 0.025616465 
575 130 195 230 0.024822969 
272 300 11 16 0.024678398 
366 110 21 32 0.024567008 
516 83 20 24 0.024483109 
365 173 33 45 0.024196032 
211 172 13 17 0.023732506 
73 185 12 16 0.023578295 
493 100 13 17 0.022882339 
283 216 54 82 0.022857271 
633 169 19 20 0.02285111 
168 135 17 20 0.021778466 
98 127 14 16 0.02161953 
662 146 24 31 0.021233471 
-37 94 248 270 0.021012234 
325 220 28 33 0.020987056 
892 243 14 16 0.02093447 
405 93 19 24 0.02089192 
248 92 11 14 0.020866087 
2 164 13 17 0.020560997 
305 236 24 34 0.020265894 
62 143 14 19 0.020143967 
312 218 11 16 0.020067971 
664 140 16 20 0.020012744 
