26_Soldier_Drilling_Soldiers_Drilling_26_390
39
274 350 203 283 0.34951094 
457 201 62 76 0.32778126 
382 400 58 62 0.15719491 
240 441 107 133 0.10591473 
659 62 28 31 0.0875202 
682 485 14 17 0.08481617 
189 298 351 461 0.057221293 
442 211 106 96 0.045255937 
362 419 96 120 0.043782838 
392 411 69 80 0.03733088 
637 397 11 14 0.033671424 
314 301 31 30 0.031258248 
724 502 14 17 0.031162336 
744 486 10 12 0.029556565 
548 461 15 17 0.027279709 
366 392 52 57 0.027077114 
-3 349 381 440 0.027071899 
451 129 16 22 0.02704813 
248 458 160 172 0.026790842 
235 444 69 82 0.025921574 
734 486 11 13 0.025162548 
564 367 11 13 0.024379283 
378 160 24 27 0.024238419 
410 12 18 20 0.024070594 
48 197 75 51 0.0232291 
463 169 53 71 0.023091326 
589 402 14 17 0.023028675 
556 387 10 12 0.022817139 
361 19 55 58 0.022309579 
675 481 26 29 0.022067295 
568 -1 440 486 0.021844182 
548 455 28 33 0.021021707 
553 383 11 13 0.020796457 
1012 363 10 14 0.02058011 
405 387 63 69 0.020571634 
449 125 28 36 0.02054054 
765 479 11 15 0.020327048 
114 143 16 18 0.020236509 
423 35 13 16 0.020145092 
