26_Soldier_Drilling_Soldiers_Drilling_26_893
36
735 435 70 103 0.29623944 
425 102 42 56 0.2780674 
421 83 32 48 0.25845313 
469 87 30 50 0.1553685 
40 120 387 465 0.13041487 
668 419 111 137 0.12280678 
248 365 100 122 0.12030313 
98 191 231 291 0.07053311 
382 367 126 150 0.06870223 
263 572 59 70 0.05035726 
307 268 172 259 0.0499326 
445 95 39 56 0.047067203 
51 485 30 35 0.04320216 
199 532 48 62 0.042030595 
325 710 12 16 0.03935905 
989 4 37 56 0.03925261 
681 482 65 85 0.039092384 
126 476 32 47 0.038234156 
367 305 254 254 0.03638015 
445 654 10 13 0.03279505 
373 285 396 470 0.031450365 
924 2 48 58 0.030833952 
108 462 18 22 0.030506268 
738 572 25 33 0.02627396 
751 441 90 125 0.025753833 
618 422 115 149 0.02536168 
418 443 135 155 0.024425799 
676 527 13 18 0.0243497 
243 266 55 70 0.023320146 
705 531 30 36 0.023149993 
360 358 56 74 0.023114875 
224 539 52 67 0.022576539 
554 539 36 42 0.021938302 
747 489 54 80 0.02097592 
750 515 33 39 0.020833997 
303 355 119 155 0.020598346 
