26_Soldier_Drilling_Soldiers_Drilling_26_307
43
415 356 25 28 0.96538347 
172 372 24 25 0.6813729 
262 345 21 28 0.2568646 
906 338 21 26 0.18961504 
292 362 27 34 0.109090805 
530 365 15 20 0.10804264 
437 184 28 37 0.07919419 
282 359 25 30 0.06996141 
271 348 21 29 0.06688831 
399 316 12 15 0.06451189 
83 397 17 20 0.05898069 
442 172 24 31 0.053499527 
299 364 16 20 0.04910658 
184 371 17 22 0.04733234 
404 310 13 16 0.04681526 
491 157 17 21 0.046049174 
282 355 16 21 0.04358485 
308 362 12 17 0.041727312 
221 373 14 17 0.036527302 
538 363 16 18 0.03427032 
250 344 18 24 0.033791218 
582 293 12 13 0.033600733 
7 256 26 46 0.03347363 
74 398 26 33 0.03164058 
507 384 22 30 0.03067664 
310 84 11 15 0.030176934 
1 325 32 56 0.029876899 
172 471 288 182 0.029282453 
625 300 10 13 0.02797375 
170 384 31 38 0.027172998 
727 360 15 17 0.025890954 
49 385 27 36 0.025443807 
268 350 42 46 0.02450359 
471 282 12 17 0.023880906 
412 315 12 16 0.023206359 
424 189 42 57 0.023092467 
218 376 21 24 0.022995953 
406 304 11 13 0.022836747 
275 340 16 20 0.022425251 
354 170 86 112 0.02178863 
62 388 26 33 0.021049332 
350 340 410 518 0.020764217 
290 111 36 50 0.02021528 
