12_Group_Group_12_Group_Group_12_59
46
807 146 26 38 0.9949941 
592 121 24 32 0.99256927 
521 89 23 32 0.9877308 
416 84 19 24 0.97389597 
172 109 24 36 0.96422136 
745 174 23 36 0.9544711 
272 85 19 27 0.9310556 
116 91 21 26 0.91117215 
304 519 78 91 0.4052704 
220 238 51 62 0.32558134 
471 67 15 20 0.24411653 
2 283 43 57 0.15262005 
313 157 16 21 0.13224736 
387 119 16 22 0.12784937 
124 93 23 32 0.08903919 
475 62 13 17 0.08457662 
771 184 28 29 0.07800241 
191 112 26 37 0.07563073 
309 541 113 119 0.07042314 
394 117 24 32 0.06538554 
11 421 59 93 0.05470214 
752 176 36 42 0.054139897 
443 111 16 22 0.054115057 
2 258 33 44 0.053011335 
487 130 14 18 0.052274544 
156 115 27 32 0.049549922 
468 67 25 33 0.04657105 
204 118 18 25 0.045092035 
14 267 37 47 0.038052704 
291 494 70 84 0.034840625 
786 183 18 24 0.03236836 
138 217 172 246 0.031050727 
316 108 13 15 0.02823349 
29 348 17 20 0.026335506 
179 101 16 22 0.025773305 
481 102 16 21 0.025199654 
382 107 27 35 0.025142424 
130 100 23 35 0.02339117 
262 88 18 24 0.023229692 
772 172 18 22 0.022212287 
195 216 64 70 0.021995066 
184 106 16 25 0.021314459 
778 177 19 22 0.021299057 
253 95 16 21 0.021214169 
146 109 23 37 0.020873416 
438 108 15 20 0.020662768 
