12_Group_Team_Organized_Group_12_Group_Team_Organized_Group_12_403
148
749 265 24 30 0.9888638 
358 405 26 32 0.98148555 
879 211 24 29 0.9814636 
434 331 25 28 0.9781471 
181 289 24 29 0.9770492 
230 397 23 28 0.96976995 
601 260 21 26 0.9673822 
317 334 22 26 0.94222 
205 326 16 19 0.7301218 
338 362 16 22 0.33796015 
410 463 15 20 0.2525647 
371 468 12 18 0.2432732 
288 459 13 16 0.19363937 
767 305 26 33 0.17495885 
191 422 11 14 0.16711365 
216 348 12 16 0.1581877 
514 467 12 15 0.14724423 
305 376 22 30 0.14485154 
410 417 14 18 0.14472838 
306 360 15 20 0.12986824 
333 384 22 27 0.10704459 
473 0 19 19 0.091994256 
260 401 14 19 0.08396998 
228 450 15 20 0.08078393 
333 521 22 30 0.07268336 
460 421 12 14 0.071159594 
173 340 13 17 0.0687937 
436 378 12 17 0.06801749 
194 427 11 14 0.063062645 
170 322 14 18 0.06032614 
273 353 11 15 0.058965098 
365 357 14 18 0.05870118 
404 413 14 19 0.05333994 
347 466 14 18 0.05165767 
428 371 15 20 0.050738122 
301 389 24 30 0.04939631 
328 348 23 29 0.048657455 
454 418 13 16 0.04789535 
751 226 11 15 0.04776082 
206 366 12 15 0.047747776 
306 368 17 26 0.04705485 
427 378 19 24 0.047025282 
179 334 12 16 0.046976447 
499 461 12 17 0.04289919 
179 364 11 13 0.04227425 
197 374 15 18 0.041476365 
364 480 16 23 0.04078631 
406 396 14 17 0.03843712 
324 374 24 33 0.037796956 
408 423 13 18 0.03777765 
257 424 16 22 0.037592027 
460 459 12 15 0.03720971 
229 484 15 18 0.03688032 
229 374 11 13 0.03563201 
587 315 43 54 0.03531208 
37 605 11 16 0.034861147 
372 540 12 15 0.034736607 
284 457 25 29 0.034479033 
534 120 48 60 0.03443856 
616 299 23 30 0.033835318 
229 380 13 17 0.03340117 
189 396 14 19 0.03324469 
312 402 15 20 0.0330814 
333 517 12 18 0.03308006 
250 445 24 30 0.032513145 
224 387 11 14 0.032007813 
476 409 13 15 0.031853784 
284 510 14 16 0.031764556 
133 385 11 15 0.03172324 
399 402 13 18 0.031136686 
295 402 22 28 0.031054933 
447 522 11 13 0.030733133 
597 312 13 15 0.030195996 
357 450 12 15 0.030019805 
460 378 15 18 0.029838646 
422 54 25 30 0.029481802 
773 299 17 21 0.028595077 
345 523 17 22 0.02852382 
235 456 13 18 0.02843246 
269 339 12 14 0.028302893 
866 314 16 21 0.028099988 
470 454 11 13 0.028014328 
406 388 23 29 0.027996935 
416 449 21 28 0.027672246 
382 450 12 16 0.027534507 
317 490 11 16 0.027298111 
559 273 14 18 0.027001156 
466 421 12 15 0.026984073 
185 421 10 14 0.026723046 
388 379 15 18 0.026219334 
383 388 14 16 0.025837446 
374 534 11 14 0.0257672 
359 483 13 17 0.025441647 
264 394 16 20 0.025388196 
35 500 13 16 0.025219165 
312 491 12 17 0.02501018 
494 381 11 13 0.02467673 
517 124 45 61 0.024386039 
1002 0 16 15 0.02425803 
503 466 11 16 0.024081279 
285 465 14 18 0.023875453 
285 407 23 28 0.02380998 
310 499 13 17 0.023807794 
447 410 15 17 0.023797533 
334 398 16 20 0.02369042 
397 531 15 17 0.023668885 
4 565 9 12 0.02361545 
387 428 14 17 0.023493 
643 248 21 26 0.023450248 
222 454 13 17 0.023257693 
622 293 14 16 0.0230234 
961 198 9 12 0.02292835 
604 325 32 35 0.022846345 
203 371 14 18 0.022795161 
397 525 12 14 0.022769552 
507 460 21 25 0.022612058 
589 301 13 19 0.022560865 
774 293 14 17 0.022454645 
428 171 12 16 0.022360984 
161 368 26 34 0.022280512 
812 213 210 224 0.02219489 
258 460 16 22 0.02197308 
412 550 14 17 0.021854594 
750 233 11 15 0.02179724 
340 390 25 29 0.021766003 
301 526 14 17 0.021578938 
349 400 26 30 0.02142237 
305 348 21 27 0.021407617 
0 0 390 460 0.021390485 
418 466 12 17 0.021098206 
9 581 8 12 0.021068016 
884 196 16 19 0.021016465 
374 332 11 13 0.02090558 
389 420 13 18 0.020827042 
325 514 38 48 0.020775396 
433 277 25 32 0.020759676 
453 371 14 19 0.02074488 
357 396 16 19 0.020546883 
196 400 12 17 0.02049543 
169 84 208 274 0.020413388 
426 442 16 20 0.020279136 
908 252 15 18 0.02027207 
59 605 16 18 0.020207489 
508 334 22 28 0.020180553 
183 275 24 32 0.020111628 
430 524 11 14 0.020065047 
-1 458 10 17 0.020035403 
189 417 19 24 0.020033427 
