12_Group_Team_Organized_Group_12_Group_Team_Organized_Group_12_313
98
644 126 39 58 0.83552986 
614 137 40 55 0.1803396 
305 676 32 36 0.15204374 
242 119 213 263 0.11955648 
597 134 38 55 0.10987686 
0 354 12 18 0.08427171 
360 524 23 32 0.07722366 
159 189 11 13 0.062809944 
216 155 11 15 0.059292976 
765 68 21 34 0.056329194 
149 115 11 15 0.04994515 
36 90 10 13 0.0496264 
78 125 9 12 0.047731947 
294 669 51 62 0.04311098 
0 155 9 15 0.042339515 
164 182 10 12 0.04232662 
55 106 11 14 0.041766662 
140 94 12 14 0.040681098 
56 214 239 250 0.040043876 
1 185 194 228 0.03767301 
164 562 173 211 0.03740139 
60 105 12 15 0.037327535 
4 91 10 13 0.03651685 
182 95 11 13 0.03432161 
134 140 12 15 0.03400185 
168 77 11 13 0.033590216 
56 69 11 13 0.033330098 
29 147 12 15 0.032574426 
89 103 9 11 0.031980045 
60 469 385 450 0.031928673 
94 103 11 13 0.031107966 
633 139 34 44 0.031086458 
958 158 13 15 0.030413084 
135 100 10 13 0.029986316 
109 84 11 12 0.029498627 
31 88 11 13 0.028909523 
102 94 12 14 0.028886532 
53 171 12 14 0.028663142 
216 163 9 12 0.028438343 
157 61 9 12 0.028429382 
167 141 10 13 0.02822342 
60 125 12 14 0.027565947 
304 73 241 250 0.027549516 
117 123 10 14 0.027283853 
128 109 10 13 0.02678014 
149 100 10 13 0.026626194 
461 82 104 119 0.026581801 
200 92 12 14 0.0265376 
119 188 11 14 0.02637577 
72 85 10 13 0.026326872 
149 75 11 14 0.02613073 
22 142 11 13 0.025497472 
93 171 11 14 0.025461467 
90 108 10 13 0.024985483 
189 94 9 12 0.02494139 
926 168 76 69 0.024769722 
16 132 10 13 0.024754684 
20 87 11 13 0.024749555 
109 123 12 15 0.024497902 
17 86 9 12 0.024288887 
104 121 11 15 0.024273489 
174 140 11 12 0.024180312 
49 166 10 14 0.023902597 
167 154 12 16 0.023892455 
828 6 14 17 0.023243366 
110 132 11 14 0.023160582 
173 149 11 15 0.023031468 
87 166 11 14 0.022807607 
661 140 250 235 0.02263302 
149 122 11 15 0.022495776 
410 671 60 51 0.022142686 
88 686 58 55 0.022097925 
31 132 11 13 0.021983393 
77 92 9 12 0.021969967 
68 100 12 15 0.021959418 
338 566 40 61 0.021916501 
38 126 10 12 0.021781435 
139 147 12 14 0.021775503 
166 148 12 15 0.02142111 
30 156 13 15 0.021406623 
94 140 11 13 0.021388814 
31 125 10 13 0.021215208 
101 62 11 12 0.021102102 
0 124 10 14 0.02105101 
191 157 9 12 0.021008577 
842 11 19 20 0.0209913 
47 86 10 13 0.020893628 
16 92 10 13 0.020730684 
128 141 10 14 0.020716432 
129 101 10 12 0.02054482 
152 60 10 13 0.020497177 
55 118 11 14 0.020483177 
157 116 11 14 0.020464139 
165 109 10 13 0.02044467 
94 158 12 14 0.02042709 
4 77 10 13 0.020229813 
183 107 12 15 0.020178279 
72 124 11 14 0.020023514 
