12_Group_Group_12_Group_Group_12_28
58
462 234 32 42 0.9988912 
169 38 32 42 0.9986547 
210 103 35 50 0.9984364 
303 134 33 44 0.9978114 
513 59 33 44 0.9968767 
179 199 34 46 0.99658823 
245 256 40 49 0.99571145 
70 21 39 49 0.995387 
520 254 37 47 0.9949149 
662 56 38 52 0.9940848 
550 110 39 47 0.9930125 
126 126 44 55 0.9925539 
703 84 41 54 0.99142456 
107 69 37 47 0.99122274 
385 199 41 53 0.9912061 
790 76 37 49 0.9906412 
259 149 40 53 0.98831195 
920 70 37 46 0.98182535 
232 78 36 47 0.9738376 
611 98 40 53 0.9723684 
905 110 40 52 0.97223943 
616 51 36 45 0.9326039 
801 137 39 50 0.67087245 
218 88 41 53 0.23192827 
365 364 27 29 0.094480805 
413 349 27 32 0.09109099 
482 395 17 21 0.06767667 
687 71 43 56 0.06654684 
38 275 12 15 0.061950706 
0 302 11 18 0.05773174 
913 85 39 60 0.05526084 
136 464 63 79 0.045236595 
447 412 12 16 0.039661482 
159 474 66 74 0.0376578 
390 337 15 17 0.035895873 
516 431 11 13 0.03362821 
459 392 15 19 0.0330283 
51 436 103 140 0.03240436 
243 121 23 35 0.031027177 
930 289 19 24 0.030785875 
619 51 20 23 0.030432696 
46 176 28 38 0.029459555 
116 258 13 16 0.029414292 
341 267 27 37 0.027442439 
38 127 36 40 0.026487386 
63 279 9 13 0.025155347 
326 123 28 38 0.02400784 
471 223 28 36 0.023982808 
29 260 12 14 0.02368441 
241 98 22 28 0.023411814 
248 199 406 493 0.022887008 
280 137 37 52 0.022220967 
494 267 16 21 0.022111753 
365 299 15 18 0.02150377 
43 274 13 16 0.021157948 
559 465 52 64 0.02104734 
53 278 12 15 0.02077399 
81 149 423 470 0.02051744 
