12_Group_Large_Group_12_Group_Large_Group_12_253
245
161 264 31 39 0.99922216 
243 399 32 42 0.9980293 
972 390 32 40 0.99781716 
350 421 31 40 0.99756134 
131 417 36 46 0.99724907 
160 209 27 35 0.9969361 
88 242 27 35 0.99659723 
935 258 25 33 0.9958832 
22 437 31 39 0.9958514 
40 264 32 40 0.99582666 
677 321 27 35 0.9949168 
759 373 26 31 0.99430376 
606 321 26 36 0.99430287 
484 364 34 44 0.9941806 
546 335 29 36 0.99274904 
795 232 25 32 0.992531 
859 250 28 35 0.99209505 
616 285 26 33 0.99171454 
354 225 29 39 0.99157727 
409 237 25 32 0.9890682 
459 235 25 30 0.98756266 
657 385 27 37 0.9869336 
297 229 23 31 0.98650336 
636 225 23 30 0.9854918 
30 200 25 34 0.9845961 
260 220 23 27 0.9796718 
206 196 25 30 0.97243506 
330 200 23 30 0.97179025 
394 198 23 28 0.9639648 
708 245 23 32 0.9607764 
-2 244 21 29 0.95991117 
872 387 30 37 0.95802426 
559 205 21 27 0.95018697 
120 200 22 31 0.95002407 
764 259 22 28 0.9478592 
681 236 21 27 0.9388724 
859 223 22 27 0.93839926 
591 423 26 32 0.93516815 
894 239 24 31 0.93252075 
499 210 21 27 0.92524266 
768 203 19 23 0.90890366 
391 436 37 43 0.907915 
281 265 24 30 0.89389706 
458 204 22 27 0.88519853 
613 212 21 24 0.8788845 
731 234 20 25 0.8782128 
211 267 30 35 0.86421067 
556 406 22 27 0.70946467 
642 195 15 18 0.5094878 
554 327 28 35 0.30112478 
722 236 22 30 0.3001713 
293 389 21 27 0.14249367 
405 205 21 27 0.13311107 
629 526 31 36 0.13194124 
253 21 14 18 0.12318208 
697 239 25 31 0.121039584 
113 157 15 19 0.110457964 
779 233 15 19 0.09605327 
561 317 25 30 0.09497935 
205 156 12 15 0.088601984 
185 337 25 34 0.08117239 
301 395 27 36 0.07920582 
901 221 12 15 0.078919776 
896 213 9 12 0.078194536 
368 419 40 49 0.077577524 
416 211 16 20 0.07711038 
884 243 26 34 0.07367401 
253 53 14 19 0.07227829 
850 384 14 18 0.068397835 
412 216 16 21 0.06651307 
485 189 13 16 0.0644823 
896 190 10 13 0.06290208 
145 208 26 31 0.061046507 
895 228 14 18 0.05857229 
596 189 14 18 0.058378357 
467 526 24 30 0.057901785 
279 249 22 31 0.057788275 
287 237 25 34 0.056409147 
941 235 13 16 0.05443186 
460 199 16 18 0.054136228 
110 207 17 21 0.052744567 
900 215 12 14 0.052166406 
343 209 28 37 0.051964022 
284 31 10 13 0.05132275 
548 207 23 28 0.050482936 
834 370 25 32 0.05046381 
749 378 24 30 0.04967683 
226 27 14 19 0.049676403 
687 219 14 18 0.04923883 
90 142 12 17 0.049136724 
880 212 13 16 0.04493981 
857 379 27 32 0.04392456 
937 220 9 11 0.043510526 
857 236 27 35 0.043441813 
615 199 13 16 0.042899076 
877 194 11 13 0.041939277 
941 220 9 13 0.04117946 
942 229 11 14 0.040123098 
199 153 13 16 0.03988229 
271 258 23 33 0.039344247 
893 235 17 21 0.039266303 
683 217 24 29 0.038694013 
29 197 16 24 0.038675085 
259 157 12 16 0.03845722 
70 179 11 17 0.037575252 
284 243 15 20 0.03749253 
675 225 24 30 0.03700849 
900 195 10 14 0.03685537 
180 179 16 19 0.036847416 
615 205 17 20 0.036658913 
873 248 27 36 0.036531966 
277 1 13 15 0.036445726 
294 220 13 17 0.036422644 
385 125 8 12 0.035425846 
536 203 11 13 0.03436683 
839 219 13 16 0.03401194 
534 196 12 15 0.033830475 
164 194 13 17 0.03380255 
525 221 12 17 0.033392005 
438 196 13 16 0.032982048 
130 156 14 18 0.032746088 
951 165 10 14 0.03214941 
581 422 23 30 0.032124225 
253 195 12 16 0.03160704 
356 211 15 19 0.031325325 
226 59 15 19 0.030633982 
332 182 12 15 0.030380666 
779 245 22 28 0.030370448 
0 237 13 18 0.030125627 
412 175 12 15 0.030064287 
57 171 16 20 0.029943898 
924 245 26 34 0.029914133 
608 210 16 21 0.029888848 
650 194 14 18 0.029836332 
335 317 29 35 0.029746814 
798 222 12 16 0.029700179 
323 157 12 15 0.029455487 
444 205 14 18 0.02913481 
130 206 26 30 0.02862252 
171 147 12 14 0.028495697 
346 407 28 37 0.02841116 
764 171 15 19 0.028217208 
908 213 11 14 0.028080253 
525 212 11 16 0.027999487 
424 164 12 14 0.027822986 
729 100 21 25 0.027763782 
121 157 21 27 0.027317876 
519 205 12 16 0.027112361 
145 172 17 21 0.02706241 
470 173 10 13 0.026979879 
585 433 28 35 0.02694139 
203 105 13 16 0.026901387 
540 196 12 16 0.026863825 
932 237 15 18 0.026704581 
22 208 18 24 0.026223736 
501 196 13 16 0.026046887 
834 67 17 23 0.026030734 
44 147 14 18 0.025952185 
557 199 14 16 0.025921322 
292 221 22 28 0.02587469 
926 215 10 11 0.025678167 
484 373 22 26 0.025627341 
885 219 12 15 0.025511127 
387 413 27 35 0.025339635 
297 409 25 31 0.025288891 
479 144 8 11 0.024722164 
390 207 17 20 0.024455672 
315 403 16 21 0.024418956 
884 208 11 14 0.02433235 
526 158 14 17 0.02429101 
541 187 13 16 0.024154378 
370 219 16 19 0.023982832 
407 179 13 15 0.023968782 
268 256 16 23 0.02388038 
196 159 21 27 0.023811236 
900 206 13 15 0.02378914 
11 143 11 14 0.023776453 
159 194 22 31 0.02364251 
896 219 20 25 0.023635482 
910 464 105 138 0.023525598 
974 119 49 84 0.023482453 
391 197 16 20 0.023439748 
188 225 16 22 0.023434035 
197 0 16 17 0.023298247 
285 220 15 20 0.023147276 
470 166 9 12 0.023133468 
268 37 12 16 0.023079684 
374 171 14 17 0.023060294 
493 196 12 15 0.022922795 
898 282 15 17 0.022910282 
309 36 10 13 0.022869995 
741 146 15 18 0.022865253 
7 220 12 16 0.022782944 
46 174 13 15 0.02246299 
180 30 12 15 0.022444291 
14 162 13 18 0.022313772 
299 220 16 18 0.022265851 
0 180 9 16 0.022259422 
339 191 13 16 0.022061406 
67 128 13 17 0.021814352 
972 514 11 14 0.021806963 
42 360 34 39 0.021786213 
437 189 13 16 0.021777434 
154 4 17 20 0.0216579 
938 517 56 77 0.021630786 
670 221 13 17 0.021621238 
548 169 16 20 0.021540966 
283 195 15 18 0.021532178 
128 149 12 13 0.021530187 
862 205 11 15 0.02150042 
691 214 13 17 0.021492617 
759 182 23 28 0.021486295 
380 207 21 27 0.021414375 
38 178 12 15 0.021400461 
412 226 15 18 0.02139317 
0 231 10 15 0.021327317 
1003 248 16 19 0.02129549 
541 181 23 28 0.021291524 
835 216 22 26 0.021236496 
861 384 14 18 0.021227622 
519 182 10 15 0.021131074 
472 143 8 11 0.02101379 
907 220 11 15 0.021007104 
405 450 22 26 0.0207708 
820 218 12 16 0.020702451 
947 230 11 14 0.020695888 
438 202 15 18 0.020606749 
246 283 15 20 0.020596948 
492 183 10 14 0.020570325 
731 120 16 20 0.020548435 
548 263 28 35 0.020537013 
507 165 12 14 0.0205185 
885 223 23 28 0.02051817 
765 186 14 16 0.02050276 
28 191 13 17 0.020494038 
747 192 14 20 0.020493696 
526 193 12 16 0.020472264 
831 369 16 20 0.020415727 
911 206 11 13 0.02037833 
293 17 12 15 0.020311821 
373 157 11 13 0.020299582 
747 135 25 30 0.020211056 
348 164 12 14 0.020158961 
912 232 24 31 0.020136671 
119 198 15 22 0.020005343 
