12_Group_Team_Organized_Group_12_Group_Team_Organized_Group_12_551
24
487 73 92 115 0.9985133 
268 0 86 102 0.99476826 
354 428 151 146 0.3449453 
196 407 16 20 0.105772555 
744 435 20 23 0.084896155 
407 216 87 107 0.04915233 
316 433 120 158 0.03541206 
441 493 244 220 0.0340491 
804 327 17 22 0.033788387 
769 333 61 69 0.033506695 
805 440 17 21 0.032421697 
408 500 161 128 0.03135971 
539 0 38 32 0.030226786 
696 82 56 72 0.02969234 
834 381 24 30 0.028360382 
417 210 55 62 0.027419945 
713 287 34 51 0.025201052 
804 377 54 69 0.023812728 
697 287 206 240 0.023101892 
84 565 200 261 0.022386143 
347 313 173 215 0.02205641 
40 397 207 275 0.021976871 
524 0 33 30 0.021657104 
797 328 16 20 0.020901168 
