12_Group_Team_Organized_Group_12_Group_Team_Organized_Group_12_583
80
814 298 58 67 0.9940294 
569 220 26 34 0.96633863 
524 275 43 54 0.9530036 
922 248 34 43 0.8870931 
247 231 61 58 0.70926553 
827 226 28 33 0.6644801 
144 45 31 36 0.6241314 
827 174 25 29 0.6094774 
994 155 25 31 0.34515584 
433 218 23 29 0.32817268 
989 228 27 36 0.18309467 
544 220 31 37 0.18146846 
666 191 26 32 0.16373342 
250 57 31 36 0.16082372 
43 93 42 46 0.15294172 
704 146 16 19 0.141866 
-24 -32 343 475 0.1293731 
452 14 52 64 0.12016291 
552 212 39 48 0.11305047 
362 76 16 20 0.09327753 
918 340 56 60 0.08457003 
647 260 136 130 0.08099316 
489 85 27 34 0.06469652 
879 60 111 149 0.051957548 
293 304 68 78 0.051749233 
610 152 32 33 0.051258154 
232 207 93 96 0.050848406 
394 180 17 20 0.048861764 
855 70 12 15 0.04836353 
663 117 119 143 0.046845995 
756 141 14 18 0.045177586 
496 0 32 32 0.0446837 
767 298 50 63 0.042786308 
670 308 77 68 0.042714626 
458 233 26 33 0.03766551 
410 82 15 17 0.035862938 
436 214 17 20 0.03545473 
153 50 18 20 0.035054218 
791 290 45 61 0.03485016 
1 28 218 297 0.034394637 
490 8 51 63 0.03411984 
427 267 16 19 0.033996604 
656 278 77 74 0.03226532 
428 91 15 18 0.031997815 
529 58 56 68 0.03185156 
470 23 53 65 0.031231977 
916 146 16 20 0.031120876 
606 122 32 38 0.030251104 
839 182 19 23 0.030130135 
533 33 101 130 0.029509502 
606 161 202 199 0.028994875 
599 97 45 58 0.028092742 
532 137 27 31 0.027923474 
480 241 37 45 0.027061516 
115 82 14 16 0.026463976 
364 107 46 62 0.024923164 
34 106 51 58 0.024097964 
552 59 64 80 0.024085522 
288 276 104 136 0.023483632 
283 286 62 63 0.023457944 
688 282 82 79 0.022525802 
143 34 26 32 0.02242998 
737 278 87 103 0.022412652 
57 108 53 59 0.022398403 
831 70 10 12 0.02220522 
750 145 22 28 0.02219628 
449 282 18 22 0.021973604 
298 69 49 68 0.021956015 
469 154 25 31 0.02193872 
261 51 49 63 0.02163655 
442 220 26 32 0.021286685 
474 43 34 37 0.021272454 
940 145 17 20 0.02119294 
764 140 13 17 0.020973688 
887 346 47 57 0.020618413 
694 148 15 19 0.020491075 
859 312 43 58 0.020315306 
891 219 15 20 0.020273149 
723 169 13 19 0.020189017 
697 149 25 29 0.020045755 
