12_Group_Large_Group_12_Group_Large_Group_12_212
33
475 710 94 126 0.99866307 
683 370 82 113 0.99758935 
267 358 87 103 0.99640924 
974 744 14 20 0.78951544 
14 595 21 34 0.4436954 
908 775 16 19 0.24694896 
871 743 14 19 0.21149848 
934 774 15 20 0.19921266 
30 695 45 56 0.19122478 
114 608 52 68 0.06098751 
154 794 24 31 0.05990212 
2 587 25 45 0.048534732 
390 787 41 57 0.04455499 
914 731 16 20 0.042500857 
922 742 16 20 0.03973516 
598 373 25 29 0.03565815 
15 684 41 59 0.03260606 
15 1020 33 41 0.030683216 
465 464 132 144 0.028983206 
921 727 23 31 0.026434101 
35 862 31 37 0.025767302 
82 810 19 23 0.025128692 
324 1077 131 167 0.025063751 
261 321 29 33 0.024672525 
164 483 56 61 0.024615532 
972 811 23 31 0.024152188 
606 647 119 154 0.023869121 
3 597 35 51 0.022974182 
932 730 16 21 0.022867411 
871 494 54 72 0.022711923 
998 834 12 15 0.02226442 
22 698 27 35 0.021865102 
37 847 44 65 0.021206416 
