12_Group_Team_Organized_Group_12_Group_Team_Organized_Group_12_83
195
725 381 173 231 0.9995555 
807 213 61 84 0.99638534 
301 241 32 43 0.99060106 
145 285 25 38 0.97645956 
402 244 32 39 0.97222406 
27 323 22 26 0.94730026 
730 226 16 20 0.9095352 
998 194 16 21 0.89519316 
961 191 15 23 0.88162863 
41 260 18 22 0.86425966 
89 283 23 28 0.8236147 
110 238 26 32 0.81608963 
209 271 18 22 0.80835605 
905 246 19 24 0.7616407 
9 262 18 26 0.7544989 
385 280 31 38 0.74543095 
1003 239 14 18 0.66122967 
954 244 17 20 0.50706017 
551 269 46 51 0.42607304 
857 131 15 19 0.405762 
185 264 17 22 0.2910996 
573 264 30 33 0.2558963 
203 304 19 25 0.25413164 
197 247 12 16 0.2488838 
919 207 11 14 0.23546569 
746 237 44 67 0.22827983 
994 249 13 16 0.20204733 
61 263 15 22 0.20081851 
143 258 14 19 0.16355242 
760 206 25 34 0.10472928 
20 295 14 21 0.10144518 
771 229 46 68 0.09712379 
587 268 19 23 0.0902882 
195 258 14 20 0.08172479 
222 236 11 14 0.08100888 
192 267 22 27 0.07875642 
130 255 15 20 0.07508337 
-2 343 18 34 0.07317424 
916 219 13 16 0.06951839 
204 251 12 16 0.066468224 
787 129 18 23 0.06518054 
63 324 13 17 0.06466721 
843 131 25 30 0.06359763 
109 315 21 29 0.063464895 
726 149 11 15 0.062576815 
901 212 10 14 0.06083876 
924 211 11 14 0.056841213 
389 259 41 50 0.05667492 
922 251 13 15 0.05582089 
1008 237 14 17 0.055649605 
22 290 24 29 0.05323105 
952 196 14 17 0.052097272 
146 264 14 18 0.05143184 
913 211 11 14 0.05142801 
117 247 27 34 0.049966354 
17 260 16 23 0.04988311 
740 147 14 17 0.049598485 
429 238 29 43 0.04938617 
212 251 13 17 0.048479676 
61 343 24 32 0.04783089 
416 241 28 40 0.047727007 
30 260 20 26 0.04700557 
95 249 15 18 0.046535585 
697 243 46 64 0.04647151 
214 244 11 15 0.046202768 
46 262 24 28 0.0456102 
199 299 14 19 0.045264736 
804 143 14 18 0.044051237 
720 217 44 61 0.043880284 
990 229 12 15 0.043544717 
760 210 14 18 0.043354142 
795 123 16 22 0.041039616 
60 329 21 29 0.040740468 
191 251 15 19 0.03904025 
1 265 15 20 0.038630385 
670 265 31 42 0.038453598 
969 274 15 20 0.038392942 
702 190 10 12 0.038215403 
907 238 15 20 0.03791414 
216 235 11 14 0.0371286 
244 243 11 14 0.03707053 
19 329 27 33 0.036082625 
696 198 9 12 0.035972536 
818 139 14 20 0.035210308 
924 219 13 17 0.035157897 
177 124 56 62 0.034936048 
792 130 25 33 0.034491654 
935 205 10 13 0.033964492 
395 234 25 37 0.03378079 
982 118 11 13 0.033747245 
718 217 22 28 0.033302594 
657 239 88 123 0.033144798 
893 238 26 33 0.032950737 
737 221 15 20 0.032742094 
53 244 12 14 0.032091085 
677 251 48 63 0.032030128 
741 220 25 32 0.03186637 
944 210 11 14 0.0315134 
235 461 12 16 0.031266693 
971 260 12 16 0.031245831 
89 271 38 48 0.031188797 
509 304 28 39 0.030937374 
507 79 48 59 0.03085032 
32 633 40 38 0.030598395 
947 226 14 19 0.030487483 
140 272 17 22 0.02983641 
967 268 13 18 0.029747358 
148 242 13 16 0.029581545 
948 234 15 18 0.029235033 
389 247 23 32 0.02919018 
1006 130 15 19 0.02883662 
753 208 46 65 0.028803816 
207 257 13 18 0.028398702 
126 299 15 19 0.028339075 
903 238 12 16 0.028287483 
229 349 15 18 0.028181141 
226 237 12 15 0.02801218 
805 135 25 32 0.027825857 
593 259 18 24 0.027077591 
98 307 24 30 0.027011836 
100 243 17 23 0.026892625 
731 217 73 105 0.026512247 
96 252 39 49 0.02615603 
6 628 64 55 0.026111498 
900 218 11 15 0.026070548 
0 341 12 20 0.025974108 
941 204 13 15 0.0259221 
281 244 24 31 0.02575742 
180 268 25 32 0.025708718 
26 251 16 19 0.025703782 
-4 617 33 37 0.02532007 
115 309 22 29 0.025243001 
965 124 9 13 0.025231207 
86 262 29 38 0.025226934 
220 258 14 18 0.02514774 
240 239 11 14 0.025144784 
71 243 13 17 0.024923272 
701 195 10 13 0.024676288 
947 218 16 19 0.024605269 
51 253 15 19 0.024356032 
105 297 16 20 0.024224563 
175 257 22 27 0.024072051 
316 248 30 34 0.024069117 
120 229 22 32 0.024056844 
802 125 14 17 0.023708446 
1 608 53 53 0.02369723 
895 213 13 17 0.02367455 
649 411 28 40 0.023364944 
339 296 29 36 0.023246184 
928 132 11 13 0.023181543 
524 279 15 20 0.023115937 
98 246 26 32 0.023060193 
935 198 10 13 0.023050264 
753 183 87 117 0.023016058 
719 219 12 17 0.023009527 
31 274 13 16 0.022791604 
685 262 30 39 0.022780078 
228 257 13 16 0.022779515 
988 68 32 45 0.022590145 
748 225 14 21 0.022578644 
933 212 10 13 0.022500167 
90 253 24 29 0.022428783 
912 252 18 22 0.022395648 
970 296 16 24 0.022346914 
835 138 16 18 0.022216346 
147 252 13 20 0.022182884 
930 226 15 18 0.022108702 
825 135 24 31 0.022068813 
917 207 20 24 0.022022393 
121 302 23 27 0.021991627 
411 134 13 15 0.021889359 
71 255 21 31 0.021887831 
536 273 29 39 0.021837192 
969 199 14 19 0.021665467 
902 229 11 16 0.021545086 
378 255 18 25 0.021541491 
948 211 14 17 0.021510335 
758 223 15 23 0.021497322 
2 275 20 26 0.021484785 
245 260 12 16 0.02131994 
26 299 26 33 0.021143634 
62 254 13 18 0.021127712 
11 368 15 21 0.021074368 
750 270 17 25 0.020825904 
896 245 12 17 0.020821422 
390 240 13 21 0.020696806 
254 259 11 15 0.02052081 
988 465 40 62 0.02048908 
20 245 17 21 0.020374177 
770 206 17 21 0.02036606 
778 121 30 36 0.020237513 
977 39 47 71 0.020219594 
716 191 12 14 0.020195784 
971 549 49 86 0.02017311 
136 292 23 27 0.020014595 
