12_Group_Team_Organized_Group_12_Group_Team_Organized_Group_12_211
20
66 154 48 57 0.9965814 
209 166 44 57 0.9963475 
341 178 40 50 0.9920677 
774 190 44 54 0.9906398 
921 217 42 53 0.98906505 
672 187 39 53 0.98820764 
447 200 40 51 0.98695785 
289 114 26 34 0.9851371 
999 243 25 38 0.09590268 
31 194 11 16 0.04070459 
280 182 40 49 0.039033372 
284 202 29 33 0.038063087 
21 212 11 15 0.037856117 
0 412 39 74 0.033594895 
15 212 10 15 0.02960746 
36 211 12 15 0.029366136 
992 270 29 36 0.02918971 
30 210 13 17 0.02183576 
1007 220 12 17 0.02079365 
300 209 26 33 0.020573946 
