12_Group_Group_12_Group_Group_12_165
26
506 206 51 65 0.99838626 
607 183 43 57 0.9978411 
918 237 45 58 0.99570435 
789 232 39 51 0.99445504 
315 215 41 52 0.9939178 
552 98 37 48 0.99337584 
694 255 45 54 0.99251175 
441 203 42 56 0.9924425 
187 236 41 54 0.9923639 
251 122 39 50 0.99128634 
682 112 38 50 0.989169 
409 123 39 53 0.9889774 
53 195 39 51 0.9826401 
548 164 38 48 0.19892246 
193 660 26 30 0.074514166 
235 663 25 28 0.059506748 
579 662 15 21 0.04728912 
-1 182 406 555 0.037767615 
383 203 36 40 0.035440546 
404 458 18 26 0.029105427 
153 409 17 21 0.028985193 
844 458 25 37 0.028517744 
268 94 15 18 0.026146084 
860 690 25 28 0.025602682 
891 102 12 15 0.022691073 
-1 253 22 36 0.020646201 
