12_Group_Large_Group_12_Group_Large_Group_12_527
60
715 419 81 118 0.9970341 
330 419 78 103 0.98041797 
803 615 48 52 0.25929925 
18 431 48 59 0.19745292 
213 36 47 57 0.18134479 
268 914 118 184 0.15156206 
399 306 210 290 0.1310412 
656 534 193 246 0.09973334 
588 233 63 86 0.09076119 
-8 9 96 153 0.071837686 
309 625 197 303 0.067967646 
483 404 115 151 0.066701815 
290 549 108 131 0.06522049 
251 906 192 291 0.05952913 
7 31 60 94 0.057949483 
931 275 33 48 0.050251696 
762 609 51 55 0.048564844 
813 1010 167 236 0.048311967 
4 726 51 99 0.04744548 
131 427 56 63 0.046191752 
309 293 367 494 0.04564386 
230 681 68 83 0.044993013 
679 90 60 80 0.044590738 
573 243 95 130 0.043985996 
290 935 75 115 0.04117848 
467 294 101 142 0.040118527 
817 336 58 80 0.03941869 
294 73 59 78 0.038507976 
259 49 98 123 0.03725815 
245 205 30 39 0.03646672 
929 0 51 42 0.034071036 
495 70 57 77 0.034006424 
215 49 97 122 0.033367734 
209 661 120 144 0.031451598 
503 209 48 68 0.030881148 
399 344 49 62 0.030447856 
160 1244 13 15 0.02966414 
621 235 36 55 0.027414534 
793 291 100 134 0.027259843 
246 563 96 110 0.026691133 
643 437 29 42 0.024965964 
68 86 56 77 0.024530588 
719 183 191 312 0.02447337 
281 774 213 195 0.023850087 
150 400 71 75 0.023034574 
497 410 61 82 0.022815946 
882 111 58 84 0.022752455 
208 55 57 73 0.022466455 
753 619 37 44 0.022239061 
359 358 93 131 0.021745194 
802 113 32 50 0.021419263 
727 489 40 47 0.021350196 
222 82 58 77 0.021264473 
-11 190 108 189 0.021177268 
804 231 97 149 0.020906998 
722 234 55 73 0.020730913 
374 288 118 141 0.02051919 
641 60 97 127 0.02035029 
696 513 117 125 0.020291105 
48 557 50 76 0.020134192 
