12_Group_Large_Group_12_Group_Large_Group_12_72
22
494 220 63 82 0.9993268 
217 262 55 68 0.9991817 
404 174 58 71 0.99911267 
709 374 58 74 0.99897695 
538 461 54 62 0.9986161 
670 134 55 72 0.99840933 
285 105 49 61 0.99838364 
353 471 55 66 0.9983559 
614 237 47 54 0.9959437 
453 351 46 50 0.9791911 
21 540 202 211 0.18363574 
361 429 44 49 0.16830191 
452 490 48 54 0.061353672 
595 249 25 41 0.04262201 
776 -37 216 300 0.030983845 
262 123 24 42 0.027421076 
698 432 351 440 0.025064863 
7 11 215 233 0.024523446 
74 615 88 86 0.022704242 
515 632 37 42 0.021214435 
471 497 45 55 0.021007905 
99 587 31 37 0.020484487 
