12_Group_Large_Group_12_Group_Large_Group_12_228
139
827 405 17 24 0.9824111 
526 408 16 21 0.981029 
698 414 18 22 0.9790151 
483 397 16 22 0.978088 
429 414 16 21 0.9759511 
293 406 16 22 0.97561467 
202 408 16 22 0.9745428 
780 410 19 23 0.9725647 
564 404 16 22 0.97106117 
249 411 14 19 0.9660243 
868 420 18 22 0.96360475 
337 410 16 21 0.9615741 
906 412 17 22 0.955222 
653 418 18 23 0.9532238 
155 413 16 21 0.95050377 
605 411 18 23 0.9193886 
742 406 18 24 0.9135871 
110 410 17 21 0.87629545 
393 410 15 20 0.8570058 
242 466 19 22 0.67849094 
305 473 16 20 0.6448349 
462 499 15 18 0.5653991 
195 461 23 27 0.31357774 
466 477 11 15 0.29625517 
105 454 20 23 0.27807385 
515 499 11 14 0.2595404 
924 142 11 15 0.21877009 
340 472 17 21 0.15299709 
871 62 9 12 0.14141785 
156 466 19 22 0.13623455 
886 139 12 15 0.10179001 
140 123 23 31 0.10114682 
876 69 10 12 0.0930092 
878 62 11 13 0.08686392 
597 498 11 15 0.08399955 
405 502 11 14 0.08270952 
292 463 17 22 0.07117864 
901 99 12 15 0.06971862 
101 258 50 72 0.069434695 
5 195 11 14 0.06357805 
880 102 10 13 0.06339726 
467 491 13 20 0.061375402 
862 53 10 14 0.060451426 
919 53 10 12 0.057132833 
770 510 13 16 0.056683052 
850 509 11 13 0.055301942 
532 406 19 25 0.054396965 
853 69 9 12 0.05390718 
902 45 10 12 0.052846976 
903 214 8 11 0.047054872 
810 105 14 16 0.04667119 
860 371 16 19 0.045017723 
117 259 23 32 0.043526404 
456 500 13 16 0.043377355 
29 204 12 15 0.04296562 
391 70 82 132 0.042839438 
911 53 10 12 0.041452758 
865 59 10 12 0.041381095 
260 391 12 15 0.04135864 
870 254 9 12 0.04086481 
494 365 12 15 0.03951757 
726 513 11 14 0.039141737 
875 11 12 15 0.038604014 
102 402 15 20 0.037989102 
87 358 11 13 0.037606135 
617 451 14 16 0.037209943 
891 139 12 16 0.0364765 
884 61 11 13 0.03606037 
864 102 9 12 0.035045832 
293 398 16 19 0.03290833 
880 138 12 15 0.032816846 
255 411 14 18 0.03256229 
670 372 12 15 0.032258406 
800 506 12 14 0.031627998 
902 139 12 16 0.03038965 
258 400 222 274 0.030321483 
52 245 22 31 0.029992674 
904 51 10 13 0.029929357 
180 375 11 13 0.029582253 
870 32 11 13 0.028746417 
598 358 13 16 0.028565051 
858 51 9 13 0.027630124 
341 463 13 16 0.027419932 
883 107 11 13 0.027326113 
391 482 12 15 0.027168905 
463 478 18 25 0.026824405 
405 433 12 17 0.026808806 
399 435 12 15 0.02663719 
835 123 13 15 0.026546221 
864 107 10 12 0.026064448 
835 373 15 17 0.026020305 
733 359 17 20 0.025900463 
21 233 11 16 0.025812015 
547 409 16 19 0.025779046 
672 513 10 14 0.025622306 
296 467 21 25 0.025544345 
674 381 13 17 0.025031049 
396 400 11 13 0.024405284 
801 411 218 224 0.02417472 
373 436 25 30 0.024163697 
373 449 26 35 0.024146456 
852 135 14 18 0.023964902 
880 56 10 14 0.023708457 
915 514 12 14 0.023701 
849 63 9 13 0.0236843 
414 367 9 11 0.023684101 
366 374 9 11 0.023534587 
395 371 13 16 0.023509001 
402 416 13 19 0.023249688 
871 138 10 14 0.023156397 
894 407 22 28 0.023134554 
880 95 9 12 0.023000488 
860 48 11 13 0.022988612 
896 93 12 15 0.022735454 
691 386 16 20 0.022646993 
971 218 13 16 0.022459913 
869 101 10 12 0.02236318 
575 373 11 15 0.022334935 
869 56 9 13 0.022087805 
167 319 11 14 0.021946294 
926 155 11 14 0.021862242 
832 68 10 12 0.021807563 
912 62 8 10 0.021766491 
54 401 11 15 0.021664549 
59 406 10 13 0.02129918 
541 404 15 20 0.021253025 
871 94 9 11 0.021033557 
361 103 88 125 0.021006413 
294 59 183 221 0.020903789 
299 404 20 27 0.020881243 
924 53 11 13 0.02071422 
188 428 12 16 0.020530717 
865 252 9 12 0.02049961 
972 130 12 14 0.020454668 
523 362 14 16 0.020441147 
538 393 19 25 0.020297946 
920 166 10 12 0.02018218 
853 63 11 13 0.020159472 
24 191 9 12 0.020069245 
