12_Group_Large_Group_12_Group_Large_Group_12_379
21
436 180 161 245 0.9987857 
242 632 463 523 0.44538653 
297 451 494 481 0.3907676 
763 289 185 235 0.088490665 
792 531 98 132 0.06853944 
695 2 218 257 0.0673386 
891 39 19 22 0.06348236 
288 183 371 459 0.05318214 
835 351 137 159 0.038776245 
307 503 264 326 0.03802663 
931 80 19 24 0.037348382 
900 65 17 23 0.030337546 
733 85 107 118 0.025605716 
830 527 64 86 0.023981258 
214 975 522 546 0.02385101 
784 386 192 234 0.021714192 
0 790 248 296 0.021631347 
625 93 378 474 0.02142683 
273 441 252 239 0.021016337 
863 42 54 70 0.020401606 
859 398 77 80 0.02011446 
