12_Group_Team_Organized_Group_12_Group_Team_Organized_Group_12_412
67
760 179 33 40 0.9972606 
388 221 34 44 0.9970139 
704 200 40 47 0.9947202 
661 223 32 41 0.99442756 
555 234 34 42 0.9943715 
781 58 30 36 0.99345833 
233 202 37 47 0.9923895 
602 332 37 49 0.9897216 
328 218 37 42 0.9895168 
889 223 38 46 0.987643 
577 403 45 56 0.987356 
116 190 33 42 0.98652565 
494 228 37 44 0.9842865 
9 209 34 40 0.96003246 
496 177 25 32 0.94477487 
966 134 38 47 0.9070725 
141 216 34 47 0.7606279 
207 206 18 22 0.6111784 
593 226 24 33 0.48613596 
541 142 13 18 0.48562482 
610 170 14 19 0.4185898 
909 209 28 35 0.3565342 
819 236 26 33 0.28105134 
472 235 20 28 0.2675695 
572 148 13 18 0.19683099 
873 2 30 37 0.16220042 
648 229 29 37 0.092621915 
310 525 15 19 0.06897444 
749 421 54 71 0.058262218 
293 229 40 50 0.05788262 
917 4 26 32 0.054876592 
48 245 30 37 0.049664948 
338 221 41 51 0.048332844 
996 255 27 43 0.045524918 
883 2 42 50 0.041364823 
573 321 28 36 0.040033612 
346 318 33 43 0.039669067 
970 84 52 76 0.039653942 
416 271 27 36 0.039331794 
500 338 47 57 0.036332794 
512 138 12 17 0.036248032 
824 226 36 47 0.035614673 
715 392 88 130 0.033385947 
853 256 13 17 0.03241645 
515 130 14 20 0.032180473 
210 207 24 32 0.030658398 
288 243 28 41 0.030108938 
691 413 53 71 0.029133838 
782 74 26 35 0.028736569 
121 201 36 46 0.026207024 
311 225 42 55 0.025165949 
707 256 26 30 0.02497864 
902 5 44 58 0.024784598 
597 241 19 26 0.024744838 
293 171 13 16 0.024219643 
572 229 29 39 0.023518996 
594 329 31 42 0.023362678 
867 260 18 21 0.023082867 
41 239 26 34 0.02268585 
973 165 17 23 0.022272665 
523 498 44 56 0.022223862 
635 231 23 31 0.021514583 
661 236 20 25 0.021513281 
264 198 31 40 0.021388177 
985 123 31 41 0.021300036 
532 143 23 29 0.020307152 
778 119 25 34 0.020169182 
