12_Group_Large_Group_12_Group_Large_Group_12_143
192
302 165 33 44 0.99275994 
465 227 34 42 0.9902664 
79 208 27 31 0.98822755 
257 218 31 42 0.9749555 
356 256 28 33 0.8550241 
179 202 24 31 0.815737 
391 234 27 35 0.73686963 
582 216 24 30 0.56250954 
170 205 20 23 0.17884403 
741 562 63 91 0.15924256 
59 208 13 19 0.15623492 
223 225 14 18 0.13653699 
226 233 15 20 0.1347836 
436 250 15 19 0.13061346 
207 222 12 16 0.123049624 
184 153 11 15 0.12130096 
52 192 14 18 0.11615771 
139 206 14 20 0.114949234 
226 197 12 14 0.11043389 
47 194 12 16 0.10119223 
13 232 16 20 0.09539554 
401 227 14 18 0.0785441 
109 223 12 18 0.07836942 
635 504 13 16 0.07613935 
4 233 13 18 0.074450016 
107 199 14 19 0.072380655 
397 518 11 13 0.07033533 
200 144 8 10 0.067958586 
558 246 27 32 0.06285429 
584 230 20 24 0.061919726 
59 188 12 17 0.06087653 
398 222 13 16 0.058341164 
340 227 12 14 0.057818893 
186 197 18 22 0.056318372 
330 54 10 13 0.05515323 
160 160 9 11 0.054696742 
212 224 12 15 0.05466476 
357 28 10 14 0.05444016 
154 189 19 27 0.052162927 
401 46 9 11 0.049861312 
779 314 219 306 0.048672993 
214 188 10 13 0.048074685 
27 219 22 30 0.047929373 
188 221 14 20 0.047512244 
53 202 15 22 0.045431707 
328 79 8 11 0.044758614 
5 150 9 12 0.043781858 
366 160 9 12 0.043494277 
574 237 29 34 0.043467015 
107 449 12 16 0.042547673 
22 191 12 17 0.042021435 
16 222 21 30 0.04149916 
266 210 28 37 0.04109822 
162 193 22 31 0.040775828 
358 188 11 15 0.04054302 
230 222 21 32 0.040234573 
43 171 13 18 0.04010998 
484 194 12 15 0.039498914 
131 254 31 42 0.039404493 
607 229 11 16 0.03893096 
376 192 8 10 0.038188186 
385 31 9 12 0.03778681 
362 250 18 23 0.03764723 
566 37 7 10 0.037447955 
326 58 10 13 0.03717624 
614 499 11 15 0.03695422 
370 39 7 9 0.036818832 
563 241 17 24 0.036804974 
42 205 24 30 0.036669668 
190 544 11 14 0.036421765 
609 55 9 12 0.03600914 
108 192 23 29 0.035907954 
601 49 7 9 0.03578937 
135 201 14 19 0.035371847 
363 245 14 17 0.035256732 
221 192 19 24 0.034893185 
224 203 11 14 0.03475668 
342 134 9 12 0.034651555 
404 231 22 34 0.03428206 
222 189 12 15 0.03424976 
265 156 10 13 0.03353168 
263 194 13 16 0.03342465 
336 221 13 16 0.032729734 
245 198 9 13 0.032422293 
137 142 9 12 0.03241278 
396 133 10 13 0.031888325 
614 20 9 11 0.031709913 
312 95 10 11 0.031010056 
126 240 27 38 0.030590968 
628 498 23 26 0.030332748 
77 325 16 21 0.030007435 
317 372 419 498 0.02991095 
321 31 8 9 0.029757101 
163 157 11 13 0.029671881 
182 150 17 25 0.029386293 
222 144 12 15 0.028975556 
67 205 20 28 0.028742399 
269 190 12 16 0.028571032 
319 172 26 34 0.028421465 
44 238 13 19 0.028381914 
432 47 8 11 0.028339501 
240 203 11 15 0.028296748 
549 254 25 31 0.02826097 
997 198 9 12 0.028201638 
2 182 9 15 0.027993426 
0 99 9 14 0.02784865 
391 219 12 15 0.027745701 
168 208 30 38 0.027589247 
82 195 15 17 0.027236458 
381 241 27 32 0.027084664 
340 240 13 16 0.02670979 
223 215 12 16 0.026676096 
235 241 12 17 0.026632505 
193 142 9 10 0.026478061 
170 187 39 48 0.02643958 
416 29 9 12 0.02633934 
420 234 13 19 0.026305668 
374 39 8 10 0.02609502 
796 487 12 15 0.02593104 
140 214 15 21 0.025830379 
1 7 9 13 0.025690457 
25 148 11 14 0.025632063 
609 29 8 10 0.025595626 
53 212 16 23 0.025563324 
364 195 10 13 0.02540365 
802 40 8 11 0.025381982 
593 238 16 20 0.02512995 
598 69 9 12 0.025126822 
127 159 8 11 0.025018075 
914 15 9 12 0.024922132 
284 208 17 20 0.024907306 
70 160 12 16 0.02486559 
205 180 10 14 0.02461007 
102 244 15 19 0.024229122 
141 234 24 33 0.02406157 
101 224 22 30 0.023883808 
279 147 13 17 0.02387383 
655 220 10 12 0.023855377 
206 195 10 15 0.0237365 
185 233 24 31 0.023708962 
782 105 8 10 0.02351018 
127 236 12 16 0.023461953 
356 206 13 15 0.023412824 
862 23 9 13 0.02338039 
254 146 10 13 0.022945886 
109 210 14 19 0.022932218 
632 37 8 10 0.022861563 
220 141 21 28 0.022839077 
555 241 17 23 0.022809714 
390 158 9 12 0.022763971 
857 28 9 13 0.022664154 
396 251 17 21 0.022510124 
160 237 26 35 0.022505336 
683 269 397 452 0.022445977 
550 248 14 21 0.022420987 
389 36 9 11 0.022385685 
352 103 8 10 0.022322407 
317 140 12 14 0.022190759 
585 28 9 12 0.022154871 
566 212 11 15 0.022086525 
403 518 11 13 0.022075292 
245 220 26 36 0.02203727 
227 190 13 15 0.021994313 
179 154 10 14 0.021946166 
207 187 11 15 0.021925276 
310 79 7 10 0.021841537 
208 232 23 30 0.021646036 
447 526 8 12 0.021601632 
45 201 15 20 0.021550396 
166 232 14 16 0.021452721 
550 264 14 18 0.021101816 
196 196 13 17 0.02103071 
802 101 9 13 0.020997427 
391 204 10 12 0.020970259 
271 181 10 13 0.02095675 
202 127 8 10 0.020921797 
407 501 8 10 0.02091499 
400 41 9 11 0.020742455 
165 137 10 13 0.020733777 
204 238 14 19 0.020683652 
407 495 8 10 0.020590898 
30 126 9 12 0.020539401 
366 47 8 10 0.020507373 
376 46 8 9 0.020470893 
338 180 13 17 0.020423202 
914 178 22 28 0.020242672 
327 109 8 11 0.020229345 
576 59 10 14 0.020111067 
583 213 14 19 0.020073457 
210 222 20 24 0.020073406 
190 209 17 23 0.02003991 
113 219 14 18 0.020010933 
