12_Group_Group_12_Group_Group_12_268
63
625 219 33 43 0.9987085 
218 209 35 42 0.9982843 
245 349 35 44 0.99766207 
570 222 33 44 0.9976307 
456 326 37 45 0.997609 
367 207 33 43 0.99748755 
756 210 34 43 0.99744785 
707 385 36 46 0.9971253 
149 262 32 42 0.99682295 
585 363 37 46 0.9962393 
894 210 35 45 0.9961026 
486 191 32 43 0.9958925 
102 244 36 43 0.99518037 
702 191 30 40 0.9951751 
808 225 27 35 0.9950086 
854 230 32 41 0.99494004 
813 395 35 43 0.99491644 
913 319 35 47 0.9937901 
444 216 35 44 0.9935322 
306 244 26 34 0.98935294 
340 355 44 54 0.98237556 
155 349 38 49 0.9755873 
726 262 34 44 0.971299 
426 166 25 28 0.88675684 
241 93 22 27 0.81676006 
562 393 17 22 0.4510289 
602 201 31 39 0.34337184 
227 294 18 22 0.23058128 
155 218 16 21 0.20387022 
933 304 28 36 0.11095215 
613 208 34 41 0.0945445 
599 150 9 12 0.05856975 
548 147 12 16 0.05728504 
284 330 25 32 0.051769152 
860 364 17 22 0.04863644 
466 201 39 49 0.04416317 
823 352 178 225 0.04220692 
772 433 14 20 0.042099383 
813 126 8 11 0.03998664 
641 67 9 12 0.03948677 
858 386 17 22 0.038016595 
229 100 15 20 0.03795956 
631 151 8 11 0.03557312 
131 250 41 50 0.034082815 
655 150 8 11 0.030946886 
278 314 32 38 0.028926304 
243 87 17 20 0.028840125 
313 391 28 36 0.028276024 
683 150 11 16 0.027032489 
871 214 34 49 0.02639308 
551 148 24 34 0.025504043 
-129 126 400 471 0.025207212 
148 248 28 36 0.025179496 
544 139 21 31 0.025035786 
419 218 17 21 0.024040319 
862 414 14 19 0.02358658 
439 167 18 24 0.022953467 
424 62 23 29 0.022032123 
81 262 381 518 0.021728044 
563 162 15 20 0.021668825 
655 143 9 12 0.021555549 
282 344 28 33 0.021405729 
630 182 29 33 0.020260807 
