12_Group_Team_Organized_Group_12_Group_Team_Organized_Group_12_868
17
445 85 84 121 0.9985536 
19 138 196 284 0.05218338 
687 116 13 16 0.050289746 
735 72 11 13 0.048876327 
795 101 13 16 0.030530691 
929 5 27 33 0.02584702 
709 131 12 15 0.025509827 
663 177 13 14 0.025243502 
671 158 10 13 0.025125656 
281 415 50 61 0.023969816 
589 101 12 16 0.02396584 
727 126 11 14 0.02345143 
267 96 26 32 0.022568112 
248 433 51 64 0.02143151 
256 415 88 118 0.021428498 
705 100 11 13 0.020198174 
0 405 33 50 0.020063473 
