12_Group_Large_Group_12_Group_Large_Group_12_94
100
647 197 64 82 0.9991084 
655 113 55 65 0.99808925 
403 137 72 87 0.9975752 
824 108 59 71 0.99701023 
202 110 75 92 0.9968567 
325 0 30 33 0.9954619 
711 1 40 40 0.9927289 
379 69 54 67 0.99061894 
698 56 42 53 0.9900287 
362 9 39 51 0.9897885 
169 77 45 61 0.9883454 
875 50 46 55 0.9768196 
513 4 65 63 0.47694963 
129 3 42 44 0.34194323 
85 45 52 63 0.3206116 
182 83 54 71 0.26320523 
346 2 39 47 0.21150203 
762 -1 35 31 0.11535351 
751 59 41 51 0.10956709 
869 25 29 37 0.1053012 
871 2 29 37 0.09632059 
480 2 58 67 0.096269496 
465 9 47 56 0.080071166 
77 19 24 30 0.0781648 
852 3 40 44 0.07736973 
948 0 34 31 0.07736078 
327 108 44 53 0.07610669 
886 1 28 30 0.07578523 
687 1 28 28 0.07485385 
414 -1 26 34 0.068451025 
48 34 32 39 0.065754406 
4 4 53 80 0.062720165 
4 50 58 85 0.060528006 
804 1 30 31 0.05913173 
695 2 16 18 0.05723556 
-1 87 28 44 0.05672185 
144 0 49 41 0.05534482 
367 45 52 68 0.053922866 
875 66 55 71 0.050145376 
931 3 52 59 0.050004616 
673 9 43 50 0.049543332 
513 8 16 18 0.048401255 
460 30 29 39 0.04734036 
31 3 36 31 0.045562442 
465 6 28 32 0.043856043 
27 15 53 69 0.043303568 
513 -1 102 105 0.043038964 
669 -3 35 37 0.04174533 
413 15 25 36 0.04120711 
244 2 55 57 0.040689103 
452 60 32 42 0.040288467 
411 31 14 20 0.040257875 
897 0 19 21 0.03836496 
834 5 43 46 0.0380192 
777 0 19 16 0.035515755 
871 39 35 49 0.034906574 
814 2 46 44 0.03337226 
494 17 65 72 0.03333773 
32 17 88 108 0.03232677 
878 -3 44 47 0.032304697 
283 -4 35 33 0.032035846 
31 3 20 20 0.030885572 
163 2 62 58 0.030650899 
741 37 45 54 0.029192004 
894 44 53 62 0.028755134 
179 52 60 73 0.028667882 
432 0 39 47 0.027765905 
914 -2 34 34 0.027372539 
0 0 28 31 0.027322568 
874 19 47 57 0.027154205 
402 28 24 32 0.02703595 
19 29 34 45 0.026839074 
112 298 29 36 0.026436023 
67 28 57 66 0.026353199 
820 122 32 42 0.0251956 
382 22 33 39 0.024861561 
790 0 26 26 0.023649873 
293 23 46 58 0.023467524 
902 42 30 41 0.023426654 
752 82 44 55 0.023396771 
802 0 19 21 0.023043865 
99 65 56 70 0.022985814 
258 -3 43 37 0.022383666 
167 22 63 68 0.022175075 
690 44 36 49 0.0218452 
497 -4 59 54 0.021816323 
17 2 30 27 0.021722615 
417 6 38 48 0.02159491 
913 37 54 62 0.021309128 
913 33 30 45 0.020552173 
115 8 47 59 0.020519521 
818 1 27 26 0.02050551 
471 -5 36 32 0.02047188 
47 7 60 58 0.020420684 
15 -3 61 58 0.020388247 
814 20 44 55 0.020334497 
452 33 45 62 0.020322457 
732 11 47 51 0.020282812 
58 24 31 37 0.020265618 
241 -1 40 36 0.020144762 
