12_Group_Group_12_Group_Group_12_478
33
435 276 67 82 0.9900388 
327 287 77 89 0.9894174 
161 243 64 74 0.9492379 
562 240 57 61 0.90993065 
725 94 189 241 0.8813597 
463 44 185 238 0.78282857 
63 498 15 19 0.14034605 
641 325 96 129 0.1047242 
83 480 34 41 0.097988814 
531 39 217 276 0.05983795 
787 262 73 76 0.059303176 
622 -6 326 419 0.05522386 
85 112 140 111 0.05091427 
1010 770 13 17 0.04881693 
509 123 82 105 0.04678936 
23 675 12 14 0.044840652 
79 94 221 198 0.044109333 
61 486 28 31 0.042169254 
81 -2 360 423 0.03901587 
439 297 96 128 0.038438812 
400 272 79 101 0.033757154 
142 403 16 19 0.03332621 
758 308 65 69 0.03197048 
760 218 117 128 0.031249495 
788 143 159 154 0.031064609 
151 202 102 112 0.024614576 
155 119 123 133 0.024494395 
542 206 88 103 0.024209378 
749 324 199 244 0.023338664 
655 373 54 85 0.020503538 
421 272 33 40 0.020294193 
455 -17 373 450 0.020048846 
235 230 56 62 0.020021796 
