12_Group_Large_Group_12_Group_Large_Group_12_43
72
705 267 31 41 0.9996562 
815 249 30 37 0.99873286 
225 231 38 49 0.9978116 
451 223 27 36 0.9978065 
645 269 36 46 0.99766374 
778 292 30 37 0.9974131 
187 209 34 42 0.9969959 
743 252 28 33 0.99636745 
543 247 29 34 0.9960156 
384 280 33 42 0.9959485 
341 216 28 36 0.99593425 
897 282 38 42 0.9958603 
565 270 37 47 0.9955882 
615 232 28 37 0.9944623 
474 268 31 39 0.9943235 
683 216 22 29 0.9936446 
100 237 40 50 0.98925626 
546 209 19 23 0.983362 
486 207 21 26 0.9577382 
405 206 17 22 0.78841674 
642 221 15 19 0.4875077 
331 197 13 17 0.4208847 
299 192 17 21 0.32341284 
305 187 21 26 0.15167083 
853 348 15 18 0.14579445 
642 194 16 19 0.084784456 
315 188 13 16 0.08099509 
647 224 16 20 0.07440815 
516 461 21 28 0.071186334 
897 644 21 30 0.065561876 
724 258 34 45 0.06288764 
311 207 22 25 0.054504268 
308 197 22 25 0.053626057 
340 187 12 16 0.04441929 
410 198 15 20 0.042691607 
356 126 13 17 0.04016056 
688 386 104 182 0.039551266 
332 211 13 18 0.03941226 
311 501 14 19 0.037822813 
304 165 10 14 0.037613053 
436 166 10 14 0.037412867 
311 278 28 45 0.036681384 
325 216 14 18 0.034990944 
332 187 21 26 0.03453829 
327 188 12 17 0.033955585 
843 405 21 29 0.033604074 
349 196 12 15 0.031356715 
494 573 11 13 0.030223768 
674 261 25 32 0.029649649 
638 214 14 17 0.028984146 
326 183 11 14 0.02836673 
293 198 16 19 0.027997494 
487 566 9 13 0.02733954 
389 200 20 27 0.026755985 
411 207 20 24 0.026174404 
639 201 15 18 0.026041137 
207 218 43 50 0.025549654 
699 198 14 17 0.025417253 
333 183 12 15 0.023782609 
614 315 164 272 0.023623876 
356 253 24 30 0.02360394 
332 199 20 25 0.023370733 
628 220 24 31 0.022559425 
639 189 15 18 0.02217746 
436 187 15 19 0.021496713 
545 172 10 13 0.021474564 
476 172 11 14 0.020855129 
455 167 11 14 0.02061332 
287 201 13 17 0.02045081 
363 171 14 18 0.020392591 
446 183 12 17 0.020199165 
303 480 14 19 0.020192787 
