12_Group_Group_12_Group_Group_12_379
63
869 172 29 37 0.99968183 
331 242 32 42 0.9990011 
155 243 31 41 0.9989692 
893 228 33 43 0.9989687 
629 230 33 40 0.99865913 
187 102 34 41 0.99865085 
534 166 30 37 0.9986432 
285 112 28 35 0.99862695 
431 153 33 41 0.9985948 
79 232 33 40 0.99856585 
535 234 32 40 0.9985512 
845 116 29 36 0.998403 
382 118 27 33 0.99833447 
480 120 32 40 0.9982999 
424 247 34 43 0.9982667 
522 112 30 37 0.998226 
733 220 33 39 0.9980101 
791 106 27 34 0.99773127 
295 168 27 35 0.9976624 
242 234 30 39 0.9975383 
799 241 33 40 0.99749714 
155 187 29 35 0.9974004 
359 156 28 35 0.9972516 
579 135 29 34 0.9969874 
763 155 29 38 0.9968707 
664 124 28 34 0.9967841 
614 113 26 33 0.99637383 
728 131 27 34 0.9960955 
636 179 27 34 0.99517196 
226 176 26 33 0.9806239 
416 99 28 33 0.97429615 
278 417 13 18 0.29441783 
667 241 25 33 0.14249106 
733 518 18 22 0.095269084 
-2 417 49 78 0.061804987 
228 271 22 32 0.05641635 
492 197 381 480 0.055736247 
765 112 23 30 0.05533065 
620 233 28 34 0.051889624 
1004 438 16 24 0.04395338 
736 509 16 18 0.04174166 
872 404 12 17 0.04071094 
774 396 12 16 0.03388954 
376 183 315 443 0.03203243 
503 113 33 46 0.031617675 
38 411 16 18 0.030529393 
653 114 28 35 0.02823315 
776 108 25 32 0.027229073 
655 237 26 35 0.02679992 
721 122 27 35 0.025525711 
609 235 23 31 0.024302812 
736 463 10 14 0.023870328 
674 249 24 34 0.023192786 
689 110 24 29 0.023081135 
641 113 25 32 0.022672158 
832 248 22 31 0.02202141 
417 116 24 31 0.021341786 
292 491 14 18 0.0211116 
775 329 35 50 0.020952748 
1004 264 17 25 0.02089232 
714 120 16 21 0.020681925 
766 181 27 31 0.020390695 
803 513 16 18 0.020331986 
