12_Group_Team_Organized_Group_12_Group_Team_Organized_Group_12_759
26
447 292 94 124 0.9979961 
700 299 80 105 0.9964001 
213 298 78 134 0.9857826 
635 353 51 62 0.22211234 
622 436 27 34 0.17959587 
656 329 32 40 0.13570704 
250 317 65 118 0.100115 
180 48 32 38 0.09431722 
526 372 44 57 0.067966305 
651 331 47 67 0.062234037 
613 352 42 57 0.061350293 
138 295 166 233 0.051042788 
611 335 28 47 0.05015965 
605 411 22 32 0.04602584 
12 47 178 259 0.04463841 
728 531 32 36 0.041472 
617 434 45 56 0.039473318 
673 328 26 41 0.036227807 
618 325 28 43 0.031499747 
535 365 28 44 0.02576387 
-22 -30 369 433 0.024524163 
942 446 12 16 0.022715088 
644 485 16 19 0.021524722 
610 451 52 69 0.020624839 
687 324 29 45 0.020443156 
685 301 54 77 0.020071374 
