12_Group_Large_Group_12_Group_Large_Group_12_1007
95
447 200 32 40 0.99731296 
368 232 38 51 0.99603397 
6 160 28 32 0.9956981 
258 149 33 38 0.99554706 
529 198 38 46 0.9900277 
344 168 32 37 0.988813 
110 143 28 33 0.9819103 
634 212 39 48 0.97086215 
975 198 22 25 0.9120928 
226 199 34 50 0.90899414 
599 220 23 30 0.31891552 
679 238 47 66 0.2954466 
162 156 13 17 0.2212118 
497 226 18 23 0.20248301 
414 171 13 16 0.09722135 
648 214 43 58 0.09371475 
650 338 18 22 0.06898747 
244 102 27 32 0.06715575 
755 174 15 18 0.06443433 
536 606 44 50 0.057483442 
604 182 12 14 0.057064217 
664 229 47 61 0.055911243 
502 215 22 30 0.052451883 
734 150 10 12 0.050121523 
771 243 15 23 0.04848161 
811 171 15 19 0.048004914 
704 237 54 66 0.047681235 
997 347 26 37 0.046472058 
810 184 15 17 0.04289725 
957 22 9 12 0.041349813 
504 232 26 30 0.041055456 
717 162 10 14 0.04067176 
756 165 13 14 0.040366214 
589 225 16 20 0.039780013 
743 166 9 12 0.03911701 
946 217 13 18 0.03652193 
156 148 22 28 0.03619825 
772 192 12 16 0.035180066 
965 202 22 27 0.03438216 
933 53 9 11 0.032143857 
750 164 11 12 0.030998072 
659 153 45 52 0.030941913 
788 165 11 15 0.030348029 
659 146 25 33 0.030051082 
741 172 11 15 0.029817417 
44 116 11 13 0.029699972 
510 172 9 13 0.029687833 
830 44 10 11 0.029546952 
254 421 11 16 0.029084643 
589 229 27 34 0.028312381 
419 168 11 14 0.02769144 
957 173 12 16 0.027322305 
406 164 14 17 0.027313495 
769 57 8 9 0.027235566 
733 167 11 13 0.027002228 
642 181 49 65 0.026805257 
239 111 45 54 0.026479675 
928 54 9 11 0.02615019 
678 112 11 14 0.025853088 
941 167 11 14 0.025659915 
807 611 11 14 0.025639925 
514 215 15 21 0.02560976 
935 48 8 10 0.025385484 
957 203 13 19 0.025236359 
798 156 10 14 0.024794407 
966 62 10 11 0.024599604 
95 65 10 14 0.024434956 
603 260 17 19 0.023965493 
725 117 9 11 0.023925606 
766 186 15 19 0.023669517 
999 40 11 13 0.023603009 
698 140 16 21 0.023599267 
623 315 12 16 0.02322937 
402 178 18 20 0.022981908 
957 83 13 16 0.022614103 
210 211 42 61 0.022594182 
231 90 47 55 0.022479877 
720 112 9 12 0.022443973 
957 165 12 15 0.022357676 
935 190 11 14 0.022224946 
798 80 11 13 0.022093294 
539 142 12 17 0.021763429 
445 158 11 14 0.021504283 
949 205 13 18 0.021358484 
772 237 27 36 0.021272019 
675 171 15 20 0.021149853 
985 54 10 12 0.02104183 
732 171 14 16 0.02085336 
486 216 22 29 0.020837113 
943 46 9 11 0.020818481 
986 339 31 35 0.020674381 
905 54 9 11 0.020641847 
671 164 27 31 0.020638682 
733 156 11 14 0.020074667 
727 51 9 12 0.020017523 
