12_Group_Team_Organized_Group_12_Group_Team_Organized_Group_12_60
49
416 257 51 69 0.99820006 
520 231 56 74 0.99819666 
823 74 54 67 0.99771935 
661 115 53 65 0.9966568 
445 169 34 47 0.99565244 
299 156 35 42 0.9952361 
186 150 34 39 0.9951428 
593 150 39 48 0.99492395 
194 183 48 58 0.9939585 
111 156 44 53 0.99008536 
522 154 41 54 0.98613536 
16 180 50 56 0.98542285 
371 168 41 52 0.98474485 
653 183 56 72 0.98319626 
759 120 42 47 0.9437469 
924 2 79 59 0.8105061 
402 536 73 57 0.22738473 
325 469 50 61 0.20667072 
108 588 11 15 0.1257571 
655 145 58 81 0.120694794 
933 13 82 86 0.0832289 
354 326 14 19 0.0702976 
395 265 51 66 0.065711066 
951 536 30 37 0.063717164 
113 357 24 30 0.05458179 
507 517 33 40 0.046463616 
981 498 10 15 0.04233878 
103 365 13 15 0.039153833 
968 202 54 97 0.035421968 
977 147 35 41 0.034260374 
390 518 119 91 0.033162802 
961 551 17 21 0.02954428 
626 405 31 45 0.027691862 
792 255 41 63 0.027278513 
374 532 61 60 0.02668939 
69 215 25 38 0.026153542 
378 270 45 59 0.024498258 
939 -2 46 38 0.024184901 
356 530 13 16 0.02385123 
111 490 11 16 0.023742575 
108 363 17 20 0.02370506 
-162 152 433 488 0.023656266 
167 500 10 13 0.02304671 
412 365 207 256 0.022436848 
703 125 28 39 0.02130206 
343 326 22 27 0.021008028 
246 212 13 19 0.020959064 
554 343 44 56 0.020706436 
574 259 15 21 0.02048112 
