12_Group_Team_Organized_Group_12_Group_Team_Organized_Group_12_503
43
490 73 33 40 0.99935883 
866 199 37 45 0.99935013 
952 204 35 43 0.998946 
881 112 34 42 0.9988607 
430 189 33 44 0.99856526 
655 78 34 42 0.9985495 
96 104 35 39 0.998386 
267 104 32 40 0.9983342 
297 55 29 35 0.99812585 
328 87 36 45 0.9977901 
627 49 31 41 0.9977642 
722 100 35 40 0.99747413 
574 79 33 38 0.99743783 
408 74 34 41 0.9974159 
748 64 28 33 0.99618185 
189 95 34 42 0.99608576 
755 201 38 46 0.99593323 
797 93 35 40 0.99579716 
644 207 34 40 0.99562126 
242 196 34 42 0.99551857 
558 39 28 33 0.99503493 
434 42 24 31 0.9949345 
229 43 26 32 0.9946854 
136 173 38 44 0.99431926 
542 179 40 52 0.9934362 
157 51 27 33 0.99322927 
488 26 28 32 0.9928241 
337 205 34 41 0.99260724 
366 46 29 31 0.98863274 
25 178 43 53 0.98703545 
689 67 26 31 0.9818565 
885 71 27 30 0.98180723 
830 64 27 34 0.9717541 
328 388 26 29 0.04377649 
-1 304 11 23 0.04189772 
313 247 32 46 0.041028652 
334 390 15 18 0.033738498 
734 83 35 45 0.032878574 
772 100 22 30 0.029934268 
158 93 26 35 0.027339052 
122 92 25 33 0.02174846 
490 22 20 23 0.021212772 
669 71 36 43 0.021193672 
