12_Group_Group_12_Group_Group_12_80
66
931 132 30 40 0.99915886 
768 282 34 45 0.9989806 
282 116 33 40 0.9989716 
71 142 31 40 0.9989592 
131 113 32 39 0.99889576 
405 104 31 38 0.99854577 
640 117 31 39 0.99841654 
303 302 33 41 0.9983931 
348 127 32 38 0.9983809 
595 114 29 38 0.9982724 
836 167 30 40 0.997801 
803 117 31 38 0.99772435 
467 122 35 41 0.997592 
873 282 30 39 0.9970804 
703 122 30 36 0.9966259 
221 127 32 39 0.9963426 
539 224 36 42 0.99568886 
420 227 34 43 0.99559057 
181 291 40 50 0.9955884 
523 99 29 37 0.9950094 
651 218 35 44 0.9919517 
848 306 22 27 0.1731985 
778 378 24 35 0.13472852 
317 131 15 20 0.051226765 
36 116 11 13 0.04295879 
165 124 14 20 0.038932752 
789 335 25 31 0.038235005 
716 369 22 29 0.037667662 
741 101 14 16 0.037200596 
105 145 22 29 0.03672319 
1003 0 14 13 0.036165033 
685 128 25 33 0.034744248 
646 68 14 17 0.032497145 
364 276 11 14 0.031649377 
482 265 15 17 0.031238217 
662 193 27 32 0.031066602 
666 112 22 31 0.029960206 
34 109 10 13 0.028943524 
558 99 13 17 0.028260233 
165 74 13 15 0.02745639 
329 419 34 36 0.027327156 
819 68 11 14 0.027192224 
844 155 14 18 0.02702336 
256 260 37 50 0.026333306 
523 73 15 17 0.02622126 
1004 206 12 15 0.026077548 
303 91 23 28 0.025738304 
961 90 16 18 0.024990616 
677 121 14 17 0.02462392 
573 115 14 19 0.024403034 
32 103 9 12 0.024253465 
565 95 14 18 0.024199104 
675 126 21 31 0.024152007 
1012 157 11 15 0.023820654 
755 336 25 30 0.023534566 
506 90 15 17 0.023402821 
323 101 23 27 0.02277198 
563 113 21 28 0.022717742 
588 83 12 16 0.022582242 
659 90 14 16 0.021923123 
428 359 26 35 0.021641394 
125 0 27 26 0.021072924 
652 86 14 17 0.020685816 
869 94 9 12 0.020329047 
355 293 25 30 0.020272985 
358 290 15 18 0.020160137 
