12_Group_Group_12_Group_Group_12_10
29
668 326 62 83 0.9995221 
84 109 63 82 0.99932086 
684 123 54 67 0.99928385 
554 390 62 74 0.9989826 
81 303 65 84 0.9989083 
247 119 55 71 0.9989073 
772 93 53 70 0.9988921 
912 137 60 74 0.99861836 
291 341 60 76 0.99861574 
379 146 51 60 0.9983353 
854 337 75 95 0.9975883 
543 105 47 62 0.996988 
861 202 40 46 0.84518284 
579 46 22 26 0.81275123 
474 442 35 47 0.5646065 
876 113 53 67 0.08038025 
827 373 24 40 0.051115695 
950 424 16 24 0.037348766 
823 357 45 64 0.035153054 
602 90 30 34 0.03301107 
535 592 122 122 0.031123986 
890 129 54 71 0.030461144 
392 625 52 62 0.028905502 
293 109 33 48 0.027182166 
876 175 46 60 0.025742494 
851 100 58 71 0.025272196 
429 641 17 19 0.02393604 
173 390 34 46 0.02311655 
131 266 369 444 0.020748716 
