12_Group_Group_12_Group_Group_12_732
28
465 255 29 38 0.9977081 
589 230 28 36 0.99187404 
820 199 26 34 0.98506296 
698 220 27 32 0.7494354 
223 145 31 38 0.42361408 
769 202 21 29 0.21008343 
340 177 28 38 0.20774971 
168 151 61 72 0.13980408 
567 235 23 28 0.10004408 
143 125 97 117 0.076070055 
177 169 41 40 0.056497276 
483 307 203 220 0.051641703 
270 320 212 245 0.046064597 
577 236 29 34 0.03931289 
740 149 13 18 0.038281765 
347 167 26 35 0.03120723 
578 361 50 72 0.030818587 
302 201 351 442 0.0291222 
501 181 21 35 0.028845828 
698 154 14 17 0.028624758 
711 228 19 24 0.02778801 
786 211 13 16 0.027510267 
841 208 16 21 0.02556565 
441 172 349 436 0.024106791 
439 336 14 18 0.023294767 
685 202 44 53 0.023090757 
450 257 15 19 0.022354616 
178 197 55 73 0.020873966 
