12_Group_Group_12_Group_Group_12_935
1283
461 529 23 30 0.9862381 
52 192 17 22 0.9845599 
260 411 22 29 0.98304164 
219 569 17 24 0.9789975 
441 407 18 24 0.9757272 
234 319 19 23 0.97144955 
328 59 18 23 0.97046757 
633 190 20 25 0.96885586 
628 603 24 29 0.9687969 
297 191 18 23 0.96783674 
299 154 18 24 0.9664482 
648 158 18 24 0.9663586 
771 126 17 24 0.9659715 
1002 87 18 24 0.96485794 
19 604 21 28 0.9634372 
242 453 20 24 0.96257985 
363 1 20 23 0.9621517 
881 117 19 25 0.9618277 
627 3 19 22 0.96119285 
653 312 21 26 0.9577631 
113 535 18 23 0.9554765 
772 323 16 21 0.95460993 
354 277 19 25 0.95414454 
760 421 21 28 0.9538162 
401 558 23 29 0.95331275 
499 64 18 22 0.9527163 
390 57 21 28 0.95189714 
718 558 19 25 0.9515063 
700 391 19 25 0.95103675 
221 525 20 27 0.95095736 
532 528 19 24 0.94946957 
72 600 21 27 0.9493333 
523 392 18 23 0.94892263 
524 607 17 21 0.9484525 
568 220 19 24 0.9470098 
49 527 18 23 0.9466025 
65 156 17 25 0.945015 
59 635 22 29 0.9445938 
482 114 19 22 0.9444184 
941 422 21 29 0.94314355 
560 422 20 25 0.9416741 
17 563 20 27 0.9407487 
950 319 20 25 0.94043005 
574 393 20 24 0.9404207 
90 86 20 27 0.94005024 
916 500 22 28 0.9388407 
454 1 20 25 0.93875104 
1003 462 20 31 0.9381907 
280 387 18 22 0.93705666 
755 176 19 25 0.93685645 
132 278 21 28 0.9364979 
943 112 19 25 0.93614197 
419 95 18 24 0.9353256 
82 573 19 24 0.9352978 
618 426 20 25 0.93476695 
297 321 17 22 0.9346103 
892 635 21 26 0.93375826 
704 286 19 25 0.9333196 
275 599 18 22 0.9322974 
356 150 19 25 0.92973423 
440 58 19 26 0.92917556 
808 665 20 25 0.9287103 
219 384 18 26 0.9287014 
959 564 21 26 0.92789316 
740 -1 18 20 0.92770547 
758 379 21 27 0.9273811 
174 313 21 28 0.92658854 
141 599 21 27 0.9260988 
204 602 20 25 0.9259365 
203 288 20 25 0.92501414 
463 561 21 28 0.92473686 
678 490 20 27 0.9247242 
867 461 20 25 0.9246832 
121 631 21 28 0.923717 
662 62 17 23 0.92274535 
216 62 18 23 0.9221268 
16 109 19 25 0.9221005 
912 25 19 23 0.92153454 
812 427 22 28 0.9214237 
187 -2 20 22 0.9210566 
820 94 19 25 0.92071354 
695 595 22 29 0.9198489 
784 287 18 22 0.9197729 
408 349 21 27 0.9195973 
613 286 19 24 0.9186732 
40 393 18 24 0.91804475 
722 509 21 27 0.91784585 
512 184 19 26 0.917349 
468 158 21 27 0.91610926 
833 316 19 25 0.9147948 
133 120 23 28 0.91432 
507 -2 21 23 0.91424656 
396 382 21 27 0.91405934 
544 322 18 22 0.9134549 
716 129 19 25 0.9134527 
845 219 22 26 0.91324526 
193 638 19 26 0.9130636 
250 631 20 26 0.9099955 
902 559 21 28 0.9099791 
979 151 18 24 0.9093004 
765 641 18 21 0.9087027 
222 158 15 22 0.90812397 
647 561 20 27 0.9070389 
225 346 21 25 0.90699786 
43 425 17 23 0.9062413 
685 670 17 23 0.90540683 
688 187 18 23 0.90295637 
354 350 21 28 0.90264326 
902 62 19 24 0.9008827 
145 83 17 26 0.89961493 
541 488 20 25 0.899482 
428 290 19 23 0.8993205 
889 89 17 23 0.8972179 
5 157 20 28 0.8964632 
616 220 19 25 0.8955801 
830 607 18 23 0.89519393 
597 529 20 25 0.894929 
799 230 17 22 0.89475155 
303 286 18 23 0.894623 
356 323 18 21 0.8942782 
829 353 19 23 0.89288974 
735 453 20 28 0.89235705 
790 491 21 26 0.8913998 
653 116 19 25 0.8911216 
410 525 20 23 0.8908534 
499 497 17 21 0.89070743 
976 493 19 23 0.89028096 
532 121 22 26 0.8893819 
38 220 15 19 0.8878435 
718 350 19 23 0.88466895 
613 493 20 28 0.88334465 
912 531 18 25 0.8826481 
745 493 20 24 0.8798342 
829 384 19 25 0.8775786 
261 109 18 22 0.8774777 
771 607 17 22 0.8763804 
752 664 20 27 0.87346065 
363 92 22 28 0.87211305 
735 232 16 21 0.87202674 
685 452 19 25 0.8712492 
55 31 19 24 0.87087935 
338 562 20 28 0.87063825 
940 375 21 27 0.8704113 
240 662 21 28 0.86993414 
554 258 18 22 0.869602 
279 563 18 25 0.8682779 
20 456 20 24 0.8680118 
111 185 20 25 0.8677161 
853 24 19 23 0.86751807 
959 350 21 26 0.86723614 
507 140 17 22 0.864318 
695 149 18 24 0.86419046 
807 456 20 27 0.8636725 
317 424 20 25 0.8635713 
411 165 19 25 0.8613996 
455 189 21 27 0.85948694 
336 23 21 28 0.8584038 
872 424 22 28 0.85768485 
434 492 20 25 0.85572124 
76 493 16 19 0.8552979 
668 91 17 21 0.85523236 
550 65 17 21 0.8544794 
919 217 20 26 0.8535873 
983 244 21 27 0.8514902 
682 5 17 22 0.85050035 
362 117 20 26 0.8503905 
373 656 22 30 0.84870064 
965 29 20 28 0.8484879 
30 90 20 25 0.84677047 
326 255 13 17 0.84514445 
923 243 19 26 0.84463054 
555 287 20 24 0.8431413 
596 349 18 23 0.84003115 
973 525 20 27 0.8390407 
155 349 21 26 0.8381184 
97 355 19 25 0.8377044 
511 628 21 27 0.83750665 
615 255 19 21 0.8355368 
844 529 20 25 0.8337095 
842 554 22 27 0.83304566 
120 154 21 26 0.830166 
114 485 18 22 0.82899904 
293 492 19 26 0.8284248 
284 29 19 25 0.8256504 
827 641 20 24 0.82293415 
932 150 18 23 0.821938 
478 324 15 17 0.8209705 
740 258 21 26 0.8197005 
113 673 19 23 0.818973 
859 488 19 23 0.818323 
387 642 17 23 0.81776893 
112 315 22 26 0.8159803 
362 484 17 23 0.81594604 
937 470 19 25 0.81123084 
169 538 18 23 0.809689 
68 319 20 26 0.80872935 
205 93 17 22 0.80764425 
548 91 17 22 0.80685943 
36 353 21 25 0.8043201 
440 646 21 26 0.80421495 
234 489 17 21 0.80370927 
490 292 18 20 0.79775304 
430 456 21 25 0.7973322 
684 216 20 26 0.7962767 
660 539 17 20 0.79479635 
719 31 18 22 0.7946162 
889 665 19 26 0.793734 
339 385 19 24 0.7880244 
152 566 19 24 0.78624135 
529 160 21 26 0.78211486 
802 0 20 21 0.77674896 
668 354 21 27 0.7736202 
430 592 22 28 0.77306503 
533 355 22 27 0.7718581 
400 20 19 23 0.7703833 
284 345 21 27 0.7695469 
624 664 20 27 0.7673941 
586 564 18 23 0.76161087 
357 192 17 21 0.76002043 
262 252 16 19 0.7583961 
580 610 19 22 0.7521279 
507 457 20 26 0.7502018 
378 419 20 26 0.74837816 
74 292 17 21 0.74747366 
615 64 19 23 0.7411954 
631 379 21 25 0.74108523 
247 136 13 17 0.73681146 
511 426 20 23 0.72770077 
987 192 21 26 0.72711337 
214 1 16 18 0.7233499 
301 90 20 26 0.71964717 
36 267 19 22 0.7141701 
0 46 16 26 0.71187216 
-2 636 17 28 0.710143 
898 363 18 25 0.7061425 
949 611 20 25 0.6980416 
381 611 21 24 0.6954756 
482 91 15 19 0.6895675 
892 321 19 24 0.6790909 
926 -2 18 21 0.6786763 
781 88 13 16 0.67531776 
783 564 18 23 0.67424464 
427 114 21 25 0.67125684 
690 428 19 22 0.6699572 
148 388 18 24 0.66137207 
372 459 17 21 0.6609723 
321 538 17 22 0.65894127 
592 161 17 22 0.65715605 
569 645 17 22 0.64998525 
819 181 19 22 0.64833045 
696 647 18 21 0.643655 
613 456 19 26 0.6377256 
563 461 19 23 0.63553303 
121 14 19 25 0.6334079 
778 529 18 21 0.63083494 
181 174 19 25 0.6298545 
-1 488 13 23 0.62915355 
476 347 19 27 0.61811084 
970 293 17 21 0.6107922 
1006 120 18 28 0.60385716 
420 329 16 19 0.59917843 
1000 677 17 21 0.58228195 
894 610 15 19 0.575799 
787 26 19 22 0.5757673 
605 93 17 21 0.5699907 
841 288 16 19 0.5684802 
1007 390 17 27 0.55404186 
593 134 17 20 0.55240905 
-1 24 10 20 0.5334606 
960 65 17 21 0.5243572 
306 127 16 19 0.51987374 
461 387 20 25 0.519559 
631 640 21 28 0.51293904 
173 666 21 25 0.502826 
378 647 23 29 0.49956286 
949 93 15 18 0.4992828 
552 669 18 22 0.49921042 
386 207 16 20 0.47971228 
489 263 15 19 0.46172082 
654 222 16 21 0.4594975 
594 315 20 26 0.45769835 
230 196 16 20 0.453291 
864 -2 17 16 0.44905418 
522 570 22 26 0.43775225 
171 187 14 20 0.4203977 
459 52 16 20 0.42020684 
141 509 14 17 0.40908158 
808 616 16 21 0.40665725 
973 225 21 27 0.40064946 
194 245 14 16 0.39994204 
245 532 13 18 0.3961424 
826 69 15 20 0.39089537 
778 353 15 19 0.38313213 
569 202 17 21 0.37866953 
405 205 13 18 0.3737786 
875 376 15 19 0.3672444 
779 61 14 20 0.36153474 
9 -1 16 17 0.36103237 
315 458 22 27 0.35722157 
14 229 12 16 0.34488356 
1011 6 11 19 0.34463835 
164 532 17 21 0.34102005 
421 103 21 30 0.33594224 
338 482 13 18 0.334043 
745 65 16 20 0.33367786 
61 0 14 15 0.32996708 
675 272 13 17 0.3263509 
192 448 16 19 0.32244727 
325 599 16 21 0.32226133 
995 60 17 21 0.3183143 
743 143 13 17 0.301488 
460 250 12 16 0.28453457 
1012 325 11 18 0.28005448 
51 675 21 27 0.27823237 
845 670 12 16 0.27608535 
262 90 14 17 0.27016598 
635 93 15 20 0.2675858 
166 23 16 18 0.26638302 
323 626 15 21 0.2602514 
438 260 14 18 0.258867 
893 0 15 20 0.25763103 
508 662 15 19 0.25762984 
223 261 12 15 0.25742298 
894 211 17 22 0.2532122 
187 426 16 20 0.24850819 
899 289 18 22 0.23747218 
413 210 13 19 0.23666796 
730 84 14 19 0.23569937 
178 480 13 17 0.22816032 
19 291 17 20 0.21959114 
213 186 14 20 0.21822003 
346 554 16 21 0.21361473 
402 130 17 21 0.20981279 
512 573 21 25 0.20738326 
171 117 13 19 0.20279914 
221 497 15 19 0.20236853 
851 391 15 20 0.20117725 
555 155 15 19 0.20041548 
324 149 14 19 0.1990255 
854 169 14 19 0.19773568 
0 192 9 18 0.18592803 
293 1 16 19 0.1855882 
302 472 15 20 0.18292004 
162 81 23 27 0.18019705 
500 392 14 18 0.17465812 
27 296 14 18 0.17296465 
205 27 13 16 0.17224817 
394 208 16 20 0.17099433 
278 20 15 18 0.17057534 
563 638 15 18 0.16542469 
594 122 15 18 0.1644368 
316 532 17 21 0.16398299 
307 259 13 17 0.16078855 
212 28 13 17 0.15536003 
840 387 21 26 0.1536432 
530 453 15 17 0.15077236 
364 242 16 21 0.15076043 
263 194 14 18 0.14840835 
681 521 17 20 0.14572296 
291 360 16 20 0.14068694 
539 14 15 21 0.13900697 
996 122 21 26 0.13745974 
471 120 15 18 0.13683543 
420 267 12 16 0.13472088 
317 470 16 20 0.13435811 
133 -2 16 16 0.13377254 
855 268 14 16 0.13332082 
526 327 15 19 0.13204744 
308 463 19 25 0.131418 
476 340 16 20 0.13131888 
810 58 17 21 0.130799 
-1 671 11 22 0.13029355 
90 34 15 18 0.12910601 
881 192 15 21 0.12790816 
670 63 17 22 0.12726031 
644 445 13 18 0.12717855 
99 0 13 13 0.12700292 
826 487 16 23 0.12669341 
533 568 20 23 0.12527071 
272 496 16 21 0.12440667 
390 321 14 17 0.12109082 
226 492 18 22 0.11873486 
144 514 15 18 0.11833733 
943 229 13 17 0.11260351 
359 229 12 16 0.11096612 
499 244 20 25 0.109233655 
2 375 15 21 0.10794799 
430 0 12 12 0.1067529 
978 83 12 15 0.10632783 
504 425 16 20 0.106211625 
576 323 16 19 0.10615845 
162 0 14 14 0.10562303 
270 476 14 18 0.10544019 
367 617 11 15 0.10524775 
227 264 13 16 0.10493483 
176 646 24 27 0.10375341 
566 396 21 26 0.102997944 
500 665 15 18 0.10269067 
580 152 16 21 0.10057295 
485 452 14 19 0.09973076 
262 99 16 18 0.09786431 
656 232 15 20 0.097607955 
253 188 12 16 0.09742935 
208 188 12 17 0.09703623 
606 199 14 19 0.09694261 
813 155 11 15 0.09682399 
491 492 18 24 0.09646309 
731 534 15 20 0.0963262 
363 235 14 17 0.094156995 
920 0 15 18 0.0904403 
558 567 20 26 0.090374075 
565 197 16 21 0.09031504 
455 331 15 19 0.08863311 
307 671 17 21 0.08776558 
788 347 15 20 0.08666041 
212 40 16 20 0.086344175 
233 163 14 18 0.086182006 
1011 51 12 18 0.08598685 
448 57 18 23 0.08574814 
-2 320 11 20 0.08570097 
942 684 22 26 0.08465462 
631 484 14 17 0.08460809 
359 51 14 17 0.08435163 
245 173 12 16 0.0838488 
541 566 15 19 0.08320062 
597 91 17 21 0.08319374 
469 327 20 24 0.08259605 
442 196 20 28 0.081888214 
200 1 21 21 0.08162343 
153 82 16 24 0.08109388 
798 137 11 16 0.08042266 
716 216 14 20 0.080221266 
571 563 22 28 0.08009905 
767 317 16 19 0.07906153 
874 413 19 24 0.07889337 
901 125 13 17 0.07864877 
459 335 15 20 0.07803932 
311 659 12 14 0.077471875 
517 91 14 19 0.07741287 
710 353 22 27 0.07715286 
692 61 12 17 0.07660513 
704 557 20 26 0.07586179 
804 64 15 19 0.07570978 
122 473 16 20 0.075167336 
398 228 13 16 0.07508339 
108 616 16 19 0.074791655 
55 421 20 25 0.07432203 
265 2 16 19 0.07431544 
530 320 20 24 0.07424359 
835 163 14 18 0.07395711 
0 252 8 14 0.073015474 
892 356 16 19 0.07220753 
641 98 14 19 0.07218811 
815 297 12 17 0.071960695 
843 266 14 17 0.07118374 
230 191 13 16 0.07117617 
996 25 16 22 0.07057342 
1 161 13 20 0.07017021 
788 3 15 19 0.07003907 
324 55 15 18 0.069267735 
685 660 15 19 0.06850857 
787 11 13 17 0.06840088 
556 381 13 17 0.06800799 
221 629 14 18 0.06798499 
708 35 21 26 0.067777134 
165 437 12 16 0.06763335 
238 170 12 16 0.0674882 
298 -1 14 14 0.06731268 
818 60 16 20 0.06685182 
638 336 22 29 0.066800885 
499 187 21 28 0.06673451 
586 140 21 25 0.06666054 
27 194 14 19 0.06665159 
990 113 14 18 0.06660522 
678 2 15 16 0.065648444 
268 481 20 27 0.065333374 
685 257 12 16 0.065069646 
989 122 16 20 0.06463682 
449 632 20 28 0.06414873 
981 629 10 13 0.06413615 
373 617 16 19 0.064052746 
939 632 12 16 0.0639569 
169 653 22 28 0.063917 
476 74 13 15 0.06241939 
65 419 15 20 0.062168457 
432 605 19 24 0.061955817 
478 456 15 20 0.061345592 
296 80 20 28 0.060896836 
783 19 15 20 0.060629737 
683 526 20 25 0.06060414 
115 476 17 20 0.06059468 
229 528 22 27 0.060569614 
427 95 21 27 0.060435947 
718 666 14 19 0.060335312 
164 146 15 18 0.059974108 
903 209 19 26 0.05979574 
494 387 15 20 0.05956165 
611 90 20 25 0.059405375 
860 467 22 26 0.059274517 
942 74 14 17 0.059048377 
284 12 16 20 0.059036244 
146 521 14 19 0.05894865 
522 454 21 26 0.058911216 
943 97 19 23 0.058387056 
236 0 15 14 0.05823551 
821 485 15 18 0.057995014 
301 674 15 18 0.057949614 
703 65 13 16 0.05759153 
317 194 13 18 0.057377122 
276 539 13 19 0.05732347 
189 212 12 14 0.057297863 
542 9 21 24 0.05727049 
990 675 22 29 0.057156235 
358 594 16 20 0.05695324 
609 63 16 23 0.05687555 
437 203 15 19 0.05678645 
815 172 14 18 0.05673062 
318 631 16 20 0.056567594 
1003 53 18 28 0.056406867 
995 329 17 20 0.056273635 
625 71 14 17 0.05613444 
493 444 15 17 0.056104686 
492 1 16 20 0.05599957 
344 278 20 29 0.055633772 
62 319 18 22 0.055453856 
516 42 15 21 0.055423953 
182 433 13 18 0.05495058 
175 0 23 23 0.054726668 
189 237 16 21 0.05471456 
532 580 15 20 0.054488562 
355 632 13 18 0.054369926 
937 57 16 21 0.054338396 
902 54 14 16 0.05429865 
759 586 14 19 0.054268118 
460 627 14 19 0.054107137 
137 631 21 28 0.05394632 
529 614 15 19 0.053843778 
867 313 15 20 0.0538028 
950 251 14 19 0.053553306 
175 211 10 13 0.052943926 
367 419 15 20 0.05293546 
880 367 21 25 0.052834693 
166 211 14 16 0.052722953 
782 275 15 18 0.052584473 
515 268 14 16 0.052570574 
157 307 13 17 0.05236411 
844 136 14 18 0.05211793 
1006 328 15 19 0.051909022 
162 490 13 17 0.051904872 
28 189 12 15 0.05168199 
362 192 23 28 0.051672176 
631 374 15 18 0.051591262 
743 234 16 20 0.051317997 
806 115 13 17 0.051236264 
622 645 23 28 0.051190928 
219 178 14 18 0.051094897 
260 187 14 19 0.051040597 
263 477 13 18 0.05077567 
458 284 14 18 0.0507297 
852 485 18 23 0.050510988 
8 49 16 22 0.050319966 
839 132 13 17 0.0502794 
324 6 13 17 0.05025254 
175 633 23 28 0.050201286 
828 309 16 19 0.050072186 
299 9 13 17 0.049972523 
973 75 13 17 0.04981365 
239 177 13 17 0.049704883 
381 301 14 18 0.049592324 
357 98 22 29 0.04938975 
823 321 13 18 0.04933222 
16 295 22 29 0.049320348 
324 387 13 19 0.049072877 
724 520 23 30 0.048976816 
209 49 21 26 0.048951928 
854 0 16 17 0.048758876 
542 52 11 14 0.04869539 
175 179 15 21 0.04857886 
559 563 15 19 0.04856823 
134 508 13 17 0.04855125 
164 484 13 17 0.04846288 
874 249 15 18 0.048461817 
724 133 21 25 0.04836671 
470 266 13 17 0.048194636 
969 67 14 19 0.048114877 
309 226 12 15 0.047939625 
563 353 14 18 0.047875788 
141 78 16 21 0.047808688 
967 499 14 18 0.047658633 
85 -1 14 13 0.04756998 
757 646 21 25 0.04744882 
411 250 14 16 0.047387946 
885 603 15 20 0.047339067 
195 576 16 19 0.047271527 
380 491 13 18 0.04723231 
926 504 16 22 0.047056362 
508 395 14 17 0.046989687 
148 640 15 20 0.04697505 
220 192 14 18 0.0469306 
462 622 11 15 0.04683425 
955 0 14 13 0.046761494 
546 3 14 17 0.04673955 
418 215 14 19 0.046709094 
485 255 14 18 0.046556924 
763 467 16 21 0.04647975 
368 249 15 19 0.046223972 
394 485 15 19 0.046198532 
693 42 16 20 0.046059173 
235 308 14 18 0.04602172 
318 525 14 17 0.04587001 
344 480 22 26 0.04580859 
210 103 13 18 0.045536924 
131 195 13 19 0.045514133 
534 59 13 16 0.045121115 
404 233 11 15 0.04512051 
5 283 11 15 0.04492698 
245 567 16 22 0.044898596 
531 263 13 17 0.044716682 
234 206 14 18 0.044701636 
829 156 15 18 0.044694487 
0 210 9 17 0.04467918 
811 420 17 20 0.04450914 
987 182 18 20 0.044364415 
845 100 13 17 0.044103686 
57 116 15 18 0.044083446 
900 138 14 19 0.04407929 
534 347 16 19 0.043968365 
342 260 13 16 0.043963604 
1012 62 12 20 0.04390948 
1013 44 11 17 0.04387601 
662 1 14 18 0.043857493 
837 524 17 20 0.043754768 
490 450 15 18 0.043669578 
560 157 20 26 0.043659713 
126 123 16 21 0.043543626 
75 500 17 22 0.043468185 
272 95 19 25 0.043338165 
815 613 20 24 0.043229353 
0 282 10 17 0.043186963 
164 122 20 26 0.043060757 
430 267 14 17 0.042977888 
730 676 12 16 0.04292928 
802 140 12 15 0.042739682 
361 55 17 21 0.042697784 
123 84 15 18 0.042584676 
12 285 13 17 0.042573538 
780 557 18 21 0.042405594 
410 338 21 26 0.04238114 
295 480 20 26 0.04231885 
167 637 21 27 0.04202546 
125 432 14 19 0.041988757 
87 121 13 18 0.04188712 
420 458 18 22 0.041875225 
440 596 19 24 0.041799713 
691 249 12 16 0.041777145 
820 166 12 15 0.041559163 
546 157 21 28 0.041555442 
947 85 15 18 0.041488163 
677 533 20 25 0.041472364 
325 316 14 19 0.041392248 
53 154 16 23 0.041306306 
939 65 16 21 0.041202605 
288 -1 13 13 0.041180443 
101 538 21 27 0.04114463 
130 596 21 28 0.041128304 
989 329 15 18 0.04104351 
196 283 17 23 0.040923707 
977 235 22 29 0.040899627 
964 154 16 20 0.04088969 
318 52 14 18 0.040823814 
1013 497 10 16 0.040781427 
908 138 14 19 0.04071675 
781 72 14 18 0.040645868 
973 2 13 16 0.04047397 
839 263 13 16 0.04026547 
495 668 14 19 0.040107626 
411 499 14 18 0.039830703 
310 81 21 29 0.039714385 
855 75 14 17 0.039626263 
604 455 17 23 0.039604943 
607 188 13 16 0.03947668 
601 133 15 19 0.0394716 
685 436 22 27 0.039468452 
971 18 16 18 0.039153628 
526 267 13 16 0.039124418 
293 274 11 15 0.039099716 
982 394 13 18 0.039070092 
146 531 15 19 0.039036494 
190 219 12 15 0.0389543 
10 149 13 16 0.03886813 
276 60 14 18 0.038621996 
50 421 15 20 0.038597018 
833 73 13 18 0.038523093 
557 35 16 19 0.038520135 
182 440 21 25 0.038441908 
669 1 16 20 0.0383755 
471 345 17 22 0.03833994 
590 115 16 20 0.038293745 
220 150 15 19 0.038240187 
1013 0 11 16 0.03805799 
380 214 17 20 0.03804195 
844 162 13 20 0.03781625 
477 266 14 18 0.03781148 
609 193 15 20 0.037710316 
368 548 12 16 0.037614577 
405 502 21 29 0.037541203 
356 271 14 18 0.037533235 
670 486 20 28 0.037479665 
158 147 14 17 0.037408344 
441 253 15 19 0.03738857 
-1 200 11 19 0.03736797 
644 444 22 26 0.037328072 
869 130 14 19 0.037277848 
22 103 17 24 0.037195858 
543 46 12 16 0.036829595 
133 267 15 18 0.03679541 
713 286 15 20 0.036686145 
53 668 13 18 0.036669273 
296 352 15 19 0.036606893 
425 334 15 19 0.03656499 
822 251 14 18 0.03656368 
947 358 23 27 0.03644174 
387 0 16 19 0.03638429 
259 6 17 20 0.03632734 
521 97 15 20 0.036247537 
949 59 20 26 0.036214005 
72 155 16 23 0.036204826 
828 122 11 15 0.036157455 
581 17 16 19 0.036149908 
596 138 22 27 0.0360859 
235 262 12 14 0.036069714 
315 150 19 24 0.03593585 
772 309 15 20 0.035901994 
964 3 14 17 0.03588735 
186 380 16 20 0.035874907 
783 351 22 28 0.035828277 
274 253 12 16 0.035770837 
67 300 22 26 0.035666134 
662 312 19 25 0.035572253 
284 82 15 18 0.03557144 
676 264 19 24 0.035536733 
131 231 17 24 0.035449214 
150 154 12 16 0.035402074 
769 352 19 24 0.035345733 
835 312 15 18 0.035278372 
342 415 14 20 0.035249844 
262 180 12 17 0.03524308 
21 599 14 18 0.035151746 
703 523 15 20 0.035102896 
781 484 22 29 0.035038944 
171 435 14 19 0.035002083 
203 243 12 15 0.034995005 
513 499 14 17 0.03491692 
180 302 14 17 0.034900103 
700 277 17 21 0.03479056 
1013 282 11 19 0.03468524 
622 374 21 27 0.034616433 
695 456 17 20 0.03460349 
357 0 18 19 0.034562994 
791 51 13 17 0.03448508 
347 84 14 19 0.034464493 
216 260 14 16 0.03442967 
592 599 20 27 0.03438567 
605 38 12 16 0.034365177 
552 8 27 29 0.034292914 
427 207 20 26 0.034272354 
550 42 11 15 0.034269005 
812 490 22 28 0.03404653 
165 314 17 22 0.03403518 
790 249 13 17 0.033999503 
684 575 18 21 0.033982076 
171 386 13 18 0.03394701 
146 660 14 17 0.033943854 
259 284 13 17 0.033742692 
363 613 20 24 0.03372882 
218 33 13 17 0.03364464 
730 503 24 31 0.033413053 
819 390 23 29 0.033367526 
613 55 13 16 0.033294685 
823 307 12 16 0.03323275 
634 524 15 18 0.033222713 
443 618 14 18 0.033218186 
750 457 23 28 0.033128314 
256 86 14 17 0.033035766 
414 260 13 17 0.03299815 
374 219 13 16 0.032974184 
453 322 15 20 0.03295617 
166 633 15 20 0.03293424 
481 558 22 30 0.03291188 
151 119 21 28 0.032844394 
353 560 15 19 0.032839667 
330 534 13 19 0.032757282 
538 211 15 19 0.032747947 
358 618 12 14 0.03273132 
355 332 19 23 0.032571085 
127 216 23 30 0.032553397 
499 503 24 28 0.032511454 
697 32 19 26 0.032504566 
665 522 21 26 0.032416597 
787 269 14 16 0.032391164 
1012 560 11 18 0.032378875 
661 55 13 18 0.032354552 
52 159 24 29 0.032332804 
765 528 14 18 0.03232059 
235 188 12 15 0.032309324 
1015 28 10 16 0.03229715 
173 597 15 18 0.032220967 
569 158 20 27 0.032171037 
126 593 16 21 0.032160804 
195 277 16 19 0.03203396 
368 600 21 29 0.032025795 
267 247 13 18 0.031952042 
291 58 12 17 0.031827517 
300 134 20 26 0.031778328 
284 497 22 27 0.031726263 
91 424 14 18 0.03172073 
414 92 17 22 0.03171416 
778 536 22 27 0.031664908 
478 297 15 19 0.031652525 
937 3 13 15 0.03160812 
570 456 21 25 0.031605043 
341 1 14 18 0.03153137 
945 478 14 20 0.03149051 
407 99 21 28 0.031464607 
911 143 20 25 0.031446964 
182 211 12 15 0.031394057 
121 493 17 21 0.031370547 
436 0 14 17 0.03133243 
203 555 15 20 0.031221518 
70 674 11 16 0.031215938 
641 382 21 25 0.031129936 
843 517 15 17 0.031016655 
823 610 16 19 0.030934295 
796 22 21 26 0.030844493 
821 350 15 19 0.030785821 
74 0 17 17 0.030760981 
785 66 13 18 0.0306083 
229 431 15 20 0.030553188 
67 59 13 17 0.03052537 
1014 335 11 17 0.03045583 
125 381 15 19 0.030292973 
518 177 23 27 0.030259024 
688 651 14 19 0.030243509 
783 127 21 27 0.030217858 
660 291 15 18 0.030187571 
786 58 13 17 0.030155722 
330 459 14 17 0.030097622 
587 484 14 19 0.029975308 
685 601 23 30 0.029925087 
828 299 16 19 0.02985612 
993 38 22 29 0.029853646 
417 494 22 28 0.02984973 
812 128 14 18 0.029829448 
531 97 15 18 0.029810296 
65 288 21 27 0.029805426 
841 540 23 29 0.029744925 
142 568 17 22 0.029721169 
878 164 13 16 0.029694483 
324 274 14 18 0.02968207 
996 378 15 17 0.029640336 
461 154 17 24 0.029607985 
540 255 20 25 0.02954065 
563 454 16 20 0.029530484 
451 629 14 19 0.029528799 
718 410 16 19 0.02945843 
675 71 14 19 0.029396186 
18 232 14 17 0.029389227 
679 258 13 17 0.029330382 
156 341 16 19 0.029268244 
331 622 14 20 0.029154724 
879 666 15 22 0.029091336 
468 497 15 19 0.029084954 
115 572 14 18 0.029070212 
594 100 21 26 0.029044662 
-1 382 12 22 0.0290352 
388 216 23 26 0.029018912 
224 632 16 19 0.028971117 
831 287 21 25 0.02885977 
42 215 21 25 0.028826233 
255 275 11 14 0.028818844 
443 626 16 20 0.028808204 
925 306 14 18 0.028781375 
310 95 16 21 0.028713731 
612 0 17 19 0.028711837 
539 59 15 18 0.028682422 
738 536 15 19 0.02858215 
628 637 17 21 0.028535001 
555 617 14 17 0.028409146 
483 356 15 20 0.028392505 
215 565 15 20 0.02837409 
318 595 15 21 0.028318798 
514 614 20 26 0.028298642 
253 10 16 18 0.028254246 
391 21 20 25 0.028249389 
60 580 13 17 0.028226163 
556 87 19 26 0.02821802 
835 559 229 213 0.028217088 
779 321 22 25 0.028172895 
692 560 21 25 0.028063186 
369 493 17 23 0.028058546 
350 148 16 22 0.028027022 
229 0 14 14 0.027998513 
321 615 21 26 0.027994877 
639 163 22 28 0.027940217 
935 116 21 26 0.02792689 
870 184 20 27 0.027897537 
365 642 38 47 0.027806414 
377 1 16 18 0.027776891 
156 129 12 17 0.027753785 
163 252 12 14 0.027681928 
755 340 15 20 0.027644169 
441 454 17 21 0.027626723 
270 32 14 19 0.027624168 
908 242 14 18 0.027590297 
386 429 16 21 0.027562067 
143 291 24 30 0.027555762 
491 10 14 17 0.027550004 
326 490 14 18 0.02751461 
524 598 13 17 0.027503157 
1013 370 11 17 0.02745358 
8 112 21 29 0.02745002 
333 246 13 16 0.027432384 
42 137 15 19 0.02742072 
577 162 22 26 0.027348403 
685 64 14 19 0.027323106 
807 148 12 17 0.027308023 
750 173 16 21 0.027306933 
518 0 17 20 0.027199598 
171 108 14 17 0.027189663 
437 272 14 18 0.027113833 
841 640 17 20 0.027097974 
1006 43 13 18 0.027038181 
165 219 15 18 0.027019717 
305 188 16 22 0.02701004 
964 520 18 24 0.026992846 
313 126 14 17 0.026991015 
159 66 14 17 0.026987467 
0 632 11 16 0.026912946 
823 138 14 16 0.026837919 
31 347 13 18 0.026833301 
182 167 14 17 0.026810555 
534 226 21 29 0.026799757 
846 115 14 18 0.026762836 
333 217 15 20 0.026743168 
746 -3 25 24 0.026646301 
485 282 17 20 0.026621526 
908 154 13 17 0.026620114 
158 442 13 18 0.026592657 
1013 34 11 18 0.026588123 
0 309 10 16 0.026587257 
840 666 13 18 0.026553866 
196 220 12 15 0.026531553 
806 178 14 19 0.026520442 
381 309 20 27 0.026491126 
160 187 22 26 0.026447218 
348 5 23 26 0.026425345 
232 423 20 27 0.026329963 
849 139 15 18 0.026276425 
562 607 21 27 0.026243044 
647 312 17 23 0.026167294 
132 151 21 27 0.026166145 
644 262 14 17 0.026152922 
157 76 15 21 0.02610399 
850 637 14 18 0.026085999 
664 297 20 27 0.026080213 
40 122 12 16 0.026074855 
397 52 21 29 0.02601755 
329 565 20 25 0.025984004 
155 41 17 21 0.025924169 
446 2 17 22 0.025904033 
2 313 15 20 0.025787026 
542 -1 14 13 0.025780424 
465 250 14 18 0.025742207 
580 452 15 18 0.025739277 
621 1 17 17 0.025689246 
319 518 13 16 0.025636537 
245 183 19 24 0.025631312 
774 681 12 14 0.025615802 
526 28 14 18 0.02555114 
1002 17 14 19 0.025550311 
299 410 15 19 0.025518999 
488 95 17 21 0.025513604 
589 185 14 19 0.025509555 
229 383 20 25 0.025501277 
531 23 16 22 0.02547281 
256 250 15 19 0.0254499 
861 156 13 15 0.025440138 
118 6 15 18 0.025429351 
989 667 14 18 0.025391364 
384 7 23 29 0.025310876 
485 146 15 17 0.025219362 
805 430 19 23 0.025205228 
747 538 16 20 0.02519612 
710 209 16 20 0.025192626 
207 50 14 19 0.02517787 
872 -1 15 15 0.025163734 
498 565 22 28 0.025142314 
364 599 14 19 0.025120031 
140 58 16 21 0.025109377 
33 298 13 18 0.025097044 
659 475 14 19 0.025083793 
488 269 19 23 0.025074938 
354 40 22 28 0.025044024 
244 557 13 17 0.024957689 
888 328 16 20 0.024955835 
587 26 13 15 0.024873998 
947 24 15 19 0.024846314 
155 523 22 26 0.024836399 
189 110 12 15 0.024816675 
172 67 15 18 0.024806118 
709 48 14 18 0.024789177 
1013 318 12 17 0.024784891 
656 157 15 20 0.024766216 
652 435 13 16 0.024752095 
253 180 12 17 0.02474127 
917 493 16 19 0.024709685 
284 330 15 18 0.024698682 
194 235 22 28 0.024688475 
13 304 16 22 0.024683325 
415 325 15 19 0.024683142 
204 276 15 18 0.02467226 
549 285 17 21 0.024648549 
395 196 17 20 0.024615228 
960 87 21 26 0.024599448 
554 657 22 27 0.024587696 
709 395 21 26 0.024560742 
669 282 13 17 0.024545968 
447 252 21 27 0.024501719 
306 276 14 17 0.02449106 
413 602 14 17 0.024422262 
725 500 14 19 0.024393285 
829 282 15 18 0.024366584 
375 95 17 21 0.02434118 
32 225 14 18 0.024336517 
239 131 16 19 0.024325458 
963 364 15 22 0.024314228 
163 319 23 29 0.024299003 
649 50 21 28 0.024237128 
982 329 12 17 0.024212979 
341 253 12 16 0.024198668 
435 213 17 22 0.024188487 
558 196 14 18 0.024155699 
762 530 22 28 0.02411045 
276 93 13 17 0.024061855 
984 394 21 28 0.024058916 
971 371 13 19 0.024046548 
776 561 15 20 0.024039295 
507 124 13 17 0.024036292 
645 437 15 19 0.024029016 
5 289 13 16 0.024010213 
63 18 23 26 0.024006104 
303 495 17 21 0.02396788 
36 343 15 19 0.023924427 
297 35 13 17 0.023902915 
329 543 15 20 0.023886083 
331 278 20 27 0.023875067 
249 562 15 19 0.02382959 
678 452 17 22 0.023827607 
559 347 14 18 0.023817284 
528 460 21 26 0.023795247 
578 338 16 19 0.023792595 
470 92 14 18 0.023755573 
894 283 16 22 0.023737052 
797 667 22 28 0.023659375 
692 588 17 20 0.023655912 
944 153 14 18 0.023649713 
231 665 21 29 0.023627294 
411 458 17 21 0.023568008 
892 599 14 19 0.02355057 
1008 276 12 17 0.023545658 
290 17 14 18 0.02354488 
897 274 22 29 0.02352475 
20 424 14 18 0.023498781 
221 107 12 16 0.023491768 
347 385 22 28 0.023482854 
991 674 13 19 0.02346665 
262 137 13 17 0.023461139 
244 -2 16 15 0.023455337 
543 344 21 30 0.023448477 
244 125 16 21 0.023412902 
965 505 14 18 0.023392335 
445 315 14 18 0.023299411 
709 488 16 20 0.023298511 
124 5 21 26 0.023288663 
963 276 12 15 0.023280943 
758 488 23 30 0.023255926 
819 144 20 26 0.02325137 
51 225 13 16 0.023249157 
264 497 13 18 0.023234073 
827 130 14 20 0.023234034 
235 173 21 25 0.023220519 
-38 292 243 225 0.023200516 
496 286 17 20 0.023193004 
696 209 21 29 0.023120582 
317 654 13 17 0.023106892 
812 405 26 32 0.023080898 
188 281 17 22 0.023074124 
348 -1 14 14 0.023060624 
0 140 11 17 0.02301587 
124 337 15 17 0.02298918 
373 415 15 19 0.022988746 
61 460 16 19 0.022981834 
-1 235 10 15 0.022918487 
881 526 20 28 0.022897959 
252 0 18 19 0.022839788 
749 382 17 20 0.022834962 
473 494 19 25 0.022746062 
368 50 20 28 0.0227414 
890 490 18 22 0.022680886 
500 258 13 17 0.022672234 
200 574 21 24 0.022669785 
171 30 16 21 0.022666529 
4 295 20 29 0.022656823 
51 519 16 19 0.02264998 
325 220 14 18 0.022636183 
462 148 14 19 0.022608688 
500 144 21 27 0.022597635 
111 8 22 27 0.02257495 
980 88 13 17 0.022570489 
789 237 20 25 0.022564316 
849 673 14 17 0.022536295 
974 667 13 16 0.02253513 
20 630 15 19 0.022514695 
39 141 23 31 0.022487357 
13 462 18 22 0.022479465 
624 458 16 19 0.0224412 
537 174 16 20 0.022437258 
924 230 22 27 0.02241688 
628 429 21 27 0.022365628 
341 243 11 14 0.02236424 
137 222 15 22 0.022351725 
870 380 21 26 0.022317313 
92 674 13 18 0.02229246 
316 68 21 27 0.022290625 
405 415 16 21 0.022249496 
134 82 15 21 0.022248631 
160 67 25 29 0.022090523 
868 155 13 16 0.022077013 
666 674 15 21 0.022050211 
272 65 13 17 0.022049926 
761 600 21 27 0.022025356 
491 361 13 16 0.02200837 
560 67 13 18 0.021997001 
887 315 16 21 0.02198766 
734 139 23 26 0.021955626 
454 243 21 27 0.021952122 
596 295 20 26 0.021933602 
990 468 24 31 0.021933295 
194 558 20 26 0.021927055 
676 507 22 30 0.021860452 
217 156 14 21 0.021792568 
550 610 15 20 0.021792281 
428 580 14 18 0.021786299 
583 492 22 28 0.021782462 
279 483 22 31 0.021771178 
188 571 16 21 0.021768888 
964 298 20 25 0.021768715 
782 675 14 17 0.021733837 
492 382 13 17 0.021717113 
306 77 15 19 0.02169994 
771 118 14 18 0.021699414 
5 250 12 17 0.021677548 
150 646 20 26 0.021655383 
195 213 11 14 0.021648958 
191 255 15 18 0.021639308 
776 318 14 18 0.021629183 
850 383 16 19 0.021628404 
339 626 14 18 0.021628253 
68 122 15 20 0.02158985 
741 151 15 18 0.021565543 
14 454 15 20 0.021557493 
141 664 14 17 0.021540424 
944 321 16 20 0.021488301 
322 453 16 21 0.021475848 
356 606 20 25 0.021446811 
727 38 17 21 0.021436384 
570 125 15 19 0.02142843 
91 23 22 27 0.021420244 
179 114 13 19 0.021407273 
869 162 13 18 0.021404495 
776 613 16 21 0.021389233 
724 224 20 26 0.0213859 
900 607 21 27 0.021367347 
582 139 15 19 0.02135842 
336 256 21 26 0.021326587 
855 531 16 20 0.021319691 
81 486 16 20 0.021309642 
137 63 23 30 0.02122676 
398 250 14 18 0.0212202 
882 522 15 20 0.021195468 
469 358 17 21 0.021170944 
157 426 12 19 0.021158792 
548 514 15 18 0.021157281 
490 193 18 22 0.021155272 
149 307 21 28 0.021124158 
588 376 20 24 0.02111175 
956 27 21 28 0.0211037 
69 421 21 28 0.021082066 
740 391 23 30 0.021073028 
318 244 12 15 0.021051586 
202 508 14 19 0.021036295 
7 639 16 23 0.021018313 
608 157 22 29 0.02099367 
643 106 15 19 0.02094624 
978 465 16 18 0.020941947 
646 -1 11 11 0.02094101 
260 321 14 18 0.02093184 
972 59 14 18 0.020924777 
958 288 21 26 0.020911584 
282 98 15 19 0.020896621 
424 -1 13 13 0.020882322 
603 350 21 26 0.02087556 
197 187 11 16 0.020873161 
437 631 23 30 0.020870522 
249 454 21 28 0.020868266 
269 241 21 28 0.020859405 
359 621 22 27 0.02083817 
596 341 15 20 0.020822717 
789 275 21 25 0.02082218 
648 299 22 27 0.020816403 
306 478 16 20 0.020815557 
454 385 17 21 0.020802585 
804 275 14 18 0.020802159 
19 57 14 19 0.02076931 
275 2 15 18 0.020755209 
876 599 20 27 0.020750197 
471 378 22 29 0.020749213 
803 267 13 16 0.020742834 
660 482 15 22 0.020729033 
214 266 14 17 0.020707889 
659 467 14 17 0.020700125 
200 19 23 26 0.020660248 
208 67 15 17 0.020647189 
246 259 12 16 0.020632895 
241 421 21 27 0.020622138 
432 87 22 28 0.020575816 
298 459 15 19 0.020570226 
565 11 26 27 0.020568002 
927 157 15 18 0.020563994 
890 128 23 30 0.02055133 
156 30 23 27 0.020539332 
125 309 22 30 0.020533076 
826 597 21 25 0.02053175 
806 292 12 16 0.020505726 
388 182 15 17 0.020488558 
307 13 12 16 0.020478366 
824 427 17 22 0.020474143 
38 421 16 21 0.020468542 
294 452 16 19 0.020424413 
83 114 15 20 0.020411734 
172 95 15 18 0.02038163 
112 634 23 28 0.020374786 
995 668 15 20 0.020334 
640 647 15 20 0.02032977 
221 252 21 27 0.020326992 
507 259 14 18 0.020323768 
828 258 13 15 0.020319171 
525 525 19 23 0.020316122 
508 605 20 27 0.020315785 
916 344 18 21 0.020300256 
1003 33 14 19 0.020299718 
1005 69 21 32 0.020260777 
482 77 14 17 0.020244172 
155 52 23 29 0.020231571 
309 520 19 25 0.020223934 
900 150 15 20 0.020216623 
317 490 13 18 0.0201932 
993 396 28 37 0.020189157 
959 500 14 18 0.020164784 
352 629 24 32 0.020151174 
125 503 14 19 0.02013745 
914 387 16 20 0.020129323 
446 641 28 33 0.020128809 
133 516 22 27 0.02012644 
622 287 17 22 0.020106649 
485 320 20 24 0.020082869 
95 349 16 19 0.020063154 
493 252 14 18 0.020055672 
0 1 12 18 0.020028971 
397 555 18 23 0.020026982 
533 205 15 19 0.020026183 
219 98 13 19 0.020018347 
709 28 15 21 0.020013936 
