12_Group_Team_Organized_Group_12_Group_Team_Organized_Group_12_500
47
584 158 107 142 0.9996872 
221 162 101 125 0.9995347 
880 161 123 164 0.99559575 
387 104 148 213 0.98529553 
939 69 84 137 0.9615425 
90 243 26 33 0.34912777 
920 508 53 64 0.18382338 
308 11 29 39 0.16468878 
69 157 15 18 0.16128969 
363 -1 29 24 0.11671651 
106 166 18 21 0.09356822 
738 181 108 146 0.09285036 
867 79 155 191 0.092429794 
466 15 31 43 0.06478701 
350 90 56 86 0.056523137 
130 216 55 83 0.054014843 
706 220 48 68 0.0528358 
94 208 34 44 0.050331526 
793 186 108 153 0.041477755 
124 244 30 51 0.036415648 
979 427 44 62 0.036242567 
35 273 14 19 0.034646615 
18 140 14 17 0.03375907 
728 109 21 29 0.032587714 
315 100 96 144 0.029989123 
149 193 84 112 0.028146394 
32 133 10 13 0.028067777 
344 73 96 136 0.027529528 
352 -4 31 36 0.027404184 
306 19 47 63 0.025574634 
719 355 117 137 0.024784096 
24 125 10 12 0.024537548 
38 126 10 12 0.022736747 
259 132 99 135 0.02260127 
31 126 11 11 0.022451317 
73 248 23 30 0.022424145 
693 199 85 117 0.022243548 
14 145 13 16 0.022134857 
412 -5 48 58 0.022094596 
94 192 27 34 0.021938235 
21 134 12 13 0.02188516 
464 135 102 155 0.021792198 
835 184 126 162 0.021329375 
65 159 22 30 0.020920854 
190 297 215 222 0.020853888 
84 180 25 30 0.020835169 
50 255 15 21 0.020557381 
