12_Group_Team_Organized_Group_12_Group_Team_Organized_Group_12_50
20
539 178 217 279 0.9999169 
105 222 181 218 0.9996767 
350 162 146 179 0.9978175 
0 199 76 147 0.99760616 
480 129 86 113 0.68230623 
916 203 108 249 0.14939979 
470 157 171 233 0.12590966 
9 35 95 155 0.12124887 
407 178 139 206 0.11951074 
283 73 203 299 0.10026323 
417 421 145 158 0.081850804 
277 205 163 212 0.07889345 
969 325 53 124 0.06896657 
423 134 115 157 0.060524702 
180 172 176 232 0.053094253 
290 163 111 163 0.035699356 
251 246 116 177 0.031741366 
34 198 132 179 0.02976547 
372 157 76 108 0.025558596 
859 77 184 285 0.02301699 
