12_Group_Group_12_Group_Group_12_407
51
142 287 52 67 0.99797815 
247 269 46 56 0.9958682 
661 246 44 55 0.9939658 
351 274 41 53 0.9883267 
591 369 43 52 0.97890306 
428 246 45 53 0.9731713 
546 262 41 53 0.9662914 
576 244 30 36 0.16059472 
164 251 21 29 0.10286201 
147 242 12 14 0.095074564 
861 199 15 19 0.082440384 
829 220 179 251 0.07823112 
99 246 12 14 0.06700299 
172 3 16 16 0.050415438 
889 267 111 149 0.046998166 
49 414 30 33 0.046751633 
155 117 13 17 0.04648069 
120 270 10 14 0.045479737 
663 477 27 32 0.044741575 
169 246 11 14 0.0408543 
565 250 33 41 0.04073434 
727 162 50 61 0.039421886 
907 274 13 18 0.036079064 
147 248 13 16 0.033947628 
878 359 38 49 0.031005364 
843 203 13 19 0.030370072 
166 -31 421 504 0.030142218 
884 226 15 18 0.029764252 
951 237 29 32 0.026391165 
222 20 11 12 0.026006049 
604 186 15 19 0.025260795 
568 362 25 37 0.024818048 
581 212 12 15 0.02409209 
649 362 43 52 0.024033533 
692 54 100 151 0.023406556 
463 176 33 42 0.023335233 
637 15 55 65 0.022912342 
124 246 10 12 0.022652298 
21 47 11 12 0.022258494 
550 214 10 12 0.022248097 
250 52 15 18 0.022241054 
150 111 12 16 0.021980844 
393 -18 426 485 0.021904295 
578 228 16 19 0.021788085 
51 315 365 496 0.021578219 
198 246 9 12 0.021282852 
-31 -111 394 465 0.020804001 
86 144 22 30 0.020759052 
708 132 63 82 0.020699913 
833 156 116 133 0.020692145 
44 109 12 15 0.020644318 
