12_Group_Large_Group_12_Group_Large_Group_12_86
685
899 404 11 14 0.8108197 
621 392 9 13 0.42740554 
822 398 9 11 0.42580146 
597 395 9 13 0.41991144 
463 401 13 18 0.40571666 
672 399 9 11 0.4025262 
702 394 10 12 0.32871926 
650 395 9 12 0.32795945 
920 408 8 10 0.32267037 
685 438 8 11 0.31639463 
717 399 8 11 0.30861357 
959 395 9 12 0.277756 
984 405 10 12 0.27576792 
660 447 10 13 0.27304476 
855 393 8 10 0.26837447 
462 357 12 17 0.26511946 
965 407 9 11 0.23782948 
872 399 9 12 0.22027655 
510 404 10 13 0.2045797 
638 392 9 11 0.18793301 
877 380 9 11 0.18361156 
264 374 9 12 0.17983651 
748 399 13 16 0.17161179 
143 372 11 15 0.15852827 
270 373 8 11 0.15285236 
876 420 16 19 0.15093362 
902 432 8 10 0.14681017 
403 429 15 19 0.14397198 
647 429 11 14 0.13925432 
933 475 14 17 0.13594444 
676 399 8 10 0.13505197 
582 391 8 11 0.13465235 
925 407 8 10 0.12773845 
694 420 12 13 0.12753057 
913 391 9 11 0.12742874 
577 461 8 10 0.12217749 
850 396 8 11 0.12137983 
542 391 8 11 0.12014494 
559 398 7 10 0.11399342 
728 383 7 10 0.11248989 
273 387 10 12 0.11243321 
577 392 8 10 0.11215474 
828 366 9 11 0.111047976 
272 368 9 13 0.10482227 
225 366 8 12 0.104644924 
663 421 8 10 0.10446769 
955 389 9 13 0.10322346 
725 421 12 15 0.10268558 
655 420 9 11 0.102099806 
833 384 7 9 0.10146404 
363 406 10 15 0.099803455 
150 366 10 13 0.09869417 
41 362 10 12 0.098365195 
830 414 8 10 0.09782394 
210 382 8 11 0.095406026 
824 414 8 10 0.09440564 
688 391 7 10 0.09433827 
503 411 10 12 0.092861295 
928 413 8 11 0.09282831 
937 381 9 11 0.091993645 
544 414 8 10 0.09172172 
248 384 7 9 0.090813845 
702 438 8 10 0.09052051 
768 396 9 12 0.09030802 
624 447 9 12 0.089287266 
407 363 9 12 0.0876477 
393 374 8 11 0.0863737 
467 358 13 19 0.086204596 
399 376 8 10 0.08457558 
176 374 8 10 0.08444336 
728 390 8 10 0.0843488 
593 391 9 13 0.083211094 
933 415 9 10 0.08240255 
974 371 11 15 0.082378976 
553 398 9 11 0.08073228 
413 428 12 16 0.08004212 
824 405 8 10 0.079561494 
615 357 8 9 0.07952194 
840 391 7 10 0.07805329 
920 380 9 13 0.07579288 
800 400 8 11 0.07569355 
721 381 7 10 0.07468518 
717 403 10 12 0.07333811 
831 407 7 10 0.07204137 
303 390 8 11 0.07194283 
916 390 10 11 0.0718461 
331 394 11 16 0.07140998 
400 380 8 10 0.07129379 
184 358 8 10 0.070632756 
817 416 7 9 0.070156895 
672 394 7 10 0.0701171 
688 432 9 11 0.06934266 
666 398 9 12 0.06933521 
455 356 12 17 0.06923543 
168 372 8 11 0.06905462 
68 369 11 15 0.06899231 
261 366 10 13 0.06818729 
615 413 8 10 0.06736511 
670 431 9 10 0.06697638 
632 396 8 11 0.066578224 
390 405 9 13 0.0663006 
559 393 7 9 0.06593964 
913 412 9 12 0.06575893 
241 382 6 9 0.06565116 
701 421 10 14 0.06555262 
543 445 8 12 0.06519712 
713 367 8 11 0.06481125 
974 355 9 12 0.06415381 
576 457 8 10 0.06385431 
702 429 9 13 0.06331006 
249 388 8 10 0.06306203 
680 392 7 10 0.06305536 
276 366 10 13 0.06292499 
799 423 9 11 0.06262013 
569 405 8 10 0.062344324 
774 399 8 10 0.062343918 
897 400 10 13 0.062180743 
460 431 11 14 0.06167788 
537 390 9 11 0.06146386 
647 416 10 12 0.061377376 
841 398 8 10 0.061169017 
238 438 9 12 0.060935896 
941 381 9 11 0.060741805 
799 429 10 12 0.060430743 
467 349 12 16 0.060283527 
989 398 11 12 0.06015579 
550 407 8 9 0.060035124 
968 372 10 13 0.059219472 
695 428 10 12 0.05904376 
277 359 9 11 0.058094542 
919 399 8 10 0.057407502 
736 413 10 13 0.057316486 
415 365 8 11 0.05721178 
788 374 9 12 0.056976732 
802 358 8 12 0.056586854 
137 371 12 14 0.056322448 
601 367 7 10 0.05562941 
844 462 11 15 0.055073854 
697 397 10 12 0.05458676 
545 409 8 9 0.054523516 
575 406 8 10 0.053992607 
490 481 13 18 0.05385504 
501 427 13 15 0.05277936 
911 407 9 12 0.052633043 
576 396 8 11 0.052555785 
894 366 8 10 0.052208036 
230 374 8 10 0.0521434 
873 376 10 12 0.05197449 
696 365 9 11 0.05176238 
718 374 8 12 0.05156644 
174 370 8 11 0.051410418 
568 350 9 12 0.051286362 
864 397 8 10 0.05112275 
599 403 9 12 0.05108012 
744 403 13 16 0.050977662 
839 383 8 10 0.050860446 
568 400 8 10 0.05072568 
623 350 8 10 0.05070098 
964 399 10 12 0.050612956 
807 372 9 13 0.05054084 
785 421 9 11 0.05045653 
662 438 10 11 0.050269727 
165 392 9 10 0.050171 
934 407 10 11 0.050014835 
954 384 8 11 0.049978893 
734 420 10 14 0.04962834 
190 383 8 10 0.049429145 
889 367 8 11 0.049202856 
535 397 9 11 0.049018193 
559 375 7 10 0.048859265 
720 393 8 10 0.048829433 
512 349 8 11 0.048412193 
759 391 9 10 0.04818215 
618 452 7 10 0.04803604 
581 462 8 10 0.04802201 
437 357 9 13 0.047985192 
215 388 8 10 0.04795535 
572 343 10 11 0.047599316 
509 410 12 15 0.047430202 
648 375 8 10 0.04739085 
404 390 9 13 0.047249414 
791 424 8 10 0.047146685 
226 372 8 10 0.047091305 
760 382 8 9 0.047082745 
623 357 8 10 0.04704748 
552 382 8 10 0.046938986 
839 407 7 9 0.046936315 
527 389 9 12 0.046612095 
652 429 9 12 0.046597645 
575 470 11 13 0.04622767 
962 411 9 12 0.046173837 
273 383 8 10 0.046073012 
632 376 8 11 0.04605344 
632 359 8 10 0.045810577 
608 462 8 11 0.04572836 
741 410 12 14 0.045703553 
389 413 9 11 0.045689475 
606 392 8 10 0.04559775 
813 375 9 12 0.04551469 
742 383 8 10 0.045290116 
896 410 11 14 0.045103565 
768 381 8 10 0.044812027 
121 382 8 11 0.04451567 
750 375 8 10 0.044475943 
793 429 8 11 0.044452723 
13 388 10 14 0.044315834 
928 422 9 10 0.0443147 
616 374 9 12 0.0442844 
959 359 8 10 0.04419066 
813 380 8 12 0.0441806 
575 478 12 15 0.044063136 
717 367 9 11 0.044009365 
702 374 8 10 0.043989666 
752 382 8 10 0.043835964 
663 383 8 10 0.043763753 
568 375 7 10 0.043675054 
416 421 12 15 0.043588273 
775 454 10 12 0.043460354 
551 429 11 13 0.042864572 
376 399 8 11 0.042764526 
726 415 10 13 0.042414673 
688 397 8 11 0.04237217 
862 390 8 11 0.042368524 
943 375 8 10 0.042345498 
808 437 9 11 0.042242292 
736 383 7 9 0.042224005 
55 394 9 12 0.042093214 
200 367 7 10 0.041892197 
653 393 9 11 0.041667238 
621 374 10 13 0.04148629 
830 400 7 10 0.041469723 
633 380 9 11 0.041216005 
176 381 9 11 0.041165795 
136 364 14 16 0.04100519 
537 366 8 10 0.04090952 
607 382 8 10 0.040831447 
925 381 9 12 0.04082724 
665 430 9 11 0.040815372 
543 366 8 10 0.04060523 
702 364 9 12 0.040597316 
553 375 9 11 0.040536325 
676 405 8 11 0.04031445 
255 384 8 8 0.040313095 
592 383 8 10 0.04022576 
182 375 8 10 0.040160093 
926 376 8 11 0.040089045 
656 439 9 12 0.040051207 
652 340 9 11 0.039977144 
957 383 9 12 0.039853916 
416 360 9 12 0.03983843 
914 396 8 11 0.039782878 
873 403 14 16 0.03962462 
679 433 9 11 0.039396465 
904 375 8 10 0.03937842 
559 477 10 13 0.039282408 
749 408 15 18 0.039262045 
648 341 9 12 0.039185654 
696 438 9 11 0.03913224 
639 376 8 10 0.038969096 
735 427 9 14 0.038941327 
248 376 7 9 0.03876552 
735 375 8 10 0.03836908 
702 360 8 10 0.03833702 
709 420 12 14 0.038162544 
535 384 9 11 0.03809184 
399 403 12 14 0.03808462 
713 404 9 12 0.037942495 
719 427 14 16 0.037745632 
418 427 12 15 0.037740752 
848 369 6 8 0.03759577 
709 393 9 11 0.03757567 
896 400 17 22 0.037573803 
527 383 9 12 0.037467185 
904 381 9 11 0.03725396 
656 382 9 10 0.037207525 
592 348 9 11 0.037191425 
665 390 9 11 0.037144233 
544 395 8 11 0.037103787 
877 466 13 15 0.03701486 
703 384 8 9 0.036928166 
334 366 10 13 0.036750976 
625 423 8 11 0.036670424 
935 399 9 10 0.036630616 
631 452 9 11 0.036544763 
833 389 8 10 0.036538847 
697 382 7 9 0.036531538 
536 443 9 13 0.03650769 
639 359 7 9 0.036381956 
558 472 10 13 0.036270674 
780 438 10 11 0.036195446 
607 396 8 11 0.036186714 
977 406 9 11 0.03609419 
855 383 10 12 0.036000874 
638 381 8 11 0.03596546 
808 380 9 13 0.035885114 
718 412 13 15 0.035875056 
756 418 14 18 0.035849962 
287 420 9 12 0.035719737 
711 412 10 13 0.03568428 
616 337 7 9 0.035670567 
815 392 9 10 0.035659704 
625 429 7 9 0.03560199 
723 435 12 15 0.03550212 
232 382 7 8 0.035407823 
944 366 8 11 0.035378706 
714 373 8 11 0.03536393 
569 381 9 10 0.035253096 
264 380 8 10 0.03524641 
383 399 10 14 0.03510612 
807 415 8 10 0.034833618 
912 420 9 11 0.03476508 
678 373 8 12 0.03459518 
384 375 8 10 0.034580473 
927 401 8 9 0.034550786 
954 395 10 13 0.034541305 
544 383 8 11 0.03451043 
735 453 10 14 0.034449693 
527 421 9 13 0.034428973 
452 350 12 16 0.03437173 
670 423 8 11 0.034353327 
655 357 8 11 0.034241263 
912 446 9 12 0.034175318 
673 372 8 11 0.033965435 
294 382 10 12 0.033813447 
627 446 11 13 0.033746578 
687 443 9 11 0.033707403 
685 461 12 16 0.03368966 
750 391 10 11 0.033538546 
805 399 9 11 0.033449642 
988 412 10 12 0.03340621 
606 367 8 11 0.033238005 
591 389 19 25 0.033077817 
287 283 385 435 0.032960936 
886 381 8 11 0.03292871 
405 381 8 11 0.032907803 
805 365 9 12 0.032155048 
208 376 8 9 0.032151382 
808 390 8 10 0.032112308 
423 436 10 13 0.03210879 
534 421 9 12 0.03206479 
864 382 9 12 0.031924058 
421 366 8 11 0.031805962 
552 367 9 10 0.031805895 
898 430 9 12 0.031733535 
671 412 9 11 0.03172581 
616 423 8 9 0.031714097 
493 462 10 12 0.03161063 
640 366 8 10 0.03147421 
999 407 9 12 0.03146293 
830 361 8 11 0.03137928 
191 360 7 10 0.031336904 
240 375 7 9 0.031317238 
145 388 10 12 0.031305667 
745 374 8 10 0.03125336 
887 374 8 11 0.0312314 
350 364 11 14 0.031092292 
728 374 9 12 0.030944131 
383 390 8 10 0.030929456 
438 380 9 13 0.03086016 
559 382 7 9 0.030808577 
403 404 13 16 0.03075704 
184 381 8 11 0.030714773 
728 367 9 10 0.03062443 
607 454 8 10 0.030469175 
727 397 8 11 0.03044218 
382 422 12 14 0.030355344 
965 333 10 13 0.030288544 
688 382 7 10 0.03021996 
509 418 12 16 0.030214712 
568 368 7 10 0.030204777 
784 390 8 10 0.030201873 
358 372 10 13 0.030197978 
366 397 9 12 0.030144094 
617 352 8 9 0.030131806 
697 374 8 11 0.030125655 
720 359 6 9 0.030108767 
735 389 8 11 0.030087829 
863 365 9 11 0.030051304 
915 212 13 15 0.030036913 
560 368 7 9 0.029889304 
960 367 9 11 0.029768132 
767 453 10 12 0.02976286 
65 407 7 11 0.029750641 
415 106 60 91 0.02971837 
773 421 8 11 0.029681955 
695 444 10 12 0.029657073 
702 415 9 12 0.029639645 
585 385 8 10 0.029595178 
552 391 8 11 0.029545592 
756 398 11 13 0.029468978 
671 339 10 13 0.029446356 
768 373 9 13 0.029420877 
193 365 7 10 0.029359393 
504 396 11 16 0.029257402 
649 366 8 11 0.029253406 
801 381 9 12 0.02924843 
240 399 7 10 0.029233629 
817 421 7 9 0.029067017 
606 446 9 11 0.02904945 
128 373 8 11 0.029011957 
601 382 8 10 0.028958283 
637 452 10 12 0.028929112 
701 444 9 12 0.028921805 
70 397 9 12 0.028915973 
384 358 9 12 0.02885885 
615 430 8 10 0.028845146 
369 351 8 11 0.028839111 
878 350 7 11 0.028833516 
424 390 10 12 0.028772296 
585 326 8 11 0.028740661 
486 355 10 14 0.028737599 
367 389 10 12 0.02846989 
404 397 12 13 0.028444003 
942 390 9 11 0.028417228 
310 390 9 12 0.028390974 
608 407 8 10 0.028375184 
574 384 7 9 0.028282369 
801 414 9 11 0.02828093 
334 378 12 17 0.028212968 
610 359 7 9 0.0280976 
736 407 10 13 0.028076246 
191 388 8 11 0.028059952 
568 415 8 9 0.028032752 
919 431 9 11 0.028015504 
535 460 10 12 0.027934251 
260 360 11 12 0.027888097 
925 467 23 29 0.027838891 
518 364 10 13 0.027766943 
726 405 9 12 0.027686486 
384 350 9 12 0.027664188 
766 341 10 11 0.027583012 
365 374 8 11 0.027490111 
294 420 9 13 0.027489845 
592 359 8 10 0.027482273 
515 399 11 13 0.027466817 
406 375 8 10 0.027464539 
493 349 9 12 0.027371513 
383 383 8 9 0.027343249 
608 431 9 11 0.02726719 
358 366 9 12 0.027259398 
912 359 8 9 0.027239634 
934 421 9 11 0.027148396 
919 358 8 10 0.02707096 
702 404 10 12 0.027061054 
601 373 8 10 0.027003588 
782 415 9 11 0.02699204 
120 388 9 12 0.026982836 
176 389 8 10 0.026875533 
599 334 8 10 0.026845414 
740 428 11 14 0.026808871 
60 349 11 13 0.026796961 
801 372 9 13 0.02665001 
158 366 9 11 0.026618727 
544 350 8 11 0.02660561 
303 383 8 12 0.02658597 
560 351 9 11 0.02657019 
436 349 11 14 0.026530044 
559 423 9 11 0.026518803 
341 377 12 17 0.026417166 
231 390 8 10 0.026260678 
766 421 10 13 0.026254442 
430 438 10 13 0.02622765 
71 390 9 12 0.026187548 
564 481 11 15 0.026162986 
495 364 9 13 0.026154745 
996 435 11 15 0.026111215 
512 357 9 12 0.026087493 
159 396 10 11 0.02605254 
239 366 7 10 0.025870236 
775 381 8 11 0.025850667 
879 358 7 10 0.025832875 
785 334 10 13 0.0258024 
337 359 9 12 0.025778007 
584 406 8 10 0.02570964 
463 370 11 14 0.02565354 
548 413 9 11 0.025621977 
653 365 9 11 0.025561063 
831 420 8 11 0.025528053 
696 405 10 12 0.025478287 
151 396 9 11 0.025464268 
572 348 10 12 0.025463706 
302 371 10 14 0.025418777 
988 464 21 31 0.025412519 
911 382 10 13 0.025379617 
679 381 9 11 0.025356818 
977 399 10 12 0.025347797 
162 373 8 11 0.025324088 
342 364 12 15 0.025240572 
578 482 12 16 0.025187468 
223 360 10 13 0.02516498 
392 379 9 12 0.025123263 
474 363 13 17 0.025099466 
258 374 9 11 0.025074359 
336 349 10 12 0.02504486 
527 365 9 11 0.025025751 
544 420 9 11 0.025014488 
400 364 10 12 0.024991596 
953 438 9 11 0.02499085 
427 83 81 134 0.024968745 
665 404 9 11 0.024964012 
991 421 9 13 0.024957102 
455 380 11 14 0.024932137 
120 375 8 13 0.024914667 
697 392 8 10 0.024907976 
623 342 9 12 0.024892785 
71 357 10 13 0.024889212 
104 232 27 31 0.024863979 
979 367 11 14 0.02481896 
806 432 9 11 0.024812497 
997 353 11 14 0.024775507 
870 366 8 10 0.02475067 
632 366 7 10 0.024557633 
518 349 8 10 0.024555435 
310 382 9 12 0.024549428 
813 437 8 10 0.024495184 
593 365 8 10 0.024471326 
182 352 10 12 0.02441917 
623 368 9 11 0.024374077 
775 391 8 11 0.024291163 
261 398 11 13 0.024228003 
608 414 7 9 0.024224725 
806 351 9 12 0.024183929 
536 405 9 11 0.024107857 
608 334 8 10 0.024081502 
529 395 10 13 0.024079882 
775 405 9 11 0.02405654 
375 383 8 10 0.024030834 
214 376 7 8 0.024025813 
532 476 14 17 0.023994185 
521 389 10 12 0.023960926 
784 379 10 13 0.02393064 
888 389 8 11 0.023872029 
941 405 9 11 0.023849273 
751 350 7 10 0.02383164 
617 341 8 10 0.023831544 
740 421 12 14 0.023805618 
877 390 10 12 0.023805212 
669 445 10 13 0.023799518 
184 367 8 10 0.023762055 
640 350 7 10 0.023722172 
782 398 8 10 0.023688687 
14 393 12 18 0.023628056 
641 344 7 10 0.023589144 
607 372 9 12 0.023557555 
476 355 12 17 0.023534277 
378 67 104 140 0.023533022 
961 372 9 12 0.02349283 
801 435 10 12 0.02347973 
953 116 23 29 0.023468815 
289 381 9 13 0.023453057 
937 389 9 11 0.023421576 
894 351 9 11 0.023393458 
776 414 9 12 0.023382556 
994 349 10 14 0.023294972 
615 407 8 10 0.023264527 
646 390 19 23 0.023208184 
649 357 9 11 0.023189705 
943 397 8 11 0.02315206 
648 381 8 10 0.023106754 
134 358 12 15 0.023103539 
303 397 9 10 0.023085278 
837 455 10 13 0.023075327 
219 367 7 9 0.023033071 
846 374 9 9 0.023008598 
590 476 12 15 0.022970509 
919 367 8 10 0.022965426 
165 396 9 11 0.022940114 
697 391 19 22 0.02291145 
496 455 8 12 0.022859393 
559 416 9 10 0.02280913 
866 405 9 12 0.022803273 
760 358 8 11 0.022764923 
551 436 11 14 0.02272048 
862 360 9 10 0.022714688 
348 372 12 15 0.022666754 
596 344 10 12 0.022658832 
631 421 9 13 0.022629669 
319 372 10 14 0.022624658 
840 375 8 10 0.022575865 
950 385 18 24 0.022574361 
549 444 10 12 0.022563599 
757 437 11 14 0.022533547 
445 462 11 13 0.022484118 
758 443 9 13 0.022447625 
953 359 8 10 0.022391606 
429 397 10 13 0.02237122 
687 374 8 11 0.022339612 
906 402 17 23 0.02229836 
969 350 10 12 0.02229068 
969 356 9 11 0.02227111 
894 391 8 10 0.022259288 
767 335 11 13 0.02224457 
679 413 8 11 0.022237238 
374 389 9 11 0.022198122 
950 366 9 11 0.02217691 
414 372 9 12 0.022139298 
623 441 10 12 0.022116149 
711 428 10 13 0.022086717 
461 348 21 26 0.022079919 
451 453 11 14 0.02207378 
773 373 9 13 0.022072945 
753 444 10 13 0.022048973 
97 381 8 12 0.022015369 
746 368 7 10 0.02201219 
319 389 10 14 0.021945516 
522 383 9 11 0.021904146 
8 387 9 13 0.021894716 
689 366 8 10 0.02184837 
64 412 8 11 0.021831335 
719 461 10 13 0.021823592 
578 503 13 16 0.021736622 
663 351 8 11 0.021733439 
990 391 11 13 0.021721855 
880 367 7 10 0.02170175 
952 373 8 11 0.021698736 
420 357 9 13 0.021678517 
655 404 8 11 0.021644909 
680 443 10 13 0.021627154 
576 432 10 13 0.021606216 
895 358 9 10 0.021594124 
368 356 9 12 0.021580467 
376 367 7 10 0.021565516 
824 360 9 12 0.021544985 
727 454 12 14 0.021518603 
200 372 8 11 0.021453021 
671 382 8 10 0.021401035 
295 406 9 10 0.021389078 
527 342 10 12 0.021341845 
63 396 8 11 0.021331197 
831 373 8 10 0.021300677 
741 435 11 14 0.0212956 
839 465 15 19 0.021286873 
503 434 12 16 0.021257177 
905 390 10 10 0.02124985 
607 438 9 10 0.021229975 
570 455 7 10 0.02122941 
621 381 11 12 0.02121105 
734 368 8 10 0.021198697 
806 333 8 11 0.021165222 
614 462 10 12 0.021107707 
938 472 13 16 0.021093566 
54 363 11 13 0.021085668 
326 388 20 28 0.021079283 
882 413 14 17 0.021078672 
631 343 8 10 0.021075094 
712 361 7 9 0.021073679 
320 379 10 14 0.021068225 
830 447 10 11 0.02098734 
648 416 18 24 0.02098375 
527 359 8 11 0.02097831 
847 381 10 12 0.020961324 
825 381 8 10 0.020955253 
720 350 8 10 0.020921353 
584 366 8 10 0.020890964 
72 349 10 13 0.020839497 
433 380 10 13 0.02076255 
1001 411 8 12 0.020687226 
744 389 8 10 0.02063501 
504 469 11 15 0.020594286 
200 360 8 11 0.020567633 
988 381 11 14 0.020563511 
360 397 10 12 0.020559307 
102 380 10 13 0.02053796 
767 365 9 13 0.020533374 
358 404 19 25 0.020518674 
667 393 18 22 0.02046862 
919 402 18 22 0.020465314 
297 387 9 11 0.020424994 
124 389 10 12 0.020423356 
224 382 9 10 0.020415926 
537 415 9 11 0.020397745 
340 358 12 13 0.020325752 
543 358 8 11 0.020280397 
630 413 10 12 0.020253034 
456 400 14 18 0.020245155 
559 405 8 10 0.020209963 
631 351 8 9 0.020169415 
616 386 19 24 0.020151278 
590 423 10 11 0.020123249 
982 379 11 14 0.020108726 
872 426 11 15 0.02008397 
708 392 19 23 0.020055795 
833 469 24 27 0.020049289 
486 347 12 15 0.02004828 
568 356 8 11 0.020043332 
