12_Group_Group_12_Group_Group_12_153
273
405 324 241 308 0.9996075 
753 446 112 147 0.9977366 
189 543 78 106 0.9766322 
130 -19 394 447 0.53347254 
232 153 402 479 0.32817593 
513 809 29 37 0.26324642 
450 241 362 499 0.1749395 
294 -22 427 421 0.1556206 
496 792 14 18 0.15044019 
613 397 204 245 0.124206804 
795 618 13 17 0.116142586 
75 480 368 533 0.11385802 
661 658 13 16 0.108247444 
592 853 11 13 0.099317834 
474 412 443 565 0.09575657 
585 772 9 13 0.09401611 
414 652 10 12 0.08606862 
655 684 10 12 0.083459154 
572 850 12 17 0.07746251 
596 789 14 17 0.07715624 
631 804 10 12 0.07630449 
75 420 18 23 0.07559945 
591 742 10 13 0.073109835 
676 624 14 17 0.0720264 
468 695 10 12 0.07181438 
599 693 12 17 0.07153617 
579 798 11 16 0.067615 
535 788 14 17 0.06626956 
491 778 15 17 0.06612709 
441 656 9 10 0.063890696 
603 973 10 13 0.06192134 
671 695 10 13 0.06174139 
623 820 9 13 0.061497103 
477 729 13 17 0.060372144 
484 728 14 17 0.059714578 
423 757 11 15 0.058821164 
440 758 12 14 0.05867275 
472 676 10 12 0.05856695 
436 809 14 18 0.057268757 
598 828 13 17 0.056432012 
621 949 11 14 0.056108516 
613 805 11 13 0.05451752 
556 852 11 14 0.05440247 
445 683 10 14 0.05400114 
104 476 23 28 0.05225659 
647 678 12 13 0.051744528 
536 793 18 20 0.050464287 
518 -2 360 413 0.049851257 
318 416 46 54 0.048730314 
299 516 11 15 0.04782163 
741 606 15 17 0.047649045 
734 637 9 12 0.047117524 
735 644 9 11 0.046812624 
582 767 10 13 0.046463117 
787 655 13 18 0.04585826 
1006 329 12 15 0.045363978 
632 782 9 13 0.045142774 
427 801 17 23 0.044616662 
558 709 12 15 0.044257794 
492 782 22 27 0.043523397 
801 643 13 16 0.04352053 
489 748 12 15 0.043030974 
485 699 12 14 0.042955924 
387 727 15 21 0.04287112 
83 396 15 18 0.042466797 
442 763 13 16 0.042351928 
499 785 24 29 0.04201978 
601 795 13 16 0.041785207 
162 491 17 22 0.041430768 
504 725 9 12 0.04131076 
630 789 9 11 0.04100321 
299 717 13 15 0.040994454 
405 636 11 13 0.040937115 
214 491 11 14 0.04091388 
633 899 11 15 0.040446103 
451 726 11 13 0.04017269 
20 488 9 12 0.038641885 
670 686 8 13 0.038587376 
441 661 8 9 0.038499027 
424 714 13 16 0.038338766 
639 883 10 13 0.038290013 
734 625 12 15 0.03823908 
426 630 8 11 0.03786101 
639 700 10 13 0.037723333 
696 694 9 12 0.037607186 
849 629 10 12 0.03724848 
354 728 15 18 0.036912058 
768 594 12 15 0.036687266 
312 398 45 53 0.03649236 
446 655 9 11 0.036257595 
624 798 10 13 0.035796683 
469 769 13 15 0.03545293 
78 351 12 16 0.03521426 
565 818 14 16 0.034852326 
445 749 11 14 0.034780793 
598 718 10 12 0.03451132 
420 700 11 12 0.034502577 
351 493 13 14 0.034244616 
639 771 12 15 0.03395953 
556 738 12 14 0.033919755 
599 724 10 12 0.033813007 
343 909 61 84 0.033741858 
439 749 11 14 0.03367247 
427 763 13 15 0.03359645 
668 621 15 18 0.033436935 
423 804 13 19 0.03335539 
525 765 12 15 0.032770555 
607 810 11 15 0.032524556 
647 701 9 13 0.032186244 
782 651 15 18 0.032103915 
1013 539 10 15 0.031885087 
593 789 24 31 0.031824883 
373 721 43 61 0.031778403 
410 654 10 13 0.031496543 
560 760 9 10 0.03131582 
613 811 10 13 0.031296488 
471 670 9 11 0.03116627 
700 611 12 15 0.030909332 
416 755 10 14 0.030901788 
419 654 10 12 0.030656012 
473 723 22 27 0.030374067 
712 796 11 14 0.030277386 
634 894 14 17 0.030237418 
649 683 11 13 0.029911414 
745 652 10 13 0.029828584 
430 638 8 11 0.02949033 
841 635 60 64 0.029459344 
499 824 14 18 0.029404338 
321 469 11 13 0.029378418 
633 934 9 12 0.029348176 
588 769 10 12 0.029310746 
394 678 25 30 0.029298408 
454 776 24 31 0.029215083 
629 766 11 14 0.029101945 
567 887 10 14 0.02845214 
387 722 26 34 0.028368192 
441 957 9 11 0.028350936 
410 676 12 14 0.02822386 
568 919 10 14 0.02815985 
662 683 9 13 0.028144281 
377 700 14 16 0.028037874 
688 731 11 14 0.028031474 
676 700 9 12 0.027961977 
576 752 8 12 0.027510153 
638 951 11 16 0.02750285 
625 789 10 13 0.027467208 
701 660 11 13 0.027432758 
107 297 13 18 0.027354913 
886 430 8 11 0.027246457 
604 803 13 17 0.027207807 
582 869 11 13 0.027142797 
689 301 9 12 0.027114512 
577 757 10 14 0.027060172 
464 732 11 14 0.026757153 
526 731 11 13 0.02669601 
398 630 10 12 0.02641731 
449 646 7 9 0.026298705 
344 797 31 34 0.026237058 
786 646 14 17 0.025705125 
743 645 11 14 0.025662897 
427 741 12 15 0.025652412 
722 358 9 12 0.02554239 
945 376 7 9 0.02551747 
804 649 14 17 0.025277821 
444 764 26 33 0.025271302 
1011 325 11 16 0.025114756 
572 901 10 12 0.0250585 
390 661 13 14 0.024870008 
473 927 9 11 0.024862977 
425 662 9 12 0.024803322 
516 757 13 16 0.024629181 
869 636 13 16 0.024628276 
459 787 15 18 0.02456115 
565 837 13 16 0.024548445 
639 780 11 13 0.024498712 
262 48 281 274 0.024429897 
318 372 233 247 0.024364125 
426 637 9 11 0.024362233 
334 808 116 176 0.024258347 
603 833 13 16 0.02425049 
500 766 13 15 0.0242362 
1014 347 9 13 0.024233911 
648 962 11 15 0.024212781 
383 831 55 70 0.0241993 
167 474 10 13 0.024168678 
997 308 10 13 0.023997402 
75 394 17 20 0.023986341 
320 474 11 14 0.023982316 
342 491 11 14 0.02395732 
568 893 11 13 0.023875922 
869 637 36 39 0.023834607 
373 692 15 17 0.023657437 
596 946 11 15 0.023638837 
336 484 11 14 0.023591384 
564 870 11 15 0.023511931 
480 701 11 13 0.023355937 
647 706 10 15 0.023321249 
303 496 10 11 0.023254659 
490 738 13 16 0.023170305 
717 693 11 14 0.023095917 
808 635 58 63 0.022777567 
567 843 15 19 0.022674825 
393 628 8 12 0.02266643 
484 836 13 16 0.02263461 
590 973 12 14 0.022531847 
470 730 13 16 0.022522617 
1001 366 8 12 0.022509832 
69 390 12 17 0.022486681 
583 884 11 14 0.022447247 
355 747 27 30 0.022390818 
632 772 10 13 0.022368457 
487 754 11 15 0.022284614 
581 909 10 11 0.022279443 
550 739 14 16 0.021982368 
982 318 9 12 0.02197817 
494 818 15 19 0.021960588 
653 692 10 13 0.02190398 
335 492 9 13 0.02183848 
544 765 10 13 0.021833533 
303 815 29 31 0.021823278 
477 678 10 12 0.021716788 
476 720 13 16 0.021701153 
744 660 12 14 0.021593807 
622 767 10 13 0.021578938 
788 612 23 27 0.0215671 
431 771 13 16 0.021531349 
353 818 16 19 0.021498855 
667 821 14 16 0.021427395 
196 695 243 286 0.021409271 
305 823 18 19 0.021401614 
577 763 11 15 0.021312699 
639 870 11 14 0.021311734 
76 411 15 21 0.021275606 
376 720 26 33 0.02118242 
741 703 11 14 0.021119207 
520 820 29 35 0.021113146 
636 971 14 17 0.021048283 
605 967 10 13 0.020985302 
496 918 8 10 0.020965701 
893 636 12 15 0.02093531 
620 858 11 14 0.020930406 
726 644 11 13 0.020911315 
407 658 11 14 0.020897627 
717 629 11 15 0.020885825 
701 626 11 16 0.020865835 
397 684 14 18 0.0208305 
492 726 12 15 0.02078337 
539 807 16 20 0.020739574 
943 381 8 10 0.020708665 
1012 386 10 15 0.020694379 
429 625 8 10 0.020693779 
563 716 13 14 0.020690056 
438 691 12 15 0.02062286 
449 641 8 10 0.020593844 
844 638 31 37 0.020592812 
471 724 13 15 0.020563068 
727 611 12 15 0.020558981 
854 602 13 15 0.020517739 
636 805 13 14 0.020476023 
665 700 10 13 0.020467374 
669 734 11 14 0.02043415 
319 391 30 36 0.020328518 
480 951 7 9 0.020321224 
379 454 16 21 0.020256734 
62 329 12 18 0.020226786 
558 836 12 14 0.020192364 
623 276 11 13 0.020183306 
466 786 14 18 0.020150166 
359 722 27 32 0.020070521 
797 639 22 28 0.020049065 
636 717 11 13 0.020048888 
663 827 13 16 0.020012874 
596 935 12 15 0.020012328 
