12_Group_Group_12_Group_Group_12_101
18
828 140 53 70 0.9989774 
659 128 54 66 0.9986181 
518 189 51 64 0.9984749 
477 124 51 63 0.9984403 
350 212 49 57 0.9973603 
322 144 46 59 0.99579084 
732 229 47 57 0.9948632 
168 443 44 59 0.9921191 
225 482 16 21 0.13917008 
215 478 24 28 0.058780883 
486 421 13 18 0.044184968 
556 592 30 35 0.042714037 
343 191 46 62 0.036849387 
233 482 16 21 0.028437762 
190 448 36 46 0.028363094 
206 465 30 36 0.025670713 
786 500 18 22 0.025138153 
413 307 403 518 0.020007895 
