12_Group_Group_12_Group_Group_12_247
35
529 138 32 44 0.99898833 
116 169 51 81 0.99696773 
805 186 55 88 0.994796 
404 117 31 40 0.9940217 
786 330 55 99 0.9907933 
128 142 36 49 0.8936906 
437 361 58 92 0.5793979 
744 302 119 128 0.39480254 
178 225 32 41 0.23188783 
662 292 194 185 0.17355631 
682 341 211 241 0.1166172 
166 198 49 71 0.08955369 
285 193 16 20 0.080172904 
168 168 51 72 0.07291283 
511 368 60 91 0.058303688 
711 489 73 69 0.053563826 
483 40 34 38 0.05208472 
799 207 39 58 0.049493864 
459 35 46 49 0.0426724 
809 157 61 84 0.042013258 
447 392 38 54 0.041972477 
600 361 207 236 0.041155767 
121 132 32 36 0.035896175 
418 111 26 36 0.033334825 
-77 222 365 465 0.031032918 
413 96 16 19 0.030578388 
134 169 67 96 0.029367957 
409 115 21 25 0.027588084 
266 192 15 17 0.025928158 
441 309 53 86 0.022536937 
15 310 204 322 0.02224513 
616 305 22 31 0.021824433 
112 119 75 103 0.021622527 
202 324 43 43 0.021430174 
118 132 15 19 0.020096892 
