12_Group_Team_Organized_Group_12_Group_Team_Organized_Group_12_617
223
562 156 38 50 0.988462 
907 191 44 53 0.9852571 
194 190 47 64 0.9839219 
275 177 17 20 0.95355 
653 155 17 24 0.9526405 
804 164 17 24 0.94937146 
357 227 22 29 0.9395973 
68 202 21 25 0.9248829 
757 168 15 20 0.903995 
846 130 21 28 0.90380543 
299 168 13 17 0.6240828 
560 608 31 41 0.5726543 
276 232 17 21 0.5343128 
978 157 17 23 0.52740633 
252 206 21 26 0.5149828 
693 174 10 14 0.47281706 
350 174 12 15 0.4395253 
263 223 19 28 0.40331852 
254 214 23 30 0.3831724 
712 153 12 18 0.38265002 
13 248 23 32 0.3353654 
784 605 57 79 0.27690968 
715 149 12 17 0.2626142 
716 162 12 17 0.2570285 
383 160 13 18 0.2514108 
399 193 12 16 0.23709385 
307 224 13 18 0.23369235 
636 166 12 14 0.23075336 
140 189 30 52 0.1898549 
441 202 9 11 0.18980634 
352 167 10 13 0.18745501 
345 193 16 19 0.17479156 
739 160 12 18 0.16729333 
46 285 14 18 0.14958718 
784 198 11 15 0.1326988 
310 159 9 11 0.11767817 
439 189 9 11 0.11239657 
292 225 16 22 0.10579477 
0 194 10 15 0.094871484 
969 159 23 30 0.09437707 
95 203 11 16 0.09288052 
959 188 27 39 0.09111102 
259 193 13 17 0.08835091 
135 200 23 37 0.08646596 
308 162 11 16 0.08597784 
502 198 8 11 0.08056402 
814 188 14 18 0.0798587 
701 237 9 12 0.07909879 
722 163 14 18 0.07760106 
511 188 8 11 0.07606869 
344 179 13 15 0.07464736 
114 205 15 18 0.07351576 
647 160 15 20 0.07025761 
838 136 24 31 0.06942545 
283 230 22 25 0.06711352 
719 124 9 12 0.06663547 
740 465 12 15 0.066374876 
445 188 9 11 0.061585538 
292 153 14 16 0.061354052 
135 220 15 23 0.061079312 
-5 261 49 75 0.059812974 
406 243 11 14 0.058760673 
433 189 10 12 0.05683879 
857 131 15 21 0.055715922 
394 172 15 18 0.055053316 
776 180 10 15 0.0544072 
394 188 20 27 0.0538949 
851 149 16 23 0.052777212 
628 170 14 17 0.05026619 
300 229 14 20 0.049265772 
300 175 13 16 0.048584 
254 193 20 29 0.04782319 
371 186 11 15 0.047430374 
245 171 10 14 0.047374867 
819 563 41 54 0.046969913 
724 580 47 69 0.04651589 
718 175 12 16 0.046281777 
255 189 14 17 0.045208972 
554 599 58 59 0.044728845 
505 190 9 12 0.04471973 
807 152 12 15 0.04426782 
303 158 11 14 0.043855652 
993 161 14 20 0.04359994 
748 161 20 25 0.04160148 
48 187 12 15 0.041426737 
798 230 13 17 0.04127246 
713 171 12 16 0.03956774 
422 244 9 13 0.03864197 
-20 241 83 129 0.038627353 
19 285 54 88 0.03824611 
415 244 10 13 0.0381352 
507 255 173 250 0.036715038 
18 245 14 22 0.036395893 
961 169 24 34 0.035912957 
637 670 54 61 0.035572458 
260 83 11 16 0.03551474 
792 222 11 13 0.03499729 
850 140 26 36 0.034707095 
622 179 15 19 0.034526393 
333 259 13 18 0.034224108 
445 219 11 16 0.034126054 
828 429 170 248 0.033724103 
93 251 13 18 0.033666983 
688 168 19 25 0.03341645 
396 158 12 15 0.03328633 
305 169 13 16 0.033156145 
486 236 12 16 0.033086546 
357 224 15 19 0.0329391 
743 617 86 110 0.032842647 
766 155 12 16 0.032523837 
37 203 12 15 0.03240134 
808 155 17 22 0.032286186 
741 153 11 14 0.03220037 
781 236 12 15 0.03170609 
772 172 12 17 0.031270653 
722 149 13 17 0.030949384 
123 207 27 36 0.030873971 
811 150 13 15 0.03083702 
725 176 12 16 0.030731842 
482 361 207 239 0.030407201 
806 575 45 59 0.03037915 
502 203 10 13 0.030005665 
391 177 21 28 0.029967137 
395 164 14 17 0.029171234 
481 333 130 159 0.029013561 
865 132 14 20 0.02865438 
36 282 25 32 0.028539658 
310 118 9 11 0.028406624 
738 600 51 62 0.02811152 
367 183 11 15 0.027936393 
366 202 11 16 0.027664484 
674 332 358 448 0.027029745 
285 173 11 15 0.026737088 
432 206 10 12 0.026699068 
790 190 10 14 0.026697101 
409 212 10 13 0.026579965 
76 248 15 20 0.026405934 
575 369 90 118 0.02628829 
265 209 15 19 0.026063873 
790 229 12 14 0.026008015 
355 177 12 15 0.025945388 
666 162 12 16 0.02582407 
93 94 11 15 0.025620097 
776 187 11 14 0.025534013 
348 218 21 29 0.025489997 
421 238 9 13 0.025419895 
84 250 13 17 0.025418375 
105 206 26 32 0.025395896 
869 198 16 21 0.02528751 
319 150 9 12 0.025123855 
345 165 10 12 0.024760997 
25 256 15 24 0.024707602 
705 154 13 17 0.024673866 
356 194 13 17 0.024617221 
436 146 12 14 0.024581399 
21 248 99 127 0.024554588 
844 170 14 18 0.02446884 
14 194 13 16 0.024441957 
275 220 16 23 0.024431244 
35 362 33 45 0.02441974 
383 151 10 14 0.02434638 
109 94 10 11 0.0243262 
100 200 12 16 0.024287635 
52 194 12 18 0.024181118 
429 244 9 12 0.024043519 
350 161 11 13 0.023948852 
5 264 26 36 0.02392874 
35 258 17 21 0.023782762 
676 165 12 15 0.023731569 
349 163 20 24 0.02368948 
119 200 25 30 0.023632951 
136 207 14 23 0.023584025 
463 389 10 14 0.023526972 
497 192 8 12 0.02343693 
4 248 18 25 0.023417339 
174 186 49 64 0.023283748 
940 192 31 45 0.023243127 
241 167 10 13 0.023084678 
739 155 20 27 0.022994574 
304 125 9 11 0.022973765 
423 260 9 13 0.022944337 
219 203 28 35 0.022938373 
83 196 14 18 0.022812719 
70 250 15 20 0.02254743 
2 190 12 17 0.022406103 
90 237 22 27 0.022394702 
863 195 26 35 0.022390626 
271 182 15 19 0.02236902 
764 167 19 26 0.022242455 
372 210 12 15 0.022120476 
952 146 43 51 0.022003325 
400 244 12 15 0.02195319 
389 220 11 15 0.021925502 
449 241 9 13 0.021776935 
246 209 36 48 0.02174108 
101 227 14 18 0.021709085 
691 252 13 17 0.02157326 
358 243 16 22 0.02154667 
276 209 15 19 0.021449415 
817 194 14 18 0.021396436 
78 207 17 21 0.021320049 
347 210 17 21 0.02108127 
336 173 10 12 0.020998836 
208 720 8 11 0.020969642 
86 127 8 10 0.020939887 
760 605 57 66 0.02089333 
304 133 9 13 0.020841016 
807 547 42 51 0.020821827 
780 190 13 17 0.020796556 
703 563 79 107 0.020776827 
341 144 12 15 0.020677347 
57 247 19 27 0.0204393 
388 261 14 17 0.020426821 
74 257 17 21 0.020337025 
711 178 11 15 0.020304605 
514 356 71 91 0.020259395 
781 197 19 25 0.020253971 
488 198 8 11 0.020232864 
336 182 10 14 0.02023003 
845 150 14 22 0.020218618 
986 164 16 22 0.02018558 
316 157 10 12 0.02016352 
376 163 12 17 0.020060344 
