12_Group_Group_12_Group_Group_12_62
40
803 124 50 65 0.99869823 
189 149 47 57 0.99779993 
650 138 51 62 0.99752706 
341 156 47 60 0.9973354 
466 178 46 57 0.99683505 
400 125 40 52 0.99660456 
555 144 41 49 0.9962165 
744 96 47 57 0.99608034 
257 136 43 52 0.9956161 
879 144 25 30 0.060630824 
64 148 17 22 0.05581419 
875 124 38 50 0.049795624 
979 206 10 12 0.04972095 
908 177 21 32 0.04662445 
534 617 15 17 0.045773007 
649 197 401 512 0.04542911 
274 274 357 495 0.042842146 
412 589 29 34 0.038443133 
771 192 188 242 0.03747681 
739 607 17 20 0.037451223 
713 577 47 59 0.03334252 
414 585 72 91 0.03263836 
1006 66 13 16 0.031432897 
947 206 11 15 0.030093607 
965 93 11 13 0.02976607 
490 668 14 16 0.028614035 
961 93 10 13 0.028011763 
882 124 13 18 0.026067005 
379 136 27 39 0.025217276 
317 668 14 16 0.023952167 
417 416 203 282 0.0236945 
861 73 13 16 0.023463476 
893 139 14 17 0.023440018 
771 337 112 136 0.022202384 
393 545 116 148 0.022105167 
922 124 13 17 0.02178307 
403 666 16 17 0.021536171 
935 88 12 17 0.021413649 
669 13 422 482 0.020844646 
976 210 12 14 0.020247184 
