12_Group_Group_12_Group_Group_12_434
25
813 207 45 74 0.99294513 
168 180 43 57 0.98934656 
550 182 29 46 0.9866648 
410 182 37 44 0.9565677 
730 236 48 61 0.6612508 
882 208 25 43 0.354184 
150 213 42 73 0.30222726 
115 249 54 65 0.04855494 
555 192 42 51 0.045690317 
13 216 10 12 0.043493893 
773 273 46 71 0.038060155 
421 172 29 38 0.03615528 
94 204 42 63 0.033514466 
715 223 48 64 0.030341886 
699 253 30 54 0.029319368 
587 207 28 38 0.027398735 
375 159 369 399 0.025950968 
0 196 8 13 0.025645232 
818 196 34 49 0.02519519 
0 191 7 12 0.024741592 
396 181 28 40 0.024583628 
748 214 45 62 0.02401996 
221 212 219 275 0.023335448 
575 218 30 37 0.022155939 
434 176 17 25 0.021805411 
