12_Group_Large_Group_12_Group_Large_Group_12_107
97
298 325 33 41 0.9989919 
386 316 34 43 0.9988403 
544 296 35 44 0.9984378 
465 200 31 38 0.9984035 
757 199 32 42 0.9981893 
700 194 29 39 0.99807227 
589 207 32 40 0.9979638 
636 312 33 44 0.99786973 
549 193 28 38 0.99747425 
837 191 36 48 0.9973693 
467 376 35 45 0.99729687 
301 202 34 39 0.99698156 
644 216 30 37 0.9964412 
718 373 36 45 0.9963091 
160 202 35 44 0.99587613 
432 240 32 38 0.9955745 
409 205 31 37 0.99448806 
188 379 41 51 0.99220467 
345 217 27 34 0.99127746 
510 206 33 40 0.990965 
233 177 32 42 0.9888947 
77 211 44 53 0.9869083 
617 182 25 31 0.98655105 
914 202 15 17 0.3095732 
855 162 25 30 0.1915453 
689 170 17 21 0.14827503 
907 192 24 28 0.11048633 
893 181 11 15 0.10769271 
861 167 14 16 0.10401358 
843 162 29 36 0.09504209 
885 159 11 13 0.08906166 
803 137 16 20 0.08389479 
223 358 23 29 0.0812501 
793 141 21 27 0.076657265 
58 387 47 42 0.07085587 
780 150 23 27 0.07083459 
822 155 15 18 0.06508069 
212 338 10 14 0.062291656 
638 164 13 17 0.060621623 
732 181 16 19 0.058665767 
226 356 16 18 0.054651704 
900 180 13 16 0.0529071 
897 183 22 27 0.052893277 
642 167 17 20 0.04625251 
881 157 10 13 0.04606918 
610 192 27 34 0.04110095 
853 164 13 18 0.039299544 
400 539 12 15 0.03850773 
907 176 24 30 0.038470436 
1 628 40 59 0.038045723 
36 520 13 17 0.03609313 
31 520 22 31 0.035908952 
250 92 29 37 0.03530769 
584 186 22 28 0.03493483 
910 179 15 19 0.03407978 
922 177 16 21 0.030646393 
226 394 23 34 0.030486818 
886 175 19 26 0.03032287 
71 379 62 58 0.030042125 
472 174 12 14 0.029742945 
395 154 18 21 0.029572412 
903 195 15 19 0.02850022 
414 242 24 34 0.028301468 
226 366 27 32 0.028061321 
894 149 9 11 0.027711919 
215 67 24 32 0.027431786 
846 170 15 19 0.026040083 
147 393 15 20 0.025714792 
892 161 12 15 0.025515031 
755 170 17 20 0.025364928 
873 159 23 26 0.025333142 
611 474 64 58 0.025070375 
814 113 12 17 0.024736071 
684 132 14 17 0.02458801 
294 312 32 39 0.024413867 
537 200 28 36 0.024406279 
898 167 41 48 0.023803262 
642 158 15 18 0.023547575 
291 207 26 33 0.023376016 
749 174 22 29 0.023297165 
385 164 27 34 0.02246787 
45 552 13 18 0.022424644 
810 133 13 19 0.02231814 
788 141 14 18 0.022015503 
772 133 11 15 0.022000033 
861 176 26 33 0.021953803 
827 159 14 18 0.021783905 
389 557 9 12 0.021555938 
980 451 44 75 0.021421053 
-1 288 35 55 0.021389998 
869 170 23 29 0.021222947 
932 465 12 16 0.021205561 
783 143 12 15 0.021205364 
996 411 26 42 0.021151973 
930 177 14 20 0.020391183 
757 182 27 33 0.020191576 
922 209 13 16 0.020134874 
