12_Group_Large_Group_12_Group_Large_Group_12_551
22
459 228 113 156 0.99932945 
252 1288 28 31 0.1167583 
478 202 179 245 0.10203647 
146 1277 35 39 0.07048589 
76 952 383 494 0.06354522 
334 1351 9 13 0.059666466 
883 1397 33 39 0.0484327 
647 1300 26 31 0.047741547 
546 1277 27 35 0.03874936 
335 1355 10 15 0.037917588 
464 1285 16 18 0.03541042 
411 107 32 49 0.0345371 
136 1283 49 56 0.032768447 
898 1370 13 16 0.029352617 
554 1412 13 15 0.028805347 
523 253 218 283 0.026989376 
505 1286 27 31 0.026291016 
590 1408 10 13 0.025574071 
483 1283 13 16 0.022459062 
883 1374 49 57 0.021865144 
137 414 363 458 0.021494469 
527 1413 11 13 0.021194583 
