12_Group_Large_Group_12_Group_Large_Group_12_448
19
730 266 203 230 0.9993814 
508 416 189 256 0.9984793 
277 196 301 201 0.99640465 
161 480 289 165 0.9898448 
592 130 186 208 0.98936033 
502 145 185 235 0.58361655 
664 194 204 219 0.2705726 
0 358 105 152 0.23578525 
142 397 250 205 0.14425646 
934 307 94 121 0.08597199 
222 328 297 380 0.075280525 
2 -3 260 348 0.06719662 
169 387 133 113 0.06613625 
208 47 339 388 0.037310865 
192 312 226 195 0.026731014 
544 108 116 120 0.02347342 
617 -8 361 442 0.02112817 
399 203 231 321 0.021070374 
720 150 295 413 0.020239368 
