12_Group_Large_Group_12_Group_Large_Group_12_276
77
849 86 59 71 0.99909866 
572 206 57 70 0.9987961 
355 38 53 71 0.9985259 
219 240 55 65 0.998497 
437 233 60 76 0.99843866 
591 91 53 68 0.997851 
518 83 49 57 0.9976992 
436 68 53 61 0.9976064 
668 262 63 78 0.9975165 
324 228 54 65 0.99702686 
223 62 54 60 0.9969388 
581 27 39 50 0.9951159 
489 1 45 51 0.9911574 
697 157 54 65 0.9911342 
709 74 46 59 0.99045604 
294 7 44 53 0.9877337 
137 9 45 52 0.9804726 
651 67 41 49 0.97734356 
103 293 65 69 0.9719382 
-4 69 36 69 0.93688375 
980 28 18 23 0.71082425 
48 66 52 66 0.18483391 
232 -1 25 23 0.16223232 
928 226 80 98 0.12242209 
904 199 118 174 0.10096637 
986 21 21 30 0.097999044 
632 73 44 58 0.085506804 
743 76 32 41 0.08080963 
971 16 25 33 0.080084264 
819 191 59 76 0.07412651 
913 23 27 34 0.056300048 
652 240 53 66 0.05580246 
443 24 33 37 0.05575871 
51 3 51 58 0.055077508 
207 186 34 40 0.05212987 
123 27 30 39 0.051814176 
103 0 29 32 0.049096625 
941 41 15 24 0.04857275 
1002 25 14 20 0.04349489 
1011 5 12 16 0.042149704 
683 145 47 60 0.035623897 
648 56 31 43 0.035380997 
699 78 34 47 0.035270542 
947 48 12 19 0.035090033 
668 8 42 51 0.034260955 
644 223 48 59 0.034069423 
125 40 14 20 0.0324193 
35 72 85 99 0.03211563 
751 181 50 56 0.03209405 
658 31 45 56 0.03121372 
959 10 25 32 0.029976841 
692 0 18 19 0.029564982 
351 6 34 38 0.029544478 
48 31 50 63 0.02843891 
64 48 50 62 0.027225778 
69 -1 15 13 0.026837692 
736 52 26 31 0.025843926 
499 125 27 38 0.025321836 
66 87 39 41 0.024996696 
207 205 48 57 0.024706587 
727 68 36 50 0.024404 
398 89 21 31 0.024212409 
39 -8 80 94 0.023702035 
117 6 25 32 0.023002444 
801 174 101 114 0.022837156 
724 178 57 64 0.02250509 
998 344 29 46 0.022242881 
749 61 33 41 0.022040999 
638 218 30 43 0.021981187 
30 74 30 43 0.021272425 
586 64 50 66 0.02126286 
43 62 36 48 0.020903232 
862 46 15 17 0.020898318 
44 43 13 16 0.020592446 
785 189 46 60 0.020551791 
43 222 27 40 0.020421537 
345 19 46 60 0.020372607 
