12_Group_Team_Organized_Group_12_Group_Team_Organized_Group_12_504
68
688 131 101 129 0.9983388 
425 90 110 140 0.9952952 
151 202 102 114 0.9506207 
349 125 60 75 0.63534176 
199 203 111 125 0.40084124 
62 26 23 28 0.31088212 
968 124 54 73 0.16115174 
641 156 34 42 0.16006604 
525 242 214 260 0.13646999 
360 99 95 122 0.112816066 
60 646 28 31 0.10874565 
437 183 387 435 0.06427371 
568 58 30 33 0.054505043 
636 148 54 77 0.052267503 
3 267 100 123 0.051299307 
642 165 20 25 0.04850785 
884 267 97 148 0.044147488 
496 43 51 64 0.042253003 
458 48 94 142 0.03645182 
1003 210 15 20 0.03608804 
817 440 59 68 0.035568476 
100 148 158 197 0.035522483 
154 228 18 21 0.034179054 
137 20 13 16 0.033158414 
18 295 35 42 0.03315318 
164 27 56 63 0.031068021 
222 443 41 45 0.030714778 
244 82 45 53 0.030557435 
820 506 13 18 0.0298699 
636 106 28 31 0.029724509 
95 18 13 16 0.029625952 
829 410 62 74 0.02941311 
142 55 377 450 0.029219564 
210 119 163 213 0.028635504 
132 36 117 126 0.02780951 
70 443 57 87 0.027484689 
358 398 42 53 0.027145172 
810 467 53 65 0.026932966 
558 320 146 150 0.026683493 
878 210 14 19 0.0265173 
812 478 16 20 0.025928004 
353 59 159 197 0.025004208 
813 507 14 17 0.024617678 
329 433 51 70 0.024201654 
882 184 17 20 0.023794867 
24 45 9 12 0.023432642 
62 24 14 16 0.023274185 
148 58 29 33 0.022997001 
377 207 48 68 0.022935385 
796 112 29 34 0.022917992 
77 62 12 15 0.022684507 
149 191 182 201 0.022337457 
59 4 13 14 0.022123598 
59 200 163 201 0.022120332 
31 31 10 12 0.021966888 
237 175 92 112 0.021780003 
73 28 14 20 0.021642456 
56 33 13 16 0.021634249 
846 118 9 12 0.021594714 
319 258 46 59 0.021376835 
640 106 47 69 0.021370562 
807 422 52 66 0.02105246 
-180 -115 483 529 0.021049554 
162 56 33 40 0.020953473 
92 13 22 27 0.020758394 
17 275 54 81 0.020600915 
650 118 93 128 0.020487526 
163 24 16 18 0.020056942 
