12_Group_Large_Group_12_Group_Large_Group_12_103
132
912 296 57 59 0.99348056 
310 189 41 54 0.9905494 
500 190 40 48 0.9845691 
775 192 26 37 0.9844705 
105 148 41 53 0.98407596 
820 167 22 29 0.97252625 
738 129 22 31 0.9430989 
534 175 25 33 0.91583776 
401 206 26 37 0.9115603 
509 128 18 24 0.91121006 
645 220 30 57 0.88929284 
361 135 21 26 0.8849632 
637 142 26 31 0.8684317 
292 161 25 32 0.65046513 
661 129 24 29 0.62313366 
923 181 20 32 0.6120704 
189 474 87 110 0.6071594 
496 322 71 103 0.5770404 
271 179 30 41 0.36015835 
401 153 16 21 0.3415987 
578 185 24 32 0.25503814 
282 165 29 39 0.23738508 
515 179 34 40 0.17473675 
739 194 17 22 0.1608549 
647 128 29 34 0.15034145 
158 169 30 40 0.1410339 
446 148 13 20 0.13909817 
701 187 25 32 0.13874125 
631 219 24 32 0.124072164 
419 138 16 19 0.120600626 
470 195 16 20 0.119587846 
932 168 29 35 0.11603553 
231 447 81 132 0.113566466 
313 123 23 30 0.112306334 
756 174 22 29 0.11128877 
405 135 12 15 0.09759367 
410 151 16 22 0.09466894 
390 154 16 20 0.09239017 
691 191 26 33 0.09002992 
381 167 15 19 0.08385261 
357 179 23 30 0.073376216 
450 150 16 24 0.07070962 
95 323 29 38 0.069671504 
765 176 26 34 0.06887749 
966 244 58 76 0.06681054 
588 178 16 23 0.061402995 
679 225 34 46 0.06068593 
629 225 16 20 0.06062635 
0 205 46 77 0.055697776 
639 213 27 47 0.05389339 
414 143 22 27 0.05369834 
364 334 27 32 0.053581696 
414 203 30 40 0.05269349 
175 439 71 92 0.052063867 
112 434 175 192 0.050381113 
323 164 29 33 0.049978465 
694 193 37 45 0.049309395 
636 182 18 22 0.048801437 
526 161 26 36 0.04740203 
265 428 85 152 0.04573377 
777 186 21 26 0.045725863 
247 202 47 54 0.0428133 
744 183 21 28 0.042725943 
659 230 33 47 0.040853433 
579 169 15 19 0.040550604 
346 170 15 21 0.03905255 
625 180 21 27 0.038595375 
813 172 23 31 0.03838578 
603 234 43 63 0.0380894 
578 377 59 70 0.036682185 
617 219 42 61 0.03637954 
234 266 52 51 0.034494054 
296 130 41 50 0.033773452 
66 173 41 53 0.033675794 
304 160 31 37 0.032366186 
274 186 40 53 0.031557504 
698 211 35 51 0.031553067 
379 152 24 29 0.031435657 
682 203 38 55 0.031324603 
715 191 21 27 0.03108924 
832 163 15 23 0.030782664 
366 183 22 29 0.030583799 
929 189 28 34 0.030554555 
332 155 17 19 0.029977305 
2 218 28 45 0.029814338 
363 226 23 31 0.02953658 
761 164 16 20 0.029355638 
437 145 16 21 0.029046157 
672 134 16 22 0.028925497 
13 186 81 110 0.0287982 
531 153 15 18 0.027903192 
144 480 106 123 0.027075632 
544 180 26 35 0.026913052 
401 139 13 16 0.026765335 
918 180 15 25 0.026716536 
143 225 44 53 0.026516095 
581 195 26 32 0.026375612 
237 231 39 47 0.026284317 
595 174 14 18 0.02626869 
452 142 13 19 0.02569173 
419 157 15 22 0.025683282 
338 163 15 19 0.02565963 
391 215 26 32 0.025482278 
392 192 29 38 0.02527027 
457 202 20 30 0.02489956 
379 173 23 28 0.024815567 
673 176 15 19 0.024631405 
593 238 17 22 0.024396915 
411 195 14 20 0.024249975 
142 158 27 38 0.024097245 
364 127 15 18 0.02389447 
527 148 12 17 0.023718644 
500 173 35 41 0.023539454 
878 282 34 39 0.023271333 
525 163 15 21 0.022946058 
734 199 14 20 0.02291748 
487 200 28 35 0.022798236 
762 282 69 80 0.02267454 
405 221 28 37 0.022644365 
297 313 27 33 0.022503603 
571 173 26 32 0.021740224 
301 119 26 35 0.021642799 
922 261 62 67 0.021574972 
364 309 16 20 0.021366654 
126 148 30 42 0.021215882 
710 202 27 43 0.0211664 
557 182 24 30 0.020972164 
710 232 27 43 0.0207798 
476 208 25 31 0.020588418 
620 151 15 20 0.020214967 
351 135 23 29 0.020163173 
599 245 29 42 0.020091431 
