12_Group_Group_12_Group_Group_12_610
24
347 134 68 70 0.9910931 
892 188 70 106 0.98631954 
505 227 70 91 0.8021227 
153 219 48 78 0.4144396 
176 123 64 71 0.39102942 
502 253 93 117 0.122542515 
349 343 47 53 0.08654165 
603 239 52 81 0.08028811 
670 234 56 79 0.07706584 
530 212 72 101 0.05949353 
200 100 57 71 0.043158602 
623 253 62 83 0.036990494 
152 104 53 72 0.036107916 
33 210 182 218 0.034333933 
136 204 51 76 0.03375073 
602 240 449 559 0.030873943 
72 217 52 68 0.02525106 
514 252 42 59 0.024540866 
350 87 58 71 0.023281187 
511 295 58 73 0.022978745 
550 223 81 127 0.022961007 
158 150 63 84 0.020742262 
128 214 82 118 0.02072992 
472 193 87 121 0.02024465 
