9_Press_Conference_Press_Conference_9_325
33
334 191 59 76 0.9972339 
687 120 60 103 0.9948257 
755 57 21 27 0.45622978 
867 519 46 54 0.36552703 
951 532 21 28 0.24330606 
766 316 131 206 0.14264016 
596 372 18 21 0.13777436 
387 367 87 137 0.12187842 
435 154 13 20 0.096090294 
673 82 18 24 0.061493713 
482 139 17 23 0.060428433 
601 107 18 23 0.05939418 
425 375 84 137 0.047942214 
475 255 24 32 0.04348738 
432 410 115 183 0.041357 
306 135 104 133 0.04093834 
595 237 22 28 0.032468777 
371 373 69 100 0.03143585 
820 334 121 170 0.030050095 
949 353 24 29 0.029057229 
337 104 180 203 0.027553784 
401 232 29 38 0.026232304 
465 290 196 244 0.02614123 
716 0 18 17 0.025560256 
532 247 22 30 0.024561053 
310 190 12 18 0.02415828 
595 508 15 18 0.024022589 
363 64 97 148 0.023577807 
536 120 22 32 0.023204856 
463 239 46 57 0.022597454 
328 98 102 130 0.021856336 
441 63 15 18 0.021731397 
412 106 26 37 0.020741357 
