9_Press_Conference_Press_Conference_9_35
222
187 190 19 25 0.9506649 
686 213 16 20 0.9197549 
402 187 11 14 0.90533286 
623 216 14 18 0.8921838 
602 195 11 15 0.84457076 
309 214 13 17 0.8069012 
373 213 13 16 0.79529005 
268 307 21 36 0.70283246 
371 244 13 17 0.6790643 
287 212 11 14 0.6285021 
854 142 10 13 0.6239294 
194 287 20 22 0.5395195 
302 284 20 26 0.5337357 
562 320 31 35 0.51326334 
958 181 30 38 0.45706937 
134 352 28 31 0.4453437 
572 313 23 27 0.304529 
515 327 18 23 0.27157822 
314 218 13 15 0.25090697 
235 283 13 16 0.23944312 
564 307 25 28 0.22558026 
76 337 26 31 0.19831435 
550 334 31 39 0.19450712 
331 219 12 15 0.18875036 
586 316 15 20 0.17719825 
17 326 57 60 0.17240031 
371 321 14 24 0.1714827 
159 305 25 32 0.16541903 
40 331 66 71 0.14405519 
436 311 17 20 0.13727275 
261 320 17 24 0.12219668 
332 211 13 17 0.11817998 
331 226 12 15 0.11741738 
328 207 11 13 0.11724382 
477 296 24 28 0.11688721 
351 219 10 13 0.11676514 
274 237 13 17 0.11309027 
355 221 12 15 0.11200117 
13 329 35 37 0.11049465 
332 235 11 14 0.0952085 
342 213 10 14 0.09368488 
261 289 16 19 0.09274775 
306 427 68 74 0.088975854 
955 191 47 59 0.08641517 
294 288 17 21 0.08609442 
420 337 14 19 0.08564887 
952 194 30 36 0.08481454 
341 284 16 19 0.08384396 
255 314 41 48 0.07965808 
465 333 29 34 0.07536053 
276 302 22 32 0.074378245 
197 354 59 55 0.07394649 
541 340 28 38 0.0735332 
283 335 17 24 0.06985603 
230 283 21 26 0.06791245 
556 331 44 53 0.06695207 
499 304 15 21 0.0645861 
389 251 10 14 0.063104235 
278 320 22 34 0.062903 
402 308 13 16 0.0626514 
569 297 19 22 0.061164826 
356 319 25 30 0.061059393 
378 243 14 20 0.059004102 
0 318 10 14 0.05841462 
691 132 16 17 0.056929763 
176 378 58 57 0.056073684 
-2 326 25 38 0.05568652 
421 340 23 31 0.055457324 
382 -7 397 442 0.054062974 
292 208 10 13 0.05365617 
442 315 16 22 0.05270528 
954 217 31 38 0.05218706 
489 267 18 20 0.05209732 
675 171 12 15 0.051744297 
224 289 24 32 0.050496813 
598 188 19 24 0.049888253 
430 311 15 19 0.04932687 
125 346 45 51 0.04881244 
563 329 101 120 0.048298445 
279 422 103 129 0.047453385 
-2 323 49 69 0.046372678 
413 209 14 18 0.045904752 
644 321 13 21 0.044239316 
378 217 12 16 0.044057343 
382 208 12 15 0.043865662 
314 281 14 21 0.043325976 
511 322 14 21 0.04324079 
171 291 12 15 0.043075427 
391 326 23 28 0.042911753 
751 359 13 18 0.04281492 
849 138 19 23 0.04256636 
684 136 26 29 0.04233854 
503 306 20 28 0.04200422 
317 328 15 18 0.041318957 
578 294 13 16 0.041057035 
275 300 13 23 0.041004106 
222 294 12 17 0.040639248 
415 301 176 237 0.040182404 
318 209 11 12 0.03952484 
926 206 85 140 0.03938605 
439 232 12 14 0.039142616 
159 293 44 51 0.038905397 
551 346 61 64 0.03851037 
342 207 9 14 0.03760996 
335 242 11 14 0.037353333 
190 291 45 52 0.036966365 
641 263 9 11 0.0364798 
499 268 14 17 0.036420047 
388 305 15 18 0.03638123 
323 242 13 16 0.035862107 
198 222 13 15 0.035755575 
507 330 27 34 0.034556694 
283 275 15 21 0.03383356 
-2 308 88 103 0.033684954 
368 217 13 15 0.03362031 
292 218 11 14 0.033616655 
29 332 32 35 0.032883335 
261 265 11 15 0.03264123 
309 278 13 19 0.03210704 
-1 329 14 25 0.032019768 
368 209 11 14 0.03159984 
381 305 14 19 0.031595867 
398 331 23 31 0.03147766 
638 171 11 15 0.0311097 
484 300 27 33 0.030699963 
388 206 12 15 0.03068499 
406 231 10 13 0.030510008 
2 324 13 18 0.030490622 
181 283 13 16 0.03048761 
974 179 28 37 0.029919062 
216 288 47 50 0.029389558 
462 338 15 21 0.02914596 
243 296 44 53 0.029087437 
407 205 13 17 0.028837634 
56 360 57 70 0.028815567 
289 283 39 50 0.028561966 
526 245 15 17 0.02839432 
172 337 97 91 0.028262902 
394 187 11 14 0.028099312 
285 279 21 28 0.02789478 
588 205 13 16 0.027433714 
651 362 87 101 0.027331254 
661 312 29 33 0.027255837 
397 257 10 16 0.02709313 
335 295 26 32 0.026938513 
174 288 28 33 0.026876975 
263 291 22 28 0.02685624 
205 313 54 61 0.026759619 
196 381 67 61 0.026735779 
217 340 54 55 0.026463661 
344 200 9 12 0.026378594 
656 338 60 71 0.026328033 
158 171 14 17 0.026200702 
358 214 10 13 0.026179524 
619 294 92 113 0.026136294 
352 235 12 17 0.02608935 
633 312 50 62 0.026045088 
943 247 83 145 0.026040897 
741 373 10 13 0.026000228 
294 235 14 18 0.025978524 
310 223 14 17 0.025698137 
560 305 13 19 0.025615035 
148 172 13 16 0.025509225 
956 200 17 24 0.025272382 
209 310 17 21 0.025180157 
342 244 10 13 0.025176823 
223 285 10 15 0.02514463 
409 343 26 36 0.024847984 
130 383 182 185 0.024625424 
379 315 15 20 0.024511782 
399 191 12 15 0.02450567 
612 377 66 78 0.024219632 
576 336 32 40 0.02413269 
452 340 14 22 0.02403872 
863 158 11 15 0.02403355 
449 312 15 21 0.023963062 
429 321 15 18 0.0239513 
324 291 13 18 0.023885464 
383 227 11 15 0.0238679 
68 343 15 21 0.02376688 
343 307 29 39 0.02371218 
319 236 12 15 0.023584498 
358 206 11 12 0.023473365 
413 331 14 21 0.02342682 
335 415 61 86 0.02331248 
731 386 13 18 0.02320671 
281 218 11 14 0.02301449 
413 309 11 15 0.022919683 
56 484 68 72 0.022890778 
325 221 20 24 0.022887675 
633 317 23 32 0.022715949 
560 296 22 30 0.02271021 
318 225 11 15 0.022594718 
997 180 14 21 0.02251642 
13 317 12 14 0.022399709 
177 311 18 23 0.022298124 
294 230 11 14 0.022286426 
493 310 25 35 0.022258721 
290 296 23 31 0.022191966 
397 303 14 17 0.022033878 
483 273 28 34 0.021917095 
514 315 16 21 0.02191212 
295 259 13 18 0.021813942 
391 311 24 25 0.02169773 
647 312 24 34 0.021490054 
645 268 11 13 0.021247158 
278 231 11 14 0.021244427 
215 295 24 32 0.02112524 
241 283 13 16 0.021075435 
86 337 31 37 0.020986874 
368 308 21 31 0.020925334 
215 364 61 61 0.020915942 
957 189 17 26 0.02085629 
363 332 15 23 0.020853091 
414 333 44 56 0.020785362 
958 202 59 82 0.020539029 
499 324 25 31 0.02048862 
332 312 22 35 0.020446828 
355 306 17 22 0.020296955 
423 231 11 14 0.020253211 
441 339 25 33 0.020247122 
391 256 12 18 0.02016292 
