9_Press_Conference_Press_Conference_9_258
16
292 391 457 563 0.9999752 
347 129 410 487 0.7025414 
248 1415 439 561 0.51988703 
322 587 558 648 0.19204152 
304 119 224 297 0.1557796 
215 227 442 539 0.09844674 
339 938 369 536 0.08888476 
-66 1044 376 476 0.08375201 
199 81 396 458 0.048798986 
506 327 319 452 0.046038244 
660 1293 120 189 0.036459815 
159 451 389 515 0.032995336 
267 1176 125 210 0.030581355 
691 1201 219 279 0.026153639 
414 86 257 325 0.022553058 
585 1369 371 471 0.02177975 
