9_Press_Conference_Press_Conference_9_397
18
872 143 46 57 0.99733114 
87 92 45 59 0.99727124 
356 107 42 53 0.9925291 
481 119 41 54 0.98993427 
714 155 39 49 0.9896541 
209 132 40 51 0.9864421 
629 113 40 55 0.9807828 
784 163 41 46 0.96980166 
678 292 21 26 0.69177055 
291 99 23 32 0.54432523 
797 211 31 38 0.12451963 
757 185 29 48 0.07624454 
431 247 196 265 0.04627031 
757 162 15 21 0.04261198 
744 148 26 37 0.041785542 
804 239 16 19 0.034530587 
756 164 24 33 0.031217238 
476 547 30 33 0.025281582 
