9_Press_Conference_Press_Conference_9_636
22
239 355 426 524 0.99993396 
285 7 445 499 0.22715792 
237 695 438 517 0.22372086 
122 256 413 518 0.20435245 
639 938 386 457 0.14327578 
140 1036 398 454 0.11011324 
389 240 370 453 0.09699776 
-121 -27 403 497 0.073835 
-47 112 410 518 0.052856293 
270 1017 263 297 0.05243228 
348 50 282 284 0.050395608 
332 531 396 499 0.044799406 
-20 1107 381 449 0.039022624 
353 965 340 476 0.037368115 
132 55 400 466 0.032661192 
807 845 237 269 0.03227309 
796 1147 131 166 0.02681641 
528 575 356 467 0.023748681 
16 9 252 312 0.021881651 
692 586 368 452 0.021639194 
914 861 114 178 0.02047586 
695 209 371 501 0.020071613 
