9_Press_Conference_Press_Conference_9_520
26
281 483 199 283 0.9996369 
376 715 188 233 0.44688052 
849 335 63 83 0.25884986 
160 1193 412 498 0.17076571 
854 1171 69 86 0.116266325 
-50 65 404 478 0.11185792 
38 845 472 537 0.07943372 
230 445 63 97 0.075897105 
224 1308 234 240 0.064441316 
190 711 448 540 0.063078836 
466 741 139 210 0.05639034 
903 295 142 251 0.049494337 
298 626 320 357 0.035994224 
215 45 124 153 0.035135865 
347 747 131 126 0.034050588 
887 1101 160 270 0.034010112 
36 776 221 232 0.029010268 
40 -62 356 419 0.026296891 
285 989 404 471 0.025799861 
645 352 163 185 0.025789367 
480 818 62 98 0.023250347 
946 1129 95 168 0.02096283 
848 319 99 136 0.020879379 
245 452 119 165 0.020732533 
710 398 131 148 0.020663567 
201 34 19 20 0.020492623 
