9_Press_Conference_Press_Conference_9_345
17
389 277 229 299 0.99989045 
220 433 99 175 0.99121934 
255 1260 209 242 0.62856674 
680 667 19 21 0.12191611 
436 205 310 428 0.07693969 
284 372 156 240 0.06189019 
675 653 31 36 0.038932495 
545 1197 211 224 0.03770816 
855 7 126 179 0.0315899 
646 -60 368 509 0.03140492 
139 332 164 250 0.029681947 
200 1191 345 377 0.02599204 
30 1231 188 294 0.025406241 
152 1280 204 268 0.022447959 
567 1144 395 513 0.02176763 
306 410 398 523 0.020642085 
114 598 127 185 0.020186115 
