9_Press_Conference_Press_Conference_9_34
23
266 254 368 495 0.9994936 
699 393 179 179 0.24720973 
785 1123 57 86 0.17165793 
682 -20 193 252 0.11648983 
314 534 406 512 0.10169973 
401 42 96 105 0.08647284 
282 99 268 352 0.08264995 
18 248 325 450 0.0811755 
314 47 190 193 0.078193724 
261 794 499 569 0.07544265 
36 738 46 58 0.068546936 
610 351 217 246 0.060161766 
9 314 201 282 0.051779877 
622 386 102 150 0.03669714 
8 715 52 79 0.036367264 
-85 726 451 537 0.032643486 
416 267 319 402 0.029132726 
530 257 369 448 0.029033765 
777 1080 99 154 0.028830405 
428 54 121 111 0.02808269 
20 536 419 475 0.022375086 
560 -160 402 464 0.022043476 
23 724 114 145 0.02060041 
