9_Press_Conference_Press_Conference_9_12
179
106 221 33 40 0.9976647 
932 205 33 53 0.9892698 
388 312 22 28 0.97518367 
262 305 17 21 0.95039845 
616 288 15 19 0.9440893 
514 292 13 17 0.93899745 
568 286 14 19 0.9093618 
316 317 22 26 0.8804647 
672 260 16 20 0.87560457 
802 431 34 60 0.8124704 
324 234 18 23 0.77840185 
182 256 19 22 0.7641358 
204 335 22 32 0.5271562 
454 484 47 69 0.40643394 
826 348 28 34 0.36153433 
134 382 24 38 0.28382364 
318 238 15 20 0.2719781 
203 311 16 19 0.26062462 
725 365 25 35 0.24057573 
52 246 8 10 0.21531662 
194 237 22 26 0.18862131 
671 93 170 203 0.17408976 
47 253 12 15 0.14963728 
212 339 24 35 0.13644563 
842 326 9 12 0.13299273 
191 336 25 29 0.13195746 
189 244 22 27 0.13182428 
834 304 16 19 0.11836156 
21 247 10 12 0.115386695 
631 482 59 71 0.10818559 
474 351 15 23 0.10711663 
561 334 24 37 0.10434799 
652 350 40 50 0.08685022 
246 329 23 30 0.08411221 
752 651 29 37 0.08348971 
17 247 9 11 0.081406415 
300 244 12 16 0.08039782 
701 292 12 14 0.07980987 
486 316 11 14 0.079558 
572 305 12 16 0.077841274 
465 343 21 29 0.07267333 
587 340 26 36 0.066964306 
647 354 27 29 0.06476503 
813 439 46 58 0.06470798 
202 318 18 22 0.0635156 
282 153 45 62 0.06334373 
571 295 14 19 0.063341305 
694 309 12 16 0.062411264 
151 276 12 14 0.060797468 
355 347 18 22 0.05997668 
158 275 12 14 0.055506222 
641 354 11 17 0.055324208 
188 237 13 17 0.054374155 
4 277 10 13 0.053935543 
182 245 14 17 0.053233016 
829 331 27 39 0.051050134 
540 316 11 14 0.049662165 
521 292 11 16 0.049061377 
939 202 18 26 0.048373815 
64 253 10 14 0.04715454 
668 353 17 22 0.046961408 
164 274 11 14 0.04649498 
838 331 14 17 0.04628423 
708 371 34 34 0.046128497 
68 261 10 13 0.045266055 
448 502 38 42 0.045003038 
42 262 10 13 0.044723965 
52 258 12 16 0.04404478 
681 456 48 70 0.04390003 
99 335 17 21 0.043827657 
690 341 42 49 0.043714914 
697 365 30 36 0.04315652 
629 312 24 31 0.042995933 
842 307 12 14 0.04258024 
670 292 16 19 0.04240558 
645 353 13 20 0.042119708 
425 473 62 72 0.041928414 
472 335 10 13 0.041609865 
499 310 14 16 0.041174598 
204 445 68 97 0.04107562 
462 348 15 21 0.040253367 
671 344 43 53 0.040031176 
571 323 16 19 0.04002358 
229 342 20 32 0.038403735 
823 359 18 21 0.0381665 
6 270 10 12 0.03765022 
241 340 24 35 0.03738925 
65 247 10 13 0.037328724 
156 40 51 54 0.03704694 
427 354 15 18 0.03638597 
255 336 22 34 0.035555597 
133 275 11 14 0.035258967 
532 441 57 62 0.0349149 
626 481 92 120 0.03389014 
661 284 12 16 0.033210743 
611 315 13 17 0.03291146 
212 331 15 23 0.032568682 
296 356 20 30 0.032505948 
470 339 12 17 0.031353272 
152 451 40 41 0.030738244 
477 333 11 15 0.030518062 
396 355 16 18 0.030339116 
15 267 10 13 0.030304331 
534 311 10 12 0.03022841 
674 349 24 34 0.030223768 
-9 355 214 242 0.030029263 
617 464 46 65 0.030022277 
293 361 13 21 0.02942575 
311 242 13 17 0.029293055 
629 493 40 45 0.028998293 
510 354 14 21 0.028896168 
23 293 12 15 0.028585833 
394 446 48 67 0.028025752 
39 267 10 12 0.027655281 
168 242 11 16 0.027502147 
720 284 14 17 0.027096719 
507 315 14 18 0.026664421 
170 241 21 26 0.026259145 
306 354 16 24 0.026237484 
522 299 12 16 0.026188409 
221 332 23 32 0.0261749 
21 299 14 18 0.02613436 
580 317 13 16 0.025781473 
481 353 16 22 0.02565436 
84 361 41 56 0.025249194 
116 384 27 39 0.025048265 
1013 233 11 16 0.0250034 
219 330 15 21 0.024939314 
778 421 51 63 0.024936443 
491 629 60 64 0.024754684 
885 327 10 12 0.02475409 
672 529 16 19 0.02468767 
528 322 12 15 0.024597744 
181 236 23 28 0.024532849 
21 267 11 14 0.024263935 
494 313 13 17 0.023907473 
515 291 21 26 0.023817256 
304 241 22 27 0.02381591 
3 283 13 17 0.023698848 
165 456 94 110 0.023584664 
509 352 24 33 0.023502292 
555 345 25 38 0.023232523 
69 253 11 13 0.022986172 
32 277 8 11 0.02290884 
859 339 14 15 0.022811998 
173 243 12 17 0.022798752 
259 330 14 21 0.0226512 
295 169 23 31 0.022459857 
964 198 26 31 0.022134695 
717 412 28 41 0.022131693 
285 434 34 49 0.021916464 
69 266 11 14 0.021867568 
46 264 11 15 0.021709578 
281 362 25 30 0.021630697 
510 348 12 16 0.02158061 
567 323 26 32 0.02151439 
695 424 45 61 0.021441119 
746 287 27 31 0.021339877 
29 293 10 13 0.021169549 
646 171 128 122 0.021166626 
578 291 12 17 0.02101277 
516 315 12 18 0.021011032 
434 353 13 17 0.020959293 
667 277 21 27 0.02094996 
28 252 9 13 0.020757524 
155 450 60 67 0.020695595 
366 369 12 17 0.020693874 
496 314 24 28 0.020612573 
419 351 17 20 0.020605976 
513 475 50 61 0.020595241 
188 232 11 14 0.020569334 
943 200 28 39 0.020558301 
829 431 49 60 0.020544132 
557 340 13 22 0.020490106 
128 268 11 15 0.020486554 
481 314 11 14 0.020454692 
174 252 16 21 0.020345433 
515 349 14 17 0.02025607 
667 295 23 28 0.02016888 
