9_Press_Conference_Press_Conference_9_424
22
487 63 166 253 0.99784696 
59 326 89 162 0.99589205 
843 387 142 207 0.35005692 
117 819 68 74 0.26032946 
21 615 48 73 0.07500684 
82 784 106 123 0.068673536 
453 268 419 462 0.068608016 
789 536 31 36 0.05901914 
64 279 174 233 0.040972598 
497 784 210 227 0.03756068 
401 56 178 252 0.036626745 
605 -24 328 422 0.03344367 
929 7 59 72 0.031996805 
850 690 32 40 0.029750714 
492 198 167 277 0.029336635 
137 842 43 42 0.028322175 
857 54 51 49 0.026422622 
547 41 217 265 0.025462337 
638 397 99 127 0.023297852 
852 710 37 47 0.021553352 
886 5 93 104 0.0202653 
122 731 24 39 0.020117043 
