9_Press_Conference_Press_Conference_9_165
24
468 53 74 94 0.9973189 
82 43 81 103 0.9925842 
837 44 79 112 0.9900477 
254 211 13 16 0.3113061 
764 139 48 60 0.13804261 
511 424 218 270 0.12577324 
246 212 49 68 0.11847177 
318 225 39 58 0.113061376 
284 226 58 68 0.094337344 
-3 59 37 49 0.08255365 
615 52 59 63 0.07976105 
297 52 57 62 0.07731068 
263 218 57 71 0.066253625 
649 88 179 254 0.05422769 
346 234 390 483 0.05239779 
148 184 406 509 0.03705086 
250 207 22 27 0.0353559 
671 212 15 18 0.031683408 
214 353 139 180 0.030522533 
39 234 12 15 0.029040966 
243 236 34 41 0.026214588 
753 257 30 40 0.022818536 
661 145 115 153 0.02057726 
532 0 348 448 0.020478318 
