9_Press_Conference_Press_Conference_9_431
22
314 270 323 446 0.99617296 
612 386 365 446 0.545892 
-53 222 420 539 0.3929745 
199 194 318 463 0.17446527 
85 196 243 356 0.099849425 
629 -41 380 507 0.065731384 
65 62 243 306 0.045896076 
-5 33 397 489 0.036942143 
780 485 231 306 0.031796705 
448 60 111 93 0.03173207 
801 41 212 326 0.030955657 
941 311 96 218 0.030395651 
969 337 56 114 0.027466005 
952 197 63 108 0.027002554 
790 707 257 262 0.026417771 
430 219 311 414 0.025071744 
712 256 224 287 0.02406146 
461 107 220 213 0.02375455 
556 124 61 73 0.023493193 
647 54 64 81 0.022167351 
702 623 405 421 0.021863353 
914 131 121 203 0.021582898 
