9_Press_Conference_Press_Conference_9_930
18
247 123 355 497 0.99951375 
420 853 202 298 0.33200306 
521 1244 104 171 0.29928765 
581 833 381 566 0.14492933 
371 1031 203 299 0.0934157 
623 1222 44 55 0.079701595 
179 1110 365 496 0.06381347 
358 768 336 472 0.056854058 
432 1100 145 164 0.05363465 
-18 863 403 573 0.048593882 
306 990 183 324 0.045121342 
604 285 422 585 0.04453987 
411 1137 193 280 0.044190504 
549 1275 62 100 0.04282045 
337 1186 214 326 0.042303167 
186 550 417 569 0.03332885 
363 953 375 503 0.026566058 
391 904 129 209 0.020914096 
