9_Press_Conference_Press_Conference_9_31
258
45 285 15 18 0.9615254 
20 308 12 16 0.8455252 
79 483 22 36 0.71578693 
337 386 22 28 0.6912925 
340 491 28 34 0.6870261 
860 430 23 29 0.615007 
587 210 15 18 0.5968587 
742 380 22 29 0.5562252 
597 434 45 54 0.51390713 
58 421 24 27 0.5122936 
443 205 15 20 0.44697562 
391 432 29 31 0.44213995 
185 376 23 29 0.4300507 
904 402 23 30 0.3418482 
613 435 29 33 0.336588 
808 442 25 30 0.33500853 
969 493 25 35 0.3163554 
194 438 33 37 0.3136921 
296 444 28 31 0.30034167 
979 354 18 21 0.27282563 
20 360 14 18 0.26672822 
278 595 31 36 0.2646728 
957 435 24 29 0.257819 
886 494 32 37 0.23553723 
70 365 26 30 0.20429687 
259 372 26 33 0.1965752 
67 416 20 22 0.18842128 
154 426 25 31 0.1835527 
117 375 16 22 0.18005858 
396 443 28 32 0.17279693 
666 392 17 19 0.16045739 
74 596 25 35 0.16017756 
881 390 19 24 0.15099517 
330 507 43 52 0.14148825 
169 512 24 36 0.14101443 
292 626 83 64 0.14083277 
290 449 42 54 0.1384218 
850 377 18 23 0.1238882 
3 419 23 34 0.123259 
60 495 40 47 0.12311411 
968 428 28 32 0.11992053 
877 500 29 36 0.10829665 
657 612 32 37 0.10423015 
26 616 27 35 0.102908134 
403 377 23 29 0.09999076 
810 377 16 24 0.09896227 
931 361 16 20 0.096120596 
816 378 23 26 0.09365851 
67 488 28 35 0.08917962 
804 436 19 22 0.08667579 
590 455 35 37 0.08635554 
901 438 23 28 0.08534975 
277 584 57 55 0.08300626 
332 458 12 16 0.08199127 
890 392 25 31 0.08153311 
388 453 44 52 0.0808687 
660 387 16 20 0.07952212 
973 491 16 23 0.07921836 
84 337 11 13 0.07779731 
81 375 16 22 0.071650036 
872 433 19 24 0.0680217 
682 542 14 21 0.06743195 
0 575 43 64 0.066956796 
304 433 27 33 0.06693033 
731 442 14 18 0.06532363 
264 576 98 83 0.06399028 
66 377 25 29 0.06331945 
872 626 61 70 0.062453456 
853 436 18 23 0.061576508 
734 390 14 21 0.060386386 
785 487 38 47 0.060229268 
150 499 41 46 0.058914103 
29 442 15 19 0.058713865 
137 523 25 31 0.056298684 
417 497 27 33 0.056249503 
593 387 17 20 0.05584855 
866 515 23 32 0.055591896 
469 40 22 29 0.054891024 
307 578 28 42 0.054284763 
110 381 23 26 0.054265607 
746 460 28 35 0.053941987 
45 340 13 17 0.05372293 
722 527 26 32 0.052009158 
76 356 16 19 0.051266715 
109 369 21 23 0.051244553 
856 383 17 24 0.049087167 
1013 312 10 18 0.048802163 
429 210 11 15 0.04859362 
345 456 25 28 0.04849739 
969 350 24 28 0.048434258 
133 501 32 39 0.047973085 
405 456 27 32 0.04788574 
869 382 20 26 0.04765911 
826 450 15 20 0.0475175 
939 370 15 18 0.04695896 
797 447 16 22 0.046753574 
781 395 14 19 0.046121217 
900 414 25 35 0.045745872 
99 440 24 29 0.045262575 
918 363 13 18 0.044501714 
654 387 13 20 0.04384297 
66 424 24 31 0.041388575 
827 388 22 28 0.041295215 
463 640 14 17 0.04120174 
862 375 21 26 0.040999196 
418 471 17 20 0.040145904 
1 431 13 19 0.039844923 
756 458 15 18 0.03952838 
4 307 12 17 0.03894114 
885 509 30 37 0.038867924 
405 485 42 56 0.03877805 
912 396 24 33 0.03856368 
976 498 31 39 0.038043182 
15 587 53 62 0.03803237 
843 621 64 65 0.037818816 
38 340 14 17 0.037288096 
752 379 25 32 0.037249465 
914 394 16 21 0.0371441 
809 360 24 30 0.03685778 
869 415 27 31 0.0366631 
772 502 15 20 0.036207657 
326 452 22 27 0.036019035 
873 403 25 29 0.035948396 
840 389 23 28 0.03590333 
716 621 52 57 0.035785485 
220 517 30 42 0.035308585 
712 431 11 17 0.035001483 
396 643 14 16 0.03484753 
489 102 10 13 0.033414204 
318 446 22 29 0.032848347 
656 601 26 33 0.032845892 
339 506 19 24 0.032799892 
241 460 29 36 0.032623254 
87 477 24 39 0.032585986 
162 420 18 23 0.032473434 
926 366 14 20 0.032421388 
624 515 56 62 0.032247532 
717 422 11 14 0.032219168 
846 383 14 19 0.032154944 
814 358 13 16 0.03190907 
834 385 14 19 0.03171589 
995 284 26 42 0.031563576 
731 377 22 32 0.031284817 
899 388 14 21 0.031171057 
35 351 24 28 0.031004967 
856 370 18 23 0.030886216 
876 519 28 34 0.03069475 
306 646 45 44 0.03023549 
665 379 15 18 0.030067815 
267 368 43 48 0.030033477 
958 219 12 16 0.029968558 
948 439 24 31 0.029863268 
60 600 58 60 0.029671224 
853 365 17 19 0.029333737 
294 454 18 23 0.029073374 
958 427 16 21 0.029038182 
715 428 13 17 0.02888936 
-1 473 20 39 0.028767077 
535 108 9 13 0.028588392 
681 533 25 34 0.028519778 
406 437 21 24 0.02794697 
747 399 13 19 0.027909078 
389 452 27 29 0.027628021 
174 427 26 33 0.027605742 
588 418 74 94 0.027582942 
676 532 44 54 0.027397236 
193 372 17 22 0.027392818 
710 431 21 27 0.027171621 
592 399 17 19 0.026911521 
646 388 13 17 0.026543686 
314 583 17 26 0.026351873 
105 389 29 34 0.026157148 
174 377 25 30 0.025980338 
911 622 75 73 0.02589749 
909 396 13 21 0.025452359 
654 518 49 61 0.02536642 
307 598 96 105 0.02486643 
60 361 24 30 0.024858773 
145 418 25 30 0.02479583 
70 348 12 16 0.024755515 
409 391 17 22 0.024726743 
394 648 18 21 0.024630228 
679 531 13 21 0.024629137 
9 409 18 24 0.024473649 
0 306 10 18 0.024437902 
346 380 14 22 0.024260825 
882 381 18 21 0.024243267 
761 463 18 22 0.024222504 
645 588 13 17 0.024102248 
361 72 435 470 0.024043754 
22 362 23 27 0.024010487 
889 386 19 25 0.02388367 
635 436 14 19 0.023848034 
81 418 14 20 0.023830578 
973 485 14 19 0.023819318 
272 377 16 20 0.023753919 
435 625 62 55 0.02369825 
373 538 15 19 0.023570443 
829 605 55 67 0.023492118 
868 370 16 19 0.023297021 
727 428 13 16 0.023270544 
908 388 14 19 0.023203468 
882 426 15 21 0.02319873 
457 640 30 31 0.023177916 
725 436 16 19 0.023015551 
12 425 22 30 0.022991298 
373 458 12 17 0.022931322 
152 520 41 50 0.022839902 
877 366 13 16 0.022795375 
688 485 12 14 0.022656752 
78 349 13 17 0.022635812 
24 559 51 64 0.022631928 
471 144 8 10 0.022533914 
665 459 17 18 0.022523226 
196 452 18 21 0.022306452 
725 369 14 20 0.022230977 
40 616 17 21 0.022210129 
373 428 11 16 0.022107923 
772 388 21 29 0.022090133 
840 444 22 27 0.022036359 
748 459 15 20 0.022033906 
710 451 13 18 0.02198803 
830 370 21 28 0.021968879 
677 477 12 15 0.021828704 
874 589 33 42 0.021821218 
495 109 8 11 0.021769246 
367 400 14 17 0.021715853 
821 363 24 30 0.021666473 
771 464 14 19 0.021652328 
21 401 15 21 0.021581223 
51 340 13 15 0.021568365 
354 519 29 38 0.021511737 
815 435 17 21 0.021372441 
588 437 34 40 0.021366553 
952 509 24 31 0.02131715 
47 421 23 29 0.021293461 
447 481 52 64 0.021258201 
346 523 48 63 0.021228379 
381 469 44 57 0.021167897 
77 439 15 22 0.02103722 
-5 416 39 55 0.021016289 
794 487 19 23 0.020987948 
298 386 16 20 0.020895002 
967 483 13 17 0.020829702 
300 467 46 61 0.020772904 
41 344 22 25 0.020655805 
738 468 28 36 0.020584783 
-1 484 12 25 0.020571116 
289 374 26 32 0.020537337 
1002 370 16 19 0.02053715 
295 575 31 37 0.02042094 
49 362 16 20 0.020383269 
25 311 13 18 0.020379247 
722 505 30 36 0.02012352 
979 365 18 23 0.02011959 
667 458 25 29 0.020092305 
789 467 39 48 0.020043408 
846 373 15 21 0.020011555 
