9_Press_Conference_Press_Conference_9_883
20
263 177 298 391 0.997174 
152 935 485 494 0.30453882 
-8 255 128 198 0.2797107 
381 753 474 545 0.10099411 
806 69 111 141 0.07474666 
23 728 509 526 0.06701174 
68 1049 413 519 0.062171567 
236 332 418 483 0.037772994 
254 130 56 75 0.03584416 
924 1285 25 35 0.03492636 
494 579 221 296 0.03203551 
921 1386 107 124 0.029533815 
617 2 370 428 0.027347153 
442 1369 33 38 0.023510002 
342 962 341 333 0.02269149 
850 116 13 16 0.022232814 
568 78 29 33 0.021841373 
873 1326 54 62 0.021622626 
853 122 13 15 0.021475285 
791 56 187 241 0.021007959 
