15_Stock_Market_Stock_Market_15_542
70
483 301 31 42 0.9991775 
223 276 31 39 0.9990688 
618 281 32 43 0.9984554 
143 281 29 36 0.9976555 
286 318 31 41 0.99756795 
380 274 33 41 0.9960573 
766 236 37 45 0.99166286 
879 250 44 54 0.9900675 
142 191 12 15 0.07076023 
120 172 12 15 0.06777131 
300 172 15 22 0.052752595 
9 0 172 192 0.052671794 
71 246 8 11 0.049971435 
755 239 24 33 0.044019494 
192 437 52 69 0.04112697 
160 204 11 15 0.04007327 
397 233 12 16 0.039514504 
751 247 14 19 0.03806718 
65 244 8 12 0.038007658 
97 240 7 9 0.037636008 
215 114 13 17 0.037603665 
222 191 30 38 0.03632206 
393 235 9 13 0.03550212 
179 325 23 28 0.03517413 
86 180 10 12 0.035051707 
6 238 8 12 0.03489468 
148 194 11 14 0.034519106 
7 231 8 10 0.03448325 
983 221 9 11 0.03394933 
175 190 9 13 0.031593036 
992 219 10 13 0.030480443 
111 189 9 11 0.029450437 
173 616 55 55 0.029228419 
1015 190 8 12 0.028820835 
349 260 16 19 0.027615784 
111 237 8 12 0.027415175 
348 235 11 14 0.027082622 
294 176 14 20 0.026936527 
405 233 14 17 0.026829286 
1003 217 14 18 0.026716083 
614 426 11 13 0.026191581 
110 228 10 13 0.026093138 
102 190 9 11 0.02600987 
133 340 11 14 0.02567791 
71 198 9 12 0.025476145 
181 196 9 12 0.025017966 
96 245 8 10 0.024909472 
403 252 15 20 0.02437781 
260 155 14 16 0.023452843 
124 177 11 14 0.023401417 
227 81 59 66 0.023195943 
354 81 31 29 0.023063153 
77 245 10 11 0.023023982 
413 235 11 16 0.02258078 
391 212 11 14 0.02244936 
374 252 13 15 0.02244281 
205 166 11 13 0.021764887 
353 265 17 20 0.021660121 
350 254 14 16 0.021520834 
266 480 37 36 0.021455666 
198 616 29 34 0.02145159 
693 222 10 12 0.021437282 
347 49 121 137 0.021157393 
287 179 13 17 0.021003867 
103 239 8 10 0.021002203 
326 229 12 16 0.020805014 
333 233 12 16 0.020640666 
166 199 10 13 0.020620415 
138 196 11 13 0.020348463 
232 196 17 20 0.020092092 
