15_Stock_Market_Stock_Market_15_569
73
231 374 45 58 0.998787 
321 439 32 37 0.99593854 
184 443 51 62 0.9934534 
61 358 85 112 0.9801998 
400 433 21 27 0.9474094 
466 464 17 21 0.9342152 
23 314 92 167 0.9336112 
390 469 20 28 0.93024623 
111 374 58 78 0.87302434 
362 455 18 24 0.80304915 
-5 271 86 204 0.45271456 
481 446 12 14 0.1111431 
1 418 49 85 0.102280155 
478 450 12 15 0.06967293 
469 454 11 15 0.06346211 
234 536 30 33 0.05744269 
377 463 23 30 0.048478145 
315 597 14 17 0.045031644 
391 436 21 28 0.044150632 
685 524 48 62 0.04333406 
454 451 11 14 0.036788773 
938 515 12 15 0.03581087 
564 559 25 35 0.035509545 
626 389 14 17 0.033939805 
481 439 11 13 0.03346408 
558 552 39 57 0.03273134 
374 455 20 28 0.0313418 
464 452 19 25 0.031115254 
-4 227 47 92 0.030895086 
475 445 20 25 0.030604295 
9 240 50 108 0.030544268 
328 425 32 38 0.030233279 
709 250 11 14 0.029946234 
411 437 21 30 0.029685093 
522 495 27 30 0.029646453 
170 660 14 19 0.02935385 
414 406 12 15 0.02933652 
726 502 10 13 0.029129246 
531 373 26 34 0.028633067 
691 260 29 31 0.028507423 
988 609 34 42 0.028315833 
589 466 14 15 0.027724216 
438 410 11 14 0.027662067 
462 453 12 16 0.02749194 
398 444 25 33 0.027299536 
299 438 15 20 0.027224256 
80 646 52 66 0.026706504 
368 460 18 24 0.026530268 
380 440 20 30 0.026501538 
463 439 9 10 0.026141375 
533 439 11 13 0.025712304 
448 431 9 12 0.025116283 
318 622 13 18 0.024858447 
511 435 10 15 0.02477129 
470 448 10 14 0.024729664 
495 452 11 14 0.024689134 
430 484 10 14 0.023744898 
935 522 12 14 0.022986664 
-2 450 29 51 0.022524018 
736 508 10 13 0.022489568 
643 444 14 17 0.02247606 
458 400 8 11 0.02228097 
659 225 55 58 0.022271033 
209 314 28 42 0.022144739 
436 429 11 13 0.022036662 
711 389 9 13 0.022030188 
347 542 18 20 0.021976829 
129 645 50 56 0.021479107 
703 398 9 12 0.02124205 
738 493 9 12 0.020714205 
970 612 31 39 0.020668369 
495 447 9 12 0.020643465 
657 543 44 57 0.020139785 
