15_Stock_Market_Stock_Market_15_286
95
686 127 88 122 0.99803215 
623 218 52 69 0.9905815 
911 246 55 67 0.77206695 
568 274 18 20 0.6054756 
487 248 35 44 0.39715725 
423 233 24 32 0.24765238 
532 417 24 35 0.23013103 
901 220 46 57 0.1468597 
387 369 14 19 0.13149203 
438 194 13 16 0.13117293 
121 377 29 39 0.122897714 
379 88 15 19 0.11849344 
378 245 15 18 0.10372491 
581 485 15 17 0.10291638 
346 356 33 40 0.09759724 
475 177 15 19 0.096848145 
880 208 41 54 0.071814604 
556 498 43 59 0.07070067 
860 146 14 16 0.06807653 
430 156 10 14 0.06409077 
487 240 25 31 0.05768852 
563 372 43 63 0.05735571 
308 210 13 16 0.05608457 
611 256 13 18 0.054969642 
641 0 17 21 0.05410276 
524 257 12 19 0.048798762 
424 173 10 13 0.047338102 
333 227 13 17 0.045058165 
605 249 22 32 0.04394237 
382 112 11 13 0.043680724 
508 249 25 32 0.04236591 
303 206 11 16 0.041656584 
867 193 45 54 0.041349005 
468 109 13 16 0.040984333 
377 358 25 30 0.04082756 
455 425 46 63 0.040745214 
688 190 40 52 0.04007776 
324 217 15 18 0.03686306 
404 238 11 15 0.036659822 
534 267 14 19 0.036526408 
298 217 58 66 0.032895174 
695 250 17 20 0.03259075 
353 343 42 50 0.032549404 
423 214 11 15 0.031293396 
376 70 10 13 0.030541696 
566 494 30 36 0.029836064 
435 157 12 16 0.028755566 
398 257 26 30 0.028489612 
392 277 28 36 0.028261835 
852 146 26 28 0.027764915 
254 470 110 157 0.027726857 
219 242 65 63 0.027534796 
405 129 11 16 0.027247045 
430 161 12 17 0.027158912 
467 184 15 17 0.0269306 
354 362 20 23 0.026878396 
219 301 14 16 0.026705788 
424 150 10 14 0.026153043 
357 230 11 14 0.02602122 
815 204 46 65 0.025976706 
351 229 10 12 0.025948562 
533 258 14 18 0.025732415 
470 97 13 16 0.025324142 
366 204 9 12 0.0252142 
557 261 12 15 0.025125258 
491 155 15 21 0.02489481 
444 188 13 17 0.024771173 
356 237 13 15 0.024631886 
498 419 53 68 0.024333205 
651 97 327 431 0.024222955 
482 168 15 22 0.024200415 
479 115 10 13 0.02337273 
315 212 15 18 0.02333506 
303 213 26 31 0.023321828 
209 213 119 113 0.023089426 
563 273 29 34 0.022791982 
406 148 11 14 0.022669975 
431 195 13 16 0.022561282 
814 225 14 22 0.022248141 
933 257 34 45 0.02220851 
455 437 12 17 0.02217393 
510 226 12 16 0.021948406 
320 199 10 12 0.021588687 
559 516 13 17 0.021573061 
411 237 23 30 0.021568783 
458 269 13 16 0.021442253 
127 291 366 458 0.021341473 
90 388 18 21 0.021220788 
481 186 13 15 0.021213735 
369 343 19 20 0.02111141 
436 199 14 18 0.020973688 
516 226 11 15 0.020883562 
444 173 12 17 0.020649489 
556 267 13 17 0.020607434 
643 181 71 95 0.020502314 
