15_Stock_Market_Stock_Market_15_554
45
497 202 85 114 0.996546 
226 77 154 205 0.99312073 
333 107 101 134 0.9534208 
-1 172 67 101 0.90704286 
693 222 24 35 0.5485863 
705 230 16 24 0.12535523 
115 166 34 38 0.11246942 
191 92 45 67 0.09034209 
115 174 18 23 0.06283645 
644 251 44 55 0.047094 
635 130 12 16 0.045027696 
594 138 48 60 0.04423828 
686 209 29 37 0.042117536 
51 317 223 279 0.04048515 
811 588 62 81 0.03850733 
790 211 15 17 0.038493253 
742 210 15 18 0.03677494 
787 36 137 169 0.035900116 
748 256 13 18 0.034762986 
747 230 43 55 0.033532545 
570 195 30 40 0.031754557 
749 173 11 12 0.031015243 
439 152 13 18 0.027730415 
752 142 12 15 0.027498703 
692 210 17 21 0.027453015 
708 220 15 20 0.02618631 
640 375 49 65 0.025493838 
561 176 52 70 0.025253372 
679 181 9 11 0.024994161 
0 139 50 80 0.024343465 
652 255 29 31 0.02425854 
631 488 133 167 0.02402431 
-44 238 439 495 0.023988044 
679 228 33 40 0.023638299 
546 18 43 50 0.023489526 
713 223 17 22 0.022947231 
537 496 128 141 0.022324082 
652 343 80 104 0.021919202 
672 161 12 15 0.021363309 
670 149 11 14 0.02129229 
378 120 86 117 0.021008745 
609 191 26 34 0.020798193 
658 251 17 20 0.020569844 
2 208 18 23 0.020465255 
802 27 68 89 0.020021724 
