47_Matador_Bullfighter_Matador_Bullfighter_47_179
19
370 77 82 84 0.9391658 
338 82 71 86 0.37408108 
601 37 42 52 0.15692613 
248 85 12 14 0.12762073 
326 63 54 85 0.08650636 
549 181 450 444 0.070311576 
396 99 45 54 0.06520049 
838 41 28 37 0.063172795 
995 -2 30 32 0.058707297 
986 26 38 71 0.045595977 
291 73 93 121 0.039815363 
252 80 13 17 0.029724991 
982 29 24 32 0.028524695 
244 82 22 27 0.027361933 
308 104 58 76 0.025322048 
701 250 229 279 0.023158085 
984 -3 29 26 0.020742632 
228 74 15 16 0.020142721 
829 51 45 61 0.02001681 
