47_Matador_Bullfighter_matadorbullfighting_47_38
29
627 91 38 36 0.45403025 
107 447 284 169 0.42932227 
611 72 32 44 0.13217239 
604 64 28 44 0.09037398 
145 229 203 223 0.090213075 
442 328 201 248 0.06761996 
641 97 38 44 0.05536527 
589 61 31 43 0.05055607 
663 424 13 14 0.048628733 
190 347 260 235 0.045413706 
439 267 367 392 0.040314127 
117 313 222 235 0.038254075 
514 398 131 148 0.036634345 
647 410 12 14 0.03360382 
95 257 117 144 0.033117436 
603 76 16 24 0.03249727 
516 356 234 240 0.03219848 
235 262 170 118 0.030675633 
649 79 30 42 0.030307904 
715 135 11 14 0.02781996 
607 281 13 14 0.027543321 
623 300 11 13 0.027110185 
618 100 50 52 0.024490383 
185 447 27 30 0.024412798 
669 94 30 40 0.023260754 
625 294 11 12 0.022793546 
677 389 13 16 0.021822289 
711 137 12 15 0.02139412 
66 150 465 371 0.020121993 
