47_Matador_Bullfighter_matadorbullfighting_47_72
35
636 8 21 27 0.9310569 
685 0 25 26 0.90926796 
508 11 24 28 0.8738795 
749 4 23 30 0.8140584 
329 65 49 55 0.69209397 
570 9 23 27 0.64064234 
224 1 26 27 0.5913403 
912 5 25 30 0.48365262 
785 400 127 176 0.26674998 
973 14 22 26 0.17719199 
800 463 72 76 0.11333604 
765 509 50 63 0.08543448 
842 447 68 96 0.08345836 
287 155 450 403 0.07905051 
250 61 17 19 0.07641475 
376 216 282 226 0.047533415 
331 87 34 44 0.034314018 
315 5 27 30 0.03422318 
287 31 23 30 0.032396175 
354 -5 48 52 0.031034496 
782 484 69 76 0.02934345 
316 45 77 88 0.028814346 
694 372 201 255 0.028287267 
542 65 13 17 0.028189898 
387 32 13 18 0.028026197 
348 64 32 33 0.02797502 
317 49 14 18 0.027628297 
361 66 17 20 0.026321236 
974 7 15 18 0.023312792 
226 333 25 31 0.023251334 
846 445 130 143 0.022949062 
195 323 12 16 0.02261968 
189 413 11 14 0.022376936 
532 92 11 16 0.020620184 
370 317 42 39 0.02050163 
