47_Matador_Bullfighter_Matador_Bullfighter_47_636
24
69 105 135 84 0.31857696 
643 129 402 530 0.093385 
205 248 139 125 0.057392344 
216 110 206 213 0.052185565 
448 72 202 186 0.0521676 
55 81 234 162 0.052147336 
656 80 280 287 0.047603324 
518 -31 422 476 0.040830456 
771 127 241 284 0.039872214 
407 400 31 35 0.038786393 
111 98 83 64 0.034536116 
281 325 204 230 0.03295509 
190 155 36 33 0.03175882 
265 398 148 145 0.03171177 
258 194 65 75 0.030977424 
110 285 59 58 0.029998321 
3 612 11 15 0.026532723 
339 514 144 104 0.025043124 
221 283 82 73 0.023958927 
355 532 77 63 0.022454191 
305 182 40 45 0.022428708 
757 494 39 42 0.021991225 
435 168 225 225 0.02048309 
595 41 209 264 0.020066865 
