47_Matador_Bullfighter_matadorbullfighting_47_710
178
509 325 64 69 0.9766064 
424 27 14 16 0.402857 
381 73 12 15 0.34432 
100 -13 385 437 0.29522243 
640 42 410 482 0.26245466 
699 102 17 22 0.25365755 
387 15 13 16 0.17958248 
892 20 13 17 0.14013031 
963 165 14 20 0.13840841 
821 19 13 17 0.123655036 
701 185 204 286 0.11903585 
925 0 17 19 0.11541192 
600 130 11 14 0.10786193 
893 3 13 15 0.101514876 
948 7 15 18 0.10057107 
863 12 12 16 0.09705826 
988 35 14 16 0.086552255 
464 18 413 483 0.085412994 
745 77 16 20 0.08484054 
101 72 13 15 0.08362413 
123 55 224 286 0.080448054 
156 238 420 538 0.07999364 
639 51 12 15 0.07699705 
672 114 13 17 0.076024614 
597 257 42 59 0.07372531 
653 18 12 15 0.070081174 
933 27 14 17 0.06978798 
976 71 10 13 0.06794256 
356 -2 16 16 0.0667674 
699 89 14 16 0.0661516 
1013 19 11 16 0.06477218 
815 127 11 14 0.062564574 
645 2 14 15 0.06213542 
1003 153 16 21 0.059618693 
891 13 13 16 0.055991877 
940 20 14 18 0.054115437 
696 31 12 18 0.0538564 
512 127 9 12 0.052991703 
617 259 32 40 0.05288533 
917 26 14 20 0.05135368 
803 105 15 18 0.04927985 
251 74 12 14 0.0487631 
999 4 12 14 0.04778187 
866 107 17 18 0.047665592 
501 177 11 14 0.0474897 
416 28 12 16 0.04711964 
964 54 11 13 0.046357017 
972 122 15 20 0.045967165 
73 392 233 280 0.045938738 
991 42 11 14 0.045934767 
518 343 66 86 0.045104314 
674 91 14 16 0.043902606 
759 133 11 12 0.043599505 
199 518 372 408 0.04302739 
924 29 14 17 0.0424567 
1002 10 16 21 0.042003825 
829 27 10 13 0.04159034 
930 32 15 19 0.04139253 
829 126 12 14 0.04018838 
452 0 15 13 0.04009023 
869 15 11 16 0.039794452 
594 69 13 16 0.03888302 
372 17 15 20 0.03862784 
731 106 16 21 0.037867665 
1004 71 13 18 0.037401628 
604 88 16 19 0.036922004 
893 19 22 26 0.036656592 
169 339 261 338 0.036512803 
942 6 14 17 0.036475692 
772 38 11 13 0.036459703 
496 26 14 17 0.035912197 
672 122 14 17 0.03590571 
511 131 11 14 0.03588378 
301 0 392 492 0.035602342 
526 126 10 11 0.03547603 
815 0 10 11 0.03545351 
903 18 23 29 0.035440676 
757 20 10 13 0.035370458 
854 36 10 12 0.035106387 
939 106 15 17 0.034904372 
814 14 12 18 0.03415961 
879 0 11 11 0.033170532 
766 39 13 17 0.032936946 
606 260 11 14 0.032698248 
887 0 12 13 0.032501027 
431 71 12 14 0.03230928 
590 302 28 47 0.03182825 
873 82 16 19 0.031527344 
624 74 252 314 0.03151157 
848 28 11 14 0.030897692 
560 92 12 15 0.03067552 
558 99 15 19 0.030371074 
283 71 14 16 0.029475609 
616 245 10 12 0.029450819 
360 71 11 13 0.028853698 
340 76 13 17 0.028481979 
376 68 21 24 0.028439531 
596 276 14 18 0.028177487 
820 3 13 15 0.028120827 
597 52 13 15 0.027898503 
750 118 13 16 0.02780169 
999 69 13 18 0.027763851 
544 133 10 12 0.027312467 
797 18 10 14 0.027287668 
535 369 62 80 0.02721468 
956 157 14 19 0.02718013 
697 87 24 29 0.02685461 
868 6 14 19 0.02672857 
922 18 22 28 0.026611358 
967 170 15 19 0.026518509 
888 24 13 16 0.0265082 
637 56 13 16 0.026470162 
951 147 11 16 0.026386805 
553 405 63 80 0.026301702 
706 89 14 17 0.026199894 
984 9 23 29 0.026178012 
400 73 14 15 0.026097696 
870 61 25 28 0.025848137 
947 73 13 17 0.025751023 
471 270 35 40 0.025639107 
572 106 16 19 0.025612999 
806 -1 11 10 0.025513366 
646 9 15 20 0.025498025 
677 46 10 13 0.025434019 
1010 148 12 16 0.025068475 
616 239 11 13 0.024971977 
67 103 18 21 0.024853582 
958 59 12 15 0.024751386 
1012 140 11 16 0.024473682 
604 48 15 18 0.024453785 
907 82 13 16 0.024438415 
20 140 48 70 0.024312343 
819 11 21 28 0.024101911 
591 269 29 39 0.024087157 
599 246 12 14 0.023882607 
560 133 11 12 0.02352871 
15 -1 29 26 0.023409855 
630 61 12 14 0.023278974 
477 0 17 16 0.023185696 
449 73 244 303 0.022900304 
525 349 40 51 0.022849753 
979 126 14 21 0.022503765 
904 77 10 13 0.022495124 
614 0 14 16 0.022493022 
1012 990 10 15 0.022449726 
797 -1 12 11 0.02233759 
322 1 16 17 0.022333447 
955 91 14 17 0.022307241 
978 75 11 15 0.022223597 
662 108 14 17 0.022168532 
498 15 17 20 0.02213034 
628 19 12 15 0.022080323 
783 0 11 10 0.022079967 
939 18 23 27 0.02205747 
790 -1 12 12 0.021907745 
526 132 12 13 0.021812994 
1004 122 14 19 0.021588424 
380 6 22 26 0.021287877 
737 80 22 28 0.021205619 
307 70 12 14 0.021182448 
882 64 15 18 0.021150356 
757 127 10 12 0.021110052 
959 46 10 13 0.02101496 
854 10 14 18 0.020964516 
853 131 13 14 0.020916253 
470 130 12 14 0.020812685 
584 275 42 59 0.020779213 
582 133 11 12 0.020763898 
453 74 12 14 0.020739451 
498 4 19 21 0.02073737 
550 133 9 12 0.020643117 
700 7 17 20 0.020360988 
890 108 15 17 0.02032636 
835 126 11 13 0.020250876 
853 81 27 31 0.020103447 
324 103 17 20 0.02007894 
818 130 15 16 0.020064201 
669 44 13 16 0.020054204 
