47_Matador_Bullfighter_Matador_Bullfighter_47_912
672
775 4 27 34 0.9890598 
843 56 27 39 0.98077595 
775 120 32 41 0.9759926 
911 0 38 40 0.9631772 
848 118 28 41 0.96082914 
732 63 22 31 0.95030034 
631 114 20 28 0.9422549 
817 0 23 23 0.91961473 
601 100 21 28 0.8904016 
234 20 16 20 0.88822573 
513 18 19 21 0.85666996 
564 2 19 22 0.81729436 
937 289 69 85 0.76922923 
736 10 20 26 0.76225734 
629 19 16 21 0.7605194 
245 176 24 33 0.73225284 
184 44 18 20 0.7290874 
434 27 16 21 0.726268 
714 119 23 33 0.7060852 
347 51 12 17 0.6270492 
533 38 16 21 0.6238974 
96 307 29 52 0.55949247 
379 36 17 21 0.55740863 
118 17 16 19 0.556652 
728 297 49 69 0.53994524 
690 27 14 17 0.5253221 
657 7 15 19 0.49590802 
326 95 21 24 0.486539 
677 8 12 17 0.44689405 
770 111 26 38 0.42933416 
482 19 14 17 0.42840618 
92 36 14 16 0.4198851 
473 132 17 21 0.39801246 
684 57 19 23 0.39401308 
363 385 33 52 0.34461528 
309 16 15 20 0.32563078 
443 4 13 17 0.30015936 
35 20 13 15 0.28683832 
292 40 18 25 0.2741385 
60 16 15 18 0.25973204 
0 90 11 17 0.25763932 
254 2 12 16 0.25639385 
364 2 12 12 0.25080305 
206 12 13 15 0.24514568 
40 332 55 60 0.24345185 
441 60 18 21 0.22991315 
595 49 18 21 0.22503819 
750 125 23 32 0.2187738 
99 37 13 16 0.20678218 
358 0 13 14 0.20417546 
43 77 12 18 0.18493153 
223 361 131 142 0.18269175 
94 -1 11 12 0.17899254 
825 60 27 34 0.17686789 
242 25 13 16 0.17615816 
957 46 45 66 0.1745054 
858 17 23 27 0.17169535 
696 120 23 30 0.16275725 
175 18 13 17 0.16103306 
762 122 26 34 0.15335497 
220 44 14 17 0.15028445 
795 90 15 19 0.14597106 
47 26 11 15 0.14594027 
341 1 14 15 0.14447598 
312 100 13 18 0.14110968 
570 150 16 20 0.13485377 
630 95 24 30 0.13230692 
490 83 13 18 0.13066252 
210 19 13 15 0.12991408 
348 0 13 13 0.12978135 
36 3 12 15 0.1266735 
693 6 14 16 0.12564899 
475 176 16 19 0.124255836 
67 18 13 17 0.12014965 
301 222 60 67 0.11757077 
190 294 189 256 0.11587534 
763 55 18 21 0.1135687 
336 98 21 28 0.11282951 
36 110 14 18 0.11023971 
715 45 12 15 0.11021009 
240 113 17 21 0.10824044 
252 28 11 14 0.10609993 
14 38 13 15 0.10609847 
670 9 13 16 0.10426805 
605 456 61 76 0.1039306 
134 -2 13 13 0.10308778 
404 11 12 15 0.101775296 
907 51 30 36 0.101200424 
84 43 13 16 0.10113906 
61 4 12 15 0.10089743 
691 126 16 21 0.10079783 
314 95 21 25 0.09834619 
106 452 43 67 0.09810965 
578 42 15 22 0.09762927 
139 34 15 18 0.096380346 
592 166 23 29 0.09595594 
598 -1 14 18 0.09273274 
477 40 15 19 0.09157881 
70 1 12 15 0.09061392 
548 59 14 17 0.09040388 
682 9 14 17 0.08851909 
342 49 22 26 0.087688155 
420 4 13 15 0.086921185 
892 4 40 38 0.08658989 
414 2 13 17 0.08596306 
474 19 20 25 0.08401096 
566 180 12 16 0.0839225 
894 21 49 56 0.0833082 
403 47 15 20 0.08227709 
115 45 13 16 0.08212654 
197 69 15 22 0.081791975 
698 28 13 16 0.08138529 
308 493 124 124 0.07993218 
714 60 19 26 0.079719365 
833 52 26 36 0.079065785 
254 10 11 15 0.07889847 
76 0 13 13 0.07884149 
468 27 22 31 0.07695975 
262 20 10 13 0.07692924 
722 413 43 61 0.07658978 
366 184 45 56 0.07650118 
294 1 11 13 0.076169096 
55 18 12 15 0.075904354 
973 262 47 85 0.07583872 
156 80 16 20 0.07501144 
771 77 17 21 0.07443775 
632 85 21 25 0.07372644 
119 0 9 10 0.07320097 
718 5 13 18 0.07258733 
463 134 21 25 0.072128385 
676 97 15 23 0.071678884 
426 3 13 16 0.07165341 
453 144 13 18 0.071000636 
467 20 14 19 0.07044991 
76 20 11 14 0.07040255 
656 208 47 60 0.07007172 
581 295 23 36 0.06995543 
349 12 12 15 0.069867 
694 54 21 28 0.06980515 
596 128 15 19 0.06887075 
254 22 11 13 0.06886421 
972 15 47 64 0.068708986 
711 -1 10 11 0.06797071 
111 57 14 19 0.06748469 
643 81 14 17 0.06732398 
676 255 84 114 0.06692997 
73 320 48 59 0.066811614 
590 172 14 19 0.066341184 
687 32 12 16 0.06613934 
155 21 14 17 0.06596936 
339 91 16 21 0.06575567 
723 8 15 19 0.0653613 
491 200 15 21 0.065282114 
709 56 16 24 0.06494789 
239 0 9 10 0.06418419 
100 0 11 10 0.064182326 
593 108 25 31 0.063898504 
405 21 11 15 0.06329624 
488 61 12 16 0.06323133 
230 14 14 18 0.062998615 
954 76 34 45 0.06291968 
710 124 17 24 0.062684916 
437 179 13 18 0.061702818 
366 101 15 20 0.061668266 
372 1 11 11 0.061326623 
818 67 17 21 0.061306283 
357 191 29 37 0.06120287 
386 158 23 30 0.061199676 
1 27 9 13 0.06111676 
557 425 87 121 0.060784582 
680 59 13 18 0.06077857 
725 12 21 26 0.06067768 
141 0 12 12 0.060669214 
588 82 16 21 0.060626693 
871 119 30 38 0.060359947 
728 66 15 24 0.06001365 
750 119 15 21 0.059722435 
315 24 14 17 0.059695072 
843 458 45 60 0.059384275 
687 21 14 18 0.059036534 
86 0 12 12 0.058981597 
571 207 24 31 0.058316402 
555 144 15 19 0.058213703 
684 86 12 15 0.05814426 
541 89 14 17 0.057959393 
399 12 13 16 0.057791717 
768 7 22 28 0.057742972 
623 11 19 25 0.05762074 
288 21 11 14 0.05712934 
166 -2 10 10 0.056897894 
994 262 34 56 0.056737192 
332 26 12 16 0.056457307 
347 108 17 24 0.056443334 
715 50 13 19 0.05628174 
481 113 15 19 0.0555739 
615 104 20 29 0.05548657 
756 112 21 28 0.05545194 
195 157 23 30 0.055381052 
212 50 15 19 0.055261698 
291 26 12 16 0.055174388 
110 19 14 17 0.055143878 
250 388 78 76 0.05485825 
630 404 49 58 0.054793194 
128 -1 11 11 0.054458126 
207 53 13 17 0.05435903 
726 119 19 25 0.053446975 
110 44 11 15 0.05245186 
538 1 15 21 0.05238987 
723 335 14 20 0.052264385 
330 543 80 76 0.051921856 
452 6 12 15 0.05172686 
114 50 15 20 0.051656205 
583 173 12 15 0.05164761 
495 376 42 60 0.05150619 
372 312 58 75 0.051420055 
181 4 12 14 0.051197145 
112 -1 11 11 0.0511929 
395 229 102 131 0.051178906 
32 26 11 15 0.050817214 
194 35 12 15 0.050750878 
150 0 10 11 0.050568774 
174 5 11 15 0.050375883 
857 111 33 46 0.050220683 
575 3 16 18 0.050168402 
831 103 25 35 0.050162345 
632 12 16 21 0.05004001 
832 0 17 20 0.049955375 
679 28 11 14 0.049645416 
381 203 59 69 0.049587224 
346 98 16 21 0.049528733 
73 66 15 18 0.049466193 
627 51 16 22 0.048939675 
259 42 14 18 0.048586845 
169 5 10 13 0.04844874 
407 42 22 27 0.04816601 
949 276 40 58 0.04788836 
334 59 13 18 0.047875114 
711 37 12 17 0.047862817 
474 142 16 20 0.047750354 
587 44 19 24 0.047595136 
767 98 26 35 0.04751248 
8 34 10 13 0.047309037 
6 29 10 13 0.047296464 
45 14 11 15 0.047223497 
260 1 12 13 0.047030397 
850 4 29 30 0.047005452 
561 111 18 19 0.046867043 
737 125 24 32 0.04671987 
645 215 37 47 0.04671672 
253 34 13 17 0.046602376 
454 32 13 19 0.04649808 
215 35 12 15 0.046361566 
460 24 16 22 0.04635405 
333 113 22 32 0.04625698 
666 84 14 17 0.046192534 
18 67 14 18 0.04615257 
622 449 93 98 0.046143584 
212 28 12 14 0.04600334 
237 3 12 14 0.04597991 
178 13 13 15 0.045642678 
132 68 14 20 0.045626458 
270 29 13 16 0.044974715 
159 -2 10 10 0.044781383 
470 156 24 28 0.044690765 
53 35 11 14 0.04464706 
721 321 35 49 0.044190273 
203 174 14 19 0.04401299 
670 104 16 23 0.044003695 
327 0 10 11 0.0439471 
677 204 46 61 0.0437485 
610 374 52 58 0.043610193 
636 475 121 101 0.043549515 
923 303 101 115 0.04351116 
296 206 35 46 0.04329701 
648 11 13 18 0.043099254 
29 70 22 30 0.042949595 
774 131 19 25 0.042899247 
37 71 14 18 0.04283014 
363 32 14 19 0.04255236 
23 21 9 13 0.042502314 
334 3 13 15 0.042449936 
108 38 11 14 0.04235952 
385 17 15 17 0.04235638 
936 45 45 63 0.042077754 
326 27 12 16 0.041895058 
233 403 202 215 0.04177587 
717 38 12 15 0.041775607 
270 0 11 13 0.041481435 
208 0 9 10 0.041471362 
783 94 25 31 0.041406423 
36 113 21 27 0.0413772 
244 44 13 15 0.04119953 
270 20 11 14 0.04111742 
142 20 13 17 0.041042954 
669 41 15 20 0.04101935 
757 2 13 17 0.04029995 
220 72 15 19 0.04014246 
298 38 14 20 0.040017176 
675 108 15 24 0.040007673 
32 1 12 12 0.039967746 
355 30 16 20 0.03995702 
181 -1 11 10 0.039907597 
498 194 18 22 0.039720584 
242 66 16 19 0.039548423 
437 6 21 26 0.039473116 
493 364 29 47 0.039308652 
489 17 14 20 0.039108757 
818 468 54 66 0.03898748 
239 47 24 31 0.038952 
648 120 16 21 0.03881426 
608 424 61 77 0.038726367 
495 207 25 34 0.038716387 
61 51 12 15 0.03856339 
852 0 18 18 0.03854533 
678 36 12 16 0.03820925 
638 15 18 25 0.03818882 
257 174 27 40 0.038140643 
429 24 14 18 0.037951488 
101 30 12 16 0.03771216 
703 -1 11 11 0.037651118 
44 6 10 13 0.037587725 
6 22 10 12 0.03740909 
189 68 14 18 0.03717298 
19 41 13 17 0.037119173 
469 3 13 17 0.037014898 
766 11 13 19 0.036899 
654 16 13 16 0.03681103 
41 127 25 32 0.03672972 
281 208 38 52 0.03654807 
654 65 14 16 0.036469076 
13 29 11 14 0.0364312 
232 -1 11 10 0.036257174 
766 119 13 21 0.036124934 
698 40 22 29 0.035918787 
693 84 12 16 0.03575047 
436 18 21 26 0.035740644 
341 64 13 19 0.035688717 
19 329 58 79 0.03566843 
354 105 15 21 0.035579346 
913 49 44 56 0.035537254 
177 45 14 17 0.0354282 
539 38 21 26 0.03518678 
417 522 99 102 0.035171445 
765 83 25 31 0.03516639 
-3 545 58 81 0.03516095 
86 19 11 14 0.03503447 
617 50 21 27 0.03499663 
491 169 22 27 0.0348937 
292 166 30 36 0.034847137 
712 2 13 16 0.034723133 
752 11 21 29 0.03470833 
837 126 28 33 0.034672976 
48 33 11 14 0.034657616 
352 49 17 20 0.034616 
765 62 23 29 0.034509454 
460 6 13 16 0.034426734 
356 22 14 18 0.03431506 
669 485 70 65 0.034284983 
252 50 15 19 0.034242906 
424 26 13 18 0.03418707 
678 488 36 39 0.03412292 
506 105 17 21 0.03407841 
414 56 15 19 0.034040634 
624 24 14 17 0.03400837 
590 2 14 17 0.033948705 
695 0 12 12 0.03382276 
244 32 14 17 0.03376109 
322 121 25 34 0.033703055 
500 110 16 19 0.033701625 
79 50 11 14 0.033680018 
248 0 11 14 0.033624448 
790 85 14 18 0.033588603 
801 97 16 20 0.033503607 
329 195 54 65 0.03335731 
231 5 12 15 0.033332556 
2 96 14 17 0.033194315 
620 134 17 22 0.032965276 
684 130 23 29 0.0329258 
363 51 14 17 0.03292466 
200 5 12 15 0.032919504 
109 25 11 15 0.03282541 
685 113 14 21 0.03282306 
563 331 28 35 0.032777287 
545 1 22 27 0.032712467 
502 397 50 69 0.032642797 
234 38 24 28 0.032516953 
215 0 9 9 0.032499462 
844 0 17 19 0.032444336 
119 3 11 13 0.032424867 
88 29 13 16 0.032325298 
3 52 13 17 0.032280732 
163 66 15 17 0.03219232 
390 -1 13 12 0.032015413 
13 20 11 13 0.031966854 
423 34 13 18 0.031860687 
363 22 14 18 0.031396434 
380 190 94 121 0.031386457 
735 113 23 30 0.031385142 
697 249 53 73 0.03132155 
93 54 12 14 0.03104776 
722 106 26 33 0.0310247 
283 25 21 26 0.030999834 
720 247 76 104 0.030982414 
86 60 11 16 0.030903803 
672 28 12 15 0.030845463 
356 200 15 21 0.03082449 
943 422 49 73 0.030809773 
397 115 23 29 0.03078964 
437 321 16 22 0.03056934 
656 0 10 12 0.030513912 
726 0 11 11 0.030475158 
77 13 12 16 0.030412422 
221 30 12 15 0.030365014 
646 18 11 16 0.030303143 
211 4 12 15 0.030213038 
103 20 12 14 0.030146353 
30 45 11 15 0.030061964 
602 165 26 33 0.030037666 
660 243 60 79 0.030034352 
620 43 13 18 0.030003594 
462 433 32 38 0.02996417 
364 42 13 18 0.029874548 
169 10 11 15 0.02980318 
675 113 22 30 0.029774422 
22 29 11 13 0.029735409 
372 100 24 26 0.0296707 
337 140 25 33 0.029631026 
718 0 11 11 0.029620305 
582 186 15 18 0.029315032 
151 50 13 18 0.029258387 
794 80 24 28 0.029245045 
707 134 25 35 0.029178582 
554 58 14 18 0.02906024 
92 60 12 16 0.028979536 
592 90 20 28 0.028974714 
645 5 13 17 0.028931703 
535 0 13 14 0.028844627 
416 214 35 45 0.028829057 
678 48 20 25 0.028775977 
829 47 17 23 0.028717289 
659 0 13 15 0.028711459 
437 76 27 33 0.028681051 
222 -1 10 10 0.028667836 
382 42 23 27 0.028503472 
663 78 13 16 0.028478706 
189 4 11 14 0.028280875 
552 113 25 27 0.028217437 
439 1 12 13 0.028192434 
765 4 13 16 0.028134989 
602 7 20 25 0.028111659 
148 24 13 18 0.027952826 
809 417 58 65 0.027943328 
335 52 13 18 0.02792935 
723 46 13 16 0.027926207 
756 483 64 74 0.027926063 
745 233 48 61 0.027663477 
793 481 63 74 0.027628483 
373 64 15 20 0.027301108 
-3 91 22 29 0.027103126 
276 3 13 14 0.02706511 
486 75 15 21 0.026989734 
390 179 48 64 0.026922472 
493 12 14 18 0.026911097 
616 171 26 38 0.026820222 
769 49 16 20 0.026772106 
642 96 17 21 0.026720032 
318 4 13 14 0.026581382 
361 483 74 79 0.026498448 
570 108 15 19 0.026465036 
693 27 21 26 0.026451997 
674 32 20 26 0.026433432 
3 340 92 123 0.026388202 
548 139 15 20 0.026304321 
753 309 47 61 0.026292887 
93 20 12 14 0.026280286 
32 13 13 17 0.026276726 
728 410 24 39 0.026230881 
818 48 25 32 0.02620862 
561 139 21 28 0.026203196 
796 102 17 21 0.026172677 
622 121 15 20 0.026127826 
132 19 13 17 0.025944611 
308 246 65 73 0.025935194 
749 230 30 33 0.025875503 
236 58 17 20 0.025818814 
588 25 16 19 0.025810976 
510 -1 11 11 0.025727823 
612 49 14 20 0.025664292 
619 369 32 42 0.025659777 
14 14 10 11 0.025634093 
423 5 20 25 0.025627723 
383 174 30 39 0.025533766 
428 60 22 27 0.025517553 
963 36 33 46 0.025480773 
258 171 16 23 0.025390388 
202 147 14 19 0.025383199 
260 14 10 13 0.025372554 
732 6 15 19 0.02534231 
404 152 14 19 0.025264116 
500 13 12 16 0.0252538 
818 140 16 21 0.025227427 
818 78 30 38 0.025082398 
0 120 14 19 0.025070231 
468 10 13 19 0.02505322 
519 135 22 30 0.024971342 
37 34 12 14 0.02491195 
490 209 16 24 0.024903597 
896 51 26 38 0.024899144 
216 34 19 23 0.024841312 
510 5 25 27 0.024823008 
223 4 12 14 0.024812214 
516 293 52 56 0.024804192 
585 95 22 29 0.02477959 
768 36 22 28 0.024744792 
769 240 54 66 0.024740696 
343 9 13 16 0.024507126 
684 38 26 31 0.024446636 
80 475 57 81 0.024429435 
238 72 17 20 0.024405323 
500 5 12 15 0.024342712 
221 40 21 25 0.024316423 
408 -1 13 12 0.024218358 
484 50 11 16 0.024133652 
554 173 14 18 0.024099734 
760 16 24 31 0.024074629 
578 48 20 28 0.024027433 
875 1 18 19 0.024003636 
540 134 14 21 0.023981176 
692 415 81 107 0.023929296 
390 77 13 18 0.023825282 
30 36 11 15 0.02381735 
811 220 47 59 0.023812067 
827 77 19 25 0.023786953 
633 254 86 114 0.023761932 
-39 69 189 193 0.023753906 
300 0 12 12 0.023619855 
691 116 15 20 0.023605721 
683 189 33 38 0.023583965 
574 38 14 20 0.023549799 
185 55 16 19 0.023516897 
726 237 45 64 0.02349794 
698 10 13 16 0.02343799 
770 21 24 32 0.023426037 
307 45 13 18 0.023367528 
808 0 16 20 0.023308558 
725 34 12 15 0.023277652 
636 176 44 58 0.023268806 
151 78 14 18 0.023245703 
845 122 17 27 0.023185555 
704 62 22 30 0.02317812 
635 3 14 17 0.02317551 
579 105 22 26 0.023146369 
508 32 15 19 0.022998467 
14 68 23 27 0.022929259 
6 46 12 15 0.022928437 
881 53 24 35 0.02284519 
596 19 12 15 0.022840142 
207 55 20 25 0.022822985 
292 105 13 17 0.022778051 
328 195 98 100 0.022768907 
818 97 29 34 0.022712152 
115 84 15 19 0.022579044 
218 55 16 20 0.022578493 
503 19 14 17 0.022577096 
1012 183 12 19 0.02255482 
56 0 11 12 0.022545027 
396 5 14 15 0.022536011 
398 58 12 18 0.022481803 
193 55 21 26 0.02247758 
349 325 82 111 0.02244552 
230 33 13 17 0.0224307 
351 34 12 16 0.022422226 
416 39 22 29 0.022381864 
194 48 14 18 0.022354351 
541 29 13 16 0.022347601 
381 142 12 16 0.022306079 
31 51 13 16 0.022249803 
-2 113 25 32 0.02222503 
74 82 14 18 0.022132693 
705 108 26 35 0.022109557 
578 140 15 17 0.022107495 
564 41 21 27 0.022088246 
107 308 35 49 0.022057163 
249 114 24 30 0.021998834 
808 0 28 36 0.021993594 
134 27 14 19 0.0219803 
818 -1 38 41 0.021928571 
680 66 22 26 0.0219123 
186 30 20 26 0.021896426 
188 73 25 30 0.021870626 
286 144 13 18 0.021867448 
910 61 16 21 0.021857215 
316 50 17 20 0.021851335 
54 43 13 17 0.02185088 
149 89 14 17 0.021833884 
623 57 24 28 0.02182546 
342 37 12 16 0.021772487 
8 57 24 29 0.021746604 
309 -1 11 11 0.02172718 
48 46 11 15 0.021725373 
620 3 16 21 0.021724641 
654 26 13 16 0.02172053 
326 65 14 18 0.02170965 
807 332 10 15 0.02167584 
980 0 49 54 0.021674993 
429 181 26 32 0.021660767 
679 229 53 71 0.02164248 
666 88 22 26 0.021641538 
481 177 22 29 0.021588175 
146 35 12 17 0.021559477 
496 97 23 30 0.02154893 
688 103 21 28 0.02154378 
833 446 96 130 0.021457447 
278 13 12 14 0.021456594 
845 77 45 58 0.021444378 
163 52 14 19 0.02142853 
262 27 12 15 0.021428443 
333 10 12 16 0.021427719 
161 74 17 20 0.021423277 
449 254 59 79 0.02139787 
421 198 14 18 0.021385938 
30 0 19 24 0.021338144 
68 52 13 15 0.021286605 
175 -1 12 11 0.021284023 
357 52 25 30 0.02124932 
116 97 12 16 0.0212115 
850 9 43 54 0.021180457 
691 72 15 20 0.021178726 
781 228 82 100 0.02114555 
857 47 28 38 0.021141673 
664 526 38 37 0.021121092 
810 69 28 35 0.021089347 
235 29 17 20 0.020974783 
460 143 16 20 0.020963278 
716 262 14 20 0.020957997 
14 6 10 13 0.020951523 
393 25 255 266 0.020947741 
149 44 12 17 0.020944407 
164 26 12 16 0.02091397 
710 418 32 43 0.020894002 
115 61 15 20 0.020893037 
613 65 14 20 0.020826843 
259 57 15 20 0.02080986 
273 31 23 28 0.020770697 
718 50 21 28 0.020757377 
299 92 92 128 0.020658677 
937 465 15 18 0.020637646 
198 19 13 16 0.020576483 
546 163 17 20 0.020574143 
547 224 13 19 0.020532435 
475 117 20 26 0.020523824 
582 27 14 16 0.020473454 
515 4 16 17 0.020380333 
819 340 52 69 0.020356534 
566 233 15 18 0.020345835 
421 65 14 19 0.020325705 
745 422 50 65 0.020318918 
414 202 30 39 0.020249033 
422 190 26 33 0.020243816 
558 4 17 24 0.020232815 
208 34 12 16 0.020227958 
531 18 14 18 0.020227883 
759 271 54 70 0.020222647 
566 67 14 18 0.020206295 
366 10 12 16 0.02017611 
157 57 17 19 0.020144945 
400 25 13 18 0.020141898 
404 33 14 18 0.020121694 
563 27 13 17 0.020116385 
834 199 29 38 0.020032011 
162 86 16 19 0.02001965 
335 43 13 17 0.020010812 
