47_Matador_Bullfighter_matadorbullfighting_47_936
36
651 19 84 113 0.9812687 
235 234 193 193 0.17777078 
618 275 12 15 0.12102413 
318 488 60 65 0.09847379 
0 0 373 429 0.074189305 
791 292 13 17 0.05335444 
-18 266 195 230 0.05083833 
639 260 14 17 0.05080878 
700 293 10 13 0.049330443 
53 202 116 107 0.048074987 
182 127 231 249 0.047951702 
293 502 72 66 0.043928582 
764 336 14 16 0.043441772 
671 298 9 13 0.038270514 
824 332 27 37 0.037042454 
635 276 15 19 0.037014455 
53 99 215 216 0.036603417 
813 218 34 39 0.035900198 
787 305 13 18 0.031395946 
693 275 12 13 0.030910758 
685 334 13 17 0.029530993 
757 330 24 29 0.02925508 
718 342 10 12 0.026725054 
214 316 48 54 0.026668318 
444 495 50 66 0.026648918 
656 72 44 54 0.025699012 
768 249 15 18 0.02486319 
672 279 10 12 0.024087405 
706 243 13 15 0.023017019 
627 265 24 30 0.022988793 
273 524 72 63 0.022476815 
647 188 12 15 0.022195613 
235 58 267 240 0.022036534 
71 210 73 64 0.02110913 
730 247 15 17 0.020567268 
714 343 9 11 0.020029243 
