47_Matador_Bullfighter_matadorbullfighting_47_207
131
375 417 19 25 0.73626244 
923 480 15 19 0.6593983 
884 483 17 21 0.6583834 
574 398 22 28 0.41616943 
745 426 15 19 0.30583483 
468 429 17 21 0.29571152 
401 495 16 22 0.28551388 
602 470 16 22 0.23730764 
721 490 16 20 0.18989928 
407 442 24 31 0.14725758 
60 339 16 21 0.14109322 
460 431 16 21 0.12331195 
412 433 15 17 0.12099891 
872 522 10 12 0.106720135 
443 434 13 17 0.10617842 
416 506 22 31 0.10217898 
478 576 367 439 0.09709829 
827 534 29 35 0.09486979 
913 540 11 14 0.0749387 
213 475 26 37 0.067404754 
386 416 23 28 0.0619509 
368 418 15 22 0.052524444 
454 414 11 13 0.051932264 
775 479 21 31 0.05099488 
902 469 13 15 0.050410073 
781 471 11 15 0.04975477 
128 530 13 17 0.04662126 
820 483 15 19 0.045913856 
589 477 14 19 0.044707336 
510 458 14 15 0.04346416 
724 476 14 17 0.043388933 
389 485 26 31 0.043356363 
636 542 43 52 0.04255962 
402 427 17 21 0.041668758 
224 465 27 41 0.03992223 
555 587 134 110 0.03954721 
582 480 13 18 0.039008822 
642 539 15 20 0.03805647 
410 511 40 51 0.037762955 
775 474 11 15 0.036852393 
167 579 139 175 0.035750814 
630 509 11 13 0.035508793 
453 435 15 20 0.03502671 
629 516 11 13 0.03500293 
620 476 12 16 0.034427505 
875 519 11 14 0.03409806 
755 428 12 17 0.033919036 
359 805 524 567 0.033296183 
390 498 28 36 0.03317495 
391 442 39 54 0.032880697 
501 480 13 17 0.03226057 
119 434 402 499 0.03215698 
532 469 19 28 0.03188137 
889 479 15 18 0.03165491 
437 438 14 20 0.031599794 
277 482 14 18 0.031466592 
475 421 13 15 0.031364452 
644 568 28 33 0.030991558 
767 450 12 17 0.030959735 
421 442 21 32 0.030292207 
252 415 14 20 0.030116726 
477 462 11 14 0.030043056 
-40 821 517 562 0.028240595 
403 483 15 19 0.028081918 
632 501 9 12 0.02786329 
730 484 12 16 0.027759373 
772 458 11 15 0.027711732 
66 334 16 18 0.027549434 
719 474 24 31 0.027256243 
795 483 15 18 0.027245902 
630 594 14 17 0.027091982 
380 472 42 49 0.026945656 
389 521 14 19 0.026906041 
508 474 16 20 0.026796103 
876 470 10 13 0.026525002 
863 494 11 15 0.02637233 
372 550 13 16 0.026370768 
526 527 11 12 0.026031295 
364 513 30 35 0.02592576 
227 425 14 21 0.02573501 
656 484 11 15 0.025671551 
357 464 26 39 0.02527018 
596 780 17 20 0.025091883 
438 413 12 15 0.025083547 
770 443 13 18 0.025079591 
476 415 12 13 0.025074728 
836 540 15 17 0.024822872 
420 527 16 21 0.024807122 
459 414 11 14 0.024654098 
767 474 10 14 0.024641218 
200 476 28 34 0.024594251 
787 469 12 15 0.02447658 
446 412 12 16 0.024312051 
174 459 11 15 0.02415656 
176 537 217 274 0.024139958 
430 443 13 21 0.023931496 
383 423 38 48 0.023854168 
344 461 28 39 0.023823982 
400 507 29 36 0.023741879 
475 427 20 26 0.023728145 
597 476 16 23 0.023640709 
397 533 44 67 0.023615845 
184 474 25 31 0.023118354 
772 492 14 22 0.02308934 
685 824 63 80 0.023078308 
713 490 14 18 0.023003623 
579 391 16 19 0.022974059 
614 509 10 13 0.022911541 
787 483 15 20 0.022698814 
460 419 13 16 0.02259077 
602 460 16 19 0.022554101 
548 766 155 171 0.022443946 
174 618 455 495 0.022427663 
765 492 14 18 0.02224749 
623 508 9 13 0.022246467 
263 466 24 35 0.022236232 
441 415 21 26 0.022101281 
637 500 9 12 0.022057168 
620 523 43 55 0.021934716 
253 457 27 37 0.021588383 
755 469 15 17 0.021504423 
604 443 12 17 0.02138763 
786 445 13 17 0.021069665 
516 474 14 18 0.02083474 
334 540 13 16 0.02077489 
253 518 12 15 0.020523893 
410 503 19 26 0.020156838 
455 409 10 11 0.020091461 
804 469 12 14 0.020041058 
761 480 24 31 0.020037478 
575 483 12 16 0.020037234 
