47_Matador_Bullfighter_matadorbullfighting_47_777
28
579 89 216 264 0.9999558 
763 91 245 277 0.57668936 
-82 -91 478 632 0.24075873 
644 10 308 414 0.16460674 
236 574 85 114 0.071974464 
-27 78 278 369 0.06295128 
273 582 83 116 0.061791122 
493 168 31 31 0.05382775 
0 400 207 243 0.052502185 
372 343 233 228 0.052395258 
411 442 140 135 0.0523298 
307 255 388 416 0.048746295 
351 446 214 219 0.048295837 
14 -18 326 341 0.042191524 
432 97 127 157 0.04147318 
126 -69 377 456 0.03837044 
268 490 60 70 0.035651725 
289 504 53 71 0.034919932 
374 469 113 104 0.031195827 
791 416 209 235 0.028318798 
903 69 131 229 0.025304113 
479 608 50 53 0.024530595 
349 647 13 17 0.02325217 
206 137 352 468 0.021931034 
446 95 27 38 0.021676589 
918 458 114 212 0.021605574 
310 620 34 43 0.021369478 
457 172 74 70 0.020689212 
