47_Matador_Bullfighter_matadorbullfighting_47_731
1561
577 136 20 25 0.90447253 
679 113 12 16 0.87824893 
342 6 10 12 0.8061518 
142 76 11 15 0.8027254 
326 142 11 15 0.7254468 
974 138 13 17 0.72163993 
19 133 14 18 0.71422035 
39 125 13 16 0.69333166 
312 18 10 14 0.66550946 
645 119 11 13 0.6579959 
751 84 12 15 0.6246542 
833 110 10 13 0.6188928 
687 60 9 13 0.6154971 
424 172 17 19 0.60056776 
949 111 13 18 0.5989403 
719 134 12 15 0.5967515 
975 31 10 13 0.58686364 
977 4 10 12 0.56029135 
871 92 8 12 0.55839187 
961 72 10 13 0.5493188 
64 116 11 14 0.54880977 
438 128 11 14 0.54437745 
205 78 9 12 0.5358588 
913 109 11 14 0.5358321 
415 102 10 13 0.5352289 
361 118 9 11 0.5308008 
306 75 11 14 0.5197609 
873 111 11 13 0.5110381 
517 69 10 14 0.5055973 
303 135 9 12 0.5026485 
140 11 11 14 0.49001497 
536 107 10 14 0.4878574 
376 95 9 12 0.4700226 
997 126 13 16 0.44668865 
768 100 10 12 0.44587815 
59 21 10 13 0.44541886 
0 148 11 15 0.43984842 
496 110 12 15 0.43770257 
853 94 9 11 0.42729598 
524 125 10 14 0.42632884 
799 111 9 11 0.4224051 
104 135 10 13 0.4075403 
144 133 9 12 0.4053245 
244 129 11 15 0.40428126 
445 67 9 11 0.3985433 
943 53 11 13 0.3980735 
840 87 8 12 0.39684734 
86 99 10 13 0.39419517 
678 88 11 13 0.38137612 
398 62 8 11 0.37908852 
15 86 9 12 0.37895668 
404 31 10 12 0.3777483 
767 126 10 13 0.3775584 
925 46 9 12 0.37726253 
542 76 10 13 0.3760023 
912 12 9 11 0.37447485 
904 77 10 13 0.36913154 
947 38 11 13 0.36665598 
829 55 8 10 0.3652861 
834 23 8 11 0.36445323 
536 134 9 12 0.36389697 
27 152 14 17 0.35765514 
789 245 56 70 0.3526192 
921 43 9 12 0.35082135 
789 30 9 11 0.34874913 
922 89 12 14 0.34866983 
71 148 13 16 0.3438802 
279 142 11 14 0.34253952 
454 119 9 12 0.34114006 
541 109 10 12 0.3372299 
1005 4 12 14 0.33117506 
282 103 7 11 0.33034557 
10 169 15 18 0.3255629 
558 64 8 10 0.32386506 
324 4 10 12 0.3210997 
664 39 12 15 0.32058078 
565 123 10 13 0.32000983 
689 38 9 13 0.31733215 
287 86 9 12 0.31708083 
408 108 10 13 0.31694484 
8 116 11 14 0.3165866 
121 149 12 15 0.3102904 
476 84 10 14 0.30714205 
905 84 11 14 0.3047638 
251 78 13 17 0.30427703 
588 85 9 13 0.30231953 
873 63 10 12 0.30107695 
612 47 8 11 0.2949188 
822 62 9 11 0.2929937 
404 134 10 13 0.292423 
918 41 9 11 0.28458452 
717 109 10 13 0.28406885 
907 133 11 13 0.2742896 
414 77 9 12 0.27296305 
502 136 14 18 0.2712466 
343 92 11 14 0.2698189 
641 27 10 12 0.2693763 
68 94 9 12 0.26937494 
983 103 12 15 0.26851097 
909 58 9 12 0.264031 
631 78 10 12 0.2627489 
181 88 9 10 0.26252863 
736 55 10 12 0.25922 
136 7 11 13 0.25669712 
494 62 10 14 0.25299135 
887 51 10 13 0.25247413 
712 79 10 12 0.25011092 
388 148 11 14 0.24651553 
717 76 10 13 0.24646932 
854 55 9 12 0.24378148 
475 77 11 14 0.24337119 
103 119 9 11 0.2419901 
782 83 11 13 0.24171433 
168 159 9 11 0.24136354 
82 125 12 15 0.23949385 
45 5 11 14 0.23933744 
209 101 9 12 0.23910215 
601 116 11 14 0.23909767 
592 108 9 12 0.2381112 
191 141 9 11 0.23756725 
557 132 12 15 0.23604327 
945 44 12 14 0.23431575 
247 56 7 10 0.2338127 
711 108 10 13 0.2291545 
716 47 9 11 0.22894439 
740 61 10 12 0.22873887 
440 63 10 14 0.22594085 
776 64 8 11 0.22451356 
737 29 9 12 0.22366576 
801 116 9 11 0.22165252 
167 125 9 11 0.22162169 
398 88 9 10 0.22042231 
1013 86 9 13 0.21752363 
972 45 10 13 0.2164214 
583 7 8 10 0.21109186 
330 72 9 13 0.20969883 
100 85 10 13 0.20961589 
342 87 9 12 0.20904782 
194 166 15 18 0.20411581 
819 157 12 14 0.20318404 
725 12 9 12 0.20290527 
757 70 9 11 0.20248796 
49 83 10 13 0.20033486 
760 39 7 10 0.19984514 
358 71 9 11 0.19874258 
780 141 11 13 0.19812253 
951 16 8 11 0.19582498 
861 16 9 10 0.19553658 
879 50 10 13 0.19474484 
335 164 10 13 0.19138949 
468 175 12 17 0.19107066 
774 7 9 13 0.18971471 
264 84 10 13 0.18808241 
537 4 10 13 0.18764436 
231 94 8 10 0.18742764 
648 63 8 10 0.18703409 
869 34 10 13 0.18669498 
94 155 10 13 0.18590538 
507 228 15 17 0.18577634 
622 129 12 16 0.18407191 
559 82 9 13 0.18391417 
229 117 8 11 0.18347785 
607 86 9 13 0.18274392 
107 141 10 12 0.182302 
719 12 11 14 0.18154743 
845 87 10 11 0.17911892 
879 127 11 15 0.17776921 
446 106 10 13 0.1770787 
751 47 8 11 0.17612691 
161 7 11 13 0.175583 
169 103 9 12 0.17476691 
109 104 10 12 0.17246917 
548 46 9 10 0.17191783 
857 16 7 10 0.17169686 
431 108 9 11 0.17151812 
475 70 10 12 0.17124206 
598 110 10 13 0.1712273 
625 109 10 14 0.17016318 
725 101 9 12 0.16993235 
499 41 14 17 0.1686937 
345 101 10 13 0.16782178 
22 1 9 10 0.16711889 
407 138 10 13 0.1667109 
126 103 8 12 0.16660637 
37 94 11 14 0.16409831 
617 24 7 10 0.16298316 
63 45 11 14 0.16189975 
303 1 9 10 0.1616831 
557 15 9 11 0.16113798 
801 79 7 10 0.16095366 
598 56 8 10 0.16071743 
1013 50 9 13 0.16028456 
511 7 9 12 0.16027838 
200 85 7 10 0.15944782 
913 39 9 11 0.158483 
46 36 12 16 0.15767935 
879 31 8 10 0.1573145 
624 77 10 13 0.15541385 
637 45 9 11 0.1548599 
85 78 9 12 0.15479915 
334 110 10 12 0.15478438 
561 126 11 13 0.15426941 
599 60 9 11 0.15387888 
742 31 8 11 0.15283106 
724 71 9 11 0.15277302 
943 0 8 9 0.1526931 
409 79 8 10 0.15268557 
104 124 11 14 0.15263636 
292 87 10 13 0.15157977 
366 154 12 14 0.15155481 
229 71 9 11 0.15084356 
989 77 13 16 0.14916529 
848 47 8 9 0.14911608 
361 13 9 11 0.14813372 
756 76 12 15 0.1478906 
85 23 9 11 0.1470515 
521 151 11 14 0.14648303 
712 40 8 10 0.14640701 
393 88 8 11 0.14611937 
719 52 9 12 0.14567743 
972 51 9 12 0.14385125 
817 63 9 11 0.14339578 
110 78 9 13 0.14265163 
303 94 8 11 0.14189802 
554 63 9 11 0.14117372 
632 53 9 12 0.14051813 
776 149 11 14 0.14020914 
152 100 10 13 0.13916536 
218 13 10 14 0.13902566 
265 135 8 11 0.13709855 
958 150 12 14 0.13582385 
296 91 9 11 0.13549446 
225 112 8 11 0.13448337 
824 30 8 11 0.13363667 
836 28 9 11 0.13282982 
789 23 10 12 0.13282937 
904 90 11 13 0.13243783 
841 1 10 11 0.13111676 
336 115 10 13 0.13108756 
843 5 10 12 0.13060695 
446 127 9 11 0.13024145 
452 100 11 13 0.12892428 
14 80 9 12 0.12750277 
383 78 10 12 0.1273165 
806 93 8 11 0.12637302 
167 79 8 12 0.12593712 
502 50 11 15 0.1256451 
806 7 8 10 0.12524159 
207 71 11 13 0.124913536 
149 157 8 10 0.124043636 
288 79 9 12 0.123394184 
641 92 11 13 0.12316535 
347 4 10 13 0.12237047 
487 313 71 62 0.12032456 
157 100 9 13 0.119954474 
164 119 10 13 0.11788009 
502 300 31 34 0.11778138 
265 92 11 14 0.11775466 
538 54 10 12 0.11745098 
230 112 8 10 0.11740954 
891 54 10 12 0.11686208 
233 135 8 11 0.11651216 
977 35 11 13 0.11607077 
583 61 8 11 0.11474366 
815 189 10 12 0.114642516 
174 127 9 11 0.1146081 
655 63 8 11 0.11436099 
233 102 8 10 0.11419663 
543 150 12 16 0.1137172 
102 77 11 14 0.11359849 
461 147 11 13 0.1133117 
708 126 11 13 0.11317482 
214 152 8 11 0.112775646 
544 115 10 13 0.1126271 
752 38 8 10 0.11192914 
644 22 10 13 0.11129286 
262 99 10 12 0.11069632 
693 28 11 13 0.11069002 
790 186 15 18 0.110235356 
81 132 12 15 0.10980884 
496 103 11 14 0.10976084 
442 5 8 11 0.10949853 
353 72 10 11 0.1076136 
861 127 11 15 0.107524686 
916 13 9 11 0.10729411 
904 37 9 12 0.1069371 
888 102 10 13 0.1056017 
887 22 8 10 0.1049707 
350 110 10 12 0.10475811 
241 132 10 14 0.10446666 
567 64 9 10 0.10391044 
249 8 9 11 0.10378543 
864 167 10 12 0.10372202 
639 38 9 12 0.1036544 
198 135 8 10 0.10358185 
0 6 9 13 0.103384905 
391 72 8 11 0.103349485 
297 119 8 11 0.10309153 
446 6 9 12 0.101093754 
673 91 10 12 0.10080766 
625 8 8 9 0.09989962 
225 91 8 11 0.09938409 
61 1 9 10 0.09933186 
769 30 8 10 0.09899039 
569 21 9 11 0.09885372 
63 26 10 13 0.09836562 
797 103 11 14 0.09746583 
421 93 9 11 0.097289145 
481 110 9 13 0.09678792 
262 68 10 12 0.096764766 
269 117 9 11 0.0962728 
863 77 8 10 0.09615909 
391 7 9 10 0.095065914 
638 53 10 12 0.094979756 
594 104 9 11 0.09493132 
917 8 9 11 0.09486143 
984 67 10 13 0.09482056 
735 24 10 11 0.094624676 
695 23 10 12 0.09388905 
157 143 7 9 0.09317573 
407 165 12 15 0.09281768 
600 123 11 14 0.09281337 
784 13 8 11 0.09280152 
264 118 10 12 0.092688836 
808 31 7 9 0.09255809 
29 78 9 11 0.092141174 
661 136 13 17 0.092026204 
375 8 8 10 0.09157773 
871 66 10 13 0.09151539 
77 141 13 16 0.0910691 
663 63 8 10 0.09075726 
352 75 9 13 0.090565965 
921 70 9 12 0.09030208 
632 72 9 11 0.09020297 
708 104 11 14 0.08911718 
831 127 10 13 0.089042716 
434 131 11 14 0.08830015 
653 15 9 11 0.08789066 
702 15 9 11 0.08781985 
710 68 10 13 0.08774502 
420 103 9 12 0.087724954 
803 5 8 11 0.087512724 
411 150 11 14 0.0867723 
655 45 9 10 0.08671296 
485 111 11 13 0.0866558 
814 15 8 10 0.08662469 
850 53 9 11 0.08534828 
0 79 7 11 0.08508022 
344 107 10 13 0.084488116 
642 123 11 13 0.0844197 
846 78 10 12 0.084121056 
753 23 9 10 0.083797954 
33 94 10 13 0.08358767 
204 5 9 12 0.08336573 
614 51 9 11 0.08313015 
943 21 10 12 0.082985885 
56 62 10 13 0.08261034 
854 89 8 11 0.08256487 
110 5 13 15 0.08226501 
183 6 9 12 0.08209035 
706 62 9 11 0.0818522 
601 21 9 10 0.08161685 
938 0 8 8 0.08145073 
280 107 8 11 0.08137035 
604 132 11 14 0.08104276 
887 -1 8 8 0.081040375 
214 94 9 11 0.0799795 
744 35 9 11 0.07997782 
672 111 10 13 0.07981237 
576 62 8 10 0.079764895 
175 108 9 10 0.07963657 
183 71 8 9 0.079245105 
968 0 9 11 0.07853758 
20 93 9 12 0.078320555 
119 108 9 11 0.078288175 
71 68 9 12 0.07815498 
575 29 8 10 0.07800205 
402 35 10 12 0.07778488 
566 54 8 11 0.077388205 
683 87 10 13 0.077154234 
809 12 8 10 0.07686909 
54 44 11 13 0.07662997 
711 130 12 14 0.076482415 
806 87 9 11 0.07643338 
462 100 9 11 0.0763951 
278 7 9 11 0.07639426 
751 32 8 9 0.07636335 
703 91 10 12 0.07612473 
888 16 7 10 0.076116934 
607 22 7 10 0.07580175 
104 108 10 12 0.07573524 
836 104 11 15 0.0756866 
360 7 9 12 0.07536256 
15 1 11 11 0.07517593 
121 102 9 13 0.07492745 
808 71 8 11 0.07461225 
234 6 9 11 0.07429802 
525 119 11 14 0.07403213 
516 8 10 12 0.07384168 
776 38 9 11 0.07358508 
717 19 10 12 0.07344008 
759 89 9 12 0.07318701 
492 8 9 11 0.07310612 
761 124 9 13 0.0729111 
440 108 9 13 0.07290446 
638 85 11 13 0.07289595 
1013 149 10 13 0.072892725 
358 113 10 13 0.072871886 
822 153 11 12 0.07283695 
981 2 9 10 0.07275529 
189 7 11 13 0.07265464 
814 55 9 10 0.07249663 
262 140 9 11 0.072452165 
200 5 9 12 0.072075196 
168 108 9 11 0.07155612 
872 101 11 13 0.071082436 
658 134 11 15 0.07091593 
735 34 9 12 0.07089195 
20 127 12 15 0.07080249 
833 16 8 10 0.070785955 
576 80 8 11 0.07070601 
746 84 11 13 0.070681386 
347 94 11 14 0.070567384 
225 44 9 13 0.07052033 
865 92 9 11 0.07043408 
422 108 9 12 0.0703927 
578 38 9 12 0.0703731 
816 39 8 10 0.06969551 
229 90 8 10 0.06883652 
776 133 9 11 0.06877059 
406 85 9 11 0.068633825 
767 55 9 10 0.06858883 
41 118 14 15 0.0681541 
663 21 9 12 0.06812834 
38 86 11 12 0.06808759 
447 86 9 11 0.06801301 
860 55 10 12 0.06786689 
905 22 8 11 0.06779785 
696 90 9 12 0.06779765 
801 85 9 11 0.06778115 
910 104 12 16 0.06774488 
602 15 8 10 0.06754067 
183 116 8 10 0.06752232 
548 111 10 13 0.067399584 
971 171 14 17 0.0671266 
379 100 9 12 0.06684441 
176 5 10 12 0.06679175 
622 95 10 11 0.0667188 
351 0 9 10 0.06648787 
273 7 8 11 0.06642596 
613 85 10 13 0.066067606 
805 77 9 11 0.066024594 
825 49 8 10 0.06562478 
129 6 10 13 0.06498285 
586 332 25 27 0.06496518 
583 56 8 10 0.06489852 
904 30 9 11 0.064889796 
644 87 10 12 0.06439377 
782 89 13 16 0.06436703 
878 7 8 9 0.06431185 
480 53 10 12 0.0643105 
774 31 8 10 0.064129956 
393 11 11 13 0.0636576 
594 54 9 11 0.06364218 
997 78 11 15 0.06357585 
175 131 10 12 0.06335981 
649 5 10 12 0.06326147 
970 29 10 13 0.06302546 
799 55 9 10 0.06292041 
481 46 10 12 0.062825106 
304 100 9 11 0.062768176 
409 53 10 13 0.06269502 
136 111 9 11 0.062644854 
622 102 11 13 0.06261039 
924 68 11 12 0.06259398 
377 86 9 11 0.062461812 
534 128 9 12 0.062295526 
417 96 10 12 0.062170062 
69 36 11 13 0.062129654 
459 155 14 18 0.06210857 
264 126 9 11 0.061952095 
460 126 10 13 0.061765715 
804 109 10 12 0.061420314 
855 20 8 11 0.061271455 
641 100 10 13 0.060907148 
948 31 11 13 0.060657397 
625 54 8 12 0.06042535 
609 52 8 11 0.06033689 
223 39 10 12 0.060278762 
375 13 9 11 0.06010165 
645 149 11 14 0.060015954 
142 138 10 12 0.060008362 
783 45 8 10 0.059999052 
589 80 11 13 0.059791718 
209 96 10 12 0.059629496 
885 38 10 11 0.05934075 
714 132 20 25 0.059307106 
563 102 12 14 0.059117857 
975 100 12 14 0.058963884 
683 156 11 13 0.058891542 
59 172 12 14 0.058882393 
13 112 10 14 0.058860846 
845 150 10 12 0.058683913 
590 90 10 13 0.058573432 
792 70 9 10 0.05853639 
943 4 9 10 0.05829593 
124 145 10 12 0.05800385 
765 105 11 14 0.05776236 
972 93 11 13 0.057692483 
829 50 9 10 0.057662163 
604 112 10 14 0.057651047 
839 55 8 10 0.057626262 
583 80 11 13 0.057567935 
805 102 10 13 0.057547964 
142 111 10 13 0.057545014 
671 124 11 13 0.057421863 
525 63 10 12 0.057117213 
424 5 9 11 0.057036817 
545 40 10 12 0.05702169 
223 134 9 10 0.056988902 
116 12 9 13 0.0568539 
583 46 8 10 0.056839027 
477 62 11 12 0.056837186 
848 60 9 11 0.056796324 
382 85 9 10 0.05679272 
293 78 9 12 0.056597456 
83 138 11 14 0.056486752 
937 52 11 13 0.05634003 
701 20 9 12 0.056313366 
815 183 9 12 0.056282736 
206 120 8 10 0.056264013 
53 4 12 14 0.056126952 
874 92 11 13 0.055995725 
364 170 13 15 0.055892073 
925 150 11 13 0.055859644 
256 70 11 12 0.055818893 
886 29 9 11 0.05566177 
32 84 10 13 0.055638056 
272 112 8 9 0.055608205 
197 161 9 11 0.055424575 
477 90 10 13 0.055377137 
801 1 8 10 0.055332553 
384 36 9 11 0.055303495 
790 17 7 9 0.055243295 
873 54 10 13 0.05521319 
729 36 10 12 0.055068202 
201 127 8 10 0.055000402 
768 0 8 8 0.054820865 
742 6 9 10 0.054767333 
69 87 11 13 0.05469818 
664 86 9 12 0.054400835 
401 78 8 11 0.0543901 
561 118 11 14 0.053642407 
589 6 8 9 0.05357041 
79 43 10 14 0.05345104 
504 87 9 12 0.053414986 
793 102 10 13 0.053340156 
792 55 8 10 0.05317219 
192 87 8 11 0.053132437 
270 80 8 11 0.053095683 
864 -2 7 8 0.053055078 
606 14 8 11 0.053030446 
489 61 11 13 0.053016257 
909 31 9 12 0.053001154 
795 107 9 13 0.052996527 
329 108 11 14 0.052730385 
377 80 9 11 0.052704033 
907 138 13 15 0.05259274 
690 5 9 11 0.05253614 
647 39 9 12 0.052392762 
952 6 8 10 0.052286495 
933 47 10 12 0.052232627 
1016 61 8 12 0.052206714 
463 193 27 37 0.05215708 
1013 179 10 14 0.051999096 
103 174 12 15 0.05184005 
575 14 10 12 0.05180685 
31 117 10 13 0.0517911 
0 180 10 14 0.051647592 
710 116 10 13 0.051559504 
92 58 12 14 0.051542804 
316 14 10 13 0.051496495 
366 113 9 13 0.051490888 
928 6 8 10 0.05140738 
870 195 12 16 0.05138412 
268 134 10 12 0.051382624 
230 63 10 11 0.05136494 
850 22 8 11 0.051358726 
162 80 9 12 0.05131651 
764 268 36 36 0.051305994 
712 5 10 13 0.05127606 
439 56 9 11 0.05111562 
281 96 8 10 0.051103566 
68 31 10 12 0.05109502 
874 7 8 9 0.05107165 
951 92 11 13 0.050911684 
759 118 9 13 0.05087835 
454 3 10 12 0.050838094 
758 144 11 13 0.050797503 
799 72 9 11 0.050720986 
592 61 10 12 0.050697792 
225 76 9 11 0.050630096 
873 0 7 8 0.050603386 
599 78 10 13 0.050493054 
410 142 12 15 0.050160192 
657 78 8 11 0.049983244 
622 24 8 10 0.04991235 
81 83 9 11 0.04977693 
937 5 9 10 0.049772926 
631 61 8 10 0.049729884 
641 59 9 12 0.049391065 
609 40 8 12 0.049181826 
757 64 9 11 0.049173426 
298 0 9 9 0.049093064 
877 67 9 12 0.04906133 
23 23 10 13 0.04903134 
814 251 32 48 0.04896073 
694 43 9 11 0.048900984 
68 44 11 13 0.048819743 
40 11 11 14 0.048797525 
944 15 10 12 0.04879606 
897 76 10 13 0.048756078 
216 108 8 10 0.04875094 
530 108 10 14 0.04865167 
757 22 9 10 0.048465613 
759 16 7 10 0.04832054 
145 152 9 12 0.04825719 
317 162 12 14 0.04824962 
558 30 10 12 0.048154388 
881 0 7 9 0.048021737 
220 157 9 11 0.04797204 
282 86 9 11 0.04781661 
629 8 9 10 0.04780144 
781 64 8 11 0.04778255 
217 133 8 10 0.047745984 
286 107 8 10 0.04761588 
533 85 10 13 0.047433887 
729 30 10 13 0.047400165 
520 128 11 15 0.047362834 
895 59 9 11 0.047199618 
414 113 11 14 0.04709674 
210 150 9 12 0.047076914 
366 20 10 11 0.046913307 
966 61 11 13 0.04685929 
178 92 9 11 0.046838652 
712 13 10 13 0.046718415 
645 111 11 14 0.04671733 
657 68 9 11 0.04647906 
723 105 12 15 0.04645528 
231 126 9 11 0.0464108 
694 56 9 11 0.046388093 
440 2 9 10 0.04636972 
408 157 12 15 0.046369288 
303 70 19 24 0.046328556 
752 125 10 12 0.046299435 
337 92 10 12 0.04623759 
430 298 116 102 0.04616829 
726 54 9 11 0.046141677 
629 113 10 14 0.04601956 
766 37 9 11 0.045890603 
472 92 10 13 0.04577637 
766 77 9 11 0.045730326 
256 117 9 12 0.045684967 
816 109 9 12 0.04567451 
842 149 9 11 0.045585778 
561 36 8 11 0.04549512 
876 103 12 14 0.045451924 
134 3 19 23 0.045244277 
720 62 10 11 0.04521767 
542 59 10 12 0.04519021 
408 5 8 10 0.0451086 
929 0 7 8 0.045108356 
353 114 9 12 0.045024216 
456 142 10 12 0.044989612 
404 127 11 14 0.044972118 
849 157 9 11 0.04494844 
504 0 9 10 0.04488536 
989 53 10 13 0.044787083 
252 11 10 12 0.044678226 
841 61 8 10 0.0446113 
452 108 11 14 0.044594467 
862 150 10 12 0.044543058 
330 147 12 14 0.044510793 
153 140 8 11 0.044428274 
816 46 8 10 0.04439462 
617 77 10 14 0.044380873 
260 150 11 12 0.04434184 
919 63 9 11 0.044341568 
862 60 9 12 0.044284884 
65 149 12 16 0.044254016 
704 77 11 13 0.044201568 
838 14 9 11 0.04416775 
530 182 11 14 0.044031814 
622 28 8 11 0.04402363 
214 173 10 12 0.043934572 
824 109 11 13 0.04386982 
286 6 10 11 0.043754123 
656 54 9 12 0.043745518 
180 128 10 12 0.04373993 
704 55 8 11 0.043696575 
842 46 8 10 0.04356182 
448 93 10 12 0.043532595 
616 93 9 11 0.043517753 
584 1 8 10 0.043500178 
809 54 8 11 0.04339396 
162 123 9 12 0.04335812 
61 63 10 12 0.043354098 
919 77 10 12 0.043350805 
208 108 9 10 0.043323565 
297 6 8 11 0.043228544 
462 132 10 12 0.043152705 
809 38 8 9 0.043114338 
44 92 12 14 0.04306876 
22 217 9 12 0.043035503 
294 22 8 11 0.043030616 
906 15 9 11 0.0429482 
738 6 8 10 0.042894002 
583 117 11 14 0.042782012 
561 53 10 12 0.04263636 
693 1 9 9 0.042612188 
865 33 10 12 0.042544235 
816 31 8 10 0.042463753 
181 180 11 12 0.0423364 
20 87 10 12 0.042238317 
293 155 12 14 0.042228002 
288 13 9 11 0.042208556 
841 143 9 12 0.042180642 
95 0 10 11 0.042176303 
139 133 9 12 0.042123508 
305 110 8 10 0.0421189 
799 47 8 10 0.042006254 
902 127 13 16 0.04193312 
806 1 8 9 0.041895993 
673 69 9 12 0.04185947 
677 79 10 11 0.041842073 
792 46 8 10 0.04171837 
327 11 10 12 0.041717198 
13 71 8 11 0.041715052 
766 148 11 14 0.041621923 
262 155 10 12 0.041525673 
831 181 10 13 0.041515537 
201 118 9 11 0.041506127 
822 37 8 10 0.041483495 
752 51 8 11 0.04135431 
294 72 8 10 0.04128884 
565 47 8 11 0.0411987 
336 2 11 12 0.04109769 
486 165 13 15 0.041086707 
224 51 10 13 0.04100993 
534 114 11 13 0.04099479 
655 19 9 11 0.040994357 
893 47 9 13 0.040932767 
263 110 9 11 0.04089412 
910 149 12 14 0.040858593 
799 23 7 10 0.040850263 
726 62 8 11 0.040734965 
197 140 9 12 0.04062723 
799 123 11 13 0.040574703 
580 124 15 19 0.040524706 
839 79 10 13 0.040501516 
420 78 9 12 0.04049521 
310 110 9 11 0.040367793 
539 140 11 14 0.040278956 
115 79 11 13 0.04026594 
384 5 9 11 0.04017367 
597 139 11 16 0.040098816 
150 -1 9 10 0.040045314 
398 67 10 12 0.04002324 
761 110 8 12 0.040011875 
149 109 10 12 0.03999453 
848 11 10 12 0.039970744 
760 0 8 10 0.0399158 
365 123 10 12 0.039868884 
159 60 10 13 0.03985044 
290 72 8 10 0.039835103 
406 72 10 12 0.039565787 
645 56 10 13 0.039543044 
985 75 12 15 0.03944467 
28 133 11 14 0.03938681 
712 51 10 12 0.03937113 
143 165 10 12 0.039325193 
560 108 11 13 0.039247513 
270 70 9 11 0.039244104 
861 170 11 14 0.03919462 
696 15 9 10 0.039167084 
423 86 9 11 0.03915796 
104 3 11 14 0.039010655 
601 84 10 14 0.03898541 
847 42 8 10 0.038957786 
849 99 10 13 0.038919315 
168 131 9 12 0.038911626 
360 65 9 11 0.0388839 
215 87 9 10 0.0388581 
604 138 12 15 0.03873227 
775 0 9 9 0.038708486 
183 79 9 11 0.03866621 
828 59 9 11 0.03860604 
804 124 10 12 0.038577728 
894 14 9 12 0.03852355 
864 159 11 13 0.03850546 
585 110 10 12 0.038446918 
279 62 8 9 0.03837962 
81 119 11 14 0.038377836 
309 5 9 10 0.038367637 
602 7 8 9 0.038359985 
175 174 11 14 0.038255338 
404 60 10 13 0.038237292 
864 71 9 11 0.0382337 
23 110 11 13 0.038147133 
549 78 10 13 0.03812782 
178 62 9 11 0.038117215 
782 38 9 11 0.038020983 
618 0 8 10 0.037984025 
294 28 9 13 0.037969287 
792 35 9 11 0.037955735 
208 64 9 12 0.03790205 
563 129 13 17 0.037884895 
758 44 9 10 0.037855156 
551 28 11 13 0.037838135 
362 157 10 12 0.037820995 
191 145 11 14 0.037804004 
906 7 9 11 0.037783667 
277 11 9 12 0.03778305 
793 63 8 10 0.037742414 
560 47 10 11 0.037719857 
623 72 10 11 0.037679896 
835 85 10 12 0.03762985 
631 13 8 10 0.037621375 
790 77 9 12 0.03761248 
510 167 12 15 0.037586153 
568 28 10 12 0.037508804 
734 48 10 11 0.037506536 
336 0 18 23 0.037484903 
1016 21 9 14 0.037447497 
840 70 9 11 0.03743031 
937 22 9 12 0.03738416 
856 78 8 11 0.03737745 
799 143 11 13 0.037345245 
591 67 10 12 0.037327144 
633 23 9 11 0.037255794 
992 213 9 12 0.03715976 
918 85 19 23 0.037147988 
967 86 11 14 0.03713164 
216 128 8 10 0.036931343 
288 21 10 12 0.03692327 
434 61 10 13 0.03689284 
480 102 10 12 0.036856677 
553 20 11 13 0.036744695 
567 16 9 12 0.03667812 
662 68 9 11 0.036605008 
309 101 10 12 0.03659311 
1007 78 9 13 0.036529142 
564 84 10 12 0.036463365 
68 121 12 15 0.03643712 
799 30 8 10 0.036416784 
616 16 8 9 0.03629487 
935 76 10 13 0.03629022 
415 83 10 12 0.036288954 
648 1 9 10 0.03625136 
599 94 9 11 0.0362325 
760 32 8 10 0.0361923 
513 74 10 13 0.03617868 
308 95 10 11 0.036161974 
10 85 9 11 0.03614505 
431 149 9 13 0.036144927 
894 21 9 11 0.036075268 
967 22 9 12 0.0360439 
287 0 9 9 0.036033083 
478 37 11 13 0.036030922 
358 113 18 23 0.03599983 
1011 206 12 15 0.03596396 
693 69 9 12 0.035835996 
689 31 11 14 0.035743997 
443 131 10 12 0.03572578 
856 151 9 11 0.035698358 
25 77 10 12 0.03567186 
205 124 10 12 0.035622627 
640 114 19 24 0.035566736 
774 94 10 13 0.03544232 
744 13 8 10 0.035427216 
200 73 17 22 0.03542603 
366 7 10 12 0.035416838 
77 69 10 13 0.035386324 
401 109 10 12 0.03534975 
747 259 74 59 0.035348173 
652 124 10 12 0.035331544 
361 165 12 15 0.03528997 
26 140 12 15 0.03521593 
852 47 10 12 0.035180323 
909 71 11 13 0.035176367 
108 173 13 15 0.03516168 
875 87 11 13 0.035104733 
702 28 9 12 0.034974888 
64 38 12 15 0.034905955 
413 29 10 12 0.034871936 
332 169 14 17 0.034791604 
245 148 10 13 0.03474378 
793 128 8 10 0.0346659 
338 84 9 13 0.034604814 
520 119 11 16 0.034584895 
637 71 9 10 0.03449512 
182 63 9 11 0.034450155 
971 27 18 21 0.034370918 
148 128 10 12 0.034350403 
566 78 9 12 0.03429738 
150 5 10 12 0.034245815 
216 30 10 13 0.03424508 
920 -1 8 8 0.034203984 
855 30 8 10 0.034186937 
974 61 10 12 0.034149144 
368 29 10 12 0.034120895 
96 91 10 12 0.03408741 
825 25 7 10 0.03400575 
832 77 9 12 0.034004234 
705 67 10 12 0.033911552 
946 60 11 13 0.033824667 
798 38 8 10 0.033817727 
881 13 8 10 0.03374885 
918 150 11 13 0.033701923 
894 91 11 13 0.03369313 
391 252 57 76 0.03367904 
463 79 10 11 0.0336766 
770 11 9 11 0.033675212 
544 29 10 12 0.033635147 
713 1 9 10 0.033617686 
975 9 11 14 0.033567086 
430 6 9 11 0.033559814 
959 38 9 12 0.03355706 
326 138 10 12 0.03355152 
116 148 20 25 0.033527106 
367 63 7 9 0.03351846 
669 20 10 12 0.033509053 
728 47 9 11 0.033411756 
761 5 8 10 0.033394393 
599 67 10 12 0.033375014 
908 20 10 12 0.033339974 
895 -1 8 8 0.03332249 
805 167 10 13 0.033100627 
881 24 9 10 0.033060174 
949 101 14 17 0.03304215 
982 95 12 15 0.03296955 
238 12 9 12 0.032941956 
412 174 22 26 0.03290672 
709 92 10 12 0.032845788 
572 118 11 13 0.032837253 
257 102 9 11 0.03278852 
191 112 9 11 0.03277769 
857 173 9 12 0.032672096 
407 114 10 12 0.03264665 
204 172 10 14 0.032640822 
240 0 8 9 0.03263057 
829 70 9 11 0.03261235 
68 162 12 15 0.032561116 
727 0 8 9 0.03254292 
413 47 10 13 0.032508448 
813 87 9 11 0.032500405 
847 70 8 11 0.03238826 
340 123 10 13 0.032356553 
303 86 9 13 0.032267455 
606 8 7 8 0.032242138 
432 173 13 15 0.032221876 
334 102 11 14 0.032213066 
869 23 9 10 0.032190982 
735 13 8 10 0.032169588 
682 55 10 13 0.032055076 
743 2 8 9 0.032042224 
617 101 9 12 0.03204175 
663 30 11 13 0.032004427 
450 117 10 12 0.03195911 
84 173 13 15 0.031923153 
625 61 8 10 0.03188464 
988 70 12 15 0.03183134 
496 138 14 18 0.031724073 
743 23 8 11 0.03170858 
957 93 10 13 0.031658508 
412 99 17 21 0.031631544 
716 39 10 12 0.03159864 
847 166 9 11 0.031517934 
677 14 9 11 0.03146773 
414 170 12 16 0.031445134 
704 46 8 11 0.031432454 
959 5 8 11 0.031393934 
97 109 9 12 0.03136235 
788 85 9 12 0.03135085 
782 69 8 11 0.031340804 
822 204 12 15 0.03129938 
928 28 9 11 0.03128638 
551 68 10 11 0.031220168 
6 0 11 12 0.031185523 
271 44 8 12 0.031171469 
385 73 10 12 0.0311473 
350 85 10 13 0.031137925 
640 0 7 8 0.031134373 
943 35 18 21 0.031098783 
942 78 10 12 0.030980825 
27 0 9 10 0.030967107 
413 133 10 13 0.030964287 
462 3 9 12 0.030861551 
821 196 12 16 0.030809816 
806 172 10 13 0.03075817 
791 149 9 12 0.030752799 
512 62 10 13 0.030735891 
280 0 9 10 0.030676087 
343 78 9 12 0.030629186 
81 28 10 13 0.030573972 
770 60 9 12 0.030572295 
433 79 8 11 0.030555205 
182 132 10 12 0.030545205 
43 99 12 14 0.030531771 
711 31 8 11 0.030528571 
406 93 9 11 0.030527413 
98 116 10 13 0.030483782 
120 126 9 11 0.030465782 
752 63 9 12 0.03042681 
49 62 8 11 0.030403178 
327 164 11 14 0.030387437 
558 8 9 11 0.030386023 
453 161 14 16 0.030381855 
423 133 10 12 0.030380867 
389 173 13 13 0.030354489 
335 134 9 11 0.030273039 
957 21 10 12 0.030270288 
240 149 10 13 0.03020415 
712 20 9 11 0.030177638 
359 0 8 8 0.030155431 
830 106 17 21 0.030123306 
59 15 12 14 0.030009026 
510 1 10 11 0.029971527 
415 126 9 12 0.02996421 
275 137 19 23 0.029940076 
870 124 13 16 0.029869216 
34 150 12 15 0.029830795 
3 176 13 17 0.029801082 
780 8 10 12 0.029714374 
721 95 9 12 0.029706167 
832 7 10 11 0.029684585 
974 0 18 21 0.029682154 
696 77 10 12 0.029658156 
429 85 9 11 0.029657511 
151 116 9 11 0.029642528 
80 0 9 9 0.029630806 
528 174 11 14 0.029617257 
406 186 12 15 0.029565122 
590 48 9 11 0.029499408 
814 193 13 16 0.029489819 
64 68 9 11 0.029482845 
390 31 8 11 0.029461281 
678 69 10 13 0.029446691 
206 1 10 12 0.029445779 
240 61 9 12 0.029445715 
359 85 11 14 0.029418718 
215 0 9 9 0.02937264 
989 113 14 16 0.0293697 
272 101 9 11 0.02928432 
541 124 11 13 0.02925176 
617 126 11 15 0.029232666 
798 62 9 9 0.02919987 
904 0 8 9 0.029187324 
459 118 10 13 0.029182278 
525 77 10 12 0.029171742 
263 0 9 9 0.029138593 
224 140 9 10 0.029131694 
573 125 11 16 0.029102355 
809 61 9 11 0.029085249 
325 67 19 24 0.02906538 
220 7 11 12 0.029061008 
641 5 8 10 0.029024096 
29 4 10 11 0.028969813 
956 15 9 11 0.028966874 
648 67 9 11 0.028964961 
400 138 10 13 0.028925195 
269 125 8 11 0.028922146 
9 93 9 11 0.028894732 
661 77 9 12 0.02887974 
108 118 9 12 0.02887723 
506 4 10 12 0.028872376 
207 143 9 10 0.028837036 
512 310 18 22 0.028832074 
877 190 11 14 0.028824016 
565 37 9 11 0.028766163 
751 132 9 11 0.028708864 
268 156 10 13 0.028655495 
391 110 9 11 0.028655024 
591 29 10 12 0.028618885 
669 29 10 13 0.028612433 
785 54 9 10 0.028579434 
15 125 12 13 0.028530193 
626 126 12 16 0.028467363 
767 47 8 9 0.028463725 
111 147 10 13 0.028456591 
663 129 20 26 0.028456096 
5 152 12 15 0.028446166 
60 112 19 23 0.028398043 
423 1 9 9 0.028313534 
302 128 11 13 0.028208118 
319 75 9 13 0.028196786 
616 70 10 11 0.02812113 
905 44 8 11 0.028095406 
86 70 13 15 0.028061649 
308 15 19 23 0.028007098 
674 7 7 9 0.027973777 
584 67 9 11 0.02796085 
464 84 9 12 0.027942909 
488 10 11 14 0.027934764 
578 57 7 10 0.027901104 
320 85 9 12 0.0278935 
973 25 11 14 0.02786843 
526 12 9 12 0.027834382 
927 23 10 12 0.02783081 
146 102 10 12 0.027763505 
256 109 9 11 0.027760062 
471 79 18 23 0.027758555 
950 0 9 10 0.027756998 
759 157 12 15 0.02772267 
577 1 9 10 0.027709227 
870 15 8 11 0.027697269 
383 173 11 13 0.027631057 
952 149 11 13 0.027615774 
683 55 18 23 0.027605139 
894 106 10 13 0.027575511 
746 46 9 11 0.02754308 
902 74 18 22 0.027527872 
777 77 10 13 0.027489586 
743 67 10 12 0.027463786 
370 92 10 13 0.02744513 
446 47 8 11 0.027414674 
958 67 18 22 0.027407765 
960 0 9 10 0.027395766 
301 116 10 13 0.0273876 
499 59 12 14 0.02737021 
310 126 10 13 0.0273668 
399 128 20 23 0.027350422 
678 5 9 11 0.027338868 
456 132 11 13 0.027322799 
598 30 10 11 0.02729156 
830 151 8 10 0.02727578 
1008 71 8 11 0.027273895 
413 38 9 11 0.027260218 
584 90 11 13 0.027220676 
454 85 9 11 0.027205357 
764 85 11 13 0.02716714 
527 6 10 13 0.027161242 
869 107 18 21 0.027117819 
199 111 9 10 0.027095841 
364 70 8 10 0.026956895 
160 70 9 11 0.026955819 
72 12 10 13 0.026928842 
399 26 19 23 0.026849275 
246 120 10 12 0.026844615 
502 221 14 18 0.026834803 
613 150 13 15 0.026811017 
969 36 10 13 0.026799645 
446 54 9 11 0.026775267 
204 66 20 25 0.02676502 
166 174 11 13 0.026708635 
605 62 8 11 0.026703369 
367 86 10 12 0.026662502 
71 77 10 12 0.026644422 
23 116 11 15 0.026636306 
704 38 9 11 0.026596421 
172 151 10 11 0.026591664 
673 14 9 11 0.026564546 
388 37 9 11 0.026484387 
449 141 9 12 0.026452037 
336 10 10 13 0.026439937 
944 122 12 16 0.026424818 
879 78 10 11 0.026373927 
752 15 9 11 0.02636933 
58 116 10 14 0.026367761 
190 93 8 10 0.026341813 
925 76 11 14 0.026336014 
223 127 9 10 0.026324682 
591 1 8 8 0.026308792 
533 91 11 14 0.02619379 
599 37 9 11 0.026164971 
345 142 9 13 0.026163502 
271 63 9 11 0.026147407 
368 142 11 13 0.026145097 
30 198 14 16 0.026102085 
873 45 10 13 0.026087625 
661 37 19 24 0.026086552 
927 174 13 15 0.026065331 
177 118 8 11 0.026050279 
64 87 11 14 0.026012184 
854 158 9 11 0.026002254 
826 126 9 12 0.02596898 
821 189 10 12 0.025945246 
228 53 10 12 0.02594421 
484 85 10 13 0.025916805 
307 19 10 13 0.025898367 
999 71 11 14 0.02588056 
844 183 11 12 0.02584503 
429 157 10 12 0.025820797 
231 167 10 11 0.025814364 
634 40 9 10 0.025806803 
239 118 9 10 0.025803369 
511 158 10 13 0.025778444 
85 15 10 13 0.02576464 
618 6 7 9 0.02573432 
622 1 8 9 0.025731357 
837 132 10 12 0.025720619 
167 72 8 11 0.025720565 
732 50 19 24 0.025688995 
442 48 8 10 0.025682295 
896 29 8 11 0.025670951 
253 133 9 12 0.025660291 
840 39 9 10 0.025647728 
285 146 10 13 0.025627108 
341 97 19 23 0.025625782 
758 165 13 15 0.025618872 
62 164 14 17 0.02560837 
598 111 17 24 0.02558319 
663 54 9 11 0.025581416 
814 92 9 11 0.02557644 
474 267 108 114 0.02556766 
537 47 9 11 0.025541456 
233 0 9 10 0.025528653 
54 67 11 13 0.025522746 
327 172 13 16 0.02551564 
962 155 12 15 0.025510395 
456 54 9 12 0.02546391 
350 12 9 12 0.025456617 
802 14 7 10 0.025449814 
162 147 21 25 0.025429707 
920 51 10 13 0.02539396 
990 47 10 12 0.02538646 
608 28 8 11 0.025370495 
207 134 9 11 0.025355961 
591 23 9 10 0.025346056 
784 23 17 24 0.02527686 
248 164 10 13 0.025268331 
773 119 10 13 0.025224129 
718 3 21 25 0.025215894 
791 132 9 11 0.025206137 
177 70 9 10 0.025107661 
86 106 11 13 0.025069114 
533 104 17 22 0.025031319 
793 191 17 19 0.02499957 
431 140 10 13 0.024994496 
230 240 162 171 0.024968948 
855 -1 9 8 0.024968145 
896 8 8 9 0.024920037 
867 85 18 22 0.024887575 
735 86 10 13 0.024796372 
880 182 9 12 0.024778254 
197 11 10 12 0.02477521 
512 64 19 23 0.024770074 
967 164 13 16 0.024745675 
565 95 11 13 0.024727738 
567 0 8 8 0.024718452 
24 70 10 12 0.024694797 
823 50 17 22 0.02468604 
505 332 67 62 0.024648182 
807 156 10 13 0.02464476 
815 77 9 11 0.024626141 
360 19 9 12 0.02461493 
33 123 12 15 0.024590889 
165 61 9 11 0.0245773 
669 63 9 11 0.024557747 
587 124 13 16 0.024543822 
824 182 9 12 0.024523018 
499 209 25 32 0.024517328 
98 156 12 14 0.024451636 
143 0 10 12 0.024441896 
605 79 11 14 0.024426974 
253 164 11 13 0.024404828 
823 76 9 12 0.024404442 
908 107 19 24 0.024398504 
690 23 8 10 0.024392013 
771 180 12 14 0.024389863 
855 117 10 11 0.024383204 
737 0 9 10 0.02437379 
978 144 13 17 0.02436344 
553 83 10 13 0.024357416 
151 96 18 24 0.02434884 
560 0 9 8 0.024340283 
854 8 8 10 0.02430369 
374 30 10 12 0.024279509 
147 14 10 11 0.02427787 
856 38 9 11 0.024272121 
816 22 8 9 0.024261294 
352 125 9 12 0.024235152 
808 23 7 10 0.024235038 
311 24 13 16 0.024189392 
58 59 431 460 0.024185391 
783 -1 8 8 0.024152558 
863 44 11 12 0.024116296 
232 158 8 10 0.02406308 
887 77 10 12 0.024054226 
876 124 20 24 0.024050664 
616 109 10 12 0.023992913 
401 0 8 9 0.023987643 
253 126 10 12 0.023980226 
293 165 14 14 0.023970967 
808 47 8 10 0.023945885 
416 1 8 9 0.023915078 
93 22 10 12 0.023914583 
246 49 10 12 0.023872215 
719 29 9 11 0.023869554 
550 53 10 12 0.02386751 
915 179 14 16 0.023866633 
406 24 11 14 0.023848921 
907 197 10 13 0.023803607 
149 82 10 14 0.02379525 
937 60 10 13 0.02378873 
175 12 10 12 0.023775134 
540 0 11 12 0.023706509 
583 80 17 23 0.023686403 
455 79 9 11 0.02368511 
938 14 9 11 0.023672229 
222 0 9 10 0.023660114 
1013 78 11 16 0.023635672 
1015 67 8 12 0.023631344 
531 128 18 23 0.023624921 
538 77 9 13 0.023603689 
704 5 10 12 0.0235843 
799 171 13 14 0.023570634 
828 157 10 12 0.023562415 
885 149 12 14 0.023554582 
462 110 9 12 0.023543991 
536 28 10 13 0.023536572 
78 61 10 13 0.023508346 
434 68 9 12 0.023501147 
900 191 13 16 0.02346952 
29 72 10 12 0.023450403 
87 55 12 15 0.023422934 
149 72 10 12 0.02336997 
858 121 20 25 0.023363067 
415 59 9 12 0.023352265 
712 104 17 23 0.023336522 
732 102 9 12 0.023334604 
255 157 10 12 0.02333377 
134 92 8 12 0.023318972 
236 94 9 11 0.02331884 
712 146 12 15 0.02331075 
12 149 11 14 0.02329034 
138 141 9 11 0.023253957 
46 76 18 22 0.023181047 
279 56 8 10 0.023177953 
837 181 11 13 0.023153158 
165 55 9 11 0.023145348 
432 0 9 10 0.023139292 
433 55 9 12 0.023115441 
320 133 11 13 0.023071717 
552 181 9 12 0.023068171 
331 154 21 26 0.02306001 
101 62 9 12 0.023038466 
870 56 19 23 0.022997001 
129 86 10 13 0.022994481 
984 53 10 13 0.0229857 
855 10 18 23 0.022980329 
192 80 8 11 0.022973087 
542 81 11 14 0.022956127 
735 109 9 12 0.02295073 
751 6 8 10 0.022921067 
849 89 17 22 0.02287251 
440 62 17 22 0.022859592 
911 173 13 15 0.02284729 
968 100 12 15 0.022841794 
175 142 10 11 0.022810895 
91 101 10 13 0.022795118 
492 100 19 25 0.02278338 
606 68 9 12 0.022781858 
966 47 18 22 0.022745902 
557 304 61 64 0.022745334 
775 139 19 23 0.022729553 
294 14 8 10 0.022715881 
96 80 18 23 0.0227054 
255 63 10 12 0.022687087 
95 70 10 13 0.022682376 
273 139 11 14 0.022675775 
581 29 10 11 0.022672638 
822 102 10 13 0.02265974 
213 76 9 12 0.022636088 
161 174 9 11 0.022626964 
6 111 18 24 0.022624582 
840 75 19 23 0.022589453 
686 103 10 12 0.02255068 
23 100 10 12 0.022544958 
829 186 10 13 0.022507785 
487 101 11 15 0.022479152 
969 134 13 15 0.02247464 
237 102 8 10 0.022472756 
429 12 10 12 0.022450177 
679 31 9 11 0.02241916 
399 116 9 13 0.022416072 
320 141 19 24 0.02239987 
574 69 8 10 0.022389295 
28 28 11 13 0.022385867 
271 1 9 9 0.022382073 
885 163 11 13 0.02237653 
480 165 11 13 0.022362767 
830 18 18 23 0.022330355 
215 168 10 11 0.022307115 
478 31 10 13 0.022288742 
674 85 19 22 0.022282578 
895 183 9 11 0.022279205 
382 109 10 12 0.022276208 
486 93 11 13 0.02226353 
984 83 10 13 0.022260785 
1014 188 10 14 0.022252444 
862 8 9 11 0.022247141 
57 110 10 14 0.022191025 
624 38 8 11 0.022184156 
689 12 8 10 0.022165945 
960 64 10 13 0.022153417 
743 111 9 12 0.02214285 
983 23 10 13 0.022141563 
934 70 10 12 0.02208955 
763 120 18 24 0.022089195 
257 143 9 11 0.022082098 
944 93 10 12 0.022055572 
78 5 11 14 0.022031484 
836 212 11 14 0.022010267 
141 173 12 13 0.021997914 
750 102 10 11 0.021988358 
401 102 10 12 0.021945281 
398 156 11 14 0.021910444 
723 126 12 15 0.02188323 
516 107 12 14 0.021882227 
226 62 9 12 0.021868758 
816 148 21 25 0.021864818 
735 68 10 12 0.021844251 
48 69 8 11 0.02184028 
528 165 11 13 0.021837987 
312 163 12 15 0.021830318 
88 155 11 14 0.02182903 
589 115 12 14 0.021823313 
835 126 11 14 0.0218187 
789 93 9 12 0.021750666 
856 207 9 11 0.021692308 
134 84 10 13 0.021684619 
288 28 10 13 0.021664187 
310 116 10 12 0.021656225 
221 152 9 11 0.021616472 
247 1 8 9 0.021609394 
959 44 9 12 0.021599885 
940 48 18 22 0.021588111 
398 6 9 11 0.021579714 
1002 0 20 24 0.021557018 
-4 140 18 25 0.021527003 
362 151 21 24 0.021519786 
166 0 11 13 0.021492066 
900 85 20 24 0.021483975 
80 52 11 13 0.021470837 
103 73 19 23 0.021454131 
238 69 9 12 0.02143293 
952 76 11 12 0.021414466 
471 99 9 12 0.021414312 
920 41 17 22 0.021409277 
407 161 20 25 0.021372484 
522 171 22 26 0.021363538 
814 8 9 11 0.021356646 
201 71 10 13 0.021354642 
915 66 19 24 0.021342179 
823 13 8 10 0.021332083 
352 133 9 12 0.021316906 
373 108 12 15 0.021301476 
742 116 11 13 0.021292727 
151 29 11 13 0.021276718 
52 140 13 16 0.021273606 
119 118 9 11 0.021195374 
857 166 9 12 0.02118503 
781 155 10 12 0.021180637 
607 40 19 24 0.021173524 
421 71 10 12 0.02115916 
185 149 9 12 0.021139394 
262 230 57 68 0.02112231 
872 229 11 13 0.02111091 
682 37 9 13 0.021104703 
391 116 10 13 0.021102456 
192 102 8 10 0.021087557 
164 96 19 25 0.02108301 
104 104 18 21 0.021078197 
221 173 11 12 0.021050598 
736 118 10 12 0.02104766 
679 164 12 14 0.02102224 
839 166 10 12 0.021021226 
509 92 10 12 0.02101254 
201 102 9 11 0.021012409 
281 79 9 12 0.020936277 
157 228 14 17 0.02092391 
935 29 9 11 0.020898048 
159 136 9 11 0.020885231 
628 103 11 14 0.020864397 
308 138 10 14 0.02084923 
190 70 8 10 0.020848822 
277 96 17 24 0.020842982 
856 180 9 12 0.020831551 
127 173 11 13 0.020820655 
825 7 8 10 0.020806365 
492 159 14 16 0.02079979 
503 338 42 39 0.020796962 
100 123 19 24 0.020790258 
94 175 11 12 0.020789618 
800 157 11 13 0.020746471 
393 54 9 13 0.020724626 
414 179 12 16 0.020723853 
534 10 10 13 0.020715855 
367 0 9 9 0.020714022 
886 70 10 13 0.020711508 
825 116 9 11 0.020706294 
888 94 11 14 0.020684073 
324 160 20 24 0.020683484 
550 103 10 13 0.02066607 
632 -1 9 9 0.020664701 
357 132 12 14 0.020646704 
963 149 13 15 0.020640787 
661 16 9 11 0.020605586 
320 102 9 12 0.020578144 
0 109 10 15 0.020572182 
350 141 11 14 0.020568268 
174 81 18 23 0.020547269 
220 28 11 14 0.02053828 
298 140 9 12 0.020535903 
965 107 12 16 0.020530108 
442 84 10 13 0.020511184 
255 45 10 13 0.020479072 
319 35 10 13 0.020474061 
988 60 10 13 0.020473745 
318 52 10 12 0.020426748 
982 113 14 16 0.020425165 
665 110 10 12 0.020422041 
817 57 19 22 0.020416707 
670 103 11 12 0.020409841 
340 159 10 14 0.020401834 
262 112 19 24 0.02038206 
343 133 9 12 0.020377517 
8 79 9 11 0.020367777 
257 0 9 10 0.02035955 
897 38 9 11 0.020354021 
960 54 9 11 0.020353027 
767 2 19 24 0.020349 
133 174 11 13 0.020346126 
813 272 33 49 0.020332215 
837 174 10 12 0.020323351 
299 128 19 25 0.020299146 
368 132 10 13 0.020290948 
656 84 10 12 0.020288017 
207 20 10 12 0.020285295 
102 29 10 13 0.020282824 
613 40 10 13 0.020272525 
782 173 12 13 0.02025748 
551 128 20 25 0.020251228 
598 48 10 12 0.020237377 
773 108 10 12 0.020167572 
904 100 11 14 0.02015817 
81 94 10 14 0.020136172 
638 17 19 24 0.02012244 
372 134 11 13 0.020113098 
684 139 11 15 0.020089317 
447 77 10 12 0.020079236 
713 139 11 14 0.020065984 
430 21 10 12 0.020065974 
240 139 10 13 0.02005468 
372 171 11 15 0.020050995 
295 111 8 10 0.020040689 
120 133 9 12 0.020039842 
125 134 11 12 0.020033075 
184 157 9 11 0.020021467 
153 60 11 13 0.02001652 
