47_Matador_Bullfighter_matadorbullfighting_47_511
1935
411 265 15 19 0.68397015 
405 24 8 10 0.4066054 
143 40 8 10 0.40322828 
361 32 8 10 0.3997099 
951 151 8 11 0.39849988 
177 86 8 11 0.38985667 
698 28 9 11 0.38359624 
295 46 7 10 0.37124234 
33 125 10 13 0.36183816 
290 44 8 11 0.35573488 
991 97 7 9 0.3404061 
66 79 8 11 0.3261695 
320 60 8 11 0.32029012 
797 108 9 11 0.31957376 
593 75 9 13 0.31383044 
321 21 8 10 0.30279678 
873 76 9 11 0.2989872 
122 71 8 11 0.29874253 
1003 614 15 22 0.2968486 
441 5 7 10 0.289857 
67 107 9 12 0.28211918 
846 56 8 10 0.2672851 
148 578 10 15 0.26593727 
764 275 10 12 0.2644546 
601 54 9 12 0.2632688 
455 77 8 10 0.26296234 
871 39 7 10 0.26135755 
896 129 8 10 0.25810146 
554 64 8 10 0.2573863 
664 87 9 11 0.2534247 
970 133 10 12 0.25331223 
389 38 8 10 0.24950582 
521 39 7 10 0.24887194 
770 546 12 14 0.24783024 
159 71 7 10 0.2447804 
239 575 10 12 0.24408464 
960 116 8 11 0.24366328 
961 95 8 10 0.23964949 
306 84 8 12 0.23800084 
954 76 9 11 0.23758906 
1002 125 11 14 0.23722568 
181 87 8 10 0.23682286 
888 33 7 9 0.23356636 
934 92 10 12 0.23028105 
912 144 8 10 0.2273724 
781 63 8 10 0.22358856 
358 87 9 11 0.22155516 
784 36 9 12 0.21731561 
728 67 8 11 0.21562348 
125 70 8 10 0.2152355 
150 573 11 14 0.21399462 
154 68 8 10 0.21139847 
31 54 7 10 0.20889786 
958 112 8 11 0.20852868 
104 61 8 10 0.2048348 
177 40 8 10 0.20406896 
103 22 7 10 0.1991976 
224 89 7 9 0.19875991 
904 81 7 9 0.19381574 
265 70 9 10 0.1908419 
81 118 8 11 0.18878388 
32 71 8 10 0.18632059 
958 72 7 9 0.18550777 
723 33 8 10 0.18517147 
78 69 8 10 0.1837801 
37 101 9 12 0.18294942 
750 24 7 9 0.18168779 
29 14 8 11 0.18124269 
343 13 8 11 0.18026613 
605 485 13 17 0.1790552 
455 37 8 11 0.1784659 
950 131 9 12 0.1769825 
382 47 8 10 0.17576858 
449 48 7 10 0.17505229 
958 171 9 11 0.17286082 
21 142 10 12 0.17243958 
21 595 11 15 0.17162779 
917 111 8 9 0.17080553 
855 29 8 11 0.17075147 
448 77 9 11 0.17026767 
31 99 10 12 0.16871493 
896 80 8 10 0.167537 
299 53 8 10 0.16454922 
182 610 13 20 0.16357031 
935 84 10 13 0.15896538 
725 37 8 10 0.15799488 
1002 86 8 10 0.15787612 
337 47 8 10 0.15735224 
137 69 8 10 0.15724307 
787 509 13 14 0.15709455 
69 565 12 17 0.15661496 
676 5 9 11 0.15658891 
105 57 7 9 0.15488906 
142 70 8 10 0.15423161 
88 24 6 9 0.15419547 
806 63 9 11 0.15225469 
118 47 8 9 0.15128696 
1002 119 9 11 0.15116216 
918 497 11 15 0.15079513 
571 96 9 12 0.15039237 
430 589 10 13 0.15004396 
536 32 7 10 0.1493497 
5 77 8 10 0.14876908 
206 89 7 9 0.1483073 
502 38 7 10 0.14769065 
815 559 12 14 0.14686239 
57 49 7 9 0.14679803 
727 2 8 8 0.14660518 
802 31 7 8 0.14643043 
912 46 8 9 0.14599168 
133 108 9 10 0.14495733 
279 55 9 11 0.1442392 
238 69 8 10 0.1428898 
12 55 8 9 0.14279516 
216 6 8 10 0.14266975 
55 96 8 9 0.14263487 
939 573 13 17 0.14076369 
658 56 7 11 0.1393337 
888 95 8 11 0.13839363 
112 104 7 10 0.13765642 
918 39 8 10 0.13666117 
848 81 8 9 0.13626888 
942 54 8 11 0.13602388 
168 78 8 10 0.13438578 
6 119 8 10 0.13354044 
248 8 7 10 0.13295482 
913 41 8 9 0.13256474 
872 119 7 10 0.13174063 
141 127 9 11 0.1313583 
65 84 8 10 0.13093777 
841 39 8 10 0.13091134 
661 57 8 10 0.13071318 
125 78 7 9 0.1295367 
718 79 7 9 0.12942064 
761 589 14 17 0.1288793 
967 65 7 9 0.12760548 
6 72 7 10 0.1275874 
919 60 9 12 0.1268573 
754 94 7 9 0.12630504 
338 14 7 10 0.12606572 
312 33 6 9 0.12559213 
611 488 13 16 0.12522429 
975 22 8 10 0.12474748 
351 12 9 11 0.12453908 
834 87 8 10 0.1228326 
935 17 7 9 0.12234613 
471 48 6 8 0.12177719 
846 37 8 9 0.12079249 
862 532 10 14 0.11948176 
637 295 9 12 0.11940075 
307 80 9 11 0.11877905 
208 92 8 9 0.118576415 
77 563 12 18 0.117180035 
878 73 8 10 0.11696051 
622 6 8 11 0.11668779 
910 60 10 13 0.11606998 
297 5 7 9 0.11540854 
498 63 8 11 0.11493355 
198 112 8 10 0.11432999 
590 1 9 10 0.114281744 
1005 87 8 10 0.113519214 
479 14 7 8 0.113504104 
245 563 9 13 0.113491334 
935 110 8 10 0.11320476 
458 32 8 10 0.113197654 
905 57 9 10 0.112656094 
702 47 6 9 0.11264516 
575 5 9 11 0.11245429 
266 8 7 9 0.11209738 
935 576 12 18 0.111862324 
193 5 9 11 0.11185974 
783 32 8 11 0.11164533 
838 87 7 10 0.11147181 
25 102 8 12 0.11137918 
433 5 8 10 0.11109739 
852 118 9 11 0.11102827 
745 65 7 9 0.11066099 
798 24 7 9 0.10935882 
426 16 8 10 0.109189466 
949 498 15 18 0.109160714 
325 61 8 11 0.10891427 
792 88 6 9 0.10838975 
963 64 7 9 0.108275175 
239 65 7 9 0.10826012 
565 33 9 12 0.10733476 
809 94 7 9 0.10730672 
610 29 9 12 0.10693782 
823 38 8 9 0.10687967 
498 37 8 10 0.106396794 
178 32 7 9 0.106266364 
175 81 8 11 0.10563275 
673 61 8 10 0.10545803 
89 55 7 9 0.10530516 
857 100 8 10 0.10503505 
174 62 8 9 0.10466117 
520 44 7 10 0.10455131 
293 42 8 10 0.104498126 
911 80 9 11 0.1044367 
197 565 13 16 0.10396612 
937 37 8 9 0.10391777 
929 144 7 9 0.103868976 
697 73 7 9 0.1036661 
103 80 7 9 0.10272455 
849 31 8 10 0.10271822 
162 14 8 9 0.10264187 
463 23 7 9 0.10224792 
245 38 9 10 0.10214716 
249 14 7 9 0.10174017 
931 491 14 19 0.10171652 
909 55 9 12 0.10165583 
453 45 9 11 0.10158887 
194 1 8 10 0.10155142 
62 48 8 10 0.1014606 
137 128 9 11 0.10143239 
450 73 8 10 0.10100169 
225 32 7 9 0.100961715 
217 95 7 9 0.10084545 
758 533 10 13 0.10064751 
936 102 8 10 0.10036648 
796 588 13 16 0.10032572 
326 16 8 9 0.099725656 
280 60 8 10 0.09970135 
391 34 7 9 0.09962727 
271 36 8 10 0.09933914 
430 17 7 8 0.09902611 
879 38 8 10 0.09844796 
874 21 7 10 0.09781585 
613 589 12 14 0.09729453 
461 30 8 10 0.09726854 
870 5 9 11 0.09708207 
102 86 9 10 0.09654469 
234 69 7 9 0.09652643 
247 161 9 11 0.09646539 
96 86 9 10 0.0960813 
230 31 8 9 0.09601839 
737 619 17 20 0.0957048 
139 39 7 10 0.095476724 
303 6 8 10 0.09530226 
31 120 9 12 0.09518034 
429 21 8 9 0.09485161 
881 111 7 10 0.09434109 
242 8 7 10 0.094064794 
426 54 7 9 0.09403373 
85 556 12 15 0.09363105 
919 116 9 12 0.09302731 
62 53 8 10 0.093011536 
343 62 8 10 0.092874736 
264 77 9 11 0.09254827 
936 141 7 10 0.09230337 
176 57 6 8 0.0922336 
246 33 8 9 0.092166156 
127 65 7 10 0.092084296 
919 32 7 9 0.09208362 
681 116 9 10 0.09205064 
432 2 7 8 0.091924176 
266 14 7 9 0.09187535 
63 15 7 10 0.09177204 
763 2 7 9 0.091713555 
241 32 7 9 0.09142986 
197 5 8 10 0.09101353 
136 66 7 9 0.09094709 
782 137 240 222 0.090854235 
161 76 7 9 0.09062351 
214 73 7 9 0.090255894 
224 134 7 9 0.090054974 
569 7 9 12 0.089823216 
770 102 8 11 0.08981877 
610 21 9 12 0.08968724 
886 111 8 10 0.08931484 
360 91 9 11 0.08910471 
378 47 8 10 0.08901157 
441 357 65 59 0.08890947 
23 108 9 11 0.08886609 
118 553 9 11 0.0886266 
488 55 7 9 0.08848073 
33 159 8 10 0.08845064 
746 25 7 9 0.08835391 
696 77 8 10 0.087924056 
249 22 8 9 0.0876882 
881 47 7 9 0.08725917 
102 94 9 11 0.08723297 
82 540 15 17 0.08717626 
530 31 7 9 0.08688062 
982 80 8 9 0.08653707 
102 71 8 10 0.0865361 
442 79 7 9 0.086416654 
685 117 8 10 0.08639195 
282 16 7 10 0.086330585 
849 112 9 11 0.08606631 
217 2 7 9 0.08603325 
886 100 9 11 0.08600387 
87 112 9 11 0.0858711 
265 65 7 9 0.08580005 
338 53 8 12 0.08561666 
216 13 8 9 0.085564665 
216 78 7 8 0.08534212 
97 70 7 9 0.084583 
806 32 7 9 0.08434282 
270 7 7 9 0.08417742 
864 44 8 10 0.08403046 
2 115 8 12 0.08386554 
968 38 7 9 0.083797224 
677 62 8 11 0.08355403 
233 65 7 9 0.08342888 
54 99 9 12 0.083316736 
952 97 7 9 0.08327354 
337 87 8 10 0.08314309 
80 31 7 10 0.08311987 
325 22 8 10 0.083090566 
22 146 11 15 0.082975976 
626 39 8 11 0.08296105 
822 30 8 10 0.082496144 
960 100 8 11 0.08172758 
944 134 9 12 0.08167615 
459 16 7 10 0.08162089 
864 525 11 15 0.081440926 
687 46 7 9 0.08135126 
354 87 8 10 0.081000686 
145 33 7 10 0.08042194 
98 21 7 11 0.08028529 
591 29 9 12 0.08027933 
39 77 8 10 0.079998344 
894 39 8 10 0.07958413 
599 483 12 17 0.07937811 
497 9 6 9 0.07933538 
210 71 7 9 0.07932224 
641 62 9 11 0.0792625 
713 95 8 10 0.07923316 
802 6 7 9 0.07922222 
232 25 6 8 0.07886127 
495 68 10 12 0.07872974 
638 111 8 11 0.07865852 
789 502 14 16 0.07860949 
416 604 10 12 0.078244865 
722 1 7 8 0.078116335 
638 69 11 14 0.07801617 
64 74 7 9 0.07799466 
821 1 8 8 0.077796765 
78 556 12 17 0.07758617 
335 39 9 10 0.07757406 
955 111 8 11 0.07748171 
430 56 7 9 0.077451095 
96 55 7 9 0.077340946 
169 55 8 9 0.07701634 
968 168 9 10 0.07700122 
194 111 7 9 0.076958194 
1005 147 9 12 0.07688101 
111 551 9 12 0.076807864 
830 55 7 9 0.076710574 
630 45 8 11 0.07659431 
961 88 8 11 0.07655743 
248 56 9 11 0.07628169 
473 65 7 9 0.07592021 
381 53 10 11 0.07587677 
255 62 8 10 0.07575126 
688 40 6 8 0.07557316 
170 63 8 10 0.075549714 
879 16 7 10 0.075515285 
56 142 8 10 0.07550783 
878 20 7 10 0.075332694 
402 28 8 10 0.075207 
823 24 8 10 0.07520021 
736 48 8 9 0.074896075 
495 56 8 10 0.07488944 
38 72 8 10 0.07483908 
74 64 7 10 0.074695654 
278 585 12 16 0.07447098 
279 143 9 11 0.07434905 
383 78 8 9 0.07431021 
825 53 8 10 0.07415329 
156 571 11 15 0.07394375 
711 579 11 14 0.07388839 
967 16 8 10 0.07385443 
32 64 7 8 0.07383457 
889 77 8 10 0.07362447 
167 71 8 10 0.07358081 
935 189 8 10 0.07335133 
913 33 8 9 0.073144354 
126 27 9 11 0.073100105 
601 104 7 10 0.0729802 
702 72 7 9 0.07295386 
271 63 8 10 0.07278755 
88 87 8 10 0.072591595 
165 23 7 8 0.072537646 
98 63 7 10 0.07249063 
256 8 7 9 0.07245617 
654 85 9 11 0.072390474 
553 56 8 10 0.07237011 
918 144 8 9 0.072356954 
924 492 15 18 0.07213708 
832 39 8 9 0.07181252 
986 39 7 9 0.07163689 
802 38 8 10 0.07152595 
924 62 9 11 0.07151115 
713 39 7 9 0.07110443 
48 30 7 10 0.07106446 
737 80 8 10 0.07079035 
86 116 9 11 0.070703715 
149 46 8 10 0.07065433 
182 44 8 11 0.070615076 
1007 5 9 12 0.07056987 
956 148 9 13 0.070455216 
131 605 15 20 0.06978656 
575 72 8 10 0.06972379 
264 32 8 9 0.06970328 
366 104 8 10 0.06961972 
521 34 7 9 0.06944891 
818 0 8 8 0.069447786 
743 45 8 10 0.06939167 
806 7 7 9 0.069289714 
953 102 7 9 0.06927214 
718 573 10 12 0.069176555 
735 1 7 9 0.068993226 
412 254 9 11 0.0689191 
473 70 7 9 0.06887521 
341 87 9 10 0.068870254 
936 136 9 12 0.06844101 
766 1 8 10 0.068392046 
986 100 9 11 0.06832732 
817 31 8 10 0.06827492 
110 61 7 10 0.0682502 
498 33 7 9 0.06818696 
519 71 8 10 0.067937426 
698 46 7 9 0.067905806 
111 57 7 9 0.06787953 
962 15 7 9 0.06785268 
144 16 6 8 0.06783891 
866 40 8 10 0.06777059 
782 57 8 9 0.06767614 
201 23 8 10 0.06719246 
807 56 7 9 0.0671619 
461 79 7 9 0.06712902 
182 31 7 9 0.067042544 
120 65 9 11 0.06700983 
802 64 8 11 0.06694153 
49 96 8 11 0.06691563 
23 136 8 10 0.06677386 
17 110 9 11 0.0666151 
538 47 7 11 0.066542335 
989 32 7 8 0.06640065 
48 78 7 10 0.066393875 
192 47 8 10 0.06635792 
481 55 8 10 0.06619258 
114 46 8 10 0.06609696 
101 143 9 11 0.06556549 
368 6 7 10 0.06553399 
415 8 7 9 0.06544042 
934 117 10 12 0.06542349 
886 54 9 10 0.06506066 
14 61 9 11 0.064942814 
239 128 8 10 0.06479055 
395 590 16 19 0.064773895 
149 39 8 10 0.06469684 
462 586 12 16 0.06454067 
824 48 7 9 0.06437026 
788 38 8 10 0.064227656 
717 94 8 11 0.064182326 
274 54 9 10 0.06400018 
68 83 9 10 0.063998476 
927 118 9 12 0.06396092 
984 47 9 10 0.06393629 
313 612 17 19 0.063930854 
573 53 8 10 0.0638837 
19 190 12 15 0.06377783 
861 101 8 10 0.063772716 
553 16 8 9 0.063754514 
63 568 15 18 0.063751325 
161 9 7 9 0.06341549 
47 101 9 12 0.06332611 
15 149 10 13 0.06331955 
808 90 7 8 0.0630124 
986 95 8 11 0.062701836 
14 49 8 9 0.06270009 
281 38 8 10 0.06254748 
233 127 8 10 0.06241536 
701 574 11 14 0.06228251 
882 102 7 10 0.06218767 
286 16 8 10 0.062146228 
774 500 11 14 0.06201621 
1006 38 7 10 0.061918452 
75 604 13 17 0.061763763 
918 150 8 10 0.06153913 
760 57 7 9 0.06146854 
223 37 8 9 0.06144395 
831 61 8 10 0.061437864 
528 80 7 9 0.06131346 
382 21 9 10 0.06124145 
241 133 8 9 0.06120576 
524 39 8 9 0.061133046 
32 166 9 12 0.060955085 
466 46 7 10 0.060716648 
190 89 8 9 0.060697883 
365 36 9 11 0.06069142 
750 64 7 9 0.060684457 
96 49 7 9 0.060497943 
216 102 8 10 0.060459442 
782 0 7 9 0.060369983 
929 93 9 11 0.06011782 
656 48 8 10 0.060004327 
478 31 8 10 0.059927717 
896 16 8 10 0.0598882 
432 38 8 9 0.059699494 
159 96 7 9 0.059638835 
885 47 8 10 0.059461467 
993 87 8 10 0.059460904 
73 70 8 10 0.059435066 
38 549 12 15 0.05939063 
502 32 7 9 0.059371423 
824 6 8 9 0.059292253 
919 104 7 9 0.059258796 
336 564 10 13 0.059041165 
727 571 11 14 0.059022073 
585 76 9 11 0.058982678 
753 90 7 8 0.058866788 
88 69 7 10 0.058830526 
352 436 11 14 0.058822684 
882 96 7 9 0.058803245 
376 586 11 13 0.058797427 
192 104 7 9 0.058782317 
741 587 11 13 0.05874189 
406 81 8 10 0.058723897 
654 118 7 9 0.058659226 
424 49 8 10 0.058512207 
917 80 9 11 0.05850475 
777 56 8 10 0.058479 
606 58 10 13 0.058416165 
46 158 9 11 0.058387667 
87 63 8 10 0.058377784 
798 581 13 17 0.058352716 
377 76 8 11 0.058120996 
191 94 7 9 0.057752345 
287 22 8 8 0.057700723 
250 61 8 10 0.057624936 
95 111 8 11 0.05754631 
669 575 11 13 0.057512503 
854 78 8 10 0.057459615 
918 44 8 10 0.057446454 
9 125 8 11 0.057423964 
754 56 7 9 0.057344317 
924 569 13 20 0.057312902 
1001 534 10 14 0.057258725 
520 77 8 10 0.0569944 
808 0 7 8 0.05688017 
129 105 10 11 0.056726974 
880 32 8 11 0.05668319 
1007 93 9 11 0.056643404 
775 128 7 9 0.05657716 
722 71 8 10 0.0564327 
301 48 8 9 0.056357868 
678 69 8 10 0.056286894 
770 95 7 10 0.056254845 
806 109 8 11 0.056095827 
734 69 8 10 0.056040496 
366 25 8 10 0.05602144 
304 72 8 10 0.055974253 
157 65 8 10 0.055915397 
557 603 11 14 0.055859692 
791 81 7 8 0.055858463 
271 47 9 10 0.05584409 
166 573 11 15 0.055550702 
416 54 8 10 0.055515893 
56 88 8 9 0.05528454 
785 88 7 9 0.055265807 
823 119 8 10 0.055209268 
967 172 9 11 0.055160716 
504 24 8 9 0.055151287 
124 405 12 16 0.05514652 
997 477 9 12 0.055139583 
27 52 8 10 0.055118393 
47 62 7 10 0.05511353 
347 630 14 17 0.055065513 
31 130 11 12 0.054943725 
542 47 7 10 0.05493797 
15 119 8 9 0.054763313 
73 564 21 28 0.05473935 
677 56 8 9 0.054572284 
668 88 9 12 0.054547854 
217 32 7 8 0.05444607 
973 167 8 11 0.054425325 
47 109 8 11 0.05430969 
474 29 7 10 0.05426469 
105 101 8 11 0.0540953 
942 38 7 9 0.054078847 
11 588 17 21 0.05397358 
13 126 9 10 0.053949725 
798 569 13 16 0.05374612 
913 148 9 11 0.053635634 
102 149 7 10 0.053598206 
158 140 9 12 0.05351728 
840 80 8 11 0.05344546 
566 121 8 10 0.053314857 
816 103 7 9 0.05329575 
352 32 8 10 0.053275306 
416 48 8 10 0.05326992 
665 39 8 10 0.053261 
241 37 9 10 0.05324917 
401 81 7 9 0.053184953 
856 188 9 11 0.05317021 
145 22 7 9 0.05315829 
314 62 9 11 0.053053834 
537 36 8 10 0.05301863 
336 8 8 11 0.052802905 
110 645 11 14 0.052667323 
680 47 8 9 0.052606583 
649 85 9 11 0.052537497 
447 53 8 9 0.0525259 
696 16 7 9 0.052505612 
628 484 11 13 0.052469403 
855 56 8 11 0.052092984 
15 71 8 10 0.05204625 
645 62 9 10 0.051989414 
25 70 8 10 0.051967546 
315 580 12 14 0.051957346 
630 584 11 13 0.051909905 
868 530 12 14 0.05189368 
202 88 8 10 0.051820107 
473 8 7 9 0.051737607 
807 104 8 9 0.05169776 
6 84 9 13 0.051646996 
554 104 6 9 0.051532608 
359 6 8 10 0.051449616 
761 60 9 11 0.051394306 
188 614 13 18 0.05139389 
689 32 6 9 0.05135066 
171 86 8 10 0.051327128 
832 48 7 9 0.05131198 
927 39 8 9 0.05101183 
87 93 8 10 0.051000882 
967 68 8 10 0.050979514 
943 81 8 10 0.050879423 
855 73 7 9 0.05072708 
57 79 7 10 0.0506995 
64 20 8 10 0.050661568 
40 38 8 10 0.050554033 
735 84 8 10 0.050512854 
744 5 8 10 0.050444677 
873 15 8 10 0.050412472 
183 63 8 10 0.05036858 
999 93 8 11 0.050348505 
835 565 12 15 0.050229464 
458 21 8 10 0.05008442 
43 561 11 17 0.050003413 
7 151 10 12 0.049980097 
673 620 17 21 0.04995839 
304 13 8 10 0.049924176 
272 24 6 8 0.0498765 
383 16 9 10 0.04979536 
832 80 9 10 0.04977867 
342 39 9 10 0.049767 
978 80 8 10 0.049738776 
207 48 7 9 0.049711436 
511 22 7 9 0.049630612 
32 75 10 12 0.049536865 
774 94 8 10 0.04951163 
474 13 8 10 0.049462482 
577 1 9 11 0.0493102 
87 30 7 9 0.049135733 
279 88 8 10 0.0490414 
321 7 7 9 0.048979107 
912 70 9 10 0.048949562 
924 562 12 18 0.048876017 
745 41 8 9 0.048853233 
97 80 7 9 0.04882141 
352 37 8 11 0.048690464 
68 122 304 209 0.04867719 
358 82 9 10 0.04866041 
199 31 8 9 0.048645202 
558 14 8 10 0.0485695 
833 93 9 10 0.048513528 
376 15 8 11 0.048510272 
25 63 8 10 0.048479043 
720 5 9 10 0.04839322 
337 60 9 11 0.04837177 
857 183 9 11 0.048275184 
489 49 7 9 0.04822983 
878 117 8 11 0.048090186 
47 87 8 9 0.04802739 
965 101 8 10 0.0480257 
23 38 7 9 0.047991313 
673 70 9 11 0.047908854 
168 48 8 10 0.047828555 
864 137 7 9 0.047808785 
728 47 7 8 0.04779065 
345 68 8 10 0.047785956 
40 62 8 9 0.047759738 
903 110 8 9 0.047754657 
335 31 8 9 0.047675047 
104 48 7 9 0.04765104 
40 159 9 11 0.047631785 
633 108 8 11 0.047628257 
0 36 8 13 0.047588672 
441 72 7 9 0.047545634 
829 7 8 9 0.047520198 
312 5 8 10 0.047488816 
927 150 7 9 0.047409393 
965 88 9 10 0.047395337 
677 78 9 10 0.04730362 
750 71 8 9 0.047285553 
82 142 9 11 0.047254156 
385 33 8 9 0.047253106 
862 59 9 12 0.047225114 
928 1 7 8 0.047202405 
144 65 8 10 0.04719602 
159 101 8 10 0.047115814 
464 73 7 8 0.04696589 
177 125 7 10 0.04688366 
381 61 10 12 0.04686703 
713 87 8 10 0.04686656 
608 16 10 12 0.046859413 
589 23 10 12 0.046814583 
839 47 8 10 0.046758432 
216 23 7 9 0.046737242 
17 134 8 10 0.046678487 
83 574 15 20 0.046611544 
892 94 9 11 0.046539865 
254 24 7 9 0.046478778 
558 104 8 9 0.046446633 
96 150 9 11 0.046392877 
409 62 8 11 0.046330463 
771 128 6 9 0.04626811 
943 59 9 12 0.046237547 
737 103 7 8 0.046196096 
882 1 9 9 0.046137225 
265 37 8 10 0.046136845 
920 24 7 9 0.046090182 
157 136 9 11 0.04608995 
732 539 13 15 0.046047878 
897 86 8 10 0.046027265 
921 0 7 7 0.04593784 
872 32 9 11 0.04590993 
225 24 7 8 0.04584047 
920 94 9 11 0.045837134 
537 596 15 18 0.04579598 
84 564 12 16 0.045759775 
98 6 8 10 0.045733284 
160 47 7 10 0.045664545 
952 145 9 11 0.045580074 
356 571 11 14 0.045544643 
221 6 8 10 0.045483205 
62 7 7 10 0.045469552 
624 70 8 10 0.04545117 
991 52 9 12 0.045327216 
151 32 7 9 0.045313884 
101 17 8 11 0.045286335 
94 556 11 15 0.04525144 
560 8 8 10 0.04524281 
510 103 8 10 0.045154206 
207 40 7 9 0.045123253 
318 30 8 10 0.045079626 
54 119 7 10 0.045067266 
232 148 10 12 0.04506427 
78 546 14 18 0.04506266 
751 40 7 9 0.045038167 
958 144 9 12 0.04495209 
119 42 7 9 0.04494061 
873 113 8 9 0.04488772 
781 503 11 14 0.044873673 
45 152 10 11 0.04484442 
240 24 7 8 0.044808246 
239 78 8 10 0.044797134 
224 71 7 9 0.04479614 
31 109 9 11 0.04477476 
70 557 13 17 0.044741154 
943 102 8 10 0.04471986 
409 45 8 10 0.044582766 
39 56 7 10 0.044556227 
64 40 7 9 0.044500664 
136 0 7 8 0.044428434 
95 116 9 11 0.04440685 
741 79 8 10 0.04440172 
113 555 10 12 0.044331364 
121 29 8 10 0.04430544 
536 71 7 9 0.044234093 
104 550 9 12 0.044231534 
281 21 7 9 0.04420584 
695 0 9 10 0.044095505 
765 62 8 9 0.044047236 
976 53 7 10 0.044010065 
936 72 7 9 0.043932166 
505 104 8 10 0.043930687 
216 127 8 9 0.043921866 
914 104 7 9 0.043919034 
32 38 8 9 0.043900732 
638 116 9 11 0.04384589 
783 69 8 9 0.043726806 
184 69 9 11 0.043635327 
758 90 7 8 0.04361445 
728 87 8 10 0.043584414 
558 56 8 10 0.043549962 
320 69 8 10 0.04353793 
751 28 8 10 0.043468483 
286 52 8 11 0.04345317 
513 39 8 10 0.043452337 
440 55 7 9 0.04341787 
265 47 7 10 0.04340128 
343 30 9 10 0.043399427 
919 84 9 11 0.04337841 
970 488 15 19 0.043359865 
289 5 8 10 0.04330252 
479 38 8 9 0.043255337 
247 558 9 14 0.043191448 
190 70 9 11 0.04315303 
97 93 9 11 0.043145943 
206 23 8 9 0.04312219 
542 38 7 10 0.043055333 
623 2 9 10 0.043029536 
824 71 9 10 0.043014623 
297 60 8 10 0.043007236 
697 38 7 9 0.04285717 
485 119 8 10 0.042830292 
48 25 7 9 0.042814903 
138 8 7 9 0.042813808 
751 17 7 9 0.04274268 
701 112 7 9 0.04273945 
750 500 10 12 0.042734876 
290 1 8 10 0.042732213 
175 70 7 9 0.04268693 
450 40 8 10 0.04267758 
826 15 7 8 0.04265722 
656 113 7 9 0.042561322 
817 48 7 10 0.042437676 
824 112 7 9 0.04236013 
903 14 8 10 0.0423253 
113 41 7 9 0.042322617 
791 92 8 10 0.04224649 
84 517 10 12 0.0422217 
360 1 8 8 0.04218964 
983 85 8 10 0.042160437 
174 608 14 21 0.042152517 
278 148 9 11 0.042105958 
365 94 8 11 0.04197796 
416 12 8 10 0.041972518 
622 485 11 15 0.04190348 
794 105 8 11 0.04184012 
232 15 8 10 0.04182775 
799 46 9 11 0.041825816 
279 127 7 9 0.041810412 
927 46 8 10 0.041809455 
169 119 8 10 0.041807584 
728 627 12 16 0.041793715 
88 80 7 9 0.04176659 
241 55 8 10 0.041764773 
143 584 11 15 0.041700598 
736 54 7 9 0.04165308 
38 107 9 11 0.041637648 
377 22 8 10 0.041543707 
541 32 8 10 0.041523546 
930 86 10 13 0.041515008 
536 54 8 9 0.041506074 
478 63 7 9 0.041503005 
336 23 7 8 0.04147842 
185 8 8 10 0.041463617 
256 30 8 10 0.04145631 
562 120 8 10 0.04145456 
208 118 7 10 0.041452818 
340 47 9 10 0.04137687 
81 95 8 10 0.04131686 
108 581 12 14 0.041307364 
704 53 7 9 0.04129346 
182 563 12 14 0.041182704 
135 131 9 11 0.04115974 
39 86 8 10 0.04110441 
967 139 11 14 0.041068498 
581 3 11 12 0.041023586 
309 108 9 11 0.041020375 
222 1 7 9 0.041017782 
736 29 8 10 0.04089252 
442 47 8 10 0.04086683 
439 38 8 10 0.040857345 
713 101 7 8 0.040841054 
410 8 7 10 0.040767543 
207 112 7 9 0.04074503 
194 619 47 48 0.040741164 
82 23 8 9 0.040720195 
263 85 8 10 0.04062003 
5 585 15 19 0.040571705 
265 22 7 9 0.040528394 
681 30 8 9 0.04051692 
103 5 8 10 0.040483262 
744 69 8 9 0.040428296 
942 94 9 11 0.040408976 
977 86 9 10 0.0404025 
424 61 9 10 0.040395167 
988 611 23 31 0.040343057 
184 91 8 10 0.040340032 
895 22 8 9 0.040286712 
942 33 7 9 0.040232215 
210 6 8 10 0.040222276 
112 6 7 9 0.040217284 
472 24 7 9 0.040189944 
841 60 9 11 0.04016329 
709 7 9 10 0.04013673 
103 39 8 10 0.040094882 
930 110 8 11 0.04005956 
159 38 8 9 0.04000884 
193 566 10 14 0.040006053 
96 158 8 10 0.039968863 
47 72 8 10 0.039923567 
92 383 13 17 0.03986954 
936 47 9 11 0.039854098 
279 71 9 10 0.039850924 
233 55 8 10 0.039821465 
849 25 9 11 0.03973574 
513 45 8 11 0.039675012 
701 78 8 9 0.039651494 
135 485 9 12 0.0396132 
534 80 7 8 0.039452817 
983 23 8 10 0.039448354 
210 78 7 9 0.03931146 
481 87 7 9 0.039309356 
376 39 8 10 0.039253067 
29 170 11 15 0.03920865 
688 88 7 9 0.03917644 
192 31 7 10 0.039170492 
1002 31 8 11 0.039163746 
407 14 8 11 0.03914647 
200 39 7 10 0.03913394 
176 92 8 10 0.039127674 
793 144 8 11 0.039123964 
751 46 8 9 0.0391222 
612 595 12 15 0.039066654 
905 47 8 9 0.03900542 
1000 81 9 12 0.03899243 
400 62 8 11 0.038981866 
270 77 8 11 0.038951606 
101 556 10 13 0.038925465 
252 553 12 16 0.038863257 
48 56 8 9 0.038840048 
229 642 16 19 0.03883628 
390 5 9 10 0.038815606 
208 15 7 9 0.038741797 
709 548 13 16 0.03869576 
1007 103 9 11 0.038684845 
118 563 12 16 0.038631175 
473 40 7 9 0.03862784 
72 127 7 9 0.038610213 
792 127 7 9 0.03860629 
305 32 9 11 0.03855434 
640 55 9 11 0.038529743 
990 46 8 11 0.03847991 
786 79 7 8 0.03845469 
991 131 10 13 0.038433526 
343 120 8 11 0.03842394 
904 39 9 10 0.03838536 
50 117 8 11 0.038317703 
778 30 8 10 0.038294937 
777 0 8 10 0.038256235 
568 12 8 10 0.038208805 
30 9 8 11 0.03820369 
497 23 8 9 0.038191926 
273 150 8 10 0.03817706 
246 46 10 12 0.03814669 
842 645 13 15 0.03814399 
947 151 8 10 0.03814377 
351 47 8 10 0.03806384 
967 32 7 10 0.038059954 
315 22 7 9 0.038053617 
784 44 9 11 0.038044076 
793 6 8 9 0.038010377 
17 38 8 10 0.037947208 
669 39 8 10 0.037921347 
622 10 9 13 0.037885584 
357 14 8 10 0.037761517 
737 25 7 9 0.037756424 
204 494 12 14 0.03775509 
342 80 9 10 0.037752096 
183 120 7 10 0.03767735 
720 24 7 8 0.037567217 
751 533 12 15 0.03754211 
192 54 8 10 0.037489787 
866 518 13 15 0.03746698 
888 89 8 9 0.0374447 
174 565 11 13 0.03743313 
88 48 8 10 0.037416767 
703 5 10 11 0.03740484 
254 56 8 11 0.037404254 
224 129 7 9 0.0373327 
82 54 7 9 0.037320413 
585 112 8 9 0.037267532 
887 60 9 11 0.037236355 
912 531 12 15 0.037221275 
193 117 8 9 0.037176095 
447 22 8 10 0.037123177 
349 70 8 10 0.037116833 
1001 21 8 11 0.037090305 
327 564 11 13 0.03704824 
255 87 8 10 0.03704807 
160 31 8 10 0.03702921 
719 102 7 8 0.037021074 
183 56 8 8 0.036990173 
599 575 10 12 0.0369818 
670 12 8 11 0.036917157 
329 38 8 10 0.036880214 
609 36 9 11 0.036837656 
1004 537 11 14 0.036811594 
881 4 8 11 0.03674922 
25 49 7 11 0.03673815 
592 111 7 10 0.036715396 
998 622 12 21 0.036714565 
103 166 8 10 0.036707122 
688 94 7 9 0.036702637 
367 583 10 12 0.03662193 
802 54 7 9 0.036613617 
889 23 7 9 0.036610134 
808 558 11 14 0.036584362 
400 46 8 10 0.03655158 
902 133 8 10 0.03653074 
71 49 7 8 0.03648892 
427 0 8 9 0.036482222 
223 14 8 10 0.036446396 
176 8 7 9 0.036423802 
744 86 7 9 0.03627332 
175 120 8 10 0.03623834 
929 124 8 10 0.036199115 
831 70 9 11 0.036198072 
352 0 8 9 0.036198054 
695 86 8 10 0.03609187 
117 103 8 11 0.036081377 
942 498 12 15 0.036079016 
119 167 7 10 0.03607037 
441 656 7 10 0.036056913 
791 31 8 9 0.03601875 
343 22 8 9 0.036010887 
415 62 9 10 0.036007643 
225 64 7 9 0.03599942 
201 71 7 9 0.03598376 
605 103 8 10 0.035970394 
870 85 10 12 0.035928916 
782 507 21 24 0.035864606 
362 24 7 9 0.03585606 
282 47 8 10 0.03583806 
431 62 8 9 0.03579124 
997 53 9 11 0.035790794 
565 554 12 15 0.03576358 
729 93 8 11 0.035743218 
240 13 8 10 0.03574056 
520 110 7 10 0.035728563 
973 138 10 14 0.03570014 
712 15 8 9 0.035686623 
81 112 9 11 0.0356725 
954 493 15 19 0.03562002 
444 595 13 14 0.035612106 
776 25 8 9 0.035525825 
985 126 8 10 0.035521682 
80 103 7 9 0.035514154 
804 563 13 15 0.035459463 
974 63 8 10 0.03545508 
182 81 9 11 0.03543848 
126 47 8 10 0.035431486 
192 40 8 9 0.035426654 
32 87 8 10 0.03541824 
288 109 8 10 0.035415873 
965 110 9 11 0.035411797 
843 516 16 20 0.035311885 
254 15 7 8 0.035311766 
930 13 9 11 0.035285503 
581 554 14 15 0.035283234 
199 47 9 10 0.035262823 
181 556 12 15 0.0352525 
941 117 9 12 0.035212547 
529 64 7 8 0.035183955 
896 110 8 10 0.03516477 
947 571 12 16 0.035095114 
102 136 9 11 0.035088677 
349 63 8 10 0.035049453 
511 16 7 9 0.035037406 
887 149 8 11 0.03503597 
9 48 8 10 0.035002775 
886 6 8 9 0.0349958 
467 554 16 20 0.034920994 
735 5 8 10 0.034885976 
80 37 8 9 0.034873217 
31 32 8 9 0.034866728 
984 51 9 12 0.034835696 
526 46 8 10 0.034835078 
911 136 9 10 0.034819398 
1001 112 9 11 0.034805637 
541 621 11 14 0.034803614 
830 14 8 9 0.03479856 
768 89 7 9 0.034793813 
718 84 9 12 0.03472669 
719 16 7 9 0.03471651 
14 598 15 19 0.03464942 
673 76 9 11 0.03464152 
831 31 7 10 0.034637872 
81 17 7 9 0.034632146 
893 31 8 10 0.034610983 
273 86 8 10 0.03456764 
735 96 7 9 0.03455097 
870 503 11 12 0.034516692 
529 25 8 10 0.034510322 
60 556 15 19 0.034469716 
584 0 10 11 0.034469683 
121 93 8 11 0.034394223 
919 69 8 10 0.03438713 
216 110 7 9 0.03436182 
478 70 7 9 0.03429767 
221 575 10 12 0.034247532 
416 637 9 11 0.034244716 
294 104 8 10 0.03421063 
740 540 14 16 0.03416044 
440 13 8 11 0.03414847 
984 71 7 9 0.034129903 
480 80 7 8 0.034111943 
559 78 9 13 0.033967827 
902 547 9 13 0.033939254 
735 40 8 9 0.033896912 
929 136 8 11 0.03387289 
270 15 7 10 0.033871394 
135 577 14 18 0.03386609 
735 140 8 10 0.033860262 
369 79 8 10 0.033850294 
247 142 8 10 0.033838306 
791 46 8 10 0.03375466 
478 9 8 10 0.033731245 
704 64 8 10 0.033729978 
351 55 8 9 0.03372376 
233 120 8 10 0.033681955 
0 163 9 14 0.03367233 
57 73 7 9 0.03364967 
766 108 9 11 0.033633232 
528 71 7 9 0.033630867 
768 661 11 14 0.033625867 
6 29 8 11 0.033558927 
968 21 9 10 0.033525396 
97 135 8 10 0.033454344 
712 70 8 10 0.033447187 
497 562 15 16 0.033428136 
248 86 8 10 0.033418015 
943 49 8 10 0.033406872 
383 71 9 11 0.033361617 
464 55 8 10 0.03335327 
190 62 9 12 0.033306465 
135 167 8 9 0.03328728 
143 8 7 9 0.033267904 
223 80 7 9 0.03324538 
183 14 8 9 0.033135697 
615 582 11 13 0.033110537 
439 32 8 10 0.033076126 
703 38 7 10 0.03304026 
818 25 7 9 0.03303642 
462 39 8 10 0.033033326 
751 511 10 13 0.03300898 
286 142 8 10 0.03296785 
367 62 8 11 0.032940634 
218 88 7 9 0.032917608 
305 37 8 11 0.03285485 
871 124 8 10 0.032771207 
29 150 9 12 0.03274093 
672 47 8 9 0.032735832 
455 368 38 39 0.032702126 
184 112 8 9 0.032696366 
814 95 7 9 0.032683533 
767 56 8 10 0.032611895 
552 48 8 11 0.03258865 
535 63 8 10 0.0325879 
13 553 13 17 0.032552663 
215 431 8 10 0.032537244 
760 39 7 9 0.032530297 
840 23 8 10 0.032508165 
721 55 7 9 0.032491975 
996 188 11 12 0.032464396 
186 605 12 17 0.032462418 
976 94 9 11 0.03241536 
37 130 10 13 0.032391764 
198 558 12 15 0.032391366 
574 11 9 12 0.032376472 
415 23 8 10 0.032363225 
776 89 7 9 0.032319807 
726 539 13 15 0.032311283 
703 118 7 8 0.03229515 
520 105 7 9 0.032288175 
110 87 8 9 0.032201745 
17 103 9 11 0.03219034 
37 165 9 11 0.032168165 
727 24 7 8 0.03213507 
41 32 8 9 0.032134537 
88 127 8 9 0.03212753 
886 144 9 10 0.032057576 
208 31 7 9 0.032018214 
59 14 7 10 0.032009467 
956 507 11 14 0.03197681 
907 143 8 9 0.03192912 
903 104 8 9 0.031926338 
420 272 13 17 0.031872906 
200 93 8 9 0.031848952 
858 46 7 10 0.03184048 
777 70 8 10 0.031840328 
542 118 7 10 0.03183495 
1006 81 9 11 0.031821538 
222 421 10 12 0.031819258 
229 88 8 9 0.031808842 
223 110 9 10 0.031807315 
30 20 8 11 0.031803835 
297 127 8 10 0.031741727 
615 14 8 11 0.03171028 
465 62 8 9 0.031686466 
799 88 7 9 0.031685878 
222 580 9 12 0.031615563 
696 6 8 10 0.031604186 
422 630 9 13 0.031570334 
166 566 11 15 0.031533796 
887 72 8 11 0.03149199 
841 32 8 10 0.031484444 
119 145 7 9 0.031482223 
896 61 9 11 0.0314437 
968 129 9 11 0.03137464 
112 78 8 10 0.031318974 
126 86 9 12 0.03126145 
529 54 7 10 0.031253725 
296 588 12 15 0.031218288 
429 572 12 14 0.031195711 
239 119 10 12 0.031185985 
544 23 8 9 0.031185942 
246 580 10 13 0.031159474 
230 36 9 11 0.031146191 
181 125 8 10 0.03114583 
1006 110 9 11 0.031135444 
182 25 7 8 0.031094354 
130 133 8 10 0.03107521 
497 573 16 19 0.031060085 
912 0 9 7 0.031031288 
569 48 8 11 0.031024212 
357 556 12 14 0.031008337 
425 7 8 9 0.031005463 
175 0 6 8 0.030995822 
464 102 8 9 0.030961843 
798 523 11 14 0.030949742 
238 143 10 11 0.030945037 
423 29 9 11 0.03094322 
339 558 12 16 0.0309388 
8 103 9 11 0.030927617 
544 15 8 10 0.030924918 
271 112 8 9 0.030902904 
330 46 8 10 0.030894103 
869 508 11 13 0.030869747 
25 21 9 11 0.030819591 
999 47 9 11 0.03078508 
526 579 11 15 0.030747484 
280 33 8 9 0.030735333 
15 77 8 10 0.030726723 
991 23 8 10 0.03067794 
750 127 8 9 0.030619968 
430 48 8 11 0.03061642 
202 569 13 15 0.030615231 
25 118 8 10 0.030575547 
751 549 10 14 0.030573713 
177 14 7 9 0.03056028 
441 21 8 10 0.030524597 
215 120 7 9 0.030490018 
176 102 7 9 0.030472979 
552 21 8 10 0.03041676 
678 580 9 11 0.030413104 
79 535 13 16 0.030389238 
488 31 8 10 0.030360987 
869 560 15 18 0.030208644 
681 40 8 8 0.030186655 
49 143 7 10 0.030167898 
333 437 13 16 0.030147534 
718 540 12 14 0.030140787 
71 55 7 8 0.030126844 
905 31 8 9 0.030080382 
928 7 8 9 0.030065175 
159 128 8 10 0.030049317 
923 639 12 16 0.029983796 
601 124 9 11 0.029975813 
997 501 9 11 0.029909473 
591 13 9 11 0.029890204 
877 630 12 16 0.029861623 
574 49 8 10 0.02985944 
962 37 8 10 0.029856626 
513 32 7 9 0.029824182 
519 64 8 9 0.029782273 
358 548 11 13 0.029751733 
111 571 12 15 0.029751379 
488 0 8 7 0.029749028 
240 87 8 9 0.029684102 
5 156 11 13 0.0296627 
895 101 7 11 0.029616995 
974 17 8 11 0.029556148 
614 36 9 11 0.029528156 
71 96 9 10 0.029515935 
71 22 8 9 0.02950138 
436 587 12 16 0.029499825 
620 587 11 14 0.029484618 
727 55 8 9 0.029391527 
896 45 8 10 0.029373959 
968 46 8 9 0.02935027 
279 2 8 8 0.029326543 
14 155 10 12 0.029324505 
118 409 13 17 0.029304009 
973 129 9 11 0.029294511 
439 64 7 9 0.02926302 
117 109 8 10 0.029249182 
880 52 10 11 0.029220602 
328 7 7 9 0.029194219 
840 119 8 9 0.02918733 
928 69 8 10 0.029128868 
537 118 8 10 0.029118123 
689 69 8 10 0.029043697 
70 16 8 10 0.029023178 
342 547 10 12 0.028974364 
784 93 9 10 0.028966034 
200 81 7 8 0.028964244 
952 38 7 10 0.028956272 
803 0 7 9 0.028952729 
964 608 18 22 0.028941752 
872 93 8 10 0.028923038 
689 15 8 10 0.028880207 
624 88 7 10 0.028795458 
256 96 467 498 0.02879297 
857 37 8 9 0.028780593 
16 32 7 9 0.028775217 
984 62 8 11 0.02876798 
703 103 7 9 0.028766654 
93 550 10 15 0.028707596 
112 29 8 10 0.028695477 
111 24 7 10 0.028647155 
600 14 9 11 0.028643925 
312 15 8 10 0.028633919 
703 0 11 10 0.028630503 
794 135 6 9 0.02861707 
62 142 9 11 0.02860543 
80 86 8 10 0.028581953 
934 123 10 12 0.028570184 
97 2 7 9 0.028548522 
743 112 8 9 0.02844772 
167 8 6 9 0.028435577 
850 103 8 9 0.028432598 
137 14 8 9 0.028430691 
808 13 8 9 0.028428398 
341 101 9 11 0.028372496 
695 65 8 9 0.028365098 
863 25 8 9 0.028341535 
286 63 7 9 0.028334528 
368 2 7 8 0.02831132 
0 5 9 13 0.02829823 
160 150 8 11 0.028249454 
255 111 7 9 0.02822699 
170 0 7 8 0.028218469 
922 7 7 10 0.02816708 
662 45 9 11 0.028125148 
632 69 10 12 0.02809941 
255 574 11 13 0.028098566 
606 124 9 11 0.02809137 
103 118 7 10 0.028085198 
449 64 7 9 0.028079141 
519 14 8 9 0.028037209 
233 575 10 12 0.028031504 
480 47 7 9 0.027975718 
142 150 8 10 0.027969068 
514 70 9 11 0.02796575 
199 159 8 10 0.027959775 
128 54 8 10 0.027942332 
1000 0 10 11 0.027937125 
199 53 8 10 0.02792044 
856 660 11 15 0.027898451 
254 580 11 15 0.027879152 
110 2 8 8 0.027863527 
391 44 8 10 0.027846996 
353 548 9 12 0.027813032 
962 22 7 9 0.027808975 
126 92 10 11 0.027789833 
41 150 10 12 0.0277804 
313 56 9 11 0.027770815 
696 54 7 9 0.027748894 
663 81 9 11 0.027743028 
127 38 9 11 0.027705494 
168 29 7 9 0.027700143 
712 55 7 10 0.027687881 
318 37 8 10 0.02768773 
40 23 8 9 0.027677858 
456 54 8 9 0.027662154 
953 47 7 9 0.027588697 
103 110 8 10 0.027575253 
503 15 8 10 0.027562736 
795 494 12 14 0.027512113 
486 87 7 9 0.027510924 
715 548 12 14 0.027502513 
816 54 7 9 0.027451243 
103 28 9 10 0.027442845 
590 70 18 24 0.027437767 
286 32 8 10 0.027420767 
960 31 9 10 0.027415317 
955 167 9 11 0.027409354 
895 522 12 16 0.027403355 
929 22 8 10 0.027395248 
24 32 8 10 0.027363654 
256 94 8 10 0.027355958 
807 46 8 11 0.027339399 
191 79 9 10 0.027278597 
433 79 8 9 0.02725899 
825 61 8 11 0.027257102 
607 575 10 12 0.027246306 
62 74 17 23 0.027198644 
638 104 8 11 0.027192922 
791 565 13 15 0.027179662 
161 54 8 9 0.027165445 
87 16 7 9 0.027158968 
295 22 7 9 0.02714423 
312 46 8 10 0.027126113 
783 146 7 9 0.02712289 
984 118 8 10 0.027122354 
583 14 9 11 0.027118497 
167 101 8 10 0.02711263 
711 63 9 10 0.027064657 
154 134 9 11 0.027038531 
565 604 10 13 0.027033783 
295 581 11 14 0.027012065 
136 30 7 10 0.027006432 
695 23 18 23 0.026988007 
902 516 11 14 0.02698232 
101 563 10 14 0.026978385 
903 22 7 9 0.026976662 
172 571 10 14 0.026975105 
728 113 8 9 0.026961286 
791 63 8 9 0.026959484 
919 136 7 10 0.02694025 
895 71 8 11 0.02693101 
982 174 10 12 0.026910506 
840 112 8 9 0.02691011 
209 53 7 9 0.026874527 
866 118 8 11 0.026863346 
63 101 18 24 0.026858322 
566 91 19 23 0.026858091 
80 47 8 10 0.026857685 
730 136 7 10 0.026857238 
807 24 8 9 0.026836345 
793 118 8 10 0.026816778 
215 149 8 10 0.026808541 
79 79 7 9 0.026777286 
287 77 8 11 0.026775822 
217 38 7 9 0.026750276 
376 31 7 9 0.02673705 
222 101 10 12 0.026723195 
984 612 37 48 0.026670547 
445 2 8 9 0.02666673 
416 613 11 14 0.026657641 
438 84 8 10 0.026639732 
392 21 8 10 0.026638718 
278 93 9 10 0.026618015 
359 55 9 11 0.026613971 
401 16 9 12 0.026612412 
975 30 8 9 0.026602175 
973 172 10 12 0.026587361 
455 64 8 9 0.026581906 
670 31 8 10 0.0265768 
598 30 9 12 0.026545856 
151 127 8 10 0.02653765 
945 126 10 12 0.02650828 
143 143 8 11 0.026492951 
23 78 9 10 0.026480177 
665 32 7 10 0.026479585 
240 559 11 15 0.026460873 
1006 32 8 11 0.02644646 
439 661 10 13 0.02641731 
510 108 9 12 0.02637072 
336 93 9 10 0.026348615 
673 117 8 10 0.02632142 
273 2 8 9 0.026318101 
913 116 10 12 0.026316097 
502 57 8 9 0.026312822 
561 83 8 11 0.026311645 
302 61 9 11 0.026279332 
143 77 8 9 0.02627577 
816 109 7 10 0.026129674 
263 55 8 9 0.026121533 
364 87 10 11 0.02609911 
115 642 13 17 0.02609774 
695 94 7 8 0.026095672 
96 30 8 9 0.026091438 
95 127 8 10 0.026064178 
615 576 9 12 0.026038915 
527 103 8 10 0.02603114 
505 109 9 11 0.025998125 
545 70 8 10 0.025992101 
406 603 11 13 0.025955211 
951 62 9 10 0.025944833 
302 75 17 23 0.02594267 
663 111 7 9 0.025934525 
969 55 7 9 0.025859797 
624 76 8 10 0.025848838 
890 132 9 11 0.025848163 
97 39 7 9 0.025842343 
209 103 8 9 0.0258321 
20 547 12 16 0.025829993 
246 80 8 9 0.025821555 
47 36 7 10 0.025797438 
152 165 9 11 0.025782712 
197 548 12 13 0.025782695 
992 78 7 11 0.02576172 
593 104 8 9 0.025750771 
357 433 10 12 0.02574655 
481 0 7 7 0.02571033 
264 151 8 10 0.025708934 
135 77 8 10 0.02570245 
14 647 28 30 0.025698928 
888 14 9 11 0.025697418 
87 135 8 10 0.0256518 
136 56 6 8 0.025645552 
53 30 8 10 0.025634624 
153 103 8 11 0.025629025 
142 570 18 23 0.025624698 
596 6 8 10 0.025603443 
41 0 9 11 0.025571374 
860 586 13 16 0.025557486 
800 94 8 9 0.025549123 
832 111 8 9 0.025544351 
488 13 8 10 0.02553887 
722 62 8 11 0.025536614 
5 14 8 11 0.025536228 
429 275 11 16 0.025510427 
1009 612 14 21 0.025492782 
86 38 8 10 0.025474202 
937 61 9 11 0.025435174 
975 148 10 12 0.025434002 
80 138 8 10 0.025431497 
352 565 13 16 0.025411472 
759 77 9 10 0.025409877 
997 121 19 24 0.025395878 
117 634 14 18 0.025391173 
839 126 7 9 0.025388813 
688 54 7 10 0.02536839 
855 7 9 11 0.025338529 
185 102 8 10 0.025301121 
104 544 10 12 0.025293453 
665 14 8 10 0.025278639 
6 112 9 11 0.025271967 
901 158 9 11 0.02526056 
605 49 9 10 0.025251102 
1 30 8 13 0.025250914 
119 150 8 11 0.02525003 
15 94 9 11 0.025240751 
729 103 7 8 0.025237514 
713 22 7 9 0.025229538 
324 430 13 15 0.025224973 
844 582 11 14 0.02522109 
556 68 9 11 0.025215518 
151 55 8 8 0.025157494 
534 25 8 10 0.025137328 
472 2 7 8 0.025124395 
151 159 9 10 0.025056113 
818 37 8 10 0.025031827 
792 54 7 9 0.024961332 
9 61 9 11 0.024930285 
361 102 10 12 0.024894131 
137 150 8 10 0.024886781 
244 572 10 14 0.024862621 
966 148 10 12 0.024829175 
465 7 7 9 0.024806913 
960 56 8 10 0.024772234 
149 584 10 14 0.024767369 
608 95 8 10 0.024759512 
247 134 7 9 0.024744354 
421 622 10 13 0.024741605 
319 120 9 12 0.024733344 
768 134 8 9 0.024732532 
510 96 8 10 0.024729446 
89 7 7 9 0.024727456 
903 117 8 11 0.02467502 
837 538 12 15 0.02465782 
346 0 8 8 0.02462527 
814 558 20 23 0.024616485 
177 25 7 9 0.024615811 
785 15 7 9 0.024588414 
877 530 11 14 0.024583159 
168 93 8 10 0.024565144 
119 53 8 10 0.02456432 
871 61 9 11 0.024549663 
952 32 7 9 0.024520086 
745 95 7 8 0.024515914 
537 111 8 10 0.024477527 
329 30 7 10 0.024460848 
795 517 12 15 0.024459552 
117 484 10 12 0.024423666 
103 642 13 18 0.024410538 
379 605 12 16 0.02435423 
736 111 7 9 0.024352215 
975 38 8 9 0.02434582 
520 117 7 11 0.02432549 
25 8 9 11 0.024324877 
776 47 7 9 0.024320781 
334 411 12 15 0.024313357 
150 23 7 9 0.024309235 
752 555 11 14 0.024300119 
769 47 7 9 0.024255855 
432 69 8 10 0.024250083 
519 53 9 10 0.024226137 
909 14 9 11 0.024223447 
744 56 7 8 0.0241939 
80 125 8 10 0.024172459 
399 16 19 24 0.024164226 
304 104 9 11 0.024163064 
961 611 45 49 0.024162618 
271 103 8 10 0.02416156 
215 55 7 9 0.024133438 
761 110 8 10 0.024128243 
839 588 12 15 0.024123903 
6 23 9 11 0.024115447 
358 26 17 22 0.024111168 
1001 143 10 12 0.024099972 
630 467 11 13 0.024083223 
999 101 9 11 0.02406865 
103 160 7 9 0.02405334 
647 56 9 10 0.024034508 
823 103 7 9 0.024011655 
101 625 13 17 0.024010135 
418 262 13 18 0.024001468 
320 78 8 10 0.023994075 
992 182 9 12 0.023983428 
215 581 11 13 0.02397218 
549 597 13 17 0.02395117 
985 15 8 11 0.023949847 
277 576 12 16 0.023944726 
416 1 7 9 0.023943149 
265 102 8 10 0.023939684 
273 95 8 10 0.023876056 
106 2 7 9 0.023857735 
895 152 8 10 0.023849336 
494 45 7 10 0.023846747 
208 126 8 10 0.02384038 
367 437 10 13 0.023822581 
367 56 9 11 0.023801493 
728 15 8 9 0.023799717 
143 158 9 10 0.023758823 
376 94 8 10 0.023750901 
758 548 11 15 0.023718515 
265 111 8 10 0.023708701 
254 542 10 13 0.023699177 
246 119 8 10 0.023691595 
94 421 11 16 0.023658793 
853 522 12 17 0.023653733 
311 71 7 8 0.023631666 
742 533 13 16 0.023609497 
879 508 9 12 0.023607386 
434 87 7 8 0.023606729 
667 51 20 25 0.023597978 
880 62 9 11 0.023579238 
966 129 19 23 0.023566626 
472 53 8 10 0.023552714 
489 38 8 10 0.023534926 
960 47 7 9 0.023526173 
469 570 14 15 0.023501584 
681 87 7 9 0.023464855 
763 533 12 14 0.02345646 
871 55 8 10 0.02344121 
637 5 9 11 0.023432096 
142 122 9 11 0.023420123 
734 633 12 15 0.023413997 
289 94 7 9 0.023410916 
630 2 9 9 0.023402894 
575 121 8 10 0.023367696 
224 46 8 9 0.023358159 
769 31 7 10 0.023350887 
974 190 9 11 0.02334848 
337 80 9 11 0.023267744 
778 37 9 11 0.02326147 
967 78 9 11 0.023239134 
326 435 13 16 0.023221593 
191 557 10 13 0.023220627 
473 78 7 9 0.023194592 
296 15 8 10 0.023171846 
511 117 9 11 0.023153452 
585 38 8 11 0.02315043 
76 628 11 16 0.023143329 
687 64 8 9 0.023134572 
697 126 8 10 0.023116134 
909 493 20 25 0.023105439 
184 571 10 13 0.02310384 
832 642 27 28 0.023099348 
848 7 8 9 0.023079598 
56 22 8 10 0.023068905 
799 129 7 8 0.023064658 
753 101 8 10 0.023062667 
781 574 13 16 0.023059646 
160 157 8 10 0.023057273 
766 72 7 9 0.023038248 
518 572 12 15 0.023034478 
398 618 12 15 0.023014566 
872 103 8 9 0.02294455 
943 141 8 10 0.022916418 
727 118 8 11 0.022903752 
830 24 8 10 0.022902688 
45 634 12 17 0.022895956 
912 125 10 12 0.022890741 
935 151 8 9 0.022877183 
526 94 9 11 0.022870133 
975 101 8 11 0.022860326 
191 549 10 13 0.022850199 
248 150 9 11 0.022846663 
920 15 8 10 0.022814894 
617 1 9 10 0.022800095 
273 143 9 10 0.022798948 
647 80 10 13 0.022791404 
445 655 8 11 0.022785805 
353 79 8 11 0.02275045 
87 103 8 10 0.022750381 
742 103 8 9 0.022742357 
992 71 8 10 0.022734173 
13 531 15 18 0.022727648 
808 78 8 10 0.02271843 
326 69 8 10 0.022624021 
721 46 8 9 0.022594566 
560 556 10 14 0.02259356 
720 567 11 14 0.022587406 
615 93 8 11 0.022573188 
807 603 11 17 0.022569234 
225 119 8 9 0.022564666 
47 135 8 10 0.022556229 
130 128 8 10 0.022552466 
335 543 12 14 0.022550179 
79 524 10 12 0.022549093 
505 128 8 10 0.022548767 
40 47 7 10 0.022545798 
735 14 8 10 0.022541882 
861 30 8 10 0.02253537 
745 15 8 10 0.022530315 
507 593 15 17 0.02251937 
413 365 66 54 0.022512348 
264 143 8 11 0.02251133 
74 30 8 10 0.022511277 
918 123 9 12 0.022478692 
323 619 13 18 0.0224672 
652 579 15 18 0.022450712 
232 580 10 12 0.022429762 
92 620 14 19 0.022423074 
759 101 8 10 0.022418555 
870 71 19 23 0.02241069 
879 125 8 11 0.022386776 
169 125 7 9 0.022380449 
866 0 11 12 0.022379555 
543 112 7 9 0.022378156 
329 1 8 9 0.02237405 
255 150 9 11 0.022366278 
231 132 8 10 0.022364808 
318 86 9 12 0.022346508 
72 39 8 9 0.022339018 
896 7 7 9 0.022275658 
252 160 10 12 0.022254596 
752 77 8 10 0.022246147 
84 651 14 18 0.022230852 
608 618 10 13 0.022223491 
112 167 8 9 0.022220772 
107 626 12 17 0.022191536 
589 555 10 14 0.022191303 
361 61 8 11 0.022181828 
525 587 11 16 0.022173937 
136 143 8 10 0.022170179 
590 35 9 12 0.022133011 
991 174 8 10 0.022112325 
58 1 7 9 0.022110814 
794 506 13 16 0.02210279 
77 110 18 24 0.022097075 
81 8 6 8 0.022088433 
399 55 9 11 0.022084394 
513 78 8 10 0.022080565 
607 108 9 11 0.022074275 
55 124 8 10 0.022063024 
124 587 13 15 0.022059496 
123 556 11 13 0.022057744 
929 102 8 10 0.022051638 
825 86 8 10 0.022034682 
947 144 17 23 0.02201696 
864 125 9 10 0.022011658 
97 102 8 10 0.021999504 
815 80 7 9 0.021994898 
167 603 12 17 0.021987299 
696 642 10 14 0.021972911 
96 517 10 13 0.021963643 
423 78 9 10 0.021956412 
926 56 8 10 0.021955922 
100 379 12 17 0.021926789 
680 24 8 10 0.021900749 
814 88 8 9 0.021892864 
415 80 8 10 0.021842694 
111 95 8 11 0.021838052 
413 248 10 12 0.021832583 
87 594 13 18 0.021799883 
391 71 8 11 0.021799618 
369 70 9 11 0.021790966 
1005 19 9 12 0.021777697 
4 528 14 18 0.0217667 
416 70 8 10 0.021764971 
927 32 8 9 0.021755908 
553 109 7 9 0.021751098 
392 96 8 10 0.021747716 
224 55 8 10 0.021747008 
638 95 8 10 0.021741787 
425 39 8 9 0.021731788 
615 110 7 9 0.021683982 
846 47 9 11 0.021647321 
817 119 7 9 0.021641986 
591 599 10 12 0.021641748 
214 572 11 13 0.021609241 
582 574 11 12 0.021578858 
687 135 6 9 0.021574672 
543 53 8 10 0.021560956 
984 166 9 11 0.021555329 
840 0 8 8 0.021509407 
402 596 12 15 0.021504637 
224 141 9 11 0.021504218 
478 587 11 16 0.021487955 
55 158 8 11 0.021479223 
785 110 8 10 0.021472579 
744 120 7 8 0.021465637 
173 159 10 10 0.021449108 
54 137 9 10 0.02143917 
710 0 9 10 0.02143856 
337 100 9 12 0.02142973 
897 120 7 9 0.021428393 
886 507 12 14 0.021423228 
832 141 8 10 0.021395417 
744 143 8 9 0.02139464 
487 594 12 14 0.021385536 
432 31 8 10 0.021352993 
134 23 8 10 0.021346563 
254 142 9 11 0.021339454 
976 69 8 9 0.021322835 
942 111 9 11 0.021266133 
824 95 8 9 0.021179812 
919 156 8 11 0.02117032 
487 78 8 10 0.021168409 
568 78 8 11 0.021125993 
384 101 8 11 0.021117596 
64 126 9 10 0.02111739 
616 46 9 10 0.021111874 
767 78 8 10 0.02110935 
697 118 7 9 0.021102013 
663 117 7 9 0.021089338 
125 570 13 16 0.021078352 
103 128 8 9 0.021065008 
760 149 9 11 0.021038279 
815 568 11 16 0.021027489 
286 72 8 10 0.021012692 
135 93 9 12 0.02099413 
632 95 8 10 0.020977018 
702 127 7 9 0.020966629 
865 86 8 10 0.02095813 
24 86 9 10 0.020957576 
367 13 9 11 0.020954581 
134 87 9 10 0.020953473 
254 47 9 10 0.02094293 
368 45 9 10 0.020939538 
855 83 9 11 0.020937944 
506 118 8 10 0.020935873 
855 124 8 10 0.020897934 
74 596 15 18 0.02085406 
488 23 8 10 0.020848162 
543 563 9 13 0.020826465 
19 540 13 15 0.020819634 
327 102 9 11 0.020814884 
417 619 10 13 0.02081427 
950 53 8 11 0.020797098 
31 548 10 13 0.020790262 
255 38 8 10 0.020776212 
55 150 9 11 0.020763602 
776 259 13 15 0.020758359 
295 143 9 10 0.020740561 
609 86 9 11 0.020738125 
735 547 12 14 0.020734528 
119 159 8 10 0.020732393 
457 8 8 9 0.020710237 
848 70 9 10 0.020700928 
1007 229 10 14 0.020683354 
702 14 8 10 0.020662395 
864 110 9 11 0.020657437 
584 63 8 10 0.020649776 
376 86 8 10 0.020637728 
798 540 10 14 0.020607343 
137 46 7 9 0.020604499 
966 498 10 14 0.020597935 
582 563 12 14 0.020595334 
600 -11 451 439 0.020552687 
390 15 9 11 0.020551024 
22 182 10 13 0.020533511 
789 521 13 17 0.02052348 
1006 44 9 12 0.020520063 
311 575 13 16 0.020502875 
335 0 8 9 0.020490171 
358 589 11 13 0.020481072 
727 578 11 14 0.020478642 
63 2 7 8 0.020477476 
871 572 12 16 0.020472938 
802 633 55 51 0.02045395 
109 545 10 11 0.02044934 
1013 4 10 14 0.020422624 
855 539 10 13 0.020422362 
289 105 8 9 0.020404324 
129 0 8 8 0.020403517 
958 124 10 12 0.020379875 
0 594 49 60 0.020377725 
726 515 12 14 0.020376718 
387 6 7 10 0.020374274 
414 29 9 10 0.020371908 
536 0 7 9 0.020344421 
232 46 8 10 0.020326661 
908 516 10 13 0.020324936 
789 160 9 10 0.020321935 
492 57 20 25 0.020307478 
14 546 21 26 0.020293914 
950 70 19 25 0.020291578 
750 6 8 10 0.020287907 
863 483 12 14 0.020274628 
502 581 21 27 0.020266846 
29 142 9 12 0.020264342 
519 24 8 8 0.020253323 
228 435 13 16 0.020239158 
168 159 9 11 0.020237764 
263 95 8 10 0.020219943 
903 8 8 10 0.020219242 
750 135 7 9 0.020212248 
423 69 9 11 0.020203548 
261 628 11 14 0.020187167 
903 0 7 8 0.020184135 
749 539 12 15 0.020169815 
284 555 14 17 0.020158663 
352 579 11 13 0.02014729 
480 95 8 10 0.020146301 
537 6 8 11 0.020136787 
431 565 12 15 0.020135706 
304 22 8 9 0.020130735 
702 567 13 15 0.020129567 
248 112 8 9 0.0201122 
103 571 11 14 0.020110827 
153 110 8 10 0.020102423 
648 586 11 15 0.020090677 
367 631 11 13 0.020089945 
728 619 21 28 0.020078298 
249 3 7 8 0.020077238 
360 108 9 12 0.020064866 
881 72 20 23 0.020057831 
281 7 7 8 0.020030463 
145 54 8 10 0.020021377 
409 54 9 11 0.020014623 
383 32 19 23 0.020002235 
