47_Matador_Bullfighter_Matador_Bullfighter_47_610
19
434 326 139 137 0.7511451 
324 318 405 529 0.3799365 
585 498 59 78 0.27592716 
473 373 119 115 0.13955025 
394 333 215 215 0.078264676 
511 414 74 74 0.041285187 
603 490 33 54 0.040257733 
563 514 62 76 0.0350073 
100 7 486 517 0.034293815 
372 479 252 338 0.030740935 
530 465 53 59 0.029861802 
530 515 52 61 0.028096233 
422 585 13 15 0.02736028 
487 503 57 64 0.027137225 
352 412 10 13 0.026510816 
538 575 25 28 0.024218136 
719 684 10 12 0.021864844 
387 606 13 18 0.021690032 
405 596 13 15 0.020416373 
