47_Matador_Bullfighter_matadorbullfighting_47_845
18
550 265 389 515 0.99983895 
358 230 402 525 0.53168404 
7 45 509 576 0.33731297 
335 966 517 526 0.29725486 
145 716 548 680 0.23207766 
506 902 583 697 0.20033212 
129 224 474 536 0.17767763 
818 119 133 119 0.09975453 
622 437 404 466 0.09059073 
-178 -83 540 636 0.07243502 
233 37 413 472 0.070162356 
630 120 371 423 0.06879886 
711 71 283 186 0.058829486 
356 49 241 301 0.052811693 
4 883 412 504 0.046192702 
526 201 276 396 0.02753668 
381 -43 465 454 0.024214596 
-67 608 564 536 0.022258934 
