47_Matador_Bullfighter_Matador_Bullfighter_47_195
33
762 98 55 71 0.999278 
896 236 64 96 0.99867105 
284 6 52 58 0.9985145 
566 115 58 85 0.99677616 
699 97 51 81 0.9922012 
222 71 354 472 0.3636311 
369 113 322 453 0.17328414 
15 -15 446 487 0.101718575 
683 303 63 87 0.07978265 
728 275 31 44 0.06420291 
513 251 205 294 0.056701552 
743 93 48 70 0.05485397 
719 97 62 91 0.051600456 
223 53 38 42 0.051200688 
693 282 59 73 0.038496036 
712 132 41 58 0.035325564 
706 327 56 83 0.03530019 
758 327 12 14 0.033019803 
662 363 10 14 0.03290783 
556 387 109 146 0.02939824 
704 346 27 38 0.028894437 
716 361 14 18 0.028259255 
653 355 13 18 0.025614306 
751 325 12 15 0.025374305 
726 278 53 66 0.02502424 
719 302 65 83 0.0241042 
707 319 16 19 0.023353053 
663 340 11 15 0.022404544 
551 678 9 12 0.021184787 
642 301 96 121 0.020586453 
700 356 12 17 0.020458149 
694 360 13 16 0.020452203 
715 320 15 20 0.020420205 
