47_Matador_Bullfighter_matadorbullfighting_47_152
125
191 215 32 43 0.9955864 
777 273 30 49 0.9742736 
118 10 13 18 0.8728475 
678 55 13 17 0.6640162 
464 306 168 236 0.5165897 
627 12 14 19 0.37429804 
468 0 19 19 0.34644058 
977 16 17 19 0.31422484 
683 58 13 17 0.29576033 
312 8 18 19 0.29471636 
693 58 13 17 0.22367717 
174 18 15 18 0.21876764 
621 59 14 17 0.19527723 
422 -1 29 29 0.17157063 
681 46 10 14 0.15029538 
685 44 10 13 0.14844172 
148 28 12 16 0.12673895 
172 5 16 17 0.10219868 
427 0 17 17 0.09669583 
489 384 97 141 0.09265385 
508 369 72 96 0.08903805 
985 58 15 18 0.087151915 
917 22 14 17 0.08115887 
566 4 12 13 0.07931809 
658 73 13 16 0.07923185 
972 54 25 30 0.07914196 
1012 5 10 14 0.07330114 
450 28 14 18 0.070599265 
702 40 10 12 0.06472571 
674 54 11 15 0.060005575 
694 40 11 13 0.05670979 
522 444 54 89 0.055116512 
968 19 14 17 0.05390951 
381 25 16 20 0.0507033 
379 4 16 18 0.05060473 
939 0 16 19 0.048164908 
972 21 18 20 0.046710182 
671 99 11 14 0.046550978 
678 44 21 26 0.046042528 
678 64 12 16 0.045911707 
608 67 12 16 0.04588909 
289 -2 17 16 0.045272253 
380 0 13 13 0.044876777 
626 54 12 16 0.043864746 
460 18 15 17 0.0428821 
526 257 193 226 0.040619817 
304 98 29 37 0.038824946 
613 54 13 16 0.03678344 
625 5 10 13 0.03596584 
537 358 77 108 0.0351048 
1005 29 13 16 0.034742996 
29 112 16 20 0.0344011 
174 0 11 11 0.034239143 
681 41 10 12 0.034049995 
123 6 12 17 0.03370708 
458 390 201 277 0.033268243 
461 1 29 34 0.033217084 
176 10 17 20 0.03318003 
761 282 35 44 0.033055782 
530 401 17 19 0.032992955 
179 24 12 15 0.03289458 
264 0 33 32 0.032544523 
1007 11 13 16 0.032501735 
603 139 13 16 0.03219395 
155 28 12 15 0.03218179 
699 54 12 17 0.031619295 
167 9 15 19 0.031571146 
708 38 12 14 0.03144467 
1010 33 14 17 0.031138105 
605 0 11 12 0.030758463 
571 1 12 12 0.030632135 
757 100 25 31 0.03052751 
611 74 13 17 0.030031461 
645 5 10 12 0.030023448 
623 46 11 15 0.029130783 
307 37 24 32 0.02899107 
189 10 13 16 0.028175736 
466 33 17 20 0.028170573 
591 -1 12 12 0.02779819 
630 44 11 14 0.026809115 
119 70 12 13 0.026785484 
167 28 12 16 0.026734997 
286 316 370 412 0.026644614 
92 74 13 18 0.026262958 
766 278 48 69 0.026201483 
108 442 234 202 0.025997387 
995 42 15 18 0.025974004 
610 60 20 26 0.025804322 
507 540 14 20 0.0254352 
336 513 42 41 0.025418157 
973 33 17 21 0.025148908 
560 3 13 15 0.025063021 
186 50 15 16 0.024578651 
453 22 15 17 0.024209512 
480 3 14 16 0.024013747 
167 51 11 13 0.023388969 
995 52 14 17 0.023222597 
148 8 14 17 0.022899054 
597 49 14 18 0.02277907 
545 447 14 20 0.022726653 
597 0 12 12 0.022662131 
784 289 54 66 0.022551375 
184 46 13 15 0.022121765 
301 29 42 53 0.022119034 
647 60 12 13 0.022097431 
446 22 13 16 0.022087842 
693 29 12 14 0.021959651 
717 346 191 252 0.02190744 
686 43 22 25 0.021744108 
157 10 12 15 0.021669367 
110 4 17 21 0.02152858 
571 48 13 18 0.021524098 
988 27 13 16 0.02133698 
954 4 14 17 0.021170799 
914 46 15 18 0.021158103 
332 41 15 19 0.021136347 
979 7 16 19 0.020942552 
607 51 11 16 0.020886019 
559 -1 11 11 0.020749094 
652 44 11 14 0.0205561 
537 438 27 34 0.020534242 
435 45 15 18 0.02043611 
1005 17 14 18 0.020335577 
87 77 13 17 0.020172268 
466 14 18 22 0.020038035 
