14_Traffic_Traffic_14_728
28
304 76 43 64 0.9923838 
891 69 31 55 0.9840385 
7 100 33 49 0.9798538 
867 135 22 28 0.7527056 
711 88 26 39 0.5826651 
1000 96 25 44 0.19873476 
470 339 183 263 0.15138991 
145 456 24 30 0.09019022 
63 637 30 35 0.08255382 
16 103 44 60 0.08141603 
319 178 350 493 0.07044103 
0 643 13 21 0.06247938 
723 89 17 30 0.04936771 
697 97 33 38 0.04162666 
571 52 208 259 0.03582028 
131 432 15 19 0.03560321 
249 235 170 265 0.03479003 
995 111 32 51 0.028952107 
-2 104 27 50 0.0283664 
968 107 39 56 0.026470585 
1009 103 15 26 0.026055338 
880 86 46 67 0.024826715 
-3 634 22 36 0.024305943 
948 93 35 58 0.02426908 
45 374 123 186 0.023896359 
899 78 46 64 0.020998515 
688 97 55 71 0.020895774 
1 89 29 45 0.020244956 
