14_Traffic_Traffic_14_850
31
587 151 92 119 0.99889034 
590 647 32 37 0.3845328 
295 347 70 79 0.14856556 
828 580 32 44 0.099479616 
365 323 33 37 0.09894531 
580 622 61 60 0.09249385 
58 201 23 28 0.07275027 
437 539 100 106 0.05791504 
168 13 124 150 0.053474985 
84 -25 238 206 0.050122086 
239 397 117 136 0.041402142 
588 572 26 35 0.036925666 
601 583 58 76 0.03543085 
559 578 93 124 0.033110358 
510 571 60 75 0.032646243 
467 17 69 76 0.032590847 
913 13 111 151 0.030918974 
273 355 103 126 0.03004608 
851 4 184 268 0.028839827 
470 554 103 114 0.028216437 
466 577 38 37 0.02802601 
571 582 56 73 0.027646916 
573 613 26 33 0.026278755 
597 567 11 16 0.02622643 
629 582 36 42 0.021917962 
827 547 119 170 0.02159297 
589 582 14 21 0.021071658 
209 27 33 35 0.02101645 
328 273 25 37 0.020990025 
947 40 67 93 0.020663379 
673 580 29 40 0.020413827 
