14_Traffic_Traffic_14_504
32
784 249 31 36 0.9959847 
339 107 55 75 0.9829419 
318 98 52 78 0.17637675 
507 78 376 514 0.15953481 
210 278 133 144 0.10554729 
305 95 31 61 0.082794495 
31 92 12 16 0.07312276 
34 105 38 48 0.069521196 
987 358 39 56 0.0693158 
300 107 49 76 0.049008567 
396 32 238 236 0.042694595 
44 263 15 24 0.042601086 
992 294 9 12 0.03558175 
990 334 10 12 0.03417228 
-5 92 192 266 0.033438437 
983 314 11 16 0.033435542 
28 98 27 36 0.03303097 
47 205 60 75 0.03290848 
47 259 21 31 0.028229496 
16 114 49 71 0.027192097 
29 254 25 33 0.026335362 
212 132 47 58 0.025955608 
990 302 11 13 0.02580693 
990 308 11 14 0.025222074 
101 85 95 114 0.025213104 
60 268 15 21 0.02386692 
350 348 13 16 0.022655254 
235 304 81 92 0.02161846 
998 324 10 14 0.021423876 
12 150 99 142 0.021316538 
50 263 30 40 0.02042426 
350 143 53 83 0.020138016 
