14_Traffic_Traffic_14_677
60
609 202 213 292 0.99972147 
239 28 194 267 0.9995115 
729 464 193 261 0.99927515 
404 80 197 296 0.9985261 
316 45 219 302 0.9030344 
66 201 155 267 0.6680023 
158 200 442 566 0.37764692 
158 529 358 417 0.29030582 
501 138 175 282 0.27718017 
639 335 221 294 0.16772263 
703 197 204 317 0.13799928 
657 799 16 19 0.08003059 
103 523 249 353 0.07257164 
199 668 133 167 0.061252646 
221 662 14 18 0.05574756 
361 793 26 33 0.053928606 
134 100 182 251 0.05387793 
11 112 285 418 0.05175066 
422 790 28 35 0.050892334 
678 797 23 31 0.049886245 
321 794 30 37 0.044795364 
323 618 30 30 0.043917716 
284 803 11 14 0.041357882 
409 803 15 18 0.039728645 
552 803 15 17 0.038874872 
599 799 26 28 0.037925415 
636 724 14 18 0.037470035 
495 714 11 15 0.036477108 
573 776 13 19 0.036328975 
222 656 10 11 0.03626373 
572 721 15 21 0.034560125 
319 783 51 61 0.034155022 
574 738 13 19 0.032511204 
169 481 60 76 0.031374384 
639 755 13 18 0.029645937 
125 215 120 177 0.029633863 
75 590 117 145 0.026098259 
548 795 23 30 0.025928972 
464 179 291 394 0.025787847 
254 791 11 14 0.025135 
638 752 24 30 0.025062732 
612 782 16 19 0.02471365 
289 644 18 21 0.024446703 
405 794 24 32 0.02411174 
640 785 12 16 0.023955122 
157 456 91 131 0.023949523 
281 535 434 524 0.023747422 
500 715 10 13 0.02366411 
489 715 10 14 0.022423357 
559 746 10 14 0.022371726 
342 787 50 56 0.022075973 
711 802 16 17 0.02187695 
644 778 15 19 0.02158346 
299 806 14 17 0.021277716 
369 806 15 20 0.020898277 
575 802 16 18 0.020779632 
636 244 358 462 0.020779107 
291 664 29 34 0.020493826 
340 753 30 36 0.020438395 
102 623 128 170 0.02009244 
