14_Traffic_Traffic_14_443
180
659 154 13 18 0.90198195 
511 132 11 15 0.29353017 
298 209 13 17 0.25923395 
643 170 14 18 0.19031169 
740 228 14 18 0.16646849 
691 147 14 19 0.16181958 
495 141 11 15 0.13692471 
732 192 12 15 0.12761424 
472 166 12 15 0.11316817 
56 309 8 11 0.11261622 
669 195 10 13 0.100526124 
199 211 10 14 0.08174262 
703 179 9 12 0.07761987 
661 109 10 14 0.07543536 
89 140 10 14 0.07349951 
675 172 11 14 0.06704778 
305 230 9 12 0.06590718 
55 141 10 11 0.061880447 
302 236 11 13 0.056538496 
685 127 10 13 0.05604502 
284 231 12 15 0.05600077 
149 255 10 14 0.05540858 
448 174 9 13 0.05534891 
498 144 14 19 0.05491929 
420 151 9 11 0.054231904 
639 166 12 16 0.050483316 
571 170 16 19 0.04845684 
661 103 9 11 0.047634304 
784 110 168 277 0.047010325 
460 159 12 13 0.046234 
515 129 12 14 0.045107663 
-1 172 12 22 0.04442542 
708 197 10 12 0.04293853 
634 241 12 19 0.04194765 
286 212 12 16 0.041612055 
709 181 9 12 0.04063112 
503 133 13 16 0.04030591 
20 333 9 12 0.04025592 
38 399 8 10 0.039894104 
70 326 9 10 0.039819993 
567 169 12 17 0.03915315 
62 311 8 11 0.037996124 
6 368 9 11 0.03731792 
665 210 11 17 0.03694909 
735 232 12 16 0.036928937 
508 161 14 19 0.036680635 
184 223 10 11 0.036530856 
698 179 9 12 0.03610177 
505 129 21 25 0.036065195 
750 188 10 13 0.03588902 
749 195 12 17 0.035863873 
105 318 7 9 0.03582968 
530 141 12 15 0.035398334 
704 189 10 14 0.035192054 
524 133 12 16 0.03489903 
567 155 12 16 0.034812197 
580 187 15 19 0.03422923 
467 162 21 25 0.03285525 
616 542 8 11 0.032773063 
53 326 10 12 0.03267235 
799 146 12 16 0.03216489 
734 200 13 17 0.031898823 
73 383 8 11 0.031693388 
383 134 12 13 0.0316798 
478 148 10 12 0.03156312 
748 182 11 13 0.031511936 
540 172 12 17 0.03128733 
588 194 11 15 0.030907596 
600 123 13 16 0.03050522 
614 140 12 14 0.030264493 
631 157 10 13 0.03018279 
355 213 12 15 0.030081034 
632 204 11 15 0.030068524 
320 214 9 11 0.030007191 
587 6 43 53 0.029884618 
709 190 9 14 0.029605135 
38 310 8 11 0.029186161 
64 397 8 10 0.029174117 
86 226 13 18 0.028985985 
574 316 9 11 0.028905146 
797 124 10 14 0.028818177 
735 223 12 15 0.028168555 
21 309 9 12 0.028098088 
185 229 10 13 0.028060108 
111 328 7 9 0.027679387 
542 32 9 11 0.027458528 
1004 264 15 24 0.027117824 
637 157 10 14 0.027084088 
578 150 16 19 0.027014978 
573 127 12 15 0.027011143 
514 136 15 18 0.026993465 
17 309 9 12 0.026854921 
23 383 8 11 0.026407944 
87 309 10 13 0.02613295 
478 142 10 13 0.026092358 
53 382 10 14 0.026049508 
1010 369 13 19 0.025958126 
22 328 9 11 0.02586783 
275 255 14 17 0.025822597 
585 444 11 15 0.025818363 
636 194 12 16 0.025760965 
96 334 7 11 0.025695644 
597 152 13 18 0.025626466 
505 167 26 36 0.025014963 
669 163 11 15 0.025001796 
482 101 10 13 0.02491853 
729 229 10 15 0.02475349 
33 374 8 9 0.024442004 
17 374 8 10 0.024384752 
632 191 11 15 0.02434511 
63 391 8 11 0.02430383 
658 114 11 14 0.02409792 
617 535 7 10 0.023995848 
455 205 9 11 0.023927398 
81 311 8 11 0.023923863 
93 311 9 12 0.023909714 
739 195 12 18 0.023751466 
23 317 9 11 0.023728896 
104 313 8 10 0.023721732 
57 396 9 12 0.023514811 
532 134 11 15 0.02350047 
565 532 9 12 0.02346113 
530 146 14 20 0.023415381 
422 143 7 10 0.023333186 
676 178 12 14 0.02328983 
31 319 8 10 0.023283936 
820 228 15 20 0.023084886 
38 334 8 11 0.023084594 
79 335 7 10 0.023017911 
481 146 43 51 0.022812078 
959 275 11 12 0.022754049 
626 239 21 30 0.022646712 
616 526 8 11 0.022620492 
49 309 9 11 0.022582775 
0 303 8 12 0.022572704 
319 208 10 11 0.022467194 
630 151 9 13 0.022229142 
685 189 10 13 0.022215227 
687 141 12 16 0.02220257 
64 343 8 11 0.022191832 
621 148 11 15 0.022190046 
31 368 8 10 0.02203206 
39 374 8 10 0.021929143 
472 161 8 12 0.021890081 
645 101 10 12 0.02186951 
78 382 8 11 0.021859607 
667 201 13 19 0.021846117 
112 319 7 10 0.021810295 
747 232 12 16 0.02172326 
584 258 14 19 0.021674668 
105 327 7 10 0.021644464 
490 140 11 16 0.02159081 
653 179 11 14 0.021474082 
951 276 9 12 0.02143342 
421 155 10 13 0.021407066 
38 304 8 10 0.021357547 
695 214 10 12 0.021357344 
573 139 14 15 0.021245496 
806 199 114 153 0.02115905 
582 246 10 12 0.021153657 
79 317 8 12 0.02105302 
541 482 10 14 0.021022966 
455 196 10 13 0.02101762 
319 221 10 12 0.02083793 
560 531 10 14 0.02078775 
30 326 8 10 0.020712104 
659 144 11 14 0.020493425 
663 532 9 11 0.020468732 
71 310 9 11 0.020460458 
63 317 8 11 0.020458985 
661 225 12 16 0.020450875 
22 304 10 11 0.020418927 
120 321 6 8 0.020399777 
510 139 23 27 0.020398898 
588 152 13 17 0.020292394 
446 152 10 12 0.020280879 
71 376 8 9 0.020268017 
557 167 15 19 0.020189824 
16 327 9 12 0.020118004 
112 382 7 9 0.020112628 
