14_Traffic_Traffic_14_361
246
674 319 8 11 0.2574899 
484 306 13 14 0.17279916 
414 349 11 14 0.108544506 
517 302 11 13 0.10577911 
600 171 13 16 0.087364055 
669 238 29 36 0.086493224 
727 316 9 12 0.080359615 
357 346 11 14 0.0781421 
512 285 9 11 0.07691458 
528 271 9 13 0.07541438 
645 334 11 13 0.07500787 
916 292 12 15 0.0741728 
656 319 8 11 0.07372501 
512 278 9 11 0.07362096 
720 310 8 11 0.07304055 
848 290 16 20 0.07024047 
2 241 11 16 0.06988751 
719 287 8 11 0.06862524 
592 229 10 13 0.06823612 
726 311 9 12 0.06690408 
735 316 9 12 0.06538744 
502 301 10 13 0.0639065 
477 282 11 14 0.06316952 
421 332 10 12 0.062261913 
501 334 13 16 0.06133212 
446 293 10 13 0.060827095 
551 277 7 10 0.057484012 
375 338 12 16 0.053299546 
720 317 9 11 0.052960604 
582 248 9 11 0.052490227 
434 223 8 10 0.05171021 
916 284 12 14 0.051052894 
606 270 8 10 0.049927816 
566 352 11 16 0.04959979 
351 323 9 13 0.04919933 
454 286 10 11 0.0478543 
469 315 11 14 0.04780129 
640 333 11 12 0.04746349 
597 255 9 11 0.046991143 
663 324 8 11 0.04599179 
430 263 8 10 0.045454912 
444 299 11 13 0.04529119 
520 367 10 13 0.044385746 
359 324 9 12 0.044278044 
552 272 8 10 0.042567916 
365 326 10 13 0.042477444 
621 334 8 12 0.042362623 
623 340 9 13 0.04234812 
366 387 10 14 0.042120595 
622 371 12 16 0.041196372 
486 285 9 11 0.041082516 
431 302 8 11 0.041006062 
441 271 8 10 0.04098373 
672 313 8 11 0.0402533 
407 260 10 13 0.039646428 
291 198 13 18 0.03962744 
699 379 14 19 0.039186478 
607 315 8 11 0.039129965 
560 271 8 10 0.039020263 
366 331 10 13 0.038365565 
524 387 13 16 0.037655704 
567 326 8 11 0.037575144 
1005 301 12 15 0.037473563 
615 333 11 14 0.036540102 
623 189 9 11 0.03610648 
566 269 8 11 0.035760056 
496 294 10 12 0.035601407 
496 286 9 11 0.0354611 
485 279 9 11 0.03543943 
531 275 11 13 0.03540052 
552 213 8 11 0.035196003 
631 333 10 11 0.03513572 
521 372 12 14 0.03467135 
584 285 9 11 0.0346314 
542 256 8 11 0.034628134 
405 333 9 12 0.034476705 
560 355 11 14 0.03435894 
628 342 12 14 0.034270294 
598 261 9 11 0.034167986 
609 310 8 12 0.03397128 
884 285 17 21 0.033918846 
419 348 14 16 0.033740487 
560 276 7 9 0.03369741 
513 294 10 14 0.033398267 
464 270 8 10 0.03315443 
511 273 8 10 0.032966115 
714 286 9 12 0.032802552 
495 324 11 14 0.032433618 
454 292 10 13 0.03230543 
632 327 8 10 0.032261025 
364 403 13 15 0.031997524 
936 397 10 15 0.031567935 
647 359 9 10 0.03117707 
461 285 11 13 0.031128867 
636 235 11 15 0.030811481 
399 327 10 13 0.030473083 
676 323 9 11 0.030458553 
486 268 9 11 0.030436961 
646 328 11 13 0.03040984 
17 92 204 283 0.030289827 
591 270 8 9 0.030156013 
413 306 11 14 0.029933719 
638 370 14 16 0.029763564 
553 207 9 10 0.029732011 
337 278 10 13 0.029463911 
252 196 353 457 0.029426875 
511 306 11 14 0.029214082 
445 271 9 10 0.029194107 
472 279 12 14 0.02893089 
654 358 10 12 0.028693859 
430 344 12 15 0.028650764 
412 220 11 14 0.028598847 
358 380 11 16 0.028544324 
655 203 9 11 0.028314933 
464 263 7 10 0.028259 
398 269 10 13 0.02825595 
518 278 8 10 0.028248278 
695 335 9 11 0.028119244 
429 279 12 15 0.028019594 
542 222 7 10 0.02796371 
396 339 12 14 0.02784705 
424 262 11 12 0.027781582 
657 349 10 12 0.027761297 
607 286 7 11 0.027724287 
485 263 10 12 0.027715195 
374 326 11 13 0.027711596 
566 263 9 12 0.027431685 
414 342 23 27 0.027297378 
473 256 8 10 0.027214117 
408 245 8 11 0.026897147 
577 278 8 11 0.02646785 
712 357 9 12 0.02644785 
430 269 9 12 0.026309641 
487 224 9 10 0.026255112 
481 261 9 12 0.026118046 
456 256 8 10 0.026098866 
605 190 10 13 0.026071336 
591 293 9 11 0.025912773 
567 332 9 12 0.025875116 
0 29 9 14 0.025731238 
379 332 26 29 0.025712196 
455 262 8 10 0.025385832 
550 285 9 11 0.025283566 
536 206 9 11 0.025197625 
453 316 13 16 0.025162462 
439 217 8 9 0.02511526 
560 261 10 13 0.02503081 
487 216 8 10 0.024955861 
480 256 8 10 0.02487457 
607 238 11 14 0.024764935 
455 280 9 12 0.024714207 
719 323 10 14 0.024581471 
399 333 10 14 0.02448168 
367 398 11 13 0.024382006 
504 284 9 11 0.024320174 
439 309 12 13 0.024203764 
432 309 8 11 0.024089856 
837 286 23 28 0.023999903 
593 262 9 12 0.023962097 
511 225 8 9 0.02378762 
584 291 9 11 0.023728576 
536 231 9 12 0.023704387 
525 264 10 12 0.02363094 
816 263 10 15 0.023624575 
993 386 18 21 0.023606118 
545 278 8 11 0.023605568 
422 388 14 17 0.023603301 
568 278 8 10 0.023446698 
568 286 9 10 0.023406044 
886 396 9 14 0.023398267 
615 351 10 14 0.023358757 
482 269 9 12 0.023301998 
491 306 11 14 0.023294443 
415 327 11 14 0.0232492 
630 366 11 13 0.023201786 
487 171 10 12 0.023177024 
496 279 10 11 0.02315498 
342 298 10 13 0.023100343 
751 336 10 12 0.023062132 
576 269 8 11 0.02303159 
455 224 9 10 0.02290429 
354 340 11 14 0.022879012 
590 285 8 11 0.022820363 
470 270 9 11 0.02278829 
441 292 10 13 0.022787951 
614 303 8 11 0.022716904 
649 155 10 15 0.02269542 
395 303 12 15 0.022594148 
865 102 9 12 0.022501342 
598 325 9 11 0.022496212 
405 327 10 13 0.022420198 
624 317 9 11 0.022401672 
504 278 10 11 0.022393778 
487 248 9 10 0.022383591 
936 389 9 12 0.022382705 
424 338 23 28 0.02224039 
317 278 13 16 0.02207235 
471 262 8 10 0.021920387 
615 278 9 13 0.021879103 
592 180 10 13 0.021876669 
366 338 11 15 0.021748265 
734 301 11 13 0.02163194 
557 342 11 14 0.021630798 
601 269 8 11 0.021588841 
537 261 10 12 0.021586621 
741 310 10 15 0.021555841 
609 303 8 10 0.021353759 
693 291 11 15 0.021307593 
614 254 9 12 0.021249132 
598 207 10 11 0.021232486 
638 242 11 13 0.021224828 
559 253 11 13 0.021170316 
912 297 13 16 0.021083547 
600 196 10 11 0.021001013 
433 217 7 9 0.020960981 
504 270 8 11 0.020911159 
965 314 11 14 0.020850046 
487 254 9 11 0.02082308 
570 354 12 17 0.020720098 
718 333 10 13 0.02069641 
584 309 10 13 0.020648858 
680 357 10 13 0.02064517 
726 323 11 14 0.020631138 
301 245 11 15 0.0205973 
366 320 9 12 0.020555433 
461 300 12 12 0.020541264 
600 286 8 10 0.020535842 
448 287 11 13 0.020533301 
344 319 9 12 0.02042805 
622 327 8 11 0.020384107 
679 348 10 12 0.020380622 
558 206 8 11 0.020351462 
478 299 22 25 0.020297581 
448 256 9 10 0.020287938 
573 228 9 13 0.020281026 
713 309 9 13 0.020246575 
407 340 11 14 0.020237787 
518 198 9 11 0.020201182 
541 230 9 11 0.020198012 
544 284 9 12 0.020098807 
463 256 8 10 0.020086447 
823 100 10 12 0.02008407 
931 293 14 18 0.02008286 
630 317 10 12 0.020063542 
488 237 9 11 0.020061146 
886 405 10 14 0.020033306 
