14_Traffic_Traffic_14_55
44
192 9 61 69 0.21189865 
879 4 12 15 0.1696328 
849 104 57 74 0.11333211 
788 147 106 144 0.08490868 
260 188 9 12 0.072110735 
25 193 382 476 0.068249285 
123 29 53 63 0.06224065 
256 -3 38 36 0.05058294 
609 148 11 14 0.04530552 
-20 304 188 328 0.04075612 
757 143 94 124 0.039288066 
371 293 14 17 0.035776574 
810 96 89 124 0.03562634 
158 24 60 71 0.03373481 
779 98 15 18 0.032440625 
743 102 9 12 0.030364895 
780 92 14 16 0.029635029 
859 236 67 81 0.029333984 
310 58 109 125 0.029242631 
294 158 9 11 0.028669013 
271 150 9 12 0.028493138 
573 123 10 14 0.02722983 
444 245 11 14 0.026074437 
175 334 10 12 0.02581822 
37 138 10 13 0.02541505 
360 69 62 77 0.025296751 
795 101 12 15 0.025244808 
819 191 109 132 0.024383975 
24 173 10 13 0.0241078 
735 135 181 225 0.023807583 
477 187 15 20 0.023257405 
33 110 8 11 0.023028197 
117 53 37 44 0.022577338 
472 182 26 32 0.0224848 
727 177 14 18 0.021832947 
16 424 123 153 0.021750081 
117 36 35 41 0.021490421 
203 247 193 310 0.021410447 
983 531 45 65 0.02134502 
718 90 14 16 0.021110121 
383 111 33 39 0.02106845 
174 115 345 495 0.020121478 
858 117 36 43 0.020088349 
22 179 13 15 0.02003695 
