38_Tennis_Tennis_38_535
266
505 470 24 30 0.9674989 
243 287 18 23 0.9552332 
862 323 21 28 0.9449412 
459 422 24 31 0.9411617 
430 446 24 30 0.9382437 
133 456 22 27 0.93335974 
398 322 17 20 0.93319196 
513 422 22 28 0.9242962 
762 424 23 29 0.9203307 
656 464 20 25 0.9046069 
579 305 22 27 0.8975956 
205 431 22 28 0.89328146 
712 317 21 27 0.8890322 
639 308 22 29 0.8889084 
464 264 22 27 0.88519746 
46 446 24 32 0.876591 
777 305 22 28 0.8748526 
479 317 20 24 0.86228824 
355 309 21 26 0.8615481 
189 334 23 30 0.8563471 
507 308 21 27 0.84414124 
172 278 18 23 0.84164363 
595 424 21 26 0.83625287 
321 381 23 28 0.83481556 
232 319 20 25 0.8097713 
290 290 15 22 0.8061473 
707 419 16 22 0.7857065 
368 407 22 27 0.77771306 
146 305 18 24 0.75929785 
649 425 17 21 0.75724864 
612 394 16 19 0.7277816 
550 467 21 26 0.72252154 
421 319 17 23 0.67095083 
140 412 21 29 0.6660679 
290 457 18 23 0.6627292 
813 463 24 28 0.5550021 
376 452 19 23 0.5371121 
674 408 13 18 0.4523238 
160 250 11 14 0.4473708 
404 318 21 26 0.44478577 
790 252 14 16 0.43222728 
303 304 14 18 0.4308703 
897 488 22 26 0.41305906 
818 477 18 21 0.4000863 
435 416 19 23 0.37183997 
170 455 15 18 0.3027446 
551 243 11 14 0.21565294 
442 301 13 16 0.21511483 
561 410 25 31 0.2065895 
364 311 22 29 0.20238476 
95 160 9 11 0.19653055 
334 355 14 17 0.19096999 
274 241 13 17 0.16655907 
183 410 13 17 0.1632935 
332 454 16 20 0.16259517 
229 275 11 16 0.16118972 
497 418 15 19 0.15207037 
361 294 11 15 0.15084696 
359 506 21 28 0.1492813 
770 289 36 49 0.14558674 
196 280 13 19 0.14372125 
680 364 13 17 0.14341764 
358 299 14 18 0.13169532 
420 308 16 18 0.12529652 
838 267 12 16 0.12152782 
373 500 14 17 0.11856687 
651 388 12 16 0.11447145 
131 268 10 13 0.109660506 
185 309 11 15 0.1084158 
383 328 13 18 0.108054735 
378 290 13 15 0.10243098 
255 316 13 20 0.101221055 
350 306 16 23 0.09939681 
526 393 21 27 0.09556818 
902 478 23 30 0.095392436 
391 322 15 19 0.091987886 
301 409 13 17 0.08658627 
184 277 20 27 0.08624268 
78 395 12 15 0.08404102 
903 266 14 19 0.08328161 
665 258 13 17 0.080132894 
650 413 12 15 0.07836872 
447 283 15 17 0.07787103 
468 380 14 18 0.076842226 
456 414 13 18 0.07617116 
450 168 15 17 0.0699581 
480 363 12 15 0.069451 
330 250 12 16 0.06841655 
862 508 11 15 0.0639595 
521 404 22 28 0.06361449 
168 281 13 18 0.063512415 
53 127 11 13 0.06343553 
818 459 18 20 0.063324384 
62 155 11 14 0.06259562 
108 220 12 16 0.06257388 
454 245 12 15 0.058966726 
164 255 13 16 0.058829613 
76 212 13 17 0.05869192 
263 390 14 19 0.058255274 
793 256 15 18 0.05716176 
766 247 12 16 0.05487166 
342 431 13 16 0.053495314 
704 412 14 17 0.053074747 
590 412 16 18 0.052944355 
370 520 16 21 0.05159963 
443 427 24 31 0.051228065 
686 469 14 19 0.049420137 
714 309 15 19 0.04794413 
43 439 20 24 0.0477254 
788 491 12 16 0.047366556 
244 280 13 16 0.046534047 
117 250 11 17 0.04617724 
334 441 21 30 0.044967055 
741 266 13 19 0.04474368 
101 160 10 11 0.04466589 
469 254 12 15 0.04463783 
487 307 23 29 0.04417911 
165 442 25 34 0.04227599 
295 275 12 16 0.040827766 
783 249 23 29 0.04067987 
69 157 10 12 0.040668212 
402 128 8 10 0.040478524 
240 413 24 32 0.039080273 
186 314 13 16 0.03886959 
116 412 13 17 0.038760334 
589 414 23 29 0.038693767 
323 440 22 29 0.038383983 
271 387 23 29 0.037924062 
406 128 9 10 0.037794024 
420 377 14 19 0.03725723 
284 502 26 33 0.036018237 
446 332 13 17 0.035473477 
367 159 9 12 0.035277978 
255 358 21 29 0.03513239 
134 416 17 22 0.03504087 
505 199 9 13 0.034940112 
647 393 13 17 0.034911826 
483 309 15 20 0.034532633 
23 126 10 12 0.03419047 
373 284 22 25 0.033942137 
70 218 13 18 0.033356447 
660 455 13 17 0.033305477 
758 419 15 21 0.032956988 
659 408 22 27 0.032923102 
670 426 12 16 0.032760944 
337 364 23 28 0.032238025 
374 312 22 30 0.03214483 
450 338 13 16 0.032031916 
574 410 22 27 0.03151966 
319 435 12 17 0.031377856 
547 368 14 21 0.03125687 
414 199 10 13 0.03094624 
241 317 15 19 0.030912569 
637 255 15 20 0.030606283 
795 263 16 19 0.030601142 
110 163 9 12 0.030571992 
379 444 15 19 0.03047889 
169 253 12 15 0.030255048 
185 418 14 18 0.030217389 
214 386 14 17 0.03016372 
599 284 14 18 0.030086257 
291 447 16 20 0.030041095 
900 474 16 19 0.029797265 
78 505 14 17 0.029790357 
123 411 24 29 0.02955176 
435 406 16 18 0.029000407 
308 520 16 20 0.028881148 
925 250 12 16 0.028515603 
430 411 17 21 0.02799894 
437 304 22 31 0.027766295 
153 249 13 16 0.027433822 
49 131 11 14 0.02691568 
205 292 12 17 0.026891634 
0 126 9 12 0.026851287 
913 489 13 18 0.026614266 
15 126 9 12 0.026446283 
282 348 15 19 0.026437065 
763 246 21 27 0.026405156 
676 445 13 17 0.026358742 
91 157 9 13 0.026329707 
155 308 21 28 0.026148701 
683 276 13 17 0.026136404 
193 420 36 46 0.026086852 
645 411 20 27 0.026016714 
566 128 10 12 0.025868725 
371 502 23 27 0.025756946 
182 299 13 17 0.02575538 
164 314 13 19 0.025599945 
277 458 26 32 0.025524298 
241 325 15 20 0.025316563 
547 238 19 26 0.025234142 
38 165 13 17 0.02516378 
669 162 12 15 0.02513466 
251 286 21 28 0.024997823 
509 204 10 12 0.024932455 
670 543 34 36 0.024854552 
197 272 12 16 0.024636526 
369 295 21 28 0.024559394 
763 300 24 35 0.024500547 
627 433 13 17 0.024465233 
155 248 21 27 0.024425115 
364 288 12 16 0.024338154 
392 125 7 9 0.024334377 
488 127 8 11 0.024181154 
396 310 16 18 0.024105849 
646 535 9 12 0.024104951 
679 266 41 58 0.024082368 
141 406 13 17 0.024057807 
425 300 21 26 0.023876267 
430 319 23 29 0.023845514 
582 432 12 17 0.023827551 
646 403 13 18 0.023784379 
383 307 25 31 0.023683753 
77 429 26 33 0.02366591 
715 530 15 19 0.02365596 
30 125 10 12 0.023596736 
454 424 18 24 0.023595372 
268 426 13 16 0.023507304 
591 431 15 19 0.023403512 
422 156 10 12 0.023400268 
699 526 25 28 0.023304248 
278 324 12 16 0.023296027 
260 349 25 33 0.023295503 
279 290 16 22 0.023257783 
283 389 21 29 0.02323474 
430 429 25 36 0.023178017 
415 157 9 12 0.022948833 
761 405 39 49 0.022776786 
208 299 11 14 0.022729576 
289 397 20 28 0.022714894 
516 414 15 17 0.022640476 
893 483 16 20 0.022554245 
444 292 15 18 0.022535073 
681 7 448 475 0.022485677 
725 256 442 474 0.02238859 
35 140 12 14 0.022248263 
38 156 10 13 0.022207232 
191 289 12 18 0.0218528 
623 290 39 51 0.021657418 
900 163 11 16 0.02161979 
427 310 20 28 0.02154344 
318 432 20 27 0.021523124 
62 142 10 12 0.02147943 
128 165 10 11 0.021466084 
537 379 22 31 0.02146428 
140 280 13 19 0.021343624 
531 389 16 20 0.021266641 
160 281 13 17 0.021261944 
204 421 14 17 0.021234097 
232 274 19 26 0.021090943 
683 429 12 15 0.021058029 
180 309 20 26 0.021035556 
127 274 12 16 0.020982176 
459 246 12 15 0.020959796 
298 283 13 19 0.020935807 
173 273 13 15 0.020900398 
427 267 13 17 0.02065349 
470 424 19 25 0.020606669 
623 159 12 14 0.020545026 
24 120 9 12 0.020471077 
411 354 13 18 0.020447467 
185 426 23 32 0.020419242 
56 449 28 34 0.020266911 
804 474 25 29 0.020201374 
316 247 11 15 0.02011001 
836 253 12 16 0.020052342 
