38_Tennis_Tennis_38_232
241
805 329 15 20 0.9809326 
732 252 10 13 0.51296663 
165 223 9 11 0.4796526 
900 37 9 11 0.43011838 
106 0 15 16 0.35678372 
909 14 10 14 0.34080136 
943 12 10 14 0.28932318 
1007 6 10 12 0.2632666 
636 16 9 13 0.23070285 
741 10 13 16 0.22280367 
726 33 9 12 0.21938439 
36 270 11 13 0.21729779 
705 19 10 12 0.21559551 
707 82 13 16 0.20269132 
987 4 13 15 0.20002186 
981 8 13 16 0.19628501 
998 35 11 15 0.19342723 
989 58 11 14 0.18997613 
732 38 9 11 0.17997025 
888 37 9 12 0.17432518 
633 38 8 11 0.17263891 
694 38 8 11 0.16405913 
982 83 13 15 0.1626769 
672 29 11 14 0.1625164 
724 69 9 11 0.15396327 
1008 59 10 13 0.15150419 
1006 11 11 16 0.15121774 
868 37 10 12 0.13986173 
949 14 9 13 0.1398418 
966 35 11 14 0.12700817 
663 39 8 11 0.122884035 
965 21 8 11 0.12084619 
976 38 10 13 0.119674765 
685 64 9 11 0.118613616 
941 38 10 12 0.117376745 
671 21 9 11 0.114588395 
46 415 7 10 0.11446675 
983 59 11 15 0.11370719 
965 30 10 13 0.11369946 
647 70 8 11 0.10828736 
651 2 15 17 0.10741906 
737 86 11 14 0.10510562 
742 17 12 15 0.104648516 
17 268 9 12 0.10214576 
966 43 11 13 0.10199001 
961 19 9 12 0.10177917 
1014 255 9 15 0.10166415 
977 6 11 13 0.09821182 
751 44 10 12 0.09234427 
676 36 11 14 0.090361334 
592 0 13 13 0.09034999 
998 42 10 13 0.08858232 
12 0 14 14 0.087151304 
612 62 9 11 0.08710748 
980 39 10 13 0.084734954 
957 1 9 11 0.08193268 
911 28 11 15 0.08176065 
661 61 11 14 0.0808463 
111 441 13 16 0.0797738 
939 43 12 15 0.079674415 
967 76 10 12 0.07928182 
750 54 12 17 0.07653945 
917 30 11 15 0.07630236 
736 4 12 15 0.072818875 
774 13 10 13 0.07226753 
830 373 10 12 0.07222712 
31 265 11 14 0.0708792 
656 45 9 11 0.07026539 
709 28 9 12 0.066361755 
0 327 9 13 0.06136113 
853 62 10 14 0.06099481 
963 69 12 15 0.059710145 
767 39 8 11 0.0594018 
909 7 12 16 0.058981672 
720 -1 9 9 0.058550444 
701 5 10 12 0.057891395 
681 66 11 14 0.057543673 
656 53 10 13 0.056232333 
787 0 26 29 0.053351566 
915 12 11 14 0.0533379 
662 54 9 12 0.05295578 
701 0 11 10 0.05282328 
677 44 10 13 0.052285526 
989 65 11 15 0.052165143 
904 17 11 14 0.05188649 
5 324 11 16 0.051866118 
903 31 10 15 0.051489994 
950 19 10 12 0.05143996 
630 42 10 12 0.051297825 
695 44 10 12 0.051016122 
736 0 10 10 0.049444 
67 0 14 14 0.049197894 
703 38 9 11 0.049069837 
146 312 448 509 0.04852149 
744 281 10 14 0.048195075 
728 0 10 10 0.047495347 
960 61 12 15 0.047286388 
663 67 11 14 0.047257002 
871 11 10 12 0.047211807 
21 267 11 14 0.047101293 
0 361 10 17 0.046872944 
893 62 8 12 0.04662563 
1005 86 13 15 0.0462609 
660 43 10 12 0.045973986 
669 94 12 15 0.045549255 
936 10 11 14 0.04532084 
949 37 10 13 0.043875083 
768 5 12 13 0.043556515 
14 337 16 19 0.043528836 
743 27 10 14 0.042764712 
983 1 12 12 0.042715706 
928 5 11 14 0.042496134 
917 5 12 15 0.04156788 
782 0 13 14 0.041359905 
729 247 17 24 0.041343056 
647 63 9 13 0.040987346 
660 12 11 15 0.040747363 
161 224 11 15 0.040207572 
973 78 11 13 0.0396477 
780 54 12 16 0.03860086 
895 33 11 14 0.03845025 
952 4 11 13 0.03843554 
980 2 20 26 0.038355164 
767 46 9 12 0.038303543 
689 32 9 12 0.03810275 
710 37 9 12 0.037828095 
775 0 11 11 0.0375826 
975 84 13 16 0.037510384 
911 0 10 9 0.037151147 
681 -1 9 9 0.03614569 
760 -1 9 9 0.036060352 
750 304 10 13 0.03542565 
773 4 13 15 0.034544535 
940 49 13 17 0.03445837 
657 39 9 11 0.033946473 
655 17 11 15 0.033901807 
14 317 10 13 0.033657275 
926 10 11 14 0.033657245 
775 18 11 14 0.033438597 
654 77 9 11 0.03334306 
378 277 9 11 0.033171494 
672 52 9 11 0.033069376 
656 59 11 14 0.033029456 
1013 -1 9 10 0.0327233 
895 31 17 23 0.032635614 
39 349 10 14 0.032526214 
1 276 8 13 0.03194281 
1015 77 10 13 0.031818777 
721 14 10 13 0.03160521 
950 30 10 12 0.03147907 
768 0 10 10 0.031345293 
1001 20 10 13 0.031171743 
751 30 10 13 0.031086508 
928 0 10 10 0.030927226 
973 32 10 13 0.030739224 
1012 85 11 15 0.030555198 
918 41 11 14 0.030423166 
710 46 9 12 0.030356938 
663 76 10 12 0.030316254 
876 13 9 11 0.030079935 
750 0 9 9 0.029990515 
686 0 8 8 0.02992004 
767 51 11 15 0.029916769 
999 77 10 12 0.029839693 
840 380 9 13 0.029771881 
742 0 10 10 0.029569967 
737 91 13 18 0.029524045 
798 336 15 19 0.029388603 
1013 19 10 14 0.029340362 
46 357 11 14 0.029128537 
86 413 13 16 0.029036516 
712 -1 9 9 0.028716864 
-1 300 8 16 0.028619086 
664 19 10 12 0.028421065 
27 261 21 26 0.028225746 
703 91 12 16 0.028078068 
720 63 10 14 0.027924344 
696 19 9 12 0.02786651 
721 35 10 14 0.027784567 
977 60 11 14 0.027697654 
0 515 8 15 0.027659753 
966 54 11 14 0.027117595 
159 215 19 25 0.02710148 
988 78 11 15 0.026892636 
923 29 12 14 0.026831316 
720 4 9 11 0.026798092 
725 20 11 13 0.0266883 
966 90 12 14 0.02666919 
976 1 10 10 0.026395975 
820 354 11 14 0.026231363 
997 60 10 13 0.02619309 
800 325 12 17 0.026072504 
678 52 10 12 0.025982449 
609 67 9 13 0.025877604 
896 41 10 14 0.02564444 
976 68 10 14 0.02558758 
894 7 10 13 0.025375023 
160 216 11 16 0.025328074 
961 42 10 14 0.025129743 
663 85 10 13 0.024710624 
726 14 10 14 0.024508895 
935 30 10 13 0.024496559 
16 259 20 26 0.024489164 
630 15 18 21 0.024318123 
905 4 20 26 0.024299985 
735 31 10 13 0.024256429 
878 21 10 12 0.02419193 
982 17 12 14 0.024173595 
1003 37 10 13 0.024103964 
1001 314 9 12 0.024073048 
971 73 21 25 0.023696013 
942 0 10 9 0.02362368 
84 406 14 17 0.023543091 
1001 85 11 15 0.023513768 
718 76 10 12 0.023264246 
7 317 13 16 0.02315464 
976 53 10 13 0.023093332 
1002 11 18 26 0.022804976 
993 30 12 15 0.022661516 
705 75 20 26 0.022618119 
896 14 9 13 0.022523914 
996 69 11 14 0.022497276 
660 0 10 12 0.022455825 
988 90 11 15 0.022218278 
800 310 9 11 0.022165658 
41 437 8 10 0.022146808 
949 44 11 15 0.02213647 
676 22 9 12 0.022097105 
729 3 10 12 0.021997942 
365 271 9 11 0.021838903 
780 -1 22 22 0.021537054 
669 69 9 12 0.021380767 
916 20 11 16 0.021317447 
670 62 9 12 0.021293845 
366 276 8 11 0.021238288 
997 3 12 15 0.020907521 
94 403 11 15 0.020566931 
853 74 14 22 0.02051573 
671 30 18 25 0.020414716 
923 35 13 16 0.020313649 
625 44 10 12 0.020150816 
