38_Tennis_Tennis_38_717
23
278 587 495 558 0.99979705 
444 476 490 586 0.9633823 
459 857 518 566 0.51861745 
220 519 384 467 0.5183642 
210 399 255 355 0.4953077 
-67 -49 386 505 0.41677788 
489 319 376 521 0.23906797 
-105 842 536 663 0.20670368 
697 3 274 297 0.1720451 
356 159 390 528 0.09429511 
7 216 390 509 0.08278163 
306 469 267 272 0.057744436 
57 648 440 499 0.045639105 
583 187 390 519 0.04238979 
106 71 406 541 0.041418914 
-6 860 311 433 0.04139497 
560 -14 377 460 0.040823445 
-155 691 500 538 0.03893898 
437 834 380 337 0.03682947 
215 255 424 528 0.027243268 
238 4 411 505 0.025867613 
136 919 435 586 0.024605883 
429 1217 60 55 0.022215089 
