0_Parade_Parade_0_490
530
473 330 50 67 0.99818665 
384 350 56 76 0.99806696 
766 316 62 83 0.997358 
764 552 110 146 0.9973551 
523 222 36 43 0.9971546 
240 320 55 66 0.99710125 
102 182 42 58 0.99588364 
898 362 73 105 0.9955941 
742 153 35 42 0.99432254 
502 152 29 40 0.9935411 
595 282 46 62 0.99241453 
176 199 47 62 0.99161536 
593 172 38 47 0.99156827 
731 240 38 47 0.9910987 
716 88 31 36 0.9903561 
17 294 40 50 0.9881291 
347 125 29 35 0.98642063 
758 84 32 40 0.98608613 
671 132 38 53 0.9853756 
121 439 80 98 0.98482275 
278 175 37 47 0.98432827 
909 84 26 31 0.9836536 
828 155 35 39 0.97976446 
10 489 64 73 0.97733545 
968 54 23 32 0.9761143 
72 161 28 31 0.96794945 
876 51 21 29 0.96311265 
174 136 28 35 0.95362014 
384 97 23 29 0.951501 
274 81 20 25 0.9512355 
434 111 22 30 0.9505392 
545 117 24 33 0.94955474 
397 282 40 49 0.9488708 
572 59 21 27 0.9484271 
594 111 26 33 0.94564813 
930 6 19 26 0.9422134 
661 639 46 64 0.9413632 
58 110 18 23 0.9367467 
29 170 23 29 0.9127397 
936 195 42 44 0.8866886 
447 68 19 27 0.8728375 
241 163 26 33 0.87148494 
370 243 30 44 0.82786965 
635 78 25 28 0.8179416 
474 63 21 26 0.77389497 
535 76 20 27 0.7726473 
10 141 18 23 0.7675231 
380 184 44 49 0.76447994 
234 451 49 57 0.76284736 
-3 221 19 39 0.75754786 
10 91 15 19 0.75696594 
84 62 18 23 0.75242645 
133 75 17 22 0.7418138 
322 346 52 67 0.7304909 
536 20 18 22 0.72475564 
441 40 15 19 0.7183928 
233 92 18 23 0.71511894 
613 3 17 19 0.7141323 
644 21 13 18 0.6985958 
673 9 14 18 0.69768643 
866 213 31 49 0.67412406 
700 23 16 20 0.6739123 
852 32 17 23 0.6738579 
721 40 23 31 0.67288756 
246 56 13 17 0.6694551 
354 58 18 22 0.6594458 
674 81 22 28 0.65812206 
435 217 38 42 0.5926049 
951 25 22 28 0.58757704 
615 585 24 35 0.54407245 
818 32 18 21 0.473697 
115 147 16 22 0.44520885 
487 665 57 76 0.41228583 
402 239 31 38 0.35294458 
923 290 49 63 0.3363212 
807 2 17 19 0.3304132 
379 283 45 62 0.32205912 
715 150 21 29 0.30936167 
993 29 16 21 0.29398528 
32 384 24 37 0.29150367 
785 17 15 18 0.27246898 
994 170 29 41 0.25313964 
349 64 17 22 0.23000744 
881 -1 17 19 0.22164229 
787 51 13 20 0.21385303 
648 655 33 42 0.20000361 
903 14 20 25 0.183453 
502 95 16 23 0.1815544 
339 116 15 18 0.17503919 
382 242 38 44 0.17418319 
604 33 12 15 0.17152108 
318 154 24 31 0.16672763 
20 384 25 40 0.15899587 
775 10 19 24 0.15756363 
343 219 29 37 0.15394908 
546 23 14 19 0.15234096 
378 34 14 20 0.1509567 
20 185 14 20 0.1372977 
814 28 16 20 0.13251488 
913 286 31 50 0.12998626 
373 27 13 17 0.12741223 
798 59 22 29 0.12731794 
953 282 46 64 0.12548098 
465 119 24 28 0.117647834 
338 119 24 29 0.114633076 
737 0 17 20 0.11452703 
133 30 13 16 0.11310697 
244 121 16 19 0.113087535 
463 753 46 64 0.110537246 
362 289 43 57 0.11037522 
772 4 17 22 0.10914773 
170 157 29 38 0.10813792 
424 226 45 53 0.10256333 
655 78 20 30 0.10043035 
876 43 18 21 0.100042194 
609 3 13 15 0.098640144 
282 3 14 17 0.09702345 
913 72 24 29 0.09670437 
349 347 53 71 0.0962178 
263 441 51 70 0.09560994 
262 460 32 45 0.0946236 
-1 115 10 19 0.09126609 
649 80 17 24 0.086801074 
395 294 56 73 0.08627947 
533 69 15 20 0.08588212 
869 233 50 60 0.08579739 
507 32 13 16 0.0857033 
206 17 14 16 0.08536617 
242 129 18 22 0.08492407 
806 69 23 28 0.08448511 
603 59 14 19 0.08213002 
725 154 27 35 0.08163506 
404 16 15 18 0.07889996 
382 143 20 29 0.076477416 
191 106 13 15 0.07545673 
384 255 44 53 0.07502922 
958 58 24 30 0.073577866 
666 42 15 19 0.07318263 
473 280 47 55 0.073095806 
269 6 15 18 0.07222778 
517 20 13 17 0.07061168 
957 9 16 22 0.07025049 
382 123 14 20 0.07002197 
920 66 17 20 0.06802563 
160 51 16 21 0.06709313 
842 1 16 19 0.06596595 
61 92 16 19 0.06588254 
237 0 18 21 0.065783195 
706 142 23 35 0.06486327 
618 156 27 34 0.06485639 
761 40 18 20 0.06425944 
369 1 17 20 0.06339705 
18 98 13 17 0.061624806 
272 153 23 30 0.06153831 
757 72 27 35 0.06103669 
42 388 19 27 0.058902144 
852 21 18 22 0.058649767 
959 0 13 13 0.058641218 
77 161 36 46 0.0585907 
971 111 14 19 0.0583467 
940 7 20 26 0.05824702 
305 154 25 33 0.05734057 
725 3 14 17 0.057223808 
645 84 26 33 0.056975193 
770 46 24 28 0.05569301 
699 1 16 18 0.05544421 
949 180 37 50 0.054206084 
442 786 55 76 0.054044895 
411 16 14 18 0.052901417 
989 80 15 18 0.05263526 
906 2 17 19 0.05223701 
580 112 23 31 0.05217739 
484 0 26 28 0.05217646 
773 245 27 47 0.05167219 
359 227 37 50 0.0516663 
9 190 24 29 0.051389333 
341 66 17 22 0.051089775 
845 148 28 42 0.050814923 
335 120 15 21 0.050596774 
790 50 20 26 0.0505055 
573 -2 12 11 0.049818367 
753 44 22 29 0.049715925 
108 140 17 21 0.049545787 
284 35 16 21 0.04948689 
662 35 17 19 0.04900268 
970 174 30 48 0.04891386 
601 98 17 21 0.04870787 
483 53 15 19 0.048572548 
300 57 17 20 0.04854193 
506 146 17 22 0.047784425 
496 0 19 17 0.047638096 
448 61 17 20 0.047249332 
52 415 46 63 0.046814863 
418 198 40 51 0.046771683 
441 28 15 18 0.04673904 
515 144 26 37 0.046702873 
960 35 24 32 0.046452153 
626 566 40 56 0.04641544 
453 794 31 40 0.04638753 
270 60 12 14 0.046349104 
524 24 14 19 0.04631412 
607 164 32 42 0.046022654 
525 83 14 20 0.0455109 
556 80 15 20 0.04542691 
329 20 15 18 0.04528329 
310 101 24 30 0.045210455 
812 37 18 22 0.04514699 
643 571 31 42 0.044878606 
498 638 66 81 0.04476914 
896 149 44 54 0.04472473 
861 -1 12 12 0.044716176 
413 255 53 62 0.044430643 
564 63 22 29 0.044414677 
815 76 23 28 0.04362884 
491 95 22 28 0.04284153 
781 46 14 19 0.04258994 
544 130 31 39 0.04243826 
354 224 27 40 0.040930603 
722 10 14 17 0.040650643 
559 107 26 35 0.040641293 
883 523 90 136 0.040245067 
379 178 29 34 0.040215418 
313 370 53 72 0.040107068 
119 26 12 15 0.04002904 
380 109 24 31 0.039991654 
735 44 25 32 0.039991137 
322 283 24 39 0.03969737 
540 40 14 19 0.039605998 
418 19 13 17 0.039574977 
981 -1 12 12 0.03918542 
152 4 17 19 0.03887502 
826 107 30 35 0.03872492 
1007 176 18 26 0.03846707 
290 122 16 21 0.03835548 
976 285 35 46 0.0382644 
184 361 47 60 0.038186822 
619 0 14 15 0.037996292 
185 331 47 64 0.03787686 
269 415 53 71 0.037693582 
291 686 202 270 0.03764765 
391 197 46 53 0.037398357 
270 180 28 37 0.037320532 
59 99 21 26 0.03711849 
263 49 14 19 0.037042048 
453 219 35 42 0.036837604 
4 204 25 38 0.036707755 
403 124 24 28 0.03669706 
348 18 16 20 0.036622804 
347 0 17 18 0.03628461 
293 154 27 35 0.036228873 
763 29 24 29 0.036183704 
898 298 53 74 0.03585916 
808 59 16 19 0.03585466 
226 165 26 35 0.03573199 
360 127 27 36 0.03570717 
453 813 64 77 0.035374466 
822 84 22 28 0.03514685 
413 98 13 18 0.034842517 
421 116 22 28 0.034763385 
918 204 46 61 0.03471605 
797 2 16 19 0.03465331 
910 160 43 54 0.03456622 
11 481 44 52 0.03449356 
970 45 16 22 0.034460127 
598 41 13 18 0.03422661 
220 44 15 20 0.034099825 
13 102 14 20 0.03406709 
261 43 14 17 0.033957392 
23 171 16 23 0.033731885 
690 48 16 20 0.033597928 
554 26 13 18 0.03355131 
905 214 29 42 0.033534694 
856 140 26 38 0.03346807 
307 53 13 15 0.03319105 
310 288 31 46 0.0331682 
470 60 15 22 0.03300003 
367 118 24 32 0.03287819 
125 27 14 17 0.03271035 
202 21 22 27 0.032708824 
188 68 18 21 0.032690212 
764 58 23 28 0.032641757 
47 853 12 16 0.0325939 
186 130 17 23 0.032538895 
398 13 15 18 0.0324179 
612 29 12 16 0.03221325 
9 394 32 48 0.032109365 
371 21 13 17 0.03208711 
533 128 25 34 0.03167785 
369 138 26 34 0.03145401 
762 74 17 20 0.031373024 
63 214 22 29 0.031335194 
582 64 17 22 0.030834598 
154 16 16 20 0.030786565 
576 833 74 64 0.030761534 
792 7 20 25 0.030658288 
869 2 16 17 0.030548396 
957 162 31 44 0.030514495 
668 601 56 67 0.030500727 
660 48 18 20 0.030489497 
537 29 18 22 0.030433668 
835 97 18 20 0.030423328 
852 244 44 60 0.030382788 
568 -2 11 11 0.030282889 
458 258 47 56 0.030105162 
638 59 14 19 0.029692544 
523 617 61 67 0.029659536 
333 323 52 66 0.029493906 
554 833 61 61 0.029349476 
808 114 39 47 0.028980918 
642 65 15 19 0.02882854 
474 24 16 18 0.028810032 
812 20 16 18 0.028614484 
307 2 16 18 0.028609218 
276 68 14 17 0.028560426 
847 27 15 20 0.028555274 
611 81 17 21 0.028403401 
958 19 19 23 0.02831637 
688 135 27 41 0.028288934 
600 3 12 13 0.028279865 
675 120 29 38 0.028265595 
654 134 27 39 0.028221706 
795 136 26 38 0.02818762 
711 21 21 28 0.02811183 
858 264 25 36 0.027791305 
443 45 22 26 0.027774008 
410 280 56 67 0.027670028 
910 95 29 35 0.027659912 
428 750 92 120 0.027654136 
12 135 14 18 0.02764953 
384 764 102 132 0.027521532 
49 170 15 23 0.027519451 
790 -2 12 13 0.027501892 
583 126 27 36 0.027491443 
2 112 14 21 0.027162613 
275 59 13 17 0.027121494 
120 348 27 38 0.02711711 
226 49 14 20 0.02711396 
447 707 106 119 0.02710363 
579 51 23 30 0.026897809 
622 35 12 15 0.02686409 
906 324 67 95 0.02686227 
456 808 20 24 0.026854452 
6 661 54 85 0.026751306 
278 0 14 14 0.026717778 
590 -2 13 12 0.026713021 
808 4 23 27 0.026683226 
450 281 50 61 0.026638027 
90 70 14 19 0.026620846 
543 278 42 57 0.02661717 
442 116 24 32 0.02660974 
184 146 31 36 0.026609713 
53 -1 29 30 0.02656684 
904 130 43 54 0.026563391 
125 350 53 60 0.026535219 
472 671 166 208 0.02647047 
134 179 27 38 0.026417367 
780 147 25 34 0.026372403 
448 41 16 20 0.026363267 
7 223 25 35 0.026270008 
455 61 21 28 0.026249135 
349 54 17 21 0.026245562 
297 293 34 50 0.02623464 
500 142 16 22 0.02620278 
236 96 24 28 0.026185999 
304 320 50 64 0.02615274 
729 35 18 23 0.026134977 
587 35 15 19 0.026106374 
11 111 15 20 0.026075492 
371 59 13 19 0.025972297 
700 12 17 20 0.025959363 
581 35 14 18 0.025890587 
836 33 14 19 0.025850082 
49 272 28 36 0.025819972 
517 690 66 66 0.025591033 
1 403 20 39 0.025565058 
405 68 14 17 0.025529167 
357 205 41 52 0.025513478 
533 0 13 12 0.025372805 
629 -1 11 11 0.025268497 
215 171 27 36 0.02525328 
559 72 21 27 0.025240565 
59 176 15 23 0.025004959 
471 104 26 32 0.024997959 
1013 114 12 18 0.024956325 
28 394 48 71 0.024945868 
877 253 51 75 0.02492833 
-2 368 21 39 0.024858233 
803 46 24 29 0.024829786 
1 100 19 29 0.024811879 
806 34 16 21 0.02472134 
276 7 16 19 0.024704779 
283 78 22 29 0.024608552 
512 96 17 22 0.02450101 
0 200 13 21 0.02449764 
762 150 31 40 0.024485333 
520 826 59 64 0.02446087 
517 82 15 20 0.024449702 
85 4 17 18 0.02435958 
830 114 41 47 0.02431833 
292 40 15 18 0.02426095 
334 67 13 18 0.024188098 
485 191 35 50 0.02411139 
716 16 16 21 0.024076981 
747 80 24 35 0.024050755 
178 349 28 41 0.024042025 
210 31 16 21 0.024040986 
332 226 28 38 0.023928434 
988 37 19 25 0.023925528 
133 334 27 37 0.023889372 
610 110 23 31 0.023882765 
535 711 112 128 0.023863977 
557 -2 13 12 0.023840953 
455 776 33 42 0.023836926 
436 269 37 42 0.023825122 
343 230 40 55 0.023785707 
52 77 16 19 0.023782788 
606 86 21 27 0.023762114 
590 99 23 30 0.023737911 
727 575 87 121 0.023681385 
413 190 30 42 0.023648871 
491 18 13 17 0.023637386 
653 628 76 99 0.023597887 
450 628 94 122 0.0235681 
795 44 17 22 0.0234182 
676 68 23 31 0.023415508 
422 26 14 20 0.023400936 
498 39 23 27 0.023390615 
86 159 24 30 0.02337535 
413 788 51 71 0.02336917 
581 -3 12 13 0.023311762 
331 -1 15 14 0.02325219 
565 98 15 19 0.023184586 
485 64 18 23 0.023181688 
198 16 14 18 0.023158232 
466 68 24 29 0.02311492 
299 73 15 20 0.023032598 
205 258 47 60 0.02299792 
148 190 26 39 0.022995858 
17 510 40 47 0.022940591 
309 163 31 41 0.022889264 
3 86 18 27 0.022878261 
980 1 17 19 0.022858912 
26 178 17 26 0.022758065 
483 101 23 30 0.022726757 
810 508 120 148 0.022643102 
28 102 12 16 0.022628937 
827 74 15 20 0.022559216 
914 -2 15 16 0.022550216 
18 86 12 16 0.022536822 
635 659 27 36 0.022473348 
865 32 22 29 0.022435367 
438 244 48 56 0.022433043 
493 90 14 20 0.022427818 
838 0 14 15 0.022415143 
573 43 14 19 0.022266602 
1006 65 15 21 0.022261376 
638 13 15 21 0.022251664 
428 33 14 20 0.02224542 
565 12 14 17 0.022238644 
533 14 16 19 0.022198003 
242 169 37 48 0.022191402 
-4 329 22 39 0.02215689 
604 38 14 20 0.022124672 
778 89 26 33 0.022022404 
742 295 46 63 0.021984242 
688 82 16 22 0.021983068 
222 92 12 15 0.021928212 
977 124 24 30 0.021913745 
60 85 15 18 0.021862274 
374 151 14 20 0.021830792 
157 137 14 19 0.021819098 
555 120 39 48 0.021815402 
527 73 21 27 0.021720016 
284 127 19 22 0.021705365 
647 128 25 36 0.0216941 
829 -2 12 13 0.021688333 
194 130 15 19 0.021651918 
679 92 25 31 0.021647146 
448 598 9 13 0.021642718 
340 7 25 29 0.021556983 
884 285 47 72 0.021532796 
390 134 25 31 0.021521308 
294 58 14 17 0.02151191 
510 209 31 44 0.021508818 
360 54 17 21 0.021494817 
830 55 15 19 0.021465695 
527 147 25 36 0.021464987 
642 92 18 23 0.021294888 
570 105 17 23 0.02125448 
156 141 21 27 0.021238344 
882 43 21 28 0.021103293 
524 1 16 18 0.021076515 
786 2 16 20 0.021052336 
932 545 59 88 0.021022562 
489 138 37 49 0.021004567 
256 398 49 63 0.020998545 
215 50 16 18 0.020940408 
434 816 17 24 0.020930044 
230 437 75 96 0.020893503 
293 169 32 44 0.020854255 
975 -1 12 12 0.020780383 
301 60 23 27 0.020725293 
886 220 34 39 0.020721419 
323 66 15 19 0.020712126 
456 75 17 23 0.020705808 
2 91 12 18 0.020704905 
850 383 79 97 0.020648576 
912 22 18 22 0.020647349 
84 274 37 50 0.02063136 
10 375 28 42 0.020551415 
840 41 24 30 0.020504732 
953 154 28 35 0.020381495 
629 64 22 29 0.020358412 
495 146 15 20 0.020354534 
889 0 14 14 0.020344574 
605 30 20 24 0.020330276 
557 3 14 16 0.020293012 
147 75 12 18 0.020289427 
468 52 14 17 0.020248465 
275 148 16 19 0.020224059 
813 54 24 31 0.020174397 
186 161 30 35 0.020171873 
464 207 30 40 0.020166786 
502 57 15 21 0.02011173 
502 102 24 31 0.020090956 
749 54 17 24 0.020088265 
880 34 18 23 0.020068968 
166 196 36 48 0.020049749 
69 484 34 45 0.02000987 
256 154 42 53 0.020003324 
