0_Parade_Parade_0_913
23
631 206 200 229 0.99972767 
248 152 195 238 0.99957675 
33 103 70 110 0.99445456 
82 45 56 73 0.61380893 
862 60 47 62 0.36107168 
969 67 36 46 0.1710946 
585 21 60 80 0.13827917 
168 414 174 201 0.10243979 
766 155 181 293 0.074526995 
165 165 187 223 0.07016113 
19 74 49 69 0.06600643 
769 49 29 38 0.056462314 
2 151 40 76 0.05150782 
498 39 45 57 0.04473448 
58 208 221 255 0.036371935 
654 44 27 43 0.035969414 
931 442 62 76 0.0320433 
557 57 45 73 0.0268278 
8 61 84 123 0.022389876 
174 76 86 123 0.02223134 
120 77 321 368 0.021230029 
940 471 66 85 0.020741135 
649 24 384 474 0.020399047 
