0_Parade_marchingband_1_746
136
545 90 33 41 0.996824 
743 86 31 39 0.9965958 
814 94 32 40 0.99375474 
371 91 28 35 0.99240667 
141 80 33 42 0.99197245 
762 46 28 38 0.99116427 
626 112 28 35 0.9881535 
425 82 26 34 0.98676646 
298 75 26 33 0.9822985 
964 182 14 17 0.8163155 
598 89 27 37 0.81358683 
452 101 23 28 0.7145922 
168 67 24 36 0.68181705 
941 135 13 16 0.66655654 
1001 134 11 15 0.6582467 
928 183 11 14 0.5480715 
1002 179 12 16 0.43098027 
1005 163 12 15 0.40706003 
956 157 12 15 0.3757462 
17 105 23 29 0.29204404 
950 180 10 13 0.22746342 
886 229 11 14 0.20414124 
878 175 11 14 0.1923651 
614 99 29 37 0.16582803 
1003 169 15 19 0.1520744 
602 82 19 21 0.14330526 
998 211 12 15 0.12376753 
30 41 342 424 0.11674002 
920 164 10 13 0.09744188 
925 174 10 12 0.08651815 
1 211 10 16 0.07433124 
876 207 16 20 0.073912375 
894 151 8 11 0.07149476 
99 147 199 281 0.07035891 
628 107 19 23 0.065584704 
14 111 15 21 0.0630313 
283 37 429 482 0.056788072 
287 71 26 33 0.054737676 
976 166 10 14 0.052851934 
974 133 9 12 0.052337322 
884 210 11 16 0.05145284 
0 280 10 24 0.048710942 
1004 221 13 16 0.048702378 
625 236 10 14 0.048701704 
886 220 11 16 0.04863247 
859 202 14 18 0.048556414 
882 180 11 14 0.048169535 
968 132 10 13 0.047360834 
920 169 11 14 0.044916905 
35 98 14 18 0.04388144 
25 100 24 30 0.04344551 
934 164 11 14 0.043084133 
884 173 11 14 0.042025745 
562 87 27 37 0.041746907 
999 129 11 14 0.04093834 
29 93 13 17 0.04069366 
941 129 11 13 0.039855734 
944 100 9 12 0.039178293 
893 219 10 13 0.03855978 
911 136 9 10 0.038050283 
982 171 10 12 0.037712324 
27 238 11 15 0.03764848 
911 40 8 10 0.03753439 
429 222 15 19 0.036875617 
577 96 14 22 0.03605293 
342 222 10 14 0.03530622 
679 217 11 15 0.034619447 
924 180 19 23 0.03436144 
891 229 11 15 0.033173513 
931 226 17 20 0.0327043 
982 134 9 11 0.032690074 
965 222 11 12 0.032532983 
948 185 14 17 0.031889662 
836 68 14 16 0.031810276 
924 159 11 14 0.031532098 
885 186 12 15 0.03152215 
798 96 15 19 0.029556995 
935 205 11 14 0.028910398 
981 229 13 15 0.02862299 
888 150 10 13 0.028420439 
1012 170 11 16 0.028216304 
893 204 11 15 0.027991364 
717 36 10 13 0.027499953 
906 213 16 19 0.02707537 
957 120 10 13 0.027010176 
237 71 11 15 0.02698958 
919 140 9 12 0.026743295 
876 216 14 18 0.026621005 
976 118 10 13 0.026481166 
990 171 12 15 0.02638297 
934 212 12 14 0.02617329 
686 192 15 21 0.026064994 
974 172 10 12 0.025947893 
868 114 13 19 0.025890263 
130 84 29 36 0.025181089 
993 133 11 13 0.025160426 
732 51 13 16 0.024580186 
941 163 13 16 0.024553074 
910 151 11 12 0.024480391 
672 174 10 14 0.024416177 
444 353 16 20 0.024399815 
885 166 11 14 0.023890922 
973 140 10 12 0.02388387 
950 147 12 16 0.023739561 
862 91 10 13 0.023707472 
19 118 17 23 0.023240589 
649 88 10 13 0.023190377 
936 118 9 11 0.02315394 
980 119 10 13 0.023030026 
993 140 10 13 0.022995295 
990 179 12 15 0.022890864 
997 133 19 22 0.022784682 
639 114 18 25 0.022566762 
959 174 11 14 0.0225539 
628 102 14 17 0.022500264 
480 299 29 32 0.02242229 
959 195 10 13 0.022405481 
912 140 9 11 0.022386525 
932 172 11 15 0.022295307 
963 164 12 15 0.022150885 
870 215 14 18 0.022057995 
705 78 8 11 0.021882327 
927 227 12 15 0.021743493 
692 85 10 12 0.0215046 
952 161 12 15 0.021484355 
927 133 10 15 0.02122827 
927 109 9 12 0.02102735 
203 269 125 155 0.021020833 
797 90 24 31 0.020969387 
937 126 10 13 0.020925704 
681 93 11 13 0.020913301 
886 85 9 12 0.020750627 
886 194 12 16 0.02071837 
877 169 20 25 0.02066397 
943 143 12 15 0.020247206 
971 237 14 16 0.020172093 
