0_Parade_Parade_0_12
238
324 154 32 39 0.99955755 
729 130 45 63 0.99897003 
830 115 35 44 0.99754375 
483 166 37 52 0.99504733 
394 174 34 43 0.9899582 
912 148 24 29 0.9893891 
640 142 27 33 0.9840859 
250 169 24 29 0.9833371 
1005 133 20 32 0.9640158 
574 177 25 30 0.9467799 
133 194 23 27 0.6862324 
277 192 25 29 0.6354513 
146 194 22 28 0.55392486 
184 207 21 26 0.3878736 
800 123 18 20 0.29622707 
301 371 185 301 0.23173997 
366 198 21 27 0.22166671 
115 200 12 18 0.19091244 
688 373 24 38 0.1902972 
76 261 11 13 0.16866961 
141 245 13 17 0.14826043 
538 201 17 22 0.14811657 
110 197 13 17 0.13912623 
802 58 26 37 0.13733634 
94 216 8 11 0.10638273 
78 228 9 11 0.104713544 
616 149 20 27 0.092948474 
101 262 10 13 0.09004395 
612 284 14 17 0.08916938 
278 133 13 16 0.08855385 
74 229 8 11 0.088065006 
129 214 356 465 0.087598115 
53 200 9 11 0.086399704 
47 256 9 11 0.08290495 
583 298 15 18 0.078599945 
90 270 257 311 0.07825887 
48 204 9 11 0.07593901 
174 219 13 17 0.074998006 
30 256 9 11 0.07406657 
638 102 12 16 0.07014805 
194 211 18 24 0.06881982 
64 239 7 9 0.06750958 
154 203 17 22 0.06742995 
180 214 17 21 0.06514418 
72 257 9 12 0.06273542 
124 285 12 14 0.06265801 
73 239 7 9 0.061186604 
698 380 16 26 0.059373945 
23 223 9 12 0.057273917 
173 199 11 14 0.05719618 
89 215 9 11 0.056378856 
87 207 8 11 0.05624302 
39 244 8 9 0.055802263 
756 15 17 24 0.05428903 
175 204 12 17 0.05382834 
253 366 12 15 0.05367666 
944 197 13 17 0.05154228 
539 212 16 21 0.050976615 
416 284 34 44 0.05082726 
626 142 25 32 0.050738197 
32 245 8 9 0.05017201 
46 239 9 12 0.05006872 
620 318 16 20 0.049747247 
8 124 9 12 0.049437903 
72 209 8 10 0.049177792 
162 273 24 27 0.048927147 
643 105 11 14 0.048446443 
126 290 11 13 0.048408154 
165 171 12 14 0.048373505 
447 251 389 457 0.04814984 
63 261 9 12 0.047497842 
804 38 14 16 0.047025535 
89 222 8 11 0.04675638 
942 153 14 19 0.04673802 
31 224 8 11 0.046394408 
232 374 9 12 0.04547075 
103 319 10 12 0.04544499 
55 278 10 12 0.04487986 
39 223 8 10 0.044853743 
78 212 8 10 0.04455317 
108 222 11 14 0.04398021 
79 208 9 10 0.04354591 
17 223 9 11 0.04354428 
63 214 9 11 0.043118753 
629 306 13 15 0.0417944 
165 218 14 17 0.041281138 
143 239 12 14 0.041041963 
140 254 14 18 0.040772956 
124 274 13 15 0.04027962 
181 233 11 15 0.040218465 
103 299 8 12 0.03992534 
62 231 8 10 0.039664928 
164 234 12 16 0.03917176 
105 228 10 14 0.038974226 
-1 4 13 19 0.038742367 
40 204 9 11 0.03809879 
256 324 11 14 0.037598874 
47 245 9 10 0.037400074 
16 228 9 12 0.037378408 
57 221 9 12 0.037281327 
15 255 8 10 0.03721445 
79 245 9 11 0.036896925 
271 132 22 25 0.036879078 
304 132 10 12 0.03630749 
88 245 10 13 0.036264494 
39 256 9 11 0.035560716 
25 260 8 11 0.035350893 
308 109 14 19 0.03522523 
78 239 8 11 0.035068475 
184 189 9 11 0.034952376 
523 158 22 26 0.03433224 
72 265 11 13 0.033995103 
112 309 10 13 0.033755504 
970 179 15 21 0.03362397 
94 205 9 11 0.033536077 
292 179 14 17 0.03341542 
78 255 10 12 0.03339607 
173 203 21 26 0.033374615 
575 349 27 40 0.033295404 
30 229 9 10 0.033233486 
94 199 9 12 0.03301802 
199 299 12 16 0.03270756 
103 237 11 14 0.032696906 
310 129 12 15 0.03255722 
94 277 14 17 0.032238644 
280 126 11 13 0.03209469 
103 214 9 12 0.03157648 
134 274 11 15 0.031574193 
629 123 10 15 0.0315134 
401 490 113 171 0.031407353 
568 154 11 14 0.031384718 
15 215 8 10 0.031189283 
56 230 9 11 0.031077433 
171 221 21 25 0.031049937 
189 188 10 12 0.031046662 
309 404 10 11 0.030927515 
60 279 9 11 0.030913262 
1 198 7 11 0.030740308 
125 199 18 21 0.030515492 
105 203 10 13 0.030456794 
670 307 12 16 0.030408239 
88 173 8 11 0.030237257 
15 260 8 10 0.030096745 
100 282 11 15 0.03009222 
55 260 9 12 0.029881414 
53 255 9 12 0.029563788 
607 280 22 27 0.02907513 
302 346 12 17 0.02893854 
965 185 13 16 0.028901597 
613 165 20 28 0.02885386 
459 196 23 30 0.028690556 
174 234 13 16 0.02858469 
174 191 10 12 0.028028825 
811 385 17 19 0.027992528 
1013 282 10 15 0.027830994 
147 236 14 16 0.027730169 
586 186 25 32 0.027706606 
589 360 48 57 0.027706496 
108 315 10 13 0.027636606 
116 190 12 17 0.027580101 
127 173 9 11 0.027516685 
995 192 13 16 0.027461061 
964 203 13 15 0.02726341 
664 356 48 70 0.027116513 
118 208 12 16 0.027083138 
57 269 8 11 0.026985513 
53 134 9 12 0.026453713 
583 286 22 29 0.026362084 
65 257 8 10 0.026290812 
73 245 8 10 0.026033023 
89 200 8 11 0.02598895 
55 246 8 10 0.025560055 
86 251 10 12 0.025349364 
336 372 12 14 0.025312617 
260 371 11 14 0.025093574 
94 173 8 11 0.024926875 
47 221 8 11 0.02491516 
203 204 14 19 0.024845175 
25 255 8 11 0.02474676 
64 245 8 10 0.024665708 
174 244 12 14 0.024665024 
65 184 9 12 0.024620041 
56 237 8 11 0.024618989 
991 188 14 17 0.024604721 
61 268 10 12 0.024287596 
767 367 121 189 0.024230143 
425 172 14 17 0.024197236 
70 256 19 24 0.02395399 
452 535 59 86 0.02383649 
7 230 9 13 0.023766583 
918 324 10 12 0.023719579 
275 266 344 480 0.02350858 
13 124 9 13 0.023495302 
32 133 9 12 0.023356674 
283 461 13 17 0.023272803 
622 488 29 30 0.023035021 
684 336 13 17 0.022789374 
166 190 12 14 0.02269616 
163 209 14 19 0.0226694 
6 197 8 10 0.0223267 
809 127 15 19 0.022299495 
48 231 8 10 0.022297267 
7 222 9 11 0.022265906 
642 272 15 20 0.022187496 
8 261 8 11 0.021807466 
64 207 8 11 0.021761537 
6 236 10 14 0.021721814 
25 246 8 10 0.02163019 
61 284 10 12 0.021621048 
678 328 15 19 0.021562248 
779 21 23 28 0.021518284 
566 273 12 17 0.021505125 
163 196 14 18 0.021500938 
984 138 12 17 0.021488555 
622 123 12 16 0.021311775 
594 185 15 20 0.021237982 
110 210 11 15 0.02120226 
97 301 9 12 0.021185325 
24 132 9 12 0.020958574 
135 235 11 14 0.020858642 
415 168 24 30 0.020825779 
156 213 16 22 0.020789806 
9 215 8 10 0.020718286 
204 155 10 13 0.02071355 
626 314 17 23 0.02070149 
166 240 12 15 0.020600231 
75 187 12 14 0.020437645 
85 227 10 12 0.020392302 
110 189 21 29 0.020359736 
300 183 16 22 0.020344306 
144 250 14 18 0.020321855 
524 187 16 22 0.020318253 
5 140 9 13 0.020317677 
595 421 73 69 0.020235868 
228 176 13 17 0.020179912 
545 196 16 21 0.020156683 
55 192 9 11 0.020113755 
148 191 13 17 0.020104136 
