0_Parade_marchingband_1_525
473
899 423 20 23 0.9471963 
538 397 18 24 0.94566506 
677 383 20 24 0.9400203 
288 392 23 27 0.9361932 
399 384 21 26 0.92234164 
39 428 12 15 0.9209849 
132 409 21 26 0.83194417 
764 439 15 19 0.79246867 
859 482 15 19 0.7633211 
986 461 15 18 0.7584891 
193 374 20 25 0.73308206 
812 417 13 17 0.4854401 
347 402 16 19 0.45567876 
223 323 10 13 0.35166618 
833 416 16 21 0.34463197 
944 435 12 15 0.34029382 
16 423 9 12 0.33210364 
121 411 10 13 0.32052854 
525 485 12 14 0.3201409 
939 497 15 16 0.2664804 
261 396 14 21 0.25972915 
485 486 11 14 0.2544825 
956 468 11 15 0.24493915 
783 422 10 14 0.23840976 
118 242 11 13 0.23629816 
927 429 11 14 0.22159342 
949 476 15 18 0.2126787 
62 423 8 11 0.20875575 
841 528 17 20 0.20651671 
810 597 30 31 0.20281914 
625 414 11 14 0.20007299 
20 423 10 12 0.19298251 
124 411 13 17 0.19116826 
816 413 24 27 0.18780938 
318 535 10 12 0.18270017 
102 401 12 17 0.18078561 
160 477 11 13 0.16283286 
796 433 11 16 0.15530647 
700 412 13 17 0.15014502 
727 397 11 16 0.13734017 
711 505 13 16 0.13285309 
70 477 9 12 0.13188659 
157 322 11 14 0.1248955 
880 405 10 13 0.12445952 
479 519 8 11 0.12239299 
96 455 10 12 0.121279195 
813 425 13 16 0.11915963 
78 422 11 13 0.11731463 
973 457 14 17 0.11354246 
572 458 13 16 0.10694723 
1012 525 10 15 0.103898585 
154 418 12 15 0.10384528 
799 407 45 52 0.099541344 
924 447 12 15 0.09845788 
201 382 15 20 0.09816747 
150 494 12 15 0.096994795 
27 505 14 19 0.09460064 
788 421 12 15 0.09421193 
736 437 12 16 0.09027512 
525 507 10 12 0.08866592 
457 477 10 13 0.08812293 
34 428 11 14 0.087887295 
241 390 10 14 0.08662776 
625 533 9 10 0.08491701 
329 394 15 20 0.08449824 
107 403 12 16 0.082547225 
54 431 8 10 0.081465006 
737 521 25 32 0.081356235 
462 502 11 13 0.07931573 
275 373 14 16 0.079203926 
256 377 13 16 0.07775193 
111 472 10 11 0.07681662 
448 461 11 13 0.07514508 
733 400 13 18 0.07481979 
545 374 10 13 0.074150026 
511 502 10 11 0.07398693 
45 432 10 12 0.073540635 
790 427 12 17 0.07216358 
79 446 9 12 0.07128883 
776 413 12 16 0.07043921 
732 442 12 16 0.07009695 
22 470 11 14 0.070081234 
84 421 11 15 0.06845362 
687 358 10 14 0.06773991 
14 485 10 13 0.06735377 
727 444 13 18 0.06634421 
582 448 14 20 0.06570087 
625 528 8 10 0.06431091 
795 420 12 16 0.06372377 
721 402 10 14 0.06360616 
173 368 14 18 0.06281494 
72 422 10 13 0.060958307 
70 406 10 13 0.060657937 
511 415 10 12 0.060571443 
511 519 8 11 0.059465732 
1 409 9 15 0.05937118 
583 420 10 13 0.059172884 
617 549 8 11 0.05869681 
373 487 10 13 0.05861206 
231 461 16 20 0.057905506 
613 474 11 14 0.057735585 
52 284 10 14 0.05717371 
71 413 9 12 0.056933388 
943 441 11 14 0.05617374 
8 452 9 12 0.055611588 
253 385 20 27 0.05536982 
581 428 10 12 0.05510129 
884 507 15 19 0.05496594 
96 400 13 17 0.054328274 
316 473 12 15 0.05425297 
584 412 10 13 0.054011937 
582 547 9 12 0.05370554 
77 452 9 12 0.052746795 
85 394 14 20 0.05252826 
243 394 12 16 0.052396808 
496 519 10 13 0.052212447 
976 458 22 27 0.05190425 
502 510 9 12 0.051862642 
360 401 22 28 0.05180947 
20 415 11 12 0.051637363 
373 519 10 13 0.051022276 
568 404 12 16 0.050936844 
124 245 10 12 0.05080914 
367 490 11 14 0.050744914 
446 466 11 13 0.05071608 
643 557 10 12 0.05044161 
496 445 11 15 0.04947276 
63 427 10 11 0.049209785 
324 493 10 12 0.048997134 
437 476 10 12 0.04897956 
229 500 10 13 0.04887761 
10 422 9 11 0.04877917 
470 510 9 11 0.048247598 
356 346 13 17 0.04797441 
567 532 9 12 0.04782497 
382 518 9 11 0.047471188 
431 492 10 12 0.047120765 
141 412 20 26 0.046745967 
587 476 12 13 0.046640497 
103 479 10 12 0.046469036 
779 548 15 19 0.046306416 
330 379 15 18 0.04630466 
941 482 22 27 0.045735903 
63 362 11 15 0.04566928 
566 509 10 14 0.045377932 
734 429 12 14 0.045353767 
369 409 14 18 0.04490343 
850 525 14 18 0.04483853 
7 427 10 13 0.0447792 
836 554 15 21 0.044576753 
379 330 13 15 0.044400275 
54 322 15 20 0.044365022 
708 462 12 15 0.04392646 
694 526 14 18 0.043925337 
572 409 12 16 0.04335674 
225 502 9 12 0.043010063 
203 484 14 15 0.043002956 
526 517 10 13 0.042660814 
481 489 10 13 0.042311054 
70 436 11 14 0.042210028 
579 473 15 17 0.04210321 
624 549 9 12 0.04170187 
559 483 12 14 0.04167531 
996 38 28 41 0.041315593 
77 479 9 13 0.041228022 
695 546 9 13 0.041094 
292 361 12 16 0.040642202 
118 495 11 14 0.04062198 
468 503 9 12 0.040177546 
615 543 9 13 0.040174942 
782 435 12 16 0.039959185 
114 364 17 20 0.03978475 
432 470 11 13 0.039577957 
519 503 9 12 0.039422654 
231 494 10 12 0.039411414 
616 445 12 13 0.039302044 
114 519 8 11 0.039079554 
807 403 25 31 0.038998686 
54 435 9 11 0.038920533 
575 541 9 12 0.038903654 
126 251 11 14 0.038822353 
331 398 21 25 0.03869185 
576 533 9 12 0.038674776 
740 409 14 19 0.038615774 
526 524 9 11 0.038590822 
934 435 11 14 0.03843449 
925 516 14 15 0.038378987 
196 309 12 14 0.03809644 
630 527 8 10 0.037890512 
412 559 11 12 0.037818152 
221 328 12 15 0.037582446 
384 510 9 11 0.037520677 
654 494 11 13 0.03726379 
480 523 9 11 0.037233505 
772 508 13 16 0.037207916 
473 516 9 12 0.036995407 
601 425 11 16 0.03695378 
602 410 26 33 0.036801048 
827 540 14 19 0.036630224 
184 333 11 14 0.036413014 
84 387 12 17 0.036396395 
149 488 11 13 0.036106322 
83 228 14 18 0.036044326 
900 521 13 16 0.035935897 
791 429 21 25 0.035922054 
623 542 10 13 0.035921197 
345 402 24 33 0.035547413 
702 550 8 11 0.035532285 
398 508 9 12 0.035526257 
559 476 12 14 0.03547138 
734 398 22 29 0.035411254 
71 452 11 14 0.035178334 
0 429 8 13 0.035132125 
452 453 13 15 0.035126064 
633 509 9 11 0.035094984 
510 509 9 12 0.035052046 
478 534 10 11 0.034984913 
420 539 12 15 0.0349542 
969 458 12 16 0.034827136 
933 445 10 13 0.03469945 
142 486 12 13 0.03452569 
368 524 10 13 0.034518294 
927 424 18 23 0.034476098 
338 472 14 17 0.034367383 
501 530 10 13 0.034331962 
472 493 8 11 0.034178205 
340 406 15 20 0.034106866 
112 410 10 14 0.03406982 
565 503 10 12 0.033985835 
756 563 13 15 0.033942122 
953 519 16 18 0.033708896 
808 423 26 29 0.033685498 
222 486 11 12 0.033657644 
110 257 13 17 0.033655692 
716 478 16 21 0.0335323 
628 550 9 11 0.033408817 
496 508 11 12 0.033386875 
477 512 10 12 0.03330083 
733 554 11 15 0.03300247 
404 493 9 11 0.032909233 
71 443 12 15 0.03277019 
673 385 15 19 0.03275818 
14 452 10 14 0.032667134 
565 476 11 14 0.03263552 
432 502 10 13 0.03259795 
183 373 21 28 0.03238767 
157 337 11 14 0.0323163 
352 395 17 22 0.03226893 
558 549 9 11 0.03222007 
547 532 10 13 0.03220129 
309 402 13 17 0.03216063 
463 519 7 10 0.032058336 
440 486 10 12 0.03187058 
228 320 10 13 0.031806428 
712 567 11 14 0.031749953 
516 420 11 15 0.031743996 
228 350 22 27 0.03174287 
448 390 8 12 0.031725187 
878 507 14 20 0.031512883 
205 373 20 27 0.031393826 
933 507 13 16 0.031268224 
728 419 11 14 0.031104624 
277 391 21 27 0.031009842 
632 503 9 12 0.030761015 
221 372 17 21 0.03065274 
462 525 8 10 0.030434472 
359 342 23 29 0.030369414 
300 393 21 27 0.030288462 
167 307 11 13 0.030155135 
109 484 10 13 0.030154431 
752 522 16 20 0.03008269 
998 441 15 18 0.029966554 
939 533 13 16 0.029899437 
188 327 11 13 0.029844644 
92 420 11 14 0.029825948 
113 243 11 14 0.029739888 
455 482 11 13 0.029680768 
381 534 11 14 0.029679328 
52 461 10 12 0.029615996 
729 519 11 14 0.029496226 
326 461 13 16 0.029444937 
391 518 9 11 0.029284688 
356 388 13 16 0.02926697 
513 497 9 11 0.029161192 
543 539 10 12 0.028961632 
423 469 11 13 0.028917667 
574 471 14 18 0.028784227 
183 299 12 14 0.02878392 
580 524 9 14 0.028751327 
559 422 10 14 0.028727889 
87 435 9 13 0.028635515 
951 462 13 17 0.028627565 
473 536 9 10 0.028604789 
633 517 9 11 0.028326437 
365 549 12 16 0.02828317 
567 540 11 13 0.028036376 
166 302 10 13 0.027962927 
64 416 10 12 0.027921552 
917 440 22 27 0.027912494 
116 251 11 15 0.027854674 
915 412 12 14 0.027793 
707 413 11 14 0.027789045 
474 486 9 12 0.027685361 
383 493 8 11 0.02762541 
160 302 11 13 0.02761339 
724 392 19 26 0.027552877 
171 387 14 18 0.027517097 
15 437 10 11 0.027495926 
187 509 13 16 0.027325138 
616 571 10 13 0.0272391 
15 479 11 13 0.02723357 
653 581 9 11 0.027227279 
78 416 10 13 0.027202412 
13 446 10 13 0.027181912 
372 387 13 16 0.026939178 
67 321 13 17 0.026845438 
77 438 11 13 0.026720827 
165 482 11 15 0.026712492 
70 427 11 14 0.026688155 
260 406 14 18 0.026609745 
494 503 10 12 0.026598113 
618 411 22 26 0.026558926 
79 405 10 13 0.026538653 
310 335 11 14 0.026426677 
189 301 11 14 0.026369426 
332 465 15 19 0.02602784 
85 445 9 12 0.026027132 
549 525 10 13 0.025588911 
704 468 12 14 0.025555983 
734 530 16 22 0.025542557 
407 548 9 11 0.025401352 
64 471 10 15 0.025356747 
168 368 21 30 0.025341067 
446 492 9 12 0.025330678 
85 246 14 19 0.025300002 
174 484 10 13 0.025239099 
6 346 10 13 0.02523514 
37 365 8 12 0.0252259 
627 477 12 15 0.025212085 
187 501 12 15 0.025182458 
317 402 12 16 0.025050085 
735 417 12 17 0.02504451 
952 460 20 25 0.025011534 
25 535 8 12 0.02493009 
802 547 13 16 0.0247497 
100 457 10 14 0.024674922 
212 510 10 13 0.024587473 
671 533 11 15 0.024584679 
624 493 9 13 0.024576252 
639 493 8 11 0.02449167 
469 308 25 32 0.02446954 
553 550 9 11 0.024376852 
670 540 13 17 0.024097675 
520 534 9 12 0.023933887 
657 546 11 14 0.02393032 
197 451 278 260 0.02386845 
830 532 15 18 0.023805844 
617 452 24 28 0.023706555 
648 526 10 13 0.02370047 
270 377 13 17 0.02367462 
102 319 15 19 0.023611246 
678 319 9 11 0.023458863 
451 468 12 14 0.023385555 
460 451 10 13 0.023330525 
738 428 14 17 0.023318944 
821 417 28 34 0.023310123 
349 348 22 31 0.023236403 
732 523 13 19 0.023198795 
476 588 12 15 0.023192886 
927 438 21 25 0.023015797 
409 381 16 21 0.0229487 
318 524 13 16 0.022925735 
224 492 10 12 0.022865312 
750 394 12 17 0.022820583 
365 387 13 16 0.022717992 
392 508 10 12 0.022640131 
168 392 13 18 0.022594308 
521 491 10 12 0.022477083 
550 541 10 13 0.022461366 
429 420 11 14 0.02245825 
746 460 14 17 0.0224255 
485 534 9 11 0.022408139 
429 557 9 11 0.022400899 
973 514 12 15 0.022332301 
373 324 13 16 0.02231491 
408 517 9 12 0.022310907 
807 427 13 16 0.022304019 
942 412 11 15 0.022285033 
71 481 11 14 0.02225735 
128 551 8 11 0.022234164 
622 510 9 11 0.022220746 
103 493 9 12 0.022182759 
348 386 14 18 0.022142394 
54 445 10 14 0.022139449 
630 543 9 11 0.0220602 
473 540 10 12 0.022058213 
373 338 14 19 0.022024566 
954 468 22 31 0.021999765 
93 412 12 15 0.021992303 
575 420 10 13 0.021890637 
526 534 10 12 0.021879753 
85 414 12 16 0.021849895 
616 557 9 10 0.021809513 
887 522 14 17 0.021803401 
186 483 15 17 0.021791715 
127 557 8 10 0.021760909 
381 417 17 22 0.021672845 
48 453 11 13 0.021658974 
638 508 9 12 0.021655232 
931 451 11 14 0.021646202 
493 458 11 14 0.021640431 
933 522 12 15 0.02163811 
141 394 13 16 0.02161247 
56 313 21 28 0.02161093 
732 390 14 18 0.02159178 
622 456 14 17 0.021558577 
294 511 9 12 0.021469325 
470 312 11 14 0.021442743 
624 501 9 12 0.021418182 
21 405 11 13 0.021401215 
456 509 9 11 0.02135222 
22 397 11 13 0.021337876 
217 319 20 24 0.021310743 
28 397 11 13 0.021285368 
423 420 12 15 0.02118096 
956 490 14 19 0.021160275 
837 468 25 29 0.02114583 
836 465 16 20 0.021137843 
446 486 10 12 0.021134349 
456 518 9 11 0.021087134 
244 401 12 16 0.02108099 
397 364 12 17 0.021077227 
53 469 10 13 0.021039035 
359 326 24 27 0.021016374 
334 385 20 28 0.020915223 
383 315 11 14 0.020872107 
359 491 13 15 0.020865835 
653 500 14 17 0.020841906 
725 371 11 14 0.020804757 
766 394 12 17 0.020787274 
7 477 11 13 0.02078078 
366 531 10 12 0.020727426 
141 318 12 15 0.020727238 
22 435 9 12 0.02071839 
491 485 11 14 0.020715134 
780 442 10 14 0.020691575 
860 514 16 21 0.020655267 
500 516 12 14 0.020646207 
446 445 13 17 0.020607745 
961 465 13 18 0.020529365 
30 403 10 12 0.020515932 
462 471 11 15 0.02050435 
970 -5 54 60 0.0204861 
652 514 13 16 0.020461267 
614 502 10 12 0.020459296 
757 389 12 16 0.020457143 
728 427 11 14 0.020392762 
794 542 22 27 0.02038171 
463 428 12 15 0.020381574 
62 484 12 14 0.020354323 
429 549 9 12 0.020323483 
333 364 12 15 0.020318212 
336 340 23 29 0.020270105 
417 535 11 14 0.020264383 
843 459 15 19 0.020255191 
398 517 9 12 0.020239472 
549 378 10 14 0.02021998 
571 448 21 25 0.020195192 
63 445 12 14 0.020173676 
187 339 11 16 0.020160131 
405 543 9 12 0.020153662 
687 385 14 19 0.02012931 
949 453 10 12 0.020013751 
