0_Parade_Parade_0_377
608
255 505 71 92 0.99576473 
976 339 20 25 0.956777 
853 362 66 73 0.8883275 
574 306 25 29 0.86430866 
11 264 43 68 0.8548179 
242 338 33 36 0.82473236 
730 308 21 24 0.8124907 
944 320 16 21 0.7714803 
87 360 58 68 0.74010503 
248 405 23 31 0.7118079 
452 277 18 22 0.6737814 
344 337 21 31 0.64835125 
149 316 39 50 0.6350961 
897 309 15 19 0.56048715 
810 309 14 17 0.46673268 
77 278 28 34 0.46412405 
420 259 14 17 0.41320017 
549 299 17 22 0.38883206 
650 315 13 16 0.37213907 
589 276 15 17 0.34860536 
428 308 16 22 0.32250872 
191 407 27 36 0.3143614 
542 255 10 13 0.2988191 
928 315 22 29 0.26996768 
232 221 9 13 0.25437513 
363 374 25 31 0.25172094 
765 316 15 18 0.25159428 
517 314 14 19 0.2431673 
846 310 11 14 0.236558 
191 222 10 13 0.23150888 
637 314 11 14 0.22891918 
323 336 23 28 0.21622038 
824 493 28 42 0.20197295 
376 352 30 36 0.19456623 
487 294 11 15 0.19400239 
106 452 38 44 0.18989024 
466 316 16 19 0.18470736 
698 291 13 16 0.18389094 
184 416 28 37 0.18292612 
188 283 16 21 0.17930055 
814 354 14 17 0.17904556 
181 223 11 14 0.17757946 
662 277 10 12 0.17278378 
574 259 10 14 0.1665981 
719 286 11 14 0.16420545 
197 221 11 13 0.16255052 
401 274 15 19 0.15975942 
630 270 10 12 0.15887032 
169 440 52 80 0.15779729 
832 317 10 14 0.1565669 
536 254 10 13 0.15578745 
173 212 11 14 0.15533556 
690 315 14 16 0.15249409 
680 284 10 13 0.1519896 
480 243 10 13 0.14977849 
5 500 52 66 0.14939597 
70 355 52 58 0.1490137 
177 226 10 12 0.1451984 
388 295 14 18 0.1346588 
105 236 18 21 0.13323125 
533 294 11 16 0.12780115 
348 387 13 19 0.12542056 
466 254 12 16 0.1251167 
356 380 20 27 0.12360691 
269 290 12 16 0.12158922 
626 270 9 12 0.1215573 
837 316 10 13 0.12127576 
20 362 25 37 0.11577251 
671 316 13 16 0.11371005 
995 299 15 18 0.11205416 
426 252 14 18 0.11028272 
351 268 27 37 0.11000788 
337 321 16 19 0.109414235 
334 330 24 30 0.10882184 
263 252 11 13 0.108270876 
771 320 14 17 0.10691387 
0 281 47 82 0.10568043 
364 403 12 17 0.10511139 
237 226 13 17 0.1044576 
560 317 21 27 0.103752434 
491 299 13 16 0.10315702 
734 327 14 19 0.10285679 
452 238 10 14 0.10127253 
852 318 10 14 0.10121495 
972 317 12 15 0.09955806 
710 314 14 18 0.09894614 
540 301 20 26 0.09848242 
663 273 9 10 0.09839588 
264 445 25 31 0.09811592 
270 234 12 16 0.09803589 
765 286 9 12 0.09633705 
109 329 58 74 0.095383525 
613 314 17 21 0.09515733 
791 300 22 27 0.09460105 
205 208 9 11 0.09372868 
314 384 23 31 0.09006591 
632 311 12 15 0.0898535 
657 279 10 12 0.08981892 
320 251 12 16 0.089571774 
206 213 10 11 0.089566275 
56 352 44 53 0.089559324 
597 331 14 19 0.08796389 
250 416 37 48 0.08791444 
491 337 14 20 0.08683703 
409 419 12 15 0.08635013 
610 347 14 18 0.08604862 
156 219 10 13 0.08573138 
390 348 29 37 0.08548336 
125 311 55 68 0.08456681 
686 271 8 9 0.08337589 
244 228 12 17 0.08314233 
655 333 10 14 0.083114564 
930 300 14 17 0.08275038 
943 346 23 31 0.082446255 
206 222 9 11 0.08057113 
171 429 32 38 0.08035105 
613 305 15 19 0.07990694 
996 293 12 15 0.079768 
615 247 7 9 0.079098985 
685 292 10 12 0.078382745 
276 226 13 17 0.07820226 
74 380 32 42 0.07737296 
686 328 14 18 0.077200375 
981 318 12 14 0.07513467 
361 385 22 31 0.07506753 
464 304 22 27 0.07482517 
577 325 18 22 0.07410506 
229 454 25 34 0.07358193 
636 394 12 17 0.072649024 
207 237 11 14 0.07004235 
78 199 10 12 0.06955865 
30 348 43 56 0.06929055 
181 285 16 22 0.06928331 
676 386 12 16 0.06924194 
534 307 13 18 0.06875437 
561 303 22 27 0.06873654 
307 324 16 21 0.06870462 
574 277 11 16 0.06851016 
212 299 27 38 0.06787962 
104 189 10 13 0.067515366 
262 396 13 16 0.06733317 
372 232 14 17 0.06682454 
474 299 14 18 0.0665461 
199 214 10 12 0.06628497 
492 315 16 20 0.06588998 
581 275 20 24 0.06528539 
924 313 17 22 0.06527906 
679 280 9 12 0.06414388 
274 281 15 18 0.06333791 
212 245 12 15 0.06316178 
235 280 14 20 0.061420355 
685 300 11 14 0.06111411 
434 300 13 17 0.06099708 
326 320 23 31 0.060991116 
58 342 35 40 0.06069112 
124 214 11 14 0.06046922 
854 322 11 14 0.059942927 
523 307 15 19 0.059775397 
583 245 12 14 0.05970865 
671 279 8 11 0.059478655 
653 294 11 13 0.05900468 
950 244 26 28 0.058575492 
394 435 15 17 0.05721194 
454 427 12 16 0.057001986 
512 425 26 36 0.056452736 
1012 307 11 15 0.056385946 
246 497 56 71 0.055772472 
759 284 12 14 0.055688582 
500 298 15 19 0.055348508 
138 465 16 20 0.05534604 
682 271 8 10 0.054844167 
855 372 40 46 0.054630473 
528 297 12 17 0.0540006 
462 297 13 18 0.0539937 
45 424 178 226 0.05351879 
53 408 47 60 0.053379253 
258 408 26 34 0.053357378 
807 331 11 15 0.053351805 
697 286 11 15 0.053329714 
651 300 12 14 0.053258404 
791 312 13 18 0.05266996 
542 293 11 16 0.052267242 
40 211 10 13 0.05186849 
640 261 10 13 0.050948568 
547 260 11 14 0.05027869 
275 332 44 56 0.05018333 
474 239 9 11 0.049987003 
101 241 25 30 0.04986615 
246 346 41 47 0.049847394 
499 323 13 17 0.049673185 
631 246 9 11 0.0496565 
661 285 9 11 0.049406454 
593 314 15 20 0.04937213 
205 228 11 14 0.04875747 
16 488 37 48 0.04845639 
696 270 8 11 0.047980554 
592 239 9 13 0.047738917 
348 332 15 20 0.047670234 
571 218 361 448 0.047195178 
236 472 28 37 0.046813283 
589 252 10 14 0.046549387 
83 261 30 37 0.046463057 
630 294 8 11 0.046445135 
590 245 10 12 0.04615257 
470 339 25 31 0.04577522 
297 325 24 33 0.045682073 
269 274 16 20 0.045553476 
498 330 16 20 0.045539513 
190 460 31 45 0.04513043 
302 296 13 17 0.044995785 
151 213 11 15 0.044621646 
636 269 12 14 0.04376208 
229 275 15 21 0.043599177 
428 245 12 17 0.04358485 
132 266 13 16 0.04355844 
670 334 11 14 0.043491308 
598 238 9 12 0.043162692 
96 198 9 11 0.0428507 
830 312 10 14 0.042841706 
989 316 14 17 0.042602465 
607 254 10 12 0.04243362 
725 290 11 13 0.042310797 
295 341 46 58 0.042302802 
213 214 8 11 0.042226054 
382 339 45 60 0.042207778 
438 293 12 15 0.041989062 
473 313 15 20 0.041761626 
220 267 14 17 0.04174838 
293 443 13 18 0.041678544 
248 254 11 14 0.04156434 
543 266 11 15 0.04141175 
-4 269 34 50 0.041355632 
689 322 16 19 0.041094422 
473 245 9 11 0.04107297 
687 308 13 17 0.041053493 
61 212 11 13 0.040846463 
255 212 11 16 0.040763598 
829 347 13 16 0.040659357 
1007 301 12 15 0.040590305 
534 286 11 15 0.040442716 
94 257 29 33 0.040414084 
331 434 29 39 0.040023956 
235 443 14 19 0.039968114 
557 312 15 20 0.039938163 
1004 262 10 13 0.03967225 
560 532 24 27 0.039485503 
554 292 16 19 0.03943254 
335 420 13 17 0.039127115 
304 435 24 34 0.039086565 
671 261 9 11 0.039048497 
532 332 12 16 0.038634986 
235 214 12 14 0.03853636 
509 276 13 16 0.038451344 
309 286 23 31 0.03842395 
239 272 22 28 0.03840004 
996 316 14 17 0.03834212 
612 294 12 16 0.03832923 
998 267 13 15 0.03812407 
199 227 10 13 0.038110066 
350 338 29 34 0.037673574 
163 306 47 59 0.037542056 
70 270 43 56 0.037471496 
371 384 26 31 0.037433203 
386 279 23 28 0.037320975 
437 231 12 14 0.03725755 
286 267 14 18 0.037145056 
539 311 13 17 0.03709827 
660 333 12 15 0.037048947 
758 309 13 17 0.036882512 
28 485 52 55 0.03687447 
102 392 58 73 0.03685055 
178 213 12 15 0.03684564 
310 323 41 54 0.036820184 
585 321 22 27 0.03679726 
606 260 9 12 0.036701266 
529 252 10 13 0.036648214 
1014 313 12 16 0.0365337 
493 307 14 19 0.036494266 
325 372 28 36 0.035911396 
-2 321 27 49 0.035896733 
367 228 14 17 0.035849392 
339 268 27 36 0.035844374 
102 196 10 12 0.035758402 
390 428 12 15 0.035370767 
520 233 12 16 0.035361364 
811 482 47 65 0.03520146 
104 448 59 71 0.035192527 
358 336 45 61 0.035039898 
377 397 25 30 0.034981363 
807 337 13 16 0.034838263 
374 278 24 29 0.03482587 
274 289 15 19 0.034819894 
63 383 50 64 0.034702905 
202 297 25 35 0.034604285 
639 255 9 11 0.03449429 
776 310 21 26 0.034476254 
253 431 44 54 0.034341957 
680 332 12 14 0.034239095 
86 245 14 17 0.034116425 
923 300 22 27 0.034075398 
695 296 12 15 0.03402692 
260 274 14 19 0.033975072 
478 293 13 17 0.03391237 
822 303 10 14 0.033906106 
34 471 117 121 0.033883102 
664 262 8 10 0.033835664 
954 324 13 17 0.033832423 
119 469 21 24 0.03350548 
268 240 13 17 0.03337674 
639 229 9 11 0.03323986 
308 315 14 17 0.03320474 
278 445 25 32 0.033035856 
483 345 15 19 0.033002045 
293 298 12 17 0.03289628 
341 377 16 23 0.032848824 
362 273 26 33 0.032820772 
871 521 15 19 0.032762874 
296 238 10 13 0.032672215 
447 241 13 16 0.032507256 
462 286 21 29 0.032494627 
966 322 13 17 0.03239934 
183 204 11 14 0.03229365 
973 309 13 16 0.032178912 
184 199 9 12 0.03203897 
91 263 17 21 0.031988136 
367 647 49 63 0.031937562 
328 272 28 37 0.03182766 
271 424 18 22 0.031706724 
387 403 14 19 0.031656854 
609 246 8 10 0.031645805 
212 238 12 15 0.03154081 
446 288 13 18 0.03151768 
493 276 12 17 0.0315036 
430 314 22 29 0.03143157 
660 292 10 12 0.031408865 
522 319 14 20 0.031362172 
332 322 39 53 0.031143233 
487 275 13 16 0.031001646 
139 235 15 18 0.030998753 
60 233 11 15 0.030954357 
49 418 18 21 0.030947102 
455 435 14 19 0.030747522 
190 204 9 12 0.030709479 
214 228 9 13 0.030587805 
309 434 14 22 0.030511701 
133 278 47 58 0.030463934 
508 291 16 22 0.030412063 
676 372 17 19 0.030209333 
284 289 15 20 0.030190151 
460 305 16 21 0.030147761 
947 310 13 15 0.03001976 
142 212 12 15 0.029951062 
322 348 27 37 0.02983895 
245 267 12 15 0.029830344 
396 227 10 12 0.029826157 
230 395 26 35 0.02980011 
381 290 23 29 0.02976848 
255 254 10 13 0.029464142 
991 307 14 16 0.029351078 
419 313 23 29 0.02930585 
390 303 23 30 0.029111499 
142 247 15 19 0.0289926 
335 347 26 37 0.028953547 
624 245 9 11 0.028877899 
213 221 10 13 0.028840806 
606 315 13 18 0.028777622 
345 300 23 28 0.028755035 
486 307 13 18 0.02874715 
247 278 22 27 0.028700761 
390 235 11 15 0.028673884 
744 314 16 19 0.028641265 
411 277 12 16 0.028627612 
193 216 10 14 0.02859183 
289 295 22 26 0.028561067 
614 254 8 11 0.028530782 
253 260 10 13 0.028238147 
998 381 12 16 0.028210685 
284 273 15 20 0.028196007 
344 367 23 36 0.028190793 
521 327 21 27 0.02814717 
625 287 8 11 0.028135771 
543 419 12 18 0.028040808 
453 309 23 31 0.027944341 
716 309 14 18 0.027932454 
233 206 9 11 0.027828516 
813 345 22 25 0.02779941 
654 374 12 16 0.02779356 
236 399 38 52 0.027728338 
322 297 24 31 0.02770762 
109 184 9 12 0.027706258 
295 413 25 35 0.027705358 
188 289 26 32 0.027698753 
512 285 23 30 0.0276756 
1005 293 12 16 0.027668968 
600 260 10 12 0.027652815 
217 300 44 58 0.027617848 
61 371 84 103 0.027569994 
62 426 31 36 0.027529672 
941 308 13 15 0.027457692 
393 223 10 12 0.02743451 
595 272 12 15 0.027414951 
632 252 10 11 0.02737513 
327 323 15 18 0.02737068 
733 292 11 13 0.02736566 
795 294 13 16 0.027320925 
782 303 24 29 0.027311461 
478 250 11 15 0.027222581 
104 387 36 46 0.027079608 
361 287 24 32 0.026883157 
168 209 11 14 0.026746139 
901 309 23 27 0.02674304 
314 273 25 34 0.026734183 
624 293 10 12 0.026733153 
503 278 12 15 0.026691772 
77 290 18 24 0.026636858 
356 312 12 16 0.026503641 
270 293 24 27 0.026442466 
982 263 10 13 0.026274275 
573 267 11 16 0.026204946 
804 303 16 19 0.026188042 
703 263 9 11 0.026157755 
266 393 17 19 0.026135636 
531 323 15 19 0.02607329 
544 249 10 14 0.026070138 
674 284 8 12 0.026066788 
325 368 15 19 0.026052224 
622 238 10 12 0.026041213 
436 564 14 16 0.02600258 
684 278 10 13 0.025942674 
252 212 21 29 0.025915818 
158 227 11 14 0.025907934 
431 235 10 14 0.025902424 
239 475 48 62 0.025848687 
136 191 9 11 0.02582282 
702 268 10 13 0.025786012 
663 324 11 14 0.025748456 
92 243 14 18 0.0256293 
647 277 11 14 0.025582515 
345 324 14 18 0.025503049 
516 335 16 21 0.025457846 
207 275 13 18 0.02542452 
619 302 12 16 0.025403718 
0 237 32 39 0.02538618 
598 245 8 11 0.025385499 
805 323 12 16 0.025383057 
680 263 7 10 0.025314242 
773 286 11 12 0.025167562 
624 264 9 12 0.025091916 
432 231 10 12 0.025019491 
226 221 10 13 0.024996938 
188 218 18 22 0.02495424 
365 232 25 28 0.024868192 
605 339 13 18 0.024810566 
308 368 41 56 0.024779836 
199 512 32 40 0.024689158 
926 294 14 17 0.024676597 
601 317 20 27 0.024596106 
688 264 8 10 0.024513945 
366 296 13 19 0.02450742 
10 324 48 73 0.024483692 
752 286 10 12 0.024471503 
416 265 12 15 0.02436875 
550 287 12 16 0.024365155 
281 329 29 36 0.02427089 
659 373 13 18 0.024252452 
63 438 121 123 0.024228353 
696 278 9 11 0.024116592 
696 262 8 11 0.024110403 
158 191 9 12 0.024099372 
252 266 13 18 0.024080494 
750 341 11 14 0.024072818 
241 448 46 58 0.024016447 
534 249 10 13 0.023944426 
631 264 10 12 0.023801167 
632 240 8 10 0.023789803 
204 283 14 18 0.023782425 
257 403 16 22 0.023654355 
269 212 10 13 0.023634525 
879 373 43 49 0.023623846 
709 268 10 13 0.02342498 
630 287 9 12 0.023382239 
934 308 22 27 0.023333177 
284 298 15 19 0.02322883 
318 531 46 65 0.023220878 
662 316 12 16 0.023187067 
261 286 22 27 0.023185851 
940 300 13 16 0.02318449 
261 227 14 20 0.02314452 
286 458 25 36 0.023144035 
551 244 12 15 0.023131311 
366 317 83 106 0.023114624 
648 284 11 13 0.023074264 
526 538 14 19 0.02307023 
301 238 11 13 0.023056526 
563 292 12 15 0.022980174 
86 503 129 121 0.022974923 
829 354 13 17 0.02296732 
578 258 13 16 0.022941954 
384 337 29 36 0.022867266 
312 227 11 13 0.022866493 
229 216 17 24 0.022845473 
1004 337 16 22 0.022826739 
394 363 18 25 0.022815965 
237 207 10 11 0.022779504 
589 258 12 13 0.022776512 
96 190 11 13 0.022756858 
989 320 21 26 0.022747435 
233 234 10 14 0.022722047 
1013 398 11 16 0.022710914 
836 251 10 13 0.022676988 
225 282 23 31 0.022671636 
313 327 23 29 0.022629125 
419 299 23 28 0.022605086 
861 320 14 17 0.022574212 
957 310 11 15 0.022516116 
980 309 14 18 0.022495613 
617 240 8 11 0.022450784 
37 237 14 17 0.022436207 
115 289 53 63 0.022384396 
801 227 15 18 0.022372449 
507 401 13 18 0.022349533 
255 192 10 12 0.02234533 
100 259 16 20 0.022342067 
777 321 14 17 0.02217396 
54 206 10 12 0.022106145 
241 216 20 28 0.02210187 
455 423 24 30 0.022080187 
639 285 10 12 0.02202391 
445 367 32 38 0.022022605 
153 268 15 18 0.022008011 
369 271 42 52 0.02200145 
582 290 221 264 0.021984037 
990 333 21 29 0.021945387 
567 252 11 14 0.021934139 
141 206 11 14 0.021923827 
266 344 30 35 0.021905623 
403 314 15 17 0.021864433 
401 281 24 30 0.021859081 
412 260 20 26 0.021841133 
43 213 12 13 0.021835044 
715 320 13 18 0.021825183 
245 382 45 53 0.02182249 
501 420 42 68 0.021816596 
454 304 15 18 0.021808803 
964 331 14 18 0.021802465 
303 363 29 33 0.021746896 
436 250 14 18 0.021742566 
158 236 13 15 0.021735184 
556 286 14 16 0.021728596 
417 331 27 33 0.021669015 
606 271 9 11 0.021628078 
156 475 13 19 0.021577388 
227 300 15 21 0.021527674 
298 310 24 30 0.021466378 
350 290 25 32 0.021465467 
421 254 22 28 0.021441251 
781 275 13 16 0.02142633 
631 323 11 16 0.021399613 
375 376 22 25 0.02133351 
202 465 46 65 0.021316651 
274 426 26 35 0.021313095 
479 218 11 15 0.021296453 
174 282 16 21 0.021277409 
123 424 104 128 0.02124764 
95 204 10 12 0.021151293 
351 320 25 32 0.021113668 
463 230 10 11 0.021110825 
517 277 13 17 0.021003118 
324 390 23 31 0.020984314 
370 280 15 21 0.020909278 
655 387 10 13 0.020897252 
443 321 15 21 0.020865344 
649 379 11 14 0.020854708 
289 438 24 30 0.020846086 
278 278 22 27 0.020837836 
535 277 11 15 0.020821841 
239 198 9 11 0.020801425 
678 322 13 15 0.020759823 
252 225 13 19 0.02073494 
56 230 12 13 0.020725748 
373 339 14 18 0.020697271 
479 596 14 16 0.020670049 
586 286 17 20 0.020662237 
575 244 11 14 0.020646125 
148 280 31 34 0.02058996 
541 274 10 15 0.020571971 
615 277 10 12 0.02047605 
413 315 13 17 0.020459415 
206 249 13 15 0.02043908 
789 263 11 14 0.020436576 
272 220 11 16 0.020401968 
316 490 34 46 0.020391475 
115 662 59 64 0.020353658 
400 342 33 40 0.020296682 
176 199 9 10 0.02027794 
477 267 11 15 0.02024806 
275 345 17 22 0.020239962 
196 279 12 17 0.020199154 
204 396 29 35 0.020192116 
126 206 11 16 0.020172788 
174 190 8 11 0.020158952 
249 262 22 28 0.020127269 
844 222 27 30 0.020101104 
813 299 21 27 0.020076735 
267 218 20 27 0.020073429 
378 231 12 15 0.020073334 
823 314 11 15 0.02001258 
486 284 13 17 0.02000048 
