0_Parade_marchingband_1_1045
273
660 268 28 39 0.98189056 
942 254 44 65 0.9806058 
88 262 34 47 0.9576108 
505 305 17 22 0.9173789 
358 296 16 23 0.8901184 
279 296 25 34 0.86615974 
589 256 26 38 0.82970214 
180 314 20 27 0.8085451 
775 297 13 17 0.74135536 
468 293 13 16 0.6805309 
692 255 23 30 0.6174633 
149 321 14 18 0.61551017 
385 298 16 20 0.54437196 
202 320 14 20 0.46632278 
0 312 14 25 0.44631326 
438 307 14 17 0.40078136 
211 308 11 15 0.383942 
756 307 15 18 0.36060846 
483 309 14 16 0.33994833 
419 309 11 13 0.31998247 
789 301 12 15 0.31641147 
140 322 17 21 0.31379914 
193 314 18 26 0.24864422 
214 243 12 15 0.23195703 
364 294 20 25 0.23187731 
293 294 21 31 0.22248764 
313 286 11 14 0.17964575 
845 311 14 18 0.16637228 
306 299 13 20 0.16519402 
207 311 18 26 0.16355594 
395 266 12 16 0.15422775 
682 257 24 33 0.13376878 
232 286 12 16 0.12666437 
331 308 11 15 0.11455487 
536 298 8 12 0.113383874 
332 300 11 15 0.11337646 
13 292 13 17 0.11133086 
812 279 10 12 0.110012926 
389 259 16 20 0.10817035 
179 373 15 18 0.10747178 
775 326 11 14 0.09791197 
352 298 15 19 0.09720947 
463 297 13 16 0.09664408 
464 317 11 15 0.09412968 
815 301 10 14 0.0918141 
57 289 15 21 0.09110497 
840 301 11 15 0.09061573 
404 317 14 18 0.08786706 
237 315 13 17 0.0868251 
310 290 12 18 0.08385025 
148 396 11 15 0.08310596 
365 259 10 14 0.082369074 
244 313 12 17 0.08146315 
266 357 23 31 0.07985114 
206 242 13 17 0.079497166 
227 260 11 13 0.0784741 
329 294 11 14 0.07703119 
767 298 14 17 0.076134466 
635 33 14 16 0.074081264 
884 315 10 14 0.07254889 
944 188 26 33 0.07155147 
285 248 12 18 0.07132249 
176 319 15 20 0.070185944 
444 312 13 17 0.0698546 
490 303 22 25 0.06703572 
327 313 12 16 0.06546975 
350 258 12 14 0.063996986 
454 302 11 16 0.06315834 
672 267 24 32 0.061865717 
412 315 12 14 0.060578298 
802 253 9 13 0.059432585 
595 306 16 19 0.059159588 
436 350 11 13 0.058966395 
200 243 12 15 0.058481734 
788 275 11 13 0.058126844 
359 257 11 15 0.056644853 
506 347 11 16 0.05606485 
173 369 15 21 0.05597517 
158 403 11 14 0.055552825 
362 341 13 17 0.055338115 
246 297 11 19 0.055099707 
704 263 17 22 0.05415311 
220 419 17 19 0.053891495 
683 200 12 14 0.053802922 
438 355 11 14 0.053540908 
454 272 12 16 0.05329354 
231 316 13 16 0.051336728 
228 420 15 18 0.050878543 
690 311 14 17 0.050519556 
229 297 14 19 0.050183877 
406 278 10 13 0.049748555 
996 310 26 36 0.049484074 
609 350 33 39 0.04896052 
781 324 10 13 0.046890732 
276 347 15 18 0.045762382 
611 291 15 19 0.04529023 
763 272 13 16 0.04518713 
479 283 10 12 0.044765115 
752 236 13 16 0.044548456 
529 294 9 13 0.043459024 
135 327 15 19 0.043320045 
197 260 12 16 0.042959895 
543 263 11 18 0.04273941 
820 302 10 14 0.042137712 
864 325 10 13 0.041941173 
53 280 26 36 0.040986132 
483 278 12 14 0.04085401 
173 355 14 17 0.040384687 
220 315 11 17 0.040371027 
275 354 16 21 0.040127836 
407 299 12 16 0.03956944 
937 205 43 51 0.03914623 
805 258 10 13 0.039053556 
173 282 12 14 0.03711637 
666 341 29 44 0.036571514 
644 273 30 32 0.036309995 
172 240 14 17 0.03575592 
511 276 11 13 0.035666876 
876 276 13 17 0.035096887 
237 293 19 26 0.034948636 
231 281 19 25 0.03480744 
884 322 12 16 0.034722243 
733 298 11 13 0.034256574 
301 275 10 15 0.034149036 
414 279 10 12 0.033929866 
77 267 30 36 0.033642363 
783 269 13 16 0.0334645 
447 264 14 19 0.032831505 
862 317 11 14 0.032788426 
404 269 11 14 0.032178693 
209 238 21 25 0.032005675 
181 211 23 28 0.031985715 
393 299 13 18 0.03198368 
200 350 11 13 0.031901844 
269 355 15 21 0.03175684 
3 300 15 19 0.03159601 
253 259 11 14 0.031518824 
401 322 12 16 0.031455945 
190 282 13 17 0.031389948 
927 180 25 32 0.031273264 
446 253 10 12 0.030799855 
410 322 12 15 0.0306834 
246 292 22 29 0.030590054 
777 332 13 15 0.03031778 
139 306 15 17 0.03024336 
950 11 11 14 0.029812763 
549 307 15 16 0.029774869 
364 285 14 20 0.029771818 
740 352 12 15 0.029412033 
504 268 11 14 0.029369261 
773 269 11 14 0.029169006 
223 252 11 14 0.028993258 
214 358 11 16 0.028798398 
373 261 11 14 0.028710043 
821 308 10 14 0.028490787 
815 270 9 11 0.028461456 
259 304 27 30 0.028365742 
1009 318 14 21 0.028186183 
83 225 15 17 0.028077085 
684 330 15 20 0.027974846 
822 269 9 11 0.027905915 
821 317 9 13 0.027703589 
870 277 12 15 0.027418802 
933 227 47 63 0.027388362 
375 268 10 13 0.027247928 
809 271 9 12 0.027188677 
812 293 12 16 0.02709764 
488 357 10 14 0.027058868 
821 324 9 13 0.027039155 
718 280 12 16 0.027020363 
749 268 11 13 0.02701123 
797 322 13 17 0.026995514 
150 401 12 15 0.026955143 
762 312 14 17 0.026805282 
781 302 14 17 0.026755609 
125 314 12 14 0.026691228 
248 307 23 27 0.026384834 
396 255 11 15 0.026318492 
-2 430 24 42 0.026252529 
448 323 11 15 0.026165592 
599 279 26 30 0.026152024 
708 271 14 21 0.02611392 
140 439 13 15 0.0260767 
430 333 12 15 0.02603614 
454 238 8 11 0.026011653 
724 282 11 14 0.025982007 
468 332 11 15 0.025961883 
485 291 14 17 0.025689535 
446 248 9 11 0.025325153 
37 295 15 18 0.025275275 
466 324 12 15 0.025201295 
577 266 40 50 0.024777811 
926 6 11 14 0.024747228 
236 223 26 32 0.024741765 
810 284 11 14 0.024571259 
750 302 16 20 0.024549898 
767 330 13 15 0.024374181 
421 284 11 14 0.024373965 
674 326 25 33 0.024219405 
335 238 9 11 0.024166493 
406 309 11 15 0.023979751 
179 364 14 18 0.023945412 
433 307 12 15 0.023883358 
224 301 11 15 0.023780538 
415 304 18 23 0.023765909 
143 401 10 14 0.023760952 
816 318 10 13 0.023645164 
797 295 11 15 0.02363493 
358 269 11 13 0.023604019 
344 259 11 15 0.02348091 
716 226 11 15 0.023441961 
327 288 19 27 0.023422131 
44 169 26 32 0.023374965 
373 285 13 15 0.02321285 
693 396 11 14 0.02317939 
463 309 10 14 0.023090445 
672 39 10 12 0.023003312 
291 245 12 17 0.022979433 
792 322 11 15 0.022861201 
701 279 14 19 0.022772385 
677 38 10 12 0.022743931 
183 282 11 14 0.022721896 
40 287 25 31 0.022598024 
452 365 25 32 0.022556266 
134 314 16 19 0.022432342 
460 268 11 15 0.022409253 
654 30 11 13 0.022385918 
869 323 10 15 0.022280637 
225 291 11 16 0.022262182 
784 252 10 13 0.02223138 
168 354 12 16 0.022214772 
435 341 12 15 0.022189131 
199 309 14 18 0.022125516 
969 241 44 59 0.02207302 
411 292 12 17 0.021979958 
39 235 13 16 0.021968491 
371 305 24 29 0.0219312 
988 237 32 38 0.02191516 
453 322 12 16 0.021825777 
473 298 15 18 0.021725781 
802 24 8 10 0.02170935 
399 274 12 15 0.021616785 
788 236 10 13 0.02160875 
364 362 12 14 0.021608336 
515 303 13 16 0.021597993 
414 302 13 16 0.021567822 
610 280 15 20 0.021505527 
870 317 12 15 0.021443313 
573 259 30 34 0.02142942 
743 263 10 14 0.02133978 
196 217 13 17 0.021309864 
83 242 36 46 0.021287981 
470 245 10 11 0.021253431 
448 334 10 12 0.021220613 
732 228 14 18 0.021121562 
436 334 11 13 0.021107579 
137 308 23 28 0.021070993 
797 305 11 14 0.020974321 
144 390 12 16 0.020889096 
512 285 11 14 0.02088758 
516 277 11 13 0.020817924 
417 133 51 60 0.020786392 
998 318 16 23 0.020652886 
215 313 20 29 0.020619636 
103 271 20 30 0.020398298 
238 281 23 30 0.02030971 
343 300 13 16 0.020254899 
684 312 21 28 0.020232594 
200 355 12 15 0.020192236 
588 291 28 33 0.020164957 
341 245 13 16 0.020159429 
382 208 9 11 0.020140518 
8 313 17 24 0.02009921 
