0_Parade_marchingband_1_234
183
435 312 15 20 0.98931354 
667 321 16 22 0.9867966 
306 312 16 21 0.978451 
508 257 15 19 0.975333 
333 410 18 22 0.97391087 
612 321 16 21 0.97048247 
581 414 17 23 0.9660719 
746 272 16 20 0.96529406 
254 255 15 18 0.95797807 
844 253 15 19 0.9472801 
468 234 14 18 0.941691 
554 311 16 22 0.93786144 
785 320 16 21 0.9373112 
835 328 15 19 0.9336505 
702 419 17 20 0.9321058 
641 248 17 20 0.9317904 
758 420 16 20 0.9284246 
703 255 13 17 0.92827976 
404 410 16 21 0.9188741 
367 308 16 20 0.918468 
284 296 15 18 0.9180174 
318 261 14 18 0.9165129 
354 231 14 16 0.914047 
604 208 14 16 0.91215867 
671 210 14 18 0.90869296 
375 264 13 17 0.90563244 
524 412 16 23 0.8998843 
438 264 12 15 0.8995428 
227 223 13 16 0.8986344 
292 230 13 18 0.8963861 
570 268 15 17 0.8935268 
728 318 15 20 0.8922095 
863 303 15 18 0.89015085 
806 284 15 17 0.88859683 
776 256 14 18 0.88735324 
530 223 15 18 0.8852322 
646 411 16 20 0.87659156 
469 403 18 22 0.87621033 
538 291 16 19 0.8630455 
344 282 13 17 0.84520704 
676 290 16 19 0.84177136 
242 333 16 20 0.83361155 
737 232 13 16 0.83053714 
186 330 17 22 0.8249155 
206 420 16 20 0.8105617 
481 176 15 18 0.8083474 
401 219 13 16 0.79491323 
402 290 15 18 0.77582234 
489 308 14 19 0.76258916 
281 419 15 19 0.7394678 
555 168 12 16 0.6957512 
216 292 15 19 0.6876607 
605 302 16 20 0.5866898 
470 310 13 17 0.5734467 
559 132 29 32 0.45875016 
199 290 21 26 0.39856336 
460 270 10 13 0.30914474 
478 144 29 32 0.252424 
529 267 13 16 0.19639829 
562 127 20 22 0.17269535 
587 237 14 17 0.15932153 
479 168 26 28 0.15233338 
595 260 12 16 0.14364517 
612 267 13 17 0.12507348 
676 280 15 19 0.08787135 
341 285 19 24 0.082152225 
433 228 10 14 0.078462094 
639 413 20 27 0.077220775 
391 246 12 15 0.0740095 
776 226 11 15 0.068262056 
672 294 22 28 0.06773084 
352 204 11 14 0.06323044 
583 241 12 15 0.055675194 
454 252 11 14 0.05259747 
879 290 12 15 0.05197785 
732 261 10 14 0.050633453 
401 189 10 14 0.049076874 
457 274 11 13 0.044896338 
800 290 13 17 0.044564996 
605 312 19 24 0.043858603 
872 296 19 25 0.04284499 
294 264 13 17 0.04260008 
700 228 12 15 0.042024456 
602 259 20 24 0.041430693 
554 155 24 28 0.041214112 
637 425 14 18 0.040271778 
730 311 15 19 0.040085237 
482 136 19 22 0.040034316 
537 297 21 27 0.040019684 
287 202 11 16 0.03959933 
643 309 14 19 0.038659763 
651 347 16 20 0.038165625 
522 306 22 29 0.037813738 
735 204 10 14 0.03762936 
598 178 12 16 0.03754152 
697 257 14 17 0.03719188 
473 146 43 49 0.035597544 
598 208 21 28 0.035465773 
716 299 13 17 0.03524007 
455 260 11 14 0.034675248 
542 259 13 16 0.034033854 
796 289 23 28 0.033966716 
141 426 10 15 0.03371625 
567 121 27 33 0.032670442 
676 252 11 15 0.032204654 
747 236 11 14 0.032170296 
727 485 11 13 0.031725172 
714 341 15 17 0.031556796 
560 170 13 15 0.031496804 
475 230 12 16 0.031441256 
743 279 15 18 0.0313957 
407 405 24 31 0.031170411 
360 234 14 16 0.031117266 
463 240 13 17 0.030879881 
407 261 11 15 0.030731084 
354 297 23 27 0.030380666 
427 283 11 14 0.029739432 
752 270 15 18 0.029485172 
446 253 12 14 0.028183479 
513 255 13 16 0.027503584 
717 307 14 17 0.027476206 
195 277 39 46 0.027177123 
395 296 21 27 0.026965681 
591 265 13 17 0.026938064 
733 266 12 15 0.026576765 
253 224 12 17 0.026555242 
883 300 13 18 0.026511038 
395 249 12 15 0.026468588 
807 253 11 16 0.026349908 
671 258 11 15 0.026040299 
606 271 15 19 0.026016828 
500 209 13 16 0.025382796 
736 315 15 20 0.025325708 
496 308 15 18 0.025227299 
719 297 21 26 0.02495114 
460 263 10 14 0.024708144 
294 298 22 25 0.024502296 
719 313 15 20 0.024498018 
578 271 13 18 0.024459092 
649 311 19 25 0.024346385 
317 228 11 15 0.02411791 
669 182 11 14 0.023903614 
589 230 12 16 0.023813624 
726 254 12 16 0.023800405 
670 245 11 14 0.023753366 
676 318 23 27 0.023526447 
288 306 23 27 0.023456562 
344 253 12 15 0.023394216 
232 195 10 14 0.023384832 
184 325 15 18 0.022902533 
968 655 9 11 0.0227304 
537 315 22 27 0.022672193 
455 402 22 31 0.022299755 
285 259 14 17 0.022149697 
505 221 249 234 0.022111613 
250 324 15 19 0.022026498 
455 266 19 22 0.022013681 
356 284 13 16 0.02200795 
496 194 12 15 0.021974033 
530 407 23 30 0.021875875 
576 261 19 24 0.021804042 
490 317 15 19 0.021788772 
413 268 10 13 0.021727338 
694 284 12 16 0.021601038 
181 298 12 17 0.021526415 
441 207 434 475 0.021518806 
580 203 12 16 0.021422213 
245 283 14 17 0.021375328 
779 254 20 24 0.021342646 
613 235 15 17 0.021337876 
363 293 14 16 0.02124023 
237 326 17 20 0.021179704 
869 295 13 17 0.021116242 
470 205 10 13 0.021108456 
173 454 9 11 0.020831075 
671 279 13 16 0.020647928 
208 186 421 465 0.020602005 
334 272 20 25 0.020597538 
378 221 246 233 0.020504033 
740 204 11 14 0.020482525 
739 224 13 16 0.020452091 
645 217 11 15 0.020393988 
279 258 14 18 0.020059466 
