0_Parade_Parade_0_194
52
699 232 95 148 0.99932146 
114 423 109 135 0.9983127 
362 263 92 120 0.9971214 
204 348 74 104 0.99075514 
555 281 92 109 0.76628727 
1006 888 14 18 0.101022154 
565 748 25 29 0.08027008 
936 780 11 15 0.06938421 
72 781 69 50 0.068893276 
906 1034 16 22 0.05073583 
775 277 114 172 0.049455877 
842 986 12 17 0.04462377 
858 945 16 20 0.043524828 
509 218 402 521 0.043051552 
20 37 214 247 0.042571414 
868 333 11 14 0.041537177 
931 948 22 27 0.040013734 
886 675 107 150 0.035368003 
587 739 13 17 0.034763876 
940 885 12 16 0.03393631 
590 753 13 18 0.03370944 
851 333 12 15 0.031860813 
623 739 10 14 0.031132769 
52 670 10 13 0.030582035 
980 1073 12 14 0.03019083 
975 1050 13 17 0.030000504 
591 761 12 16 0.029405793 
653 768 44 61 0.029320916 
610 868 356 483 0.029095734 
736 754 32 34 0.029048994 
1007 965 12 16 0.02816761 
1001 887 10 13 0.027156644 
630 1247 127 137 0.026956065 
903 762 12 17 0.026808087 
860 938 16 19 0.026587252 
1004 759 10 12 0.025612012 
564 309 105 130 0.024987621 
1009 1051 11 14 0.024947003 
915 981 12 14 0.024446016 
706 1226 129 148 0.024442695 
1014 790 9 13 0.024057807 
871 338 10 13 0.023619233 
934 1035 14 16 0.023365015 
1010 969 12 18 0.023167672 
898 604 62 78 0.0231148 
74 804 38 36 0.02291742 
917 883 16 19 0.022428928 
967 899 10 13 0.022124866 
809 773 26 32 0.022082357 
1012 1047 11 15 0.021478321 
732 254 99 142 0.020913878 
974 1012 11 14 0.020804456 
