0_Parade_Parade_0_266
588
954 336 24 34 0.98743725 
622 379 116 120 0.9411216 
28 419 13 16 0.89462686 
957 308 11 13 0.7020005 
862 571 24 39 0.52406555 
366 357 22 28 0.47247976 
164 331 12 16 0.46885294 
206 332 10 13 0.41615167 
68 444 11 14 0.39681795 
993 323 22 26 0.37947708 
928 297 10 13 0.37470987 
908 440 23 24 0.36759746 
864 310 9 11 0.36703777 
869 309 9 12 0.36099598 
886 318 9 12 0.35632852 
892 370 11 15 0.3459549 
450 409 19 21 0.32563582 
27 449 15 18 0.310365 
814 318 8 9 0.2877243 
110 317 10 13 0.27871445 
265 436 9 11 0.27765873 
872 343 8 10 0.23985761 
922 440 16 22 0.23710428 
863 317 9 11 0.23562333 
894 717 30 49 0.2264816 
895 309 8 10 0.225741 
151 34 362 430 0.22274208 
852 572 23 36 0.20728868 
69 332 11 14 0.20704071 
126 330 11 16 0.20520246 
810 318 8 9 0.19118525 
856 352 9 13 0.18328904 
213 382 9 13 0.18222211 
53 334 9 13 0.16974188 
156 316 9 12 0.1693593 
224 316 11 15 0.16807751 
8 331 8 12 0.16339336 
34 416 13 19 0.16280869 
896 434 27 30 0.15959711 
220 443 11 14 0.15326993 
205 452 10 12 0.15189283 
902 359 8 10 0.14708664 
303 333 10 12 0.1454081 
830 311 8 11 0.14208579 
838 358 8 10 0.14116208 
231 423 8 10 0.14026737 
837 366 8 11 0.13758291 
95 443 14 17 0.13531688 
762 317 9 11 0.13428639 
270 483 11 14 0.13317671 
72 359 11 15 0.1326003 
87 338 13 16 0.12979484 
23 446 13 17 0.12608412 
912 351 9 12 0.12567899 
517 341 12 14 0.12331155 
913 316 9 11 0.12222306 
77 341 10 13 0.122131355 
346 375 18 21 0.1217971 
48 338 11 15 0.11785007 
13 333 9 12 0.11592931 
206 173 12 14 0.11454578 
6 428 11 15 0.1135606 
912 311 8 11 0.11314504 
1001 337 17 22 0.11103206 
892 317 11 13 0.1104622 
858 312 8 10 0.10777902 
24 334 10 13 0.10694126 
228 157 139 171 0.10522421 
791 350 8 10 0.10423157 
541 309 9 11 0.10062453 
225 339 10 13 0.100303985 
781 310 9 11 0.09758972 
901 327 7 10 0.097101875 
896 324 9 11 0.09685001 
159 338 13 15 0.09669149 
76 361 11 15 0.09624817 
994 306 14 18 0.09617284 
133 325 12 16 0.09471638 
28 335 10 13 0.09465278 
78 429 11 14 0.09418386 
146 412 13 19 0.093567796 
872 348 8 10 0.09342802 
382 340 13 18 0.093076296 
872 336 9 12 0.092788495 
173 330 11 17 0.08998544 
5 435 11 16 0.08839405 
47 364 11 17 0.08775508 
340 373 15 20 0.087397456 
830 333 9 11 0.08723295 
256 423 9 11 0.08628554 
395 421 28 30 0.084726036 
840 316 8 11 0.08442867 
124 337 13 17 0.084389314 
293 193 12 16 0.084242605 
73 338 10 13 0.0841133 
228 311 11 15 0.08400915 
192 350 10 13 0.08370346 
63 451 11 14 0.0835351 
902 310 9 10 0.08182477 
889 312 8 10 0.08118367 
239 438 9 12 0.07952906 
862 351 8 12 0.07933103 
994 412 23 30 0.07922943 
687 356 60 96 0.07889472 
954 305 18 23 0.0788296 
238 398 9 12 0.07754505 
335 125 27 30 0.07738115 
813 364 10 13 0.07658266 
203 471 12 15 0.07631151 
166 418 14 16 0.07534984 
535 337 16 18 0.07529753 
826 312 8 10 0.074935794 
134 340 10 14 0.0747901 
11 427 11 14 0.07457045 
200 174 10 13 0.0744248 
49 300 15 19 0.07406651 
897 358 9 11 0.073999554 
274 333 9 12 0.07315631 
44 285 13 15 0.073106505 
240 388 9 12 0.07288402 
542 304 9 11 0.072137736 
93 396 10 13 0.07161683 
858 317 8 10 0.071608 
951 316 11 16 0.07050513 
936 401 11 16 0.06974041 
911 304 9 10 0.06939967 
0 423 9 13 0.06887503 
829 327 10 11 0.06866385 
127 404 11 15 0.06865893 
863 323 9 11 0.06843093 
901 365 9 12 0.067956 
45 419 11 16 0.06772323 
45 476 12 16 0.06756117 
839 372 8 11 0.06738098 
91 404 11 16 0.066787526 
230 438 10 14 0.06663708 
179 332 12 14 0.06631394 
924 427 21 29 0.06615092 
849 352 8 11 0.065010734 
153 278 8 11 0.06480036 
212 324 10 14 0.06470646 
119 441 11 15 0.06410103 
794 324 9 11 0.06338122 
810 314 6 9 0.06336153 
799 320 8 11 0.06331241 
17 279 8 11 0.06288091 
846 318 8 9 0.062405065 
936 348 20 28 0.061988402 
188 355 11 14 0.06194551 
34 356 14 19 0.061537575 
963 303 11 14 0.06141806 
0 455 11 19 0.061270386 
952 319 22 28 0.06120719 
217 206 26 34 0.060524676 
887 390 10 13 0.060443215 
84 474 11 15 0.06036728 
902 303 9 11 0.058827993 
120 332 13 17 0.05856608 
824 317 8 11 0.058462214 
817 336 7 9 0.058401637 
877 342 8 11 0.05800729 
52 369 11 16 0.0579968 
869 316 9 11 0.057458818 
501 311 10 14 0.05720199 
286 367 8 11 0.05696943 
172 415 12 15 0.0569389 
5 424 10 13 0.056443416 
824 333 8 10 0.056430947 
217 405 9 11 0.056096606 
792 319 9 12 0.055750977 
0 484 7 15 0.05541967 
781 316 9 13 0.055245385 
932 359 14 18 0.055222794 
798 336 8 10 0.055149257 
839 352 9 11 0.055062767 
110 400 14 19 0.054259308 
334 373 14 18 0.05332667 
859 357 10 12 0.05248173 
116 317 9 13 0.052188482 
860 745 16 20 0.05192224 
872 585 19 25 0.051787503 
311 228 81 85 0.051411975 
518 345 13 18 0.051391054 
25 324 11 15 0.05135796 
52 476 12 14 0.051273335 
127 376 13 18 0.051230356 
526 310 8 11 0.05120609 
831 341 9 10 0.0511878 
1010 308 12 15 0.05118427 
133 374 13 17 0.05116079 
94 459 13 15 0.050630625 
946 490 14 21 0.05047265 
350 366 23 29 0.050318357 
560 320 9 11 0.04991441 
821 366 8 11 0.049752094 
793 344 8 10 0.049733814 
936 405 22 35 0.0496262 
225 428 10 12 0.049475472 
198 342 10 12 0.049356382 
196 207 43 55 0.049301792 
151 312 10 14 0.048952308 
45 290 14 18 0.048929796 
826 326 8 10 0.048900962 
284 439 11 13 0.048511147 
590 316 14 16 0.048498508 
243 142 16 19 0.048245147 
76 333 10 14 0.04807657 
943 318 11 16 0.04796458 
157 346 12 14 0.047913533 
4 450 12 20 0.047838293 
830 305 8 9 0.047774445 
878 359 8 11 0.047262084 
921 301 9 12 0.047217127 
135 319 12 14 0.047140155 
75 441 12 16 0.04684236 
141 341 10 13 0.04633632 
268 433 9 11 0.04613117 
902 317 10 12 0.04609733 
15 423 11 14 0.045992352 
0 229 11 18 0.045983817 
879 365 9 12 0.045868695 
879 372 11 14 0.045833442 
918 279 11 13 0.045577813 
847 326 8 11 0.045356367 
216 460 9 12 0.045061655 
1011 314 13 20 0.045009337 
930 440 12 18 0.045000635 
214 452 10 13 0.044944905 
748 132 45 59 0.044922765 
118 262 9 12 0.044849783 
197 99 234 264 0.04484443 
93 345 11 14 0.044068974 
183 363 11 15 0.044034306 
88 326 9 11 0.043713182 
180 444 12 14 0.043673564 
880 324 9 12 0.043451514 
141 331 10 14 0.043381605 
942 300 10 14 0.042970646 
106 323 10 14 0.042961746 
356 125 23 30 0.042906396 
862 365 9 10 0.04271631 
47 376 13 16 0.042646646 
809 351 8 10 0.0424004 
152 333 10 14 0.04236363 
537 305 9 10 0.042363405 
160 325 13 17 0.041973166 
444 318 27 35 0.041707937 
118 430 10 14 0.041410036 
933 317 13 16 0.041228168 
192 342 11 14 0.04103318 
848 313 7 9 0.04097595 
468 292 13 18 0.040959917 
149 398 10 14 0.040879723 
852 509 12 16 0.04075118 
46 470 11 15 0.04033104 
216 317 11 14 0.0402445 
816 342 7 9 0.040178977 
88 346 11 14 0.04006527 
65 328 12 15 0.04002166 
77 468 13 16 0.039312825 
824 350 8 10 0.039283544 
952 303 13 17 0.039130338 
264 444 10 13 0.039104328 
809 359 9 12 0.039015517 
846 381 8 10 0.038839743 
87 410 13 16 0.03878984 
469 346 13 18 0.038671527 
523 337 21 24 0.03866187 
608 295 63 67 0.038570005 
93 449 14 18 0.03850015 
53 347 11 14 0.03829896 
153 340 10 14 0.03828263 
39 339 10 14 0.037865892 
902 296 8 9 0.037644483 
701 329 55 89 0.037633013 
888 342 8 10 0.037590113 
916 381 12 13 0.03723621 
410 363 16 20 0.03713367 
201 326 12 15 0.037125185 
877 334 9 12 0.03707471 
872 297 8 9 0.037062243 
142 317 11 13 0.036894273 
839 325 9 12 0.036886252 
88 318 9 12 0.036880143 
714 373 35 61 0.036850244 
22 380 10 13 0.03682507 
502 334 11 17 0.03670392 
903 351 9 13 0.03651139 
889 363 18 25 0.036341272 
91 439 23 29 0.036147486 
374 342 14 16 0.036104664 
1002 313 21 32 0.036084052 
872 388 9 12 0.036029905 
221 388 9 12 0.035996825 
46 346 11 14 0.035985306 
888 359 9 12 0.03592932 
843 604 11 14 0.035751466 
866 342 9 11 0.035515714 
245 430 9 12 0.035507914 
979 386 19 23 0.035470355 
822 359 8 11 0.035434633 
35 446 13 18 0.035179894 
236 167 14 20 0.03510583 
166 425 16 21 0.035105594 
239 444 11 13 0.034831956 
526 305 8 10 0.03479173 
273 328 8 11 0.034710683 
903 332 8 10 0.034564823 
120 324 12 15 0.034356967 
949 311 20 26 0.03434665 
47 328 10 13 0.03405166 
826 304 8 9 0.033807743 
5 424 19 24 0.03376967 
897 351 9 12 0.033746347 
37 350 12 15 0.033692237 
166 317 11 13 0.033666 
174 318 10 12 0.033630252 
101 340 10 15 0.033623848 
455 287 14 20 0.033619 
227 210 14 18 0.033461317 
12 326 11 15 0.033436153 
95 317 9 11 0.033431023 
104 310 10 13 0.033274412 
520 316 10 12 0.033128105 
78 326 9 12 0.033044077 
280 317 8 12 0.0330301 
814 674 14 18 0.032971255 
879 311 8 11 0.032954793 
449 169 41 52 0.032809272 
189 446 10 13 0.03279393 
93 326 10 13 0.03251075 
77 348 10 12 0.032456346 
900 371 10 14 0.032439087 
301 329 10 12 0.032409478 
118 371 14 17 0.032206614 
30 310 10 14 0.032005433 
7 284 9 13 0.031862665 
957 253 11 14 0.03176306 
428 298 13 17 0.031756733 
245 389 8 11 0.031729624 
982 307 13 17 0.03171357 
824 342 8 10 0.031633466 
497 309 10 13 0.031482182 
526 316 9 11 0.031202912 
961 313 14 17 0.03110114 
201 286 9 12 0.031013923 
254 451 9 13 0.030892817 
216 253 10 13 0.030814642 
510 339 13 16 0.030783026 
207 271 9 11 0.03069092 
409 418 19 22 0.030618368 
135 357 12 16 0.03058338 
903 397 11 14 0.030529654 
282 193 122 149 0.030377654 
944 309 10 13 0.030377647 
346 505 26 36 0.030289253 
52 427 11 14 0.030246641 
934 380 11 16 0.03011433 
861 582 44 50 0.0300271 
47 426 10 14 0.030021206 
317 360 10 13 0.029929208 
37 405 12 16 0.029901855 
140 372 11 17 0.029886417 
989 424 15 20 0.029683534 
833 371 9 12 0.029630356 
111 339 13 16 0.029595615 
928 323 11 14 0.029441232 
778 305 8 10 0.029405301 
190 286 9 12 0.029277546 
212 205 17 19 0.029245852 
123 437 11 15 0.029210983 
546 154 15 18 0.02913897 
934 490 24 35 0.029123325 
815 371 9 12 0.029024621 
144 397 11 15 0.02891242 
903 286 9 12 0.028840186 
320 327 7 10 0.02872179 
5 375 12 15 0.028674334 
924 523 12 16 0.028603163 
256 390 8 9 0.028541757 
237 128 24 29 0.028244443 
24 424 12 15 0.028198294 
740 140 30 39 0.028166989 
886 377 13 16 0.028140012 
257 428 9 12 0.028121443 
807 342 9 10 0.028116656 
211 331 11 14 0.028113926 
970 402 40 51 0.02810869 
846 375 9 12 0.02808908 
374 345 21 27 0.0279047 
565 319 8 12 0.027809922 
256 448 9 11 0.027789732 
253 178 32 40 0.02774522 
203 204 25 33 0.027632609 
871 326 9 10 0.027627215 
567 311 8 11 0.027553715 
776 325 8 10 0.027421469 
928 331 10 14 0.027341252 
387 343 12 18 0.027203362 
958 471 15 19 0.027137754 
438 311 13 20 0.02712625 
841 382 8 9 0.027116964 
60 372 10 14 0.02705477 
215 309 12 15 0.02690511 
855 324 9 11 0.026772574 
220 486 14 17 0.0267705 
14 443 12 17 0.02668307 
245 447 10 12 0.026676293 
337 358 38 48 0.0266379 
14 282 11 13 0.026373848 
254 182 74 84 0.026343113 
281 452 18 22 0.026276082 
935 408 14 22 0.026268821 
984 416 26 31 0.026134156 
896 286 9 11 0.026100012 
188 208 28 40 0.026001718 
1010 329 13 19 0.02593522 
54 460 11 15 0.025923217 
78 462 11 15 0.02587252 
935 348 12 16 0.025706222 
916 310 9 12 0.025679272 
521 310 9 12 0.025644993 
244 436 10 13 0.025590682 
237 453 12 14 0.025439398 
136 346 11 14 0.025411915 
917 387 11 14 0.02540496 
877 349 9 10 0.02538986 
259 501 11 14 0.025330994 
874 357 9 12 0.025322186 
149 404 11 17 0.025302108 
213 176 13 17 0.025288215 
485 336 44 53 0.025262896 
236 422 10 12 0.025174208 
92 466 13 15 0.02500772 
341 141 16 21 0.02492746 
927 396 12 15 0.024857968 
222 462 9 11 0.024853727 
77 451 9 13 0.024853002 
0 284 9 14 0.024749141 
271 126 12 15 0.024722667 
112 428 11 14 0.024649166 
218 192 53 61 0.024549346 
611 258 13 17 0.02448856 
157 278 8 12 0.024482148 
258 384 7 10 0.024421759 
838 342 9 10 0.02428423 
116 311 10 13 0.02422358 
47 460 11 13 0.02415556 
24 373 11 15 0.02410023 
693 467 13 17 0.024015624 
133 399 11 15 0.0239355 
22 314 12 16 0.023861775 
975 308 12 16 0.023857994 
484 345 15 21 0.023843754 
38 368 14 20 0.023839522 
1005 304 12 15 0.02383379 
132 410 12 16 0.023799704 
863 719 46 57 0.023767423 
512 303 8 11 0.02374214 
822 373 8 11 0.023650955 
934 333 9 14 0.023638392 
463 295 12 16 0.023521736 
31 349 12 15 0.023517465 
288 373 8 10 0.023453139 
221 172 10 14 0.023378875 
224 366 10 13 0.023371777 
182 337 11 15 0.023362214 
927 388 11 13 0.023354847 
932 420 23 35 0.023324642 
941 397 13 18 0.023304623 
974 301 11 15 0.023258079 
73 350 10 12 0.02321222 
51 483 13 15 0.023201648 
117 344 13 16 0.023195904 
238 458 23 28 0.023146005 
102 430 11 14 0.023086393 
925 293 18 23 0.023085508 
221 469 10 12 0.02307549 
691 475 16 20 0.02299571 
251 476 11 16 0.022978274 
13 450 12 17 0.022975763 
924 420 15 21 0.02295141 
227 144 22 32 0.022911943 
221 303 10 13 0.02288886 
896 333 9 11 0.022882305 
511 332 21 26 0.022878496 
316 371 12 17 0.022849532 
104 317 19 24 0.022832505 
845 580 18 23 0.022830768 
935 340 10 15 0.022737771 
774 358 9 10 0.022710115 
911 373 10 12 0.022697577 
421 297 14 18 0.022688257 
45 359 11 16 0.022673732 
62 338 10 14 0.0226493 
611 308 30 41 0.02261404 
222 398 9 12 0.022585431 
30 406 12 16 0.022573203 
306 219 15 19 0.02255149 
865 334 9 11 0.022494318 
187 202 15 21 0.022485364 
558 356 161 180 0.022461012 
4 315 12 16 0.022455886 
921 408 25 32 0.02241734 
191 316 10 13 0.022410512 
892 440 18 23 0.022337606 
206 420 9 13 0.02231491 
109 346 12 14 0.022284472 
207 321 18 23 0.02227118 
880 389 10 13 0.022193 
362 158 16 19 0.022192225 
847 332 9 11 0.02217208 
194 172 10 14 0.02216399 
335 333 10 12 0.022119632 
10 458 12 17 0.022111725 
126 320 11 14 0.022100886 
176 366 11 15 0.02206945 
2 330 10 15 0.021996079 
265 477 12 15 0.021968639 
820 606 30 38 0.021949697 
584 314 12 15 0.021921907 
65 439 12 16 0.021887504 
460 318 13 18 0.02184383 
188 363 11 15 0.02181831 
998 363 15 18 0.021764465 
573 285 10 13 0.021689115 
643 276 17 19 0.02167868 
824 383 8 9 0.021658575 
207 214 14 20 0.021616125 
272 461 12 14 0.021606179 
979 303 21 27 0.02160252 
970 606 42 59 0.021596733 
334 317 9 11 0.021575134 
241 170 60 72 0.021574039 
858 730 13 17 0.021551654 
244 85 27 33 0.021493405 
614 275 25 28 0.02148831 
879 295 8 10 0.021423342 
51 359 11 14 0.021412127 
768 358 8 11 0.021391883 
229 321 10 13 0.021383725 
43 453 11 14 0.02137374 
183 310 9 12 0.021353077 
293 326 11 13 0.021307059 
190 333 11 15 0.021287307 
551 296 7 9 0.021263883 
909 366 10 12 0.021172233 
378 417 38 51 0.021166468 
166 287 8 10 0.021138018 
83 420 14 19 0.021121357 
880 568 40 48 0.021117331 
961 720 52 55 0.021046616 
255 253 9 10 0.02094932 
45 279 12 15 0.020929264 
948 482 26 36 0.020909788 
969 304 21 26 0.020888057 
620 271 55 59 0.02080701 
431 233 14 18 0.020799793 
285 431 10 12 0.020778112 
862 305 17 23 0.020755302 
870 396 12 15 0.020750582 
150 325 11 14 0.020734768 
280 358 9 10 0.020696443 
71 467 12 15 0.02059734 
264 389 9 10 0.020581525 
637 452 33 39 0.020540783 
865 535 15 19 0.020537965 
5 320 18 26 0.020524925 
201 331 20 25 0.02044291 
808 312 18 22 0.020437196 
898 294 8 10 0.02042425 
612 277 16 20 0.020360904 
877 429 14 20 0.02035182 
807 324 8 10 0.02034043 
814 350 8 10 0.02033247 
750 337 12 18 0.020284727 
14 313 11 16 0.020266954 
683 505 13 15 0.02025292 
872 364 10 11 0.020228034 
241 366 8 11 0.020224323 
497 315 10 14 0.020207772 
223 373 10 12 0.020201556 
232 460 12 15 0.020195346 
927 381 10 14 0.020164011 
912 278 11 14 0.020055747 
946 398 15 21 0.020028895 
467 194 13 17 0.020027615 
278 326 9 12 0.02001197 
