0_Parade_marchingband_1_156
270
569 250 57 66 0.9987923 
169 246 62 77 0.9981862 
868 186 82 98 0.9858825 
888 0 16 18 0.5271524 
748 156 14 19 0.50956535 
288 253 22 32 0.44780105 
452 215 17 21 0.3597213 
327 9 18 21 0.3305205 
68 200 17 20 0.28752324 
442 258 14 19 0.2681337 
154 135 46 53 0.26500025 
403 188 15 19 0.2357151 
714 153 21 23 0.22820854 
349 199 14 17 0.22045228 
445 289 15 18 0.21516098 
36 574 30 45 0.20947352 
269 219 17 21 0.20325574 
353 332 22 28 0.18410084 
734 230 16 20 0.18334633 
345 137 15 20 0.16987944 
823 21 13 17 0.16749404 
738 6 15 19 0.16709301 
437 187 17 21 0.15762474 
708 350 13 19 0.12921631 
659 91 13 17 0.12460979 
978 20 14 18 0.12135338 
342 265 16 20 0.120103635 
15 196 15 20 0.11433636 
723 185 15 19 0.11381466 
316 195 14 17 0.11346075 
774 216 14 20 0.11136648 
457 154 15 18 0.11020214 
754 121 17 24 0.107344486 
666 110 16 21 0.104720764 
942 -1 15 15 0.09630371 
45 17 17 23 0.09467706 
383 173 13 15 0.09314145 
805 0 16 19 0.093118414 
86 55 16 20 0.092836544 
716 255 14 18 0.092391826 
571 174 25 32 0.09025872 
1007 208 14 21 0.08748771 
323 240 16 21 0.0868255 
267 -3 18 17 0.08439117 
692 191 15 18 0.0842521 
765 125 17 22 0.08387483 
404 268 14 19 0.0837178 
4 327 16 23 0.08334174 
295 187 14 18 0.08230358 
469 89 15 19 0.079890504 
377 19 15 19 0.07735626 
232 155 42 56 0.0763077 
301 91 17 20 0.074137904 
516 129 15 20 0.07294081 
797 269 14 16 0.07253643 
382 202 16 21 0.0720491 
263 34 15 18 0.06997454 
299 0 16 18 0.0695361 
5 239 13 17 0.06876907 
60 -1 14 14 0.06674933 
470 97 15 20 0.06634953 
8 603 26 36 0.065867655 
509 452 162 204 0.06580069 
733 333 21 30 0.064523876 
954 39 18 22 0.0633053 
363 276 18 23 0.063087754 
75 498 46 62 0.062653646 
509 111 15 19 0.06237496 
187 22 15 20 0.061112057 
261 165 13 17 0.05934902 
243 18 19 22 0.056611285 
643 202 17 24 0.056602117 
94 217 28 38 0.055985343 
713 298 16 21 0.055582605 
635 144 16 20 0.054966137 
475 92 14 18 0.053999167 
509 81 15 20 0.053753152 
397 266 14 18 0.053171493 
469 262 15 18 0.052852985 
811 89 15 20 0.05263889 
998 93 15 19 0.052542366 
414 341 15 20 0.05202506 
908 82 29 37 0.05139769 
354 195 14 17 0.05135423 
478 66 16 19 0.04903562 
924 29 17 21 0.047880653 
34 18 24 29 0.04774446 
293 245 14 17 0.047402523 
625 169 21 32 0.0468954 
770 169 16 20 0.046801083 
522 115 16 19 0.044958938 
282 591 147 176 0.04486249 
650 361 15 20 0.044548415 
132 0 14 13 0.0439794 
580 170 28 34 0.04391369 
662 254 16 21 0.043691978 
715 11 14 17 0.04358016 
213 82 15 20 0.043562833 
610 170 40 50 0.043236874 
703 92 14 17 0.043067474 
707 123 15 20 0.042703304 
419 167 16 21 0.042556297 
131 22 15 20 0.042282242 
774 -3 15 15 0.042225007 
986 215 41 70 0.04181287 
738 206 14 19 0.04161379 
795 26 14 16 0.041188788 
531 -1 15 14 0.04098927 
342 226 14 17 0.04081614 
396 52 16 19 0.040213116 
636 171 17 25 0.040153924 
19 9 18 22 0.03947647 
970 90 15 20 0.039323553 
252 165 42 56 0.039022636 
593 8 15 17 0.03887167 
790 136 15 20 0.03885842 
515 112 17 20 0.03872795 
198 47 16 21 0.038601637 
482 187 26 35 0.038418025 
74 205 39 51 0.03825734 
621 183 15 23 0.03762911 
685 275 14 19 0.03718774 
12 146 16 22 0.03712502 
357 280 16 21 0.037051715 
1004 113 14 24 0.037016 
816 111 21 28 0.036849853 
810 98 15 21 0.03660129 
974 51 14 18 0.036570303 
81 213 25 31 0.036190905 
484 175 17 22 0.035498526 
950 568 31 38 0.035245232 
585 160 25 30 0.03513471 
83 159 18 23 0.03495523 
795 129 17 24 0.034485493 
430 140 15 18 0.034003817 
283 299 17 22 0.03394481 
254 204 21 28 0.033679135 
655 108 25 31 0.03313403 
390 260 13 19 0.032816794 
73 507 31 38 0.032574113 
333 11 21 25 0.032140866 
567 185 31 39 0.03193866 
314 344 18 22 0.031753212 
215 144 43 54 0.031668544 
354 88 14 18 0.031487085 
851 19 17 21 0.031428047 
890 66 42 52 0.03139947 
996 96 21 31 0.031363793 
519 193 15 19 0.031297807 
895 2 15 17 0.03122224 
300 225 17 20 0.031074043 
441 43 16 18 0.03106943 
732 535 43 54 0.031020613 
434 46 23 29 0.030987762 
191 138 46 54 0.030870631 
311 294 24 31 0.03073837 
174 134 32 38 0.0302292 
283 167 16 20 0.03007572 
297 25 15 20 0.029971218 
686 10 13 16 0.02996832 
396 10 16 19 0.029895686 
710 293 15 20 0.029847428 
436 390 85 101 0.029825743 
777 223 14 19 0.029349457 
710 16 14 18 0.029063884 
566 178 16 24 0.029012192 
394 146 16 20 0.02887636 
365 191 14 18 0.028822418 
10 198 23 31 0.028805532 
936 113 43 56 0.028772011 
608 179 26 33 0.028449563 
253 160 14 19 0.02838913 
460 -3 15 14 0.02825511 
341 33 18 23 0.028169092 
361 325 16 20 0.027985627 
308 167 16 19 0.027964547 
294 145 15 17 0.02778751 
778 43 15 20 0.027754167 
380 140 15 19 0.027688814 
772 296 16 21 0.027576484 
670 173 15 20 0.027571384 
254 161 25 33 0.027459128 
923 84 21 35 0.02731859 
155 65 16 20 0.027227191 
26 30 17 23 0.027082762 
346 19 14 17 0.027018212 
997 52 14 18 0.02695735 
66 129 18 21 0.026940191 
1004 287 15 22 0.026863094 
313 348 50 62 0.026645344 
29 243 16 22 0.026587328 
908 183 81 111 0.026499083 
467 112 15 19 0.02636153 
621 112 16 20 0.026297381 
721 256 16 20 0.026230147 
240 152 28 37 0.026200688 
246 180 29 41 0.026086895 
43 313 13 17 0.026057096 
286 121 14 18 0.025771106 
-2 290 13 24 0.025593054 
376 146 13 17 0.025557708 
365 269 15 18 0.025449438 
320 10 17 22 0.025449235 
669 263 26 35 0.025418507 
27 585 26 34 0.025376389 
236 0 17 19 0.025279146 
273 163 25 31 0.024853189 
321 155 15 19 0.024614267 
444 54 17 24 0.024566729 
273 213 16 20 0.024513314 
791 273 23 27 0.024435023 
12 21 50 65 0.024414167 
774 102 14 17 0.024334138 
595 173 28 34 0.02418641 
629 158 23 34 0.024073957 
655 96 21 30 0.023917153 
676 274 15 20 0.023795763 
717 50 15 17 0.023709392 
503 90 12 15 0.023700386 
483 92 14 18 0.023485392 
54 103 16 21 0.023475474 
339 66 17 21 0.023438519 
138 -2 14 14 0.023356998 
601 162 16 19 0.023324903 
188 77 13 17 0.023253515 
142 299 12 17 0.0232136 
502 -3 16 16 0.023029508 
298 94 26 31 0.023025377 
502 82 15 18 0.022939473 
315 160 18 22 0.022610197 
42 148 17 20 0.022543354 
758 264 14 18 0.022524381 
138 66 16 19 0.022524344 
145 140 33 40 0.022485018 
232 221 25 31 0.022469101 
261 285 39 52 0.022323005 
300 140 16 19 0.022315213 
537 163 25 33 0.022278273 
798 118 22 29 0.02210997 
17 591 27 37 0.02208548 
306 84 16 21 0.022060486 
743 337 18 24 0.021960888 
767 -1 13 12 0.021954974 
710 219 16 21 0.02161882 
323 148 13 17 0.021558812 
763 257 15 19 0.021372946 
311 84 23 27 0.021321801 
475 104 12 17 0.02129857 
141 161 51 58 0.021298483 
396 42 16 19 0.021186182 
349 1 16 19 0.020937348 
330 335 42 57 0.020905979 
420 100 15 19 0.020903256 
394 268 22 28 0.02085495 
299 180 13 17 0.020781683 
609 187 45 59 0.020726878 
425 52 26 32 0.020713916 
854 -3 12 12 0.02071232 
52 -1 26 31 0.020649914 
285 151 27 33 0.020644516 
315 121 18 22 0.0205835 
386 213 15 20 0.020462116 
405 327 14 18 0.020399792 
978 55 16 19 0.020320047 
330 185 16 21 0.020311197 
716 122 14 19 0.020281928 
65 202 29 36 0.020250663 
515 88 15 18 0.020201482 
909 77 15 19 0.020114759 
612 177 16 22 0.020055246 
