0_Parade_Parade_0_688
271
882 523 13 17 0.92785674 
535 461 17 23 0.89153403 
279 525 20 27 0.7746536 
565 541 16 22 0.72970814 
444 497 29 36 0.6647781 
846 568 14 19 0.6377864 
840 531 10 12 0.59361935 
450 531 29 31 0.54275686 
811 526 15 21 0.3711454 
822 533 10 14 0.3666359 
213 542 15 22 0.3235553 
26 561 8 10 0.26173812 
529 589 24 29 0.23399332 
434 489 45 60 0.21482041 
205 549 14 18 0.19144656 
894 534 10 12 0.1882143 
365 529 13 16 0.17901528 
918 541 9 12 0.17647496 
975 534 10 13 0.16879717 
263 531 12 17 0.16195832 
1006 548 9 11 0.15432282 
5 571 12 15 0.15175055 
911 534 9 11 0.14857899 
981 534 9 12 0.14412512 
775 535 9 13 0.14021434 
6 581 13 17 0.1351696 
12 588 10 12 0.13437106 
829 533 10 13 0.13327913 
741 530 14 17 0.12506531 
880 528 11 15 0.124759585 
54 557 9 10 0.11940604 
911 528 7 9 0.113536246 
980 599 15 18 0.11175326 
968 512 8 11 0.110809706 
269 528 14 21 0.10392642 
1002 542 8 12 0.10387994 
959 541 8 10 0.103490636 
862 526 10 12 0.10264802 
269 580 28 34 0.09938187 
912 539 11 14 0.09907677 
526 498 14 18 0.097849384 
28 565 9 11 0.09395543 
981 540 10 12 0.09190268 
871 534 10 13 0.088787675 
31 596 10 14 0.086513266 
903 533 10 13 0.079580836 
943 533 8 10 0.079265125 
831 557 10 13 0.07719716 
975 492 11 14 0.07646769 
47 574 7 10 0.07597685 
276 519 13 18 0.074397154 
831 526 11 14 0.07406622 
308 514 14 21 0.073527925 
71 576 9 12 0.07147981 
801 530 13 16 0.07095583 
767 541 10 13 0.070048094 
53 599 13 15 0.069289535 
1014 532 8 10 0.06902241 
906 528 9 11 0.06891131 
781 541 9 12 0.06800097 
593 599 16 22 0.06667526 
734 477 16 25 0.06652097 
945 528 8 10 0.06324318 
238 537 12 16 0.06267078 
968 539 11 12 0.06250437 
339 568 38 49 0.062283468 
949 526 9 11 0.060308967 
816 526 18 24 0.059653066 
56 552 8 10 0.058452398 
508 520 15 18 0.057831716 
1 557 9 12 0.057706587 
368 476 10 13 0.056447793 
472 454 10 13 0.056335993 
288 533 16 22 0.056038465 
268 580 17 21 0.05495806 
200 554 14 19 0.054152474 
999 535 8 10 0.05363857 
869 540 13 16 0.051997807 
836 525 18 21 0.051547136 
410 426 14 17 0.051493768 
791 532 10 12 0.051172297 
529 465 14 17 0.051045425 
988 549 10 13 0.050771736 
936 533 9 10 0.050690122 
900 539 13 15 0.050277874 
991 526 10 12 0.049968477 
841 571 12 16 0.04959574 
959 536 9 11 0.0489579 
781 534 10 13 0.04889504 
65 577 8 10 0.04868898 
863 532 11 13 0.04771279 
190 516 9 11 0.047168978 
982 528 10 12 0.046545893 
975 528 10 12 0.046541285 
435 467 26 30 0.045867044 
253 538 14 19 0.04572913 
893 573 11 13 0.045402166 
734 599 11 14 0.044241454 
924 543 9 12 0.044020493 
221 536 20 26 0.043882266 
2 565 10 14 0.04342849 
908 546 13 16 0.0432762 
218 532 15 20 0.042627815 
37 589 9 12 0.042406444 
307 23 212 260 0.0419246 
228 547 11 16 0.04062077 
567 529 20 28 0.04056192 
894 566 10 13 0.039480492 
33 583 8 10 0.039377652 
952 533 8 10 0.039330743 
973 516 9 12 0.03927088 
1009 527 9 11 0.039191812 
991 533 9 11 0.03911587 
891 527 11 15 0.03891707 
62 549 8 11 0.038902003 
930 528 8 10 0.03823758 
855 533 9 12 0.038224768 
1011 604 13 19 0.038083676 
210 551 14 19 0.038049977 
48 568 8 10 0.037772533 
341 539 15 19 0.03762275 
244 539 12 16 0.037529584 
838 551 10 13 0.03749101 
46 541 9 11 0.036952242 
954 542 8 11 0.036732916 
438 443 11 13 0.03660775 
30 551 9 10 0.036551673 
339 471 12 14 0.03625855 
51 558 8 10 0.03613466 
1013 542 9 13 0.035930313 
13 573 9 12 0.03579049 
236 546 13 17 0.035327155 
38 584 8 10 0.03424569 
857 527 10 11 0.0340973 
484 281 46 57 0.03397024 
75 535 8 11 0.033952676 
980 491 10 14 0.033675168 
870 525 11 14 0.033328786 
906 535 20 25 0.03314802 
59 602 12 14 0.03262335 
356 486 14 16 0.03217361 
252 546 13 17 0.03139487 
313 627 37 43 0.031243045 
760 540 10 13 0.031177366 
23 591 12 15 0.031148205 
432 427 11 13 0.030854259 
519 499 14 17 0.030670812 
71 567 9 11 0.030362356 
581 538 13 18 0.02985994 
41 542 8 11 0.029847218 
935 541 10 13 0.029781904 
578 523 21 29 0.02967629 
869 565 15 20 0.029674374 
657 228 24 29 0.02956183 
281 580 27 31 0.029520597 
671 470 12 13 0.029157694 
898 530 21 24 0.028969064 
507 529 15 19 0.028705921 
748 541 11 13 0.028663298 
334 588 28 35 0.028286913 
591 583 28 40 0.028047789 
781 547 10 13 0.027897354 
55 576 8 9 0.02765297 
468 458 13 15 0.027596874 
256 575 26 30 0.027365958 
379 476 12 15 0.02720188 
54 581 9 11 0.027100854 
540 507 14 19 0.027035002 
72 542 9 12 0.027018277 
494 458 24 31 0.026991434 
837 500 9 12 0.026986284 
989 542 10 12 0.026964996 
1006 555 12 15 0.026949842 
910 587 11 14 0.026513511 
810 586 16 20 0.026471723 
1011 636 14 20 0.026450822 
886 548 11 14 0.02631305 
885 579 13 15 0.026241831 
318 753 11 13 0.026218887 
701 599 15 17 0.026124908 
356 538 14 18 0.026106995 
174 518 8 10 0.026078422 
1016 573 10 13 0.026026191 
924 567 12 14 0.025870921 
604 515 16 18 0.0258205 
499 465 14 18 0.02568519 
629 525 10 15 0.02567731 
892 578 12 15 0.025553236 
68 595 13 15 0.0255057 
35 598 10 13 0.025449969 
895 545 12 16 0.025249764 
32 574 8 11 0.025062561 
740 519 14 18 0.025042634 
539 569 17 19 0.025030361 
55 565 8 10 0.025028192 
49 597 10 13 0.024930522 
874 545 15 19 0.024906293 
316 615 29 31 0.024884272 
527 499 22 28 0.02478767 
661 528 13 16 0.024720972 
212 560 12 17 0.024671918 
53 591 11 13 0.024613218 
877 620 94 130 0.024552744 
420 423 12 14 0.024354791 
958 501 9 12 0.02427046 
475 345 15 20 0.024033971 
525 588 17 22 0.02403141 
598 596 35 34 0.023868777 
911 565 11 14 0.023851348 
344 531 23 27 0.023581631 
40 574 8 10 0.023552986 
997 527 10 12 0.023468923 
893 645 13 16 0.02346641 
964 721 41 51 0.023466405 
24 573 9 11 0.02343547 
729 598 10 12 0.02330652 
989 516 13 15 0.023241531 
198 540 12 16 0.02321678 
299 532 14 20 0.02321365 
685 604 12 14 0.023025364 
508 484 13 16 0.022681706 
35 604 11 13 0.02257594 
285 513 25 32 0.022518974 
899 541 22 25 0.02245317 
49 536 8 10 0.022396905 
830 520 11 14 0.02229318 
684 529 13 17 0.022271255 
847 550 10 12 0.022234423 
520 507 24 30 0.022127768 
757 557 12 17 0.022067575 
973 498 11 13 0.022038579 
824 527 17 23 0.022019114 
942 541 10 12 0.022014558 
865 535 21 26 0.022013772 
916 597 11 16 0.021952339 
40 550 8 10 0.02192511 
855 541 10 13 0.021875262 
983 734 36 38 0.021859983 
219 525 14 18 0.021849308 
571 263 16 20 0.021842932 
918 564 11 15 0.021817552 
313 752 9 11 0.02177989 
39 558 8 11 0.02174773 
835 556 12 14 0.021559672 
888 528 19 22 0.02149247 
637 258 14 19 0.02134713 
63 558 8 10 0.021243231 
828 539 10 12 0.021209588 
230 530 14 19 0.021166196 
31 543 11 12 0.02113824 
783 525 12 15 0.021052675 
425 485 81 104 0.02093784 
118 511 26 31 0.020843698 
893 652 10 15 0.020820308 
769 531 19 25 0.020798538 
277 537 28 35 0.020731358 
398 376 13 16 0.020656541 
71 559 8 10 0.020635491 
334 537 13 17 0.02061613 
835 618 14 15 0.020569911 
78 573 11 15 0.020565925 
653 529 13 16 0.020496203 
62 544 9 11 0.020470427 
492 295 12 19 0.02040393 
495 468 12 15 0.020366961 
451 456 17 18 0.020332666 
192 619 12 18 0.020264123 
789 541 10 13 0.020174386 
948 571 12 15 0.020122502 
750 588 10 12 0.020019012 
15 567 8 11 0.02001452 
