0_Parade_marchingband_1_227
435
461 136 29 39 0.9924695 
914 141 38 49 0.97405136 
286 139 24 32 0.9726961 
411 113 24 31 0.9430002 
596 133 20 28 0.93848616 
841 125 28 37 0.9352824 
290 100 21 28 0.90515596 
176 107 23 30 0.8870599 
558 85 18 24 0.81233364 
511 106 23 28 0.8030802 
487 94 21 29 0.71719277 
348 104 16 20 0.6849733 
68 97 17 20 0.67663825 
132 91 11 15 0.50281453 
249 89 21 26 0.49835917 
100 81 15 20 0.4440126 
21 60 15 17 0.40909037 
329 87 14 20 0.40280318 
716 79 65 66 0.39012504 
58 67 15 19 0.3650334 
0 82 11 17 0.31081522 
496 84 25 31 0.29857385 
4 108 16 22 0.29164577 
363 89 13 18 0.2756101 
636 99 15 20 0.2714881 
378 96 14 18 0.2713024 
720 45 98 112 0.26333043 
389 163 23 34 0.23871349 
605 135 23 30 0.23712668 
34 93 15 18 0.2287398 
150 103 16 20 0.19491284 
168 77 11 15 0.1922096 
100 107 15 19 0.18666895 
643 100 15 21 0.184062 
190 85 13 16 0.18131451 
506 82 27 31 0.17947245 
30 99 22 29 0.17879508 
213 74 12 16 0.16768934 
599 82 11 16 0.16567297 
283 177 14 18 0.16152911 
484 49 25 30 0.15754908 
293 94 16 20 0.15497537 
291 330 33 38 0.15401909 
298 139 22 32 0.15294558 
421 104 23 29 0.15134674 
784 87 24 31 0.15033244 
806 101 31 44 0.13835555 
171 80 14 17 0.13502349 
517 95 22 28 0.13418372 
126 86 14 17 0.13118736 
606 105 14 20 0.13059528 
34 64 15 19 0.12829992 
430 99 14 19 0.1240644 
141 162 15 19 0.1198324 
310 92 12 17 0.11897673 
27 62 16 21 0.118086606 
374 55 14 17 0.117313795 
246 82 18 21 0.117133476 
150 93 12 15 0.116453856 
144 77 11 13 0.11499605 
277 173 14 19 0.109481536 
588 92 10 14 0.10854484 
374 83 16 19 0.10705788 
226 108 16 20 0.1062511 
713 98 41 44 0.10503102 
35 118 18 23 0.102921814 
760 81 53 68 0.10184754 
126 99 14 18 0.100579016 
534 33 24 32 0.1001755 
347 68 24 29 0.099005185 
380 139 15 20 0.09897546 
766 101 27 35 0.09775102 
321 219 135 192 0.09764217 
632 95 11 14 0.0951044 
366 152 16 22 0.0950452 
646 85 11 14 0.0873391 
209 202 15 22 0.086808056 
935 108 24 29 0.0861444 
308 98 15 21 0.08499463 
469 112 17 22 0.08355278 
171 161 16 21 0.07932199 
615 94 10 13 0.077723145 
118 152 14 21 0.07739829 
356 122 21 27 0.07730542 
616 135 22 30 0.07723202 
102 99 15 18 0.07669241 
94 77 15 21 0.0741803 
266 99 14 19 0.0736439 
221 111 19 29 0.07269511 
241 114 14 18 0.07185117 
355 98 15 19 0.070766985 
578 166 17 23 0.07040101 
66 73 14 18 0.06871313 
149 87 11 14 0.06723811 
325 185 15 22 0.066852264 
583 99 10 15 0.065315336 
67 84 14 18 0.06498482 
29 113 14 20 0.064724766 
198 63 8 11 0.06472437 
313 145 23 28 0.06381855 
103 67 13 17 0.06292724 
866 126 40 48 0.062691994 
3 76 13 19 0.0626856 
851 11 38 44 0.06256755 
608 123 23 30 0.06181251 
181 78 10 14 0.060480278 
365 114 15 18 0.060235046 
199 69 8 11 0.0587371 
315 91 15 19 0.057646785 
219 75 12 16 0.05721321 
316 69 10 13 0.056808125 
108 92 11 15 0.056554627 
328 142 22 32 0.055617586 
135 53 12 15 0.055582337 
882 130 42 51 0.055175092 
735 109 36 37 0.054872114 
183 83 11 16 0.05466555 
143 92 11 15 0.05366413 
661 105 13 18 0.053397704 
232 114 21 28 0.053353578 
209 69 11 15 0.053111833 
120 107 12 16 0.0523807 
269 178 15 19 0.05235062 
436 94 13 16 0.051838927 
686 91 107 105 0.05173183 
371 112 17 21 0.051645163 
394 101 14 18 0.051613167 
271 54 8 12 0.05152211 
282 303 51 70 0.050977804 
611 101 13 18 0.050625086 
373 99 21 28 0.050535142 
534 115 14 20 0.050409116 
257 99 16 21 0.050339773 
3 67 12 16 0.050126083 
2 87 14 19 0.05008243 
337 146 21 30 0.050008316 
398 162 25 37 0.049509637 
380 158 24 33 0.048515588 
493 56 26 32 0.0483442 
221 136 22 32 0.0482401 
819 105 42 53 0.048104458 
781 91 47 64 0.04783129 
662 92 11 13 0.04726406 
157 131 14 19 0.04717299 
171 202 17 19 0.04707013 
569 91 14 18 0.047051065 
379 77 14 17 0.046559487 
621 85 10 13 0.04653811 
11 100 15 22 0.04562506 
254 38 10 12 0.045580745 
220 177 15 22 0.045546923 
286 71 10 13 0.045215342 
766 68 80 104 0.044630237 
134 71 10 11 0.044594493 
17 103 21 27 0.044278827 
185 116 16 22 0.044050686 
541 129 23 32 0.043607768 
856 13 54 60 0.04353255 
307 256 15 18 0.042856958 
534 119 21 28 0.042855162 
389 98 13 19 0.04284364 
577 153 24 30 0.04262151 
422 89 14 18 0.042220064 
530 92 14 20 0.042077135 
621 116 11 14 0.04165667 
652 89 12 16 0.040580966 
165 59 10 13 0.040574342 
435 104 13 18 0.040531814 
165 71 12 15 0.040442172 
258 84 15 20 0.040347252 
86 100 11 15 0.04015184 
354 148 22 29 0.04011595 
263 53 10 13 0.03976801 
651 102 15 21 0.03972912 
60 179 15 19 0.03958974 
73 26 389 507 0.03947876 
455 94 11 14 0.039383467 
856 130 25 34 0.039351314 
97 67 21 28 0.03930228 
16 64 13 17 0.039296605 
245 104 15 19 0.039239764 
192 60 9 12 0.039173644 
40 61 22 25 0.039085433 
189 55 10 12 0.03887595 
229 58 11 15 0.03886214 
332 190 13 20 0.038420532 
318 122 11 15 0.037886906 
238 28 9 12 0.037886724 
168 55 10 13 0.037754796 
309 113 13 17 0.037739728 
149 73 10 13 0.037663493 
29 148 14 18 0.037591055 
197 89 11 16 0.037536 
554 131 22 30 0.037344955 
521 85 15 19 0.037255105 
197 78 10 12 0.03716793 
668 101 12 18 0.037045844 
356 80 18 22 0.03701085 
421 97 17 22 0.03697751 
336 77 19 26 0.036896154 
681 4 104 125 0.0368839 
505 77 18 24 0.03687142 
427 200 27 40 0.03678233 
69 -1 56 58 0.036283396 
253 25 393 530 0.03620508 
218 122 22 32 0.036171127 
289 232 109 145 0.035529725 
367 124 23 29 0.03552557 
898 121 49 58 0.035515107 
882 24 61 69 0.035205994 
52 183 25 32 0.035008423 
547 168 14 20 0.034936808 
493 32 16 20 0.03486562 
182 72 9 10 0.03473736 
129 104 15 20 0.034669068 
211 173 15 22 0.03439624 
554 240 18 23 0.034173492 
63 89 16 21 0.033952013 
574 97 12 16 0.03376492 
30 128 15 18 0.033674363 
276 61 11 12 0.033523425 
843 105 45 58 0.033385042 
83 129 17 20 0.03335696 
125 51 10 14 0.033303514 
41 99 15 22 0.033196524 
317 133 225 317 0.03319177 
301 127 25 33 0.033133667 
235 108 15 20 0.033029914 
314 181 21 28 0.03292084 
228 171 14 18 0.032556728 
600 106 14 18 0.032505836 
620 149 19 22 0.03233935 
365 201 16 21 0.0320961 
11 169 16 24 0.031949624 
308 150 15 21 0.03190558 
162 140 13 18 0.031846836 
86 54 11 13 0.031645168 
592 87 11 14 0.031499524 
794 85 18 22 0.031457555 
183 52 10 15 0.031440582 
178 198 17 22 0.031436734 
686 28 193 229 0.031435657 
215 64 10 12 0.03142814 
619 109 12 15 0.031236188 
143 84 12 15 0.031138953 
118 69 10 14 0.031132903 
541 107 15 20 0.031037332 
305 168 23 29 0.030959185 
496 99 29 34 0.030858442 
193 199 21 28 0.030639669 
103 61 12 15 0.030579053 
278 55 9 11 0.03056986 
312 63 11 14 0.030461302 
588 97 11 16 0.030416945 
333 87 20 25 0.030406341 
412 83 15 19 0.030190308 
261 140 23 31 0.030181376 
676 89 285 464 0.030016715 
508 58 15 20 0.029799577 
325 161 23 31 0.02977016 
262 59 11 13 0.029674232 
174 53 10 14 0.029673921 
526 103 22 29 0.02963197 
105 138 16 22 0.029328588 
163 147 15 20 0.02932211 
612 111 14 19 0.029288286 
229 103 13 15 0.029124865 
315 115 12 17 0.029103437 
165 150 20 27 0.029072028 
300 92 13 18 0.028922414 
34 155 15 20 0.028768566 
351 108 20 25 0.028612524 
645 86 22 29 0.028595658 
802 90 13 19 0.028388172 
5 61 13 16 0.028326232 
260 122 14 19 0.028156158 
810 237 172 306 0.028101843 
146 211 27 36 0.028048517 
845 125 177 237 0.027990066 
135 76 11 13 0.027924174 
320 152 24 29 0.027908212 
580 140 24 32 0.027883662 
143 146 13 19 0.027824778 
370 144 18 24 0.027569743 
361 92 20 26 0.027513223 
620 123 14 19 0.027494526 
340 191 15 22 0.02740462 
333 122 12 17 0.027322568 
859 0 101 107 0.02710538 
474 102 20 26 0.027024344 
428 85 12 16 0.026968516 
183 90 13 16 0.026951136 
107 75 13 18 0.026881453 
373 146 24 33 0.026868353 
301 179 15 21 0.02684639 
564 173 22 32 0.026733223 
510 237 24 31 0.026665999 
444 94 12 14 0.026595898 
334 115 13 16 0.026510447 
491 44 17 21 0.026398145 
355 62 26 29 0.026387013 
315 107 13 18 0.026231319 
325 125 13 16 0.026219439 
621 91 13 16 0.025994793 
248 43 10 13 0.025985172 
41 196 113 172 0.025980411 
541 98 12 17 0.025962908 
225 60 10 13 0.025815723 
502 63 26 33 0.025782889 
174 73 10 13 0.025776517 
235 132 22 32 0.025738584 
303 86 12 16 0.025682539 
481 59 26 35 0.025549386 
271 195 18 22 0.025541348 
61 132 14 17 0.025525471 
422 116 18 25 0.025490329 
499 28 14 18 0.025326466 
521 117 25 33 0.025310226 
920 118 46 57 0.025268344 
438 96 21 25 0.025197124 
277 107 13 17 0.025162322 
290 178 15 19 0.025095701 
125 111 13 17 0.02508964 
21 100 13 19 0.025066774 
209 176 23 32 0.025002657 
540 141 16 22 0.02490832 
388 83 12 16 0.024902623 
348 91 15 20 0.024880651 
302 104 20 29 0.024860399 
541 149 23 31 0.024811026 
278 77 13 17 0.024772745 
140 60 10 12 0.024643442 
628 91 20 25 0.024575638 
268 187 17 21 0.024550643 
957 154 12 18 0.024527673 
396 151 24 32 0.024458177 
143 146 22 29 0.0243884 
411 163 16 23 0.024365345 
159 54 10 14 0.024364162 
49 107 14 18 0.024227124 
109 151 17 25 0.024203746 
114 121 15 20 0.02411045 
797 93 25 34 0.023913346 
225 53 10 14 0.023901116 
562 143 16 23 0.023898514 
554 122 15 21 0.023835935 
471 90 14 18 0.02382897 
379 82 21 26 0.023743076 
622 77 10 13 0.023712194 
309 122 13 18 0.023699097 
233 37 9 12 0.023685005 
951 2 62 65 0.023683406 
108 52 12 14 0.023572203 
560 190 24 34 0.023558315 
252 142 17 22 0.023509143 
338 137 16 22 0.023498865 
248 62 11 15 0.023405323 
116 114 14 18 0.023380183 
260 150 15 24 0.023378486 
567 172 14 19 0.023329062 
330 181 14 20 0.023314582 
253 59 12 14 0.023282273 
331 167 14 19 0.023244264 
303 153 24 29 0.023240248 
460 19 22 31 0.02316524 
756 113 31 36 0.022941606 
633 105 12 16 0.022933735 
435 111 14 21 0.022931088 
412 93 26 35 0.022890981 
454 74 12 18 0.022788072 
930 24 91 125 0.022723105 
603 108 22 28 0.022702638 
388 309 12 15 0.02268977 
161 74 11 15 0.022390073 
341 133 24 33 0.02232491 
522 119 14 19 0.02226882 
246 68 12 15 0.021965852 
642 124 101 108 0.021890396 
291 108 27 35 0.021867275 
389 7 21 33 0.021810219 
284 82 14 18 0.021779608 
140 72 20 25 0.021712637 
131 152 21 30 0.021696063 
342 74 17 21 0.021692425 
603 79 11 15 0.02158343 
361 74 17 21 0.021576602 
154 150 21 28 0.021565402 
-1 194 21 41 0.021517985 
106 112 15 19 0.02150897 
386 107 22 30 0.021470185 
776 95 27 38 0.021466067 
146 90 20 24 0.021460138 
866 137 14 22 0.021371799 
484 73 16 21 0.021369236 
412 82 24 30 0.021365417 
515 60 14 18 0.021353405 
461 117 25 30 0.021313313 
61 123 13 18 0.021266688 
224 46 9 11 0.021187283 
215 53 9 12 0.021144902 
34 54 16 19 0.02112609 
135 165 24 31 0.021118926 
245 29 10 13 0.021103228 
164 99 13 17 0.021065516 
750 11 93 128 0.02105447 
716 148 36 42 0.021018537 
120 90 12 16 0.020984303 
635 82 22 28 0.020976612 
651 152 56 61 0.02096729 
303 68 10 12 0.02094792 
382 142 20 27 0.020858705 
325 199 15 20 0.02084925 
237 126 16 23 0.020840118 
231 44 9 12 0.020824421 
379 216 15 21 0.020823829 
869 181 88 110 0.020811066 
402 147 15 20 0.02077602 
133 130 13 17 0.02076423 
326 218 15 19 0.020748053 
79 113 22 26 0.02073022 
553 146 22 30 0.020696364 
127 69 11 13 0.0206399 
944 117 19 23 0.020602537 
367 60 24 26 0.020518772 
244 135 18 24 0.020477908 
187 196 17 22 0.020374596 
868 146 14 21 0.020313887 
0 63 11 16 0.020162363 
459 90 13 17 0.02014355 
78 129 14 18 0.0200988 
84 237 12 17 0.020095877 
566 133 23 30 0.02008133 
788 117 15 23 0.020078246 
989 155 16 19 0.020077026 
120 52 10 14 0.020022076 
