0_Parade_Parade_0_275
3042
858 174 10 13 0.7239559 
872 730 11 15 0.675582 
855 583 10 13 0.6400224 
826 634 15 19 0.62103355 
822 569 12 15 0.5969848 
666 682 16 22 0.58545464 
855 410 11 15 0.58004165 
758 666 13 16 0.5721951 
628 493 10 13 0.5678203 
529 620 10 13 0.5630436 
395 462 12 14 0.5554303 
217 764 13 17 0.54165983 
60 515 12 15 0.54033995 
928 387 10 13 0.52074236 
553 254 9 13 0.50965065 
471 647 14 19 0.50822556 
509 669 10 15 0.49620885 
1001 422 11 15 0.48967642 
586 373 11 13 0.4671007 
36 541 10 13 0.4629301 
517 226 11 14 0.4582738 
963 621 13 15 0.44298163 
719 436 10 13 0.43795398 
519 452 10 13 0.42988598 
601 629 10 14 0.4205824 
48 487 10 13 0.4168969 
730 348 12 14 0.4056135 
331 452 12 14 0.40338627 
283 662 12 15 0.40114835 
135 676 11 15 0.39196315 
823 708 14 19 0.38907567 
332 500 11 15 0.385853 
44 665 14 19 0.38452065 
570 610 12 16 0.3844283 
608 389 10 13 0.38168374 
664 423 10 13 0.38052717 
549 638 11 15 0.37315428 
687 548 12 14 0.371285 
708 765 10 14 0.36196256 
887 607 12 14 0.3603723 
471 580 9 12 0.36028343 
703 320 8 10 0.35694203 
632 343 8 11 0.3522952 
465 151 8 11 0.3521088 
621 518 12 16 0.34888658 
757 359 9 12 0.3486227 
469 524 10 13 0.3468398 
11 500 11 15 0.34453005 
268 438 13 17 0.33085147 
891 490 12 15 0.32899824 
521 182 9 12 0.32166117 
816 220 10 12 0.31898105 
56 509 13 16 0.31124535 
776 206 9 11 0.3075296 
470 518 9 13 0.29842502 
828 465 12 15 0.29660028 
790 482 12 16 0.29519972 
706 701 16 20 0.28832436 
687 629 10 14 0.28421128 
528 396 8 11 0.2792008 
576 666 10 13 0.27857283 
360 477 8 12 0.2775106 
950 581 13 16 0.27629206 
447 564 10 12 0.27588847 
294 457 13 17 0.27542147 
165 773 16 19 0.27540675 
872 397 9 13 0.27372473 
574 359 9 12 0.2736892 
47 370 11 14 0.27290356 
962 245 9 12 0.27123004 
795 623 14 18 0.2694775 
269 717 12 16 0.26922867 
984 171 10 14 0.2651812 
123 579 13 16 0.25810742 
614 437 8 11 0.25102046 
233 739 12 15 0.2509876 
512 95 8 11 0.24628195 
493 349 9 12 0.24013151 
550 407 9 12 0.239123 
438 87 8 11 0.23819788 
712 437 10 12 0.23734073 
239 694 10 12 0.23524417 
997 554 12 14 0.23027429 
521 374 9 11 0.22934406 
7 494 12 15 0.22756475 
885 428 11 15 0.22682887 
928 126 8 12 0.22479649 
454 383 9 11 0.22159024 
968 179 9 11 0.2210039 
724 639 12 14 0.21957062 
662 261 8 10 0.21865824 
377 741 11 13 0.2183735 
667 539 13 15 0.21500354 
217 391 9 12 0.21428408 
300 497 12 17 0.21407607 
413 484 11 16 0.21305718 
823 508 12 15 0.21148707 
633 460 9 12 0.20999528 
639 643 11 15 0.20846447 
901 216 9 12 0.20837033 
758 730 13 17 0.20829348 
511 69 9 12 0.20784779 
3 431 12 15 0.20770107 
620 701 11 15 0.20662695 
776 317 8 11 0.20528759 
616 295 9 11 0.20253196 
711 380 11 13 0.19947791 
585 728 9 12 0.19918108 
68 411 11 14 0.19832803 
567 478 9 12 0.19639371 
994 492 11 15 0.19618426 
933 504 14 18 0.1954844 
540 317 9 12 0.19373742 
451 614 11 13 0.1937045 
961 262 9 13 0.19340551 
179 791 14 17 0.19266771 
918 176 8 10 0.19234718 
247 720 14 18 0.19228877 
389 579 12 15 0.19029877 
129 643 11 14 0.18759228 
717 375 9 12 0.18686685 
414 543 9 12 0.18598878 
108 565 10 13 0.18391454 
173 652 10 13 0.18189378 
825 564 12 15 0.18147956 
390 433 10 15 0.17887361 
790 763 14 17 0.17865439 
544 283 10 13 0.17825624 
102 454 10 13 0.17809035 
680 303 8 11 0.17712836 
777 539 11 14 0.17653061 
689 380 8 11 0.17451675 
550 588 11 14 0.17447901 
39 599 13 17 0.17398451 
487 379 11 15 0.17397323 
606 383 10 12 0.1728653 
920 233 9 11 0.17086098 
830 516 9 12 0.17071348 
686 261 9 11 0.16988605 
318 424 10 12 0.16890298 
686 492 9 12 0.16803065 
589 469 9 13 0.16654322 
509 606 11 15 0.16633035 
644 724 14 18 0.16622089 
946 217 8 9 0.16588499 
260 747 12 17 0.1641955 
904 136 7 10 0.16234422 
426 375 8 11 0.16207398 
591 495 9 12 0.16203915 
871 268 12 16 0.16191806 
742 518 11 13 0.16118404 
920 429 10 14 0.16029738 
546 700 10 13 0.16017295 
637 343 8 11 0.1596648 
774 374 10 12 0.15503338 
927 198 8 10 0.15499726 
736 299 9 11 0.15459698 
32 468 9 14 0.1539734 
149 377 12 15 0.15260212 
984 247 7 9 0.15260182 
381 452 9 13 0.15170898 
533 517 9 12 0.15115038 
471 398 11 13 0.15028411 
892 181 10 11 0.1500324 
147 782 13 16 0.14922367 
41 455 8 11 0.14894053 
720 259 9 11 0.14890993 
645 484 9 12 0.14753008 
382 494 9 11 0.14730547 
641 573 8 11 0.14614676 
719 512 8 11 0.14517225 
36 597 22 30 0.14495187 
148 697 13 17 0.14491412 
688 255 9 12 0.14467154 
174 687 11 14 0.14456655 
210 621 12 14 0.14407212 
503 606 11 14 0.14398204 
248 707 11 13 0.14350127 
628 487 10 13 0.14342532 
574 222 9 12 0.14264964 
481 78 7 10 0.14153977 
425 605 11 13 0.14121814 
577 304 8 11 0.14065716 
829 405 12 14 0.14045322 
720 443 12 15 0.14038235 
958 521 12 16 0.13958792 
496 110 7 9 0.13925834 
881 25 8 10 0.13894926 
895 166 8 10 0.1386666 
397 7 10 11 0.13769445 
885 423 9 12 0.1376737 
665 533 10 13 0.13713078 
799 390 10 13 0.13696015 
519 565 9 13 0.13676736 
673 318 8 12 0.13667358 
616 272 8 9 0.13617796 
109 500 8 12 0.13594761 
937 238 9 13 0.13545634 
998 156 9 11 0.13532543 
617 696 10 13 0.13506986 
756 200 8 10 0.13506791 
929 644 10 14 0.13487285 
57 420 10 13 0.13482936 
520 176 10 12 0.13443889 
639 291 9 12 0.13411501 
153 510 11 13 0.13409585 
548 708 13 17 0.13339964 
726 569 12 15 0.13327147 
786 140 9 12 0.13245225 
708 287 10 13 0.13244115 
437 684 11 15 0.13086541 
206 667 13 17 0.13071093 
500 422 10 12 0.13031973 
451 620 10 13 0.12923625 
900 407 14 19 0.12797499 
999 221 8 10 0.12778683 
94 524 10 13 0.12753914 
479 293 9 13 0.12706895 
692 279 9 11 0.12705357 
62 488 9 12 0.12689969 
487 159 9 11 0.12608492 
513 222 11 13 0.12591928 
647 407 8 10 0.12588647 
561 30 8 11 0.12436689 
566 484 9 12 0.12420131 
749 415 9 10 0.12416637 
557 248 10 13 0.122494064 
949 411 11 14 0.12230186 
648 593 12 15 0.12195881 
742 525 11 13 0.12093385 
501 485 9 12 0.11945004 
576 191 8 11 0.11871851 
914 175 8 11 0.11866707 
674 365 9 12 0.11858406 
506 40 7 9 0.11837763 
328 459 11 14 0.11818517 
327 467 9 13 0.11813799 
917 86 8 10 0.11809143 
501 221 10 12 0.118023954 
688 430 9 12 0.11781609 
158 477 9 13 0.11737805 
998 133 8 11 0.117108546 
462 461 8 10 0.11474537 
719 333 10 13 0.11379936 
296 413 8 11 0.113432914 
38 420 11 13 0.11343046 
255 374 8 9 0.11284614 
984 240 8 10 0.11265852 
486 445 9 12 0.11207307 
189 472 11 13 0.11176341 
953 458 14 18 0.11171626 
197 719 10 12 0.11143689 
496 105 8 9 0.110866114 
816 190 8 10 0.11017305 
398 397 8 11 0.110129386 
661 399 9 12 0.10998619 
729 343 11 14 0.109908715 
500 397 11 13 0.10976566 
284 674 11 15 0.10953334 
469 587 11 15 0.109186396 
550 348 10 11 0.1089207 
657 427 9 12 0.10890973 
606 622 9 11 0.10870626 
798 437 12 16 0.1086358 
801 294 10 12 0.10849199 
780 535 9 12 0.10829339 
853 347 10 13 0.10827542 
713 63 7 11 0.1079592 
189 663 8 11 0.10723526 
270 375 8 10 0.10722408 
950 575 11 13 0.10677113 
877 549 11 15 0.106506675 
30 446 10 13 0.10638685 
141 683 12 14 0.10636146 
592 565 9 11 0.10618423 
589 369 10 12 0.10612195 
906 157 7 10 0.10611475 
608 280 8 10 0.10603608 
476 398 10 13 0.10580266 
786 755 22 30 0.10447164 
765 594 14 19 0.10379803 
598 565 8 11 0.1035029 
993 488 10 12 0.10335366 
77 432 10 13 0.10319323 
719 405 8 10 0.10296913 
329 447 11 14 0.10287303 
47 547 10 14 0.10277293 
127 535 10 11 0.10246737 
693 383 8 11 0.10219381 
34 641 15 18 0.10212244 
573 673 12 17 0.10154459 
151 579 9 12 0.10147219 
552 344 8 11 0.10100357 
497 220 9 13 0.10072618 
445 501 10 13 0.09999976 
709 318 9 11 0.09997354 
773 380 10 12 0.09995503 
510 509 9 11 0.099840745 
340 522 10 14 0.099642135 
52 489 12 14 0.099499725 
633 164 9 11 0.09891831 
269 21 8 10 0.0987963 
439 436 9 12 0.09877806 
38 475 10 13 0.09861714 
857 170 9 12 0.09851191 
645 413 9 11 0.09788452 
0 516 9 14 0.0974906 
727 261 8 11 0.09725783 
943 435 11 15 0.09664308 
643 523 12 15 0.096441776 
744 454 9 12 0.09638928 
851 636 15 19 0.09638611 
805 443 9 13 0.09638502 
469 151 8 11 0.096327886 
351 419 11 14 0.0960849 
502 206 9 10 0.09596015 
941 183 8 11 0.09542574 
71 435 10 13 0.095397204 
511 100 8 10 0.095312364 
231 746 12 16 0.09520545 
244 765 11 14 0.09508885 
925 693 10 12 0.09508077 
672 310 7 11 0.09476936 
544 453 10 13 0.09471715 
874 724 14 18 0.09464537 
712 610 11 15 0.09455871 
609 740 10 13 0.094539165 
92 572 12 15 0.09437053 
649 780 10 14 0.09413912 
757 311 8 10 0.09392444 
743 530 12 15 0.09382608 
66 405 11 14 0.093821235 
705 758 11 15 0.0935007 
911 110 8 11 0.09348695 
988 263 9 11 0.09299645 
631 337 10 12 0.09258535 
942 189 8 11 0.09209232 
945 774 8 12 0.092072636 
753 363 11 14 0.09206821 
575 419 10 13 0.09184798 
44 461 9 12 0.091792144 
343 388 9 12 0.091138385 
868 468 11 14 0.09111576 
705 693 10 13 0.09101074 
408 548 10 13 0.090844125 
600 624 10 12 0.09076844 
849 581 11 15 0.09054634 
445 494 10 14 0.0904944 
581 309 8 11 0.090454414 
510 45 7 10 0.08985583 
825 381 9 13 0.089798756 
634 127 8 11 0.089719445 
504 298 10 13 0.089077525 
470 639 10 13 0.08854616 
909 152 9 10 0.088243715 
1014 262 8 11 0.08790236 
661 468 10 11 0.08785878 
54 567 12 13 0.08781236 
255 421 10 12 0.087779336 
239 765 10 13 0.08720771 
962 319 9 11 0.086780645 
911 572 11 15 0.086624555 
726 255 9 12 0.08653217 
689 422 8 11 0.086419106 
546 642 12 16 0.08624453 
975 668 13 17 0.08608372 
166 743 10 13 0.085959904 
936 244 11 14 0.08573604 
866 22 8 11 0.08560546 
877 399 9 12 0.08553224 
566 472 9 13 0.08522143 
950 438 11 14 0.085136004 
85 634 11 15 0.08501332 
993 222 7 11 0.084899746 
765 497 11 15 0.084285654 
505 359 8 11 0.08418921 
878 681 12 17 0.08399402 
878 211 9 12 0.08397306 
774 428 12 14 0.083900385 
894 550 9 13 0.083598405 
356 697 12 16 0.08351856 
496 413 11 13 0.08326028 
30 462 10 13 0.0828369 
513 134 9 11 0.08245507 
366 436 11 15 0.081954494 
342 6 7 9 0.08180653 
494 343 10 13 0.08169766 
13 525 9 13 0.08140032 
986 223 8 10 0.08126339 
518 94 8 11 0.08117963 
553 468 10 13 0.08104627 
407 111 9 12 0.081025034 
754 309 8 10 0.0808917 
552 462 9 12 0.08086199 
438 587 11 15 0.08085655 
919 15 11 14 0.080774896 
414 415 9 11 0.08063618 
521 380 9 13 0.079988375 
749 421 10 11 0.07977116 
799 165 8 11 0.07971349 
694 12 9 10 0.0795107 
692 436 10 13 0.07933116 
604 632 12 15 0.0791985 
908 779 9 13 0.07907847 
559 326 9 12 0.07901859 
953 341 8 12 0.079017706 
473 341 8 10 0.07893452 
646 605 12 15 0.078912966 
411 757 11 13 0.07876762 
541 230 10 11 0.07873984 
756 573 11 15 0.07872355 
416 670 10 13 0.07867563 
581 589 10 13 0.07865561 
660 462 9 12 0.07855427 
63 741 13 16 0.07843374 
967 158 9 11 0.078397766 
195 764 11 14 0.078256965 
714 184 8 11 0.07794256 
435 691 13 17 0.07792986 
427 610 12 14 0.07761612 
821 693 13 15 0.077541806 
340 658 11 15 0.07753337 
445 507 11 15 0.0773924 
870 126 7 9 0.07724407 
470 31 8 10 0.077202074 
609 431 10 13 0.07716714 
512 502 10 11 0.07695486 
408 420 10 13 0.076789305 
456 365 9 12 0.076781355 
529 339 9 12 0.07657854 
657 405 8 11 0.07655543 
805 414 12 14 0.07646838 
431 570 12 15 0.07637654 
549 574 10 11 0.07625402 
530 756 10 13 0.076226845 
69 492 10 12 0.07621851 
748 444 11 13 0.076144375 
559 534 10 13 0.07604553 
725 450 11 14 0.07588185 
371 599 12 15 0.07569344 
924 235 10 13 0.07568948 
390 458 20 23 0.07504427 
37 563 11 14 0.07503754 
560 189 7 10 0.074975744 
542 119 8 10 0.07495058 
958 207 8 10 0.0749462 
622 46 8 10 0.074781135 
823 398 10 13 0.074589126 
964 522 10 15 0.07407538 
207 407 12 14 0.073941074 
698 37 8 10 0.07381758 
698 319 9 11 0.07372092 
655 291 10 12 0.073399365 
877 626 14 18 0.07332843 
50 365 12 16 0.07322174 
154 502 9 13 0.073133215 
898 142 7 10 0.073070325 
687 30 7 9 0.07304445 
424 380 8 10 0.07245042 
560 476 9 13 0.072197124 
499 403 11 15 0.072169736 
813 676 12 15 0.07210843 
903 198 9 11 0.07202977 
646 293 8 11 0.071931094 
15 597 9 12 0.07191504 
680 469 10 13 0.07189603 
822 700 14 17 0.07124098 
688 7 10 12 0.07104849 
647 360 7 10 0.0709033 
984 252 8 10 0.0708898 
375 531 11 14 0.0707739 
774 387 10 13 0.07074777 
789 445 11 13 0.07073039 
790 597 11 14 0.070538774 
897 218 10 14 0.07043875 
269 693 10 13 0.07032917 
446 452 9 12 0.07029375 
647 399 9 11 0.07018374 
505 190 8 11 0.070113786 
664 416 8 11 0.06995443 
502 214 9 12 0.06993225 
19 616 14 19 0.06983595 
224 469 11 14 0.06982726 
574 227 10 13 0.069788694 
753 305 8 10 0.06978186 
25 493 11 14 0.06973764 
265 17 8 11 0.069284044 
725 7 9 10 0.06921018 
547 694 11 14 0.06905423 
644 637 11 15 0.068945505 
726 339 20 26 0.06893363 
690 553 13 16 0.068891145 
759 383 9 11 0.06888811 
872 208 9 10 0.06863071 
469 207 8 10 0.06862436 
880 144 7 9 0.06853059 
762 662 14 18 0.06846867 
693 430 9 12 0.06830092 
400 392 7 10 0.068212286 
219 758 11 14 0.06794846 
692 284 9 11 0.06782057 
848 245 9 12 0.067718595 
798 383 8 10 0.06767878 
871 546 12 16 0.06766115 
463 200 8 9 0.06747537 
691 630 12 16 0.06740348 
936 166 8 10 0.06734994 
804 394 11 15 0.06714651 
519 559 9 11 0.06710194 
868 438 12 16 0.067059 
487 535 9 12 0.06703939 
556 637 11 14 0.066857226 
814 135 8 10 0.06673364 
594 229 8 10 0.06671752 
524 229 9 12 0.066671945 
537 198 7 10 0.06666616 
877 527 10 12 0.06660874 
690 542 12 16 0.06645734 
893 176 9 11 0.06645584 
149 645 11 14 0.06642758 
212 661 11 14 0.066331215 
494 189 8 10 0.06625612 
989 295 9 12 0.06623622 
513 445 10 12 0.066211134 
134 534 9 12 0.06619267 
425 598 10 13 0.06618502 
709 418 11 14 0.06616694 
672 303 8 11 0.06588809 
590 486 9 11 0.06588384 
173 697 13 16 0.06584659 
815 564 14 18 0.06582312 
537 104 7 10 0.065817185 
633 249 7 9 0.06575677 
788 136 8 11 0.065633856 
727 246 9 12 0.06556691 
892 498 11 15 0.06545758 
518 500 8 11 0.06545646 
470 512 11 13 0.065349124 
293 446 11 14 0.065114886 
783 446 12 15 0.06510721 
254 430 11 14 0.06477359 
157 714 12 16 0.0646458 
846 79 7 10 0.06463722 
461 359 9 11 0.064633474 
380 499 11 14 0.06456701 
464 206 8 10 0.06454197 
861 170 9 13 0.06452106 
646 390 9 11 0.06440128 
926 121 8 10 0.06432536 
744 406 10 13 0.0643231 
929 222 8 9 0.06425561 
928 130 11 13 0.064254194 
45 455 8 11 0.06412278 
854 169 18 23 0.064104095 
552 184 8 10 0.06409266 
576 351 10 12 0.06379595 
774 211 9 12 0.06378908 
552 248 10 14 0.06340603 
486 630 12 16 0.06339559 
745 421 8 12 0.063351594 
847 104 8 10 0.063317955 
472 336 8 10 0.063231915 
502 491 9 13 0.06321129 
486 77 7 10 0.063091815 
21 445 12 14 0.06307499 
584 368 10 13 0.06306234 
497 425 12 15 0.062973544 
452 564 11 13 0.06295518 
766 144 8 10 0.062886395 
576 587 10 13 0.062863104 
752 203 9 12 0.06282573 
560 25 7 9 0.062757134 
565 31 8 11 0.06269901 
134 511 8 11 0.062685914 
495 183 8 11 0.06262985 
979 672 12 15 0.06255722 
716 765 10 13 0.062461574 
437 184 9 11 0.062437482 
952 268 10 12 0.062434938 
614 288 8 10 0.062403813 
488 73 7 9 0.062366508 
106 495 9 12 0.062257517 
715 605 14 18 0.062224302 
773 356 11 14 0.062220976 
974 197 9 11 0.062147297 
687 309 8 11 0.062131584 
615 246 7 10 0.062093824 
820 216 10 12 0.062053256 
644 574 10 12 0.062042158 
15 389 8 10 0.062041868 
487 264 9 12 0.061987083 
634 45 9 12 0.06198293 
910 197 9 11 0.06185832 
959 267 10 13 0.061788816 
543 190 8 11 0.061768953 
889 177 8 11 0.06171884 
496 610 12 16 0.06169496 
151 514 10 13 0.061676838 
872 254 9 12 0.061664566 
575 111 8 10 0.06163721 
984 594 12 16 0.061626967 
866 108 7 10 0.061459538 
814 102 8 12 0.06126367 
38 447 9 12 0.06110119 
496 215 9 12 0.06107126 
892 436 11 14 0.061033223 
736 432 8 10 0.06098018 
527 626 11 13 0.06089177 
388 726 10 13 0.06058461 
569 221 9 11 0.060512666 
492 634 11 14 0.060503602 
279 400 8 10 0.06049534 
569 263 10 13 0.060431473 
936 232 8 11 0.06012754 
546 413 9 13 0.060107633 
954 444 12 16 0.06009262 
43 542 12 15 0.060044393 
207 375 8 10 0.059933256 
502 109 8 11 0.059927903 
455 375 9 10 0.059728596 
682 261 8 11 0.059716504 
171 522 11 15 0.059662644 
617 41 9 12 0.059581608 
881 366 10 12 0.059564542 
830 522 11 14 0.05948037 
542 196 9 11 0.059480112 
454 110 8 10 0.059459146 
768 357 9 13 0.05936299 
688 247 8 10 0.05925279 
929 166 7 9 0.059217863 
289 444 10 14 0.05911945 
444 445 10 13 0.059035 
864 540 11 14 0.058891255 
421 335 9 11 0.058868807 
693 493 9 11 0.058850434 
738 23 7 9 0.058773525 
1005 465 13 19 0.058750924 
457 360 9 11 0.05861429 
770 374 9 12 0.05860606 
769 188 9 11 0.058560926 
937 113 8 9 0.058554098 
536 221 9 11 0.05851229 
327 449 19 23 0.058482904 
507 94 8 11 0.058478616 
540 124 9 11 0.05842237 
934 223 8 9 0.058365174 
657 399 9 12 0.058343604 
957 341 9 13 0.058211513 
607 735 10 13 0.058205917 
514 453 11 13 0.0581771 
517 325 10 12 0.058146622 
814 185 8 9 0.05807053 
685 667 11 14 0.057962246 
984 267 11 15 0.05791288 
960 253 9 11 0.0578576 
90 419 10 13 0.057626747 
582 319 8 11 0.057575833 
462 562 10 14 0.057521306 
727 12 8 11 0.057446938 
926 176 8 10 0.05744182 
836 461 11 14 0.05737345 
1001 239 8 11 0.057341684 
932 126 10 13 0.057165436 
466 30 8 11 0.057158135 
224 382 11 14 0.05715641 
503 365 9 11 0.057039626 
585 36 10 12 0.057001047 
361 94 8 10 0.056956314 
973 190 9 12 0.05694538 
902 773 13 17 0.05687987 
480 58 7 9 0.056853216 
557 518 9 11 0.056760874 
783 396 9 13 0.056758046 
424 366 8 10 0.056640465 
454 344 8 9 0.056499895 
911 192 7 10 0.056495775 
761 725 13 16 0.05646766 
112 518 9 12 0.05636587 
289 457 21 26 0.056319628 
360 400 9 11 0.056239586 
548 447 11 14 0.05617901 
262 718 12 16 0.056097746 
927 217 8 9 0.055994608 
353 538 12 16 0.05596061 
639 365 9 12 0.055929523 
472 96 7 10 0.0559088 
898 293 12 15 0.055771414 
914 181 7 10 0.055695303 
655 455 9 11 0.055642873 
589 476 10 12 0.055579193 
781 231 10 13 0.055571645 
726 432 10 11 0.055517353 
869 476 11 14 0.05537728 
677 323 10 12 0.055375684 
127 470 11 13 0.055338018 
764 110 9 11 0.055299714 
254 5 8 8 0.0552012 
530 511 9 12 0.055189367 
6 504 14 17 0.05503243 
704 488 8 10 0.054922275 
449 375 8 11 0.05488515 
576 533 10 13 0.054875974 
1008 237 8 11 0.05481929 
301 663 11 16 0.05472075 
486 152 8 11 0.054543454 
184 666 12 14 0.054532688 
532 644 11 14 0.054475665 
581 350 10 12 0.054391872 
504 598 11 14 0.054368578 
342 468 11 13 0.05434659 
741 301 8 10 0.054330677 
333 467 11 13 0.054271284 
517 487 9 12 0.05416875 
142 532 9 13 0.05413543 
389 126 11 13 0.054127302 
996 97 9 11 0.054026745 
960 135 7 10 0.054016367 
174 714 13 16 0.054013945 
948 220 9 11 0.05378542 
504 103 8 10 0.05376868 
377 13 8 10 0.05371482 
781 373 9 13 0.053441234 
801 160 8 11 0.053349514 
941 301 11 14 0.05330809 
1006 254 9 12 0.05320654 
613 443 9 12 0.053089175 
496 366 9 11 0.05308067 
636 639 20 26 0.05303215 
718 24 7 9 0.052967362 
506 667 21 26 0.05285681 
517 135 9 10 0.052783024 
551 567 9 11 0.05278083 
641 477 10 14 0.052780397 
829 368 14 18 0.052720644 
999 129 10 11 0.052706875 
870 652 12 16 0.052706875 
560 216 7 10 0.05270162 
903 140 8 10 0.052657332 
310 749 10 14 0.052447688 
731 566 13 16 0.052407846 
965 240 9 11 0.052401412 
743 214 8 10 0.05227811 
504 197 9 11 0.052277304 
359 16 7 9 0.05225614 
710 311 10 11 0.052219346 
576 143 7 9 0.052198514 
212 426 11 14 0.052016422 
526 641 13 16 0.051959448 
694 454 10 13 0.051913343 
511 166 8 10 0.051887535 
577 195 9 12 0.05171878 
728 382 10 13 0.051716644 
932 638 12 15 0.051520333 
608 246 9 11 0.051472813 
841 166 8 9 0.05146984 
872 525 10 14 0.051460437 
492 699 12 16 0.051443655 
400 381 7 10 0.051395584 
820 191 8 9 0.05137238 
217 643 10 13 0.051297892 
707 384 13 16 0.05112794 
866 128 7 9 0.051119387 
510 255 9 12 0.05111455 
505 63 7 9 0.051097877 
429 380 9 11 0.05092609 
479 14 7 10 0.05087814 
818 563 21 25 0.050844178 
637 493 10 13 0.05081668 
935 160 8 10 0.050655264 
915 452 12 14 0.050624665 
517 351 10 14 0.050557204 
519 142 8 10 0.050458413 
577 709 11 15 0.05044268 
718 413 10 13 0.05041051 
706 63 7 10 0.050366145 
742 240 9 10 0.050348915 
630 398 9 11 0.05034499 
464 145 8 11 0.05023706 
13 549 10 13 0.050182626 
475 656 12 15 0.050140843 
608 299 10 13 0.05013437 
558 134 8 10 0.05013287 
584 565 11 14 0.050063442 
713 509 9 12 0.050063368 
751 578 12 16 0.050032485 
584 135 7 10 0.049993094 
492 375 10 13 0.04994913 
736 461 9 11 0.049912147 
69 507 12 15 0.049842253 
524 448 9 12 0.049806945 
544 85 8 10 0.049724985 
679 308 8 11 0.049705356 
855 222 10 13 0.04968596 
214 742 10 12 0.049656607 
343 723 11 14 0.04965633 
653 603 10 14 0.049653243 
477 509 11 15 0.049652025 
-1 427 20 26 0.04955766 
551 101 9 10 0.049547013 
888 199 8 10 0.049499296 
197 421 10 14 0.049499117 
465 246 9 11 0.049459193 
520 406 9 12 0.04944266 
385 435 10 14 0.049375758 
961 614 13 16 0.04936552 
65 437 11 13 0.049331397 
374 691 11 13 0.049275845 
518 215 9 10 0.049272567 
393 1 10 11 0.0492416 
759 492 12 15 0.04922314 
825 176 7 9 0.04915193 
236 429 12 15 0.049149144 
975 173 10 13 0.049148504 
869 734 13 18 0.04914607 
586 731 11 14 0.049061883 
697 324 9 12 0.049024258 
809 325 9 12 0.04893613 
542 223 8 10 0.04892183 
845 460 11 15 0.04891041 
574 269 10 11 0.048834793 
765 469 11 15 0.048773088 
336 516 12 15 0.04869551 
143 527 9 12 0.048694875 
164 713 12 17 0.04869 
637 467 11 14 0.048573907 
638 336 10 12 0.04855485 
633 466 10 13 0.04855181 
145 692 12 16 0.04853683 
527 223 8 11 0.048497673 
684 596 12 14 0.048404988 
886 371 10 13 0.048392255 
734 651 11 15 0.048340756 
662 335 9 11 0.048303813 
805 300 10 14 0.047995966 
833 119 8 10 0.04795709 
87 509 9 12 0.04782203 
708 684 12 14 0.04782057 
239 389 10 12 0.047770984 
388 612 11 15 0.047712542 
871 213 9 11 0.04766355 
638 249 7 10 0.04758826 
679 660 10 15 0.0475611 
950 348 8 11 0.04755711 
560 295 9 11 0.04753915 
600 357 10 13 0.047507215 
216 0 9 10 0.04747677 
493 549 10 13 0.04733805 
363 477 10 13 0.047326084 
935 197 9 11 0.047274448 
152 495 8 12 0.047271837 
684 540 20 25 0.047245897 
474 78 7 11 0.047179807 
783 739 11 16 0.047118317 
648 453 10 12 0.047092192 
685 303 9 12 0.047085535 
942 167 8 10 0.04703636 
934 250 10 13 0.04689656 
487 164 9 11 0.046888173 
121 574 11 15 0.046830095 
869 110 8 10 0.046794515 
135 613 10 12 0.04678876 
808 184 8 9 0.046711177 
648 302 8 11 0.04663611 
489 112 8 10 0.046595063 
793 436 12 15 0.04656887 
862 142 9 12 0.046540402 
959 530 11 15 0.04650633 
663 528 10 13 0.046487022 
412 116 10 12 0.046484906 
830 223 9 12 0.04647063 
479 299 10 13 0.046435338 
557 644 10 13 0.04638725 
93 683 16 20 0.04638716 
455 167 9 11 0.0462998 
623 133 8 10 0.04627501 
213 615 10 13 0.04620685 
16 443 11 15 0.046133574 
232 430 10 13 0.046094812 
886 542 11 15 0.046015676 
821 574 14 18 0.046011955 
991 488 20 25 0.04598214 
365 406 9 11 0.04596256 
376 445 11 14 0.045936562 
31 535 12 16 0.04590803 
236 399 17 22 0.045905374 
807 189 8 10 0.04588719 
620 757 9 13 0.04587627 
520 30 8 10 0.045853727 
872 120 8 10 0.045844946 
904 192 8 10 0.045827974 
376 413 10 13 0.045726694 
943 350 9 13 0.045669623 
574 216 9 12 0.045668036 
877 669 12 18 0.04552309 
391 526 10 12 0.045507874 
800 197 8 11 0.045484748 
1000 246 9 11 0.045478556 
111 509 9 11 0.045476817 
716 63 7 10 0.04546981 
557 463 9 12 0.045467753 
0 650 10 17 0.04534407 
287 32 8 9 0.0452859 
102 520 9 12 0.045224607 
749 220 9 12 0.04520816 
647 326 9 11 0.04520642 
596 16 12 17 0.045205973 
41 6 10 12 0.045175124 
678 391 9 10 0.045174662 
70 500 12 14 0.045169912 
421 675 10 13 0.045148436 
147 685 12 14 0.04511473 
583 271 9 11 0.045074772 
583 368 19 24 0.044996012 
478 190 8 9 0.04498141 
988 169 10 12 0.044932347 
518 494 9 12 0.04492104 
132 638 10 14 0.04490704 
791 374 9 11 0.044890735 
711 324 9 12 0.04485214 
965 605 12 13 0.044817887 
511 358 8 10 0.044792794 
185 607 8 12 0.0447772 
221 645 10 13 0.04477477 
238 687 11 14 0.04471469 
479 389 9 11 0.04471251 
641 70 7 10 0.04471089 
477 342 8 10 0.044675395 
1014 172 9 15 0.04463337 
616 652 11 15 0.044619653 
514 675 12 16 0.044606384 
840 181 8 10 0.04460505 
733 332 11 15 0.044563726 
767 405 10 13 0.044558723 
519 89 8 11 0.04454762 
888 104 7 9 0.044488266 
925 626 11 14 0.04448789 
80 548 11 13 0.04448493 
470 213 9 10 0.044484098 
736 500 10 13 0.044478282 
159 335 9 11 0.044435576 
993 217 9 12 0.04441627 
128 516 9 11 0.044366147 
359 30 9 12 0.04436249 
265 375 8 10 0.044298068 
641 389 9 12 0.044286456 
923 420 14 19 0.044264767 
869 542 11 15 0.044256415 
990 246 8 10 0.044193693 
774 366 9 12 0.044151016 
865 394 10 14 0.04414611 
648 270 9 11 0.04413886 
481 151 8 11 0.044131737 
342 2 9 10 0.044081863 
579 413 10 13 0.044076454 
479 101 7 10 0.043963645 
895 299 13 15 0.043920234 
639 581 8 10 0.043910906 
633 71 7 9 0.043910153 
561 220 8 10 0.043846045 
358 414 9 13 0.043832533 
87 564 13 16 0.043796178 
511 191 8 9 0.043738473 
921 435 13 15 0.043738004 
480 445 11 13 0.043729052 
479 184 7 10 0.043705188 
321 466 11 14 0.04367393 
767 365 9 11 0.043646194 
921 198 8 10 0.043611377 
991 85 9 11 0.043609384 
366 485 10 12 0.043587588 
903 238 9 10 0.043578114 
684 604 12 15 0.043476254 
930 651 13 17 0.04347402 
966 254 9 11 0.043456618 
672 388 9 12 0.04340671 
549 247 19 25 0.043395113 
679 334 9 11 0.0433832 
927 501 13 17 0.043357145 
693 255 8 10 0.04330079 
765 484 11 15 0.043244798 
959 142 8 10 0.04323746 
561 320 9 11 0.043207392 
483 293 11 13 0.04320321 
832 183 7 8 0.043198854 
461 365 9 12 0.04319696 
334 28 9 11 0.043114416 
642 658 14 17 0.043072566 
751 341 9 14 0.043052666 
423 765 11 14 0.043034434 
637 626 12 16 0.0430187 
574 185 9 13 0.04299095 
781 543 12 17 0.04297408 
253 774 10 12 0.042968884 
472 37 8 10 0.042934697 
544 184 8 10 0.042929333 
487 554 11 13 0.042878505 
662 605 9 13 0.04285835 
862 604 13 16 0.04284499 
480 145 8 10 0.04271936 
805 284 11 14 0.042685725 
528 142 7 10 0.042664044 
744 6 8 10 0.04266373 
500 340 10 12 0.042606678 
22 430 10 11 0.042553626 
309 438 10 12 0.04252621 
219 560 26 29 0.042497117 
289 49 8 9 0.04248052 
853 245 8 11 0.042478368 
745 229 9 12 0.042453 
716 548 12 14 0.04244747 
222 565 14 17 0.042418152 
734 486 9 12 0.042412445 
696 33 8 9 0.04239554 
185 474 10 13 0.04237979 
290 53 7 9 0.04237205 
70 653 10 14 0.04234154 
833 46 9 11 0.042329386 
476 580 9 12 0.04232325 
633 293 10 12 0.042287957 
498 206 8 11 0.042285178 
736 72 8 10 0.042256292 
635 499 11 14 0.042246837 
826 403 10 14 0.04221348 
1002 254 9 11 0.042202108 
335 404 9 12 0.042177223 
623 373 10 14 0.04213266 
502 391 9 11 0.042114142 
935 310 10 12 0.04211111 
167 516 12 17 0.042071715 
79 630 13 17 0.04205189 
726 333 10 13 0.042021893 
928 160 8 10 0.04199708 
523 397 10 12 0.04199483 
93 559 11 14 0.041985102 
416 382 9 11 0.04197209 
670 262 9 10 0.041936003 
439 565 11 14 0.041911986 
542 206 9 11 0.0419087 
776 231 11 14 0.04190805 
924 700 13 17 0.04188631 
489 214 8 11 0.041881856 
614 327 10 13 0.041844614 
837 511 10 13 0.04183899 
915 757 8 11 0.041811306 
314 421 10 13 0.041793294 
310 57 7 9 0.041788295 
85 437 10 12 0.041784164 
533 765 13 17 0.041765023 
1012 315 12 18 0.041761357 
640 309 8 11 0.04173548 
42 373 10 12 0.041722395 
329 505 12 16 0.04163923 
897 135 8 10 0.0416369 
915 572 12 16 0.04161264 
448 76 8 11 0.041601498 
387 605 12 15 0.041586976 
216 749 11 13 0.04156663 
231 764 12 14 0.0415486 
246 788 13 16 0.041528594 
656 532 9 12 0.041527968 
845 468 12 16 0.04150278 
267 754 13 16 0.041475922 
712 500 10 12 0.041455828 
912 237 8 10 0.041445293 
767 664 21 26 0.041433968 
734 244 11 13 0.041432995 
733 645 11 15 0.041426 
723 515 11 15 0.041351467 
919 489 13 17 0.04133044 
911 103 9 11 0.04130753 
951 302 9 12 0.04130451 
584 95 8 10 0.0412976 
783 390 9 12 0.04129216 
182 655 9 11 0.04126161 
270 779 10 13 0.04118144 
877 248 9 11 0.04112238 
126 630 9 11 0.041115288 
44 478 12 16 0.04108449 
836 259 11 14 0.041037835 
505 158 9 12 0.041034162 
796 492 11 14 0.040999644 
687 415 10 13 0.040935546 
536 215 9 11 0.04092426 
28 603 22 28 0.040865038 
348 492 11 14 0.04085277 
741 459 11 13 0.040822715 
942 197 8 11 0.040799893 
633 302 8 10 0.040798925 
614 238 8 11 0.040744416 
496 88 7 9 0.04070164 
728 371 9 13 0.040680137 
535 367 10 11 0.040671654 
760 475 10 13 0.04066139 
543 237 9 12 0.04065511 
554 713 14 18 0.040613014 
431 469 11 14 0.04057767 
373 558 11 16 0.04051936 
791 428 12 15 0.04050947 
929 78 9 10 0.04048804 
814 254 9 12 0.040467914 
554 135 8 10 0.040452436 
581 197 9 12 0.04042734 
686 24 8 10 0.04039048 
12 437 12 15 0.04038912 
646 309 9 11 0.040342864 
89 519 10 12 0.040302627 
239 723 13 16 0.04029385 
512 493 10 13 0.04027962 
679 296 9 11 0.04026058 
463 102 8 10 0.040207297 
655 350 9 11 0.040193845 
488 221 9 12 0.040190402 
695 684 11 14 0.040157765 
504 181 8 11 0.04015433 
609 271 8 9 0.040149756 
252 704 10 12 0.040105857 
775 16 7 10 0.040091526 
457 460 9 12 0.040075377 
21 439 10 13 0.03997019 
463 373 8 11 0.039918523 
464 351 7 9 0.039910693 
566 646 10 13 0.039895292 
472 199 7 10 0.03988388 
504 382 8 11 0.039855856 
92 644 10 14 0.0398053 
589 543 10 12 0.039801747 
885 617 14 19 0.03979438 
465 645 12 16 0.039750226 
567 615 13 17 0.03973836 
329 24 7 9 0.03973533 
591 571 9 12 0.039714277 
536 16 8 10 0.03969637 
870 87 7 9 0.039691187 
585 493 10 12 0.039650194 
526 429 10 13 0.039623268 
938 190 8 11 0.039548364 
566 602 20 25 0.03949727 
464 635 11 13 0.039469946 
278 405 9 12 0.03946183 
864 208 9 10 0.03946098 
544 419 10 13 0.0393796 
533 336 9 11 0.03937618 
209 0 9 9 0.039357282 
232 756 10 14 0.03930862 
52 577 13 16 0.039277945 
687 268 10 12 0.039275173 
827 502 12 15 0.03927274 
598 413 10 13 0.039225526 
236 482 12 15 0.039224505 
206 590 9 11 0.039203152 
236 758 12 15 0.03919101 
498 55 8 10 0.03917976 
633 287 9 12 0.039135072 
87 650 13 16 0.039076593 
751 659 21 27 0.0390659 
745 221 9 11 0.039056756 
714 332 9 13 0.039029688 
679 589 11 14 0.039024163 
671 278 9 11 0.039015822 
544 102 8 10 0.03900773 
511 31 8 9 0.038970027 
536 21 8 10 0.038922235 
831 177 7 8 0.038912963 
568 341 9 12 0.03891055 
680 477 9 12 0.038887274 
34 473 10 14 0.03883876 
799 213 8 11 0.03881824 
368 29 9 11 0.03877411 
903 374 9 13 0.03865999 
54 502 12 15 0.038659044 
311 32 7 9 0.03863441 
880 424 19 24 0.038620315 
642 407 9 11 0.038603004 
648 580 8 12 0.038599152 
638 302 8 10 0.03855957 
888 111 6 9 0.038500935 
613 231 8 10 0.038487677 
526 564 10 14 0.038487222 
552 326 10 13 0.038474392 
611 395 10 13 0.03846207 
472 613 11 14 0.038450297 
672 372 9 11 0.038445633 
278 504 13 18 0.038398303 
132 315 11 13 0.038388148 
888 134 8 10 0.038316317 
618 128 7 10 0.038310282 
192 598 9 10 0.038309544 
463 469 8 11 0.038272075 
438 65 8 10 0.038270753 
158 581 9 11 0.038264964 
577 28 8 11 0.038258586 
490 357 8 11 0.038257167 
261 391 8 11 0.03824819 
532 555 11 14 0.03823872 
335 24 7 9 0.03822989 
184 358 11 14 0.038229324 
895 199 10 11 0.03818768 
413 750 11 14 0.038163375 
312 742 11 14 0.038161155 
954 206 8 11 0.03815774 
740 510 13 16 0.038152263 
830 126 8 10 0.038150273 
582 103 8 9 0.038148355 
470 144 9 10 0.038146295 
390 619 10 14 0.03813938 
854 533 12 14 0.038103927 
624 150 8 10 0.038096897 
358 2 8 10 0.038086645 
614 277 8 10 0.038046043 
265 715 21 27 0.03799246 
601 380 10 12 0.037987877 
951 334 10 13 0.037984658 
465 398 10 13 0.037950374 
495 310 9 11 0.037940245 
61 504 10 12 0.037911605 
486 387 9 12 0.03790192 
670 350 10 12 0.03787353 
240 359 6 9 0.03786895 
542 213 9 11 0.03785111 
671 359 10 13 0.037839293 
353 2 9 10 0.03778318 
627 341 9 12 0.03772567 
529 523 10 12 0.0377091 
880 372 9 12 0.03770092 
592 167 7 10 0.037698675 
36 663 24 29 0.03760004 
120 534 10 12 0.03754021 
14 367 10 13 0.03753854 
494 355 9 12 0.037537728 
528 501 9 11 0.03751884 
837 240 9 12 0.037461814 
823 374 11 15 0.037448496 
703 302 10 13 0.037448496 
557 343 8 11 0.03744458 
956 412 10 12 0.037436973 
575 255 8 10 0.037419382 
406 517 9 12 0.03741141 
894 333 9 13 0.037385616 
801 286 11 14 0.037372235 
247 418 11 14 0.037363507 
880 126 8 9 0.037354432 
840 160 7 9 0.037353553 
864 430 10 12 0.037302036 
438 579 11 16 0.03730008 
864 213 10 12 0.037298195 
574 342 9 12 0.037293535 
93 511 9 11 0.03729176 
472 390 9 11 0.03726746 
519 168 9 11 0.03726521 
983 284 9 12 0.03721171 
594 119 7 9 0.037205663 
361 21 7 10 0.037188757 
538 118 8 11 0.037156116 
536 32 8 10 0.037128165 
864 148 9 11 0.03707255 
903 556 9 12 0.037058413 
254 370 8 9 0.03703181 
900 484 12 16 0.037031133 
228 565 14 17 0.036982536 
543 246 9 11 0.03696953 
211 670 13 18 0.036969166 
823 243 9 12 0.03693258 
957 276 10 13 0.036922842 
650 96 7 9 0.036898386 
489 188 8 10 0.036864962 
969 231 8 10 0.036864515 
525 368 10 12 0.036863625 
758 203 8 11 0.036842916 
974 595 11 14 0.036842205 
298 71 8 10 0.036800653 
310 719 11 14 0.03678144 
798 307 10 14 0.03676891 
956 437 12 15 0.03674976 
1014 237 8 12 0.036745954 
423 589 10 14 0.03673551 
520 117 7 9 0.036722023 
582 595 10 13 0.03670725 
641 111 6 9 0.036696926 
534 350 10 12 0.036696896 
544 388 11 14 0.03669019 
805 277 12 15 0.03668316 
774 166 8 10 0.03667549 
417 741 9 11 0.036661062 
448 385 11 14 0.036633845 
693 487 9 12 0.036628515 
810 136 9 11 0.036593154 
693 412 11 14 0.03658201 
799 298 11 16 0.036526274 
622 278 9 10 0.036525898 
623 248 8 9 0.036502928 
568 675 12 15 0.03649497 
125 605 10 13 0.036486812 
1012 266 10 14 0.0364613 
85 542 12 14 0.036446143 
1008 232 8 10 0.036442563 
199 596 8 11 0.036432296 
824 387 10 13 0.03640449 
780 428 10 13 0.036396068 
495 143 9 10 0.036382012 
961 69 9 13 0.0363723 
367 23 8 10 0.03635861 
911 565 10 13 0.03634116 
558 556 11 13 0.03634113 
270 411 11 14 0.03634073 
568 301 8 11 0.036332116 
221 1 9 9 0.036302775 
324 422 9 12 0.036288746 
479 37 8 9 0.036287382 
169 684 21 26 0.03627222 
16 422 9 11 0.03619878 
607 62 8 10 0.03619065 
528 549 11 14 0.036184568 
487 38 8 9 0.03617671 
78 507 10 13 0.036160175 
872 533 9 11 0.03614489 
970 622 12 15 0.036142536 
593 224 9 10 0.03612548 
480 541 10 12 0.036080364 
762 141 8 11 0.036034126 
142 486 10 13 0.036000744 
837 533 11 13 0.035997875 
488 117 8 10 0.03597585 
464 335 8 9 0.035972357 
910 374 9 12 0.035971794 
683 625 20 26 0.035953328 
927 316 10 12 0.035936028 
319 446 10 11 0.03587621 
319 15 7 8 0.035849202 
989 254 9 11 0.03577163 
503 56 7 9 0.035762545 
565 323 10 13 0.03575086 
510 218 19 25 0.035730332 
609 294 11 13 0.03566791 
693 374 9 11 0.035660412 
694 71 8 9 0.035643574 
896 160 7 9 0.035635404 
569 363 10 13 0.035632264 
877 219 9 13 0.0355944 
869 262 12 17 0.035592586 
501 317 9 12 0.03557527 
608 421 10 13 0.035571884 
598 626 20 25 0.035566907 
126 566 12 14 0.035535473 
725 651 11 15 0.035528384 
600 588 10 13 0.035506394 
52 481 12 15 0.035425827 
606 331 10 13 0.035407633 
337 2 9 10 0.03539171 
734 492 10 13 0.035384007 
734 253 10 12 0.035369776 
478 359 9 11 0.03535646 
599 119 7 10 0.0353369 
521 387 10 14 0.0353237 
769 161 8 9 0.03532175 
412 444 12 15 0.035310056 
775 350 11 14 0.035304014 
769 206 9 11 0.035296258 
717 502 9 12 0.03527083 
371 435 13 16 0.035258565 
311 61 7 9 0.035190072 
41 341 10 14 0.035187088 
526 271 10 13 0.03517095 
817 508 11 15 0.03516885 
119 517 8 11 0.035116576 
612 619 10 13 0.03506015 
793 381 9 12 0.035042934 
704 309 9 12 0.035034884 
478 96 8 10 0.034990996 
614 405 9 12 0.034988854 
126 453 10 12 0.034969725 
846 196 9 11 0.034968358 
881 111 8 10 0.03496543 
840 191 8 10 0.034908973 
94 636 10 14 0.034881763 
913 231 9 11 0.03485717 
790 366 9 12 0.03480539 
787 474 21 26 0.034802858 
671 383 9 12 0.034789085 
590 549 9 11 0.034716874 
374 392 8 9 0.034702186 
921 119 9 11 0.034700338 
121 604 9 13 0.03466786 
167 597 10 11 0.0346439 
939 514 13 15 0.034633134 
705 45 8 10 0.034623172 
705 412 11 15 0.034621533 
711 47 8 10 0.034620848 
433 158 8 10 0.03461869 
301 76 9 10 0.03456877 
431 590 10 13 0.034565445 
75 598 11 12 0.03454753 
721 0 8 9 0.03453514 
607 44 9 11 0.034531903 
4 515 13 15 0.034523513 
591 89 7 9 0.03451446 
962 181 10 11 0.03451418 
625 118 7 9 0.034492657 
904 129 8 10 0.034460735 
565 491 10 12 0.034428205 
733 270 8 11 0.034422472 
452 625 11 16 0.034404453 
557 413 9 12 0.03439184 
537 190 8 11 0.034368604 
601 104 7 9 0.03430347 
629 431 10 12 0.034286615 
615 264 8 11 0.03428272 
547 278 11 14 0.034263086 
684 479 11 13 0.03424095 
662 453 10 15 0.03420724 
560 128 7 9 0.034194462 
590 621 10 12 0.034184836 
781 668 13 17 0.03418123 
927 205 8 10 0.034165412 
470 286 10 12 0.034159143 
625 70 7 9 0.034158364 
842 714 14 18 0.034127787 
960 213 8 10 0.0341201 
881 175 8 10 0.03411748 
847 181 8 10 0.034117043 
625 493 18 23 0.034104813 
316 167 12 13 0.03407623 
637 456 10 12 0.03403802 
624 310 9 11 0.03403198 
902 346 10 14 0.034027815 
383 458 10 13 0.03400675 
209 32 7 9 0.033989824 
528 556 10 14 0.03398942 
157 623 9 11 0.03398942 
543 324 9 11 0.033984814 
918 80 9 11 0.033975933 
304 71 146 127 0.033947717 
421 543 9 11 0.0339455 
767 334 8 11 0.033927504 
933 316 11 12 0.03390255 
423 360 8 10 0.03388828 
795 595 12 16 0.033851538 
780 316 9 12 0.03379061 
600 270 9 10 0.033788983 
358 750 10 13 0.033784963 
68 382 12 15 0.03375346 
812 327 10 12 0.03372113 
543 621 10 12 0.033720575 
575 389 10 13 0.03370575 
989 537 15 17 0.03369505 
977 238 8 11 0.033693228 
880 434 12 15 0.033676773 
207 710 10 12 0.03363649 
901 269 11 14 0.033609338 
422 91 11 13 0.033546995 
800 97 7 9 0.033541214 
548 684 13 16 0.033539817 
465 97 7 9 0.03353668 
598 224 9 10 0.033532526 
397 471 12 15 0.033513054 
721 13 8 10 0.03347314 
517 270 10 14 0.03344044 
629 374 10 13 0.03343367 
712 405 10 12 0.03342324 
968 597 11 14 0.0334144 
495 573 10 13 0.03339404 
445 87 8 10 0.03338677 
758 316 8 11 0.033345982 
292 659 13 17 0.033340205 
479 199 7 9 0.033331152 
605 681 12 16 0.03327492 
971 491 12 15 0.033269368 
848 343 10 13 0.03326913 
191 591 9 11 0.03326608 
127 558 9 12 0.03324927 
672 340 10 13 0.033236153 
979 247 8 10 0.033220466 
446 626 13 16 0.033204053 
373 507 12 15 0.03316286 
974 366 9 12 0.03315868 
255 743 13 17 0.03312948 
374 31 8 10 0.03312337 
525 94 8 11 0.033079486 
263 652 12 14 0.03307907 
132 470 11 13 0.03305657 
551 149 8 11 0.033041704 
45 419 11 14 0.033037435 
661 418 18 23 0.033013277 
647 422 9 11 0.032979954 
100 607 11 13 0.03296852 
865 81 6 9 0.032956593 
813 277 12 16 0.032912545 
970 197 8 11 0.03291018 
438 108 9 11 0.03289139 
280 13 8 10 0.032890335 
504 517 10 13 0.032887544 
921 215 8 10 0.03281129 
751 725 13 17 0.032752316 
879 119 8 10 0.032741476 
432 91 10 12 0.032697015 
559 300 9 11 0.03268941 
101 636 10 14 0.032639075 
567 294 8 11 0.032623697 
870 483 12 16 0.032622688 
895 339 10 14 0.032603122 
470 430 10 15 0.032585118 
920 192 9 10 0.032584254 
360 436 11 15 0.032551333 
849 109 7 9 0.03254589 
538 37 7 9 0.032529693 
42 483 10 14 0.032513242 
294 654 10 13 0.032505706 
549 380 10 12 0.032475296 
784 251 10 12 0.032471877 
294 616 9 13 0.03246131 
518 579 11 13 0.032455374 
580 191 9 12 0.032444116 
614 463 10 11 0.032418765 
839 0 11 10 0.03238782 
399 375 8 10 0.03238388 
733 371 10 13 0.03237411 
805 160 8 9 0.03236976 
735 17 7 8 0.032369047 
529 198 8 10 0.032337885 
536 109 8 10 0.032325514 
536 183 8 11 0.032322355 
391 474 11 15 0.03231787 
884 28 9 11 0.032315742 
894 326 11 14 0.03228875 
494 566 9 12 0.03227811 
439 389 9 12 0.032270912 
358 482 10 13 0.03223677 
502 435 11 14 0.032186784 
552 555 11 14 0.032185487 
815 374 12 15 0.03217627 
1006 245 10 12 0.03217002 
982 275 10 15 0.03216519 
592 127 8 10 0.032163337 
421 341 9 11 0.032158263 
959 348 8 12 0.032139737 
967 215 8 10 0.03208781 
493 556 10 12 0.032073192 
71 418 11 14 0.032065354 
639 382 10 13 0.03203897 
632 573 9 12 0.032037 
774 161 8 10 0.03200523 
959 149 8 11 0.0319924 
433 64 9 12 0.031984765 
377 8 8 11 0.031971637 
678 361 9 12 0.03196185 
688 97 6 9 0.031959772 
751 475 11 12 0.031939376 
441 450 11 14 0.031911626 
714 22 7 10 0.031909417 
127 505 9 10 0.031908862 
703 124 8 11 0.03190566 
607 615 10 13 0.031890396 
453 78 9 11 0.03188638 
999 198 9 11 0.031885877 
872 670 11 15 0.031884734 
679 373 8 11 0.031883914 
880 611 13 16 0.031869475 
664 301 11 13 0.03184324 
578 104 7 9 0.031816937 
497 61 7 9 0.031807974 
1013 301 10 15 0.03180473 
659 644 13 18 0.03178838 
592 262 8 11 0.031780988 
550 373 11 13 0.031780526 
319 387 10 11 0.031775042 
192 646 9 11 0.03176752 
662 387 10 13 0.031747606 
446 310 9 12 0.031745624 
448 367 9 11 0.031736217 
15 605 12 15 0.031732548 
789 230 9 12 0.031725474 
932 601 13 18 0.031690374 
829 763 10 15 0.031680644 
632 121 7 9 0.0316771 
566 238 9 10 0.0316733 
647 149 8 10 0.03165631 
747 526 12 15 0.031641502 
121 629 9 12 0.03163886 
964 629 17 20 0.031623077 
797 325 9 13 0.031605378 
944 572 10 13 0.03159927 
850 412 12 15 0.031581495 
976 214 8 10 0.03156374 
638 280 11 13 0.03155367 
909 143 9 10 0.0315536 
87 386 12 14 0.031536497 
981 167 19 25 0.031508103 
487 229 9 11 0.03149093 
407 381 8 11 0.031462744 
751 214 9 11 0.031454355 
774 185 8 10 0.031451207 
102 569 10 15 0.031433683 
314 15 6 8 0.031431906 
520 766 12 16 0.031429227 
158 364 13 16 0.03141503 
732 637 12 15 0.031412527 
262 775 12 14 0.03140423 
494 117 8 9 0.031382196 
672 335 9 11 0.0313601 
958 283 10 14 0.03135641 
828 587 13 14 0.031355705 
791 325 12 13 0.031354405 
422 740 9 12 0.03134388 
354 543 14 18 0.031337302 
754 726 22 30 0.03133036 
222 607 8 11 0.03132555 
158 651 11 15 0.03131942 
623 468 9 12 0.03130681 
703 88 7 10 0.03130491 
840 176 8 9 0.031303674 
719 588 13 15 0.03129628 
429 617 12 15 0.031276632 
795 166 8 10 0.031268947 
14 574 11 13 0.031267 
801 191 8 10 0.031262808 
744 1 8 9 0.031240953 
31 451 10 13 0.031219428 
806 198 8 10 0.031216022 
809 140 9 11 0.03118894 
655 325 10 12 0.0311826 
268 727 14 19 0.031172339 
752 317 9 11 0.03115673 
453 239 9 12 0.03112863 
512 681 12 16 0.031128077 
985 229 9 11 0.031124836 
864 136 8 9 0.031106025 
895 373 10 13 0.03109846 
894 506 10 14 0.031094078 
445 437 10 13 0.031067075 
672 285 9 11 0.031059584 
822 686 12 15 0.031037102 
758 530 11 14 0.031029144 
222 652 11 13 0.031020949 
613 383 9 12 0.031014932 
298 792 17 19 0.031004079 
543 460 10 12 0.031001812 
332 439 11 14 0.030998426 
844 453 12 15 0.030982101 
820 483 13 17 0.030979995 
63 469 10 13 0.030963106 
680 382 8 11 0.030952822 
543 683 11 15 0.030945193 
543 272 10 13 0.030920086 
770 587 15 20 0.030919679 
510 151 9 11 0.030910589 
29 498 11 13 0.030880108 
287 464 13 17 0.030877937 
536 311 12 15 0.03085012 
8 590 10 12 0.030848783 
156 775 20 25 0.030824587 
736 454 8 12 0.030758811 
645 364 9 12 0.030737529 
858 373 10 13 0.030698363 
509 198 9 11 0.030667271 
512 215 9 11 0.030658118 
341 463 10 13 0.030653704 
297 694 10 14 0.030650094 
615 468 11 12 0.03063087 
104 485 10 13 0.030589107 
334 668 10 13 0.03058545 
918 100 9 12 0.030576043 
743 318 9 11 0.03055968 
544 342 9 11 0.030480715 
463 403 10 14 0.030477865 
740 565 13 17 0.030453932 
772 405 12 14 0.030442014 
564 534 10 13 0.030438121 
441 317 8 11 0.030437876 
1007 166 11 15 0.030431965 
845 190 9 12 0.030430974 
295 484 13 16 0.03041859 
990 239 8 11 0.030409135 
622 437 9 11 0.030391786 
524 661 12 15 0.030387405 
565 694 10 14 0.030378351 
128 671 19 24 0.030367412 
245 410 12 16 0.030364826 
896 229 10 12 0.030362418 
950 367 10 13 0.030324867 
614 750 11 14 0.030321876 
823 168 8 9 0.030316532 
312 414 9 12 0.030307576 
230 475 11 15 0.030305855 
680 270 8 10 0.030292628 
745 118 7 10 0.03028767 
834 93 8 11 0.030268805 
687 176 9 10 0.030268643 
951 149 10 12 0.030268412 
859 586 11 13 0.030264128 
504 89 8 9 0.030253563 
902 230 9 12 0.030249378 
45 447 10 13 0.030231966 
289 453 11 16 0.03021551 
881 102 8 10 0.030214341 
641 326 9 11 0.03018332 
902 206 9 11 0.030172784 
170 786 23 27 0.030158125 
926 381 18 24 0.030142527 
750 167 7 9 0.030139966 
665 309 10 12 0.03013208 
993 199 9 10 0.030126253 
432 390 9 11 0.030118981 
335 651 14 18 0.03010485 
711 443 11 13 0.030101264 
296 578 13 16 0.030088264 
654 357 9 11 0.030068962 
568 228 10 12 0.030065106 
912 221 8 11 0.030054068 
928 312 10 11 0.030045882 
613 735 11 14 0.030045548 
557 527 11 14 0.030041438 
849 133 8 10 0.03002545 
816 198 8 9 0.029997727 
799 151 8 11 0.029995022 
888 414 10 12 0.029987166 
698 126 7 9 0.02998516 
646 383 10 12 0.029979479 
557 348 8 11 0.029965913 
528 64 7 9 0.029954724 
772 483 11 15 0.02990239 
975 254 8 10 0.02987224 
927 179 8 11 0.029800998 
575 596 10 13 0.029794892 
221 749 11 14 0.029777039 
967 152 9 11 0.029765395 
623 334 10 12 0.029755136 
154 477 9 12 0.029745199 
466 254 10 13 0.029719755 
399 526 8 11 0.02970841 
570 111 7 10 0.029707639 
127 461 10 12 0.029684974 
759 63 7 9 0.029664023 
821 226 11 14 0.029652236 
325 429 10 13 0.029651199 
272 379 9 11 0.029642982 
592 285 9 11 0.02964249 
513 141 9 10 0.029637085 
430 397 9 12 0.02963518 
822 270 10 13 0.0296211 
864 725 12 16 0.029614486 
888 128 8 10 0.029609205 
926 451 12 15 0.029589867 
695 359 11 14 0.029571757 
352 615 10 13 0.029568823 
768 214 9 11 0.029565018 
207 581 11 14 0.029562611 
381 746 10 13 0.029562501 
270 432 11 15 0.029505134 
446 316 8 10 0.029498314 
952 521 14 17 0.029493695 
637 588 12 16 0.029491462 
340 474 14 15 0.029456444 
623 167 8 11 0.02945523 
584 246 9 12 0.029435813 
911 115 9 12 0.029414844 
477 636 11 14 0.029411128 
703 148 8 9 0.029411081 
381 413 11 14 0.029409083 
342 485 13 15 0.029377168 
0 478 8 13 0.02937664 
623 287 8 9 0.029373469 
495 78 8 9 0.029371457 
485 451 10 13 0.029363716 
526 188 8 11 0.029342487 
614 540 11 15 0.02931508 
742 429 11 13 0.029306404 
712 540 11 15 0.0293007 
851 577 18 24 0.029291388 
608 252 9 11 0.02926634 
143 637 11 14 0.029239053 
182 363 12 15 0.029228136 
569 189 9 12 0.029224575 
329 499 20 25 0.029212654 
225 760 21 25 0.029209802 
375 484 11 14 0.029209213 
560 35 9 11 0.029202336 
533 752 11 14 0.02919225 
793 390 9 12 0.029160317 
953 198 9 11 0.029152935 
583 30 9 12 0.029149462 
518 244 9 12 0.029137433 
492 542 9 12 0.029132301 
702 679 12 16 0.029124916 
589 668 10 13 0.029120859 
135 607 10 12 0.029116532 
222 426 11 15 0.029104471 
572 483 10 13 0.029094744 
608 238 9 11 0.02908063 
515 446 19 25 0.029076006 
511 548 10 13 0.029053876 
575 765 10 13 0.029041788 
992 99 11 13 0.02902481 
487 32 7 10 0.029013235 
87 414 11 14 0.029010717 
348 774 13 17 0.029006856 
251 1 8 10 0.028992524 
478 364 10 12 0.028991312 
449 108 10 12 0.028989354 
508 515 10 13 0.028970582 
293 39 7 9 0.028966403 
599 517 10 13 0.028964486 
8 565 10 13 0.02895969 
216 734 10 13 0.02895456 
78 403 11 14 0.028937051 
741 334 10 13 0.028913204 
487 708 11 14 0.028892606 
911 556 11 15 0.02889213 
648 277 9 12 0.02888377 
471 349 9 10 0.028876696 
6 412 10 12 0.028868232 
671 477 9 12 0.028864905 
625 462 9 11 0.028848734 
784 177 7 9 0.028844828 
44 467 11 14 0.028844684 
867 728 23 28 0.02882889 
750 353 20 25 0.02881434 
472 359 9 12 0.02880668 
661 657 12 16 0.02879256 
918 94 9 12 0.028787471 
728 461 10 12 0.028770639 
200 655 8 11 0.028766857 
632 478 9 12 0.028764976 
712 57 8 10 0.02873956 
496 95 8 10 0.028735945 
580 673 11 15 0.028725762 
488 134 8 10 0.028720815 
576 324 9 11 0.028716998 
630 684 10 13 0.028708095 
632 131 9 11 0.028690401 
923 124 10 12 0.028661987 
542 469 12 14 0.028652743 
540 278 21 26 0.028645476 
545 96 8 10 0.028636603 
671 469 10 13 0.028615475 
951 165 9 11 0.028594928 
613 685 10 14 0.028590783 
349 749 12 17 0.028587336 
751 348 11 13 0.028586408 
512 205 8 11 0.028573887 
19 248 12 15 0.028569149 
86 478 9 11 0.02856837 
776 342 10 11 0.028556412 
708 759 18 26 0.028547538 
546 580 10 12 0.02852161 
494 72 8 9 0.028521068 
890 165 8 10 0.028504945 
958 199 8 11 0.028500183 
656 341 10 13 0.028474255 
518 128 8 10 0.028473496 
772 468 12 17 0.028468447 
878 689 13 17 0.028463354 
799 229 9 13 0.028461095 
815 395 12 15 0.028456168 
460 381 10 13 0.028451404 
788 667 12 15 0.028447093 
463 285 9 12 0.028445188 
748 426 12 15 0.028430657 
108 455 10 12 0.028422466 
353 29 9 12 0.028412685 
783 597 12 16 0.028409488 
349 469 10 14 0.028407814 
525 615 19 23 0.02839837 
960 75 9 12 0.028394789 
847 151 7 9 0.028384514 
897 204 9 12 0.028383737 
967 87 9 11 0.028365385 
879 452 11 15 0.028360829 
717 186 10 13 0.028316308 
527 470 10 14 0.028303297 
719 30 8 10 0.028300874 
705 93 7 9 0.028285233 
247 661 13 16 0.028267741 
525 571 10 13 0.028265776 
937 523 11 15 0.02826158 
687 0 10 9 0.028252985 
606 376 11 13 0.028245166 
153 469 9 12 0.02824036 
1009 295 10 14 0.02823519 
101 580 9 13 0.028224824 
728 221 9 11 0.02821433 
912 379 8 12 0.028210117 
456 103 8 11 0.028209914 
925 578 13 16 0.028198661 
928 150 8 10 0.028196968 
592 5 22 31 0.028195564 
311 693 10 13 0.028194701 
625 113 6 9 0.028179998 
985 528 25 30 0.028160956 
447 270 8 12 0.02815685 
470 268 10 12 0.028136138 
532 564 10 13 0.028128732 
350 527 22 29 0.028099481 
182 645 10 13 0.028091088 
407 478 11 14 0.028085722 
545 349 9 12 0.028076708 
872 713 24 32 0.028074242 
620 271 9 10 0.028072622 
157 471 11 14 0.028062364 
646 342 9 12 0.028047414 
807 229 9 11 0.028042044 
304 0 7 8 0.02801966 
190 606 9 12 0.027992982 
440 629 11 15 0.027983658 
454 634 11 14 0.027983146 
250 373 9 11 0.027978275 
378 564 12 16 0.027976027 
313 8 8 9 0.027974231 
382 470 12 15 0.027941447 
897 150 7 9 0.027927881 
542 290 11 14 0.027915554 
430 541 9 12 0.027906273 
343 15 7 9 0.027902922 
832 639 15 20 0.027899904 
581 229 9 11 0.027897365 
165 427 11 15 0.027895084 
775 573 12 16 0.027876701 
735 327 10 13 0.027874112 
832 151 8 10 0.027857887 
464 86 8 9 0.027856803 
631 102 8 9 0.027843557 
520 39 8 10 0.02784355 
277 779 11 14 0.027839549 
716 541 13 16 0.027834307 
327 45 9 12 0.027819823 
896 119 7 10 0.027806582 
833 191 8 9 0.027803626 
692 247 9 11 0.027802208 
14 430 11 14 0.027798599 
643 586 20 26 0.0277742 
512 318 10 13 0.027771235 
280 73 6 8 0.027766393 
536 236 10 12 0.027762422 
328 29 8 9 0.02773524 
169 691 12 15 0.027732363 
391 531 10 13 0.027732233 
634 39 10 13 0.027730798 
681 97 7 8 0.02772871 
759 479 22 27 0.027713975 
661 293 10 12 0.02769809 
805 568 15 20 0.027677685 
402 468 11 14 0.027672034 
741 25 8 10 0.027664432 
548 397 13 17 0.027655585 
301 414 9 11 0.027635286 
486 63 7 9 0.027632046 
638 372 9 12 0.027605921 
685 499 11 13 0.027604345 
33 535 18 24 0.027599163 
823 459 21 24 0.027587544 
688 317 9 11 0.027584309 
505 509 10 13 0.027572474 
966 43 12 15 0.02756694 
766 653 13 16 0.027560515 
559 239 9 10 0.027553512 
881 136 7 9 0.027548712 
472 381 10 13 0.027527181 
714 433 18 22 0.027513603 
496 390 10 12 0.02751137 
616 143 8 10 0.02750803 
487 207 8 10 0.027503889 
383 700 11 13 0.027502272 
973 334 11 13 0.027487984 
254 779 12 16 0.027465371 
406 12 10 12 0.027461046 
632 263 9 11 0.027459927 
963 267 11 14 0.027452592 
276 701 11 13 0.027442168 
701 0 9 8 0.027435217 
567 87 7 10 0.027418867 
600 136 7 9 0.027405288 
513 118 7 9 0.027404478 
248 24 7 10 0.027399745 
679 277 8 10 0.027397243 
770 318 8 11 0.027394002 
505 151 8 11 0.027375087 
45 397 10 12 0.027356176 
456 349 8 10 0.027349973 
877 563 12 15 0.02734553 
447 239 9 11 0.027310448 
702 32 8 9 0.027303575 
421 412 10 13 0.027293498 
815 225 12 14 0.027276834 
494 421 20 24 0.027264368 
727 468 11 13 0.027259793 
831 268 10 13 0.027254658 
631 595 11 15 0.027252374 
791 206 10 12 0.027245523 
654 302 9 11 0.027245434 
768 220 9 12 0.027241869 
573 654 11 16 0.02723808 
883 683 12 17 0.027234612 
678 339 10 13 0.027233467 
855 105 7 9 0.027230544 
648 428 11 13 0.02722142 
568 152 7 10 0.027215637 
388 516 12 14 0.027202813 
816 153 7 9 0.027178772 
304 437 12 14 0.027164394 
917 563 12 16 0.027157776 
253 415 10 13 0.027154313 
518 206 9 10 0.027145622 
726 239 10 13 0.02714153 
429 366 9 12 0.027140096 
381 483 13 16 0.027129635 
967 109 9 12 0.027113473 
759 372 10 12 0.027090346 
654 102 8 10 0.027079144 
656 382 10 13 0.027069392 
630 404 9 12 0.027066369 
201 661 10 13 0.02706315 
876 653 12 16 0.027062923 
751 388 12 15 0.027054293 
624 253 8 9 0.027054269 
244 706 20 24 0.027053446 
864 474 11 15 0.027046906 
13 518 11 14 0.027027866 
350 706 11 15 0.027024748 
729 296 8 11 0.027024165 
271 39 7 9 0.027016785 
948 644 12 15 0.027012147 
982 306 11 15 0.027008235 
447 607 12 16 0.027002169 
862 535 12 14 0.026990497 
631 96 8 10 0.026985388 
615 253 8 10 0.026983561 
543 142 9 12 0.026970394 
824 183 7 9 0.02696527 
936 174 10 11 0.026960896 
763 672 13 17 0.026959896 
816 176 7 8 0.026954018 
366 398 8 10 0.026953269 
109 485 9 12 0.02693994 
513 237 9 12 0.026929386 
856 399 9 13 0.026928136 
119 557 10 12 0.02691556 
526 589 11 14 0.026901217 
582 526 9 13 0.026881276 
789 516 10 13 0.026876846 
6 492 19 24 0.026874019 
734 388 10 12 0.026873268 
440 775 9 12 0.0268715 
4 487 10 13 0.026861358 
600 78 7 9 0.026859399 
566 564 11 14 0.026853649 
733 261 9 11 0.0268502 
480 381 11 14 0.026835239 
289 38 8 10 0.026825532 
920 169 8 10 0.026819704 
590 394 10 14 0.026778476 
704 108 7 10 0.026774144 
773 653 11 14 0.026773479 
679 189 9 11 0.026764749 
561 118 8 10 0.026750747 
192 710 10 13 0.026743669 
890 331 9 14 0.026723523 
423 571 12 15 0.026719581 
654 526 10 13 0.026707795 
439 461 10 12 0.026688855 
745 437 10 13 0.026688688 
562 1 8 10 0.026686588 
591 279 8 10 0.026686465 
512 557 9 12 0.026685104 
726 315 9 12 0.026676588 
374 760 13 15 0.026665796 
864 261 11 15 0.026657317 
794 757 14 17 0.026642216 
88 487 8 10 0.026626138 
1008 142 9 12 0.026616324 
439 373 9 11 0.026592545 
556 257 11 14 0.026580874 
598 571 9 12 0.026572984 
446 414 12 14 0.026570454 
464 342 8 10 0.026553828 
674 537 21 26 0.026545849 
1000 191 9 12 0.02654578 
224 344 7 9 0.026513152 
631 309 9 11 0.026509352 
582 324 9 11 0.026476387 
735 628 11 15 0.02647585 
581 223 9 11 0.026464056 
640 359 10 11 0.026456906 
383 732 11 15 0.02643147 
270 699 11 13 0.026430255 
93 530 11 13 0.026423158 
583 142 7 10 0.026422048 
428 405 10 12 0.026416635 
431 109 9 12 0.026394146 
250 667 14 17 0.026386892 
173 613 11 13 0.026377387 
486 398 10 12 0.026370753 
519 24 8 10 0.02636791 
785 481 12 18 0.026365558 
592 113 7 8 0.026361546 
528 215 8 10 0.026330514 
688 38 7 10 0.02632821 
671 270 9 11 0.02632758 
93 619 11 14 0.026317976 
63 443 13 16 0.026309175 
33 546 12 15 0.026306415 
50 707 15 20 0.026303215 
506 32 8 10 0.026302312 
680 183 9 11 0.026291287 
597 375 10 12 0.026282122 
302 718 12 15 0.026271591 
542 612 11 15 0.026270859 
134 558 10 14 0.026270032 
918 150 9 11 0.026266776 
695 406 10 13 0.026262201 
705 436 11 13 0.026259005 
200 -1 8 8 0.026247468 
648 318 8 10 0.026240809 
59 735 21 26 0.026240587 
544 148 9 12 0.026233219 
477 575 10 13 0.026231447 
649 135 7 9 0.026210735 
896 237 9 11 0.026205169 
760 600 14 18 0.026194105 
616 159 8 11 0.026187835 
566 438 10 13 0.02618485 
886 482 20 25 0.02617491 
353 693 10 15 0.026165213 
860 220 12 14 0.026161755 
849 214 8 11 0.026143525 
740 704 13 17 0.026132405 
627 701 12 16 0.026128134 
951 157 10 12 0.026122617 
471 365 10 12 0.026119169 
756 350 11 14 0.026108218 
872 199 9 10 0.02610438 
649 102 7 9 0.026102832 
601 38 9 12 0.026092866 
464 279 9 11 0.026079785 
808 212 8 11 0.02607809 
311 39 9 10 0.026067358 
607 104 7 9 0.026063578 
808 206 8 11 0.026059903 
119 551 10 12 0.026056366 
462 388 9 11 0.026049566 
872 157 9 10 0.026048528 
44 364 20 25 0.02602881 
568 117 7 10 0.026021052 
490 103 7 9 0.026015596 
568 6 9 11 0.026012609 
703 493 9 11 0.026007792 
895 211 18 23 0.026001906 
784 366 9 12 0.025999103 
537 205 9 10 0.02597853 
824 207 9 11 0.025974 
463 191 7 10 0.025973681 
250 369 8 9 0.025959551 
772 579 15 19 0.025940638 
987 178 11 15 0.02593606 
833 158 8 9 0.025923293 
725 763 9 14 0.025913218 
513 565 10 13 0.0259118 
457 207 7 9 0.02589866 
389 501 9 12 0.025898142 
135 541 9 11 0.02588646 
1004 556 11 13 0.025884852 
711 557 11 15 0.025872797 
407 104 9 13 0.02585506 
810 253 9 12 0.025848258 
654 629 12 15 0.025846705 
593 628 10 13 0.025842577 
775 395 10 14 0.025838464 
473 190 8 10 0.02583342 
314 428 10 13 0.025819395 
517 234 11 13 0.02581455 
134 475 10 13 0.025798894 
632 51 9 12 0.0257984 
118 526 9 11 0.02579428 
740 500 12 16 0.025793668 
234 358 7 10 0.025786191 
598 261 9 12 0.025786 
940 308 11 12 0.025785733 
127 668 14 17 0.025781136 
45 533 11 14 0.025775295 
245 758 11 16 0.025764575 
168 645 12 17 0.02576105 
3 662 16 22 0.025756536 
469 277 10 12 0.025742931 
445 431 10 13 0.025740977 
415 407 10 12 0.02574037 
550 309 10 11 0.025737938 
85 504 9 11 0.025728391 
951 189 9 11 0.025728077 
545 252 10 13 0.025695022 
902 165 8 11 0.025675794 
550 291 10 12 0.025650792 
447 349 9 11 0.025648985 
567 334 10 13 0.025643183 
428 657 12 15 0.025637899 
502 645 13 17 0.02563394 
22 498 11 14 0.025618723 
85 460 10 13 0.025615122 
942 174 8 10 0.02561433 
120 452 10 13 0.025599562 
724 414 10 13 0.02559707 
346 109 9 12 0.02559557 
743 397 10 13 0.025593061 
666 167 8 11 0.025589848 
584 620 11 13 0.025585236 
438 80 10 14 0.02557606 
502 226 10 13 0.02556606 
80 477 9 12 0.025560472 
615 696 20 26 0.025559653 
568 388 10 13 0.025556803 
568 287 9 11 0.025552839 
832 244 9 11 0.025542133 
624 61 8 10 0.025539747 
95 550 9 12 0.025534194 
29 511 11 13 0.025526125 
598 429 11 13 0.025525793 
455 484 10 12 0.025524044 
253 674 12 16 0.025519498 
810 223 8 10 0.025507689 
670 737 12 15 0.025484022 
987 602 13 16 0.025473135 
626 101 7 9 0.02547161 
520 151 7 9 0.02546425 
616 372 9 13 0.025460852 
798 526 13 16 0.025452277 
512 75 9 11 0.025443988 
287 570 13 16 0.025435375 
344 421 12 14 0.025427189 
235 568 13 17 0.025406769 
798 499 10 14 0.025397941 
386 467 21 27 0.025397604 
559 167 9 10 0.025396956 
505 164 9 11 0.025394795 
639 269 9 10 0.025390338 
595 500 11 13 0.025372915 
590 271 8 10 0.025354158 
577 159 7 10 0.025347391 
400 517 10 14 0.025345266 
822 532 11 13 0.02531808 
680 103 7 8 0.025310423 
545 629 11 15 0.02530596 
190 539 10 14 0.02530235 
932 491 12 17 0.025295889 
944 407 11 15 0.025286011 
464 328 7 9 0.025282312 
929 84 9 11 0.02528149 
438 788 12 14 0.025281254 
1015 94 8 12 0.02526344 
926 460 11 13 0.025262108 
602 388 21 25 0.02526159 
431 151 9 12 0.025254859 
954 515 21 27 0.025245277 
1015 231 7 11 0.025222452 
679 499 12 15 0.025213229 
403 6 11 11 0.025206855 
1001 229 8 10 0.025184704 
798 516 11 13 0.025166601 
505 134 8 10 0.025164016 
695 309 9 11 0.025162626 
988 591 13 16 0.025161508 
1003 415 13 18 0.025161384 
993 426 12 16 0.02516112 
911 206 8 10 0.02516059 
40 349 10 13 0.025116477 
547 583 20 24 0.025112405 
688 365 9 12 0.025085518 
472 127 8 10 0.02508345 
830 386 10 13 0.02507956 
846 166 8 9 0.025062755 
585 129 7 9 0.025045965 
694 445 9 11 0.024992907 
544 381 10 12 0.024990663 
131 588 11 13 0.024986528 
931 693 11 13 0.024979401 
559 573 10 12 0.024971165 
832 198 8 10 0.024967317 
912 168 9 11 0.024944242 
820 710 24 29 0.024942491 
762 715 15 19 0.024939986 
733 539 11 16 0.024927877 
887 80 8 10 0.02492326 
316 733 12 15 0.02492203 
421 658 13 16 0.024914812 
299 488 21 28 0.024909426 
178 692 12 15 0.024897221 
479 84 8 10 0.024886053 
966 485 12 16 0.02488088 
446 92 8 11 0.024873583 
607 152 8 9 0.024873363 
631 150 8 9 0.024867358 
602 151 8 10 0.024865856 
861 340 11 15 0.024850067 
536 141 9 12 0.024847249 
820 276 11 14 0.024838526 
704 445 10 12 0.02482372 
558 287 8 10 0.024819203 
625 52 8 11 0.024792407 
772 660 12 16 0.024790706 
503 372 10 12 0.024765026 
676 738 11 15 0.024749508 
94 731 13 16 0.024744658 
583 174 10 11 0.024739312 
691 562 13 15 0.024723168 
64 398 11 14 0.024708094 
960 323 9 12 0.024702502 
424 398 9 12 0.024698129 
608 118 7 10 0.024695164 
805 526 12 15 0.0246939 
306 30 7 10 0.02468754 
737 337 20 26 0.024662951 
619 133 7 10 0.024629155 
889 86 8 9 0.024626244 
614 477 12 15 0.024602946 
871 167 9 11 0.02459355 
965 126 9 12 0.024590395 
261 397 9 11 0.024588317 
680 413 10 13 0.02458696 
696 303 10 12 0.024586314 
201 47 8 11 0.024579389 
765 581 12 17 0.024568332 
720 564 12 16 0.024563357 
48 564 11 14 0.024563136 
108 740 12 16 0.024556113 
360 35 10 13 0.02453599 
560 230 8 11 0.024532614 
215 605 10 12 0.024524087 
319 8 7 9 0.024520064 
934 150 9 11 0.024500428 
158 615 10 11 0.02449291 
502 523 12 15 0.024481041 
633 144 7 10 0.024475586 
150 629 10 12 0.024468618 
908 458 12 16 0.024468161 
891 618 12 16 0.024463512 
533 590 11 14 0.024429113 
791 395 11 14 0.024418706 
919 381 10 13 0.024400983 
742 390 10 12 0.024400463 
158 629 10 12 0.02439298 
500 349 10 13 0.024383621 
406 388 9 12 0.024378764 
295 719 11 15 0.024354255 
765 532 11 13 0.024348382 
269 466 13 17 0.024336088 
96 493 9 11 0.024329187 
952 239 9 11 0.024310296 
583 277 9 10 0.024299942 
86 430 10 13 0.024297137 
894 102 8 10 0.024293786 
536 293 10 12 0.024288863 
357 428 10 13 0.024288852 
366 739 11 15 0.024279244 
832 135 7 9 0.024278982 
828 646 16 19 0.024278637 
207 420 13 17 0.024273466 
602 389 10 14 0.024272641 
513 571 11 15 0.024260776 
681 483 11 15 0.024254216 
879 150 9 10 0.024250593 
686 326 9 11 0.024246994 
560 492 10 13 0.024246579 
559 366 10 12 0.024243431 
990 107 11 15 0.024241233 
551 157 8 10 0.02424033 
711 7 8 9 0.02423731 
648 119 7 10 0.024225103 
805 63 8 10 0.024223147 
944 613 11 15 0.024210319 
496 302 10 12 0.024209164 
558 331 9 13 0.02420703 
869 228 9 13 0.024206428 
228 464 12 15 0.024196364 
265 39 7 9 0.024196327 
663 325 9 11 0.024194345 
151 486 9 12 0.024191106 
46 391 11 12 0.02418898 
608 111 7 9 0.024178836 
471 175 8 10 0.024161479 
120 540 9 11 0.024159752 
725 420 11 13 0.024155179 
718 302 9 11 0.024141388 
293 571 15 18 0.024140967 
144 630 10 13 0.024134152 
512 129 9 10 0.024131808 
296 23 8 9 0.024122836 
847 128 8 10 0.024118846 
582 343 10 13 0.024117934 
352 676 9 12 0.02410489 
741 525 20 26 0.024099456 
69 398 13 17 0.02409784 
487 144 8 10 0.02409397 
933 452 11 14 0.02408599 
390 455 12 15 0.024069235 
598 445 12 14 0.02406588 
263 72 7 10 0.024064552 
965 324 10 12 0.02406204 
78 487 8 11 0.024059609 
1014 254 10 14 0.02405732 
910 215 8 11 0.024056384 
624 430 10 13 0.024051469 
632 268 8 11 0.024034496 
537 454 10 12 0.024032332 
774 323 9 12 0.024028022 
455 173 8 10 0.024024656 
906 102 9 11 0.024011277 
325 63 9 11 0.023988357 
662 563 11 13 0.023981364 
584 286 9 10 0.023981351 
751 335 11 14 0.02395181 
621 300 9 12 0.023950612 
555 581 12 15 0.023945333 
470 25 9 10 0.0239407 
861 419 10 13 0.0239389 
752 145 8 10 0.023933541 
591 134 8 10 0.023930214 
158 513 10 15 0.023929853 
489 96 7 9 0.02392851 
971 180 10 14 0.023919418 
759 444 10 14 0.023911694 
207 596 9 11 0.02391109 
880 413 10 12 0.023910008 
591 325 9 11 0.023904977 
551 38 7 9 0.023896033 
449 343 9 11 0.02388844 
288 102 8 10 0.023886004 
222 733 10 13 0.023881858 
263 687 10 13 0.023872346 
980 662 14 19 0.023863252 
805 501 9 12 0.02386285 
489 47 7 8 0.023859415 
626 521 12 16 0.023857815 
1007 148 10 13 0.023852674 
769 326 8 10 0.023850702 
855 110 7 9 0.023836842 
907 134 9 12 0.023835905 
657 128 7 9 0.02382937 
575 564 11 16 0.023827748 
1008 307 11 16 0.023827745 
367 412 9 12 0.023827428 
718 419 11 14 0.0238152 
306 55 8 10 0.023784244 
162 779 24 26 0.023783237 
957 240 20 24 0.023783168 
835 411 12 15 0.023782542 
584 541 10 13 0.023761014 
365 35 10 13 0.023759339 
773 499 10 13 0.023753654 
70 540 10 13 0.023747027 
143 368 20 26 0.023735167 
175 721 13 16 0.023721034 
158 565 8 11 0.023714507 
963 691 12 16 0.02371182 
462 54 7 9 0.023711063 
96 486 9 12 0.023685962 
911 246 9 11 0.023684332 
63 533 11 14 0.023663606 
816 157 8 10 0.023658331 
583 628 11 13 0.023657314 
196 710 13 14 0.02365198 
447 375 19 25 0.02364676 
155 371 13 17 0.023642095 
606 412 11 14 0.023641452 
493 443 10 13 0.02364085 
763 742 50 68 0.023616835 
250 430 21 25 0.023615636 
807 97 9 12 0.023602147 
781 380 10 12 0.023597619 
991 229 8 10 0.023594795 
334 644 12 18 0.023593053 
436 437 21 27 0.023588242 
15 383 9 12 0.023580495 
719 317 9 11 0.023579158 
848 629 11 16 0.023578513 
70 636 12 15 0.023574432 
492 160 9 11 0.023568707 
616 508 21 27 0.023568565 
269 602 11 14 0.02354298 
632 279 9 11 0.023538493 
777 174 8 9 0.023537712 
615 165 10 12 0.023531599 
512 244 10 12 0.023530541 
511 389 9 12 0.023528686 
503 661 13 16 0.023523023 
920 685 11 14 0.023508599 
972 603 10 13 0.023486638 
53 390 9 12 0.023458283 
212 580 11 14 0.023452 
364 88 10 12 0.02344941 
535 684 11 14 0.023445709 
532 391 10 13 0.02344558 
919 68 9 12 0.023443442 
993 150 10 13 0.023442404 
687 102 7 9 0.023440303 
1014 558 10 13 0.023432162 
709 279 12 14 0.023431387 
422 0 9 8 0.023427268 
139 671 12 15 0.023425452 
765 626 14 18 0.023425153 
751 175 8 11 0.023410995 
589 596 10 13 0.023394328 
479 450 12 15 0.023390168 
864 333 10 13 0.023381991 
405 479 23 26 0.023379793 
520 56 8 9 0.023372691 
713 30 8 10 0.023368698 
583 159 8 10 0.023363192 
859 688 15 21 0.02335854 
726 539 13 16 0.02334544 
447 477 10 13 0.023343321 
758 215 9 11 0.02334067 
526 424 10 12 0.023311762 
882 181 8 11 0.023304008 
721 238 9 12 0.023290519 
991 334 10 12 0.023279002 
920 222 8 10 0.02327543 
375 477 12 15 0.023273256 
849 221 10 12 0.02326754 
661 287 10 12 0.023263529 
598 284 9 12 0.023249893 
575 381 10 13 0.023243677 
614 319 9 10 0.023229025 
815 259 10 12 0.023217771 
374 722 14 17 0.023207946 
533 358 10 12 0.023206823 
741 725 12 16 0.023190413 
86 659 12 15 0.023189599 
464 223 9 11 0.023184545 
407 524 9 12 0.023153668 
686 333 9 12 0.023143824 
304 63 7 9 0.023142671 
896 127 7 9 0.023125773 
826 128 7 9 0.02310715 
927 99 9 12 0.023102403 
394 429 13 18 0.02310227 
446 775 9 12 0.02309652 
570 143 7 9 0.02309617 
271 301 7 9 0.023083849 
414 537 11 14 0.02308093 
494 399 19 25 0.02307859 
764 444 12 15 0.023077512 
414 0 10 10 0.023071729 
519 477 9 12 0.023068735 
572 663 18 23 0.023061575 
446 220 9 10 0.023057744 
600 437 10 12 0.02305684 
535 372 10 12 0.023046551 
632 80 7 9 0.023038011 
247 381 9 11 0.023030015 
559 563 11 13 0.023023063 
881 80 7 9 0.023018183 
767 7 7 9 0.023011403 
943 159 8 11 0.023007758 
702 453 10 13 0.022998413 
21 531 11 14 0.022985358 
456 55 8 10 0.022984691 
1007 101 9 12 0.022975389 
286 360 9 10 0.022971692 
489 86 7 10 0.022962013 
598 254 10 12 0.022961704 
827 400 21 25 0.02295027 
527 205 9 11 0.022938918 
415 387 10 12 0.022930786 
241 645 9 12 0.022921477 
641 419 9 12 0.022920491 
564 540 9 11 0.02291673 
918 311 10 11 0.022916052 
687 739 12 15 0.022907535 
653 277 9 12 0.022890724 
796 649 15 18 0.022884859 
974 157 9 11 0.022881141 
224 376 10 11 0.02288016 
242 423 22 28 0.022868864 
383 29 8 11 0.022853969 
935 216 8 10 0.02285085 
731 365 12 14 0.022850817 
889 230 9 11 0.022844657 
338 389 8 10 0.02284313 
117 636 13 15 0.02284136 
110 550 9 11 0.02283734 
21 589 11 13 0.02283397 
590 747 11 14 0.022829723 
52 512 21 28 0.0228252 
967 77 8 11 0.022821095 
361 140 10 12 0.022809787 
496 317 9 12 0.022807496 
525 764 14 18 0.022804122 
70 450 10 14 0.022802874 
759 191 9 11 0.0227899 
537 460 10 13 0.02278784 
631 357 9 11 0.022783676 
920 620 11 16 0.02278054 
671 293 9 12 0.022772096 
670 256 9 11 0.022771917 
518 78 7 10 0.022762422 
833 89 8 10 0.022761976 
554 332 8 11 0.022752725 
494 4 11 12 0.022745771 
222 724 11 14 0.022744216 
670 168 8 10 0.022731615 
816 167 8 10 0.022727026 
267 793 14 18 0.022722065 
645 630 11 14 0.022721838 
975 205 9 11 0.022691412 
565 36 9 11 0.022691056 
687 293 10 12 0.022687314 
474 14 8 11 0.022680003 
885 453 12 16 0.022653205 
360 741 11 15 0.022650102 
824 134 7 9 0.022646254 
422 168 8 10 0.022642324 
544 157 9 11 0.02262788 
228 770 13 15 0.02261199 
318 40 9 10 0.022587884 
343 687 10 13 0.022584716 
526 581 9 11 0.022571558 
633 581 9 12 0.022570385 
327 676 9 12 0.02256738 
847 525 10 14 0.022562359 
456 288 8 10 0.022535086 
200 590 10 13 0.022520786 
639 145 6 9 0.022502664 
389 625 12 17 0.02250081 
904 564 11 14 0.022498585 
855 238 10 13 0.022494134 
464 37 8 11 0.022493526 
909 127 9 11 0.022482762 
833 113 7 9 0.022480497 
175 731 11 14 0.02247176 
794 159 8 10 0.0224672 
615 72 7 9 0.022462614 
623 555 12 15 0.02245853 
783 423 11 15 0.022455238 
79 532 9 12 0.022455012 
608 263 9 10 0.022451267 
282 32 7 8 0.022446474 
869 429 11 15 0.022446295 
197 759 12 15 0.022441152 
528 100 9 11 0.022440812 
682 29 8 11 0.022440296 
488 366 9 11 0.022437759 
590 93 8 10 0.022397935 
268 527 15 20 0.022393778 
934 277 10 12 0.022383587 
440 382 9 11 0.022383478 
350 486 12 14 0.022382589 
7 532 12 15 0.02236341 
268 740 12 17 0.022359462 
926 61 10 13 0.022355946 
832 143 7 9 0.022346037 
917 469 12 16 0.022342496 
694 387 10 11 0.022330718 
14 414 9 10 0.022325996 
770 167 7 9 0.022323435 
966 69 9 12 0.022322465 
454 500 10 14 0.022319138 
151 605 8 10 0.022312457 
300 443 12 13 0.022306684 
599 72 7 9 0.0222721 
94 542 10 12 0.02225596 
260 422 9 12 0.02224706 
142 605 9 11 0.022246344 
519 637 12 15 0.02224404 
759 587 11 16 0.02224217 
211 410 13 17 0.022231136 
845 575 12 17 0.02222995 
285 441 20 27 0.022227302 
527 31 7 9 0.02222681 
645 460 11 13 0.022223454 
7 407 9 11 0.022221332 
764 608 13 16 0.02221547 
600 327 8 10 0.022212071 
464 79 8 11 0.022211028 
961 158 9 11 0.022207785 
808 357 12 15 0.022202222 
555 406 10 14 0.022189494 
712 366 10 13 0.0221882 
320 45 8 10 0.022176191 
678 516 12 15 0.022161923 
447 206 8 10 0.022151794 
190 372 9 12 0.022149324 
649 87 7 9 0.022146745 
949 568 12 14 0.022139091 
837 222 10 12 0.022132466 
709 300 11 13 0.022111159 
961 126 9 12 0.022106273 
972 516 13 17 0.022079559 
623 405 10 12 0.022074906 
633 651 11 15 0.022074196 
615 510 11 14 0.022065438 
831 213 9 12 0.022061843 
564 471 20 25 0.02205761 
697 64 6 9 0.022021793 
477 336 8 10 0.022016304 
670 398 10 13 0.022014368 
471 118 9 10 0.022002509 
273 5 8 10 0.02199803 
183 351 10 14 0.021991095 
136 550 8 11 0.021989964 
207 369 9 11 0.021976868 
710 375 18 23 0.02197162 
142 479 11 13 0.021958476 
920 62 9 11 0.021957345 
615 647 11 14 0.021954129 
879 198 10 12 0.021952562 
53 541 12 15 0.021948766 
743 151 8 10 0.021938764 
552 214 8 11 0.021921156 
607 453 9 13 0.021914175 
479 174 8 11 0.021891791 
665 278 8 11 0.021887869 
904 30 10 11 0.021887526 
967 356 10 13 0.02188433 
932 237 20 27 0.021867974 
684 460 13 16 0.021864034 
729 54 7 9 0.021852536 
152 616 8 10 0.021844573 
473 86 7 9 0.021826368 
685 674 11 16 0.02181285 
797 373 10 13 0.021808894 
893 95 9 11 0.021806505 
85 453 11 14 0.021791888 
21 596 10 13 0.021782717 
710 222 10 12 0.021754907 
53 428 11 13 0.021746099 
487 572 11 13 0.021743106 
381 14 9 11 0.021742376 
231 725 12 14 0.021742024 
581 110 9 10 0.02172983 
293 54 8 9 0.021723913 
832 530 11 14 0.02171516 
287 624 12 17 0.021714998 
566 1 9 10 0.02170972 
590 589 10 13 0.021706784 
478 8 9 11 0.02170335 
464 519 18 23 0.021699376 
687 532 12 15 0.021684438 
564 556 11 14 0.021672644 
102 560 11 16 0.021666862 
784 181 7 9 0.021664416 
688 80 7 9 0.021662435 
984 78 10 12 0.02165805 
280 132 9 11 0.021654544 
681 627 12 16 0.02165082 
922 483 16 20 0.021649128 
241 707 11 14 0.021647844 
822 197 8 11 0.021642113 
573 645 11 14 0.021632908 
543 37 8 9 0.021628784 
575 236 9 11 0.02160831 
559 158 8 10 0.021600675 
806 56 8 9 0.021587916 
134 596 10 13 0.021579355 
879 96 7 10 0.021577805 
423 405 11 14 0.021574672 
473 291 10 13 0.02156558 
712 15 8 10 0.021546425 
727 708 89 122 0.021544011 
620 326 10 13 0.021536227 
718 57 7 8 0.021534353 
826 143 7 9 0.021526845 
702 573 12 15 0.021525795 
912 254 9 11 0.02151953 
527 118 9 10 0.021517906 
245 673 15 17 0.021517536 
388 494 10 13 0.021514494 
439 795 11 14 0.021513654 
775 675 12 16 0.021513507 
296 65 8 10 0.021509642 
490 343 8 12 0.02150862 
797 236 10 13 0.021505678 
367 597 21 26 0.021505548 
605 349 10 13 0.021497093 
679 462 12 15 0.021483729 
577 319 8 11 0.021482997 
688 240 11 13 0.021482602 
341 781 13 18 0.021477912 
854 214 9 12 0.021464504 
117 689 11 15 0.02146417 
506 293 13 15 0.021463003 
690 660 15 18 0.021456238 
607 461 9 12 0.021449568 
748 396 12 15 0.02142497 
662 528 20 25 0.021414746 
109 684 13 18 0.021406356 
749 547 13 15 0.021398125 
725 578 13 14 0.021391694 
944 580 21 26 0.021390501 
788 452 10 12 0.021387247 
214 385 19 24 0.021376647 
682 23 8 11 0.021371547 
632 589 10 14 0.021356504 
365 748 9 13 0.021353602 
784 516 10 13 0.021343509 
495 149 8 11 0.021342523 
462 310 9 11 0.021340145 
149 705 14 19 0.02133243 
616 366 10 13 0.021329688 
759 229 9 12 0.021326544 
887 238 9 10 0.021325562 
576 136 8 10 0.021325365 
837 2 12 14 0.021318195 
728 97 6 8 0.021317428 
607 78 8 9 0.021315226 
520 44 8 10 0.021307506 
623 264 8 10 0.021306373 
93 413 11 14 0.021304466 
281 47 7 9 0.021300614 
48 357 10 13 0.021299584 
828 455 13 17 0.02128592 
519 550 9 13 0.021282226 
169 704 22 25 0.02127333 
553 222 7 10 0.021269646 
534 469 11 14 0.0212612 
35 633 23 28 0.021257108 
214 716 10 13 0.021254651 
871 579 12 16 0.021241017 
201 53 8 10 0.021238392 
560 692 10 15 0.021230234 
903 175 8 10 0.021227349 
193 272 8 10 0.021218624 
465 25 9 10 0.02121582 
623 420 11 13 0.021213617 
276 694 11 13 0.021210713 
25 459 11 15 0.021196986 
472 134 8 11 0.021179305 
254 451 11 15 0.021179017 
985 108 9 13 0.021174392 
495 436 11 15 0.021173686 
448 668 11 14 0.021165201 
795 96 7 9 0.021163873 
986 84 9 12 0.021155668 
894 443 11 14 0.021152068 
806 318 9 12 0.021149259 
382 21 10 11 0.021145701 
526 159 9 10 0.02114273 
893 453 13 16 0.021136718 
280 364 10 12 0.02113316 
933 405 12 15 0.02112782 
910 595 13 17 0.0211211 
698 87 8 10 0.021109726 
448 103 9 12 0.021108193 
840 111 7 8 0.02108585 
903 244 8 11 0.021078106 
645 529 12 15 0.021062938 
445 781 9 12 0.021056186 
432 782 10 13 0.021053804 
789 421 11 15 0.021043278 
349 717 10 14 0.021032145 
0 610 10 16 0.021021577 
984 645 10 13 0.021018608 
110 613 10 13 0.021015821 
717 365 11 15 0.02101074 
944 148 10 13 0.021000335 
287 397 8 11 0.020990917 
717 555 12 15 0.020990523 
541 627 21 26 0.020987466 
585 485 9 12 0.020982973 
504 604 19 24 0.020971669 
692 573 14 15 0.02096499 
736 318 9 11 0.020961197 
959 536 13 17 0.0209524 
848 84 8 11 0.020950433 
935 205 8 10 0.020945178 
752 39 7 9 0.020939086 
823 374 20 25 0.020938186 
966 117 10 12 0.020938154 
726 145 7 10 0.020934941 
487 693 14 18 0.020919854 
912 94 10 12 0.020919079 
536 413 10 12 0.020903785 
853 525 12 15 0.0209018 
790 72 8 10 0.020900737 
552 15 7 10 0.02087318 
99 674 15 19 0.020865658 
783 748 11 14 0.020865388 
216 654 11 13 0.020862484 
972 338 13 16 0.02086018 
631 636 13 16 0.020859951 
846 533 10 13 0.020853532 
865 326 9 12 0.020842766 
446 485 10 14 0.020838527 
33 603 12 16 0.020831317 
421 549 10 12 0.020829028 
677 397 10 12 0.020827446 
183 493 11 15 0.02082599 
639 64 8 11 0.020822044 
455 404 12 14 0.020793868 
737 212 9 12 0.020761238 
584 264 9 10 0.020754084 
479 214 9 10 0.020753194 
718 594 14 19 0.020749018 
306 499 12 17 0.020743141 
878 542 11 15 0.020741463 
990 381 11 15 0.020740537 
100 411 11 14 0.020740477 
571 89 247 234 0.020734532 
864 28 8 10 0.020734243 
461 500 11 14 0.020721266 
673 297 19 24 0.020716732 
514 373 9 12 0.020715822 
380 526 12 15 0.02071468 
967 222 8 10 0.020711605 
734 699 14 19 0.02070356 
749 538 12 15 0.020700803 
7 539 10 14 0.020700332 
117 565 11 15 0.020699829 
576 277 8 11 0.020688651 
665 158 8 10 0.020686667 
240 15 7 9 0.020681337 
934 469 12 15 0.02067394 
101 738 13 17 0.020661846 
300 523 11 15 0.020656135 
479 206 9 10 0.020646583 
823 158 8 10 0.020645173 
815 515 11 13 0.020644475 
111 637 11 13 0.020639887 
414 150 9 11 0.020638825 
167 637 10 13 0.020623228 
532 626 11 13 0.02061957 
382 37 9 11 0.020616496 
9 547 10 14 0.02060742 
342 706 12 14 0.0206036 
664 350 9 11 0.02060214 
974 372 9 12 0.020599384 
95 612 12 15 0.020594317 
166 29 8 10 0.020593654 
856 207 8 11 0.020587672 
889 190 9 11 0.020577097 
593 358 8 10 0.02057654 
607 654 11 13 0.020568175 
654 270 10 12 0.020563578 
452 270 9 11 0.020560233 
417 167 9 11 0.020556254 
745 340 10 14 0.020541385 
783 332 10 12 0.020540304 
496 460 10 14 0.020530747 
791 316 12 13 0.020527259 
920 701 22 27 0.020524375 
877 572 13 16 0.020510072 
400 542 10 13 0.020508861 
503 117 8 10 0.020505702 
182 558 10 14 0.020504054 
999 259 9 12 0.020502618 
526 47 7 9 0.020497907 
393 12 8 11 0.02049378 
580 356 10 13 0.020484094 
542 22 8 10 0.020479215 
592 161 7 9 0.02046129 
589 615 11 12 0.020443406 
1009 206 9 11 0.0204431 
304 46 8 10 0.020441173 
781 460 12 14 0.020437984 
593 428 10 14 0.020432943 
190 654 9 12 0.02042613 
792 149 9 11 0.020418117 
102 543 10 12 0.020415727 
152 622 9 11 0.020411517 
754 193 9 12 0.020409493 
953 144 9 11 0.020393116 
796 389 19 24 0.02038626 
860 381 11 14 0.02038144 
772 491 11 15 0.02037808 
751 15 7 9 0.020373898 
1005 197 9 11 0.020367175 
686 180 9 11 0.020364504 
738 5 8 10 0.02036353 
1 483 10 14 0.020360563 
176 335 9 10 0.020356802 
23 515 11 15 0.020355038 
383 572 13 17 0.020354979 
383 586 13 17 0.020354886 
20 606 12 16 0.020343792 
573 427 11 13 0.020341767 
567 11 9 12 0.020340955 
886 213 9 12 0.020338966 
518 509 9 11 0.020334462 
49 660 14 21 0.020333402 
871 549 20 24 0.020332962 
889 159 7 10 0.020331755 
710 563 11 15 0.02033137 
985 652 10 13 0.020327587 
901 530 13 17 0.020321433 
519 330 11 13 0.020313034 
640 518 12 16 0.020308696 
366 490 12 14 0.020304285 
645 489 11 14 0.020298721 
470 230 9 10 0.020293731 
247 433 12 15 0.020286852 
614 22 10 13 0.020282216 
743 468 11 13 0.02028126 
712 516 10 12 0.02027935 
736 78 7 9 0.020265527 
581 445 11 14 0.020259291 
688 444 9 12 0.020258527 
935 342 11 13 0.02025781 
903 183 8 9 0.020255273 
868 675 21 27 0.020252625 
551 795 12 15 0.020244412 
407 487 13 17 0.020234693 
495 227 9 12 0.02022983 
80 668 24 29 0.020228488 
724 593 15 19 0.020208916 
352 475 11 14 0.020207154 
559 389 10 13 0.020204779 
132 650 11 14 0.020204557 
357 516 14 18 0.020200625 
516 691 11 13 0.020188792 
529 15 8 10 0.020188397 
551 117 8 10 0.020186765 
840 579 11 15 0.02017803 
374 420 11 12 0.020162184 
877 445 11 14 0.020160917 
585 550 10 11 0.020154575 
457 199 8 10 0.020151015 
926 478 21 28 0.020145115 
433 187 10 12 0.020140821 
801 621 13 17 0.020128675 
788 252 10 12 0.02012757 
646 6 10 12 0.020124761 
624 96 8 10 0.020122286 
525 166 9 11 0.020121537 
983 188 9 12 0.020121226 
781 500 10 13 0.020118847 
989 80 9 13 0.020100437 
526 496 9 12 0.020081751 
32 413 9 12 0.02007548 
511 412 9 13 0.020075103 
722 309 108 124 0.020074742 
879 380 9 12 0.020072566 
63 407 18 23 0.020070102 
177 565 9 13 0.020065844 
608 547 10 13 0.020063864 
284 501 13 17 0.020055538 
717 629 14 17 0.020052226 
440 415 10 13 0.02005195 
457 469 9 11 0.02004693 
813 631 21 26 0.020037195 
193 278 9 10 0.020035872 
65 387 11 14 0.020031158 
305 749 10 14 0.020028658 
935 270 9 12 0.020027217 
205 715 11 15 0.020021345 
119 482 10 14 0.02001982 
624 684 11 14 0.020013997 
144 76 9 11 0.020007176 
120 511 9 11 0.020004513 
