0_Parade_marchingband_1_410
2178
561 465 29 42 0.9908269 
462 487 25 36 0.9895018 
692 483 33 44 0.98663306 
385 477 22 33 0.98090416 
176 259 12 14 0.94864386 
59 459 14 18 0.94253916 
783 226 13 15 0.9406583 
15 501 20 25 0.9293915 
658 218 13 16 0.92821 
568 378 14 18 0.9257527 
411 431 16 23 0.9253322 
218 480 23 31 0.9195587 
651 397 15 18 0.91763115 
939 27 13 16 0.91094697 
84 211 15 18 0.9102338 
267 480 13 17 0.88971865 
125 461 13 17 0.88968855 
250 36 11 15 0.88837075 
838 317 11 15 0.88584065 
88 502 20 26 0.8756724 
566 331 15 19 0.86784554 
235 339 14 16 0.8642613 
322 317 14 17 0.8570336 
108 310 14 18 0.8566445 
399 5 11 15 0.8518751 
406 348 12 16 0.851038 
318 9 15 19 0.8475037 
156 220 11 14 0.82810783 
94 177 12 16 0.82344425 
276 437 11 14 0.818128 
469 130 11 14 0.8077673 
926 246 13 15 0.80497426 
471 26 12 15 0.80102396 
266 330 11 15 0.7939514 
968 333 13 16 0.787527 
678 266 11 15 0.7864572 
239 216 14 18 0.78585047 
827 299 12 15 0.78419715 
41 346 11 15 0.78367007 
965 297 13 17 0.77805126 
199 214 13 16 0.7731617 
350 412 13 17 0.77018774 
73 244 16 18 0.7576687 
171 464 14 18 0.75707704 
875 448 36 47 0.7556427 
145 74 11 14 0.7525633 
138 370 12 15 0.7420651 
48 131 12 15 0.73463756 
235 293 13 17 0.73164225 
797 480 20 25 0.71896106 
923 281 13 17 0.7176605 
214 306 14 18 0.71573716 
735 124 10 14 0.715338 
98 53 10 13 0.70216924 
892 71 11 12 0.69907296 
726 351 15 18 0.6873694 
832 173 12 16 0.6850041 
63 66 12 16 0.68476444 
821 106 10 13 0.6842162 
915 44 11 14 0.6838855 
652 320 11 13 0.6816466 
940 214 11 14 0.68003136 
608 171 13 17 0.6717142 
263 74 12 16 0.6702009 
847 278 12 17 0.66935956 
312 482 21 28 0.66715664 
472 79 9 12 0.66576964 
224 135 12 14 0.6594959 
245 446 12 15 0.65910155 
770 118 12 15 0.65284777 
686 324 10 13 0.65205276 
264 253 10 14 0.6518827 
115 213 12 15 0.6472724 
547 148 12 17 0.6444154 
981 209 12 16 0.64130676 
665 332 12 16 0.64040565 
308 335 14 18 0.6402059 
182 179 12 14 0.63726866 
929 115 14 18 0.6356706 
209 39 12 15 0.63529885 
140 488 13 16 0.62684935 
142 48 11 14 0.61292243 
914 320 13 15 0.61146307 
392 414 10 14 0.60866874 
144 270 10 13 0.6008369 
749 391 18 25 0.59720206 
122 334 13 16 0.59244794 
49 487 14 19 0.5868732 
73 85 12 15 0.5859938 
944 135 10 12 0.585423 
629 289 11 14 0.58346695 
167 313 12 15 0.5788344 
261 144 10 13 0.5712187 
496 314 13 18 0.56900233 
706 188 13 16 0.5627365 
669 469 14 22 0.56103814 
862 211 11 13 0.5542936 
164 383 10 12 0.55392647 
885 317 11 14 0.5529964 
547 38 11 14 0.54943466 
382 78 12 14 0.5470634 
657 67 9 12 0.5352151 
539 64 12 17 0.5347573 
777 95 9 12 0.5331214 
220 255 11 15 0.53290707 
504 6 10 13 0.5328934 
39 110 11 14 0.52516735 
237 14 13 16 0.52470595 
576 110 12 16 0.5235795 
140 145 12 16 0.5234417 
999 277 13 16 0.51826286 
171 226 12 16 0.5163807 
983 139 9 12 0.51314807 
204 375 10 13 0.50570226 
809 273 13 17 0.5034604 
48 33 10 13 0.502403 
183 77 10 11 0.5017861 
275 409 12 16 0.49944195 
636 333 12 15 0.49647102 
609 393 13 17 0.49591687 
166 28 12 15 0.49330765 
807 134 9 12 0.49146113 
0 107 10 17 0.4885906 
763 359 14 19 0.48819768 
749 280 14 18 0.4815653 
129 35 10 13 0.48025313 
179 52 11 15 0.4789097 
825 340 10 14 0.47858667 
359 317 11 13 0.47389844 
56 403 12 15 0.46431264 
193 11 12 17 0.46409938 
349 354 14 17 0.45532358 
420 43 11 14 0.45457417 
842 29 8 11 0.4541981 
243 244 10 13 0.45363927 
209 236 11 15 0.4529561 
991 441 14 20 0.45280215 
99 145 10 14 0.45253175 
722 162 11 14 0.45202464 
791 299 12 15 0.44667333 
487 70 13 15 0.44576713 
645 12 10 13 0.444329 
640 96 12 16 0.43908012 
678 276 13 17 0.4350207 
230 422 12 15 0.4332003 
254 383 11 14 0.43222016 
72 309 12 16 0.43202156 
14 136 14 17 0.4305287 
740 154 12 17 0.4264902 
386 96 14 17 0.42278287 
716 68 9 12 0.42039695 
254 312 13 16 0.41975045 
126 230 13 16 0.41863307 
140 177 11 15 0.4147351 
880 45 12 15 0.41433674 
661 7 11 13 0.41096017 
616 116 11 14 0.4045483 
313 415 11 14 0.4038651 
222 76 10 12 0.401748 
453 39 11 14 0.40032718 
114 379 13 17 0.39393756 
626 224 14 17 0.39214283 
422 92 13 17 0.39172906 
597 61 10 13 0.38482574 
1011 179 10 13 0.3810218 
664 122 10 13 0.37860575 
847 203 9 13 0.37854773 
24 323 15 19 0.37658045 
356 23 13 15 0.37644082 
177 150 11 15 0.37583885 
47 173 12 15 0.37231624 
436 258 12 17 0.3715602 
331 450 13 17 0.3710756 
138 387 10 14 0.3610669 
983 413 14 18 0.350456 
1004 153 11 14 0.35000613 
869 32 9 11 0.34678495 
965 172 9 13 0.33551213 
895 210 11 14 0.33491328 
874 0 8 11 0.3269026 
647 284 13 18 0.32641366 
296 219 13 15 0.3227075 
742 197 10 12 0.32196152 
694 122 11 15 0.32012066 
837 132 10 12 0.31913808 
154 521 17 23 0.3181133 
447 367 9 12 0.3137364 
284 149 10 14 0.31253442 
243 121 12 15 0.31063193 
544 28 11 14 0.2992139 
931 473 13 17 0.29284745 
566 30 8 12 0.2923254 
24 221 11 13 0.29014882 
686 67 9 13 0.28984132 
575 131 11 15 0.2861087 
128 14 8 11 0.28477058 
614 7 9 12 0.28463575 
651 277 11 13 0.2833747 
218 468 14 17 0.27829444 
28 310 11 14 0.27555385 
823 203 9 13 0.2724474 
20 86 11 14 0.27105573 
446 317 13 17 0.27011922 
614 374 13 16 0.25985205 
975 434 13 17 0.25880405 
452 5 11 15 0.25876185 
88 335 11 14 0.25768083 
62 228 10 14 0.2575901 
434 417 14 19 0.25545308 
567 168 13 15 0.2524661 
341 469 12 16 0.25008816 
378 131 13 15 0.24822764 
585 157 12 15 0.24750906 
937 7 9 12 0.24704649 
776 333 13 16 0.24692707 
758 94 8 12 0.24566455 
678 155 12 15 0.24286783 
871 130 11 15 0.24037117 
636 150 12 14 0.24000326 
1011 341 12 17 0.23820369 
286 114 10 13 0.23803261 
904 42 11 14 0.23268022 
742 262 14 18 0.23245302 
558 397 11 14 0.23111811 
340 428 12 16 0.23068926 
673 149 11 14 0.22606911 
44 10 11 13 0.22541055 
663 103 10 13 0.22336489 
493 113 10 13 0.22286825 
14 59 13 17 0.21628812 
348 117 11 13 0.21564195 
599 323 11 13 0.21500254 
159 21 10 13 0.21479148 
941 191 10 13 0.21457694 
0 164 7 13 0.21156079 
46 67 12 16 0.21150804 
44 195 13 17 0.20845349 
182 140 12 15 0.20728539 
176 495 17 24 0.20316117 
932 72 11 13 0.20192853 
658 174 10 13 0.19951503 
1013 379 10 17 0.19865508 
126 31 10 13 0.19790065 
436 132 10 13 0.19717771 
220 414 13 16 0.1942305 
476 284 11 14 0.19356115 
55 59 13 18 0.19272532 
580 27 11 14 0.19255021 
901 337 11 14 0.19196562 
51 126 12 14 0.19142413 
891 133 12 14 0.1906895 
480 381 10 14 0.18957672 
173 22 13 16 0.18861322 
924 214 11 13 0.18677741 
808 164 11 14 0.18651913 
800 316 12 14 0.18637629 
558 59 10 12 0.18578441 
119 283 13 16 0.18331479 
357 107 10 13 0.17855443 
669 120 10 13 0.17810915 
23 68 12 16 0.17653249 
605 294 9 12 0.17559618 
166 70 9 13 0.17346458 
6 125 12 15 0.17303081 
509 76 10 12 0.16950524 
661 50 11 14 0.16926064 
160 415 9 12 0.16907467 
558 358 11 15 0.16850658 
0 307 9 15 0.16843858 
272 270 11 13 0.16425991 
221 128 10 12 0.16245036 
352 -1 12 12 0.1614734 
220 475 17 22 0.16076803 
244 174 10 14 0.15877734 
37 229 11 14 0.1581716 
121 27 10 13 0.15815464 
847 267 12 16 0.15556939 
213 417 13 17 0.15187097 
188 140 11 14 0.1513986 
136 30 9 12 0.14991058 
382 467 11 15 0.14841919 
725 275 14 16 0.14798558 
886 126 13 14 0.1476287 
671 301 9 12 0.14688051 
101 46 10 12 0.14634551 
502 134 11 15 0.1463208 
655 46 9 13 0.14608897 
659 467 25 34 0.14588092 
927 306 10 12 0.1452404 
809 89 8 10 0.14501783 
676 119 12 14 0.14290701 
277 316 12 15 0.14273687 
-1 17 8 15 0.14271432 
692 10 11 14 0.14231221 
86 0 9 11 0.14216125 
612 338 10 14 0.14131545 
142 21 9 11 0.1400127 
838 -2 8 9 0.13995531 
638 62 10 13 0.13953327 
14 314 12 16 0.13942549 
280 283 12 15 0.1392517 
676 309 10 13 0.1391875 
919 214 11 13 0.13884816 
572 436 9 13 0.13822258 
519 171 10 14 0.13709931 
185 452 11 14 0.13703647 
165 221 14 17 0.13688369 
647 416 14 17 0.13654737 
228 399 11 15 0.13616861 
577 23 10 13 0.13591874 
865 442 16 23 0.13468322 
888 73 13 16 0.13217147 
686 45 12 16 0.13200508 
684 156 11 15 0.13151033 
148 286 13 15 0.13113183 
330 364 15 17 0.13101658 
864 441 26 38 0.12967256 
529 212 14 18 0.12942035 
989 135 10 13 0.12907049 
908 -1 9 10 0.12809525 
156 177 10 15 0.12748307 
632 337 11 14 0.12667394 
814 88 8 11 0.12607369 
119 54 10 14 0.12582493 
178 347 9 13 0.12582058 
308 164 11 14 0.12579882 
837 245 10 15 0.125501 
637 286 12 16 0.124623746 
159 15 9 12 0.12443701 
948 246 11 14 0.12429136 
419 49 12 15 0.1238672 
958 165 12 15 0.12367459 
904 278 11 13 0.12337009 
308 443 10 13 0.123166144 
49 140 13 15 0.12314805 
853 205 12 14 0.12277006 
602 77 11 13 0.12273683 
594 331 13 17 0.12269338 
574 138 12 15 0.12252994 
630 154 12 16 0.12189182 
711 117 9 12 0.12010978 
656 444 12 16 0.12001265 
470 -1 12 13 0.119740166 
982 39 12 16 0.11918322 
981 0 11 11 0.11856482 
695 7 11 13 0.117802165 
88 36 10 12 0.116989695 
141 28 9 12 0.11674353 
283 290 11 15 0.11628663 
13 5 11 13 0.11602083 
389 43 11 13 0.11514707 
258 309 12 15 0.1150983 
987 205 12 15 0.115066305 
889 212 10 13 0.11439192 
789 379 11 13 0.11368489 
303 159 11 14 0.112615295 
15 22 9 12 0.112098336 
628 442 14 19 0.11173483 
699 410 12 16 0.11129325 
75 395 13 16 0.11128931 
195 6 14 18 0.11124301 
668 102 10 13 0.111049175 
655 74 12 15 0.11057585 
374 242 16 18 0.11025252 
134 380 13 17 0.11015542 
688 38 10 13 0.11008774 
870 138 11 15 0.109651014 
32 227 11 15 0.10953597 
621 66 10 14 0.10921599 
886 440 33 39 0.10856961 
759 197 11 13 0.10831788 
117 452 11 14 0.10737128 
69 238 14 19 0.10707199 
276 277 13 16 0.10687915 
527 388 9 12 0.106768355 
599 66 10 14 0.106690004 
22 314 16 21 0.106593855 
199 108 10 14 0.1059512 
754 94 8 11 0.10514596 
865 133 10 13 0.1049294 
262 211 13 17 0.10445555 
323 27 12 14 0.104416355 
869 174 11 14 0.10421855 
688 116 12 15 0.104069635 
823 306 14 17 0.10376142 
840 54 9 13 0.10348986 
55 0 10 11 0.103198335 
687 109 10 12 0.10244717 
647 562 22 31 0.10190305 
959 247 9 13 0.101827875 
967 120 9 12 0.10124836 
693 67 11 14 0.101134904 
941 60 11 13 0.10033192 
886 194 9 14 0.099633455 
416 323 10 13 0.09847127 
694 101 10 13 0.09841001 
885 263 10 12 0.09834932 
127 43 10 13 0.09806781 
701 124 9 13 0.097810954 
851 263 11 14 0.09773777 
664 294 10 13 0.097295664 
804 202 10 13 0.09720164 
133 513 16 18 0.0969968 
207 419 12 15 0.09617812 
659 61 11 14 0.09607405 
614 122 10 14 0.09582125 
391 342 11 15 0.09528076 
323 493 17 24 0.09522793 
531 411 11 16 0.09514797 
980 439 14 19 0.09495976 
598 22 11 14 0.09490807 
784 188 10 13 0.094870634 
302 52 12 14 0.09465411 
379 251 13 17 0.094376504 
221 462 12 15 0.094314486 
831 92 10 12 0.093886994 
677 245 10 14 0.09335499 
783 109 11 13 0.09299561 
926 480 14 19 0.092850186 
475 75 11 15 0.09275078 
978 138 10 13 0.0926342 
245 249 10 14 0.09187169 
865 34 9 11 0.091675706 
136 44 12 14 0.09149829 
671 196 12 16 0.09141862 
492 282 13 17 0.09119058 
351 109 11 14 0.09102486 
831 168 11 13 0.09058823 
124 174 12 14 0.09018682 
359 84 11 14 0.09011093 
221 325 12 16 0.089926034 
839 24 10 12 0.08982773 
449 43 11 12 0.08943297 
46 429 10 15 0.08928044 
244 77 11 14 0.08875119 
60 56 10 13 0.08744741 
525 4 11 14 0.0870091 
949 300 10 13 0.086951606 
855 1 9 10 0.0866452 
139 378 13 16 0.086540766 
590 171 11 15 0.086443715 
574 260 10 12 0.086182214 
711 211 12 15 0.0858409 
228 414 12 16 0.085534036 
572 347 12 16 0.085487 
477 374 12 16 0.085420676 
847 23 10 12 0.08489804 
702 3 11 13 0.084859855 
54 433 12 16 0.0846774 
475 24 11 14 0.08460787 
333 73 13 16 0.084332146 
878 37 12 15 0.08420487 
144 16 8 11 0.083748855 
838 60 9 12 0.08371669 
77 278 10 13 0.08354364 
287 71 10 13 0.08349839 
1012 351 11 19 0.08349323 
582 35 10 13 0.08338805 
738 197 9 12 0.08338117 
253 279 14 17 0.0827552 
498 458 13 17 0.08272089 
917 107 13 17 0.08252789 
134 522 25 31 0.08138478 
309 181 10 13 0.081364155 
681 68 10 13 0.08130695 
5 470 10 14 0.08097229 
430 252 15 19 0.08083125 
539 181 13 17 0.08071575 
804 263 14 17 0.08012877 
844 79 11 13 0.07961391 
385 83 14 17 0.079499505 
30 0 9 10 0.07921936 
20 55 10 15 0.0786485 
111 5 9 11 0.0784254 
770 275 14 20 0.078414 
804 396 12 17 0.07819989 
709 1 13 15 0.07819067 
510 70 12 15 0.07772727 
30 180 10 12 0.077477686 
958 118 11 14 0.077276446 
567 429 12 15 0.07722566 
522 318 12 14 0.07681294 
177 406 10 13 0.07677758 
164 414 11 14 0.076638 
964 285 14 16 0.07662204 
790 183 11 14 0.07658257 
429 6 13 15 0.07651826 
125 77 11 15 0.07646514 
570 328 12 15 0.076397516 
624 156 11 15 0.0763354 
772 111 12 14 0.075983256 
636 132 11 13 0.07595323 
802 324 12 14 0.07578677 
856 76 9 12 0.07574747 
160 27 11 14 0.07571788 
620 112 11 14 0.07570712 
15 235 13 17 0.07534353 
719 37 8 12 0.07515402 
600 300 9 13 0.07502424 
997 478 13 18 0.074899524 
907 384 15 18 0.07485555 
886 39 11 13 0.07481565 
957 158 9 11 0.074787 
590 -1 9 9 0.07468883 
854 23 8 10 0.074562296 
54 220 11 14 0.07455866 
310 186 11 14 0.07450332 
782 300 13 16 0.0742372 
95 13 10 14 0.07381755 
656 0 10 10 0.07364524 
486 130 12 16 0.07347272 
973 124 9 12 0.07341886 
803 332 12 16 0.07325884 
22 289 10 15 0.07301848 
640 356 10 13 0.07301079 
477 92 11 15 0.07272092 
133 135 12 14 0.07270662 
112 448 12 15 0.07246525 
486 426 13 18 0.072443336 
269 235 12 14 0.07239468 
648 61 10 14 0.07238966 
224 405 13 15 0.07231926 
631 52 10 13 0.07229914 
780 101 10 11 0.07229905 
116 126 11 14 0.07210423 
343 419 12 15 0.071891055 
175 363 11 15 0.07165889 
98 173 12 16 0.07162862 
641 7 10 12 0.07157963 
148 149 11 14 0.07114277 
437 388 10 13 0.070779964 
840 372 12 16 0.07051096 
177 180 12 14 0.07038456 
663 327 12 15 0.07025017 
829 198 10 13 0.07014696 
90 208 15 19 0.06983611 
101 420 11 13 0.06945525 
858 448 39 53 0.06929226 
654 11 11 13 0.06901127 
707 372 14 20 0.06875681 
560 419 9 13 0.06870511 
493 61 11 15 0.068672456 
598 172 11 13 0.06860319 
876 125 13 17 0.06835825 
517 68 10 14 0.068357706 
703 117 11 15 0.068284124 
526 363 13 16 0.06806133 
895 37 12 15 0.06800996 
844 444 36 55 0.06777011 
912 132 11 14 0.06771423 
64 382 10 13 0.067600995 
909 36 20 25 0.067488976 
721 45 10 14 0.06748251 
27 389 10 13 0.06742337 
644 150 10 14 0.06734223 
59 428 12 15 0.06687625 
280 109 11 15 0.06672859 
635 315 12 16 0.06648057 
267 142 10 14 0.06646815 
749 196 11 13 0.066445366 
655 311 10 13 0.06639198 
739 201 13 16 0.0663543 
563 420 12 15 0.06634786 
807 5 10 12 0.06634158 
496 3 12 15 0.06629521 
284 4 12 14 0.06618559 
788 6 9 11 0.06617849 
190 459 10 12 0.06591185 
395 326 13 16 0.065770246 
948 211 11 15 0.065409504 
257 386 13 16 0.06522346 
551 415 8 13 0.06519651 
349 166 11 15 0.06455115 
784 163 11 15 0.06451507 
56 274 12 14 0.06449696 
333 432 14 18 0.06444186 
212 232 11 14 0.06443706 
46 387 11 13 0.06433468 
288 93 9 13 0.06432617 
937 193 11 14 0.06424643 
558 389 11 14 0.06418105 
468 89 14 18 0.06415252 
966 247 11 15 0.06388617 
335 289 11 15 0.063817106 
999 163 11 14 0.06372543 
302 373 8 12 0.06348832 
223 453 11 13 0.06345981 
509 27 9 12 0.06315429 
22 225 11 16 0.06314517 
167 470 16 20 0.06305117 
494 0 11 11 0.0629383 
350 493 12 17 0.06286728 
479 68 12 17 0.06268588 
510 0 9 10 0.062684655 
945 27 12 16 0.06262592 
280 263 9 12 0.062286478 
-2 266 9 15 0.062070977 
228 173 10 14 0.062038224 
694 403 15 20 0.06202156 
845 112 14 17 0.061651304 
948 139 10 13 0.061640047 
104 39 10 13 0.061460204 
14 196 10 14 0.061446667 
861 77 10 12 0.061322544 
898 206 13 17 0.061286576 
129 6 9 13 0.061280735 
931 302 11 14 0.061205585 
332 124 10 13 0.061165977 
309 214 11 13 0.061156668 
1004 0 15 18 0.06111638 
648 44 11 15 0.060968082 
40 6 12 14 0.060934324 
334 46 11 14 0.060874093 
472 280 11 14 0.0607042 
883 277 11 14 0.06059056 
43 380 13 16 0.060423158 
924 380 14 19 0.06034 
6 66 13 18 0.060286153 
161 314 12 15 0.060278784 
124 381 13 16 0.060029984 
179 21 11 13 0.059977908 
69 79 13 14 0.059911486 
693 107 11 14 0.05975853 
281 355 10 14 0.059612192 
973 385 14 17 0.059593182 
218 314 13 16 0.059500974 
132 13 9 12 0.059481923 
29 74 10 13 0.05944344 
675 253 13 16 0.059360825 
452 450 11 14 0.05934326 
187 174 12 16 0.05917442 
658 108 9 12 0.05914599 
708 384 15 21 0.059046935 
679 109 11 12 0.058993828 
146 50 12 15 0.058983505 
299 224 16 17 0.05867829 
62 0 11 11 0.05863798 
44 228 12 14 0.05841753 
78 12 9 13 0.057908397 
832 22 9 11 0.05770174 
767 181 10 13 0.057694037 
647 52 10 13 0.057561986 
857 210 11 14 0.057522416 
491 420 12 16 0.05740786 
524 90 13 17 0.05738351 
200 419 11 14 0.05725921 
54 11 12 15 0.057253145 
3 9 13 18 0.057236534 
-1 170 9 16 0.057235952 
861 426 12 16 0.05717639 
631 -2 10 11 0.057001255 
66 228 13 15 0.0569718 
867 212 10 13 0.056751307 
93 267 14 18 0.056680385 
392 332 12 16 0.056317713 
78 207 14 18 0.056249186 
16 264 11 16 0.05622086 
99 212 12 16 0.05617054 
228 45 10 12 0.056015335 
214 141 13 14 0.055943232 
876 137 11 14 0.055921298 
747 154 12 17 0.055875085 
695 95 10 12 0.05570887 
303 438 13 15 0.055680037 
103 100 11 13 0.055665944 
465 484 18 24 0.055561632 
844 51 11 14 0.055530418 
196 133 12 13 0.05548137 
693 130 11 14 0.055471603 
182 81 12 16 0.055369392 
363 428 13 17 0.055334102 
355 417 12 16 0.055295527 
30 371 11 15 0.055182002 
872 45 12 14 0.05507056 
390 408 18 24 0.05490217 
780 88 11 14 0.054882877 
27 412 12 16 0.05485676 
607 92 11 15 0.054755576 
228 77 10 12 0.054744605 
708 147 10 14 0.05466709 
492 180 12 15 0.05463381 
212 11 10 13 0.054630734 
965 178 10 14 0.054411042 
636 326 12 15 0.054396644 
416 86 11 15 0.05435007 
672 260 14 17 0.054349713 
160 6 10 12 0.05433674 
525 174 10 14 0.054254726 
356 1 12 14 0.05421851 
365 83 12 16 0.05419058 
23 44 10 12 0.054018702 
80 461 9 13 0.053926554 
931 278 12 16 0.05388095 
716 389 12 18 0.053836018 
631 61 11 14 0.053834267 
917 28 12 14 0.053694867 
122 212 13 16 0.053619973 
127 149 12 14 0.053565226 
297 164 10 13 0.053464133 
413 77 10 12 0.053382672 
841 204 11 14 0.053346436 
680 6 10 14 0.05331096 
766 93 12 14 0.053304214 
965 37 12 15 0.05328743 
1015 141 8 12 0.05328214 
574 145 12 16 0.053272016 
581 349 10 14 0.05324045 
230 37 10 13 0.053162206 
957 204 11 15 0.052919127 
877 31 9 11 0.05291895 
429 263 13 16 0.052896474 
936 54 11 14 0.052771248 
183 301 11 13 0.052719615 
801 138 11 14 0.052707855 
884 242 11 15 0.052694928 
819 274 14 17 0.05267383 
813 159 11 14 0.052672416 
840 83 11 13 0.052668836 
996 242 13 15 0.05260427 
774 336 18 24 0.0525838 
727 51 9 13 0.052573476 
526 416 12 16 0.052548066 
71 166 11 14 0.052525967 
52 164 13 16 0.052492246 
801 21 9 12 0.052472495 
919 310 11 14 0.052334875 
579 52 13 16 0.052321948 
556 106 12 16 0.052290913 
950 237 11 13 0.052077882 
527 12 11 13 0.05197754 
390 0 12 13 0.051942617 
927 28 10 14 0.051849723 
751 99 10 13 0.051714044 
912 381 21 26 0.051689576 
59 410 11 15 0.0516293 
862 58 13 16 0.051617187 
22 485 14 17 0.051575426 
271 98 12 16 0.05133678 
99 269 14 17 0.05130138 
77 21 10 12 0.051227856 
72 27 11 14 0.0510727 
956 151 11 13 0.051037244 
158 109 9 13 0.05099042 
776 305 12 16 0.05094875 
630 44 12 15 0.050926115 
890 454 36 45 0.050834566 
989 29 10 12 0.050787997 
413 421 12 17 0.050691884 
338 284 14 20 0.050600618 
734 54 10 12 0.050595418 
712 123 9 13 0.050582048 
88 20 9 11 0.050557148 
326 293 12 16 0.05052865 
636 472 13 17 0.05042229 
661 155 12 14 0.050279465 
59 338 12 16 0.0502522 
431 245 12 15 0.05024066 
206 10 11 16 0.05023653 
460 38 10 13 0.05018009 
475 129 12 16 0.05006815 
61 398 10 14 0.050041545 
341 66 10 14 0.049990315 
900 97 12 15 0.04991752 
526 0 11 10 0.049894083 
1008 93 9 13 0.0498626 
72 437 11 13 0.04980571 
917 218 10 13 0.049770355 
307 171 12 16 0.049751554 
702 68 11 13 0.04952164 
564 354 11 14 0.049453303 
515 42 13 17 0.049430333 
952 205 11 15 0.049367055 
404 414 13 17 0.049364675 
637 141 12 15 0.049299046 
711 30 9 14 0.049277775 
255 -1 11 11 0.04922172 
346 467 13 16 0.049213823 
121 14 9 12 0.049193 
1012 156 10 14 0.049158458 
485 282 14 18 0.049141593 
190 302 10 13 0.049097385 
1 437 10 14 0.049045183 
178 467 12 17 0.049022485 
124 510 15 19 0.04887562 
890 315 12 17 0.048829872 
62 234 12 15 0.04878215 
281 437 12 15 0.04877276 
137 21 10 13 0.04874637 
67 62 11 16 0.048641726 
93 136 12 16 0.048629887 
344 350 12 16 0.04861017 
567 256 10 13 0.048598904 
105 381 9 12 0.048505485 
465 92 10 15 0.048467167 
119 515 12 16 0.0483979 
561 381 12 16 0.04839392 
248 139 11 14 0.04839151 
751 6 8 11 0.04837844 
124 18 11 13 0.04836904 
108 101 11 13 0.048286118 
259 245 19 24 0.04826571 
949 341 10 12 0.048259348 
78 359 10 12 0.047976263 
903 116 11 14 0.047876436 
624 356 10 13 0.047815274 
740 120 9 13 0.047773775 
292 116 9 13 0.047772106 
3 210 11 13 0.04764535 
72 212 12 14 0.047630075 
828 346 11 14 0.047519937 
174 109 11 13 0.04745392 
23 36 10 15 0.047403105 
6 430 9 13 0.04736558 
286 262 10 13 0.047336455 
716 324 14 18 0.04732954 
21 4 11 14 0.04718259 
804 412 13 18 0.04717004 
524 465 14 20 0.04716451 
819 377 16 19 0.04711283 
720 51 9 12 0.04704805 
834 414 16 20 0.04702385 
267 245 13 16 0.0470043 
999 172 10 13 0.046946898 
896 28 11 14 0.04694656 
493 51 11 16 0.046933897 
880 20 10 12 0.04692515 
191 134 11 15 0.04688894 
261 300 12 15 0.046868615 
984 340 11 13 0.046837516 
253 392 14 19 0.046835948 
20 265 12 18 0.04681525 
952 3 12 14 0.04675366 
931 248 11 15 0.046713997 
580 103 12 15 0.046602987 
886 13 9 12 0.046581883 
960 30 10 13 0.04655464 
616 62 12 16 0.046554446 
900 69 11 15 0.046472777 
557 472 20 28 0.046467494 
889 205 10 14 0.046437208 
710 347 11 14 0.04634688 
624 0 10 10 0.0463126 
734 190 9 12 0.046293642 
335 256 11 16 0.04629011 
53 146 11 14 0.04626679 
948 67 14 17 0.04617146 
221 246 12 16 0.046167117 
544 143 13 17 0.0461433 
621 36 12 16 0.045911547 
217 70 12 14 0.04590587 
602 61 13 15 0.04588829 
604 317 11 14 0.045856528 
239 70 10 13 0.045813132 
727 14 11 14 0.045803647 
43 116 11 15 0.045769107 
828 100 11 15 0.04569241 
7 50 13 16 0.04568671 
527 106 10 14 0.04558009 
668 5 11 13 0.04550938 
958 199 9 12 0.045424752 
520 101 10 14 0.045390785 
612 293 11 13 0.04534965 
5 3 14 17 0.045307454 
606 475 12 17 0.045231342 
701 95 9 12 0.045229875 
430 365 12 16 0.045220256 
169 233 10 14 0.045202192 
68 4 12 13 0.04514569 
69 0 10 10 0.04509454 
51 177 12 15 0.045088768 
93 49 17 21 0.045077212 
494 212 11 14 0.04500553 
39 201 13 17 0.04491681 
147 274 12 15 0.044850025 
687 102 12 14 0.044846013 
796 309 12 16 0.04482587 
175 370 10 14 0.044777565 
460 3 12 15 0.04473781 
509 38 13 17 0.0447097 
254 193 12 16 0.044706255 
670 107 9 12 0.04456729 
307 220 12 14 0.04455292 
381 139 13 18 0.044479266 
60 283 14 17 0.04447512 
318 52 13 17 0.044370573 
310 51 11 15 0.044334516 
757 221 13 16 0.04430689 
787 213 13 16 0.04428344 
172 4 11 14 0.044271246 
861 6 10 11 0.04426278 
556 180 13 15 0.044246554 
644 332 11 15 0.044161644 
806 108 11 13 0.044086818 
396 341 13 19 0.044042602 
525 188 12 16 0.044033382 
311 386 11 16 0.043997247 
956 388 14 18 0.043966003 
980 382 12 15 0.043964062 
723 245 13 16 0.043917406 
153 226 12 16 0.043911614 
679 469 24 36 0.043879244 
30 44 10 14 0.04387 
638 348 11 15 0.04385849 
965 84 12 15 0.04382392 
102 95 10 13 0.043775138 
379 466 21 30 0.043711554 
175 356 11 16 0.0437024 
552 53 12 14 0.04365794 
155 286 12 15 0.043571196 
522 0 9 11 0.043541186 
220 146 15 18 0.043394234 
603 68 12 16 0.04339001 
73 402 11 15 0.04338592 
118 0 9 9 0.04333151 
251 320 15 19 0.043312635 
94 102 11 14 0.04323777 
484 383 13 17 0.043166697 
993 174 9 12 0.043127995 
978 428 15 19 0.04309669 
567 25 9 12 0.042937957 
356 114 12 15 0.042927872 
624 148 12 16 0.042782772 
733 281 10 15 0.04275629 
206 516 12 15 0.04268446 
0 6 11 17 0.042670805 
177 76 11 13 0.04263087 
108 537 15 20 0.04261431 
99 18 13 16 0.04253496 
469 414 10 14 0.042404883 
479 117 10 12 0.04238896 
250 449 12 16 0.042257085 
716 117 10 12 0.042245768 
183 13 10 12 0.042214293 
735 220 12 15 0.04215829 
616 43 10 13 0.042138066 
558 171 12 14 0.042078495 
12 467 11 14 0.042001054 
201 77 10 13 0.04200009 
110 76 10 13 0.041808944 
368 54 12 17 0.041796837 
942 66 13 15 0.04177527 
380 73 20 23 0.041774493 
253 623 30 32 0.041700587 
805 22 9 11 0.04169114 
802 486 25 30 0.041575275 
39 179 10 12 0.04156221 
686 173 12 17 0.041551944 
212 486 19 25 0.041544672 
894 298 12 15 0.041516688 
134 109 11 14 0.041510217 
386 104 15 18 0.041463267 
158 379 19 23 0.041398264 
151 30 10 13 0.04139685 
574 46 12 16 0.041343573 
646 38 11 14 0.0412863 
750 381 12 17 0.041275576 
461 478 14 18 0.041253332 
158 51 12 15 0.04123753 
615 311 10 13 0.041214764 
923 101 21 28 0.04119443 
150 175 12 16 0.041172348 
637 162 12 14 0.041166324 
283 279 13 15 0.041152544 
174 13 12 14 0.04113124 
174 85 13 16 0.04109999 
669 96 10 13 0.041048974 
212 242 12 14 0.04104179 
833 126 11 14 0.040934313 
790 103 10 12 0.040912658 
71 11 11 14 0.04090575 
717 125 9 12 0.040895164 
347 404 21 28 0.040880684 
960 177 10 14 0.04087873 
681 381 12 17 0.040856916 
781 114 12 15 0.04082027 
967 78 11 14 0.040749054 
110 206 14 18 0.04074618 
564 403 11 15 0.040702455 
719 410 13 16 0.040675282 
79 4 11 13 0.04062843 
952 115 11 15 0.040607043 
992 156 12 14 0.040560663 
453 187 12 15 0.04050603 
609 10 11 14 0.04048712 
510 115 10 13 0.040461477 
567 34 10 12 0.040403266 
1004 270 12 16 0.040391758 
174 188 11 14 0.04035715 
70 442 12 14 0.04030854 
714 188 13 17 0.04029689 
417 428 14 20 0.040288556 
3 102 13 17 0.040247347 
517 434 10 14 0.04020136 
842 276 12 15 0.040197052 
971 252 12 15 0.040166758 
650 454 25 35 0.04010527 
181 442 15 20 0.0400953 
60 11 13 15 0.04008752 
27 27 14 18 0.04008324 
171 194 13 18 0.040023066 
436 337 13 18 0.0399935 
389 69 14 17 0.039984036 
28 406 12 15 0.039983943 
13 144 12 16 0.039936338 
932 235 12 15 0.039900985 
40 60 12 15 0.03979105 
217 131 12 15 0.03978181 
180 227 11 14 0.039703216 
857 132 10 14 0.039698895 
88 101 10 14 0.03968548 
864 23 9 12 0.039651852 
728 188 11 14 0.03961493 
151 15 9 12 0.039599795 
895 189 12 17 0.039548177 
235 426 10 14 0.039474193 
123 52 11 14 0.039387528 
654 80 12 16 0.039361674 
1 398 11 16 0.039338563 
77 427 10 13 0.03927829 
822 142 10 12 0.039274212 
757 156 11 15 0.039229713 
326 51 13 16 0.039081246 
436 6 12 15 0.03907793 
94 6 9 12 0.039018396 
393 9 12 16 0.03896953 
502 36 13 18 0.038914237 
1006 335 13 17 0.038849343 
758 28 11 14 0.03884876 
53 388 11 14 0.038838748 
69 220 13 16 0.03874179 
974 172 10 13 0.038687117 
648 77 11 13 0.038658403 
119 179 10 13 0.038619753 
325 211 10 14 0.038577005 
638 0 9 9 0.038559195 
630 142 13 17 0.038444594 
516 211 16 22 0.038327895 
1016 61 10 13 0.03827322 
182 460 10 14 0.038183607 
530 496 18 22 0.038171988 
95 381 10 12 0.03814743 
827 335 12 15 0.03807537 
102 397 9 12 0.03799177 
355 357 15 20 0.037956554 
508 133 11 15 0.037946124 
6 126 20 24 0.03794051 
782 19 10 14 0.03792331 
976 203 20 25 0.03779034 
27 491 13 17 0.03775077 
1 508 20 28 0.03772135 
397 201 15 17 0.037716135 
264 436 12 15 0.037708 
297 157 10 14 0.03766926 
138 228 14 17 0.037634365 
800 260 12 16 0.03759227 
886 229 10 12 0.0375354 
621 4 10 12 0.037530273 
605 468 12 17 0.037490822 
418 417 20 26 0.03744501 
785 379 10 13 0.037422393 
883 373 10 14 0.037407707 
702 276 12 16 0.037399333 
870 24 10 13 0.03730552 
180 486 12 17 0.03727572 
967 24 9 12 0.037225932 
256 75 12 16 0.0372024 
660 165 13 16 0.03720186 
204 392 13 19 0.037065748 
623 335 10 12 0.037056006 
839 48 11 13 0.03696652 
910 127 10 13 0.036964815 
646 84 12 17 0.036894828 
118 6 8 10 0.0368614 
877 156 11 15 0.036817018 
583 356 12 15 0.03680209 
776 188 10 13 0.03679608 
630 356 11 13 0.036794394 
20 10 12 15 0.036782585 
427 97 11 14 0.036741357 
541 4 11 13 0.03670846 
52 404 19 24 0.036411032 
989 348 10 13 0.036404137 
222 27 9 13 0.036369946 
823 14 10 13 0.036281526 
112 181 10 12 0.036244825 
817 103 11 14 0.036242515 
877 252 10 13 0.036197774 
984 423 21 27 0.036155473 
413 374 14 17 0.036114078 
321 18 14 17 0.036086902 
610 118 11 14 0.036082465 
87 276 11 15 0.036071014 
25 0 9 10 0.036067255 
931 100 14 17 0.036037944 
77 27 10 13 0.03603757 
56 420 11 16 0.036027268 
175 411 10 13 0.03600556 
-2 281 18 30 0.035934217 
254 237 10 13 0.03591232 
592 53 11 16 0.035804678 
375 81 13 17 0.0357895 
605 28 10 12 0.035776246 
863 178 13 16 0.03574941 
693 36 11 14 0.035730526 
598 83 12 15 0.03570144 
469 289 13 17 0.035692252 
881 14 9 13 0.035692044 
548 22 10 14 0.035629544 
750 54 9 12 0.03556455 
932 332 10 13 0.03550079 
895 23 10 12 0.035492085 
826 106 11 14 0.035478484 
81 244 12 16 0.035457633 
996 259 12 15 0.035436016 
78 51 11 14 0.035418548 
804 310 13 16 0.035386242 
365 149 13 17 0.03538349 
119 233 15 18 0.035336483 
60 157 11 14 0.035294175 
168 123 11 14 0.03527714 
823 159 9 12 0.03525677 
1013 91 10 14 0.035253637 
297 374 11 14 0.035229065 
999 180 10 12 0.0352195 
888 138 11 15 0.035209976 
403 138 12 15 0.035152327 
519 321 12 14 0.035139754 
242 20 12 15 0.03509352 
192 212 14 18 0.035089813 
301 107 12 15 0.035067 
21 20 12 15 0.03504808 
240 178 12 15 0.035047133 
644 195 14 18 0.035028998 
991 199 10 12 0.035023533 
741 312 13 17 0.034967065 
345 111 11 15 0.034913808 
720 388 22 27 0.034908656 
821 86 12 14 0.034907248 
396 69 12 14 0.034886025 
170 260 11 14 0.03483814 
336 421 14 17 0.034825798 
401 134 11 14 0.034716543 
227 419 20 23 0.034682564 
878 163 10 13 0.03465167 
28 214 13 16 0.034570426 
676 142 11 14 0.034547877 
947 62 13 14 0.0344924 
285 173 11 13 0.034425117 
607 289 11 14 0.03434861 
168 109 9 13 0.034347516 
245 108 11 14 0.034342896 
20 196 10 14 0.034295116 
766 188 11 15 0.034262825 
332 338 13 18 0.034258943 
337 467 21 26 0.03422027 
487 313 15 18 0.034202535 
172 115 13 16 0.034172475 
991 244 13 15 0.034166533 
840 269 11 15 0.03413161 
975 36 12 16 0.034094512 
487 371 11 16 0.03407697 
990 260 13 15 0.0340195 
755 450 23 30 0.03396618 
227 273 13 17 0.033918846 
348 196 12 15 0.033910707 
20 492 14 17 0.03389349 
228 253 11 15 0.033800967 
318 211 11 15 0.033780828 
1012 183 11 17 0.03376516 
816 149 8 11 0.03375365 
46 219 13 16 0.03372156 
543 210 11 18 0.033713397 
836 167 11 14 0.033694252 
21 166 11 14 0.033666506 
180 28 11 13 0.033647243 
911 69 11 15 0.033582184 
71 36 9 12 0.03355571 
246 283 12 16 0.033545822 
148 455 10 13 0.03353153 
789 115 10 13 0.033510745 
694 156 11 14 0.033376016 
686 8 12 15 0.03327908 
729 131 11 14 0.033252675 
885 83 12 15 0.03324098 
547 69 12 14 0.033184327 
862 84 10 13 0.033180837 
142 458 12 17 0.033169124 
757 21 11 13 0.033137906 
53 189 11 15 0.03307829 
63 132 10 14 0.033068057 
832 68 9 12 0.033064365 
44 352 12 16 0.033001207 
829 452 29 40 0.032971717 
133 492 20 25 0.032956924 
723 263 14 16 0.032952096 
398 37 11 15 0.032928243 
661 286 11 16 0.032927603 
241 448 12 16 0.032927196 
373 212 15 19 0.03288844 
590 108 11 13 0.032880004 
262 124 10 12 0.032860976 
440 366 13 15 0.03285029 
806 117 11 13 0.032842536 
764 218 12 16 0.032835376 
239 108 11 16 0.032821212 
533 530 12 15 0.032818176 
812 0 10 11 0.03281307 
198 7 19 24 0.032757588 
734 208 14 19 0.032745823 
932 353 11 15 0.032709792 
906 463 26 33 0.032705832 
488 115 12 13 0.032673117 
202 109 12 17 0.03266352 
159 36 10 11 0.03261179 
662 309 9 12 0.032609582 
821 53 9 11 0.032595333 
924 389 14 22 0.032595113 
843 133 12 13 0.03249288 
142 38 10 13 0.032443948 
741 54 11 13 0.032434218 
536 335 9 12 0.032404363 
16 428 10 14 0.03235093 
85 461 9 12 0.03234099 
263 117 10 14 0.0323272 
133 420 12 15 0.032320984 
800 13 10 12 0.03231313 
769 363 13 17 0.03230535 
309 449 12 15 0.032290153 
386 146 14 20 0.03227523 
560 315 10 14 0.03226483 
53 3 12 15 0.032263443 
637 35 13 17 0.032253195 
247 404 11 15 0.03223821 
555 149 12 17 0.032223277 
631 4 11 12 0.032221325 
861 435 15 22 0.032203633 
108 237 13 15 0.032201145 
653 287 11 17 0.03215892 
822 463 15 22 0.032139666 
388 53 13 15 0.03209068 
429 44 10 13 0.0320681 
971 327 13 17 0.03206007 
509 381 12 15 0.032056633 
103 388 9 12 0.03204868 
454 30 13 17 0.03203066 
92 0 10 10 0.03202716 
133 221 15 19 0.032017674 
119 149 12 15 0.031993363 
604 84 11 14 0.031957053 
193 108 9 12 0.031949766 
146 291 11 14 0.03193656 
839 138 11 14 0.031934272 
612 94 11 14 0.03190647 
672 237 12 16 0.03190547 
582 316 9 12 0.031884458 
292 110 11 14 0.03187423 
968 229 10 13 0.03186849 
673 278 12 15 0.031848624 
646 141 9 12 0.031811636 
375 460 12 16 0.031770714 
402 9 12 16 0.031765055 
253 108 11 14 0.031718682 
513 171 10 14 0.031656995 
663 30 12 14 0.031644695 
992 149 10 13 0.031616274 
22 172 12 15 0.031608872 
767 251 12 16 0.03157265 
629 311 14 17 0.03154115 
749 179 11 13 0.03151966 
219 302 13 17 0.03151775 
912 213 10 13 0.031505987 
45 101 12 14 0.031503525 
597 178 13 15 0.03148923 
581 149 13 17 0.031488847 
280 172 9 13 0.031474628 
607 42 12 14 0.031467903 
746 452 15 20 0.03146705 
647 275 17 22 0.031461213 
420 459 14 17 0.031416222 
973 31 10 12 0.031405438 
880 259 11 14 0.031396635 
926 324 10 13 0.03139454 
597 99 13 16 0.03137544 
608 377 14 17 0.03132372 
1013 147 9 15 0.031316154 
152 20 10 12 0.03126116 
651 64 19 22 0.031245157 
156 150 13 15 0.03121976 
589 78 13 17 0.03121927 
112 130 11 14 0.03114506 
63 19 10 13 0.031035312 
577 12 9 13 0.030991629 
680 316 11 13 0.030990575 
902 270 11 15 0.030978793 
703 109 11 14 0.030958015 
420 317 13 16 0.030929834 
718 111 9 12 0.03092593 
269 259 11 14 0.030925682 
1008 384 13 19 0.03089589 
5 17 11 15 0.030887298 
740 379 14 17 0.030855296 
782 389 23 28 0.030840367 
664 97 11 14 0.030837739 
206 84 10 12 0.030835116 
791 364 10 12 0.030798327 
921 464 21 29 0.030778924 
532 105 16 19 0.030776823 
138 267 11 15 0.030773908 
580 418 12 16 0.030745458 
38 373 13 16 0.030740047 
743 172 11 15 0.030713178 
133 84 12 14 0.030632254 
151 36 10 12 0.030582426 
583 309 10 13 0.0305706 
800 6 11 12 0.03053292 
62 517 13 16 0.030472707 
652 196 14 17 0.030467203 
327 455 13 17 0.030459665 
703 396 21 29 0.030437088 
551 -2 8 9 0.030426295 
409 532 16 20 0.030388873 
128 117 10 13 0.030388521 
863 114 11 15 0.03032418 
734 266 13 17 0.030253222 
659 317 11 14 0.030242503 
515 463 24 29 0.030228537 
869 51 12 15 0.030217612 
195 138 13 16 0.03020529 
622 350 12 14 0.030201903 
179 265 12 14 0.030190956 
638 107 12 16 0.030188791 
435 149 13 17 0.030163364 
475 1 12 15 0.030129815 
893 389 11 17 0.030122269 
79 485 12 16 0.030101726 
864 126 11 14 0.030098394 
228 325 12 16 0.030082606 
692 49 13 16 0.030070499 
813 182 11 14 0.03006278 
782 13 9 12 0.030061577 
734 68 12 15 0.030057762 
38 120 13 16 0.030000579 
261 277 12 15 0.029987505 
864 0 10 10 0.029981429 
716 196 11 14 0.029957954 
68 182 12 15 0.029947776 
308 234 15 18 0.029939426 
110 37 10 13 0.029915992 
807 12 9 12 0.029914903 
782 374 11 15 0.029888475 
924 316 11 15 0.029860262 
209 142 10 14 0.029859973 
241 291 12 17 0.029833484 
190 123 12 15 0.029830514 
958 236 11 13 0.029817976 
488 222 10 13 0.029798873 
692 179 11 15 0.029797295 
720 249 11 15 0.029774707 
639 467 24 30 0.029760493 
767 100 11 13 0.029741978 
1003 530 13 18 0.02971881 
728 117 10 12 0.02970375 
536 21 9 12 0.02969003 
23 429 9 13 0.029654123 
830 158 10 13 0.02961135 
546 442 13 19 0.029589744 
446 459 13 17 0.029588114 
73 429 9 13 0.029577216 
753 89 9 11 0.029573508 
936 208 11 14 0.029559461 
733 380 15 17 0.02950331 
129 133 10 12 0.029495385 
494 44 13 17 0.029483754 
748 373 14 17 0.029481113 
887 30 9 13 0.029476577 
2 299 13 18 0.029448368 
734 419 13 18 0.029427685 
262 136 12 15 0.029417582 
292 3 13 15 0.029374434 
279 244 10 14 0.029373476 
887 165 9 13 0.029324459 
582 6 10 13 0.029256817 
709 218 13 16 0.029228462 
270 133 10 14 0.02918061 
200 170 13 17 0.02917806 
66 466 11 14 0.02916738 
486 174 12 14 0.029127492 
352 102 11 15 0.029119901 
0 463 10 14 0.02911943 
264 22 11 13 0.02911866 
269 313 19 25 0.029109389 
420 188 13 17 0.029073065 
579 123 13 18 0.029045524 
542 426 12 16 0.029005855 
818 203 10 13 0.028998462 
38 51 12 15 0.028997608 
135 76 12 15 0.028987665 
167 116 11 15 0.028986871 
940 404 14 17 0.028930781 
638 268 11 13 0.02891803 
825 -1 9 9 0.02890574 
46 459 10 15 0.028888954 
824 180 12 16 0.028829288 
0 177 9 16 0.028815543 
187 50 12 17 0.028812205 
855 423 23 29 0.028806813 
919 156 11 15 0.028806524 
359 289 12 16 0.028783282 
543 437 11 16 0.028778877 
810 466 17 19 0.028760806 
110 108 10 13 0.0287555 
53 93 11 15 0.028743146 
277 94 12 16 0.028729755 
895 268 10 13 0.02872929 
639 276 12 15 0.028722264 
871 165 12 14 0.028718289 
415 40 18 22 0.028711889 
994 180 9 12 0.028706666 
125 166 12 14 0.028703347 
897 285 11 14 0.028700909 
995 357 13 17 0.028699674 
925 22 11 14 0.02868699 
535 -1 9 9 0.02868588 
983 189 9 13 0.02868183 
513 165 12 15 0.02863663 
214 30 11 13 0.02863021 
576 35 11 13 0.02862216 
942 126 10 14 0.028607106 
501 179 13 16 0.028605832 
328 436 12 16 0.028580258 
181 90 12 15 0.028530313 
119 82 12 15 0.028494153 
791 93 10 12 0.0284757 
453 473 24 35 0.028384719 
730 392 16 19 0.028380401 
848 -1 9 9 0.02836926 
279 252 10 14 0.028335314 
504 23 11 14 0.028329538 
389 59 14 16 0.028319322 
469 109 12 14 0.028316075 
990 469 23 29 0.028306553 
908 281 12 15 0.02827439 
128 0 10 11 0.02825682 
854 47 11 13 0.02823635 
488 364 11 15 0.02819824 
611 435 13 17 0.028195301 
508 181 11 15 0.028152857 
151 156 10 13 0.028147077 
980 33 21 26 0.028116265 
476 356 11 14 0.028116213 
444 252 13 18 0.028099352 
772 394 16 21 0.028097633 
121 34 10 13 0.02808494 
431 341 12 15 0.02808039 
279 142 14 18 0.028072933 
303 150 11 14 0.028056473 
702 155 11 14 0.028047737 
983 132 19 23 0.028028803 
998 325 11 15 0.0280273 
760 392 17 24 0.02802723 
296 438 10 14 0.028021814 
918 22 11 14 0.028018266 
765 109 20 23 0.028008766 
64 306 12 18 0.028003179 
696 391 21 27 0.028002031 
118 67 11 14 0.027996477 
607 335 11 15 0.027980091 
673 68 9 13 0.027915003 
45 30 18 21 0.027914822 
861 13 10 12 0.02789981 
693 260 15 19 0.027884593 
477 419 11 17 0.027879404 
667 51 13 16 0.027867682 
407 69 10 14 0.027856944 
448 447 11 15 0.02783455 
811 396 12 18 0.027829435 
131 454 13 17 0.027807666 
77 98 12 15 0.027751282 
632 124 13 16 0.027739549 
591 5 9 11 0.027722403 
245 131 12 15 0.02769825 
326 412 12 17 0.027682388 
15 45 10 13 0.027679782 
472 279 20 25 0.027657501 
222 444 13 17 0.027641822 
795 380 12 14 0.027640413 
189 71 10 13 0.027637027 
340 45 11 14 0.027629936 
682 262 12 16 0.027627252 
92 37 11 13 0.027621578 
341 360 14 18 0.027522892 
1007 144 11 14 0.027508063 
122 371 19 24 0.027502865 
927 374 12 16 0.027493935 
901 219 10 12 0.02746309 
886 21 10 12 0.02743921 
998 147 19 22 0.027438523 
103 484 12 15 0.027437462 
701 416 13 16 0.02743703 
605 357 9 14 0.02743242 
1003 478 15 21 0.027355788 
815 314 12 16 0.027350357 
649 78 19 24 0.02734738 
465 22 12 15 0.027329473 
411 353 13 15 0.02730804 
374 515 12 17 0.02729771 
125 205 12 16 0.027275223 
574 103 13 15 0.027241541 
-1 531 12 20 0.027193477 
639 363 11 13 0.027180325 
775 19 12 14 0.027127055 
423 76 12 14 0.027122663 
735 59 11 14 0.02709934 
880 378 11 15 0.027049769 
492 22 14 16 0.027035562 
598 14 10 14 0.027034877 
944 239 10 12 0.027032249 
37 459 13 16 0.0270285 
501 1 18 23 0.027009977 
612 287 12 14 0.027004106 
972 393 13 16 0.02699516 
558 68 12 14 0.026965996 
203 206 12 17 0.026957797 
828 285 14 16 0.026955992 
853 437 23 33 0.026937552 
886 221 10 11 0.026924118 
365 364 12 17 0.026914088 
191 155 10 14 0.026907597 
30 12 11 14 0.02688958 
997 132 10 13 0.026869994 
199 164 12 15 0.026853027 
116 364 12 16 0.02684917 
549 75 13 15 0.026837088 
499 226 14 17 0.026816554 
552 173 10 13 0.026815072 
800 87 10 12 0.026800554 
621 365 11 16 0.026794448 
200 374 18 21 0.026781788 
253 401 12 16 0.026758078 
565 461 15 22 0.026744714 
465 85 11 15 0.026735837 
231 70 10 13 0.026733737 
717 206 10 14 0.026715307 
57 489 14 19 0.026702143 
766 350 13 18 0.026697805 
344 121 13 16 0.02668154 
563 203 17 19 0.026660055 
654 39 10 14 0.026653286 
77 108 12 15 0.026641179 
157 252 13 16 0.026624138 
89 173 13 18 0.026618276 
681 59 18 23 0.026615191 
822 112 11 15 0.026611235 
181 108 13 15 0.026608724 
508 308 12 15 0.026578212 
180 436 13 18 0.026557034 
766 30 10 12 0.026554925 
233 18 11 15 0.026546331 
615 28 10 13 0.026500309 
669 346 11 15 0.026499754 
142 80 12 16 0.026469143 
651 443 22 28 0.026464308 
818 103 17 21 0.026458342 
280 153 11 14 0.026422324 
86 70 11 14 0.026411695 
181 398 11 14 0.02639809 
983 159 9 11 0.02636354 
798 399 15 19 0.026340565 
40 190 11 16 0.026323514 
760 109 9 13 0.026319673 
813 374 14 18 0.026302751 
319 126 9 12 0.02629869 
39 73 11 15 0.026297117 
838 412 22 30 0.026268255 
657 116 10 13 0.026257142 
813 141 10 12 0.02622629 
107 269 13 17 0.026221247 
304 422 21 26 0.026188217 
478 426 13 18 0.026165811 
559 5 12 14 0.02615868 
623 293 103 143 0.026153037 
655 48 18 23 0.026145382 
535 165 12 14 0.026125137 
29 395 10 13 0.026116878 
55 347 11 15 0.026116537 
845 124 12 16 0.026095308 
84 346 12 15 0.02608191 
452 166 11 14 0.02605145 
573 417 14 17 0.02605124 
318 220 10 13 0.026032066 
212 388 13 18 0.026010362 
661 195 14 17 0.025980955 
894 173 11 13 0.025954967 
726 111 9 11 0.025950896 
814 15 9 10 0.025949111 
188 447 11 15 0.025948262 
928 70 18 22 0.025947316 
71 277 12 15 0.025946472 
622 310 10 14 0.025926642 
670 456 24 35 0.025872106 
253 94 11 14 0.025867868 
504 70 11 15 0.025840193 
33 116 12 16 0.025825704 
659 257 16 18 0.025818635 
333 120 11 13 0.025817411 
800 93 10 12 0.025803687 
632 110 11 14 0.02580188 
165 62 11 15 0.025774792 
46 53 10 13 0.025769765 
187 84 12 15 0.02576133 
46 211 13 17 0.02572555 
213 152 14 18 0.025715766 
928 174 9 12 0.02570968 
691 211 14 19 0.025676383 
941 279 10 14 0.025651716 
334 472 14 19 0.025650255 
518 115 11 13 0.025645621 
125 68 12 15 0.02563101 
854 12 12 15 0.025614355 
824 92 11 14 0.025599131 
788 356 12 15 0.025594296 
86 43 11 15 0.025580779 
863 216 12 14 0.025573326 
212 373 11 15 0.025565885 
715 0 13 13 0.025558371 
842 377 13 17 0.025545655 
942 242 18 23 0.02554329 
880 213 10 13 0.02553773 
799 218 10 14 0.025503283 
141 479 12 15 0.02549431 
110 274 12 16 0.025489582 
474 292 21 27 0.025475156 
990 127 11 13 0.025471399 
230 92 13 17 0.02544256 
925 271 13 16 0.025432145 
179 473 13 18 0.025411809 
716 340 15 19 0.025411347 
822 148 9 12 0.025395907 
648 0 9 9 0.025383878 
165 375 12 15 0.025365448 
494 130 13 17 0.025350058 
149 107 12 16 0.025345732 
952 231 10 13 0.025323588 
230 125 12 15 0.025317524 
916 138 12 15 0.025250379 
679 52 12 15 0.025243845 
668 172 12 15 0.025243474 
333 359 13 16 0.025240423 
534 340 10 14 0.025235554 
703 378 15 21 0.025233785 
222 381 11 14 0.025221901 
348 53 14 18 0.025218325 
996 252 11 14 0.025211519 
613 157 14 17 0.025192095 
941 100 12 16 0.025179174 
61 125 11 15 0.025155064 
933 325 11 14 0.025137592 
745 95 9 13 0.025132278 
757 299 14 18 0.025115015 
149 115 11 14 0.025107574 
287 166 11 13 0.02510674 
335 162 11 15 0.025103156 
876 3 11 12 0.025102342 
720 131 9 12 0.025100801 
278 375 10 13 0.025089934 
846 286 14 18 0.025062725 
968 110 9 12 0.025057487 
928 13 10 13 0.025053307 
575 266 11 15 0.025043663 
865 132 19 25 0.025038578 
856 420 13 19 0.025032178 
589 116 12 15 0.025023114 
3 115 13 18 0.025015533 
227 460 12 14 0.025011854 
190 252 11 15 0.025006227 
358 203 11 14 0.024982411 
933 268 11 14 0.02497653 
36 221 15 18 0.024971684 
703 30 12 15 0.024971556 
238 84 11 13 0.024929227 
509 314 13 16 0.024918612 
655 252 14 17 0.024915455 
213 380 11 14 0.02491289 
863 146 12 16 0.024911813 
72 357 10 14 0.024899185 
858 204 18 22 0.024892552 
987 22 11 13 0.024851 
384 37 13 16 0.024850056 
492 299 11 15 0.024824902 
655 149 12 16 0.024816548 
829 15 10 14 0.024810523 
700 100 10 13 0.024809504 
591 309 9 12 0.024806164 
252 182 11 14 0.02480387 
414 5 12 15 0.024802659 
111 69 10 14 0.024798455 
175 71 10 13 0.02479149 
849 14 9 12 0.024781216 
540 170 13 17 0.024775742 
492 432 12 17 0.024775567 
619 12 10 13 0.024773873 
190 259 10 14 0.02477194 
648 471 25 33 0.024763163 
452 48 13 17 0.024756692 
408 44 10 14 0.024743399 
660 205 12 14 0.024737898 
197 125 12 16 0.024736824 
798 148 10 13 0.024732372 
173 479 14 19 0.024727609 
562 409 20 26 0.024721043 
733 180 12 16 0.024717664 
623 51 11 13 0.024695631 
598 307 12 14 0.02469367 
499 110 13 16 0.02469007 
215 21 11 15 0.024646547 
144 6 9 12 0.02463033 
51 428 19 26 0.024619585 
550 427 10 14 0.024608297 
478 174 10 13 0.024582874 
725 68 11 15 0.024553223 
724 235 14 17 0.024534691 
268 364 12 15 0.02450842 
182 7 10 13 0.024426486 
253 136 11 14 0.024412023 
62 92 12 15 0.02438329 
940 130 18 21 0.02435332 
180 354 11 15 0.024313308 
261 373 12 16 0.024268854 
628 394 15 19 0.024267953 
0 473 11 16 0.024260249 
600 363 10 14 0.024246171 
366 142 12 16 0.024244988 
487 59 19 25 0.0242238 
199 70 10 13 0.02421714 
129 109 10 13 0.024215776 
296 172 12 15 0.024215123 
373 257 14 19 0.024194818 
471 87 19 25 0.024186179 
479 334 9 12 0.024174768 
166 456 13 16 0.024166048 
839 35 11 12 0.024155136 
1008 175 17 23 0.024127621 
567 129 14 17 0.024120927 
576 318 10 13 0.02410918 
69 389 13 16 0.024106005 
220 39 19 24 0.024086943 
982 165 12 14 0.024064088 
702 52 11 13 0.024055311 
286 460 12 17 0.024054436 
364 505 12 18 0.024044108 
21 190 11 14 0.024033088 
800 27 10 13 0.024020912 
424 5 12 15 0.02400903 
79 468 10 14 0.024003565 
28 438 10 13 0.02399608 
644 356 10 14 0.023995379 
220 357 14 17 0.023993086 
881 312 18 23 0.02398883 
548 84 14 17 0.023985721 
45 450 12 17 0.023985337 
782 352 13 17 0.023975303 
53 524 13 15 0.023965063 
188 237 10 13 0.023960233 
517 442 10 13 0.023941915 
1 362 10 16 0.023923066 
356 163 13 16 0.023907186 
189 245 10 12 0.023891993 
672 315 10 13 0.023881948 
384 27 11 15 0.023872806 
565 275 10 12 0.023849867 
143 166 10 13 0.023835616 
303 367 11 14 0.02383506 
271 164 11 15 0.023798432 
421 349 13 16 0.023785021 
820 490 15 19 0.023780283 
453 492 19 28 0.023769148 
941 145 13 16 0.023753986 
271 381 11 13 0.023752527 
606 310 11 13 0.023738032 
623 447 14 21 0.023711998 
29 429 11 14 0.023706235 
320 294 20 25 0.023692207 
847 209 11 14 0.02367137 
631 348 11 14 0.023670977 
869 92 9 13 0.023666378 
708 409 13 18 0.023666298 
528 68 10 14 0.023660047 
798 101 11 14 0.02364323 
735 161 12 14 0.023603002 
965 386 14 17 0.023598524 
862 93 12 14 0.023575276 
956 458 15 20 0.023574937 
127 124 10 14 0.023573902 
591 101 12 15 0.023567144 
621 141 13 15 0.02355996 
706 227 15 18 0.023558838 
90 495 16 18 0.023553453 
558 427 13 15 0.023542652 
6 195 13 16 0.023539191 
147 142 12 16 0.023539115 
813 213 11 14 0.023514235 
164 392 13 16 0.02347975 
181 410 10 13 0.023477623 
270 115 12 15 0.02347035 
668 35 11 13 0.023460332 
958 325 13 16 0.023459855 
1017 135 8 13 0.023448491 
939 11 11 13 0.023442082 
558 75 13 16 0.023428882 
981 117 10 12 0.023390064 
103 469 11 13 0.023381684 
78 410 11 14 0.023372235 
583 275 11 14 0.023358922 
704 142 11 14 0.023344224 
152 163 10 13 0.02333787 
1008 19 12 16 0.02332726 
998 143 12 15 0.023312576 
14 320 14 17 0.023302943 
580 44 12 15 0.023302555 
985 408 22 27 0.023297245 
719 169 14 16 0.023286218 
789 300 18 24 0.023282787 
655 166 12 17 0.023272537 
952 197 9 12 0.023265166 
671 163 11 14 0.023257973 
638 52 12 16 0.023233673 
772 182 12 15 0.023222376 
795 181 11 15 0.023221524 
112 459 11 16 0.023217378 
711 251 10 13 0.02321733 
481 495 18 25 0.023200976 
269 82 10 14 0.023181358 
175 132 13 16 0.02317206 
620 267 12 15 0.02314081 
562 396 13 17 0.023099074 
163 174 12 15 0.0230872 
761 117 10 13 0.023086457 
133 332 11 15 0.023028567 
937 140 12 14 0.023018757 
901 22 12 14 0.023013396 
591 27 11 14 0.023012182 
463 -2 14 14 0.023011504 
289 221 10 14 0.023009485 
103 107 11 13 0.022992276 
350 382 14 17 0.022986673 
65 300 20 27 0.022979157 
475 85 11 14 0.022956947 
610 444 24 29 0.022929873 
492 184 14 20 0.022911675 
104 478 11 13 0.02289158 
788 388 12 16 0.022889074 
616 0 9 11 0.022887653 
519 189 11 16 0.022869121 
493 463 17 21 0.02286561 
483 94 11 14 0.02286256 
62 163 11 13 0.022858806 
912 227 10 14 0.022834517 
159 58 11 15 0.022830049 
917 181 11 13 0.022822857 
799 108 10 13 0.022813175 
182 142 19 23 0.02279869 
598 482 14 19 0.02279793 
110 171 12 16 0.022793377 
112 27 11 14 0.022793228 
317 435 11 15 0.022782722 
883 402 13 16 0.022774473 
453 466 11 16 0.02276894 
879 190 13 16 0.022728225 
853 93 12 15 0.022720752 
140 391 11 15 0.02271495 
549 204 13 17 0.02268401 
899 193 13 16 0.022683522 
644 28 13 15 0.022678556 
48 395 12 15 0.022674419 
743 273 15 20 0.022663396 
679 -1 11 11 0.022662923 
390 143 22 27 0.022654181 
211 291 13 17 0.022638049 
600 6 9 12 0.022632638 
623 285 19 24 0.022630285 
15 165 12 14 0.022617368 
207 32 11 14 0.022612711 
521 563 14 18 0.022610908 
104 376 8 11 0.022599494 
339 252 14 18 0.022593044 
134 427 12 16 0.022574063 
267 471 15 19 0.02255664 
534 171 13 15 0.022555351 
935 32 12 16 0.02255209 
405 37 11 14 0.022545876 
917 340 13 16 0.0225439 
837 420 41 54 0.022542147 
104 165 12 15 0.022536332 
159 375 12 15 0.022526927 
551 180 11 15 0.022522956 
904 123 11 15 0.022513902 
589 284 12 14 0.022499504 
286 10 12 15 0.022484161 
375 486 22 31 0.022484018 
902 165 13 15 0.022482535 
832 186 10 15 0.022476867 
255 138 17 22 0.022441737 
223 39 10 13 0.022433734 
385 259 13 16 0.022420308 
791 487 15 21 0.022357982 
227 452 13 16 0.022354702 
173 420 11 14 0.022349987 
292 461 13 16 0.022348793 
271 431 14 18 0.022348175 
438 70 10 13 0.022344049 
575 353 12 15 0.02234062 
646 391 13 17 0.022333676 
261 505 23 28 0.022333583 
237 53 13 17 0.022313021 
747 254 15 18 0.022306798 
7 83 12 15 0.022306621 
38 0 10 11 0.02228916 
54 441 12 16 0.022286976 
722 416 17 21 0.022286953 
973 109 11 14 0.022267293 
448 9 13 16 0.02225912 
183 236 11 14 0.022220485 
28 442 14 17 0.022202823 
974 417 14 18 0.022198822 
904 50 12 14 0.022191595 
967 439 23 30 0.022188045 
28 379 12 15 0.022171613 
845 34 11 12 0.022163033 
726 196 11 13 0.022162518 
647 299 10 13 0.022160547 
34 347 12 15 0.022143377 
142 58 12 14 0.022142015 
614 422 12 15 0.022124963 
593 12 10 14 0.02212244 
56 333 12 16 0.02211281 
442 364 20 24 0.022092825 
741 387 15 21 0.0220904 
255 244 11 15 0.022074716 
292 74 11 15 0.022058202 
38 31 11 14 0.022051886 
524 42 12 16 0.022044463 
14 156 11 13 0.022043651 
896 108 11 15 0.022029784 
606 131 12 18 0.02202718 
687 402 12 17 0.022023614 
565 431 20 25 0.022022443 
343 406 15 20 0.022018747 
16 37 11 14 0.022014078 
476 364 13 16 0.02200764 
517 61 12 16 0.022005146 
647 133 10 15 0.02199955 
959 23 11 14 0.021990877 
30 50 12 15 0.021986725 
812 262 12 16 0.021972358 
49 -1 11 10 0.021972004 
812 170 10 13 0.021971073 
258 251 10 15 0.021961113 
520 178 11 14 0.021950625 
698 481 20 30 0.021945491 
774 36 10 12 0.021944284 
741 30 13 15 0.021939345 
3 222 11 14 0.021918338 
732 120 18 23 0.021914598 
454 171 11 15 0.021913193 
310 414 18 23 0.021911971 
468 297 13 17 0.021904062 
526 114 11 14 0.021903038 
205 165 11 15 0.021874536 
222 236 12 16 0.021856148 
686 216 13 17 0.021842748 
788 28 10 13 0.021835115 
373 456 21 27 0.021832034 
167 155 13 15 0.02182592 
799 158 10 13 0.021804024 
134 341 10 14 0.021801373 
109 419 10 14 0.021783814 
159 453 11 14 0.021768332 
871 156 11 15 0.021761216 
830 405 14 16 0.021752134 
580 450 15 20 0.02174723 
842 311 13 17 0.021723835 
546 424 19 26 0.021723142 
280 76 10 14 0.021677028 
446 126 12 15 0.02166839 
402 418 22 27 0.021660592 
239 27 12 15 0.021652468 
909 269 13 17 0.021646725 
949 334 11 14 0.02164304 
613 384 21 28 0.021639489 
579 380 11 15 0.021631507 
754 288 14 18 0.021627573 
947 444 14 18 0.021622494 
373 148 13 16 0.021608789 
28 84 12 15 0.0215973 
827 276 14 16 0.021596884 
237 412 11 15 0.021590983 
435 345 12 16 0.02157434 
446 50 13 15 0.021571027 
47 43 10 14 0.021566832 
958 85 13 16 0.02155482 
983 333 10 15 0.021552036 
262 37 11 14 0.02153972 
899 140 13 15 0.021525873 
759 162 11 15 0.02152358 
647 271 12 16 0.021518625 
454 346 10 14 0.021514436 
597 188 14 17 0.021499295 
671 59 12 16 0.021497281 
983 125 9 12 0.021496197 
848 166 9 12 0.021490058 
454 0 12 14 0.021481378 
52 120 12 14 0.021480098 
15 80 19 23 0.02147007 
240 36 11 13 0.021465097 
250 386 12 16 0.02146098 
574 365 13 14 0.021457335 
884 131 21 26 0.021450473 
976 3 13 15 0.021439448 
353 311 20 24 0.02143378 
900 133 12 15 0.02143073 
799 254 12 15 0.021429664 
853 435 13 19 0.02142794 
-1 24 10 16 0.021422114 
972 281 12 16 0.021404535 
575 -2 10 9 0.021401165 
919 238 11 14 0.021390937 
917 92 12 14 0.021381117 
63 186 11 14 0.02137137 
715 379 11 16 0.021364568 
939 115 12 17 0.021362491 
574 93 11 14 0.021362249 
685 -1 10 10 0.021348264 
849 106 16 21 0.021343434 
464 124 20 23 0.02134341 
76 165 12 14 0.02134179 
1011 -1 12 12 0.02133501 
229 285 15 19 0.02133374 
853 99 14 19 0.02133024 
309 372 11 13 0.021308484 
356 514 14 20 0.021292508 
63 214 11 14 0.021270212 
123 221 14 17 0.021264762 
345 117 20 24 0.0212545 
554 363 11 14 0.02124931 
85 493 13 18 0.02122327 
79 422 10 14 0.021213153 
93 253 13 15 0.021206636 
23 303 12 14 0.021201963 
493 124 12 17 0.021189395 
776 220 14 17 0.021184955 
427 37 13 16 0.02118301 
829 117 9 13 0.021162527 
620 421 12 15 0.02115692 
270 540 12 14 0.021155301 
655 302 10 12 0.021153333 
773 28 11 13 0.021125102 
239 239 17 22 0.021118237 
608 0 9 11 0.021108298 
711 155 11 14 0.021107351 
151 516 14 19 0.021101668 
643 459 15 20 0.021087686 
659 390 13 16 0.021083295 
357 89 13 16 0.021074666 
461 188 13 17 0.021067677 
189 90 11 14 0.021057758 
88 268 12 17 0.02105651 
554 424 22 25 0.021040559 
783 464 25 36 0.021035584 
839 198 11 14 0.021012029 
958 230 11 13 0.021008939 
465 283 11 14 0.02100281 
575 127 17 24 0.020996321 
842 422 24 34 0.020977948 
947 54 13 15 0.020969361 
611 371 21 27 0.02096908 
926 349 12 17 0.020953206 
564 317 11 14 0.020951608 
56 235 11 14 0.020942807 
72 45 9 11 0.020932507 
570 134 19 25 0.020914458 
167 357 11 14 0.020908928 
695 86 11 14 0.020899393 
228 444 12 15 0.020899342 
63 249 13 17 0.020895092 
958 130 12 15 0.020879585 
467 449 17 20 0.020869587 
366 43 13 17 0.020863848 
896 218 10 13 0.020860756 
101 205 12 17 0.020856483 
1013 98 10 14 0.020833462 
622 86 11 14 0.020828856 
77 150 12 14 0.020826722 
948 190 10 13 0.020800969 
950 123 12 16 0.020788783 
782 578 10 14 0.020737017 
711 52 10 12 0.020736417 
854 228 12 16 0.020736078 
129 141 12 15 0.020733854 
395 93 13 16 0.020729857 
397 53 12 16 0.020712262 
798 117 10 13 0.020702409 
677 133 11 13 0.02069949 
640 18 12 15 0.020693729 
588 276 13 16 0.020692486 
402 212 15 18 0.020683425 
710 94 9 12 0.020678962 
565 178 13 16 0.020653123 
117 243 13 15 0.020642126 
614 347 11 14 0.02062511 
111 83 11 13 0.020623248 
751 123 10 13 0.020622771 
925 35 11 15 0.020621493 
623 300 9 12 0.02061959 
676 326 19 25 0.020614399 
784 292 20 25 0.020614266 
110 12 10 13 0.020600125 
565 51 12 16 0.020595495 
376 138 12 16 0.0205835 
697 0 10 11 0.020578567 
613 129 13 17 0.02056954 
542 28 19 23 0.020547222 
517 139 11 15 0.020537168 
953 164 11 15 0.020526338 
990 332 11 15 0.020510416 
2 277 14 19 0.020507103 
568 449 24 34 0.020502834 
231 84 10 13 0.020498062 
470 174 13 15 0.0204743 
485 335 10 12 0.020472053 
281 70 11 14 0.020467369 
308 366 11 14 0.020439908 
4 157 12 14 0.020435195 
631 174 13 17 0.020431994 
315 427 13 17 0.020431902 
693 492 48 59 0.020429278 
918 32 20 23 0.020418823 
564 309 11 14 0.020413578 
1005 161 12 15 0.020410871 
752 139 11 14 0.020396087 
159 114 10 15 0.020383447 
15 172 12 16 0.020379806 
662 81 10 14 0.020368792 
60 473 13 16 0.020365091 
215 62 11 15 0.020343939 
151 420 10 13 0.020343592 
869 146 11 14 0.020342974 
85 94 10 14 0.020319687 
102 404 10 13 0.020313831 
973 180 11 14 0.020312166 
136 45 19 24 0.020309858 
134 323 11 14 0.020301275 
63 355 9 13 0.020287098 
959 168 18 22 0.020285854 
231 243 11 14 0.02026783 
205 402 12 16 0.02026564 
726 212 12 15 0.020262726 
501 49 13 18 0.02024846 
751 28 11 14 0.020241292 
1012 486 12 20 0.020236228 
690 465 31 39 0.020224264 
774 428 14 17 0.020223271 
363 159 16 20 0.020223266 
192 419 12 14 0.020216752 
716 370 13 19 0.020185335 
700 11 10 14 0.020183131 
645 116 11 13 0.020179044 
789 158 11 15 0.020177757 
60 285 22 28 0.020136144 
778 273 16 20 0.020096038 
726 230 13 15 0.020088812 
197 307 11 15 0.020087775 
879 221 11 12 0.020086367 
886 6 12 14 0.020075608 
477 434 15 19 0.020072239 
773 369 12 16 0.020046528 
534 3 11 14 0.020031223 
909 337 12 15 0.020029934 
560 260 10 13 0.020017842 
