0_Parade_Parade_0_757
88
239 70 195 268 0.99947375 
766 242 17 20 0.4272521 
657 233 22 27 0.30467647 
705 263 21 24 0.26617205 
715 261 16 22 0.21310315 
915 546 34 37 0.14712168 
604 267 11 15 0.13996106 
485 492 12 15 0.12176602 
922 533 37 39 0.10799686 
573 255 13 18 0.10610523 
554 250 17 19 0.10561165 
509 248 13 16 0.090091206 
587 267 12 15 0.089802414 
897 579 29 38 0.086386874 
82 386 129 165 0.08205318 
533 557 31 35 0.08005374 
586 594 16 18 0.074854665 
854 260 15 19 0.058699623 
412 492 14 16 0.055800956 
395 529 27 35 0.055592794 
843 260 13 15 0.05552029 
492 498 13 16 0.052499726 
541 261 13 19 0.05187487 
909 561 32 34 0.04893315 
700 259 17 20 0.04846866 
699 269 18 21 0.048214283 
432 526 33 38 0.046589583 
477 499 12 14 0.044942163 
886 570 14 17 0.04451076 
894 566 27 32 0.040871207 
829 260 11 16 0.04066235 
669 266 14 18 0.040174764 
859 252 15 18 0.03816909 
562 251 16 19 0.035775233 
904 518 52 62 0.035646893 
931 457 50 67 0.035521585 
583 263 21 26 0.03465188 
897 585 18 24 0.03452177 
75 343 191 285 0.03408709 
874 571 16 18 0.032913927 
856 533 29 39 0.03246423 
892 559 46 54 0.032288186 
870 251 14 18 0.032252204 
915 576 17 23 0.031946007 
698 251 18 20 0.03140703 
393 496 14 16 0.02997217 
406 524 26 33 0.029054925 
775 241 16 20 0.02894332 
753 268 16 19 0.028740076 
549 244 17 20 0.028626893 
548 255 17 21 0.028159916 
36 230 338 478 0.02795364 
475 508 12 16 0.02766798 
597 264 20 25 0.027363623 
843 265 16 18 0.027327077 
578 585 26 31 0.027318118 
556 262 17 20 0.027156482 
839 264 27 31 0.026863925 
414 533 30 35 0.026831204 
921 568 29 32 0.026478574 
838 254 14 16 0.026406638 
579 260 14 17 0.026255714 
838 168 14 19 0.026168764 
791 567 10 12 0.025712887 
930 576 17 20 0.025505956 
481 533 29 40 0.024844464 
521 533 41 49 0.024843939 
911 489 58 76 0.024555713 
651 287 33 37 0.024199825 
815 499 45 58 0.023983842 
425 560 42 49 0.023770723 
766 726 9 13 0.023252053 
394 528 18 23 0.023086987 
1006 558 17 23 0.022963071 
508 244 22 27 0.02288193 
816 701 11 15 0.022616567 
538 488 206 238 0.022576254 
929 567 17 20 0.022455048 
860 499 14 16 0.021895533 
782 714 12 15 0.02178964 
429 541 29 34 0.021731475 
807 564 11 15 0.021433732 
503 244 15 18 0.020872014 
420 575 32 38 0.02063128 
843 530 17 21 0.020613369 
730 276 15 20 0.020569295 
854 501 12 14 0.020527937 
547 264 16 21 0.020241702 
