0_Parade_marchingband_1_1004
74
811 221 32 39 0.9975943 
647 189 39 47 0.98542744 
122 215 32 38 0.9709309 
151 396 45 57 0.89890456 
770 204 33 50 0.8706394 
691 206 31 36 0.47314262 
429 235 30 33 0.29995582 
741 202 28 45 0.20364928 
691 145 46 55 0.17585063 
790 211 33 47 0.15832746 
827 220 43 48 0.106308535 
256 434 36 44 0.09135407 
333 408 31 40 0.055338368 
758 203 29 45 0.050723705 
398 230 8 11 0.05054273 
391 230 9 11 0.05049255 
409 231 8 11 0.048864666 
859 225 29 36 0.048521787 
294 197 9 12 0.048059504 
689 226 34 39 0.04526301 
329 191 9 10 0.045077313 
998 268 16 19 0.043699227 
255 221 9 11 0.042929213 
666 176 48 56 0.042408668 
438 388 13 17 0.040846054 
846 229 32 36 0.038725257 
689 168 32 37 0.03734125 
410 190 13 16 0.037229735 
424 209 43 52 0.03685801 
779 193 28 39 0.035578094 
996 259 26 35 0.035518438 
696 189 33 40 0.034714274 
326 427 28 34 0.03469987 
375 231 9 12 0.03384837 
455 378 12 16 0.031726826 
995 8 15 17 0.031419855 
253 214 11 14 0.03081046 
711 147 27 34 0.030674368 
765 252 11 14 0.030283593 
288 189 9 11 0.03014939 
284 230 11 14 0.02870834 
828 173 11 16 0.027992142 
814 221 200 227 0.02797436 
327 197 9 11 0.02776291 
390 236 9 11 0.027670352 
335 206 9 12 0.02753581 
270 237 9 12 0.027345546 
323 495 62 74 0.027197326 
678 197 30 39 0.027041381 
445 172 25 30 0.026888238 
500 236 16 20 0.026610516 
110 186 52 62 0.026540995 
322 450 53 65 0.02621875 
383 231 9 11 0.025721718 
980 189 12 16 0.025658984 
360 198 9 12 0.024611827 
331 439 15 20 0.02452744 
411 211 11 15 0.024379533 
964 244 11 14 0.024003483 
215 108 11 14 0.023754034 
273 437 28 38 0.023719132 
874 220 14 17 0.022813737 
839 177 11 16 0.022434276 
319 204 8 10 0.022433257 
693 206 18 23 0.022411665 
446 180 14 18 0.021700284 
855 195 13 16 0.021692753 
461 227 14 17 0.021124689 
405 207 21 28 0.020780966 
262 186 10 12 0.02066916 
310 434 27 33 0.020645555 
0 413 9 15 0.020558512 
135 379 73 91 0.020216731 
852 126 12 14 0.0201497 
