0_Parade_Parade_0_68
1401
502 417 11 15 0.6572358 
454 390 10 13 0.5332993 
200 231 8 11 0.45502132 
484 431 11 13 0.42130685 
324 341 9 12 0.41683692 
661 285 10 13 0.41108385 
729 365 9 12 0.394191 
316 243 10 13 0.38980976 
115 371 12 15 0.37628984 
507 480 13 16 0.37505934 
526 367 9 12 0.34621987 
585 342 10 12 0.3193871 
796 294 9 11 0.31151003 
323 350 9 12 0.3042435 
751 285 8 11 0.2688972 
872 414 13 16 0.264126 
711 387 9 12 0.25424644 
255 211 9 10 0.24297495 
313 415 9 13 0.23982911 
358 301 9 12 0.23737025 
154 359 7 9 0.23675554 
322 357 8 11 0.23423284 
503 303 7 10 0.23290154 
103 354 12 16 0.23018855 
697 556 9 12 0.22891033 
726 247 9 11 0.22783552 
84 357 10 12 0.22468504 
451 358 8 11 0.2164591 
737 387 10 13 0.21466114 
714 421 13 16 0.21354398 
693 223 8 11 0.21117333 
422 443 12 16 0.20984246 
375 442 11 15 0.20546117 
225 356 8 11 0.20100383 
412 300 9 11 0.19544977 
333 411 11 13 0.19112995 
277 375 10 13 0.18917874 
456 380 11 15 0.18806045 
528 419 11 13 0.18235852 
471 445 11 13 0.18127146 
661 310 9 11 0.17968847 
245 380 11 14 0.17884049 
182 205 9 12 0.17759532 
801 384 8 11 0.17681654 
94 339 11 13 0.16967528 
546 285 8 11 0.16697459 
653 399 10 11 0.16493255 
638 383 9 12 0.16425148 
289 344 9 11 0.16313702 
654 381 9 11 0.16246146 
268 474 12 17 0.16042484 
670 343 8 10 0.15711042 
751 280 8 11 0.1535377 
457 374 11 13 0.15350342 
352 191 9 11 0.15247792 
415 272 11 14 0.14957798 
407 392 10 13 0.14805706 
536 384 8 11 0.14733121 
585 364 8 11 0.14413789 
623 285 9 11 0.14371255 
511 277 8 11 0.14134564 
665 390 8 11 0.13946243 
262 213 8 10 0.13815385 
391 326 8 11 0.13787256 
270 197 9 10 0.13578606 
392 473 12 17 0.1329387 
290 366 8 11 0.13103639 
309 474 12 16 0.13076352 
272 223 6 10 0.13003705 
438 381 9 10 0.12911272 
506 363 10 15 0.12832263 
457 277 8 11 0.12557612 
185 396 11 14 0.12528153 
181 350 8 11 0.12479645 
344 365 9 12 0.12444053 
864 365 9 12 0.121722035 
290 224 7 10 0.12126502 
193 230 8 11 0.12052342 
96 187 9 12 0.119346745 
352 278 9 12 0.11791669 
149 381 13 15 0.11499995 
721 309 9 10 0.11464087 
71 373 10 13 0.11438176 
649 399 9 12 0.108036995 
229 231 9 11 0.10786507 
514 295 8 10 0.107541 
391 379 10 13 0.105607934 
214 231 9 11 0.10503124 
205 231 9 11 0.10476247 
304 246 9 10 0.10396196 
462 309 8 10 0.10383018 
239 213 9 10 0.10361538 
520 396 9 11 0.102971524 
185 229 8 11 0.10271448 
247 255 8 11 0.10254616 
843 291 9 13 0.10243138 
310 153 8 10 0.1019011 
472 272 8 10 0.101500645 
420 271 10 13 0.10097377 
424 286 8 11 0.100748874 
790 229 8 10 0.1002595 
350 398 9 12 0.09995687 
643 436 11 13 0.099376105 
798 358 9 12 0.09892221 
742 221 9 12 0.098808296 
353 211 8 12 0.09731799 
551 293 8 10 0.09726998 
582 271 8 10 0.095989086 
549 271 8 10 0.095568754 
808 230 8 10 0.09497513 
328 408 10 13 0.09417933 
281 184 7 10 0.093902126 
513 272 8 10 0.09355077 
581 396 9 12 0.0932051 
577 364 8 11 0.09292773 
740 383 9 13 0.092810825 
462 295 8 10 0.0908061 
734 413 9 11 0.09053958 
294 222 8 9 0.09039632 
787 477 11 15 0.08982532 
751 325 9 12 0.08950559 
327 232 7 9 0.08889565 
118 339 9 12 0.08885838 
470 419 10 13 0.08769781 
313 444 12 16 0.08767626 
157 351 9 11 0.087640256 
774 222 9 11 0.08743714 
154 352 8 11 0.08663694 
357 383 9 11 0.08651522 
744 295 7 10 0.08646925 
423 160 14 19 0.08641255 
277 237 8 11 0.085910335 
397 432 10 13 0.085550204 
126 230 9 12 0.085124776 
408 411 11 16 0.0849236 
169 380 10 12 0.08486924 
526 397 8 11 0.084669836 
587 411 11 13 0.084595636 
280 199 7 9 0.08409726 
593 382 9 12 0.08392715 
855 403 11 15 0.083726205 
470 405 9 11 0.08357799 
550 155 9 12 0.08356656 
721 247 9 11 0.08327013 
168 374 9 12 0.08321673 
87 183 9 11 0.082607105 
166 366 8 10 0.08161863 
316 418 11 14 0.08154008 
409 275 12 15 0.08130632 
248 231 7 10 0.08069465 
254 351 8 10 0.08034605 
312 451 11 15 0.080322675 
710 367 8 10 0.079884395 
702 316 9 10 0.07957151 
599 389 9 11 0.0791768 
546 279 8 10 0.078571856 
254 235 9 11 0.078035094 
215 404 12 15 0.07754569 
133 364 10 12 0.077483274 
774 246 9 11 0.0771795 
581 277 8 11 0.076850966 
302 380 9 13 0.076403715 
365 268 9 12 0.07636595 
567 309 8 11 0.07629668 
720 305 8 9 0.076063044 
193 366 8 11 0.07596143 
295 196 8 11 0.07581823 
271 216 8 9 0.0757222 
477 388 12 14 0.075706854 
197 372 9 12 0.075706854 
296 381 10 13 0.07567319 
208 203 9 11 0.07554565 
485 333 9 11 0.07544502 
331 469 11 14 0.07539063 
757 246 8 12 0.07489858 
648 379 10 12 0.07437937 
236 396 11 15 0.07423799 
265 190 8 11 0.07399457 
345 343 8 11 0.073928505 
583 347 10 12 0.073687844 
374 173 10 13 0.07333959 
413 296 10 12 0.0733032 
351 413 10 14 0.07320939 
526 156 8 11 0.07312537 
221 375 9 12 0.07309405 
655 352 7 9 0.07248305 
549 311 8 10 0.07204053 
504 344 8 10 0.071895 
642 245 8 12 0.071657896 
624 279 8 12 0.07145014 
311 278 10 12 0.07135061 
239 367 9 11 0.071195886 
175 373 10 13 0.07105428 
277 405 10 13 0.070279 
250 212 8 11 0.07018136 
224 231 8 10 0.070088446 
864 389 9 12 0.07006197 
687 366 8 10 0.07005886 
232 189 8 10 0.06987151 
381 358 10 12 0.06918449 
477 173 8 11 0.06918425 
438 375 8 12 0.06917356 
310 382 10 12 0.0689286 
273 230 8 11 0.06888901 
844 286 9 13 0.068820514 
590 407 9 12 0.06862252 
576 294 9 11 0.068017125 
254 231 8 11 0.067768015 
869 391 9 11 0.06734056 
416 445 12 15 0.06727727 
589 365 8 12 0.06658011 
800 206 8 10 0.06640362 
481 343 8 11 0.06630823 
622 293 10 12 0.06615431 
130 358 11 15 0.06570336 
240 191 7 9 0.0654181 
381 195 11 13 0.064791664 
432 301 9 12 0.06463229 
817 427 10 14 0.06428499 
108 350 10 12 0.06407367 
362 264 8 11 0.064072035 
459 387 11 15 0.063912265 
153 334 8 10 0.06346272 
302 375 9 10 0.06338781 
757 309 8 10 0.06333565 
241 372 9 13 0.06330156 
616 271 7 10 0.06321903 
230 237 9 10 0.06315994 
343 390 11 12 0.063157804 
449 350 11 14 0.06302907 
58 222 9 10 0.06286409 
327 382 10 12 0.06263742 
855 390 8 11 0.06263393 
181 373 10 12 0.06255744 
277 462 11 15 0.062468182 
390 387 10 11 0.06244489 
593 388 9 12 0.06241911 
383 421 10 13 0.062110696 
253 333 8 11 0.061816495 
412 419 13 16 0.061805144 
554 381 9 12 0.061536595 
181 343 9 13 0.061464075 
360 540 13 15 0.061424065 
424 393 8 9 0.061381716 
545 293 8 10 0.06117809 
301 406 11 14 0.06116929 
671 243 9 12 0.06106527 
666 340 9 11 0.06100318 
440 406 9 13 0.060710695 
630 558 11 14 0.060502823 
269 458 12 16 0.060462072 
509 350 9 10 0.060381915 
886 445 9 13 0.060200904 
617 277 8 11 0.0601967 
846 319 10 13 0.059949577 
389 342 9 11 0.05975382 
189 391 10 14 0.059675425 
578 270 8 10 0.059576187 
316 475 13 17 0.059448164 
247 193 7 9 0.059420493 
606 391 9 11 0.059330318 
696 246 10 13 0.05917114 
266 196 8 10 0.058807455 
650 352 8 10 0.058486633 
482 333 7 11 0.05841725 
223 335 7 10 0.05839616 
197 366 10 12 0.058357842 
855 397 11 14 0.058295038 
143 367 9 11 0.05799757 
735 407 10 12 0.05769901 
214 224 9 10 0.05768764 
296 216 8 10 0.057547905 
775 205 8 10 0.057494815 
165 403 12 15 0.057414122 
797 450 11 15 0.057364304 
169 388 10 13 0.05707246 
559 390 8 10 0.057050947 
352 169 10 12 0.05700953 
607 398 9 13 0.056876883 
434 380 8 11 0.056545157 
462 303 8 10 0.05650442 
584 337 9 11 0.056286123 
767 251 10 12 0.056208815 
133 382 9 11 0.056071892 
112 366 11 14 0.055739675 
81 352 10 13 0.055654287 
415 482 13 16 0.055638254 
144 373 8 11 0.0555949 
414 376 8 11 0.055328812 
531 414 13 16 0.05527075 
250 350 7 10 0.05513936 
190 255 8 9 0.054913983 
634 383 9 12 0.054890886 
779 413 11 14 0.0547699 
280 189 7 9 0.054537773 
248 197 7 8 0.05452691 
247 236 8 10 0.054186646 
732 245 10 12 0.0541181 
341 412 11 14 0.054081116 
357 183 9 12 0.054008342 
698 318 8 9 0.053991057 
558 374 9 12 0.053786244 
727 405 8 12 0.053626023 
428 438 11 15 0.05360507 
345 396 10 13 0.05351458 
757 304 9 10 0.053503584 
297 375 9 12 0.053187147 
177 357 8 11 0.05317336 
127 254 8 10 0.053161856 
494 383 8 11 0.053105433 
453 439 12 14 0.05300116 
644 430 11 13 0.052982837 
393 436 12 15 0.052941006 
526 391 8 12 0.052902773 
321 222 8 9 0.05275175 
624 300 9 12 0.05270722 
355 187 10 13 0.05256361 
848 310 8 9 0.05254517 
270 192 9 10 0.052515503 
158 358 7 10 0.052507203 
536 404 10 12 0.052282788 
321 215 8 11 0.05220801 
439 389 9 11 0.05209362 
60 231 10 14 0.052048538 
545 310 8 10 0.05180641 
544 304 7 9 0.051793024 
400 182 12 15 0.051771495 
99 341 13 14 0.051596455 
300 460 12 15 0.051524214 
669 397 8 11 0.051484626 
228 352 9 12 0.051355217 
262 366 9 10 0.051354848 
304 240 7 10 0.05110309 
477 269 9 12 0.051099285 
471 399 10 13 0.051078852 
328 262 8 11 0.050896045 
582 391 10 11 0.05087882 
209 189 8 11 0.050808173 
119 317 9 12 0.05069476 
352 405 9 11 0.050606556 
350 388 10 13 0.050548725 
289 230 7 10 0.050531827 
409 297 9 11 0.05039061 
878 405 10 13 0.050354958 
126 363 11 14 0.050316297 
505 348 9 11 0.05018585 
578 286 8 11 0.050162304 
664 395 8 12 0.049821984 
701 404 10 13 0.049805276 
793 289 9 13 0.049801093 
190 403 10 14 0.04965592 
713 285 8 12 0.049529165 
391 443 12 17 0.04947251 
712 319 8 9 0.049380258 
385 334 9 13 0.04936786 
458 294 8 11 0.049310595 
428 287 8 11 0.04928783 
185 255 8 10 0.049225826 
110 280 8 9 0.049115237 
800 352 9 12 0.04886814 
464 271 8 11 0.048833564 
454 340 9 12 0.048777834 
607 351 7 9 0.048641186 
696 334 8 12 0.048614662 
334 374 9 10 0.048596412 
552 326 8 10 0.04802673 
184 236 8 10 0.048009608 
185 224 8 10 0.047963925 
287 206 8 9 0.04791134 
597 536 15 17 0.04787492 
630 311 8 10 0.047769263 
758 324 9 13 0.04756975 
238 208 9 11 0.047541637 
104 310 8 12 0.047532212 
262 374 8 10 0.047528937 
248 224 8 10 0.04738098 
868 366 10 13 0.0473275 
302 466 12 16 0.047287595 
670 349 9 10 0.047177233 
257 192 7 9 0.047147244 
156 381 11 13 0.046910003 
553 375 10 12 0.046881817 
455 367 8 10 0.046782464 
328 222 7 9 0.046700757 
270 446 9 13 0.046650354 
725 310 8 11 0.04647153 
559 327 8 10 0.046372723 
390 333 9 12 0.04608431 
545 318 7 10 0.045962058 
276 412 12 16 0.045766477 
737 293 9 12 0.04575874 
376 430 10 13 0.045727435 
444 506 12 16 0.04571226 
719 402 12 13 0.045638174 
262 380 9 12 0.045587912 
411 407 11 14 0.045418624 
701 551 10 12 0.045379315 
349 341 9 13 0.045297265 
311 408 9 12 0.04527628 
183 368 9 10 0.045092627 
558 398 9 11 0.045088205 
390 405 9 12 0.045059443 
276 397 11 13 0.044816647 
711 223 8 11 0.044792663 
417 264 9 10 0.044773888 
296 406 11 15 0.044722952 
645 419 11 12 0.0447082 
633 388 8 11 0.044674497 
870 395 10 12 0.044671353 
662 358 8 10 0.044601753 
758 222 8 11 0.044552352 
809 395 9 13 0.04451027 
543 326 9 10 0.044484258 
333 381 10 11 0.04443823 
236 389 12 14 0.044293627 
192 382 9 11 0.044086963 
726 427 10 13 0.04400284 
287 158 8 11 0.043995477 
779 406 11 13 0.043958884 
716 384 9 12 0.043813694 
577 390 9 11 0.043733537 
449 365 8 9 0.043606397 
288 199 7 9 0.043501582 
193 183 9 11 0.0434826 
157 236 9 12 0.043475106 
680 325 8 11 0.04345777 
311 368 8 9 0.043265227 
569 158 8 11 0.043186 
551 428 12 16 0.04315881 
192 413 10 13 0.043080635 
318 459 10 13 0.042958412 
575 318 7 10 0.042932212 
263 359 9 10 0.04290013 
464 420 11 13 0.04278996 
364 535 11 13 0.04274545 
861 382 11 13 0.042603094 
511 334 8 10 0.042549714 
382 470 10 13 0.042457085 
467 93 14 18 0.042424902 
529 279 10 12 0.042226594 
713 327 8 10 0.04207727 
558 404 10 13 0.042047344 
311 373 8 10 0.04204579 
625 310 9 11 0.04197581 
335 221 8 10 0.04185502 
378 357 8 12 0.041821912 
808 225 7 9 0.04182101 
304 190 9 11 0.04178606 
618 284 9 12 0.04176179 
784 389 8 11 0.04174584 
558 412 9 12 0.041729014 
703 294 8 11 0.041708574 
629 277 8 12 0.04170584 
350 449 14 19 0.041642744 
727 231 8 10 0.04158332 
834 302 9 11 0.041577343 
272 175 7 9 0.041547872 
621 435 11 15 0.041521333 
678 400 11 14 0.04145587 
486 328 8 11 0.041429956 
521 343 8 10 0.041381918 
319 381 11 13 0.041361533 
714 279 8 11 0.041317366 
833 309 8 11 0.04119782 
266 222 8 10 0.04105593 
319 482 12 15 0.041048888 
430 294 8 10 0.041017327 
644 443 10 13 0.041004874 
582 264 7 9 0.04090171 
417 254 8 10 0.04086551 
206 224 10 11 0.04086469 
478 419 11 14 0.04086425 
672 222 8 10 0.040837444 
303 221 8 10 0.04082334 
599 333 8 10 0.040718053 
182 356 9 11 0.040633857 
199 225 10 13 0.040627163 
150 364 9 10 0.040597588 
606 403 12 15 0.040538408 
305 184 8 10 0.0404715 
166 334 11 14 0.04044531 
728 239 9 11 0.040393785 
686 388 10 12 0.04032554 
104 316 9 12 0.04031408 
512 264 7 9 0.04029232 
446 412 10 14 0.04026082 
662 382 9 12 0.040234264 
134 187 10 13 0.040228453 
479 467 10 15 0.04020575 
640 366 8 10 0.04016623 
0 213 7 13 0.040127926 
807 390 8 11 0.040126946 
132 389 10 13 0.040066868 
432 342 8 11 0.040039815 
657 290 9 12 0.03996626 
464 428 11 13 0.039924636 
623 413 9 12 0.039870232 
832 204 8 11 0.03983651 
255 253 9 12 0.03983629 
86 381 11 14 0.03983466 
664 315 9 12 0.039772943 
480 327 8 10 0.039738048 
312 387 9 12 0.03973387 
462 443 12 14 0.039413743 
69 235 11 14 0.039410725 
703 413 9 13 0.039316848 
872 438 11 15 0.039315805 
207 235 9 11 0.03929521 
877 442 11 14 0.03928315 
496 388 8 12 0.03920986 
606 485 9 12 0.03919248 
343 371 10 12 0.039071333 
357 278 8 12 0.038959846 
592 318 7 10 0.03881099 
622 404 9 13 0.03877105 
513 397 9 12 0.03869355 
742 422 9 12 0.038592268 
620 151 8 11 0.038520336 
761 358 8 11 0.038489986 
679 485 8 11 0.03848316 
664 325 8 10 0.038452625 
625 317 8 10 0.03837198 
801 247 9 12 0.038282804 
617 293 10 12 0.038261823 
513 284 9 11 0.038170826 
119 285 8 10 0.038156994 
536 458 10 13 0.038145687 
278 342 11 14 0.038118932 
328 200 7 9 0.03809659 
642 404 9 12 0.038067434 
733 419 10 14 0.03806412 
707 388 9 12 0.03803587 
264 184 7 9 0.037929304 
693 429 11 15 0.037900664 
887 428 9 13 0.037883658 
657 357 7 9 0.03783017 
580 532 10 13 0.037746307 
241 237 7 10 0.03765393 
495 317 8 11 0.037651565 
478 301 9 12 0.037614565 
417 326 8 11 0.03760099 
684 405 12 15 0.037546463 
36 253 11 13 0.037498124 
325 237 9 11 0.037464626 
459 159 15 19 0.037458308 
437 62 14 19 0.037446238 
337 366 9 11 0.03744147 
117 435 10 13 0.03741414 
154 288 8 9 0.0372901 
791 225 8 9 0.037237752 
247 249 8 10 0.03718372 
718 278 8 11 0.037171055 
225 192 7 9 0.03713649 
465 405 9 11 0.037110228 
472 294 8 10 0.037095886 
679 319 8 11 0.03705496 
176 367 8 10 0.037032247 
321 231 8 9 0.037004545 
463 397 9 11 0.036987115 
440 285 10 12 0.036891222 
231 402 12 16 0.03688111 
359 357 8 11 0.036856167 
254 374 11 13 0.036805388 
742 412 9 13 0.03679465 
712 349 8 10 0.03678438 
367 295 8 10 0.03662921 
356 411 11 14 0.03660094 
328 215 8 11 0.036576767 
189 206 8 11 0.036576483 
327 206 8 10 0.03656847 
624 400 8 11 0.036535874 
95 380 10 13 0.03653401 
648 358 8 9 0.03648356 
192 360 8 10 0.036442075 
126 280 8 9 0.03642077 
729 345 8 10 0.03639987 
712 343 8 11 0.036369596 
217 358 9 10 0.036368057 
728 317 8 11 0.03633142 
160 403 10 15 0.036323115 
741 428 9 12 0.036314867 
728 422 10 13 0.036288783 
713 303 7 9 0.036270443 
583 294 9 11 0.03623033 
289 215 8 10 0.0360264 
388 161 12 17 0.03602404 
786 230 7 10 0.03602079 
654 486 9 12 0.035979666 
440 397 9 12 0.035864484 
732 360 9 13 0.03583895 
224 173 8 10 0.03577733 
781 383 9 12 0.035773557 
719 294 8 9 0.03576533 
507 413 11 15 0.035727225 
159 197 8 12 0.0356731 
752 308 9 11 0.03560943 
750 222 8 11 0.035587188 
447 396 9 12 0.035521924 
475 414 11 14 0.03550019 
326 461 10 13 0.035494167 
671 324 9 11 0.035481762 
641 222 8 11 0.035368618 
546 265 8 11 0.03534541 
752 302 9 12 0.035344508 
405 342 8 11 0.035341892 
475 443 12 16 0.03531119 
127 271 8 9 0.03528686 
135 429 11 14 0.035264354 
629 303 8 10 0.035234842 
271 366 11 13 0.035186213 
148 396 13 16 0.0351834 
404 438 12 13 0.035032347 
293 435 11 14 0.034936536 
687 327 8 10 0.034933057 
501 390 10 12 0.034848686 
304 455 10 13 0.03480709 
454 413 10 15 0.034778412 
696 358 8 10 0.03472766 
814 446 10 15 0.03471931 
703 541 9 12 0.034590848 
799 200 7 9 0.03458639 
448 381 10 13 0.034537163 
713 244 9 12 0.034518577 
575 405 12 13 0.0344639 
128 351 8 10 0.034346275 
344 347 8 12 0.03430218 
123 221 8 11 0.03429674 
798 423 13 15 0.034294553 
431 430 9 11 0.034213956 
806 252 8 11 0.03421272 
680 359 8 9 0.03419458 
102 374 10 13 0.034127425 
789 342 9 12 0.03412383 
427 165 15 20 0.03411493 
495 157 10 12 0.034113627 
670 337 9 11 0.03405166 
854 429 11 14 0.033956647 
312 438 12 15 0.0339321 
343 222 8 11 0.033827018 
589 295 9 11 0.033818472 
472 285 9 11 0.033805683 
304 252 9 11 0.03380555 
880 398 9 12 0.033803985 
256 248 8 11 0.03378851 
358 306 9 12 0.033788096 
381 427 10 13 0.033779066 
657 205 8 10 0.033766255 
791 389 9 11 0.03372443 
798 362 10 15 0.033644352 
145 380 10 14 0.033566687 
696 340 8 11 0.033481672 
820 420 11 14 0.033471003 
344 334 8 11 0.033388324 
120 281 7 9 0.033370186 
862 396 10 12 0.03336648 
327 388 9 11 0.03334304 
357 167 9 13 0.033332907 
385 389 8 10 0.033298116 
100 380 10 14 0.03324704 
82 181 8 12 0.033242755 
680 333 9 11 0.03322685 
568 382 9 12 0.03319435 
133 394 11 15 0.033158645 
630 272 8 10 0.033152565 
245 366 10 12 0.033137206 
145 454 8 11 0.033135146 
568 305 7 9 0.033133797 
703 327 8 10 0.03312651 
113 342 8 11 0.03309053 
136 436 10 13 0.03303866 
86 362 10 13 0.033015303 
390 348 9 13 0.032984108 
695 327 9 10 0.032972075 
403 443 14 16 0.032965884 
733 348 8 11 0.032965314 
503 436 11 14 0.032920793 
761 365 9 12 0.03291078 
233 366 8 11 0.032902196 
584 434 10 15 0.032876067 
306 157 9 11 0.03277679 
759 250 9 13 0.03275518 
695 406 9 13 0.03273836 
838 302 9 10 0.0326717 
734 239 9 11 0.0326589 
586 417 13 16 0.0326003 
186 260 8 11 0.032596026 
457 302 9 11 0.03257969 
656 279 18 24 0.032573935 
294 231 7 9 0.032530017 
278 368 11 13 0.032448597 
550 265 8 10 0.032414198 
233 207 8 10 0.032379407 
304 422 9 12 0.0323524 
536 399 9 12 0.0323384 
421 255 9 12 0.032287057 
151 263 7 10 0.032282297 
696 352 7 9 0.032275215 
162 364 8 11 0.032259773 
698 312 8 10 0.03220837 
79 363 10 11 0.032027904 
167 360 8 10 0.032016598 
647 319 9 11 0.031992156 
233 213 8 10 0.031962454 
703 399 8 10 0.03194668 
560 348 8 12 0.03188366 
368 367 9 10 0.03184019 
886 451 10 13 0.03183281 
535 284 9 11 0.03182509 
677 244 9 12 0.031820793 
703 486 10 13 0.03180516 
478 395 11 13 0.031745017 
374 286 9 11 0.031742174 
605 159 7 9 0.031740528 
656 391 10 11 0.031707134 
157 334 11 13 0.031688172 
256 357 8 10 0.03166724 
271 205 8 11 0.031658553 
552 342 9 11 0.03160218 
423 429 9 11 0.031500205 
232 225 8 11 0.031447846 
277 232 8 10 0.031374734 
711 551 8 11 0.031367756 
462 324 9 11 0.03133439 
777 134 8 10 0.031286944 
351 229 8 10 0.031262204 
37 260 11 15 0.031205552 
545 156 10 12 0.031204851 
623 263 9 11 0.031200664 
310 190 7 10 0.03117733 
101 387 10 13 0.031107374 
509 434 12 15 0.031099029 
541 398 9 11 0.031093266 
356 207 11 13 0.031043788 
729 388 9 12 0.031040298 
225 248 8 10 0.031021357 
624 270 7 10 0.030984472 
574 311 9 11 0.030940555 
400 173 11 14 0.030848125 
376 381 10 12 0.03082494 
797 133 8 12 0.030795712 
488 157 10 12 0.030794082 
792 299 8 11 0.030785961 
519 451 11 15 0.030777909 
270 438 10 13 0.030681893 
577 342 10 11 0.030659733 
826 222 7 9 0.030632246 
317 468 13 16 0.030601542 
848 302 9 11 0.030589826 
421 261 10 12 0.030564547 
198 413 10 14 0.03050206 
251 379 12 14 0.03050178 
718 333 8 10 0.030493936 
519 334 9 11 0.030488351 
438 430 9 11 0.030487401 
591 336 8 11 0.030467499 
57 235 10 13 0.030444624 
647 222 8 11 0.030413292 
512 381 9 12 0.030405823 
592 396 8 11 0.030324748 
839 308 8 11 0.03030652 
613 404 11 14 0.030295992 
262 396 10 14 0.030289076 
240 184 7 9 0.030288193 
519 349 9 10 0.0302406 
798 316 9 11 0.03022654 
449 341 10 12 0.030212604 
501 408 12 15 0.030206198 
149 376 11 13 0.030204123 
598 294 10 13 0.030169778 
350 318 10 13 0.030163568 
541 476 10 13 0.030116336 
318 337 18 23 0.0301158 
559 368 8 10 0.03006969 
528 344 7 10 0.030053888 
375 350 9 11 0.030049775 
161 375 9 12 0.03004091 
687 200 7 9 0.030022424 
422 310 10 12 0.02997076 
164 428 11 14 0.029965876 
241 231 8 11 0.029953226 
694 382 9 12 0.029949972 
751 397 8 11 0.029924221 
365 301 9 12 0.029920874 
152 231 10 13 0.02991398 
217 367 8 10 0.02991131 
641 398 9 12 0.029871894 
578 264 8 9 0.029860904 
383 363 10 13 0.029853676 
430 396 10 12 0.029847357 
449 335 8 11 0.029843407 
326 473 13 18 0.02983027 
667 284 9 14 0.029825626 
510 300 9 11 0.029793637 
664 336 8 11 0.029781092 
158 339 11 14 0.029768977 
96 375 10 12 0.029758846 
366 374 9 10 0.02973488 
722 365 9 12 0.029732773 
703 360 7 9 0.029730186 
601 351 8 10 0.029702673 
509 343 9 11 0.029691068 
499 302 8 11 0.029678034 
550 318 8 10 0.029673928 
197 177 9 10 0.029665938 
497 295 7 10 0.029645301 
0 235 8 14 0.029555287 
646 240 9 11 0.029515835 
367 286 9 10 0.02950175 
584 301 8 10 0.029478531 
617 265 7 9 0.02941854 
506 372 8 11 0.02940131 
558 287 8 10 0.029391224 
663 414 8 11 0.029380584 
472 359 9 11 0.029370137 
785 397 9 11 0.0292697 
106 279 7 10 0.029256284 
850 390 9 12 0.029240075 
537 334 8 11 0.029166743 
79 221 9 11 0.029153341 
709 485 10 14 0.02913788 
670 310 8 11 0.02912815 
351 374 8 10 0.029121926 
487 373 11 14 0.029114323 
183 189 9 11 0.02906268 
413 396 9 13 0.029048597 
457 196 9 12 0.029024431 
750 291 8 11 0.029016549 
545 206 7 10 0.02901202 
242 253 9 12 0.028979829 
168 303 7 10 0.028933875 
111 284 8 11 0.02891744 
504 298 7 9 0.028894786 
397 374 10 12 0.028883496 
485 398 9 11 0.028882818 
531 365 10 14 0.028879482 
740 406 10 13 0.02887558 
791 287 18 25 0.02886479 
214 184 7 10 0.028860874 
278 214 9 10 0.02883483 
263 237 8 10 0.02882971 
693 560 13 16 0.02881727 
381 449 11 15 0.028802173 
400 333 7 11 0.028791504 
222 378 11 14 0.028764477 
191 223 8 12 0.028763141 
884 396 10 13 0.028740311 
631 492 10 12 0.028735435 
655 342 8 11 0.02870168 
294 100 10 13 0.02867204 
276 390 12 13 0.028658953 
462 340 10 13 0.028648065 
86 221 7 11 0.02862809 
582 451 12 16 0.028617308 
495 310 8 10 0.028597387 
190 262 8 10 0.028586494 
785 550 8 12 0.028566863 
158 289 7 9 0.028561054 
494 462 13 16 0.028558925 
639 414 12 14 0.028536709 
296 238 8 10 0.028529141 
759 215 9 11 0.028491851 
256 198 7 8 0.028474277 
165 421 12 16 0.028465668 
196 381 10 11 0.028449807 
401 357 9 12 0.028443053 
281 205 8 10 0.02843623 
382 203 10 14 0.028273325 
384 474 11 14 0.028225753 
20 367 13 16 0.028222982 
279 262 8 10 0.028219199 
142 396 13 17 0.028207004 
312 231 8 9 0.028187422 
720 349 8 10 0.028129168 
97 288 8 10 0.02810413 
215 214 10 11 0.02806321 
559 343 8 11 0.028050415 
688 360 7 9 0.028024945 
401 397 10 12 0.027979597 
625 325 8 11 0.027955914 
117 324 10 13 0.027925842 
705 223 8 11 0.027912097 
719 344 8 11 0.027909283 
366 255 9 11 0.027904337 
302 215 9 11 0.02790298 
257 366 9 11 0.027827982 
520 404 9 11 0.027817588 
629 283 8 13 0.02780151 
744 299 9 12 0.02775012 
513 390 10 12 0.027718922 
310 182 8 11 0.027715659 
302 196 9 12 0.02771386 
569 358 8 11 0.027702361 
560 334 7 10 0.027688814 
719 317 8 10 0.0276708 
437 542 10 14 0.027633488 
311 173 9 12 0.027633442 
320 365 8 10 0.027570559 
527 360 10 15 0.027553003 
241 247 8 9 0.02749548 
240 223 8 10 0.027476868 
0 363 10 16 0.027472297 
223 213 8 10 0.027467787 
248 343 8 11 0.027450668 
813 404 9 13 0.027419835 
421 459 12 16 0.027411547 
101 412 11 13 0.027386172 
575 301 8 10 0.027372928 
127 213 8 11 0.027369823 
692 467 11 15 0.027355686 
616 341 8 11 0.027273446 
240 359 9 11 0.027257757 
816 412 8 11 0.027234443 
573 158 9 10 0.027224468 
104 324 9 11 0.027210077 
688 333 9 12 0.027182197 
542 334 9 11 0.027177166 
295 465 12 15 0.027169371 
631 414 9 12 0.027159216 
321 205 9 11 0.027159063 
207 412 10 13 0.02713601 
382 492 10 14 0.027115166 
750 272 9 11 0.02710562 
224 168 7 10 0.027099798 
212 205 10 12 0.027092263 
271 348 11 13 0.027079275 
567 388 9 10 0.027066648 
213 189 8 11 0.027057312 
178 199 10 13 0.027039116 
818 207 7 10 0.027005652 
760 229 8 10 0.026935814 
301 399 11 13 0.026921464 
239 349 10 11 0.026908368 
710 415 13 16 0.026871774 
350 359 9 11 0.02680719 
319 405 10 13 0.02678894 
145 263 7 10 0.026779389 
794 200 8 10 0.026770039 
413 391 9 11 0.02670694 
485 348 9 12 0.026695507 
343 407 10 12 0.02666715 
-1 370 10 19 0.026661316 
263 468 11 16 0.026636666 
165 410 12 16 0.02661626 
502 453 13 15 0.026606843 
758 406 11 14 0.026567599 
665 468 9 13 0.026545107 
421 467 12 15 0.026529316 
176 287 6 9 0.026524445 
724 562 13 17 0.026483642 
726 398 9 12 0.026477583 
286 453 10 14 0.026452804 
793 205 8 10 0.026444694 
207 256 8 9 0.026442079 
656 326 8 10 0.026395515 
247 182 7 9 0.026365558 
768 239 8 10 0.02636152 
693 435 12 16 0.026354935 
657 452 10 13 0.026354693 
338 332 8 12 0.026331063 
192 237 7 10 0.026312975 
286 462 11 15 0.026305623 
479 167 9 13 0.026303777 
89 340 10 12 0.026288833 
738 222 8 11 0.02623115 
645 366 9 10 0.026227532 
304 357 10 13 0.026225083 
113 436 9 12 0.026219914 
166 397 12 14 0.026131699 
374 294 8 11 0.026086524 
671 358 9 10 0.026065236 
730 413 9 12 0.026057864 
717 327 9 10 0.02605101 
72 220 8 11 0.02603026 
540 389 9 11 0.026024608 
329 428 10 14 0.025988866 
758 399 10 11 0.025965158 
489 310 8 11 0.025900913 
600 485 9 11 0.025892891 
319 388 9 12 0.025872016 
225 197 8 10 0.025869986 
693 421 10 13 0.025841203 
701 333 9 11 0.025836317 
135 372 10 13 0.025822133 
308 409 18 24 0.02581154 
839 414 10 13 0.025791107 
671 293 8 11 0.025789727 
361 254 8 11 0.025722291 
641 352 7 9 0.025719926 
706 365 8 11 0.02569929 
657 281 11 14 0.025671791 
240 344 9 10 0.025671678 
414 246 8 12 0.025663074 
421 421 11 14 0.025662884 
382 398 9 12 0.025643818 
448 165 10 15 0.025642231 
497 342 9 12 0.025630306 
801 212 9 10 0.025582954 
476 277 9 11 0.025579792 
102 428 9 12 0.025559904 
679 222 7 10 0.025558604 
671 318 8 11 0.025548816 
793 318 8 10 0.02551533 
585 173 8 12 0.025466459 
388 420 12 15 0.02546368 
551 303 8 9 0.025452157 
535 158 9 11 0.02542944 
501 158 8 11 0.025424447 
734 319 7 10 0.02541622 
143 247 8 10 0.025395965 
480 427 18 22 0.025378255 
782 418 9 12 0.025375916 
14 309 10 12 0.02536534 
261 253 8 12 0.025357744 
478 197 9 11 0.02533996 
287 381 9 12 0.025337508 
647 324 9 11 0.025327118 
719 271 8 10 0.025311546 
856 349 9 13 0.025272276 
567 374 9 13 0.025270171 
457 324 8 11 0.025241088 
132 410 12 14 0.025206316 
264 247 8 11 0.02519385 
575 411 11 14 0.025190573 
174 333 10 14 0.025160484 
886 420 8 13 0.0251599 
9 88 7 10 0.025131283 
280 177 7 10 0.025101336 
616 381 8 11 0.02509863 
518 172 10 12 0.025054723 
712 311 8 10 0.025048073 
688 539 11 13 0.025041882 
193 372 9 11 0.025014166 
408 374 9 11 0.024973972 
334 215 8 11 0.024932995 
712 292 8 11 0.024917454 
737 301 8 10 0.024914246 
694 219 8 10 0.024894318 
210 293 8 11 0.024893994 
472 317 9 12 0.024853043 
534 350 9 12 0.024809433 
104 286 8 10 0.024776917 
556 434 10 14 0.024761314 
232 174 7 9 0.02475667 
114 334 10 13 0.024754161 
241 197 7 9 0.024707101 
143 226 9 13 0.024698552 
201 206 8 10 0.024697838 
857 357 9 12 0.0246836 
541 87 10 12 0.024666047 
152 245 9 12 0.024665808 
320 199 9 11 0.024639465 
617 176 7 10 0.024552153 
721 359 9 12 0.024536397 
828 406 12 14 0.024530511 
136 286 8 9 0.024528705 
541 458 10 14 0.02452359 
471 310 9 12 0.024485234 
352 308 9 11 0.024444854 
780 431 10 12 0.02440249 
848 396 10 13 0.024344264 
742 396 9 11 0.02433103 
327 420 9 12 0.024307013 
466 77 13 15 0.024303006 
527 405 9 10 0.024297237 
552 398 10 13 0.024281412 
182 331 9 12 0.024263574 
671 479 9 12 0.024253117 
664 351 8 10 0.024189375 
144 255 7 9 0.024185736 
608 311 8 10 0.024183528 
483 476 12 16 0.02416327 
535 342 8 11 0.024133425 
592 374 8 11 0.024119874 
744 358 9 13 0.024107695 
718 286 8 11 0.024106441 
225 253 8 10 0.02410152 
561 309 8 10 0.02408189 
438 366 9 12 0.024049489 
729 293 8 11 0.024049053 
312 223 7 9 0.02403822 
327 452 10 15 0.02401066 
569 317 7 10 0.02398633 
847 340 10 13 0.02397657 
584 405 10 13 0.023918869 
561 304 7 9 0.02391643 
278 255 8 11 0.023916319 
558 294 7 10 0.02389995 
624 351 8 11 0.023896145 
311 358 9 12 0.023893371 
661 492 10 13 0.023857338 
783 472 18 26 0.023805933 
528 348 9 11 0.023802139 
407 318 9 11 0.023790833 
152 254 8 10 0.023769127 
572 425 13 17 0.023744466 
375 308 8 12 0.023721581 
435 164 11 16 0.0237164 
560 184 7 10 0.023708398 
96 293 9 10 0.023685783 
567 349 9 12 0.023672298 
488 206 8 10 0.023665626 
324 482 12 16 0.023661627 
318 375 10 11 0.023649294 
584 310 7 10 0.023628341 
223 207 8 11 0.023619628 
535 310 8 10 0.023601085 
746 277 9 12 0.02358237 
389 367 10 12 0.023562096 
374 302 9 12 0.023559913 
304 366 10 12 0.023551673 
743 226 10 12 0.023527224 
519 302 8 10 0.023515228 
694 366 7 10 0.023511762 
448 293 9 11 0.023498261 
503 318 8 11 0.02347002 
613 390 9 11 0.023448138 
862 437 10 14 0.023446864 
790 397 10 12 0.023441039 
111 317 9 12 0.02341741 
399 318 8 12 0.0234162 
841 188 8 10 0.02341561 
790 348 9 13 0.023388242 
191 247 8 9 0.023373073 
406 357 9 12 0.023370575 
398 326 8 11 0.023357617 
544 340 9 12 0.023356872 
600 365 10 13 0.02334958 
462 348 10 13 0.02333787 
86 436 12 16 0.023332823 
430 421 9 12 0.023330854 
438 189 10 12 0.023322316 
509 372 10 12 0.023315553 
846 445 11 14 0.023315491 
679 341 8 11 0.023298966 
886 435 11 15 0.023257291 
814 436 11 13 0.023249982 
241 176 7 9 0.023243653 
717 485 11 13 0.023220897 
431 391 9 11 0.02320034 
735 427 10 13 0.023198426 
196 224 18 23 0.023197241 
527 173 9 12 0.02313116 
127 420 10 14 0.023122692 
360 285 8 10 0.023102751 
712 217 8 9 0.023094233 
451 384 17 23 0.023091214 
487 380 12 15 0.023091082 
122 214 9 11 0.023075236 
672 484 9 12 0.023063684 
535 474 11 15 0.023062432 
570 366 9 10 0.023059146 
119 430 10 14 0.023037758 
376 365 8 11 0.023028528 
760 208 8 10 0.02302026 
656 244 8 11 0.023018746 
87 254 9 12 0.02300802 
375 389 9 12 0.02300727 
625 390 8 11 0.02299159 
784 340 11 15 0.02298105 
553 184 7 10 0.022969775 
774 216 10 12 0.022964545 
288 191 8 10 0.022943728 
103 302 9 12 0.022941696 
599 396 9 12 0.022935664 
517 269 8 11 0.022924121 
408 326 8 10 0.022905214 
672 404 10 12 0.02289854 
537 294 8 10 0.022872915 
197 390 11 13 0.022852862 
592 325 9 11 0.022840587 
736 396 9 12 0.02282722 
177 246 8 10 0.022822851 
785 302 8 11 0.022808762 
632 358 8 11 0.022805318 
312 238 18 23 0.022798482 
657 540 10 13 0.022777902 
55 252 9 12 0.022765435 
534 357 9 12 0.022731131 
760 351 8 11 0.022717478 
574 383 8 11 0.022713287 
183 380 9 11 0.022692999 
254 223 8 10 0.022690639 
436 302 9 12 0.022680739 
263 351 10 12 0.022675863 
726 305 8 9 0.022647943 
759 238 9 11 0.022642117 
415 281 11 14 0.022638684 
287 405 10 15 0.022637028 
568 334 7 10 0.022628445 
599 373 10 13 0.022627031 
688 461 12 16 0.022622883 
637 430 20 25 0.022620406 
336 389 9 11 0.022611445 
95 302 9 11 0.02260395 
385 382 9 11 0.022600869 
404 475 13 17 0.02259447 
279 245 8 10 0.022523189 
100 336 11 12 0.022517228 
805 207 7 10 0.02249439 
845 366 10 12 0.02249205 
845 280 10 13 0.02248513 
183 212 9 11 0.022468299 
729 485 8 11 0.022462707 
415 458 13 16 0.022454929 
629 326 9 11 0.022450177 
665 243 10 13 0.022429904 
759 373 9 13 0.022421809 
66 397 9 12 0.02241592 
343 383 10 13 0.022403583 
747 325 9 11 0.022389608 
679 379 12 14 0.022389466 
656 491 9 13 0.022349533 
351 271 10 14 0.022348387 
257 183 7 9 0.022338537 
206 391 10 12 0.022312565 
32 340 9 12 0.022298053 
217 176 7 9 0.022293532 
694 536 8 11 0.022286788 
615 428 12 16 0.022280121 
206 264 8 9 0.022253253 
488 164 9 12 0.022213437 
288 153 8 10 0.022203848 
817 215 7 9 0.022198051 
585 166 9 12 0.022179108 
156 387 11 14 0.022177374 
660 444 11 14 0.02217583 
383 212 9 11 0.022161039 
502 108 11 14 0.02214624 
784 347 10 15 0.022126708 
592 484 8 12 0.022119934 
405 366 8 10 0.022086816 
95 403 11 15 0.02207294 
230 246 8 10 0.02205843 
824 412 11 13 0.022056015 
517 287 8 11 0.022054175 
218 334 9 12 0.022052987 
680 206 8 9 0.022052787 
333 463 10 13 0.022049222 
769 206 9 10 0.02202945 
662 487 10 13 0.022025507 
311 428 11 13 0.0220239 
374 278 10 12 0.022019753 
630 317 8 10 0.022019245 
153 293 8 10 0.021974232 
870 382 10 13 0.021951174 
577 349 9 11 0.021947654 
8 142 9 12 0.021936385 
607 285 9 11 0.021934567 
551 333 9 12 0.021923104 
125 343 9 11 0.021922639 
774 493 9 12 0.02189891 
540 383 9 12 0.021895994 
69 180 10 12 0.02188104 
399 310 9 11 0.02187237 
311 251 10 12 0.021856252 
783 470 12 16 0.021840742 
285 421 11 14 0.021839526 
352 296 9 11 0.021817297 
697 400 9 11 0.021808619 
616 335 8 10 0.021804024 
640 252 9 12 0.021789066 
504 396 10 13 0.02178418 
177 237 8 11 0.021769531 
638 550 10 13 0.021756586 
94 270 9 11 0.021738218 
421 325 9 13 0.021730607 
588 159 9 10 0.021726439 
487 357 11 13 0.021723967 
223 366 8 11 0.02172138 
351 222 8 11 0.021720083 
397 449 12 15 0.021707896 
439 278 10 12 0.021697981 
703 341 8 11 0.021692107 
254 343 9 11 0.021676896 
473 349 8 11 0.021667318 
728 370 9 11 0.021653704 
184 414 10 13 0.021640044 
688 341 8 11 0.021619666 
495 333 9 12 0.021614343 
91 436 11 14 0.021596754 
654 222 8 9 0.021554558 
745 309 9 11 0.021549713 
846 412 10 13 0.021542149 
534 173 9 11 0.02150532 
423 382 8 10 0.021503849 
284 182 8 11 0.021494256 
654 412 9 12 0.02147318 
486 287 9 11 0.021453861 
231 372 10 12 0.021446103 
277 453 11 15 0.02144478 
448 318 9 11 0.021438759 
379 437 11 16 0.02142826 
672 230 8 9 0.021416245 
512 318 9 11 0.021412568 
366 231 8 10 0.02140599 
724 358 18 24 0.021404574 
801 333 8 10 0.021394499 
645 558 13 16 0.021389423 
292 346 9 13 0.021369843 
848 436 10 14 0.021357348 
286 372 9 12 0.021346847 
794 384 8 10 0.021343593 
495 109 11 14 0.021340478 
713 333 9 11 0.021336138 
160 411 10 14 0.021334998 
606 358 8 10 0.021334112 
88 229 8 11 0.021319332 
273 418 10 13 0.021313714 
511 310 8 10 0.021304341 
386 325 9 14 0.021288961 
499 459 14 17 0.021274008 
198 188 9 11 0.021260276 
310 262 9 13 0.021257792 
257 93 11 14 0.021244569 
550 459 11 14 0.021232974 
751 366 9 11 0.021229979 
446 286 10 11 0.021228924 
304 262 10 12 0.02121062 
519 358 19 26 0.021197487 
273 378 11 13 0.021181915 
13 228 9 12 0.021149818 
805 351 9 11 0.021127429 
681 200 8 10 0.021084739 
315 275 13 15 0.021079237 
753 373 9 13 0.021057429 
502 354 19 25 0.02104753 
591 312 7 9 0.021041663 
272 246 7 10 0.021040952 
717 222 8 11 0.021020629 
879 556 9 11 0.021001915 
409 247 9 11 0.020989759 
562 175 7 9 0.020982882 
329 375 9 11 0.020962419 
273 182 8 9 0.02094746 
701 251 9 12 0.020947037 
366 381 9 11 0.020870792 
303 350 11 14 0.020851946 
856 200 10 12 0.02083907 
130 189 9 12 0.020830363 
295 205 8 11 0.020818813 
752 380 9 12 0.02081404 
789 550 9 11 0.020800928 
264 462 10 14 0.02077318 
486 461 12 16 0.020763438 
277 222 9 11 0.020736529 
312 435 236 244 0.02071469 
70 388 10 13 0.02068955 
536 318 8 9 0.020680455 
792 324 9 12 0.02067391 
743 238 9 11 0.020667668 
328 365 8 11 0.020655489 
495 326 9 11 0.020650811 
325 507 14 17 0.020634701 
63 358 10 12 0.020629967 
345 228 8 11 0.020627312 
846 184 8 10 0.020623919 
511 404 10 12 0.020621292 
767 398 9 12 0.020615341 
135 237 8 10 0.020583779 
359 375 9 11 0.020575993 
538 327 8 10 0.020561622 
802 428 12 16 0.020551406 
303 387 10 13 0.020527506 
317 349 18 24 0.02052117 
79 397 11 15 0.020517474 
350 333 11 15 0.020492885 
407 252 9 11 0.020475224 
567 341 8 12 0.020441009 
199 165 9 11 0.020433847 
607 519 11 12 0.020427821 
412 267 18 24 0.020409364 
17 126 8 11 0.020398911 
630 405 10 12 0.020397544 
872 550 8 11 0.020318741 
814 224 7 9 0.02031424 
396 479 13 17 0.02030073 
367 343 9 11 0.020298643 
609 344 7 10 0.020285893 
521 420 10 13 0.020284561 
640 359 7 9 0.020279216 
495 357 9 13 0.020265598 
631 342 8 10 0.020264385 
463 263 9 11 0.02025097 
743 364 9 13 0.020243058 
711 556 9 11 0.020238146 
776 387 10 13 0.020232126 
599 327 9 11 0.020222919 
343 444 12 17 0.0202004 
688 352 8 9 0.0201642 
103 420 10 13 0.020153191 
719 241 9 11 0.020139974 
624 341 8 11 0.020136446 
297 245 9 11 0.020129526 
478 286 8 10 0.020108404 
751 240 10 13 0.0200886 
488 404 9 12 0.0200757 
487 294 9 10 0.020067018 
678 302 9 11 0.020051131 
767 287 10 13 0.020024162 
350 348 9 13 0.020015722 
247 358 8 10 0.020002663 
