0_Parade_Parade_0_125
298
518 337 29 38 0.994358 
1004 341 21 32 0.9564719 
475 272 20 27 0.87429225 
12 474 17 23 0.8457568 
582 274 22 28 0.7822796 
12 412 13 16 0.731647 
257 473 16 19 0.41122094 
462 537 15 18 0.26910096 
96 461 10 13 0.2590107 
312 471 9 12 0.19841826 
571 239 11 14 0.15435123 
54 431 10 12 0.13946405 
896 424 9 11 0.13512138 
41 428 10 13 0.13235047 
256 446 8 11 0.12145689 
32 642 12 17 0.11672087 
136 460 12 14 0.11238773 
61 449 15 18 0.10493512 
0 490 9 16 0.10269661 
47 429 12 14 0.10124676 
296 463 7 11 0.0995599 
380 501 11 14 0.08941068 
584 255 28 37 0.08277841 
886 424 9 11 0.08122755 
765 479 9 11 0.08007043 
944 395 9 12 0.07628122 
782 477 8 11 0.07618683 
77 470 9 12 0.072855696 
845 464 8 10 0.072378226 
701 242 14 18 0.071869396 
424 252 11 15 0.07139988 
799 437 8 10 0.07034856 
849 433 7 10 0.068201065 
792 438 8 10 0.06668124 
302 398 9 13 0.065214925 
379 288 12 17 0.064445145 
585 332 26 30 0.06413465 
55 442 24 30 0.06204804 
854 437 8 10 0.060558684 
801 433 8 10 0.05977647 
111 452 8 11 0.059635695 
500 293 13 19 0.05890785 
245 466 12 15 0.057600424 
38 458 10 14 0.056660682 
986 493 36 62 0.055545013 
372 455 9 12 0.05537407 
776 495 10 13 0.05434293 
7 479 14 20 0.05348532 
46 440 15 19 0.053344373 
87 432 8 10 0.05293693 
901 429 9 10 0.051096432 
72 470 9 12 0.050168492 
221 468 10 12 0.049392164 
216 465 9 12 0.04888491 
688 447 8 11 0.04810053 
905 404 10 13 0.047737975 
572 271 22 27 0.04696876 
102 455 9 11 0.045943473 
784 438 8 11 0.045379404 
201 468 10 12 0.04534487 
842 469 9 14 0.045068122 
950 398 8 11 0.04493858 
687 453 8 9 0.044693407 
774 500 9 11 0.04413899 
581 533 9 12 0.043524776 
872 438 7 10 0.043315623 
374 495 14 18 0.042944435 
653 519 13 15 0.04265676 
205 467 11 13 0.04238621 
934 441 8 9 0.04160614 
476 261 14 18 0.041287046 
678 483 11 12 0.04096749 
39 527 9 11 0.04083238 
141 458 9 12 0.040723223 
373 284 14 20 0.040652037 
40 478 9 12 0.040318627 
949 446 9 12 0.040162627 
89 460 9 13 0.040029638 
45 478 9 12 0.040007234 
81 430 7 11 0.039954428 
608 529 8 10 0.039853178 
775 438 8 12 0.03936097 
17 468 14 19 0.03929392 
769 500 8 11 0.03918975 
469 278 19 25 0.039171025 
863 397 8 11 0.0387614 
652 438 10 11 0.038694486 
407 503 13 17 0.03828528 
781 472 8 11 0.038158763 
970 444 10 15 0.03812782 
267 469 13 17 0.037999522 
729 409 8 9 0.037376292 
22 517 10 13 0.03699386 
108 474 13 17 0.03693187 
882 430 9 11 0.036535215 
782 486 10 12 0.036375728 
315 474 11 13 0.03612703 
94 437 9 11 0.036022723 
773 444 9 11 0.035999913 
118 465 10 11 0.035892654 
588 251 16 21 0.03559796 
239 468 10 13 0.03548608 
88 496 8 10 0.035237156 
324 513 22 35 0.03519517 
799 468 9 11 0.035029247 
327 515 12 21 0.034863185 
911 445 9 11 0.03438782 
712 366 8 12 0.034029428 
936 445 8 10 0.033901446 
142 477 12 13 0.03369423 
712 456 7 9 0.033534043 
454 526 23 32 0.033514876 
292 268 403 456 0.032757994 
20 462 14 17 0.032693762 
572 268 12 17 0.03248677 
383 212 13 16 0.032284737 
582 252 44 61 0.03212079 
81 397 8 11 0.032112308 
896 385 8 12 0.032083783 
89 414 8 11 0.031900927 
863 491 9 11 0.03188941 
909 399 8 11 0.031792335 
830 464 8 10 0.03164796 
0 463 36 47 0.031593096 
103 484 10 14 0.031593036 
589 265 17 21 0.03156095 
88 436 9 11 0.031001646 
254 461 12 15 0.030979548 
23 398 9 10 0.030607635 
488 557 12 15 0.030413372 
93 432 9 10 0.030402314 
80 424 8 10 0.030299092 
77 476 10 11 0.03023412 
260 460 13 14 0.030221153 
1 598 8 11 0.030156223 
46 434 25 30 0.030119771 
857 454 8 11 0.029998463 
816 447 8 11 0.029955773 
67 458 11 14 0.029944189 
297 397 10 12 0.029859364 
311 516 22 31 0.029741919 
594 242 17 19 0.02970823 
565 260 12 17 0.029706376 
161 494 8 11 0.029630166 
271 461 10 13 0.029587485 
878 493 8 12 0.029461626 
831 454 8 10 0.029230367 
413 553 11 15 0.02919839 
299 487 13 15 0.029048251 
765 472 9 11 0.028959928 
565 249 12 17 0.028939944 
102 408 8 10 0.028856952 
446 500 26 33 0.02883877 
64 478 8 11 0.02875458 
611 298 17 23 0.028747117 
318 445 12 15 0.028623866 
881 423 8 11 0.02858217 
255 470 27 29 0.02845199 
399 573 12 13 0.028154084 
10 407 11 14 0.028109413 
566 237 19 24 0.02793778 
637 206 10 11 0.02788372 
686 516 10 13 0.027872343 
391 298 26 32 0.027707716 
129 462 10 11 0.027562927 
938 397 8 11 0.027296998 
889 368 8 10 0.027247628 
427 539 11 16 0.027202612 
86 390 9 12 0.027024768 
81 462 8 11 0.026888028 
889 468 10 13 0.02669699 
881 454 9 12 0.02668695 
324 444 12 15 0.026597643 
749 483 10 13 0.02644794 
823 454 9 10 0.026199665 
306 469 9 11 0.026137194 
840 496 7 9 0.026085654 
40 388 9 12 0.026077107 
928 423 8 11 0.025816338 
271 514 15 17 0.025807537 
91 451 20 25 0.025794555 
69 437 10 12 0.025653902 
569 281 22 29 0.025452916 
902 440 10 12 0.025321554 
87 423 8 10 0.025151305 
695 455 8 9 0.025144927 
237 446 9 10 0.025114117 
47 389 8 11 0.025037227 
476 346 19 22 0.024998298 
823 430 10 12 0.02496887 
453 507 15 20 0.024919176 
949 440 9 12 0.024817513 
646 459 11 15 0.024797495 
5 518 10 13 0.024546754 
117 481 12 16 0.024409804 
71 431 10 12 0.02439368 
829 437 9 11 0.024351751 
920 460 9 11 0.024256464 
930 439 8 10 0.024242219 
193 470 8 10 0.024226056 
872 432 8 10 0.024053928 
72 475 10 12 0.024040338 
223 454 10 12 0.023992734 
71 493 11 12 0.023902975 
768 436 11 13 0.023825366 
149 464 10 12 0.023824861 
358 499 48 66 0.023795126 
214 424 9 11 0.023753552 
761 482 10 14 0.023733614 
649 526 11 12 0.023733338 
255 451 11 13 0.02362702 
958 468 10 12 0.02354935 
301 463 9 11 0.023509068 
138 447 7 8 0.023503454 
921 423 7 10 0.023336804 
259 446 11 13 0.023309937 
606 229 10 12 0.02323394 
95 414 8 11 0.02322036 
103 438 8 11 0.023185145 
864 437 9 11 0.023153657 
878 437 8 11 0.023115188 
495 495 12 16 0.02310226 
389 281 15 20 0.023070615 
59 430 11 13 0.022996325 
63 466 11 14 0.022974063 
128 456 10 11 0.022948433 
1006 317 11 14 0.022877917 
96 424 8 9 0.02281923 
12 462 17 20 0.022812529 
665 166 11 14 0.02279494 
47 383 8 12 0.02277993 
38 483 10 12 0.022772755 
133 484 12 13 0.02271128 
250 475 12 15 0.022692045 
70 502 10 11 0.022659762 
231 477 9 12 0.022651047 
903 459 9 12 0.022632765 
744 471 10 11 0.022617148 
591 271 27 33 0.022491056 
340 503 11 13 0.022488417 
840 455 8 10 0.022465186 
704 490 10 13 0.02246389 
276 462 10 13 0.022445656 
846 456 9 11 0.022368748 
143 446 8 10 0.022336341 
541 531 11 18 0.022295669 
271 396 10 13 0.022279613 
64 397 9 11 0.022153284 
651 461 12 14 0.022148034 
81 390 8 11 0.022135712 
895 414 9 12 0.022074036 
636 260 10 13 0.021964341 
669 446 9 11 0.021921596 
593 258 18 21 0.021874905 
765 426 12 16 0.021865759 
631 260 10 14 0.021851024 
635 542 12 14 0.021849532 
165 494 9 11 0.021760507 
439 416 8 10 0.02174264 
309 403 9 13 0.021731911 
606 532 9 11 0.021697663 
852 518 11 12 0.021639446 
696 462 8 9 0.021615434 
833 509 7 10 0.021612044 
78 494 10 11 0.021530949 
769 445 9 11 0.021519369 
901 390 9 12 0.02138355 
0 523 9 13 0.021354344 
960 413 8 11 0.021343678 
562 292 18 20 0.021294395 
504 351 25 32 0.021287907 
229 468 11 14 0.021269605 
671 493 10 14 0.021228062 
856 415 8 11 0.021095078 
969 450 10 15 0.021052709 
247 454 10 13 0.021034265 
355 603 17 18 0.020992052 
206 455 8 10 0.020974537 
29 484 10 13 0.020936456 
22 523 10 13 0.02092424 
224 487 8 10 0.020908747 
80 503 9 10 0.020879313 
608 542 8 10 0.020733485 
128 491 11 13 0.020682128 
295 457 9 13 0.020631887 
728 455 9 10 0.020583788 
778 476 8 11 0.020579532 
490 273 14 21 0.020551588 
53 504 11 14 0.020542212 
111 438 8 10 0.020541167 
94 447 10 12 0.020530999 
231 485 9 10 0.020527596 
749 470 9 12 0.020491276 
339 272 54 68 0.020424476 
366 496 26 32 0.020350307 
93 494 9 12 0.020340085 
243 398 14 19 0.020149091 
666 551 15 17 0.02003838 
