0_Parade_marchingband_1_488
201
41 267 19 27 0.92638457 
444 268 21 29 0.89497197 
323 315 12 17 0.87178695 
271 332 13 16 0.75347304 
605 321 16 22 0.6258511 
84 112 15 20 0.43281165 
896 392 8 10 0.30233377 
646 349 10 13 0.21657518 
685 332 10 13 0.20556952 
760 371 11 14 0.18501829 
698 382 14 18 0.17858462 
853 358 10 13 0.169432 
859 212 13 15 0.1556028 
58 116 16 19 0.1477198 
765 371 10 13 0.1443179 
677 12 65 85 0.1198318 
679 327 10 14 0.110777885 
215 125 10 12 0.10978431 
82 268 18 23 0.109402746 
911 384 8 11 0.10930505 
742 324 10 13 0.10087723 
328 314 15 20 0.096936904 
948 405 10 12 0.096403606 
404 296 13 16 0.09527418 
937 376 8 11 0.0914316 
764 378 11 15 0.090509705 
941 380 11 14 0.09024543 
637 14 57 68 0.088608764 
616 322 15 20 0.07667202 
66 115 14 18 0.073293746 
92 373 12 14 0.07231629 
389 309 13 16 0.071917154 
599 327 14 19 0.071197644 
969 390 9 12 0.0696978 
725 340 12 16 0.06909982 
986 405 8 11 0.060149025 
495 341 13 15 0.05924355 
735 388 11 13 0.057620227 
854 370 10 12 0.055022813 
372 342 11 15 0.05365024 
784 397 10 13 0.052745987 
900 389 10 12 0.050586633 
254 291 15 20 0.050515264 
662 371 10 14 0.04777054 
870 379 12 15 0.046692703 
727 364 10 13 0.046344712 
401 295 11 14 0.04632139 
729 360 9 12 0.04627799 
692 325 10 13 0.04510229 
725 370 11 15 0.04462103 
336 173 9 11 0.044613678 
84 377 13 16 0.044294942 
678 319 10 13 0.044211626 
751 396 11 13 0.042851347 
850 364 9 13 0.04272297 
985 400 9 11 0.041031733 
590 330 12 16 0.04088871 
916 388 11 13 0.04072159 
25 246 10 14 0.040435415 
757 388 11 13 0.039831076 
731 341 11 14 0.039187986 
766 387 10 13 0.03918755 
968 395 8 12 0.039129514 
855 202 20 26 0.038579497 
985 413 8 12 0.038216267 
415 42 10 13 0.038074385 
372 300 11 13 0.038072515 
78 109 13 18 0.037281163 
684 335 13 18 0.036890462 
863 200 10 13 0.03685867 
60 259 14 18 0.03661584 
905 383 8 10 0.03655397 
872 404 10 13 0.036411602 
925 179 25 34 0.036134787 
494 333 13 17 0.03605571 
447 195 9 12 0.035626017 
788 396 10 13 0.035377868 
93 366 11 13 0.03535733 
809 381 9 12 0.034894478 
652 354 15 18 0.034760486 
502 313 14 18 0.03399191 
607 328 22 30 0.033954944 
789 357 8 12 0.032841768 
889 397 8 11 0.032693665 
693 318 10 12 0.03250416 
991 310 10 12 0.032186992 
600 318 13 18 0.031584203 
815 405 10 13 0.031439025 
845 389 9 13 0.030656945 
878 397 10 13 0.030653194 
855 207 12 15 0.030323641 
219 125 11 14 0.030309448 
510 351 12 13 0.03019109 
871 397 11 14 0.030098699 
781 445 11 13 0.02986161 
859 366 9 12 0.029529095 
850 198 8 10 0.029228522 
392 303 11 13 0.029223984 
807 387 10 13 0.029112326 
77 102 11 14 0.028989386 
687 319 9 12 0.028920023 
863 373 10 12 0.028891422 
924 422 12 15 0.028856311 
12 258 12 15 0.028775988 
493 294 10 13 0.028252386 
398 316 13 18 0.028095568 
486 294 11 14 0.0280872 
440 271 15 22 0.027969666 
52 264 20 27 0.027857503 
508 311 13 16 0.027833067 
835 222 13 15 0.027779806 
643 347 20 26 0.027670123 
805 397 10 12 0.027628735 
943 399 11 13 0.027424445 
214 129 14 17 0.027289513 
430 275 13 19 0.027160706 
876 389 11 13 0.026957989 
759 373 18 24 0.026900562 
652 387 11 14 0.026815794 
690 331 11 15 0.026805218 
730 404 14 16 0.026778588 
664 380 9 13 0.026444394 
960 398 8 10 0.026236648 
747 324 10 14 0.026142081 
673 332 10 15 0.025848867 
740 383 10 12 0.025629425 
696 39 58 82 0.025135355 
78 375 12 17 0.025065534 
800 398 10 12 0.025043834 
654 361 15 19 0.025002025 
269 275 14 18 0.02485883 
807 405 11 13 0.024825158 
877 404 10 13 0.024757912 
813 443 11 13 0.024708807 
605 333 15 20 0.024553236 
402 321 14 21 0.024538828 
326 339 12 15 0.02442484 
783 390 11 14 0.024310432 
754 372 9 13 0.024267215 
450 257 25 36 0.02424014 
127 117 11 14 0.024232242 
837 204 10 13 0.024039762 
358 317 11 13 0.023943705 
838 199 9 12 0.023873288 
872 354 11 15 0.023761362 
779 108 15 18 0.023621906 
877 356 9 12 0.023583703 
3 244 11 13 0.023460068 
622 387 11 15 0.023289701 
381 278 15 17 0.023268223 
686 204 89 115 0.023231935 
480 293 11 15 0.023196211 
838 428 10 12 0.023163065 
265 319 22 30 0.023038428 
679 344 14 17 0.02301138 
28 250 13 16 0.02293139 
975 413 10 12 0.02279918 
822 399 12 13 0.02266819 
812 382 11 13 0.022663299 
367 190 9 11 0.02255348 
989 419 9 11 0.022509344 
844 396 9 12 0.022417985 
278 300 11 14 0.022312554 
813 412 11 14 0.022293018 
733 317 22 26 0.022231033 
688 302 10 12 0.022224277 
726 324 11 13 0.021975534 
338 316 15 18 0.021888915 
713 426 14 18 0.021781279 
92 279 13 18 0.021693962 
494 317 13 17 0.021666313 
909 433 12 14 0.021660091 
8 218 372 431 0.021618124 
865 380 10 13 0.02161669 
777 398 9 11 0.021610815 
172 124 444 473 0.021562446 
980 327 10 13 0.021505719 
760 122 13 15 0.02142787 
630 308 11 13 0.021426503 
687 238 9 12 0.021333262 
830 348 10 13 0.021230757 
52 122 22 30 0.021152522 
255 286 13 16 0.02106239 
732 362 11 14 0.02102289 
863 396 10 12 0.020950163 
273 326 23 29 0.020797702 
768 360 8 9 0.020736173 
402 278 9 12 0.02066485 
738 319 10 13 0.020648457 
830 357 9 12 0.020518422 
341 167 9 12 0.020495646 
950 400 10 12 0.020403849 
652 340 13 15 0.020305287 
53 252 13 16 0.020261362 
775 389 9 12 0.020209344 
720 365 11 14 0.020198017 
849 371 9 12 0.020173194 
968 405 8 11 0.020165712 
350 175 10 12 0.02005854 
606 311 12 17 0.020021742 
314 310 20 26 0.020012805 
