0_Parade_marchingband_1_382
86
338 99 32 41 0.99888927 
146 169 34 46 0.99885356 
802 122 35 43 0.9981822 
448 40 28 37 0.9948378 
190 13 72 102 0.8784123 
932 73 17 24 0.8702283 
979 93 21 28 0.78616124 
907 27 20 28 0.6365949 
925 135 22 26 0.47020832 
199 68 26 37 0.40695482 
999 25 11 16 0.3119762 
905 66 17 24 0.22419691 
956 71 16 25 0.2194518 
933 196 48 62 0.1496951 
552 122 23 33 0.14334042 
1003 99 15 24 0.11925378 
976 100 15 24 0.10711252 
91 60 16 18 0.09946509 
940 0 11 13 0.09675806 
989 3 13 16 0.09650814 
988 95 20 28 0.0900325 
933 -1 13 13 0.078915805 
524 27 30 38 0.05930457 
732 100 15 24 0.05820019 
727 112 42 56 0.05287881 
904 27 14 22 0.05229783 
451 -4 374 419 0.052168384 
914 138 24 28 0.050825804 
207 84 17 22 0.050749887 
963 123 13 17 0.049264666 
112 348 17 19 0.04760638 
986 70 18 21 0.046260428 
955 183 14 20 0.041112546 
1002 19 16 21 0.038998578 
974 91 15 24 0.038468853 
942 58 14 18 0.038430564 
119 244 11 16 0.038131885 
172 38 60 73 0.037601024 
747 54 17 23 0.036437303 
946 189 28 44 0.03390404 
946 71 21 29 0.03327286 
1003 4 13 15 0.032867756 
908 22 15 20 0.03221439 
585 164 11 14 0.031833336 
207 60 32 45 0.031566527 
907 146 24 28 0.03137784 
329 307 460 487 0.031312756 
895 132 14 17 0.030796321 
179 -5 34 39 0.02933476 
885 252 13 16 0.029112173 
926 1 15 18 0.028030466 
947 0 11 12 0.02788422 
930 59 22 31 0.027317703 
983 66 15 20 0.02702245 
229 112 206 310 0.026885236 
519 42 31 35 0.026863484 
995 27 21 28 0.02680889 
898 151 24 29 0.026786787 
893 55 22 34 0.026023153 
949 139 13 16 0.026015086 
498 42 232 267 0.025945785 
180 6 59 73 0.025723862 
921 5 25 30 0.02570076 
902 40 16 22 0.025484871 
989 164 12 15 0.02487025 
1010 99 13 20 0.024582313 
914 58 16 22 0.024500808 
886 228 12 15 0.024229296 
1007 179 13 17 0.024083884 
996 2 14 18 0.02399443 
221 4 90 110 0.023661956 
740 3 49 54 0.023540024 
730 92 17 22 0.02333147 
1012 112 12 21 0.023049973 
984 80 25 32 0.022907251 
530 51 114 160 0.022707077 
885 244 13 16 0.02257173 
283 8 55 65 0.022526078 
765 -3 34 26 0.022346554 
933 23 14 19 0.021073444 
350 -6 37 33 0.020799309 
263 399 76 84 0.020755714 
990 52 12 15 0.020705268 
736 18 32 34 0.020608477 
939 17 13 18 0.020361632 
210 68 17 24 0.02001765 
