0_Parade_marchingband_1_822
61
637 136 57 69 0.9975866 
178 100 68 103 0.99728537 
751 93 34 44 0.9971372 
880 72 62 67 0.9926623 
448 130 48 62 0.882993 
413 82 45 56 0.5352887 
532 198 117 161 0.4906749 
362 147 47 53 0.433704 
850 89 46 57 0.24159941 
430 109 48 59 0.1276424 
838 88 38 49 0.11103604 
709 472 16 19 0.09580549 
393 89 46 60 0.09041648 
471 145 32 38 0.0845008 
445 137 32 41 0.08343354 
638 426 113 149 0.078304 
38 255 188 291 0.0743116 
456 145 53 70 0.069174126 
302 148 43 49 0.06736104 
396 106 27 33 0.06396919 
430 149 48 63 0.06360494 
813 69 27 37 0.051224183 
828 95 31 38 0.049689688 
860 94 56 72 0.048232045 
427 173 35 40 0.04733038 
375 119 49 63 0.044018816 
661 438 36 36 0.03977496 
287 53 46 66 0.039057467 
265 172 22 30 0.038975693 
354 105 56 68 0.035818633 
420 108 34 43 0.035105683 
702 469 16 18 0.034391716 
492 154 14 18 0.03381899 
848 71 26 35 0.03354001 
728 101 13 16 0.033283208 
334 69 59 70 0.033185918 
806 97 40 49 0.03240629 
301 67 55 65 0.030004987 
853 97 17 22 0.028854923 
507 209 14 21 0.028442249 
379 121 28 35 0.02834672 
368 184 60 75 0.02737678 
821 84 31 34 0.027343795 
549 183 175 275 0.027199836 
324 57 94 113 0.027125265 
274 160 40 50 0.026697693 
369 79 50 68 0.026227875 
758 101 41 51 0.025255522 
401 85 32 39 0.024966246 
421 164 30 38 0.02428109 
437 146 15 22 0.024277035 
675 475 17 20 0.022613227 
384 69 75 96 0.022203108 
278 172 23 30 0.021845337 
83 283 111 192 0.021391846 
470 170 35 41 0.021254681 
854 83 29 39 0.021192193 
835 110 17 22 0.020846164 
483 152 17 22 0.020643488 
725 499 12 14 0.020591483 
318 123 58 65 0.020443834 
