0_Parade_marchingband_1_439
801
913 483 33 53 0.82680523 
527 416 10 12 0.5394011 
123 578 61 70 0.44623908 
705 369 12 16 0.3953018 
453 415 9 11 0.35768187 
756 430 12 17 0.33763745 
392 423 9 12 0.33349404 
304 421 10 12 0.29618785 
374 429 10 13 0.29083407 
141 429 11 13 0.2705584 
473 420 9 12 0.25474876 
723 629 62 94 0.24802953 
412 400 11 15 0.24292721 
428 519 21 32 0.23568326 
85 422 8 11 0.23402943 
268 429 10 13 0.23363703 
681 400 8 11 0.22392283 
342 431 9 11 0.20957574 
482 443 20 28 0.20424184 
326 405 8 10 0.19578314 
776 394 9 13 0.19446257 
206 421 8 11 0.19334912 
76 464 13 16 0.19067541 
504 414 9 11 0.18865843 
463 414 8 11 0.18860626 
281 438 9 11 0.17787606 
158 523 27 34 0.17636502 
510 415 8 11 0.17607763 
351 414 9 11 0.17363319 
495 412 9 11 0.17197633 
969 454 14 17 0.17111373 
612 426 11 15 0.16899583 
55 442 10 13 0.16695714 
321 406 8 11 0.16479558 
831 430 10 13 0.16278401 
948 407 11 15 0.15904412 
247 427 9 12 0.15205118 
693 419 10 12 0.15061155 
781 412 12 16 0.14779903 
709 419 11 13 0.14348873 
94 432 8 10 0.13909584 
248 422 11 13 0.13696179 
14 444 9 12 0.13520634 
782 395 9 12 0.13259844 
70 424 8 11 0.13195439 
132 458 14 19 0.1307057 
94 437 9 11 0.13033806 
289 423 10 11 0.12999769 
605 454 23 31 0.12718666 
128 530 61 66 0.12491146 
532 415 9 12 0.123816684 
397 422 9 12 0.123502225 
375 414 9 12 0.121917106 
811 411 11 14 0.1217146 
6 428 10 13 0.121301375 
391 442 10 12 0.11880019 
185 423 8 11 0.11815964 
13 475 11 15 0.11815034 
812 406 11 13 0.11809781 
86 428 10 12 0.11683411 
78 450 10 13 0.11651992 
111 438 8 12 0.11623464 
551 407 8 11 0.114274435 
478 417 8 10 0.11399623 
128 572 90 113 0.113288485 
815 398 10 11 0.109390035 
112 431 8 10 0.108921155 
406 422 8 10 0.10724544 
557 465 13 18 0.10587947 
984 420 10 13 0.10513241 
368 366 10 13 0.10470894 
60 443 11 13 0.103598595 
377 390 9 12 0.101856574 
521 415 9 12 0.10066954 
965 373 8 12 0.100580715 
349 500 16 21 0.10045502 
167 421 9 11 0.09962288 
704 421 9 12 0.09939878 
808 392 8 10 0.09919679 
270 449 9 11 0.09609399 
12 430 10 12 0.09552375 
557 431 13 15 0.09418384 
1006 449 14 20 0.09416657 
223 423 10 12 0.0929314 
934 427 15 18 0.09267449 
319 431 9 11 0.0924748 
1012 398 10 14 0.09226417 
685 402 10 12 0.0909433 
265 424 9 13 0.090130284 
791 398 8 10 0.08964193 
527 428 11 14 0.08805639 
365 537 29 29 0.087064266 
750 372 9 12 0.08662304 
748 415 10 14 0.08624238 
980 461 13 18 0.08577709 
257 468 15 18 0.08575444 
732 398 12 15 0.08351885 
687 415 12 16 0.083508894 
147 442 13 17 0.083473265 
88 437 10 12 0.083062015 
519 437 10 13 0.0825617 
174 469 15 19 0.08121363 
878 403 12 15 0.08063894 
48 424 8 11 0.08058533 
201 421 9 12 0.0803167 
166 446 11 15 0.0801387 
982 434 11 16 0.08000609 
1 428 9 13 0.07913353 
189 422 9 12 0.07881345 
884 406 10 13 0.07864063 
4 466 14 21 0.078612365 
162 475 22 26 0.07832235 
278 416 7 9 0.07744497 
173 447 10 14 0.077444494 
727 398 11 14 0.0769203 
302 445 12 14 0.07681802 
82 460 21 27 0.07624914 
614 399 8 11 0.07614902 
544 415 8 11 0.07584845 
91 461 14 18 0.07548586 
999 362 12 15 0.075158566 
790 412 11 15 0.07478011 
524 435 11 13 0.0746381 
437 423 8 10 0.07398424 
733 434 14 16 0.07328319 
407 430 10 13 0.07307435 
166 416 8 11 0.07196846 
302 397 8 10 0.071656145 
557 413 8 11 0.07145299 
325 430 10 12 0.0704839 
835 427 11 15 0.07046625 
552 412 9 11 0.070444666 
406 324 13 18 0.070165314 
160 414 8 12 0.070158474 
232 391 7 11 0.06983642 
29 447 9 11 0.06949549 
26 429 9 11 0.06931 
195 503 14 21 0.06856483 
374 421 12 15 0.068512626 
382 422 10 13 0.068374805 
94 445 11 14 0.068337575 
413 431 9 13 0.06810812 
436 516 24 33 0.06780056 
238 391 8 10 0.06725892 
773 366 9 11 0.06698953 
149 478 12 15 0.06689068 
533 429 10 12 0.06654696 
848 427 12 15 0.06600034 
488 408 8 11 0.06577788 
80 428 11 14 0.06565478 
465 408 8 10 0.0655142 
445 440 10 13 0.065395996 
698 358 8 10 0.06503401 
518 442 10 14 0.06477913 
664 398 8 10 0.0647514 
545 406 8 11 0.06473659 
535 406 9 10 0.06462066 
420 478 14 22 0.06426735 
146 450 13 18 0.064042866 
718 445 12 16 0.06394709 
309 416 9 10 0.063868664 
65 430 8 10 0.063813835 
93 451 12 15 0.0635768 
398 439 9 12 0.062415473 
344 406 9 11 0.062405128 
624 374 9 11 0.06207824 
988 465 13 18 0.062046375 
141 569 38 52 0.061003514 
-2 56 199 270 0.060171254 
147 429 10 14 0.05997927 
870 398 12 16 0.059742283 
989 421 10 13 0.059603576 
87 418 7 9 0.059408672 
800 435 10 14 0.058936886 
246 417 10 13 0.05876624 
311 428 9 11 0.058029335 
23 446 9 12 0.05764348 
14 437 10 13 0.05764317 
745 419 11 13 0.057040457 
589 460 12 18 0.056896772 
144 526 27 35 0.05640612 
398 416 10 13 0.05637641 
932 403 11 15 0.056302737 
607 374 8 10 0.05619182 
368 446 9 12 0.05616478 
685 342 10 12 0.055953946 
206 426 11 14 0.055925254 
50 444 9 12 0.05582207 
126 416 9 11 0.055592548 
72 446 11 13 0.055418197 
356 414 9 12 0.055193767 
801 396 7 10 0.05433505 
86 532 10 15 0.054050576 
548 422 10 12 0.053924374 
368 438 8 11 0.053706657 
796 412 11 13 0.053066827 
397 460 21 29 0.05305812 
336 430 10 13 0.052971687 
381 326 13 16 0.052900486 
348 472 15 18 0.052807275 
271 381 8 11 0.052710842 
254 445 8 11 0.052483577 
550 467 24 30 0.052465618 
1007 402 12 16 0.052335843 
337 349 9 12 0.051851958 
359 429 8 10 0.05179669 
343 425 9 11 0.051781114 
262 391 7 9 0.051767934 
399 428 9 12 0.051713143 
170 527 26 32 0.051684774 
261 397 9 12 0.051597845 
275 473 14 17 0.051524423 
355 472 14 18 0.051299363 
29 487 12 16 0.05101801 
381 428 9 12 0.05090147 
350 430 8 11 0.050602064 
26 527 51 84 0.050514776 
177 344 7 9 0.05019249 
137 391 8 10 0.0501015 
391 406 9 10 0.050089795 
320 412 8 11 0.049856886 
239 360 7 9 0.049823605 
20 476 10 14 0.049788292 
980 398 10 13 0.049767256 
408 359 9 11 0.049702253 
1011 434 11 17 0.049627963 
320 389 9 11 0.049529057 
432 422 10 12 0.0491248 
814 393 9 12 0.049062047 
286 342 8 11 0.049052592 
370 428 9 12 0.04900689 
513 429 10 14 0.04899115 
118 429 8 11 0.048825394 
53 484 12 15 0.048689112 
9 542 53 94 0.048560426 
881 421 11 13 0.048553683 
757 365 9 12 0.048204776 
90 472 15 18 0.04780744 
407 364 9 12 0.04751122 
792 392 8 11 0.047388963 
438 413 9 11 0.046705656 
120 423 8 10 0.046426628 
224 390 9 12 0.046280883 
174 538 27 34 0.046272058 
374 448 9 11 0.046248112 
599 397 10 13 0.045347847 
135 435 10 13 0.044746492 
96 374 9 11 0.044727046 
360 423 8 11 0.044707425 
665 405 8 10 0.04444531 
832 406 9 12 0.04429068 
337 390 8 10 0.04417852 
656 449 12 16 0.04412214 
229 422 9 12 0.044007856 
214 422 9 11 0.04383936 
238 365 8 10 0.043727156 
997 422 10 13 0.043713145 
384 445 9 11 0.043581665 
821 398 8 11 0.043556113 
351 420 9 11 0.04342968 
943 340 10 12 0.043303136 
854 411 11 14 0.043279376 
826 429 11 15 0.043247186 
263 358 8 10 0.043126952 
606 397 11 14 0.042833623 
185 545 17 22 0.042689577 
686 453 11 14 0.042644598 
104 422 8 10 0.04264395 
987 436 13 17 0.04260398 
448 410 9 12 0.042566948 
491 439 14 19 0.0425069 
967 419 10 15 0.042099223 
209 341 8 11 0.042049315 
623 427 11 14 0.04201902 
888 379 9 12 0.04200086 
266 452 11 13 0.041949388 
656 428 10 13 0.041668322 
304 392 8 11 0.041498557 
297 397 10 12 0.04140312 
773 373 10 12 0.04133428 
365 452 11 12 0.041304246 
431 440 9 12 0.041277137 
88 444 10 13 0.041206826 
942 419 11 15 0.041056283 
874 484 46 67 0.041051533 
399 460 13 17 0.04101945 
271 434 10 12 0.041008964 
327 389 8 11 0.04098573 
902 478 29 39 0.040981688 
448 419 9 12 0.040946834 
293 427 9 12 0.04065318 
232 429 9 12 0.040600277 
286 389 8 11 0.040454578 
511 410 8 11 0.04021783 
719 398 11 14 0.040115073 
659 444 13 18 0.039935928 
412 452 9 12 0.03982156 
246 436 10 13 0.03979518 
881 410 11 14 0.039794248 
517 459 12 16 0.039766464 
17 411 9 12 0.039608493 
158 478 14 17 0.039586276 
592 422 10 13 0.03957383 
342 443 12 15 0.03957155 
239 396 8 11 0.03933987 
728 435 12 15 0.0392929 
453 446 9 13 0.039291535 
231 343 8 10 0.039244883 
223 367 9 11 0.039228294 
435 530 17 24 0.039107375 
708 426 12 14 0.0390434 
615 403 9 11 0.03903962 
680 359 8 11 0.039021168 
564 428 12 14 0.038823906 
438 428 9 11 0.038566105 
686 365 9 11 0.038507186 
507 498 12 18 0.038443696 
343 391 8 11 0.038372174 
231 436 10 12 0.038360592 
695 365 10 13 0.038339663 
906 436 12 15 0.038271513 
655 398 7 10 0.038166672 
709 451 12 15 0.03816161 
850 493 56 70 0.038091116 
281 391 8 10 0.038025487 
519 409 9 10 0.037947346 
180 451 11 13 0.037883345 
847 406 10 13 0.037768915 
371 370 11 13 0.03761251 
810 382 8 11 0.037543137 
176 351 7 9 0.037475254 
579 422 12 15 0.037464347 
168 390 9 13 0.037420698 
310 474 16 22 0.037397992 
433 414 8 10 0.037222903 
55 529 24 39 0.036971547 
256 403 9 11 0.036927275 
174 422 9 12 0.036858775 
232 366 8 12 0.036755957 
207 351 8 11 0.036697675 
528 524 65 96 0.03664393 
356 494 13 16 0.036575288 
279 433 8 12 0.036507625 
369 422 8 12 0.036363948 
374 478 14 18 0.036239583 
893 376 9 12 0.036219988 
53 424 8 11 0.036040496 
413 357 9 12 0.035891995 
216 416 7 9 0.035824496 
160 331 436 493 0.03577853 
539 561 55 99 0.035759147 
207 417 8 10 0.035746187 
175 428 9 12 0.035717636 
838 405 9 13 0.03570814 
439 443 10 14 0.035683107 
1008 388 11 13 0.03552894 
697 350 9 11 0.03543529 
422 428 11 14 0.035382207 
694 405 9 11 0.035365704 
155 484 22 29 0.035010856 
426 482 16 21 0.034833264 
142 434 12 15 0.03473914 
649 399 8 10 0.03472089 
885 505 21 33 0.034616515 
998 427 12 15 0.034563005 
533 434 11 13 0.034503043 
360 461 13 16 0.034456465 
160 409 8 11 0.03435518 
1012 410 11 17 0.03427689 
311 390 9 11 0.034252565 
909 454 14 18 0.034209512 
79 436 9 11 0.03411783 
654 405 8 10 0.034024995 
97 381 8 11 0.033903062 
758 360 9 12 0.0338904 
326 424 9 10 0.033872698 
104 437 10 12 0.033861034 
870 374 9 10 0.033735167 
710 348 9 12 0.033702094 
297 405 8 10 0.033692576 
82 418 8 10 0.033617478 
543 428 9 13 0.03361747 
161 419 10 13 0.033569876 
490 454 14 20 0.03344588 
202 481 25 31 0.033285324 
62 524 11 17 0.033205144 
686 348 9 12 0.033174135 
210 473 17 20 0.03313748 
314 474 23 31 0.0331334 
680 393 7 10 0.033130232 
39 446 9 11 0.03308368 
280 444 9 12 0.03299261 
104 430 9 11 0.032911677 
799 603 56 77 0.03288047 
188 493 16 20 0.032787696 
987 493 21 36 0.032751095 
342 500 14 19 0.032695282 
705 452 10 14 0.032532252 
593 458 21 28 0.032512967 
126 421 8 11 0.032508012 
1006 428 12 18 0.032507055 
887 341 9 11 0.032400403 
868 452 16 18 0.032180555 
66 417 7 9 0.03208943 
702 349 11 13 0.032046128 
375 394 9 12 0.032023378 
558 390 8 11 0.032019086 
72 439 9 11 0.031909894 
998 403 11 14 0.0318519 
37 485 13 17 0.031824216 
14 451 11 13 0.0317427 
337 355 10 12 0.031731267 
722 452 12 17 0.031676896 
590 455 11 15 0.03165602 
470 446 23 31 0.03162547 
346 413 10 11 0.031618256 
564 460 12 18 0.031602345 
344 398 8 11 0.031575155 
870 461 26 34 0.031535562 
272 377 8 10 0.03152754 
54 429 9 11 0.031517744 
46 476 13 15 0.031392753 
413 476 16 21 0.031337634 
175 440 9 12 0.031243656 
13 463 10 13 0.0311759 
86 452 12 13 0.030986773 
367 361 10 12 0.03095633 
340 451 14 17 0.030932622 
139 457 14 19 0.030876298 
878 426 14 17 0.030793529 
751 334 9 10 0.03078205 
563 436 11 15 0.030721929 
239 406 8 9 0.030721875 
362 466 15 19 0.030694403 
565 444 10 14 0.030681035 
137 396 9 12 0.03065076 
918 405 11 14 0.030596334 
897 496 25 35 0.030566322 
670 406 9 11 0.03052331 
548 473 15 21 0.030513125 
975 429 10 15 0.030477257 
160 493 21 29 0.030476484 
717 373 10 13 0.030471757 
681 364 8 12 0.030357791 
305 341 9 11 0.030315714 
264 351 8 10 0.030308733 
61 452 11 14 0.030275488 
29 426 9 12 0.030272707 
551 402 7 9 0.030255442 
407 396 18 25 0.03007803 
168 428 9 11 0.030049622 
679 413 11 14 0.030008558 
964 444 15 19 0.029966095 
118 437 8 12 0.029864132 
680 349 10 12 0.029771112 
1013 389 10 15 0.02973232 
294 438 10 11 0.029721718 
865 356 9 12 0.029642565 
975 420 9 13 0.029595822 
61 542 45 68 0.029565565 
336 461 23 31 0.02955872 
464 400 8 11 0.029527085 
443 483 47 60 0.029471075 
96 388 8 11 0.029164746 
740 398 10 13 0.029147688 
23 484 11 16 0.029129704 
380 452 10 13 0.029108372 
349 444 11 14 0.029079957 
232 417 8 10 0.029045558 
631 399 8 11 0.029030548 
67 532 14 21 0.028992862 
141 390 9 12 0.028977804 
917 319 10 13 0.028916504 
514 456 26 34 0.0289059 
566 452 11 15 0.028893415 
247 383 7 10 0.028797846 
302 440 10 11 0.028792197 
687 360 8 9 0.02872762 
23 451 10 14 0.028700816 
495 351 9 10 0.028661972 
654 422 10 13 0.028656306 
379 480 14 20 0.028655129 
248 443 10 13 0.028594492 
803 429 14 17 0.028582852 
395 537 16 21 0.028554564 
280 420 8 10 0.028505191 
336 425 9 10 0.028503956 
232 396 8 11 0.028457068 
103 416 8 11 0.028431699 
326 413 8 10 0.028419584 
720 359 9 12 0.028405266 
326 385 8 10 0.028320504 
149 421 10 12 0.028256766 
349 452 10 13 0.02824962 
141 523 15 20 0.028218377 
431 359 8 10 0.02815703 
205 470 16 18 0.02815585 
769 381 9 11 0.028091863 
280 366 8 11 0.02803325 
212 427 11 13 0.027979553 
823 392 9 11 0.027958991 
461 450 14 18 0.027910005 
379 266 15 23 0.027881429 
512 461 11 15 0.027877964 
254 439 8 12 0.027816415 
916 412 13 18 0.027813273 
380 415 10 11 0.027790224 
685 459 13 15 0.027758097 
184 361 8 9 0.027636172 
752 455 9 13 0.027635958 
947 416 12 17 0.027632603 
448 449 12 16 0.027541 
430 478 22 31 0.027526483 
210 494 15 23 0.027484916 
915 451 14 18 0.027458731 
784 364 10 12 0.027237857 
269 460 13 15 0.027150264 
481 408 9 11 0.027146636 
234 358 8 10 0.02714643 
502 397 9 11 0.027111694 
21 407 8 11 0.026916724 
993 468 14 17 0.026872784 
715 419 10 13 0.02686797 
272 398 8 11 0.026825197 
361 453 9 12 0.026800549 
29 469 12 17 0.026770895 
503 466 11 15 0.026764698 
128 430 8 12 0.026763687 
239 437 9 12 0.026732955 
551 428 12 14 0.026660565 
630 392 7 9 0.026619095 
724 444 12 15 0.026603602 
13 466 20 27 0.026558163 
320 400 9 13 0.02654978 
660 374 10 13 0.026508544 
258 360 8 10 0.026436698 
582 415 10 12 0.02632574 
624 405 8 11 0.026258811 
240 430 9 11 0.026216447 
524 412 17 20 0.02621078 
284 443 10 12 0.026209574 
314 406 9 11 0.026175676 
984 388 10 12 0.026164675 
424 415 8 11 0.026134238 
180 497 24 30 0.026029883 
424 421 10 12 0.025989423 
270 469 14 17 0.025963431 
605 419 21 25 0.025940899 
217 407 7 10 0.02592716 
222 407 8 10 0.025891589 
310 359 9 10 0.025885766 
520 398 8 11 0.025865696 
349 437 10 13 0.02580521 
62 516 13 17 0.025764938 
759 349 9 12 0.0257117 
112 425 8 11 0.02569201 
261 462 14 16 0.025621021 
336 407 7 10 0.02553924 
213 342 8 11 0.025522545 
114 533 94 104 0.02548364 
336 386 8 10 0.025447106 
121 340 9 12 0.02537816 
208 335 9 13 0.025331678 
247 399 8 10 0.025232043 
425 367 8 10 0.025226273 
371 413 9 12 0.025217898 
997 410 12 15 0.025199676 
223 417 9 10 0.025163863 
266 384 7 9 0.025096968 
648 404 9 11 0.02505834 
464 420 9 11 0.025055952 
610 446 14 17 0.025008366 
624 368 9 12 0.02498677 
596 428 11 16 0.024953982 
398 351 10 13 0.02493229 
446 407 18 25 0.024880128 
769 365 9 12 0.024878725 
303 407 8 10 0.024870493 
323 489 13 17 0.02481518 
373 360 9 12 0.024785308 
960 367 10 13 0.02476095 
742 405 9 12 0.024740212 
992 403 12 16 0.0247212 
398 472 14 19 0.024715718 
257 365 8 11 0.024701916 
853 421 12 15 0.02468466 
734 411 10 13 0.024630321 
148 488 15 22 0.024605995 
614 417 9 11 0.02460284 
470 407 7 10 0.024571177 
137 384 8 10 0.024532752 
61 477 10 14 0.024519963 
421 520 18 27 0.02445544 
39 475 11 14 0.0244409 
240 415 8 11 0.024399335 
968 404 8 11 0.024356145 
606 380 9 11 0.02430823 
801 365 9 12 0.02430754 
739 430 12 15 0.024305988 
882 456 32 36 0.024278512 
806 365 9 12 0.02427664 
332 466 15 21 0.024268363 
462 430 10 12 0.024205312 
910 404 11 13 0.02419439 
544 401 9 11 0.02414372 
181 365 10 12 0.024140889 
694 436 11 16 0.024122657 
580 454 23 30 0.024105942 
966 436 12 17 0.024105523 
526 371 9 12 0.02409435 
240 384 8 11 0.02404333 
28 451 11 13 0.024043122 
558 422 11 13 0.024009252 
718 365 10 13 0.024004389 
196 492 15 20 0.023985209 
359 445 9 12 0.023972426 
577 398 8 11 0.023958499 
95 368 8 11 0.023938335 
997 435 13 16 0.023859404 
158 498 13 20 0.023823557 
494 420 11 12 0.023819845 
631 406 8 11 0.02380959 
990 413 11 14 0.023780292 
624 434 11 15 0.02367336 
56 453 11 14 0.023658194 
264 435 11 13 0.023596488 
670 351 10 12 0.023567243 
567 455 23 32 0.02356361 
429 331 12 15 0.023527728 
408 445 10 13 0.023514125 
630 423 10 14 0.023419902 
121 417 8 10 0.023417693 
718 439 11 15 0.023414059 
948 341 10 12 0.023393916 
671 357 9 13 0.023393506 
166 514 13 17 0.02338695 
869 445 15 17 0.02338532 
320 423 8 11 0.023358947 
192 459 11 14 0.02333168 
203 496 16 23 0.023319824 
774 346 12 14 0.023297941 
154 414 9 12 0.023297513 
624 379 9 12 0.023294311 
102 462 12 15 0.023212776 
280 249 55 69 0.023198955 
647 445 10 13 0.023192575 
143 474 13 16 0.02313781 
807 359 8 11 0.023111708 
957 405 10 13 0.023108797 
151 364 11 14 0.023076544 
437 408 10 12 0.023062455 
839 349 9 11 0.023055976 
704 404 9 12 0.023035884 
625 391 8 10 0.023005566 
174 573 33 38 0.022987032 
536 400 8 10 0.022984948 
800 359 9 10 0.022974854 
839 343 9 11 0.02296874 
147 522 49 50 0.022961538 
719 326 9 12 0.022938443 
102 445 10 14 0.02288245 
296 392 9 12 0.022872876 
655 441 22 29 0.022858871 
655 436 11 15 0.022837916 
869 381 10 11 0.022837691 
788 364 10 13 0.02282565 
1007 418 11 16 0.022780709 
746 367 9 12 0.022757608 
140 467 13 16 0.02272565 
96 415 7 10 0.022703152 
958 441 14 18 0.022601448 
365 363 21 26 0.022583252 
404 317 14 18 0.022553578 
223 385 9 11 0.022488166 
774 334 10 11 0.022453086 
295 373 9 11 0.022421824 
875 459 14 17 0.022408126 
575 341 10 13 0.022398032 
272 406 8 11 0.022391096 
792 383 8 11 0.02233251 
287 385 8 10 0.02230795 
487 422 9 11 0.022275185 
770 333 9 11 0.022233762 
46 483 15 18 0.022231514 
406 414 9 13 0.022211758 
176 372 9 11 0.022166185 
109 461 10 15 0.022141146 
143 383 8 10 0.022032445 
782 426 13 16 0.02202553 
247 374 9 10 0.02198576 
216 452 10 14 0.021954125 
989 427 12 16 0.021942394 
410 329 13 18 0.021924386 
309 365 9 12 0.021911211 
576 406 8 10 0.021899987 
343 470 26 30 0.021896474 
239 444 9 13 0.021861007 
274 238 29 36 0.021841045 
224 351 9 10 0.021835614 
862 398 14 15 0.021819966 
157 515 14 19 0.021793952 
160 343 7 10 0.021778593 
278 408 8 11 0.021757381 
582 397 8 12 0.021747587 
576 416 10 12 0.02173856 
1007 383 10 12 0.021618636 
335 414 8 9 0.021611027 
177 367 8 10 0.021592805 
431 465 42 57 0.021586137 
523 459 14 20 0.021562865 
528 409 9 11 0.021558719 
672 412 10 12 0.021546816 
360 349 8 11 0.021546727 
357 251 46 60 0.021544123 
664 392 9 11 0.021538805 
221 444 11 14 0.021526404 
101 451 11 16 0.021504609 
309 451 11 15 0.021499386 
264 422 18 25 0.021497797 
253 428 9 12 0.02148752 
111 383 8 10 0.021486755 
247 365 9 11 0.021476284 
911 416 14 18 0.021469016 
598 444 11 15 0.021465393 
862 460 13 15 0.021452399 
69 528 24 32 0.021416394 
387 482 14 18 0.021414448 
159 431 10 12 0.02135999 
59 484 11 16 0.02134972 
975 403 10 13 0.021347575 
581 434 13 16 0.02131034 
244 460 14 19 0.021245532 
388 416 18 24 0.021214537 
240 373 8 11 0.021186328 
240 352 7 9 0.021182591 
268 341 10 12 0.021162858 
647 364 9 12 0.02115167 
728 388 22 28 0.02114651 
695 372 11 14 0.021146411 
898 466 29 35 0.021128252 
710 342 10 12 0.02108966 
55 459 11 15 0.0210773 
164 512 23 29 0.021065561 
598 434 10 14 0.021049911 
757 423 10 13 0.02104176 
370 473 22 29 0.02102714 
201 474 12 16 0.02102686 
985 479 26 34 0.021020373 
484 308 11 15 0.020979142 
439 358 9 11 0.02095137 
496 444 14 19 0.020926442 
23 438 9 11 0.020925803 
774 387 20 24 0.020924572 
342 326 11 15 0.020920038 
158 449 13 17 0.020918187 
554 391 8 9 0.020909144 
591 406 9 12 0.02089926 
54 469 11 15 0.020875033 
973 430 20 26 0.020844696 
868 467 16 22 0.020844037 
367 350 8 11 0.020805728 
7 426 18 23 0.020766377 
774 380 10 13 0.020763721 
934 409 12 16 0.020701945 
774 328 10 11 0.020691358 
278 397 8 10 0.020689419 
287 418 9 11 0.020687418 
185 417 8 12 0.020680873 
718 333 9 11 0.020669341 
262 492 15 16 0.020659612 
125 341 9 12 0.020653067 
980 454 11 16 0.020646414 
216 445 9 12 0.020624302 
125 454 16 19 0.020615697 
287 348 8 11 0.02061192 
855 398 11 14 0.020608228 
518 430 20 25 0.02059606 
969 387 8 12 0.020568816 
233 407 7 9 0.02055622 
502 391 9 13 0.020554207 
607 451 15 19 0.020541966 
170 490 16 20 0.020501344 
424 358 9 11 0.020451533 
52 526 45 60 0.020448178 
936 390 9 11 0.02043135 
552 460 14 20 0.02040355 
223 357 9 12 0.02036867 
967 426 12 15 0.020276593 
70 417 8 10 0.02027482 
846 350 9 11 0.020253606 
8 435 11 14 0.020224575 
239 554 45 59 0.020220898 
469 414 20 24 0.020211237 
447 507 27 38 0.020197682 
262 403 9 13 0.020147188 
383 398 8 11 0.0201413 
359 438 9 12 0.020137208 
639 400 8 11 0.020098094 
30 438 8 10 0.020058703 
411 478 27 32 0.020024255 
488 531 96 131 0.020019012 
