0_Parade_marchingband_1_309
263
498 73 34 39 0.99198896 
44 83 27 32 0.9834983 
386 94 25 31 0.9311822 
437 89 23 31 0.76097095 
126 114 21 25 0.72887474 
844 96 26 29 0.6237523 
817 109 25 29 0.5562738 
955 84 22 27 0.48806548 
907 31 14 18 0.47923034 
274 94 22 27 0.45359072 
918 102 23 29 0.40904677 
211 89 24 34 0.35135633 
890 92 29 33 0.34336907 
299 96 16 20 0.3182289 
723 91 24 28 0.2545344 
406 48 26 30 0.23502414 
169 51 24 28 0.21944019 
148 127 25 32 0.20099387 
642 -1 19 20 0.18727674 
604 100 26 32 0.18606485 
484 45 48 58 0.18364091 
258 -2 18 16 0.17896731 
115 -1 15 14 0.1761733 
708 101 24 29 0.17385833 
307 49 13 16 0.17336763 
50 43 17 22 0.17163448 
0 84 11 17 0.16967277 
904 71 26 30 0.14042062 
141 82 18 23 0.13927655 
761 100 16 20 0.12350564 
998 211 23 33 0.121289454 
357 114 24 29 0.12092111 
752 101 24 31 0.11878265 
1002 -2 20 21 0.1163319 
85 87 24 28 0.11351908 
315 11 13 16 0.11265366 
893 90 43 48 0.10740218 
986 101 16 22 0.10402112 
831 100 26 30 0.09450793 
794 59 27 30 0.092380926 
599 135 24 31 0.090253115 
708 84 39 52 0.086268276 
555 0 14 14 0.08504261 
425 82 40 52 0.0846448 
544 86 25 33 0.08177224 
193 0 18 19 0.08069214 
305 96 24 26 0.07761401 
138 122 26 33 0.07670473 
981 19 15 18 0.07304184 
292 0 17 18 0.07117042 
219 0 16 19 0.07105788 
187 99 22 29 0.07084175 
1 76 15 19 0.07060245 
35 -1 17 16 0.06583492 
63 43 26 30 0.064912744 
286 141 15 20 0.064695425 
794 138 15 19 0.064099774 
491 44 33 34 0.06305994 
583 7 26 34 0.06293396 
378 56 17 23 0.06216849 
1009 137 15 25 0.06168614 
919 142 13 17 0.060614582 
735 98 27 34 0.060029957 
28 15 17 22 0.059450373 
18 104 15 19 0.05716918 
593 93 26 32 0.056598168 
673 68 22 30 0.055780597 
315 105 16 21 0.054911423 
986 71 15 19 0.05463798 
704 44 25 30 0.053859327 
589 95 17 21 0.052769814 
693 158 21 28 0.052497163 
368 119 15 19 0.052422076 
669 80 15 22 0.05229269 
8 27 17 21 0.052071046 
25 62 18 23 0.051315833 
684 71 15 24 0.051261894 
334 102 12 16 0.049986366 
12 0 30 29 0.04918743 
988 83 22 32 0.04727628 
462 -2 29 31 0.045787793 
594 18 16 21 0.04506256 
604 56 26 32 0.044648632 
83 9 17 20 0.04415347 
853 102 23 30 0.043670077 
666 58 15 22 0.043379948 
162 0 14 13 0.042569835 
495 251 47 48 0.042259686 
138 9 16 20 0.041967038 
339 68 17 21 0.041697156 
341 -2 15 15 0.041524272 
178 46 23 28 0.041469757 
408 59 31 35 0.041349337 
299 83 17 19 0.04110952 
959 114 14 17 0.040719952 
801 189 23 28 0.040314738 
722 38 22 29 0.040297043 
392 179 31 36 0.0401773 
316 84 14 17 0.039762773 
467 -1 19 18 0.039700165 
27 133 14 19 0.039468754 
383 132 13 17 0.039229445 
419 114 30 39 0.037909742 
691 66 47 55 0.037724324 
68 56 18 22 0.037597764 
581 281 12 16 0.03728098 
52 16 16 22 0.03708461 
372 44 15 21 0.036475413 
674 94 15 19 0.03565447 
659 64 24 32 0.035079982 
381 83 42 52 0.034940105 
324 122 12 15 0.03485251 
820 101 16 20 0.034821756 
957 1 17 21 0.034641348 
715 118 17 22 0.034627534 
397 96 20 23 0.034392036 
165 98 13 16 0.034018684 
350 121 15 21 0.033529043 
347 70 17 22 0.03340364 
450 64 16 23 0.033380862 
631 134 26 31 0.033359878 
135 88 22 28 0.03318718 
735 94 18 22 0.032892574 
413 131 28 36 0.03288721 
252 64 18 22 0.032863803 
310 123 11 15 0.032816283 
951 81 16 20 0.03250642 
155 125 17 20 0.032494776 
260 114 14 17 0.032139685 
538 1 17 18 0.031933744 
515 133 16 20 0.03153929 
618 105 25 32 0.031391233 
998 137 27 36 0.03113704 
601 76 27 32 0.031034036 
356 72 17 22 0.030934395 
895 64 24 29 0.030887425 
919 284 9 11 0.03067139 
100 145 22 28 0.030507455 
312 90 17 20 0.030080957 
277 64 15 18 0.029982055 
780 107 13 17 0.029799005 
403 67 43 51 0.029672308 
123 50 17 22 0.029648691 
957 77 15 18 0.029645521 
54 66 39 47 0.029637108 
942 75 14 19 0.02950469 
338 106 14 18 0.029495332 
765 41 16 22 0.029353658 
238 132 11 15 0.029277898 
541 107 15 19 0.02922568 
378 184 31 38 0.02914299 
672 66 42 53 0.029114194 
892 60 15 19 0.02905104 
763 64 27 33 0.029048337 
212 83 18 25 0.0289612 
652 75 41 50 0.02857945 
230 123 14 17 0.028565671 
401 88 47 58 0.02842792 
1007 43 14 20 0.028385462 
254 114 12 16 0.028253373 
89 2 17 18 0.028190812 
329 101 22 27 0.028172921 
769 105 16 21 0.028140835 
437 69 28 36 0.027796885 
182 107 16 21 0.027735686 
230 97 24 30 0.02760084 
107 118 22 27 0.02739273 
969 90 25 31 0.02718491 
714 41 17 22 0.027023021 
842 83 23 29 0.026825875 
646 0 28 24 0.026748499 
646 132 24 31 0.026337927 
906 82 29 38 0.026319243 
588 133 25 29 0.026242362 
154 148 27 33 0.026233481 
610 90 25 31 0.026224803 
237 15 15 20 0.026094219 
293 102 13 18 0.026017778 
253 23 15 19 0.025999008 
867 112 15 20 0.025996652 
950 122 13 17 0.025960563 
199 236 25 32 0.025959441 
635 131 15 17 0.025885995 
648 59 26 32 0.025812559 
188 58 213 232 0.02577247 
188 126 15 20 0.025764862 
409 115 26 32 0.025762865 
317 121 14 17 0.025728716 
766 121 22 30 0.025557172 
581 97 14 18 0.024996808 
748 107 17 22 0.024912853 
711 184 26 32 0.024844062 
780 50 42 50 0.02483932 
557 91 26 31 0.024793081 
191 82 37 50 0.02473262 
105 0 28 31 0.02453667 
73 50 24 30 0.024404917 
852 51 14 19 0.024287488 
318 78 13 16 0.024251966 
293 123 12 16 0.024220128 
785 127 23 27 0.024208054 
959 43 13 17 0.024146836 
108 129 16 21 0.024070583 
940 24 15 21 0.024055902 
888 97 16 21 0.024008183 
78 3 16 19 0.023836613 
698 53 28 32 0.023773605 
188 58 14 21 0.023757359 
182 111 24 31 0.023725782 
800 50 19 21 0.023672229 
626 114 25 32 0.023533043 
447 90 18 22 0.02350774 
963 79 25 33 0.023399724 
947 118 22 29 0.023361644 
38 6 24 29 0.023190323 
430 59 24 32 0.022987809 
-3 81 19 27 0.022965461 
60 -32 405 452 0.022874871 
325 40 15 18 0.022768134 
550 86 15 18 0.022652546 
931 107 23 30 0.022611097 
53 21 22 27 0.02251942 
477 68 35 45 0.02249112 
322 114 13 17 0.022376979 
684 61 26 34 0.02232552 
129 96 24 31 0.022223387 
924 67 14 18 0.022206124 
245 0 27 30 0.022189267 
650 118 24 33 0.02210665 
341 42 12 15 0.022046993 
86 121 13 16 0.022023696 
743 107 27 35 0.021939158 
879 59 25 30 0.02188977 
171 36 25 32 0.021846034 
719 174 28 34 0.021775994 
134 83 16 20 0.02143374 
293 130 13 17 0.021382337 
413 121 16 19 0.021373076 
700 120 26 31 0.021361498 
138 67 23 32 0.02131626 
617 63 18 22 0.021258213 
673 47 25 35 0.02118939 
56 46 19 22 0.021180354 
413 130 16 20 0.021145381 
778 132 23 30 0.021089055 
316 45 12 15 0.021024028 
19 112 16 20 0.020990128 
870 99 13 17 0.020938786 
445 88 29 36 0.020875733 
637 118 24 33 0.0208584 
85 105 23 27 0.020838274 
58 61 26 34 0.020795919 
987 13 13 16 0.020788353 
9 85 24 30 0.020719305 
236 4 23 28 0.020660313 
117 130 13 18 0.020563455 
276 137 22 28 0.020537786 
976 26 13 17 0.02043637 
180 59 25 29 0.020387152 
531 82 27 36 0.02035835 
24 -1 19 16 0.020227216 
269 91 19 23 0.020186987 
401 75 72 101 0.020060742 
