0_Parade_marchingband_1_139
73
859 91 55 67 0.94993615 
694 253 193 135 0.90858704 
394 89 29 42 0.7477323 
305 48 32 38 0.7033463 
230 89 32 39 0.59649855 
459 102 30 39 0.50707525 
64 76 53 74 0.42425615 
438 116 124 135 0.39848116 
361 190 32 39 0.2501319 
681 80 21 26 0.2386907 
431 76 198 217 0.1746224 
33 74 92 119 0.17263234 
391 100 37 56 0.17246693 
129 89 43 61 0.15275194 
774 127 30 39 0.15273623 
797 105 53 71 0.11625825 
816 88 79 101 0.09783402 
781 80 14 17 0.07890236 
785 124 34 48 0.06737732 
652 74 217 267 0.06105353 
29 104 343 466 0.059640333 
12 222 57 114 0.058065683 
707 130 27 32 0.053053692 
746 117 16 18 0.050979838 
314 119 47 60 0.048738457 
85 79 80 112 0.046246566 
64 73 37 46 0.045275245 
794 114 33 44 0.043329336 
446 94 32 49 0.04277612 
294 45 25 38 0.04049521 
220 95 48 52 0.04043283 
255 75 27 34 0.03988712 
245 79 29 39 0.03763873 
394 99 107 144 0.037597794 
50 70 26 40 0.036690712 
340 175 52 62 0.036424182 
737 121 29 37 0.035064578 
709 127 52 60 0.03449494 
247 109 57 71 0.032788683 
689 76 20 25 0.03205456 
601 208 251 246 0.031911418 
282 117 33 45 0.030666573 
685 116 300 388 0.030289223 
292 114 47 63 0.029510358 
307 92 46 59 0.029460628 
820 122 34 44 0.029078824 
804 84 25 32 0.028570527 
361 105 192 218 0.028478669 
80 83 36 42 0.02839675 
729 270 119 87 0.027867688 
45 61 44 62 0.027726842 
767 156 14 20 0.026990836 
493 418 189 252 0.02682707 
660 75 42 45 0.026560035 
510 51 227 224 0.025724018 
381 10 329 354 0.0253526 
787 88 17 21 0.025259582 
135 102 55 69 0.024643293 
456 93 45 67 0.024222352 
332 145 34 39 0.024002414 
762 127 29 37 0.02363261 
773 96 87 116 0.023628829 
419 88 29 44 0.023398278 
850 115 66 86 0.022737836 
309 55 41 51 0.022463126 
798 98 29 39 0.0224209 
732 285 36 38 0.021926627 
854 102 35 44 0.021243332 
367 289 122 184 0.021051072 
859 128 36 47 0.02100875 
330 118 29 36 0.02082557 
515 154 41 47 0.020375127 
728 100 87 114 0.020347366 
