0_Parade_Parade_0_364
24
209 130 136 174 0.9994617 
793 174 65 83 0.9992255 
362 112 91 129 0.9988262 
564 132 89 116 0.9986638 
657 116 73 98 0.9678313 
-3 463 133 212 0.8275237 
624 119 78 103 0.7657022 
36 348 195 328 0.21811073 
980 293 14 17 0.16778317 
247 3 27 35 0.10928341 
266 96 143 185 0.0550151 
353 187 15 18 0.04724628 
350 193 15 19 0.040193014 
-19 160 353 476 0.039768256 
310 84 14 17 0.031070938 
330 139 97 127 0.026871473 
264 62 101 146 0.024766047 
980 304 13 16 0.02445157 
268 7 87 115 0.024011869 
436 430 50 72 0.023925193 
200 6 28 34 0.023298785 
341 220 11 15 0.022798758 
68 482 127 193 0.022053266 
211 67 15 19 0.021136563 
