0_Parade_Parade_0_353
200
494 238 25 34 0.9728957 
388 260 22 28 0.93832743 
289 289 12 15 0.9219971 
835 263 21 25 0.83121735 
887 247 15 18 0.7760932 
328 296 27 33 0.7250833 
694 247 13 16 0.722289 
606 236 35 41 0.6417624 
455 281 12 16 0.55685014 
203 305 12 16 0.4246813 
662 216 17 20 0.41520962 
35 340 12 16 0.36233282 
582 262 34 40 0.30980742 
744 245 29 35 0.2891052 
315 266 13 15 0.221819 
796 274 11 14 0.19688775 
900 242 14 17 0.19679391 
796 253 13 15 0.1780423 
296 343 11 13 0.15654118 
860 249 13 17 0.15182513 
178 297 14 17 0.14289932 
255 291 12 14 0.12891859 
38 334 13 17 0.118181154 
259 300 12 15 0.10717735 
780 269 12 16 0.10281447 
300 341 14 17 0.10073852 
155 373 11 13 0.095716506 
725 251 11 15 0.094430305 
262 307 11 13 0.0879974 
867 249 13 17 0.087001376 
0 364 8 13 0.08446612 
308 339 13 18 0.08428863 
0 393 17 21 0.080741964 
723 257 17 24 0.07990461 
427 335 17 18 0.07546508 
244 311 11 13 0.07378454 
724 291 14 19 0.07351618 
188 299 11 15 0.06836497 
219 304 13 17 0.068314664 
44 347 12 15 0.06566006 
29 334 13 18 0.063099824 
79 322 13 15 0.06119957 
144 305 13 16 0.060845334 
851 249 20 25 0.060818758 
790 254 22 25 0.059851907 
385 258 14 22 0.058407485 
786 266 20 25 0.057913337 
936 250 10 13 0.057576664 
446 266 11 14 0.057367697 
450 243 19 21 0.056794815 
122 370 18 21 0.05532209 
654 205 12 15 0.054568615 
270 219 59 71 0.053942356 
208 300 22 25 0.051519006 
741 256 16 21 0.05143688 
307 258 23 27 0.05117122 
860 212 11 14 0.05053304 
277 348 12 14 0.049774937 
42 331 13 15 0.049436715 
555 272 34 41 0.04864262 
471 261 11 17 0.04863814 
898 232 24 27 0.047761284 
277 323 11 15 0.047688212 
203 312 15 21 0.04758167 
262 316 15 18 0.04528219 
302 307 14 18 0.04353076 
582 234 52 56 0.04338448 
482 246 26 34 0.042570572 
802 253 12 14 0.042276908 
318 331 11 15 0.041931655 
354 299 14 17 0.041438967 
449 277 20 25 0.04079417 
698 284 26 28 0.040272485 
572 257 18 23 0.039725006 
861 124 27 28 0.039661225 
68 366 12 15 0.0396317 
150 388 12 15 0.038792092 
53 343 11 14 0.03843548 
568 271 41 42 0.038306713 
97 371 16 18 0.038021896 
326 298 18 22 0.037660584 
146 388 10 14 0.037596814 
152 395 25 32 0.037179306 
13 390 12 16 0.03696705 
824 275 12 15 0.03589251 
319 293 11 14 0.035615996 
82 316 17 19 0.035484403 
899 248 13 16 0.03523822 
300 337 22 27 0.0348959 
32 344 13 17 0.034574233 
860 218 13 16 0.034556884 
575 255 30 36 0.03414049 
846 265 16 20 0.033894412 
533 245 23 28 0.03329269 
103 246 10 13 0.032930218 
190 307 11 13 0.032857586 
287 347 11 14 0.032236762 
276 355 11 14 0.03213073 
189 357 10 13 0.031962574 
856 207 10 12 0.031187132 
709 249 11 14 0.031088328 
680 181 11 13 0.030913673 
29 311 9 11 0.03002806 
363 35 55 53 0.029775178 
651 214 26 32 0.029545482 
445 250 22 28 0.029446669 
142 119 30 34 0.029416531 
941 247 8 12 0.029354943 
157 387 14 18 0.028768472 
678 268 11 15 0.02850195 
5 371 10 13 0.028477794 
4 356 12 15 0.02813744 
655 197 11 14 0.027966361 
663 252 13 16 0.02787291 
829 267 18 22 0.027815653 
4 364 10 13 0.027087895 
925 246 9 11 0.027021384 
157 380 12 15 0.026872134 
726 247 23 31 0.02678874 
301 334 15 18 0.02663798 
372 2 15 16 0.02647394 
338 291 25 32 0.026391778 
685 260 12 15 0.026360389 
279 341 12 15 0.026350666 
450 277 11 15 0.02630782 
363 11 57 53 0.026240675 
615 246 37 47 0.026207518 
380 257 34 46 0.02615886 
471 252 13 18 0.026155435 
258 287 12 14 0.0261537 
149 400 16 21 0.026025802 
63 370 15 20 0.026023585 
531 196 12 16 0.025917972 
263 329 12 16 0.025791265 
191 361 10 14 0.025786925 
37 338 20 24 0.025782194 
716 287 25 31 0.025668744 
901 301 10 11 0.025549164 
541 267 13 16 0.025489615 
776 266 21 26 0.025449151 
179 332 101 132 0.025335632 
463 355 26 36 0.025307683 
236 348 13 15 0.025092669 
111 317 9 12 0.02506167 
303 302 12 15 0.024842251 
462 259 14 17 0.024643064 
252 264 213 256 0.024541352 
879 244 15 19 0.024460284 
431 279 11 13 0.024439251 
183 295 20 25 0.024001502 
731 251 13 18 0.023891892 
677 280 12 18 0.02382203 
919 245 9 12 0.02370547 
374 284 13 18 0.023649491 
823 244 12 15 0.023515822 
636 205 14 17 0.023362832 
256 280 9 12 0.023121564 
934 300 10 13 0.023063084 
91 314 15 17 0.023023821 
60 384 14 18 0.022918332 
238 279 8 12 0.022739787 
135 320 10 12 0.022624254 
873 188 9 13 0.022615146 
246 348 11 13 0.022566503 
430 180 16 19 0.02255349 
588 225 83 97 0.022511404 
765 257 26 30 0.022468533 
120 395 11 14 0.022432301 
187 370 53 69 0.022336066 
959 253 8 11 0.022265758 
437 283 10 13 0.022216279 
442 262 20 26 0.022088995 
142 296 21 25 0.022060614 
151 316 10 13 0.022040898 
464 267 13 17 0.021920756 
661 195 11 14 0.021811653 
462 270 22 28 0.021699717 
801 274 12 15 0.021685176 
213 355 14 16 0.021575792 
667 268 14 18 0.021481425 
471 247 22 28 0.021354916 
54 332 11 14 0.021321073 
61 334 9 11 0.021165147 
268 309 11 15 0.021125637 
805 247 12 14 0.021102462 
470 259 23 28 0.021071889 
459 287 14 18 0.02092951 
221 354 14 17 0.02092482 
482 280 15 21 0.020707106 
896 300 10 12 0.020634836 
703 246 22 26 0.020572849 
260 269 9 11 0.020496143 
269 291 10 14 0.020449687 
543 270 22 34 0.020396689 
247 333 9 11 0.020298189 
411 265 13 19 0.02024662 
925 262 10 12 0.020236248 
893 238 16 19 0.020170314 
375 280 23 30 0.020071216 
286 338 21 23 0.020020986 
