0_Parade_marchingband_1_606
188
256 137 32 40 0.99910563 
840 154 30 36 0.99891865 
486 133 35 41 0.99865425 
784 151 36 47 0.9970521 
44 155 32 40 0.99293363 
613 191 28 32 0.99097717 
702 173 28 34 0.9842494 
131 210 24 29 0.97552717 
428 178 25 33 0.36329728 
499 318 50 74 0.3279386 
603 166 16 21 0.2904439 
16 212 17 21 0.2835807 
942 250 14 15 0.24501687 
194 213 17 21 0.20243569 
173 345 14 17 0.1730929 
905 319 24 29 0.15849835 
601 138 17 22 0.13257861 
484 86 25 32 0.120267965 
598 192 30 33 0.11333912 
173 213 15 20 0.109611265 
848 109 20 27 0.098236196 
932 237 10 14 0.09558054 
214 395 14 17 0.09490321 
976 277 9 12 0.09348615 
358 331 13 16 0.082545474 
984 262 8 10 0.081625104 
366 412 13 18 0.078759134 
980 328 12 17 0.07763385 
421 143 17 23 0.07734213 
956 327 15 19 0.07716777 
975 271 9 11 0.07548001 
990 317 11 14 0.073465854 
995 317 11 13 0.07004983 
796 106 23 30 0.061195347 
191 359 12 18 0.0607507 
975 300 11 13 0.059583742 
3 223 12 18 0.05952558 
949 258 13 17 0.05945806 
194 244 15 19 0.059152294 
980 301 11 12 0.058812413 
862 311 16 20 0.057900213 
1015 252 8 12 0.053937867 
328 333 10 14 0.053271994 
725 355 16 20 0.052820057 
632 139 16 20 0.05214877 
403 272 14 17 0.049478263 
169 394 14 19 0.048343454 
0 137 14 20 0.04280107 
2 144 35 47 0.041869044 
965 345 12 17 0.041115087 
999 295 9 10 0.04110757 
74 273 46 62 0.040787935 
1008 288 7 10 0.040713564 
957 267 13 15 0.04057269 
645 205 16 21 0.040563807 
991 294 9 12 0.040531635 
981 278 9 11 0.04024196 
1008 302 8 11 0.039960995 
982 270 9 11 0.039890442 
981 293 11 14 0.039834607 
958 229 11 14 0.03849973 
586 192 26 32 0.038411733 
936 243 12 15 0.03791973 
-1 419 14 22 0.037503738 
1015 308 8 11 0.03743964 
974 293 12 15 0.037173368 
205 202 13 16 0.03716122 
525 402 14 17 0.036893956 
438 341 30 44 0.036889054 
948 223 12 13 0.036626883 
888 309 41 56 0.03634159 
915 199 14 18 0.036324255 
346 316 40 48 0.03598921 
983 317 13 15 0.034911256 
975 307 10 12 0.034773275 
175 204 23 30 0.03450958 
648 140 407 459 0.0342671 
627 145 23 31 0.034097042 
3 132 25 32 0.033368457 
560 207 28 31 0.033281215 
976 284 10 13 0.0331477 
965 269 10 12 0.032925606 
197 202 24 30 0.032867197 
191 379 12 16 0.032823786 
439 182 19 24 0.03278998 
772 255 189 262 0.032644078 
992 280 7 9 0.0323923 
654 388 16 21 0.03231436 
186 216 24 31 0.03230978 
180 378 11 15 0.032254726 
609 340 15 18 0.0315314 
945 228 11 13 0.03151879 
652 187 17 21 0.031150999 
-1 138 20 32 0.031113269 
963 325 14 17 0.030630773 
1006 335 11 14 0.030282853 
110 351 11 13 0.03028181 
168 348 12 15 0.030127995 
779 300 94 133 0.029793747 
643 362 14 18 0.029758688 
185 235 25 32 0.02957856 
580 338 13 15 0.029498132 
991 286 9 11 0.029307706 
643 343 16 22 0.029087933 
355 325 23 28 0.029006913 
0 197 10 17 0.029000228 
820 370 55 84 0.028762242 
914 317 15 19 0.028634096 
998 312 10 13 0.028601108 
690 175 26 32 0.028462285 
617 315 17 19 0.028393906 
198 415 11 14 0.027967993 
571 214 15 20 0.027541813 
655 380 13 16 0.027516373 
981 285 10 13 0.02749469 
972 347 11 16 0.027380528 
899 319 19 24 0.02729046 
3 210 20 28 0.027199129 
714 145 16 19 0.026917173 
393 316 9 12 0.026867235 
965 244 12 13 0.026736652 
635 159 16 20 0.026681775 
1015 316 10 13 0.026634293 
212 211 15 19 0.026624724 
360 390 9 13 0.02648734 
882 387 13 17 0.02637219 
331 340 12 16 0.026351692 
826 322 27 32 0.026272295 
635 331 18 19 0.026117302 
956 262 12 15 0.025975656 
115 201 15 18 0.025608573 
958 236 12 14 0.025568398 
866 328 46 69 0.025173083 
497 85 22 31 0.02496162 
1015 302 9 13 0.024925552 
990 300 10 12 0.024813155 
171 387 14 18 0.024558896 
397 292 11 13 0.024452763 
849 312 48 72 0.024196627 
8 311 22 30 0.024190517 
238 392 10 14 0.024161108 
164 388 15 20 0.024120184 
999 287 9 11 0.024003338 
973 317 11 14 0.023946984 
959 274 11 15 0.023879662 
981 309 11 12 0.023853762 
934 300 11 14 0.023843437 
405 342 9 13 0.023737399 
663 181 28 34 0.023491353 
953 250 13 16 0.023415877 
992 272 7 9 0.023389613 
327 328 9 13 0.02329263 
950 323 15 20 0.023266185 
949 290 10 13 0.023161814 
291 145 14 19 0.023120476 
375 323 11 15 0.022928348 
178 228 14 18 0.022798307 
333 417 15 18 0.022705548 
1007 308 10 12 0.02265367 
968 293 10 12 0.022610158 
358 344 14 17 0.022581654 
937 251 12 14 0.022498865 
783 106 24 33 0.022435322 
406 159 11 13 0.022394475 
964 230 11 14 0.022372365 
955 244 13 15 0.022117907 
764 188 16 19 0.022097778 
167 215 15 20 0.021932485 
1000 300 8 11 0.021780746 
1006 293 9 11 0.021745356 
355 336 25 33 0.021591643 
764 328 56 76 0.021486253 
946 245 22 25 0.02137712 
646 425 11 14 0.021077344 
968 318 11 14 0.021058725 
277 406 10 13 0.021035127 
902 335 14 18 0.02102251 
1015 287 8 10 0.021007445 
974 253 11 13 0.020937022 
149 180 13 16 0.020640057 
392 294 11 14 0.020613791 
1008 277 9 11 0.020609526 
925 231 12 15 0.020544965 
816 305 94 146 0.020529797 
813 104 28 35 0.020474363 
480 107 44 51 0.020456787 
958 309 11 13 0.020389618 
990 312 11 13 0.020021368 
