0_Parade_Parade_0_137
168
102 278 25 37 0.55211455 
706 350 21 28 0.5457618 
752 450 18 23 0.49913523 
237 468 15 18 0.40549013 
134 291 48 56 0.39934704 
714 464 30 39 0.37628722 
442 311 46 54 0.3370676 
1003 335 15 23 0.32553792 
951 459 15 22 0.3222111 
715 449 14 18 0.26854697 
961 486 19 24 0.20950438 
295 318 53 63 0.14818925 
340 346 24 30 0.119041055 
988 370 24 29 0.11031048 
-2 236 51 81 0.10211777 
997 284 12 16 0.10209664 
988 408 15 22 0.09829863 
1012 493 13 20 0.09485437 
506 349 19 24 0.09296914 
998 510 16 20 0.091020316 
756 443 25 29 0.08282008 
662 487 14 19 0.08135264 
545 314 55 63 0.07799084 
56 346 28 33 0.07774489 
685 374 17 20 0.07487015 
582 390 35 39 0.07217451 
519 324 13 17 0.07200848 
710 453 26 35 0.07139601 
996 316 10 13 0.07075625 
757 503 31 34 0.06579707 
656 455 22 28 0.06494672 
107 273 45 57 0.06371131 
1014 284 10 16 0.06353134 
738 484 50 63 0.062010963 
932 364 14 16 0.060871653 
618 392 15 20 0.06066022 
579 -66 431 541 0.057019226 
88 264 44 59 0.05564134 
373 324 46 52 0.055263992 
384 378 18 20 0.05281295 
-2 433 18 39 0.051634245 
992 312 10 13 0.050813206 
427 446 101 124 0.049778003 
0 428 11 20 0.04815949 
1014 314 10 16 0.046060577 
168 117 11 13 0.044649463 
690 402 17 19 0.04441672 
881 397 31 36 0.044255458 
499 298 26 32 0.042079825 
379 342 15 19 0.041538008 
250 444 16 20 0.041082267 
43 331 50 64 0.04104658 
450 460 63 78 0.04043109 
622 351 9 12 0.04042004 
15 354 12 15 0.04023384 
999 342 15 22 0.039808474 
54 353 15 20 0.039347466 
906 395 16 20 0.039003264 
210 348 24 28 0.03881282 
926 302 9 12 0.038607582 
562 357 55 62 0.038527615 
668 365 14 17 0.03850897 
941 518 15 18 0.03839724 
33 470 44 51 0.03768797 
998 331 15 20 0.03734533 
311 332 53 60 0.03727225 
612 386 16 20 0.037224133 
651 471 23 32 0.036762036 
645 365 13 16 0.036467385 
510 337 45 57 0.036390934 
982 308 9 12 0.036249056 
928 307 10 14 0.035536878 
327 345 29 35 0.03466322 
941 308 17 21 0.034007523 
285 328 13 20 0.033296656 
753 445 40 48 0.03309992 
3 325 16 23 0.032604266 
868 531 59 72 0.032585822 
902 292 9 13 0.03212844 
733 355 10 14 0.032081395 
584 337 24 31 0.03195658 
3 362 15 22 0.031770147 
935 309 11 15 0.031719677 
994 455 19 21 0.031663373 
189 361 14 18 0.031349592 
376 335 25 31 0.031173067 
6 357 24 33 0.031113027 
925 385 15 18 0.030682204 
501 340 16 18 0.030639142 
914 315 12 15 0.02983939 
594 341 17 21 0.029550774 
1005 501 19 34 0.029513076 
285 311 14 21 0.028661922 
58 262 17 19 0.028528173 
261 349 12 16 0.028365852 
483 330 14 19 0.028207682 
648 457 47 59 0.027697872 
1007 307 11 15 0.027440788 
390 337 27 32 0.027412016 
896 398 24 32 0.027316187 
986 342 23 29 0.02696007 
670 390 12 16 0.026919728 
990 389 27 33 0.026900344 
38 292 84 109 0.026713403 
595 385 27 33 0.026563907 
360 316 23 35 0.025876258 
78 218 14 20 0.025580827 
912 497 16 20 0.025512453 
616 378 22 27 0.025407238 
513 310 21 31 0.025229579 
65 333 51 69 0.0252061 
517 303 14 20 0.02486886 
666 473 17 20 0.02419156 
996 324 14 19 0.024162538 
907 386 16 20 0.02407192 
657 333 9 11 0.023906915 
1012 441 13 17 0.02390524 
354 348 14 18 0.02390256 
357 339 26 32 0.023823902 
653 453 17 21 0.023696065 
795 579 17 20 0.023690622 
492 332 46 55 0.023652345 
941 456 21 26 0.023643367 
459 328 28 33 0.023636924 
519 319 51 60 0.023629945 
186 388 17 21 0.023628939 
626 380 14 19 0.023578256 
959 464 17 20 0.02357825 
983 403 14 19 0.023350248 
14 472 44 54 0.023216888 
927 365 23 28 0.022986583 
428 288 85 95 0.022879455 
740 440 23 29 0.022812765 
717 467 45 60 0.022707252 
62 341 15 18 0.022610568 
633 350 9 12 0.022604112 
970 493 17 21 0.022602981 
907 469 12 17 0.022574876 
292 200 24 36 0.022521205 
487 281 45 57 0.02235921 
60 254 53 70 0.022112552 
476 346 13 15 0.021921145 
961 497 26 31 0.021802057 
2 297 10 17 0.021748977 
979 492 13 17 0.02171415 
360 386 24 32 0.021700073 
708 552 34 34 0.021667855 
642 342 8 11 0.021602921 
990 481 15 18 0.021208055 
567 393 33 38 0.021164365 
737 458 45 56 0.02106946 
634 408 16 21 0.021012045 
249 170 55 65 0.020956172 
78 44 11 16 0.02080245 
994 404 17 22 0.020671718 
610 393 23 32 0.020664267 
415 331 10 14 0.02062502 
4 341 43 60 0.02060356 
421 330 10 14 0.02053254 
36 76 13 16 0.020472096 
181 346 14 18 0.020463798 
562 332 31 36 0.020313272 
634 432 45 57 0.02020876 
113 155 12 15 0.020206893 
760 462 26 35 0.020192428 
991 330 13 18 0.02017404 
768 325 11 14 0.020172482 
10 326 12 18 0.020012379 
