0_Parade_marchingband_1_653
843
510 131 15 19 0.98034084 
324 135 15 22 0.9790341 
602 137 15 19 0.9616893 
869 193 16 21 0.960659 
960 180 16 21 0.94919395 
225 139 16 19 0.94633555 
537 195 14 18 0.9275014 
737 132 14 18 0.92698777 
123 147 16 19 0.92523766 
397 87 14 18 0.9167039 
70 97 12 16 0.892039 
417 141 15 19 0.8876172 
599 185 16 19 0.88524246 
824 29 13 16 0.85964036 
375 145 13 17 0.85907745 
508 33 11 14 0.8569225 
874 117 16 20 0.85300136 
559 128 14 18 0.838125 
258 109 14 18 0.81598276 
212 96 12 15 0.798383 
43 196 17 21 0.7937522 
173 134 16 22 0.7845056 
783 33 12 15 0.78391314 
762 190 18 23 0.7816992 
25 139 16 21 0.77061886 
480 205 14 17 0.7683927 
76 142 16 20 0.7679772 
186 43 11 14 0.7622974 
320 41 11 16 0.7602725 
302 96 13 16 0.7567346 
555 36 10 12 0.75052077 
460 146 14 18 0.7473576 
863 38 13 15 0.73840266 
888 96 13 18 0.73133445 
648 127 15 20 0.73084617 
743 41 11 15 0.72786844 
628 90 12 16 0.72559536 
363 45 12 15 0.7178223 
466 36 11 15 0.7173425 
351 95 14 17 0.7164892 
674 92 14 17 0.7140291 
534 95 13 16 0.71377295 
168 96 12 14 0.6978269 
396 199 14 18 0.6771004 
604 39 11 14 0.6760628 
924 113 17 20 0.6728433 
760 88 12 15 0.6722378 
780 133 16 19 0.67003495 
959 38 12 15 0.66290385 
677 193 16 21 0.6597512 
847 89 14 19 0.6588702 
913 30 10 14 0.65202624 
806 92 13 16 0.6381862 
46 45 11 14 0.6335749 
230 47 11 14 0.63323516 
988 92 15 19 0.6324976 
932 93 13 16 0.6298169 
222 205 12 15 0.5960399 
488 81 13 18 0.5637753 
442 93 12 16 0.5607853 
408 35 11 15 0.53098404 
114 91 12 13 0.50518775 
99 52 9 12 0.49956933 
274 155 12 16 0.48838186 
753 63 9 12 0.47404096 
979 129 14 17 0.46602482 
158 74 11 13 0.46383065 
699 28 10 13 0.4589601 
690 121 17 20 0.45720974 
174 112 14 18 0.45137435 
476 54 14 17 0.41096228 
820 54 12 13 0.40528092 
584 90 12 16 0.3988691 
311 209 13 18 0.3891558 
798 53 11 14 0.38831967 
523 154 14 18 0.3862112 
186 157 16 20 0.37669006 
22 97 14 17 0.36866358 
708 141 14 17 0.3651861 
317 110 14 18 0.36359662 
395 239 18 22 0.35614264 
715 83 14 19 0.34870607 
821 123 16 19 0.33185366 
877 58 12 14 0.32689196 
240 68 11 15 0.30898115 
135 170 14 18 0.3074614 
79 116 13 16 0.3042794 
151 56 10 14 0.29587603 
200 61 9 13 0.29284543 
90 163 15 19 0.2840858 
274 53 11 14 0.2784556 
334 156 16 19 0.27493504 
572 148 14 18 0.26812834 
774 105 12 15 0.26722848 
303 220 26 37 0.2587968 
972 59 9 12 0.25524223 
168 137 13 19 0.253119 
654 21 11 15 0.25276494 
131 203 12 17 0.24833946 
549 217 13 17 0.24700294 
452 111 13 17 0.24421975 
568 54 9 12 0.24117771 
873 60 10 12 0.23541473 
642 75 9 12 0.22191483 
644 104 12 16 0.21553011 
21 106 13 16 0.21408482 
688 216 16 20 0.21382605 
222 113 13 16 0.21365777 
520 51 10 13 0.21321782 
126 111 11 14 0.21156012 
379 62 13 17 0.21107599 
861 106 13 17 0.20358971 
939 94 13 16 0.19076987 
733 102 12 15 0.18512326 
993 149 15 17 0.18242851 
925 50 11 14 0.17843297 
712 44 10 13 0.17713104 
665 42 11 14 0.17696528 
981 78 11 14 0.16962107 
511 199 11 15 0.16578153 
284 68 11 14 0.1647554 
943 107 14 18 0.16412653 
406 105 12 16 0.15936686 
547 111 12 16 0.15802003 
548 195 13 16 0.1577032 
840 47 10 14 0.1514936 
52 62 11 15 0.15109764 
276 60 11 13 0.15035924 
321 197 12 15 0.15010332 
243 63 14 16 0.14816128 
245 212 11 13 0.14716975 
465 210 11 15 0.14401613 
902 114 13 16 0.14228565 
659 143 16 21 0.14086905 
501 99 14 18 0.13524519 
158 212 9 13 0.13265431 
420 53 12 15 0.1313752 
688 116 14 18 0.12944125 
818 115 15 18 0.12713604 
852 22 10 13 0.12661342 
439 59 10 12 0.120519385 
597 109 12 16 0.12026375 
796 138 15 18 0.11475913 
315 202 15 21 0.11437528 
239 161 13 17 0.112901576 
844 46 11 14 0.11082806 
882 58 13 15 0.108030014 
357 29 10 13 0.10647234 
755 67 11 13 0.10643663 
351 83 20 24 0.10561417 
839 145 15 18 0.10214837 
365 111 12 16 0.10157982 
610 260 15 19 0.101288505 
190 212 12 14 0.09999634 
912 25 9 13 0.099683985 
613 58 12 13 0.09909808 
583 97 13 17 0.09809763 
904 87 11 14 0.09768888 
598 21 8 11 0.0965962 
111 70 9 10 0.09532076 
29 115 13 16 0.09525362 
670 195 20 29 0.0952238 
116 99 11 14 0.09205282 
612 210 16 19 0.08942067 
796 20 11 13 0.08921114 
917 219 10 14 0.08894527 
154 37 9 12 0.0876401 
827 116 13 18 0.087618485 
471 166 13 17 0.08682771 
218 203 20 25 0.08640492 
867 107 14 18 0.08639943 
773 250 16 21 0.08604222 
751 24 9 11 0.0858091 
373 206 11 14 0.08563265 
750 149 15 20 0.085050896 
125 202 22 31 0.08466218 
602 224 17 20 0.08463886 
37 29 10 14 0.084370084 
1011 172 12 18 0.08401555 
117 199 37 53 0.0823108 
83 111 12 15 0.080743566 
151 99 10 13 0.0788597 
254 235 14 17 0.07851723 
419 35 11 14 0.07850646 
984 71 10 11 0.07840662 
776 29 13 16 0.07711829 
836 213 12 17 0.07705044 
946 102 12 15 0.07663675 
990 63 9 11 0.0762241 
206 137 12 17 0.0750583 
795 148 14 19 0.07501451 
493 225 11 15 0.07439909 
969 21 8 11 0.074062094 
109 157 11 15 0.07302817 
891 139 15 18 0.07204156 
103 95 9 12 0.07179214 
588 245 13 18 0.071513616 
715 96 14 17 0.071349315 
509 75 11 15 0.07124231 
156 54 12 15 0.070705175 
359 37 13 17 0.07052361 
439 86 13 17 0.0704314 
775 52 9 11 0.06970637 
110 140 11 15 0.0691857 
623 97 14 18 0.06902925 
119 109 11 14 0.068965696 
725 133 22 25 0.06803056 
697 36 10 13 0.06786589 
215 210 11 13 0.06772735 
757 195 27 32 0.06760304 
968 56 10 13 0.06732374 
482 58 12 15 0.067078985 
328 61 12 14 0.06688122 
744 24 8 11 0.066514514 
61 143 15 18 0.06623461 
128 77 9 12 0.065972984 
742 49 11 15 0.06590156 
727 101 12 15 0.065586425 
124 268 11 13 0.06416569 
975 30 10 13 0.06366569 
672 87 13 17 0.06353716 
205 261 9 12 0.06334306 
651 141 17 23 0.06305665 
974 205 13 17 0.06276866 
604 213 22 25 0.062110428 
119 274 11 15 0.06208002 
17 79 9 12 0.061745398 
832 14 10 12 0.061108127 
551 31 18 22 0.06103254 
645 133 20 27 0.061025325 
207 86 11 15 0.060418878 
44 39 19 25 0.060380366 
21 79 10 12 0.060214676 
809 97 13 18 0.060049847 
109 77 10 12 0.05994601 
554 196 12 15 0.05977775 
74 95 12 14 0.059221406 
744 131 16 20 0.059044983 
620 -1 49 55 0.05858022 
544 85 12 15 0.058538973 
592 16 9 11 0.058472477 
216 113 12 15 0.05831419 
23 115 23 27 0.057708476 
876 227 15 17 0.056855895 
943 28 10 13 0.056635603 
702 44 10 13 0.056627978 
965 86 11 13 0.056438822 
460 100 11 15 0.05591595 
523 47 12 15 0.055620026 
302 104 13 16 0.055619717 
814 109 12 17 0.055615835 
775 46 10 12 0.054757953 
420 207 13 16 0.054210734 
183 37 19 23 0.05418284 
975 22 9 12 0.054135602 
554 131 12 16 0.05403522 
757 29 10 11 0.05400442 
816 29 11 15 0.053842064 
311 112 15 18 0.053786695 
581 80 11 14 0.05330454 
931 109 15 20 0.053148013 
492 87 13 18 0.053100687 
469 207 13 15 0.053002775 
286 172 13 16 0.052978314 
41 51 10 12 0.052894443 
265 108 12 18 0.052857 
942 25 8 11 0.052736923 
887 66 11 15 0.052734528 
192 60 10 13 0.052672584 
589 212 14 18 0.05265348 
646 72 10 12 0.052632965 
514 35 11 14 0.05259584 
15 84 10 14 0.052520987 
975 82 11 13 0.052462928 
583 250 11 15 0.05236447 
845 199 11 17 0.052056164 
97 162 14 17 0.051912148 
944 34 10 14 0.051580835 
300 87 14 18 0.051369973 
589 107 13 17 0.050667185 
16 97 12 18 0.05057899 
753 92 11 13 0.05041817 
694 23 18 23 0.049796127 
183 59 10 12 0.04967692 
271 160 13 17 0.049656168 
971 135 21 26 0.049414515 
989 68 9 11 0.049214948 
431 162 14 17 0.04887457 
766 207 25 28 0.048663545 
828 51 12 13 0.048650723 
685 164 16 19 0.048241775 
444 89 20 24 0.048206232 
38 37 12 15 0.047693428 
164 58 12 15 0.047601055 
103 76 10 14 0.047434144 
407 41 11 14 0.04698177 
816 50 19 23 0.0466349 
456 52 9 12 0.04646911 
268 130 12 15 0.046364836 
823 217 14 19 0.04598141 
901 46 9 10 0.04584725 
167 112 14 18 0.045444213 
1013 68 10 15 0.04541344 
379 13 12 15 0.045276698 
91 226 11 15 0.044884663 
948 133 14 17 0.04482887 
984 62 9 11 0.04478444 
235 51 10 13 0.04471956 
120 263 9 11 0.044673037 
675 208 24 28 0.044662274 
895 76 9 12 0.044654746 
10 139 22 29 0.044460543 
96 60 11 13 0.044037916 
1008 55 9 11 0.043848004 
756 55 12 14 0.04374407 
750 53 11 15 0.043726794 
213 227 14 19 0.043557413 
611 38 10 14 0.04335763 
654 69 10 12 0.04330266 
24 112 12 16 0.043244995 
792 14 13 14 0.043128125 
953 36 11 15 0.04290991 
246 43 15 19 0.04277941 
225 52 11 14 0.042715695 
851 95 15 18 0.042597644 
899 87 20 25 0.042517077 
687 111 12 14 0.042409055 
211 134 13 18 0.04233874 
1006 83 12 17 0.042291347 
296 83 13 17 0.042278953 
963 133 15 18 0.04226324 
110 47 10 11 0.04210165 
739 106 12 15 0.041907236 
374 19 14 16 0.041866437 
1009 60 10 12 0.041699063 
184 233 9 14 0.04143092 
877 53 21 25 0.041173685 
387 67 12 15 0.04112215 
735 94 11 16 0.04103406 
101 32 9 10 0.040982757 
951 16 8 10 0.04088295 
609 186 14 19 0.040676236 
928 87 12 16 0.040558945 
897 45 9 11 0.040493988 
854 61 11 13 0.040466234 
509 24 10 13 0.040147997 
151 117 10 14 0.040095363 
910 51 11 14 0.039991613 
207 77 11 14 0.039742853 
41 163 16 19 0.039644938 
123 217 15 24 0.039639495 
94 47 18 23 0.03961476 
879 46 10 12 0.03956993 
378 151 14 17 0.03956159 
355 73 21 26 0.039518945 
574 60 11 13 0.03942014 
228 228 14 16 0.039396152 
135 63 9 11 0.03939546 
79 84 10 12 0.039337847 
953 44 10 12 0.03930584 
682 183 23 29 0.039118502 
79 77 10 14 0.03894379 
429 100 14 15 0.03886533 
745 59 9 12 0.038788877 
669 188 16 22 0.03876545 
454 98 11 15 0.03872505 
366 22 11 14 0.038718358 
638 101 11 18 0.038354747 
647 19 12 17 0.038205177 
529 93 13 17 0.038181163 
596 218 17 21 0.038171034 
276 34 13 15 0.038164344 
21 101 22 25 0.03814055 
381 226 13 18 0.03810641 
458 108 13 16 0.03802383 
683 252 13 16 0.038015433 
949 31 10 12 0.038014304 
751 86 19 25 0.037973292 
684 243 12 14 0.037794996 
552 44 11 13 0.037766036 
130 114 13 16 0.037760235 
343 236 13 16 0.03765368 
369 44 13 16 0.037612155 
995 85 16 18 0.03754321 
555 116 11 16 0.037523568 
827 24 12 15 0.03751634 
827 211 20 25 0.037385385 
772 102 20 24 0.037270747 
145 60 9 12 0.036968026 
778 181 22 29 0.036900837 
581 61 10 13 0.03678787 
839 201 13 19 0.036681335 
216 61 9 12 0.03654969 
741 91 11 14 0.03646079 
935 24 10 12 0.036196824 
781 42 12 14 0.03614742 
563 35 10 14 0.036107205 
803 152 14 18 0.035970412 
597 16 9 12 0.035927884 
302 208 22 32 0.035896268 
687 127 14 18 0.03578785 
696 43 11 13 0.03572971 
535 60 10 13 0.035670415 
349 103 15 19 0.035639867 
854 54 10 11 0.035620857 
310 37 21 25 0.035241343 
914 88 21 25 0.03522124 
112 64 9 12 0.035158094 
741 71 11 12 0.034993283 
701 171 13 18 0.034919232 
583 28 10 13 0.034741774 
1009 35 9 13 0.03465714 
352 36 11 14 0.03462708 
747 203 25 33 0.03458015 
309 85 15 17 0.034569997 
940 86 12 16 0.034517467 
308 60 12 14 0.034476835 
172 120 22 28 0.034462065 
857 44 9 12 0.03439439 
65 96 12 14 0.034286115 
158 109 11 14 0.03417057 
95 67 11 13 0.03402941 
774 22 12 15 0.033977177 
316 83 11 15 0.033962876 
135 175 23 31 0.03384245 
214 223 24 29 0.033822104 
628 103 13 18 0.03378428 
910 26 17 22 0.03373376 
402 100 20 25 0.03371621 
183 93 12 15 0.033715215 
254 226 22 29 0.033615597 
30 70 9 11 0.033585906 
398 257 12 16 0.033573553 
919 47 10 13 0.033502795 
744 270 11 14 0.033408646 
637 126 20 26 0.033357345 
660 199 22 30 0.033331446 
932 46 10 13 0.03330825 
152 74 13 15 0.033280402 
600 35 18 22 0.03327101 
750 189 24 31 0.033229772 
933 85 22 28 0.03319709 
859 93 12 16 0.033190902 
795 28 14 15 0.033129472 
128 71 9 12 0.033073492 
553 213 15 19 0.033005133 
277 64 20 24 0.032942913 
917 24 10 13 0.03294042 
551 51 10 13 0.032892354 
270 48 19 23 0.03280254 
683 195 23 35 0.032711223 
126 263 10 13 0.032693755 
607 60 12 14 0.032602556 
52 215 15 19 0.032590654 
957 33 12 14 0.03257373 
806 21 10 11 0.032342263 
103 71 9 11 0.032198306 
789 145 15 21 0.032038335 
927 27 10 13 0.03189317 
814 14 10 12 0.03184085 
758 78 11 14 0.031833623 
245 51 15 18 0.031793665 
762 233 18 19 0.031642634 
109 84 19 23 0.03154895 
379 165 15 19 0.031445935 
560 53 11 12 0.0313806 
754 140 14 17 0.031274997 
399 30 20 24 0.031062244 
697 118 15 19 0.031048618 
188 235 10 15 0.030981498 
981 23 9 10 0.030969871 
944 212 11 15 0.030935768 
219 238 17 21 0.030909553 
911 173 11 14 0.030854829 
930 250 15 19 0.030842967 
398 20 10 13 0.03082821 
75 154 24 28 0.030818306 
157 266 11 14 0.030790014 
265 23 9 12 0.030532034 
300 228 15 21 0.030505719 
634 6 25 33 0.03047235 
533 54 11 13 0.030450065 
503 76 12 14 0.030413976 
891 59 11 15 0.030361272 
837 35 10 14 0.030274928 
925 158 14 15 0.030268114 
356 94 22 25 0.03026292 
805 58 10 12 0.030262463 
814 21 11 13 0.030258587 
982 55 9 12 0.030206595 
396 79 14 19 0.030011872 
651 13 22 29 0.029868815 
381 53 13 16 0.029841846 
593 20 9 11 0.029799776 
950 204 11 14 0.029788027 
620 59 10 13 0.029690797 
101 157 13 17 0.02956608 
877 95 20 24 0.029524736 
186 206 21 25 0.02941085 
750 57 17 23 0.029406061 
542 88 20 25 0.029333167 
251 61 12 14 0.029328674 
146 54 10 13 0.029302845 
781 24 11 15 0.029257916 
601 82 10 14 0.02921804 
564 30 10 13 0.029205143 
781 50 10 13 0.02906256 
70 78 10 13 0.02905471 
75 133 15 20 0.029051805 
103 84 10 13 0.029031057 
188 49 12 15 0.028981704 
768 45 11 13 0.02895817 
610 274 13 17 0.028927159 
388 222 11 14 0.028779306 
291 58 14 16 0.028741665 
526 116 14 17 0.02873642 
734 90 20 25 0.028674044 
511 16 8 11 0.028628219 
998 53 9 12 0.028608782 
405 23 9 12 0.02859705 
210 90 20 24 0.028484987 
203 53 14 16 0.02842389 
165 87 13 18 0.02839997 
556 92 12 16 0.028330162 
159 139 15 19 0.02832393 
117 68 10 13 0.028226059 
271 28 11 14 0.028082363 
474 36 13 16 0.028070848 
686 172 22 28 0.028050028 
596 175 17 21 0.02794503 
590 134 21 25 0.02794287 
544 79 11 14 0.027920047 
854 219 14 20 0.027908219 
792 60 11 12 0.027888987 
303 207 45 59 0.027883947 
162 69 12 15 0.02786237 
63 76 11 15 0.02782265 
529 77 10 13 0.02781724 
217 98 12 15 0.027808877 
638 70 19 25 0.027805518 
814 128 15 18 0.027673239 
755 214 26 30 0.0276663 
495 73 20 24 0.027592318 
505 135 14 18 0.027540855 
709 77 15 19 0.027540173 
885 46 10 12 0.027528089 
252 36 13 14 0.027505131 
666 142 14 19 0.027478192 
380 63 20 25 0.027261285 
803 133 16 18 0.027259022 
255 31 10 13 0.02713939 
615 156 12 16 0.027139135 
93 140 13 17 0.027088908 
847 270 10 14 0.027069075 
604 255 16 18 0.02701642 
880 92 13 16 0.026973747 
944 52 9 12 0.026932618 
724 197 12 16 0.026828116 
1012 73 12 19 0.026825389 
205 69 10 12 0.026822664 
590 68 10 13 0.026764922 
126 83 11 15 0.026674628 
172 39 21 25 0.026670963 
5 93 14 21 0.026634725 
592 106 20 25 0.026614329 
936 69 11 14 0.026612174 
133 267 11 14 0.0265607 
142 76 12 15 0.026439937 
207 155 11 15 0.026421936 
780 61 11 13 0.02636465 
421 46 13 16 0.026345694 
768 52 11 13 0.026333991 
71 116 13 15 0.026323972 
645 3 12 16 0.026210666 
462 22 9 13 0.026168084 
748 272 12 17 0.02612993 
863 16 9 10 0.02612163 
332 64 12 16 0.026091978 
609 283 12 15 0.026032053 
688 45 9 12 0.026031012 
441 41 244 231 0.026020182 
960 21 8 11 0.02601774 
232 201 23 28 0.02596055 
891 103 15 19 0.025960468 
166 195 14 18 0.025928004 
460 92 13 17 0.025885442 
359 60 11 13 0.025868466 
358 68 12 16 0.02585382 
301 58 11 15 0.025794402 
940 97 20 24 0.02577951 
314 216 14 21 0.025776517 
307 111 23 30 0.025681287 
543 29 12 13 0.025655486 
508 93 13 17 0.025622843 
51 50 12 16 0.025588797 
404 222 12 14 0.02555335 
609 131 17 22 0.025551561 
710 50 11 13 0.02552341 
77 162 28 33 0.025515905 
174 60 10 13 0.025515787 
452 96 20 26 0.025505498 
205 206 21 27 0.02549765 
879 25 10 12 0.0254931 
399 268 11 13 0.025489785 
213 221 12 16 0.025469497 
604 242 13 14 0.02545581 
195 44 12 14 0.025424307 
981 119 13 16 0.0254174 
210 211 11 14 0.025367338 
351 53 13 16 0.02535304 
761 238 25 28 0.025347762 
152 69 20 25 0.025343005 
662 36 21 25 0.02533733 
54 99 11 16 0.025298603 
935 36 10 13 0.02524122 
250 211 13 17 0.025229784 
159 98 12 15 0.025108209 
676 234 17 18 0.025062207 
158 44 11 14 0.024994785 
454 45 11 14 0.024948964 
561 134 15 20 0.024923757 
94 82 12 16 0.024865454 
969 29 10 12 0.024803713 
811 147 15 20 0.024741104 
919 109 15 19 0.024732515 
766 27 12 15 0.024729364 
980 29 10 12 0.02472811 
737 29 11 12 0.02471657 
264 69 10 13 0.024668911 
911 44 11 12 0.024593325 
648 92 11 15 0.024537139 
360 104 20 26 0.024520874 
911 15 8 11 0.024504615 
191 67 11 14 0.024496686 
959 220 9 12 0.024457231 
599 61 11 13 0.024370097 
313 211 25 39 0.024331674 
803 44 13 16 0.024323037 
324 51 13 16 0.024317492 
261 122 14 17 0.024302015 
217 116 21 25 0.02429292 
736 60 10 13 0.024278957 
885 265 16 21 0.024268607 
144 70 9 11 0.024203094 
951 22 8 10 0.024190798 
241 209 22 28 0.024128497 
444 54 12 14 0.02409316 
95 76 13 15 0.024081273 
656 130 15 20 0.024056861 
653 91 12 14 0.024033098 
199 236 11 15 0.024017503 
242 57 22 27 0.023995385 
134 276 12 14 0.023995323 
225 223 23 30 0.023913259 
955 116 14 18 0.023888316 
871 66 11 14 0.023867812 
807 29 12 15 0.023864623 
118 62 9 12 0.023809263 
864 59 10 14 0.02375936 
926 15 10 11 0.023715336 
369 114 13 17 0.023713818 
381 132 12 15 0.023676513 
902 78 11 14 0.023676207 
574 196 11 14 0.023632297 
592 28 9 12 0.023604235 
660 186 16 22 0.023560088 
1012 54 10 13 0.023557613 
260 100 22 28 0.023514176 
956 131 15 19 0.023456218 
682 275 13 16 0.02344073 
981 38 9 11 0.023423815 
455 29 12 16 0.02338933 
219 269 11 13 0.023384793 
103 108 10 13 0.02337233 
888 73 10 14 0.023304684 
143 124 11 16 0.023273867 
358 237 12 16 0.023242673 
634 256 13 17 0.023209829 
158 54 21 24 0.02320972 
177 89 21 25 0.02314374 
134 260 11 14 0.023137564 
291 67 12 15 0.023118988 
848 25 11 14 0.023023281 
157 128 24 28 0.0229845 
551 326 10 13 0.02297354 
109 146 13 17 0.022944171 
146 177 15 22 0.02293819 
590 62 11 13 0.022933722 
118 142 15 18 0.022919444 
319 231 17 23 0.022914873 
524 197 21 24 0.022854298 
415 51 21 25 0.022839086 
607 69 10 12 0.02279247 
581 53 11 13 0.022785509 
189 107 11 15 0.022782944 
46 211 27 32 0.022780394 
766 36 13 14 0.022780005 
49 59 19 24 0.022763778 
700 120 21 26 0.022751441 
869 31 11 14 0.022728806 
110 106 12 15 0.022728665 
658 102 23 28 0.02271893 
189 92 12 16 0.022700286 
534 76 9 12 0.022696456 
503 20 11 15 0.022670737 
498 83 13 17 0.022666326 
404 258 13 16 0.022650158 
413 31 20 24 0.022647757 
259 240 13 16 0.022600856 
380 211 11 15 0.022593187 
907 97 16 20 0.022555612 
678 52 11 13 0.02254587 
158 81 13 17 0.02253993 
901 70 11 14 0.022531757 
822 14 9 11 0.02249715 
669 250 14 16 0.022495301 
101 141 13 16 0.022473639 
327 52 21 26 0.022461822 
284 99 14 19 0.022449715 
892 69 11 14 0.022426225 
63 116 11 14 0.02241881 
966 202 13 16 0.022400036 
519 59 10 13 0.022327159 
249 103 21 27 0.022316398 
551 21 9 13 0.022264728 
637 84 11 15 0.02223405 
817 44 10 13 0.022219481 
858 39 10 13 0.022208083 
384 226 21 27 0.022202324 
1013 36 10 13 0.0221676 
652 119 13 16 0.022158224 
723 93 13 18 0.022155713 
916 226 12 16 0.022121204 
790 68 11 13 0.022079017 
361 63 20 26 0.022075374 
653 208 23 30 0.022053842 
227 247 14 18 0.022047361 
96 102 10 12 0.022044191 
533 105 13 17 0.022028852 
359 295 10 13 0.022022178 
835 206 22 29 0.021960888 
104 151 20 25 0.021946294 
53 137 23 28 0.021911388 
508 26 18 24 0.02189921 
428 53 12 15 0.021877516 
515 128 21 25 0.021857053 
165 203 12 15 0.02183993 
559 60 11 14 0.021837039 
805 36 14 16 0.021833612 
294 76 12 15 0.021814827 
47 93 9 14 0.021789473 
351 60 11 13 0.021781681 
208 41 246 253 0.021775318 
896 40 9 11 0.02175854 
985 124 13 18 0.021687025 
973 92 11 15 0.021658963 
1013 227 10 16 0.021644996 
628 157 13 16 0.021608444 
928 38 9 11 0.021547982 
901 99 12 16 0.021547781 
727 189 21 27 0.021525498 
799 99 21 27 0.021516087 
494 53 11 14 0.021470366 
197 55 19 24 0.021466056 
558 22 11 13 0.021448025 
935 75 11 14 0.021443572 
50 190 24 31 0.021416824 
399 28 13 17 0.021410832 
174 212 12 16 0.021392304 
222 68 10 12 0.021340156 
203 211 44 55 0.021339973 
646 83 11 15 0.021317538 
673 151 22 28 0.021316957 
571 131 13 17 0.021295097 
35 110 12 16 0.021281214 
840 83 14 19 0.021267658 
945 45 9 12 0.021239538 
264 60 11 14 0.021235026 
527 69 11 13 0.021168992 
821 46 12 14 0.02113908 
331 40 253 243 0.021095283 
133 68 10 13 0.021084353 
599 29 10 13 0.02103213 
867 250 15 18 0.021003682 
365 66 12 16 0.020982487 
997 59 10 13 0.020939112 
1013 89 10 15 0.02089326 
670 79 12 15 0.020873835 
925 70 11 13 0.020870315 
605 79 12 14 0.020855343 
532 113 13 16 0.020842355 
904 38 9 12 0.020832455 
735 198 24 33 0.020787943 
560 236 10 12 0.020774335 
415 56 12 16 0.020774271 
563 261 11 14 0.020772029 
707 29 11 13 0.020769259 
710 70 12 15 0.020693189 
946 94 12 15 0.020657292 
920 59 11 14 0.020642633 
502 254 8 11 0.020639906 
651 100 12 15 0.020626873 
517 68 11 15 0.020618683 
668 180 13 19 0.020610051 
399 52 10 14 0.020582728 
436 114 14 16 0.020554971 
78 69 10 13 0.020554923 
726 100 20 24 0.020541621 
71 321 15 20 0.020528726 
462 52 10 13 0.020528497 
644 102 21 25 0.020526638 
223 62 9 11 0.020505084 
200 17 448 470 0.020500554 
390 75 13 17 0.020480853 
15 115 11 14 0.02045251 
53 114 12 15 0.02042667 
983 44 9 12 0.02040213 
243 70 13 18 0.020381382 
143 117 11 14 0.02037415 
597 101 13 17 0.020372983 
755 143 20 26 0.020372374 
886 28 9 12 0.02036232 
829 68 11 14 0.020356787 
546 36 10 12 0.020339342 
773 15 11 13 0.020313384 
212 139 19 26 0.02029544 
926 219 12 15 0.020294406 
855 103 22 29 0.020279966 
233 68 10 13 0.020272778 
872 215 21 26 0.020207316 
639 138 14 19 0.020193286 
126 169 24 29 0.020192223 
565 21 12 13 0.020186106 
54 108 11 15 0.02017902 
387 167 12 16 0.020172188 
797 35 14 16 0.02015542 
182 100 12 15 0.020134581 
828 141 22 27 0.02013255 
967 80 10 13 0.020090844 
461 59 12 15 0.020083135 
780 142 16 20 0.020072987 
214 198 15 21 0.020031929 
861 21 9 11 0.020019718 
