0_Parade_marchingband_1_869
135
68 195 61 77 0.99925154 
519 202 50 70 0.99712664 
298 201 60 77 0.9960685 
705 328 43 53 0.9655835 
882 333 49 62 0.7126671 
181 470 60 65 0.681856 
5 335 49 54 0.24591431 
451 274 29 38 0.22323631 
754 554 15 19 0.16688041 
24 320 33 38 0.14870112 
252 189 43 62 0.12829176 
249 183 29 50 0.11656708 
129 369 27 34 0.102328755 
478 262 28 35 0.09145513 
997 607 15 20 0.083553016 
746 382 17 25 0.08350998 
226 450 35 45 0.08271873 
870 522 15 19 0.077627815 
135 230 42 54 0.07709539 
546 269 25 38 0.075092174 
559 552 33 42 0.07122869 
0 355 41 42 0.07052186 
-16 333 214 296 0.069154434 
165 454 46 61 0.06833169 
973 544 13 16 0.06831253 
698 541 105 131 0.06463919 
204 460 56 66 0.062317077 
762 351 39 55 0.059442457 
660 481 36 49 0.058085658 
484 486 14 17 0.056347575 
877 340 36 41 0.055298377 
884 522 17 20 0.053910766 
852 538 15 19 0.052397806 
805 425 26 31 0.052299283 
957 541 10 13 0.05042366 
534 245 47 67 0.04978037 
703 378 26 30 0.049547695 
744 551 27 30 0.048403673 
470 274 29 32 0.047842804 
770 587 27 34 0.0475226 
491 483 16 19 0.047236517 
491 263 15 23 0.04479335 
277 190 56 72 0.04478379 
1004 591 11 13 0.044650942 
502 532 56 83 0.044301584 
294 418 26 31 0.043770812 
833 538 14 19 0.04137284 
704 384 14 17 0.040949635 
1006 573 10 13 0.040813137 
166 449 29 43 0.04069018 
968 524 9 12 0.038428046 
603 252 30 36 0.038423575 
655 502 28 35 0.037735157 
967 542 13 16 0.03669331 
406 363 25 32 0.035881635 
1012 564 10 14 0.035504088 
820 557 11 15 0.035074625 
872 514 21 26 0.03330286 
992 608 13 19 0.032960564 
1013 619 11 15 0.032130063 
1001 575 9 12 0.03162582 
1001 581 8 11 0.031328112 
954 501 13 17 0.031037102 
890 517 14 19 0.030937143 
806 516 28 36 0.030853828 
833 475 193 276 0.03080915 
988 428 11 16 0.030557608 
395 392 25 30 0.030404428 
109 418 12 16 0.030048331 
617 378 15 21 0.029956976 
900 521 12 17 0.029922875 
489 253 26 36 0.029574713 
746 368 39 53 0.02952286 
690 461 17 20 0.029317366 
991 511 11 14 0.028995259 
989 555 14 16 0.028469231 
820 441 16 21 0.02840347 
977 396 11 15 0.02797616 
979 543 14 18 0.027807288 
1012 422 12 19 0.027784452 
952 565 10 14 0.02734654 
-80 240 351 457 0.02730492 
710 384 28 33 0.027007347 
481 476 11 14 0.026621958 
498 481 15 18 0.0265445 
700 375 43 55 0.026497798 
343 351 9 11 0.026344974 
813 598 15 17 0.026343863 
416 375 17 21 0.026303178 
125 369 44 57 0.026297612 
16 350 56 64 0.026125185 
340 505 15 19 0.026030589 
252 167 29 41 0.025758905 
547 554 54 81 0.025138587 
869 356 49 63 0.025136666 
638 456 29 35 0.024943348 
512 535 83 127 0.024785034 
436 491 15 19 0.024517072 
932 565 12 17 0.024333568 
100 213 48 64 0.0243271 
667 509 15 20 0.02416481 
973 582 9 11 0.02369213 
995 539 15 18 0.02316902 
745 386 26 39 0.02313099 
555 253 42 61 0.023040382 
393 272 34 43 0.02299235 
693 245 15 21 0.022877133 
863 339 33 37 0.022782424 
152 234 42 52 0.022535006 
458 451 14 18 0.022516116 
686 566 11 15 0.022500409 
856 527 20 25 0.021923415 
980 631 12 16 0.021838719 
10 373 21 24 0.021618549 
611 367 25 35 0.021561498 
437 486 12 14 0.021431724 
652 458 29 33 0.02141034 
720 374 41 55 0.021377707 
318 440 13 20 0.021343155 
761 577 13 17 0.02131034 
755 585 30 37 0.021294316 
909 508 13 16 0.021238469 
136 383 48 59 0.021176932 
258 210 54 75 0.021095596 
0 96 11 20 0.021066671 
516 465 15 20 0.020997144 
1011 610 13 19 0.02083304 
972 483 15 18 0.020812195 
150 325 16 16 0.020568268 
666 471 19 22 0.020455388 
103 465 13 17 0.020360311 
0 305 13 18 0.020359516 
615 355 40 48 0.020269502 
1007 627 12 17 0.020247 
477 498 14 17 0.02003205 
