0_Parade_Parade_0_465
70
512 123 98 129 0.9997029 
404 113 101 128 0.9990018 
1003 124 16 19 0.86857295 
102 85 24 34 0.8030211 
944 119 17 21 0.7046704 
902 100 13 14 0.3841139 
443 379 24 26 0.30352807 
224 445 184 289 0.17132963 
924 131 15 20 0.15813887 
875 74 14 17 0.15142456 
909 129 14 17 0.14234056 
915 131 17 21 0.1348695 
72 89 32 35 0.11532099 
931 130 13 17 0.100919805 
932 120 20 26 0.096603 
676 84 13 16 0.09556578 
895 99 14 15 0.07524111 
927 102 10 12 0.070719056 
908 95 13 15 0.06582769 
846 76 12 14 0.06561967 
1003 139 20 31 0.064511426 
886 145 15 17 0.056935325 
157 52 13 17 0.05313154 
862 113 15 19 0.044766128 
894 102 24 25 0.042790152 
538 397 25 27 0.042341202 
825 98 15 21 0.041056357 
985 94 10 11 0.040995583 
160 361 314 428 0.040727206 
898 93 22 24 0.038926415 
834 154 14 16 0.03675303 
76 88 51 56 0.03663707 
853 104 16 18 0.034860186 
902 113 24 28 0.03380847 
926 93 12 14 0.03164687 
405 565 13 16 0.031105675 
846 102 12 16 0.030972539 
0 413 24 37 0.030192938 
902 124 15 18 0.030041 
510 523 52 88 0.02935813 
881 75 13 16 0.028997246 
915 116 15 18 0.028759789 
997 118 17 21 0.028706213 
25 407 24 28 0.0285067 
917 92 12 14 0.027323427 
1010 69 8 11 0.026816139 
534 236 379 505 0.026599674 
554 312 209 331 0.026427368 
894 106 14 16 0.026176708 
948 108 15 17 0.026117587 
933 102 10 13 0.025894543 
654 2 445 509 0.025361184 
906 105 14 17 0.025229856 
0 74 23 31 0.02493033 
0 423 13 20 0.024376303 
991 70 9 12 0.02393341 
849 136 17 21 0.023279745 
4 54 10 13 0.023080027 
854 94 12 14 0.02290992 
5 62 10 13 0.022197103 
20 154 31 40 0.022173325 
887 107 12 16 0.022048865 
875 1 26 25 0.02189801 
1016 45 8 12 0.021791706 
671 79 21 25 0.021330649 
2 424 29 45 0.021055842 
69 95 17 24 0.020620892 
868 109 12 18 0.0204137 
918 100 11 13 0.02018691 
846 143 15 18 0.020010618 
