0_Parade_Parade_0_247
565
310 417 11 14 0.79636204 
989 447 17 20 0.41058403 
52 489 14 17 0.37282667 
68 429 9 12 0.3076124 
45 452 11 13 0.27766186 
819 435 12 16 0.25209606 
400 363 10 12 0.23857611 
467 322 12 17 0.23253615 
124 492 13 18 0.22473575 
99 437 12 16 0.19407289 
400 384 10 12 0.1842995 
386 421 9 13 0.17794535 
472 457 7 10 0.1766054 
33 435 11 15 0.17609915 
415 351 8 11 0.17392495 
861 447 11 14 0.1654918 
523 453 7 9 0.16290228 
123 447 17 21 0.15210241 
618 345 14 19 0.14494172 
-10 283 94 151 0.1442507 
543 456 7 10 0.13719691 
16 493 10 14 0.13318418 
165 438 23 29 0.13242583 
526 456 7 8 0.13145252 
453 428 10 13 0.12754269 
39 445 11 15 0.12647052 
497 453 7 10 0.12155827 
171 451 17 23 0.12128565 
407 359 8 11 0.121020384 
513 470 7 9 0.11566769 
605 334 13 15 0.1154658 
692 175 24 29 0.110735 
495 292 10 13 0.10722896 
398 461 8 9 0.10460412 
484 301 12 17 0.10432717 
497 449 7 9 0.10320756 
611 341 16 20 0.1015612 
538 455 7 9 0.10144289 
828 359 16 21 0.101266935 
80 469 11 15 0.09813964 
252 444 12 16 0.09441769 
862 486 10 14 0.09345957 
879 488 9 12 0.09269371 
644 193 16 20 0.09100222 
513 466 6 8 0.09047803 
399 456 7 10 0.08967334 
342 455 7 9 0.08627372 
810 396 18 24 0.08511745 
479 301 11 16 0.08500433 
394 460 8 10 0.084410205 
293 437 10 12 0.08409182 
263 450 11 16 0.082558624 
470 438 8 10 0.08152161 
36 429 12 17 0.08099201 
891 451 11 13 0.08068436 
517 471 8 8 0.080454476 
576 464 7 9 0.07927486 
465 448 7 9 0.07905375 
859 352 16 22 0.07883621 
918 438 11 14 0.078468695 
765 494 9 11 0.07842655 
799 459 11 15 0.07737452 
670 472 9 10 0.07732462 
664 454 8 11 0.07729114 
478 456 7 10 0.07611933 
863 393 11 16 0.075866066 
733 159 15 17 0.07506681 
44 418 14 18 0.074458316 
288 436 10 13 0.07399212 
171 438 15 18 0.07398761 
445 332 10 13 0.0736646 
636 326 12 14 0.073660985 
130 444 14 21 0.07364744 
552 480 7 10 0.072804615 
15 451 10 14 0.07261014 
709 445 9 13 0.07235471 
664 479 9 11 0.07215153 
529 197 15 18 0.07084545 
504 470 7 9 0.07052753 
521 450 7 9 0.06983887 
489 471 7 9 0.06949248 
685 28 29 36 0.068854846 
507 305 11 15 0.06868979 
599 463 7 10 0.06836115 
415 463 7 9 0.068342105 
439 440 7 9 0.06781682 
616 453 7 9 0.06500479 
568 470 7 9 0.06408107 
417 455 7 9 0.06325643 
22 443 10 14 0.06278028 
501 448 8 10 0.062090624 
761 492 9 11 0.060569394 
814 389 24 30 0.06050793 
411 349 8 12 0.0602447 
550 293 8 12 0.059637345 
655 462 8 11 0.059540663 
943 459 11 15 0.059491105 
13 442 12 16 0.059476413 
441 332 9 12 0.059336923 
725 34 48 64 0.059047982 
146 163 30 40 0.058832187 
569 464 7 10 0.05874632 
537 449 7 8 0.058377124 
414 343 9 12 0.057456132 
447 447 7 9 0.05679875 
182 227 12 15 0.05674893 
544 462 7 9 0.056549255 
478 461 8 10 0.055816453 
488 448 6 9 0.055323347 
394 363 10 13 0.055176683 
487 422 9 11 0.054667573 
616 471 8 9 0.054177273 
54 193 52 78 0.054118488 
906 221 48 76 0.053461045 
449 454 7 9 0.053366207 
300 438 11 14 0.052966487 
610 164 17 21 0.052201163 
551 463 7 10 0.05208059 
669 454 9 10 0.051990256 
6 434 14 18 0.05184301 
675 376 13 18 0.051728297 
578 489 7 9 0.051617555 
466 454 7 10 0.051354475 
402 388 11 13 0.051292963 
731 155 26 28 0.05087033 
519 464 8 9 0.050814867 
620 486 9 13 0.050503843 
482 447 7 10 0.04994377 
536 479 8 9 0.049643908 
507 165 23 27 0.04926148 
753 424 15 22 0.049164638 
455 437 8 11 0.04906043 
304 412 19 23 0.048942916 
580 327 16 18 0.048765674 
57 486 15 17 0.048230547 
232 492 10 13 0.047570996 
550 456 7 10 0.047051262 
791 433 10 15 0.047040343 
561 471 7 9 0.04668015 
488 403 11 13 0.04661966 
336 469 9 11 0.046362456 
334 446 9 12 0.04619193 
438 396 9 11 0.04593516 
279 438 10 12 0.04584465 
440 446 7 10 0.04535849 
709 463 10 14 0.045292996 
100 446 14 18 0.0452864 
861 439 11 13 0.045223005 
337 452 9 10 0.044829115 
582 489 7 9 0.044780258 
375 314 14 17 0.04450425 
882 491 11 15 0.04438579 
592 470 7 9 0.04431024 
478 480 8 9 0.044058427 
551 470 8 9 0.04402274 
496 463 7 9 0.04396696 
152 152 49 55 0.043697786 
15 488 10 13 0.043457195 
544 478 8 10 0.04336317 
616 449 7 9 0.043251168 
669 476 9 12 0.042967778 
472 310 11 13 0.042881615 
374 421 10 13 0.04180088 
545 470 8 10 0.04173272 
410 448 7 9 0.041640565 
351 463 7 10 0.041621022 
327 451 8 11 0.041606788 
575 469 8 10 0.04157679 
328 446 9 12 0.041443583 
528 462 7 9 0.041407473 
415 448 7 9 0.041154895 
51 451 10 13 0.041102987 
462 485 8 11 0.04091946 
264 194 10 14 0.04087777 
488 295 11 13 0.040685352 
870 486 10 14 0.04040674 
647 324 13 16 0.0401327 
987 183 31 47 0.040087264 
529 431 7 9 0.03987107 
326 51 23 29 0.039857533 
422 455 7 9 0.039749894 
902 443 10 13 0.03967815 
346 462 7 10 0.03938974 
375 470 10 12 0.039131694 
504 465 7 9 0.03910537 
650 187 17 21 0.038967177 
513 449 7 9 0.038859714 
440 431 8 10 0.038769215 
543 449 7 9 0.03860102 
464 461 8 10 0.038551804 
813 430 14 18 0.03854807 
805 428 12 16 0.038546197 
901 242 32 55 0.038544063 
635 366 12 17 0.03848593 
414 423 9 11 0.038471606 
-3 294 52 94 0.038471367 
197 10 26 30 0.038423467 
649 508 8 11 0.038356896 
422 405 10 12 0.038356744 
674 358 15 19 0.038324695 
796 427 12 16 0.0382936 
456 456 7 9 0.038246866 
248 451 11 14 0.038107276 
529 479 7 9 0.03799611 
593 464 7 10 0.03783874 
382 340 9 12 0.037642177 
129 437 11 14 0.03761473 
499 293 11 14 0.03750855 
559 359 10 12 0.03750104 
399 395 10 12 0.037257433 
239 485 11 14 0.037243906 
765 487 10 13 0.03713887 
257 430 10 14 0.037117217 
983 453 22 28 0.03701921 
335 464 8 10 0.03697613 
557 309 11 13 0.036918715 
496 470 7 9 0.036645316 
299 217 18 19 0.036540437 
110 508 12 15 0.036497474 
600 456 7 10 0.036478676 
621 428 8 11 0.036296476 
452 339 12 14 0.03626608 
241 478 10 13 0.036186073 
334 438 9 12 0.035900034 
537 471 7 9 0.03579395 
343 446 8 11 0.035642903 
156 481 13 18 0.035541236 
285 235 28 36 0.035516903 
827 42 31 40 0.03537645 
896 516 11 16 0.035110388 
865 95 42 51 0.03485179 
496 479 7 9 0.03469179 
617 478 9 10 0.03466847 
535 485 8 10 0.0346242 
971 490 14 21 0.03461337 
415 399 10 11 0.03460583 
414 441 8 9 0.034521706 
465 317 21 27 0.03450305 
500 453 9 9 0.03439119 
456 398 9 11 0.03433471 
353 470 8 10 0.03429396 
557 480 7 9 0.03421085 
479 483 8 11 0.03406044 
670 496 9 13 0.033972938 
524 149 16 21 0.033920072 
267 40 27 30 0.03390545 
287 243 14 20 0.033882372 
587 318 13 17 0.03381197 
583 464 7 9 0.03377008 
456 463 8 8 0.03370252 
473 478 8 10 0.033698235 
481 421 8 11 0.03353334 
856 438 9 12 0.033446044 
377 388 8 11 0.033306167 
600 479 7 9 0.0332791 
63 424 12 16 0.0332713 
571 313 12 16 0.033267412 
435 439 8 11 0.033209 
527 301 11 12 0.033075158 
655 455 10 12 0.03302255 
489 478 8 10 0.032945618 
857 450 13 16 0.03287241 
465 440 8 10 0.032862104 
502 478 8 11 0.03277955 
341 478 8 10 0.03264217 
537 462 8 9 0.032637548 
245 460 9 12 0.03256011 
790 460 13 16 0.03251801 
34 228 57 94 0.032308232 
490 299 13 17 0.03226451 
255 437 12 15 0.032257944 
462 329 12 16 0.03220573 
389 417 9 13 0.032132257 
788 379 17 20 0.032035567 
852 354 14 19 0.03202971 
820 505 15 19 0.03198199 
542 439 7 9 0.031952348 
923 444 11 15 0.03188667 
449 440 7 9 0.031837497 
537 432 6 9 0.031642172 
352 431 9 10 0.03161736 
369 420 10 13 0.031435072 
863 429 10 13 0.031412113 
517 414 9 12 0.031391304 
407 372 9 11 0.031272694 
861 478 11 15 0.031207828 
632 447 9 11 0.031159503 
157 453 24 34 0.031126326 
590 177 15 18 0.031058684 
734 485 8 10 0.031046513 
694 437 12 16 0.03094671 
477 219 17 21 0.030926453 
827 437 11 14 0.030914266 
534 302 11 13 0.03090425 
732 122 12 14 0.030797973 
540 309 9 11 0.030728858 
488 464 8 10 0.030667657 
399 449 8 9 0.03064427 
463 480 8 10 0.030607786 
622 491 9 12 0.030547407 
382 388 9 11 0.030381002 
480 168 24 26 0.030335533 
383 383 8 11 0.03030523 
726 518 8 10 0.030219728 
584 469 7 10 0.030165248 
779 323 16 19 0.030159125 
570 455 7 9 0.030039577 
580 155 14 20 0.03002596 
519 420 8 12 0.030009711 
576 457 7 9 0.029981673 
434 446 8 10 0.029979302 
472 433 7 10 0.029954165 
31 440 12 17 0.029932793 
703 450 11 13 0.029889643 
359 348 12 16 0.029871019 
490 176 17 20 0.029841194 
328 462 9 11 0.02981377 
447 338 12 15 0.02974658 
57 505 11 15 0.029736724 
552 484 8 10 0.029688664 
200 4 41 46 0.029650137 
353 444 8 11 0.029605621 
433 396 9 11 0.029587435 
474 301 10 14 0.02955869 
488 453 7 9 0.029453484 
303 471 8 11 0.029428512 
735 496 7 10 0.029248424 
616 464 8 11 0.02910528 
343 439 9 11 0.029098691 
527 450 7 9 0.029089162 
238 499 9 13 0.028998347 
393 446 7 11 0.028987246 
79 150 52 70 0.028867712 
826 388 16 21 0.02884134 
382 476 8 12 0.028802693 
489 306 13 16 0.028634015 
774 511 11 14 0.028465701 
359 455 8 10 0.028460164 
62 506 12 16 0.02835669 
718 495 8 11 0.028315602 
367 438 8 11 0.028301321 
792 329 26 33 0.02829701 
894 431 8 10 0.028278794 
296 470 8 11 0.028151918 
489 429 9 10 0.028142948 
325 197 29 33 0.02814201 
357 472 8 10 0.028105097 
21 486 11 15 0.028066477 
102 496 23 29 0.028051745 
296 443 9 12 0.027945485 
663 485 8 10 0.027917702 
845 526 9 12 0.027915651 
423 400 9 11 0.027850714 
705 462 10 13 0.027797325 
190 233 48 49 0.027680103 
359 477 8 9 0.027654938 
734 480 8 11 0.027501065 
557 303 10 13 0.027491018 
94 434 20 26 0.027409645 
265 487 9 12 0.027258776 
777 421 23 30 0.027193792 
454 333 12 14 0.027142035 
293 486 8 11 0.027062384 
462 413 8 11 0.027059734 
526 78 11 14 0.026944015 
369 430 9 11 0.026909392 
393 380 9 12 0.026903054 
622 470 8 10 0.026890103 
529 471 6 9 0.026641376 
457 445 8 9 0.026546651 
956 304 47 58 0.026544912 
700 439 13 16 0.026531842 
736 437 10 13 0.026471563 
837 539 12 14 0.026416 
358 445 8 11 0.026364023 
3 428 23 31 0.026257677 
825 373 45 56 0.026250925 
470 446 7 9 0.026233166 
670 462 10 11 0.026161632 
490 439 7 9 0.026060771 
544 432 6 8 0.025929919 
907 490 13 15 0.025844967 
393 373 9 12 0.025825955 
376 262 23 34 0.025732212 
610 454 7 10 0.025606312 
-3 8 25 50 0.025547028 
496 439 7 9 0.025512159 
503 485 9 11 0.025473485 
439 465 10 11 0.025375756 
342 470 8 10 0.02536775 
798 401 15 18 0.025312511 
244 485 10 13 0.025304 
686 419 11 14 0.025251808 
391 438 8 11 0.025207985 
663 460 8 11 0.0251972 
744 497 7 9 0.02511692 
15 437 19 26 0.02511456 
601 494 7 10 0.025087185 
980 490 12 21 0.025037436 
494 431 8 10 0.024984634 
433 463 8 10 0.024952466 
558 485 7 9 0.024940904 
655 333 42 56 0.024928764 
758 467 9 13 0.02490627 
837 64 42 45 0.02490278 
802 453 16 19 0.024805875 
715 292 26 33 0.024744732 
840 348 23 30 0.024738241 
453 346 11 14 0.02462298 
358 439 9 11 0.024619868 
409 462 8 10 0.024599314 
741 435 11 15 0.024564836 
400 406 9 11 0.024561042 
422 341 10 13 0.024472408 
240 460 9 13 0.024464617 
601 486 8 10 0.024430959 
454 320 22 26 0.024379347 
29 476 11 14 0.024333669 
408 454 8 9 0.024295028 
762 421 21 29 0.024226822 
815 441 12 16 0.024219664 
526 307 12 14 0.024216903 
316 368 15 19 0.024165226 
538 64 24 27 0.02413813 
589 277 9 12 0.024104413 
553 319 10 12 0.023998817 
649 462 8 12 0.023991503 
645 478 10 11 0.023984183 
409 422 9 12 0.023974951 
268 447 11 14 0.023963384 
501 287 11 13 0.023952344 
339 156 46 48 0.023932464 
377 476 9 12 0.023795785 
856 517 11 14 0.023782026 
178 437 14 17 0.023768159 
109 449 14 16 0.023759056 
399 372 10 12 0.023742212 
10 430 13 16 0.023679994 
170 224 51 53 0.023619337 
871 411 12 15 0.02344894 
538 439 7 9 0.023446705 
843 78 43 49 0.023439743 
932 431 11 13 0.023439711 
511 146 26 30 0.023387808 
39 444 20 25 0.02337745 
423 412 9 11 0.023375522 
702 524 9 13 0.02334414 
855 499 9 13 0.023336539 
351 38 24 29 0.023298401 
679 350 24 32 0.023287632 
292 412 14 17 0.023199793 
830 452 11 16 0.02313539 
710 440 10 13 0.023088982 
712 374 11 14 0.023034666 
473 323 13 16 0.02295807 
687 437 10 13 0.022938056 
423 429 8 11 0.022861572 
584 456 7 9 0.022811377 
398 359 18 23 0.022793604 
599 470 7 9 0.022782924 
610 471 7 10 0.02276324 
405 317 9 13 0.022651177 
152 200 52 60 0.022603502 
729 495 8 10 0.022590509 
791 532 11 15 0.022565862 
325 182 16 20 0.022551853 
667 186 19 22 0.022544032 
654 279 15 20 0.022538904 
36 411 23 30 0.022535942 
406 406 10 12 0.022491697 
560 465 8 10 0.022471854 
53 497 15 17 0.022465376 
290 221 26 32 0.022463748 
551 447 8 9 0.022419091 
519 277 8 11 0.02240973 
445 347 11 14 0.022399804 
744 55 45 58 0.022392524 
451 173 18 21 0.022367945 
753 488 8 10 0.022345763 
480 471 7 9 0.022308495 
726 512 8 10 0.022232356 
606 494 8 10 0.022119017 
327 436 10 13 0.022091359 
859 387 20 29 0.022089142 
414 374 9 12 0.022082731 
266 374 15 21 0.022060938 
947 459 15 18 0.0220204 
133 483 12 17 0.02201265 
432 454 7 9 0.021993019 
768 479 9 12 0.021970078 
165 265 12 14 0.02195536 
417 404 9 12 0.021918206 
436 90 17 22 0.021915192 
382 355 11 14 0.021909168 
324 370 12 16 0.02190132 
838 451 11 14 0.021877375 
650 318 15 18 0.021854615 
414 335 10 12 0.021837486 
353 456 7 10 0.021832384 
911 186 26 32 0.021823557 
618 424 7 10 0.021808783 
866 446 11 13 0.021761248 
738 147 16 18 0.021716682 
319 357 11 15 0.021713793 
505 280 8 10 0.021710582 
486 414 10 13 0.021669883 
105 445 23 26 0.021640666 
632 468 8 11 0.021630626 
928 429 10 13 0.021626933 
870 479 10 14 0.021591196 
101 501 14 20 0.021540696 
949 467 14 17 0.021534154 
30 314 58 81 0.021529462 
462 406 9 11 0.021518745 
557 317 11 14 0.021419704 
440 453 8 9 0.021405308 
795 386 16 19 0.021396909 
593 478 7 10 0.02129558 
532 410 255 238 0.021293407 
367 462 9 11 0.02128666 
375 429 8 10 0.021260325 
790 440 12 17 0.021239817 
359 396 9 11 0.021224584 
588 156 12 17 0.021196933 
96 430 11 15 0.021150751 
374 464 10 12 0.02112964 
92 480 44 57 0.021109248 
668 343 24 32 0.021089368 
739 376 18 21 0.021032501 
334 419 11 14 0.020987527 
48 160 96 123 0.020978743 
332 365 14 17 0.020965395 
796 440 13 17 0.020864524 
375 350 11 14 0.020792749 
875 526 15 19 0.02078703 
406 414 9 11 0.02077044 
623 464 8 11 0.020764258 
686 445 9 12 0.020740688 
23 474 13 17 0.02068343 
362 179 24 29 0.02066709 
438 340 11 14 0.020658223 
457 392 8 10 0.02063075 
367 454 8 11 0.020591982 
894 438 10 13 0.020565962 
516 0 13 14 0.020479275 
637 124 13 16 0.020473665 
395 378 20 25 0.020472886 
541 303 10 11 0.020464836 
869 379 11 15 0.020460976 
833 354 18 22 0.020353919 
324 403 13 15 0.020313062 
643 137 16 19 0.020306198 
790 422 20 27 0.020283807 
894 523 12 17 0.020275291 
535 307 11 14 0.02025702 
391 428 8 11 0.020233624 
576 349 12 15 0.02022482 
174 216 23 28 0.020205252 
232 460 11 13 0.020142108 
341 485 10 12 0.020086791 
439 422 9 11 0.020048605 
293 480 9 11 0.02004382 
724 9 43 51 0.020034116 
486 278 10 12 0.020033129 
477 314 11 16 0.020022899 
