0_Parade_marchingband_1_593
680
351 355 11 14 0.6549876 
802 301 9 12 0.64495414 
648 302 10 12 0.6150915 
253 318 11 13 0.5971602 
310 351 10 14 0.5825625 
908 348 10 14 0.5537718 
152 335 10 13 0.5120203 
175 302 9 11 0.5049484 
445 347 10 12 0.48045805 
181 327 11 14 0.47564968 
206 304 9 10 0.45254347 
272 301 10 13 0.4501233 
473 339 11 14 0.44994873 
697 347 10 14 0.41457728 
781 325 8 12 0.41248444 
318 323 9 12 0.3949594 
487 302 9 13 0.39138928 
358 383 10 13 0.36865023 
390 375 11 15 0.3664192 
238 308 8 11 0.34177622 
592 282 11 14 0.3394344 
762 313 9 11 0.33780894 
597 344 11 15 0.33312124 
103 331 9 12 0.3207929 
141 310 8 11 0.3192528 
437 318 9 13 0.31176385 
437 286 9 12 0.30605713 
137 303 10 12 0.30485356 
652 335 10 12 0.3042457 
753 327 9 12 0.30155903 
429 375 9 11 0.28790498 
470 311 10 12 0.2823773 
286 318 10 12 0.28237703 
268 359 9 11 0.27583236 
305 304 9 12 0.27562693 
344 315 9 12 0.25037 
799 338 10 12 0.24995789 
628 309 10 13 0.24557495 
467 380 10 12 0.24404953 
208 330 10 13 0.23959024 
359 295 9 12 0.2321356 
676 334 9 12 0.2230309 
729 320 8 10 0.22186728 
560 287 10 12 0.22055504 
737 304 8 10 0.20871352 
623 378 10 12 0.20632282 
212 356 10 13 0.20456421 
760 344 9 11 0.20406131 
863 335 9 13 0.2004022 
622 336 9 12 0.19970936 
772 301 8 10 0.19463077 
223 320 9 11 0.18240742 
304 286 8 11 0.182194 
680 316 9 11 0.1814338 
709 320 8 10 0.17344363 
801 324 9 11 0.17287466 
694 308 8 10 0.16918439 
77 344 9 11 0.16789788 
397 287 8 11 0.1581626 
357 341 9 11 0.15082547 
613 299 9 12 0.15039673 
401 318 10 13 0.14778529 
405 324 9 12 0.14110391 
285 323 10 13 0.1397693 
532 288 10 12 0.13769124 
704 325 9 11 0.13452138 
372 324 9 11 0.13181785 
194 350 10 13 0.13176754 
273 285 8 10 0.12981804 
454 302 9 11 0.12819162 
727 351 8 11 0.12794104 
503 288 9 11 0.12792216 
541 325 9 11 0.12765628 
126 332 8 11 0.12627284 
110 311 8 10 0.12516971 
176 308 8 10 0.124997236 
502 325 9 11 0.12407979 
125 326 8 11 0.12021509 
816 333 7 11 0.11981569 
722 292 8 11 0.11933097 
792 321 7 9 0.11924952 
457 287 7 9 0.11619624 
693 387 15 18 0.109295115 
213 332 8 12 0.10689997 
659 380 10 13 0.1067647 
224 304 8 10 0.10484453 
208 295 7 9 0.10177691 
579 302 11 13 0.10091327 
781 320 10 13 0.099901885 
261 343 9 13 0.09973708 
793 340 9 12 0.09949944 
632 294 7 10 0.09885809 
769 297 7 10 0.096462086 
391 413 10 12 0.09571299 
352 339 10 13 0.09241493 
376 340 9 11 0.091796406 
262 348 9 11 0.09160186 
181 356 10 13 0.08859013 
119 319 9 12 0.088225946 
695 294 8 9 0.088058636 
144 316 9 12 0.08728459 
721 288 8 10 0.08717326 
393 420 10 13 0.086653195 
758 379 11 13 0.08626003 
152 352 10 13 0.08618964 
400 302 8 11 0.08592693 
229 406 10 13 0.08558547 
599 317 9 11 0.085167564 
343 340 10 14 0.08445827 
501 318 9 11 0.08421736 
542 375 8 11 0.08387499 
229 359 8 11 0.08343595 
678 325 10 13 0.08315887 
398 292 8 11 0.0818666 
649 288 8 10 0.08123522 
349 318 9 11 0.08054022 
239 294 8 10 0.07972224 
152 392 11 12 0.07711366 
216 319 8 10 0.07610822 
214 304 9 10 0.07489569 
777 319 9 11 0.07440291 
315 351 10 13 0.07404127 
224 358 9 12 0.07353105 
293 318 8 11 0.07269647 
519 304 8 10 0.07226439 
688 295 8 10 0.07138711 
137 288 7 10 0.07123676 
822 341 9 12 0.070084415 
213 326 10 12 0.069592975 
889 382 9 11 0.06938474 
127 318 9 11 0.06936011 
442 343 10 13 0.069207594 
599 363 11 15 0.069034904 
240 407 9 12 0.06893002 
500 342 10 12 0.0688484 
414 341 8 11 0.06884266 
109 326 9 12 0.06864089 
208 317 9 11 0.06807139 
319 331 10 14 0.06752936 
504 375 9 11 0.06701815 
233 303 9 12 0.06685923 
208 289 7 9 0.06610514 
726 333 9 12 0.06585093 
446 365 12 15 0.065336294 
804 341 9 11 0.06500986 
630 304 9 11 0.06490132 
685 318 8 10 0.06483473 
265 388 9 11 0.06439371 
396 413 11 13 0.06426562 
400 390 9 12 0.06391737 
314 319 9 13 0.063459486 
404 390 10 12 0.06291427 
722 389 16 19 0.06289576 
773 297 8 11 0.062871955 
455 309 9 11 0.062559776 
374 349 9 11 0.06253652 
758 331 9 11 0.06173699 
356 349 10 13 0.061562274 
183 320 10 12 0.06152864 
269 387 10 12 0.06128376 
511 327 8 11 0.061146524 
369 350 9 12 0.060512554 
801 308 9 10 0.06033545 
828 360 11 14 0.060295403 
135 315 10 12 0.05958145 
533 342 9 11 0.059134334 
136 356 8 11 0.0591042 
816 341 9 11 0.05908075 
308 286 8 11 0.05864648 
286 301 9 10 0.05861498 
360 286 8 11 0.058307867 
564 340 11 13 0.058182985 
688 310 8 11 0.057953183 
648 319 9 12 0.057311036 
202 308 9 10 0.057046317 
136 350 10 12 0.05702748 
239 289 7 9 0.056089655 
150 327 10 13 0.055350255 
687 324 9 12 0.05529456 
344 348 10 13 0.055019084 
295 334 8 12 0.054896265 
649 339 11 13 0.054399956 
702 331 10 11 0.05429083 
446 355 13 17 0.053583834 
224 334 9 12 0.053515527 
156 338 10 13 0.053380195 
519 326 9 11 0.053194843 
487 297 9 12 0.0528104 
503 312 9 10 0.052654624 
259 317 10 14 0.052649952 
263 361 10 13 0.052575402 
478 326 9 11 0.052504897 
430 342 10 13 0.05250408 
357 335 9 13 0.052153967 
343 296 8 10 0.052126925 
368 357 8 11 0.05208429 
725 278 8 10 0.05182074 
183 396 13 15 0.05164161 
664 414 11 13 0.051535636 
466 311 9 11 0.051018797 
631 341 8 11 0.050699644 
352 324 9 12 0.05050141 
722 279 7 10 0.050115332 
798 384 12 14 0.049818967 
582 375 9 12 0.04968283 
367 308 8 11 0.04947989 
231 411 11 12 0.048705924 
156 353 11 14 0.048572436 
247 294 8 10 0.048278462 
343 333 10 14 0.048077475 
224 341 9 11 0.048033703 
367 365 8 11 0.047848254 
142 293 8 10 0.047654133 
761 295 7 9 0.047560215 
471 302 9 10 0.04749559 
329 349 8 11 0.047370628 
98 328 9 12 0.047037344 
658 375 10 13 0.046979893 
176 287 7 10 0.04689998 
86 311 10 12 0.046770774 
721 333 8 12 0.046741296 
472 297 7 9 0.04671817 
631 289 8 11 0.046651356 
672 338 10 13 0.046647597 
438 363 11 14 0.046646755 
805 320 9 11 0.0466389 
197 355 10 13 0.046580944 
294 325 9 11 0.04653735 
729 301 8 10 0.04641862 
567 325 11 13 0.046334088 
640 335 9 11 0.04630225 
653 318 9 12 0.04616284 
510 351 9 12 0.045866452 
797 295 18 25 0.045758717 
650 294 10 13 0.045570042 
366 302 9 12 0.04536189 
904 342 19 24 0.045292087 
262 334 8 11 0.045230538 
528 374 9 10 0.04494013 
454 296 9 12 0.044794947 
312 334 10 13 0.04469795 
298 286 8 11 0.044580556 
380 334 9 13 0.044540193 
447 326 8 11 0.044409353 
361 309 8 11 0.04431648 
175 317 10 12 0.044226095 
171 301 9 11 0.044182725 
224 309 8 10 0.04411911 
734 323 9 12 0.043879107 
638 340 8 12 0.04384552 
741 303 8 11 0.043584496 
712 309 9 11 0.043540288 
664 349 9 12 0.043502845 
537 309 8 10 0.043404564 
384 395 9 11 0.04326459 
455 317 8 10 0.043010432 
775 310 9 10 0.043007493 
593 271 8 10 0.04300039 
344 302 9 11 0.04224975 
277 280 9 11 0.042206604 
688 303 8 10 0.042189486 
176 322 18 24 0.04213103 
324 333 10 12 0.04206724 
294 341 9 12 0.04204191 
661 387 10 13 0.0417751 
158 310 9 11 0.04141104 
335 348 10 12 0.041168984 
406 404 12 14 0.041151457 
743 357 10 12 0.04109582 
492 301 9 12 0.04100986 
723 381 14 16 0.04090897 
111 316 10 12 0.04089622 
272 316 9 11 0.040814124 
776 350 9 11 0.04066892 
363 423 10 12 0.04061167 
257 347 9 11 0.040466227 
718 309 8 11 0.040303867 
405 398 10 12 0.040301107 
383 364 11 13 0.0402192 
142 350 10 14 0.040158354 
287 295 9 12 0.04005075 
775 333 9 11 0.039676975 
353 300 8 11 0.039554223 
804 298 9 10 0.0395227 
741 342 9 12 0.039378185 
431 322 11 13 0.039067384 
134 342 9 13 0.038898416 
503 347 10 14 0.038756087 
850 420 8 12 0.038648404 
296 311 9 12 0.03835428 
396 380 10 14 0.038237948 
316 303 9 11 0.0381199 
280 349 8 11 0.038112562 
724 287 9 10 0.038055494 
326 398 10 11 0.03802918 
265 285 9 11 0.037878137 
480 308 9 13 0.03775019 
436 310 11 13 0.037720174 
247 357 8 12 0.037649594 
215 309 8 10 0.037644237 
94 341 9 11 0.03757372 
432 300 10 13 0.037570965 
438 301 9 12 0.037397686 
504 301 8 10 0.037384182 
208 338 10 13 0.037302308 
186 325 11 14 0.03718058 
337 326 9 12 0.037118603 
393 302 9 12 0.03709845 
641 301 10 12 0.03702033 
136 294 9 12 0.03701687 
849 444 11 13 0.036963277 
286 331 10 13 0.0367117 
224 296 8 10 0.036591742 
752 349 9 11 0.03659126 
657 387 9 13 0.036504697 
774 286 7 9 0.03639445 
487 350 10 13 0.03621904 
537 374 9 11 0.03618696 
576 306 10 13 0.036123436 
250 323 10 13 0.03610866 
823 335 8 12 0.036106896 
697 326 9 11 0.035965145 
348 311 10 12 0.03596408 
72 347 10 13 0.03587121 
233 294 8 10 0.035825577 
230 335 8 11 0.03582425 
471 331 18 23 0.035692234 
588 275 20 24 0.03567548 
248 311 9 11 0.035563 
823 317 9 10 0.03550294 
776 356 11 12 0.03524204 
563 348 10 12 0.035188552 
640 326 9 10 0.034995254 
385 412 10 12 0.034903366 
764 343 9 11 0.034884512 
625 316 10 14 0.03473853 
223 350 9 11 0.034706578 
671 357 9 12 0.034656398 
497 324 10 12 0.034654092 
405 302 8 11 0.034640223 
565 278 8 10 0.034617387 
463 302 8 10 0.034528226 
181 294 9 11 0.03450755 
86 342 10 11 0.034429304 
565 331 13 14 0.03440946 
775 341 9 11 0.03439555 
513 302 8 11 0.034324598 
618 335 10 13 0.034295738 
424 326 9 12 0.0342753 
246 303 8 11 0.034211658 
215 295 7 10 0.03419355 
652 287 8 10 0.03415085 
600 301 7 10 0.034009952 
384 348 9 12 0.033898074 
712 332 9 12 0.03389776 
181 310 9 10 0.033618603 
337 295 8 11 0.033537734 
144 324 9 11 0.03351214 
438 271 7 9 0.033499982 
744 326 9 12 0.033464245 
807 334 9 12 0.033397127 
729 312 8 11 0.033389125 
365 284 9 11 0.033326913 
324 326 10 12 0.03328248 
527 326 9 11 0.03315263 
446 333 10 12 0.032918982 
223 390 11 13 0.03287388 
150 310 9 12 0.032850653 
358 326 8 10 0.032794572 
182 287 8 10 0.032747407 
269 351 10 12 0.032648668 
394 278 8 12 0.032621723 
277 295 10 13 0.03256292 
343 324 10 13 0.03245332 
326 341 10 13 0.032350473 
259 324 10 14 0.032249615 
149 317 8 11 0.032165367 
534 279 8 10 0.032147124 
784 342 9 11 0.032111827 
286 349 9 11 0.031999715 
447 286 9 11 0.03199062 
399 347 10 13 0.03188731 
189 319 9 11 0.031876083 
393 271 8 11 0.03181826 
609 285 10 12 0.031788394 
310 340 11 13 0.031762134 
505 272 7 9 0.031652894 
223 278 8 10 0.031606853 
733 350 10 12 0.031545214 
694 342 19 24 0.031495277 
681 296 9 10 0.0314504 
597 269 9 11 0.031340186 
399 330 10 14 0.031330492 
381 341 10 12 0.031309646 
585 284 10 13 0.031217897 
654 358 9 13 0.031161267 
166 340 10 14 0.031013723 
538 319 10 13 0.030959738 
461 286 8 10 0.03081103 
432 366 10 14 0.030784823 
430 333 10 14 0.030733138 
304 294 9 10 0.03070136 
238 316 10 12 0.030547153 
224 395 12 15 0.03053129 
742 295 8 10 0.030512843 
743 350 10 13 0.030456617 
719 301 10 12 0.030442998 
186 402 15 19 0.030439379 
406 350 9 11 0.030409554 
629 363 10 12 0.030405737 
503 280 9 11 0.030359212 
497 294 9 10 0.030287048 
255 304 8 9 0.030285394 
816 348 8 10 0.03013676 
202 294 7 10 0.030075984 
262 352 18 23 0.029938282 
167 317 10 12 0.029849388 
673 327 10 12 0.029826531 
562 326 9 12 0.029800642 
710 419 10 13 0.029793747 
319 340 9 12 0.029710747 
455 281 9 12 0.029654356 
477 347 11 13 0.029636525 
141 287 8 11 0.02962816 
653 308 9 11 0.029575301 
216 278 8 11 0.029569356 
512 309 9 11 0.029537162 
471 345 12 15 0.029445568 
361 281 7 10 0.029399766 
358 376 11 13 0.029291332 
206 363 10 13 0.029254597 
855 292 9 12 0.029251266 
727 341 10 13 0.029170403 
519 318 9 12 0.02910063 
536 303 9 11 0.029090332 
770 288 6 9 0.02902215 
200 288 8 10 0.028909836 
166 348 10 14 0.02886536 
689 350 9 12 0.028815089 
338 317 9 12 0.028785074 
742 308 8 10 0.0287824 
815 312 9 10 0.028749626 
230 319 9 11 0.028708333 
434 291 9 13 0.028705018 
257 358 9 12 0.028672498 
721 317 8 11 0.02866315 
767 332 9 11 0.028658269 
737 297 8 11 0.028586699 
877 293 11 14 0.028444683 
214 341 9 11 0.028372582 
520 342 9 10 0.028287651 
151 303 9 10 0.028250413 
935 375 7 11 0.028055819 
334 358 9 11 0.027924145 
320 270 9 11 0.02758521 
697 332 9 10 0.027581055 
369 332 9 12 0.027403474 
129 312 9 12 0.027385226 
847 440 10 11 0.027204806 
141 404 11 16 0.02719896 
191 294 9 10 0.027179059 
644 291 19 25 0.027093733 
159 316 10 12 0.027079768 
846 301 9 12 0.026988907 
425 379 11 16 0.026950026 
855 302 10 13 0.02682012 
170 295 9 11 0.026815042 
816 317 8 10 0.026782652 
647 348 11 13 0.02669393 
630 347 10 13 0.026676577 
399 309 10 13 0.026655402 
477 317 10 13 0.02664077 
238 364 10 13 0.026575658 
723 349 9 12 0.026555358 
175 350 9 13 0.026420882 
305 346 19 23 0.026414922 
696 317 9 12 0.02640688 
781 350 8 10 0.026405107 
365 405 10 13 0.026402798 
479 363 10 14 0.026364397 
304 333 10 12 0.026309483 
829 340 10 13 0.026204027 
681 301 8 11 0.026177125 
481 296 8 10 0.026162846 
233 288 8 10 0.026102677 
846 308 9 12 0.02604752 
148 330 18 22 0.026002793 
389 408 11 13 0.025952088 
753 294 9 11 0.025829632 
742 333 10 13 0.025814602 
225 403 11 14 0.02581344 
416 356 9 12 0.025765192 
277 358 9 11 0.025721287 
488 289 7 9 0.025692219 
334 390 10 12 0.025650796 
409 341 9 12 0.02561163 
1013 323 10 14 0.025590599 
862 292 10 11 0.025569301 
433 279 9 15 0.025495159 
663 301 10 13 0.025490737 
782 311 9 10 0.025467964 
653 324 10 13 0.025422627 
324 319 10 13 0.025417306 
753 320 9 12 0.02527088 
425 426 16 20 0.025261967 
414 325 9 13 0.025245657 
501 332 11 12 0.025211362 
304 341 9 13 0.025157759 
702 310 10 12 0.025135718 
640 295 8 10 0.02510894 
783 270 9 11 0.02504547 
397 271 8 11 0.025019007 
541 309 9 11 0.02491715 
192 303 9 11 0.024913343 
278 309 9 11 0.024869245 
496 333 10 14 0.024859287 
390 390 11 13 0.024808506 
654 347 10 14 0.02474352 
576 416 27 30 0.02473933 
841 303 9 11 0.024739154 
849 294 8 11 0.024735041 
760 289 8 9 0.024714569 
678 357 9 12 0.024682514 
763 375 11 14 0.024641708 
255 278 9 12 0.024585113 
440 584 7 10 0.024539215 
576 296 11 13 0.024535147 
830 311 9 10 0.02453134 
360 425 9 14 0.024528552 
423 387 12 16 0.024509374 
752 568 7 10 0.024500085 
606 333 9 12 0.024477469 
248 313 19 23 0.024336992 
434 269 8 11 0.024321025 
487 317 9 12 0.02427797 
407 331 10 13 0.024221266 
446 319 9 12 0.02417392 
391 347 10 13 0.024152817 
701 293 10 11 0.024143433 
526 309 8 10 0.024119888 
731 397 10 13 0.024070567 
317 309 10 13 0.023984656 
328 356 9 12 0.023975566 
229 340 10 12 0.023956528 
405 309 10 13 0.023954054 
319 286 10 12 0.023940463 
872 294 10 12 0.023915919 
166 324 11 13 0.023884455 
368 342 9 12 0.023820875 
871 300 11 14 0.023628505 
805 309 9 11 0.023581985 
309 295 9 11 0.023561105 
597 324 11 14 0.023560759 
200 278 8 10 0.023477685 
565 271 9 11 0.023455294 
719 327 8 11 0.023384852 
229 325 9 10 0.023362039 
452 341 11 14 0.023338946 
377 391 8 12 0.02330667 
392 425 13 17 0.023278438 
372 302 10 12 0.023272524 
321 396 8 11 0.02322459 
487 325 9 11 0.02320303 
663 407 10 14 0.023190264 
564 293 8 11 0.023181027 
786 316 19 24 0.023173021 
135 303 19 23 0.023111088 
358 364 10 13 0.023034388 
822 326 9 11 0.02303189 
201 364 9 12 0.022949843 
478 356 12 16 0.022924867 
327 391 9 13 0.022906754 
111 341 10 14 0.022901703 
146 334 10 13 0.022898355 
214 287 8 10 0.022890303 
159 304 9 11 0.022868829 
232 271 8 11 0.022812901 
640 287 8 10 0.022796923 
287 285 10 12 0.022784898 
119 363 10 13 0.022768792 
191 310 9 10 0.022736587 
674 317 10 12 0.022736523 
687 332 9 12 0.022687076 
362 381 11 15 0.022661623 
248 348 9 12 0.022617126 
414 334 9 12 0.022589201 
287 278 9 11 0.022579024 
62 328 10 12 0.02256706 
724 374 13 15 0.022565372 
431 278 17 25 0.022552833 
860 328 12 16 0.022510257 
264 279 9 11 0.022498293 
610 294 11 14 0.022477616 
808 287 7 10 0.022444285 
693 411 9 13 0.02238846 
400 407 10 14 0.022378532 
151 294 8 10 0.022290913 
573 331 10 13 0.022276005 
671 364 9 13 0.022245789 
543 330 9 12 0.0222252 
385 373 12 15 0.022209693 
726 438 11 13 0.022162087 
914 348 12 14 0.022138353 
711 357 10 13 0.02212686 
528 333 9 12 0.021987092 
184 271 8 11 0.021902382 
389 395 10 12 0.021899076 
701 353 11 13 0.021875892 
286 355 10 12 0.021875378 
597 333 12 16 0.02185035 
180 363 10 12 0.021840548 
593 340 19 24 0.02170981 
376 397 8 10 0.021682242 
279 342 10 13 0.02157753 
742 430 9 11 0.021345228 
96 317 8 10 0.021320444 
735 355 10 13 0.021311827 
303 326 10 12 0.021298917 
929 382 8 11 0.021294663 
462 374 19 24 0.021289658 
735 333 11 15 0.021240173 
700 384 11 14 0.021238735 
223 411 11 13 0.021234214 
169 286 8 11 0.021217503 
239 358 10 12 0.021195393 
495 347 11 14 0.021178048 
663 358 9 12 0.021175347 
352 380 20 26 0.021135254 
348 348 18 22 0.021129487 
319 294 9 11 0.0211076 
328 309 9 12 0.02109737 
423 283 10 13 0.02109249 
287 271 9 11 0.021030463 
776 319 17 23 0.02096482 
231 277 9 11 0.0209176 
700 395 10 13 0.02091706 
624 303 9 12 0.020902527 
840 308 9 12 0.02088993 
451 349 10 13 0.020868788 
133 334 10 13 0.020853492 
199 373 10 13 0.020745622 
463 325 11 13 0.020735618 
711 340 10 13 0.020729695 
768 326 9 12 0.020680891 
288 342 9 12 0.020675832 
572 326 10 12 0.020670975 
87 335 9 11 0.020600302 
216 271 8 11 0.020570995 
753 287 8 11 0.020549593 
505 584 8 9 0.020497283 
640 318 9 12 0.020495579 
327 286 8 11 0.020464301 
535 332 10 13 0.020422101 
534 273 9 10 0.02041849 
176 279 8 10 0.020404544 
387 372 18 23 0.020399041 
687 599 9 10 0.020353345 
894 376 10 12 0.020327594 
223 271 9 11 0.020303478 
815 286 9 11 0.020250147 
175 404 12 15 0.020246753 
733 296 18 25 0.020211618 
345 364 10 13 0.020208262 
167 406 10 13 0.020205783 
224 400 21 26 0.020205304 
256 331 11 14 0.020203726 
269 296 18 23 0.02019672 
191 277 8 11 0.020193031 
592 289 11 14 0.020187827 
375 292 11 13 0.020152126 
187 331 10 13 0.020148572 
336 286 8 10 0.020146579 
116 347 11 14 0.020107644 
363 294 10 13 0.020090105 
735 558 7 10 0.020078449 
354 286 9 11 0.020073045 
337 310 10 12 0.020072773 
328 404 10 13 0.02005378 
607 291 19 24 0.020028202 
281 314 18 22 0.02000255 
