0_Parade_Parade_0_164
1211
998 358 12 15 0.88510936 
653 279 15 20 0.8087932 
84 417 16 20 0.6947842 
283 324 10 12 0.63958013 
678 268 12 15 0.6297674 
910 362 12 15 0.6100395 
141 388 13 16 0.5845132 
297 245 10 14 0.5211134 
249 303 9 11 0.50104195 
979 515 14 19 0.4556936 
430 245 9 13 0.44271767 
925 341 9 12 0.4322136 
637 301 10 13 0.42852825 
226 341 12 15 0.41171408 
896 389 10 13 0.40515748 
995 299 11 15 0.38971996 
872 350 10 13 0.3733665 
313 311 9 12 0.36525446 
886 628 15 20 0.3637295 
364 301 11 13 0.35019186 
648 315 11 14 0.3474891 
714 299 13 18 0.33494827 
944 387 11 15 0.33016708 
960 605 23 28 0.327006 
687 326 13 17 0.32672307 
621 270 12 16 0.32614428 
550 303 13 16 0.32415274 
944 420 10 13 0.3204101 
301 374 11 16 0.3195196 
361 296 9 11 0.30783355 
795 428 11 15 0.29908 
996 588 17 19 0.29510427 
693 256 11 15 0.29336226 
899 561 14 17 0.28332874 
471 264 8 11 0.28230637 
108 395 16 18 0.27727517 
654 248 10 13 0.2772276 
391 468 24 29 0.2743391 
893 318 10 12 0.27026424 
914 309 8 11 0.26861733 
405 247 11 14 0.26323536 
508 408 18 22 0.26180074 
984 324 9 11 0.26074147 
237 322 10 14 0.2591776 
903 336 9 12 0.25495026 
674 346 13 17 0.2497827 
565 226 10 15 0.2449702 
996 641 17 20 0.23394188 
397 268 9 12 0.23252815 
573 361 12 15 0.23029043 
861 467 13 17 0.2283318 
926 403 11 13 0.22741604 
59 426 13 16 0.22621186 
886 332 10 12 0.21897617 
929 538 15 20 0.218509 
929 398 11 14 0.21162021 
951 271 8 11 0.2006068 
383 293 12 14 0.19884072 
937 326 10 12 0.19138922 
860 317 10 12 0.19102226 
842 343 9 13 0.18758723 
395 495 25 32 0.1860092 
680 231 9 12 0.18192072 
946 300 10 13 0.18179126 
966 312 9 11 0.1804868 
943 348 10 13 0.17873022 
468 422 13 15 0.1781867 
133 366 15 18 0.17775299 
898 499 15 18 0.17746226 
387 300 11 13 0.17698404 
174 354 16 20 0.17655125 
989 423 10 14 0.16989031 
518 237 8 11 0.16961661 
855 333 9 12 0.16921997 
327 436 21 32 0.16778252 
278 279 9 13 0.16588861 
987 505 16 20 0.16505966 
913 286 10 12 0.1645833 
972 367 11 12 0.16433154 
863 390 10 13 0.15878844 
445 269 9 12 0.15743846 
964 383 10 13 0.15688133 
283 357 14 18 0.15681848 
285 303 9 11 0.15662082 
328 336 370 461 0.1556394 
973 294 8 11 0.15378219 
410 384 14 20 0.15306337 
640 261 10 13 0.14629167 
312 332 11 13 0.1445949 
422 290 11 14 0.14365706 
864 374 9 12 0.14249353 
989 325 9 12 0.14246516 
511 340 13 17 0.1421171 
986 489 22 26 0.13586669 
521 35 34 47 0.13453285 
856 474 11 15 0.13399312 
124 410 11 14 0.13173902 
125 346 12 17 0.13072747 
957 341 11 14 0.12954393 
934 390 11 14 0.12897788 
365 296 9 11 0.12867478 
888 327 10 11 0.12863654 
847 361 11 16 0.12837194 
947 381 11 15 0.12790303 
842 348 12 14 0.1277309 
987 483 16 21 0.12693158 
454 379 13 16 0.12680899 
327 305 8 10 0.122267745 
238 382 13 14 0.12196784 
560 222 12 15 0.12043336 
861 324 10 12 0.12013123 
955 607 17 21 0.11994362 
878 343 9 11 0.11985631 
936 247 8 11 0.11944114 
225 334 11 15 0.11939215 
880 458 10 15 0.11849837 
285 331 11 15 0.11841746 
18 435 14 18 0.1175347 
916 317 9 11 0.11687827 
223 355 11 15 0.115271114 
862 310 10 12 0.11503121 
538 239 8 10 0.11479122 
257 374 11 15 0.114626884 
253 316 12 15 0.11456867 
45 396 12 15 0.1142229 
363 334 22 26 0.11365238 
617 209 7 9 0.11300236 
623 232 8 9 0.112423375 
983 349 11 13 0.11203092 
894 453 10 15 0.11192468 
887 620 14 19 0.10869745 
925 348 10 12 0.108608834 
973 339 10 12 0.10650803 
960 319 9 11 0.10621719 
493 231 10 12 0.10552204 
936 332 10 12 0.10522994 
927 271 7 11 0.10459203 
606 330 11 15 0.10412164 
896 412 10 14 0.104054525 
416 270 8 10 0.10290096 
933 291 10 12 0.10281336 
893 394 11 14 0.10121544 
496 199 9 10 0.100888096 
884 453 11 16 0.09968313 
1008 332 10 13 0.09948628 
424 240 11 15 0.09941415 
491 349 13 18 0.099253505 
886 300 9 12 0.09872447 
821 375 9 12 0.09685524 
869 378 11 15 0.09683984 
577 420 15 19 0.09668214 
822 398 11 14 0.09663404 
277 359 14 17 0.096270636 
830 519 13 21 0.095761284 
269 347 10 14 0.09573971 
1005 325 9 12 0.0955176 
484 393 15 19 0.09494898 
974 356 9 11 0.094821826 
451 425 14 19 0.09468546 
864 293 9 11 0.094388194 
857 327 9 11 0.09388958 
984 342 9 12 0.09246459 
285 262 8 10 0.092209846 
1013 340 10 15 0.091944 
927 472 12 14 0.091008484 
961 387 10 13 0.09066293 
863 302 9 12 0.08926752 
232 316 12 15 0.08834684 
887 296 9 11 0.087137364 
824 468 11 14 0.08712368 
863 379 11 14 0.08688139 
315 528 27 35 0.0862936 
517 188 10 12 0.08540328 
887 256 7 9 0.085308805 
408 307 11 15 0.08515581 
899 383 12 15 0.08468342 
333 318 9 11 0.084650934 
621 208 7 9 0.0842808 
337 473 28 36 0.08418277 
998 443 10 14 0.08357712 
889 397 10 13 0.08254519 
877 353 11 14 0.082391344 
950 349 10 13 0.082236774 
979 560 17 21 0.081953034 
286 307 10 12 0.08193369 
840 388 9 13 0.08186236 
945 296 8 11 0.08139695 
908 334 9 12 0.080780394 
967 263 8 11 0.080677554 
532 333 15 18 0.0806267 
952 318 9 12 0.08040954 
441 269 8 11 0.08019363 
376 292 10 13 0.079134576 
957 335 10 11 0.07892725 
942 451 10 14 0.07758325 
912 305 9 11 0.077562064 
894 312 9 11 0.07745988 
985 557 20 26 0.07724541 
406 336 10 13 0.076907165 
928 389 12 14 0.07686149 
875 565 12 13 0.076714106 
404 392 14 18 0.07640682 
341 293 8 11 0.07579767 
591 293 10 12 0.07574503 
206 419 13 17 0.07503977 
974 511 13 18 0.07493736 
296 377 12 15 0.074706875 
481 253 8 10 0.07469078 
576 216 8 10 0.07446206 
985 300 9 12 0.0744014 
450 521 16 22 0.074209794 
674 353 14 19 0.07415418 
510 246 9 11 0.07319917 
943 277 9 11 0.07297491 
968 340 10 14 0.07296885 
793 388 10 14 0.07266097 
902 279 8 10 0.072452776 
334 343 10 12 0.07216684 
431 264 9 12 0.07208487 
662 245 9 12 0.07187525 
438 293 10 13 0.0715105 
877 379 13 16 0.07082174 
980 457 14 18 0.06998304 
917 444 12 14 0.06992898 
557 343 10 14 0.069121346 
620 346 13 16 0.068906814 
627 273 11 16 0.06851327 
969 356 9 12 0.06837539 
989 349 11 14 0.068073414 
711 244 11 13 0.06782729 
664 240 9 11 0.06779992 
921 270 8 10 0.067734525 
896 238 7 10 0.067542724 
957 592 15 18 0.06742933 
636 375 12 17 0.06728169 
300 250 10 13 0.06726316 
132 479 10 14 0.06681875 
918 451 12 15 0.06671255 
867 388 11 14 0.06644707 
670 246 8 11 0.066365935 
638 199 7 10 0.065960646 
360 306 14 15 0.06593072 
651 322 11 15 0.0658116 
919 437 10 13 0.065735 
969 290 8 10 0.065436624 
966 510 11 15 0.06499551 
949 394 11 14 0.06494459 
887 339 10 12 0.06493915 
1015 301 8 11 0.064786546 
108 409 12 14 0.06461855 
494 309 13 16 0.0646018 
513 345 15 20 0.064294904 
989 342 10 12 0.06428866 
251 308 11 14 0.06418762 
486 254 8 11 0.0639402 
871 268 9 11 0.0638448 
583 237 9 10 0.06377866 
46 401 14 19 0.06377249 
503 238 7 10 0.06343187 
719 276 10 13 0.06342326 
472 238 9 10 0.06316414 
317 328 9 12 0.06280883 
806 381 10 14 0.06279047 
831 406 11 13 0.06268574 
996 558 13 18 0.06263752 
221 342 20 23 0.062494993 
508 388 12 14 0.06243429 
949 296 9 11 0.06242472 
479 191 8 10 0.06221451 
767 229 9 13 0.062175814 
652 167 8 11 0.06216373 
190 372 12 15 0.062131442 
861 482 11 14 0.06206458 
989 460 10 14 0.061784513 
981 529 12 16 0.061779566 
607 298 10 14 0.061773077 
894 405 11 13 0.061704736 
829 150 8 11 0.061631087 
275 397 12 15 0.06147153 
501 213 8 10 0.06136246 
618 362 12 16 0.06132281 
894 420 10 13 0.061303277 
968 336 10 11 0.06121082 
487 208 8 10 0.061079264 
896 286 8 10 0.060941894 
897 278 8 11 0.060940064 
844 388 10 14 0.060489953 
285 338 12 14 0.060038686 
574 220 8 11 0.059894275 
448 264 9 10 0.059364405 
991 594 13 17 0.05930728 
897 263 8 9 0.05869699 
412 416 18 21 0.058412943 
590 364 12 16 0.05831323 
848 334 10 12 0.058180828 
520 270 10 12 0.058062248 
480 248 8 10 0.05793786 
271 355 12 17 0.05786511 
358 336 16 19 0.057701893 
814 380 11 15 0.057601884 
945 271 9 11 0.057578735 
816 397 10 13 0.057495963 
840 354 13 17 0.057250693 
950 199 7 10 0.057190526 
895 295 7 10 0.05718235 
294 317 9 11 0.057179958 
660 252 9 12 0.057048455 
937 447 10 13 0.05699723 
901 271 8 8 0.056896094 
581 181 9 11 0.056891344 
968 371 11 13 0.056719434 
454 256 9 11 0.056681905 
902 264 8 9 0.05659589 
471 166 9 11 0.05642858 
467 420 23 26 0.05607288 
489 262 8 11 0.05590287 
929 309 8 11 0.055888794 
830 578 13 16 0.055782504 
882 301 8 12 0.055740803 
942 321 9 11 0.05571916 
814 349 10 14 0.05566805 
633 214 8 10 0.055630136 
463 255 9 12 0.05530721 
926 430 11 14 0.055202395 
958 271 8 11 0.055053763 
574 230 8 11 0.054803975 
328 343 10 12 0.05473064 
990 333 10 12 0.054715578 
416 288 9 11 0.054569177 
519 232 10 13 0.05446687 
921 335 10 12 0.054056186 
858 312 9 11 0.0539252 
90 396 12 15 0.053818524 
423 269 9 11 0.053661305 
510 351 13 18 0.053573474 
465 269 9 12 0.053476144 
333 399 16 20 0.05317548 
701 35 11 13 0.052775275 
832 411 12 16 0.05262585 
436 246 9 11 0.052512478 
888 403 11 14 0.052433107 
967 394 10 14 0.0523698 
967 270 8 10 0.052331407 
950 309 9 11 0.052200235 
607 347 11 14 0.052189514 
374 267 12 15 0.052163374 
897 196 7 10 0.052077547 
606 338 12 16 0.052068647 
280 320 17 22 0.051945664 
580 355 11 14 0.051909287 
494 262 9 11 0.051853366 
913 262 7 10 0.051842052 
360 276 9 11 0.051825143 
317 315 9 11 0.051733583 
935 380 11 15 0.051695224 
588 372 15 20 0.051360156 
972 664 14 18 0.05132319 
93 433 219 286 0.05112057 
854 339 10 13 0.051011402 
919 248 7 8 0.05098486 
881 254 8 10 0.050968695 
425 278 8 10 0.050918784 
647 252 12 14 0.050908573 
983 277 10 12 0.050854757 
803 339 15 19 0.05073243 
487 212 8 11 0.050635144 
990 538 14 15 0.05038092 
894 301 9 11 0.050326005 
897 340 10 13 0.05030735 
947 584 16 21 0.05021025 
320 305 9 12 0.050172124 
880 333 10 12 0.05014477 
479 238 9 11 0.050082177 
835 589 11 15 0.049921576 
1002 362 11 14 0.04988868 
509 252 10 12 0.049741227 
872 427 11 16 0.049625576 
925 436 10 12 0.049439654 
14 439 14 17 0.04928367 
888 413 11 13 0.049043916 
990 292 18 23 0.0490349 
958 325 10 11 0.04898184 
438 299 9 13 0.04894909 
537 271 9 12 0.048910268 
888 174 8 10 0.04886979 
465 261 10 12 0.04872424 
78 413 16 19 0.048598375 
832 436 11 15 0.048481736 
307 390 18 21 0.048361957 
947 416 11 14 0.04826869 
992 648 20 27 0.048245545 
925 410 11 15 0.04813866 
618 231 8 10 0.047787584 
373 310 10 14 0.047675565 
550 253 10 11 0.04758651 
921 163 9 11 0.047547948 
945 199 8 11 0.047327604 
895 334 10 12 0.047085267 
897 148 9 11 0.047065236 
973 431 11 14 0.0469761 
592 222 9 10 0.046907187 
470 246 9 11 0.046897464 
895 373 10 12 0.04685464 
879 365 11 13 0.046687875 
537 244 8 10 0.04659156 
740 254 14 18 0.04638612 
993 361 11 15 0.04627117 
888 309 10 12 0.046254452 
367 277 9 11 0.046230417 
584 204 9 12 0.04621587 
947 374 12 15 0.04606261 
934 309 9 11 0.045900874 
1012 333 10 14 0.045716513 
453 283 10 14 0.045712642 
830 381 11 14 0.045513563 
975 454 14 17 0.045210004 
591 199 9 12 0.04507261 
684 275 10 14 0.044965602 
622 212 8 11 0.044950936 
868 293 10 11 0.04484061 
1000 320 10 13 0.044838704 
676 361 12 17 0.044574156 
966 349 12 14 0.044571005 
413 246 9 13 0.044493232 
52 419 17 21 0.044491332 
884 372 11 14 0.044419795 
685 229 10 13 0.044393446 
967 182 9 12 0.04416894 
966 571 14 19 0.044115607 
460 424 16 20 0.044111352 
450 255 7 10 0.044084813 
630 262 11 13 0.04407672 
885 357 9 12 0.044072255 
958 590 25 28 0.044065207 
888 262 7 8 0.044024408 
688 258 12 15 0.043920524 
916 291 10 11 0.04390926 
840 294 9 11 0.04389368 
475 419 14 18 0.04383534 
506 247 8 11 0.043822967 
911 325 8 11 0.04378885 
648 192 6 9 0.04369939 
617 212 8 11 0.04365991 
359 318 12 14 0.04361502 
543 232 9 10 0.043607723 
790 428 20 24 0.043422967 
237 330 12 16 0.043340445 
458 388 13 15 0.043228883 
870 365 10 13 0.043164022 
566 314 14 17 0.04291315 
657 189 8 10 0.04280355 
431 250 9 12 0.042763792 
885 350 9 12 0.042756673 
974 289 8 11 0.04268783 
29 428 11 14 0.04263165 
286 257 8 9 0.042558666 
447 421 13 19 0.04247318 
380 467 26 34 0.042471647 
966 254 8 10 0.042395644 
936 341 10 12 0.04234674 
293 310 10 11 0.042278964 
671 299 11 15 0.042247985 
823 341 9 12 0.042225223 
878 271 8 10 0.042203262 
865 355 10 14 0.0420745 
942 224 7 9 0.042045627 
327 250 11 14 0.041897167 
536 276 9 12 0.041889574 
245 315 13 16 0.041826006 
551 247 9 11 0.041821495 
376 315 10 13 0.041713208 
993 434 10 15 0.041646622 
335 302 8 11 0.04163847 
833 167 8 11 0.041521933 
813 388 11 13 0.041490197 
622 326 11 16 0.041312583 
864 287 10 12 0.04125578 
881 327 9 10 0.041092236 
284 283 10 13 0.040980786 
403 489 18 23 0.04086143 
919 324 9 11 0.040835254 
903 327 10 12 0.04066465 
380 252 12 15 0.040661525 
453 278 10 12 0.04047132 
934 251 9 11 0.040466256 
602 427 28 33 0.040388912 
255 322 11 14 0.040059663 
343 301 8 12 0.040050697 
613 325 11 15 0.040046204 
158 467 11 15 0.039929718 
919 222 7 9 0.03961971 
620 354 13 18 0.03958007 
503 269 9 12 0.039565325 
881 296 9 11 0.039538853 
381 289 11 14 0.039507456 
-1 425 10 17 0.03933919 
928 303 10 12 0.039331887 
964 578 15 20 0.03927738 
926 380 11 14 0.039091695 
921 405 11 14 0.0390517 
481 206 8 11 0.03897408 
890 390 9 13 0.0389033 
899 568 17 20 0.03890244 
846 269 9 11 0.03886186 
584 247 9 11 0.03876346 
308 524 16 21 0.038742535 
509 261 10 12 0.03865269 
873 344 10 12 0.03861454 
281 308 9 12 0.038580853 
448 247 7 10 0.03852748 
568 247 8 11 0.038422868 
960 181 10 12 0.038407646 
486 354 13 18 0.038380492 
512 230 9 12 0.038362745 
902 148 8 11 0.038329616 
960 294 9 11 0.03828097 
472 206 8 11 0.037974034 
804 421 11 14 0.037890412 
952 324 8 11 0.037816793 
175 324 9 12 0.0377797 
241 302 8 11 0.03769838 
597 155 10 13 0.03758781 
456 174 9 11 0.03756409 
687 284 10 13 0.03755724 
408 315 11 15 0.03740177 
515 335 13 17 0.037358016 
900 578 16 20 0.037236594 
901 394 11 14 0.03714109 
880 308 9 12 0.037100155 
550 372 13 17 0.03697068 
934 366 11 14 0.036885142 
355 339 23 29 0.03685933 
465 247 9 11 0.036840655 
245 357 11 14 0.036788743 
375 287 10 13 0.036777247 
860 332 10 12 0.03674706 
816 466 10 14 0.036734745 
662 190 7 9 0.036701504 
464 239 8 10 0.036669243 
929 254 8 9 0.03665499 
927 276 7 10 0.036649626 
496 205 9 11 0.036624353 
472 232 9 11 0.036589924 
934 263 8 9 0.03656781 
477 35 29 39 0.036533777 
432 213 7 11 0.03651973 
828 398 10 13 0.036513302 
854 277 9 11 0.03650805 
429 286 11 14 0.036503885 
527 260 8 11 0.036430676 
1000 600 24 31 0.036327604 
898 452 12 14 0.036199827 
960 151 7 10 0.036198657 
940 581 15 21 0.036142167 
566 235 10 12 0.036100972 
454 270 10 11 0.036090057 
589 358 11 14 0.03608638 
389 327 10 13 0.03606886 
601 262 8 11 0.03597745 
933 372 11 15 0.035959907 
553 229 9 12 0.035928167 
997 722 16 19 0.03589694 
913 239 7 9 0.035872728 
145 334 399 487 0.03581669 
198 390 11 15 0.035807427 
984 333 9 11 0.03577304 
738 613 22 30 0.035768732 
91 414 12 18 0.03568418 
474 285 9 11 0.03562563 
872 333 9 11 0.035593808 
598 200 8 11 0.03558069 
373 300 10 13 0.035542965 
936 420 10 14 0.035505332 
590 271 9 12 0.03545203 
392 264 10 14 0.035414346 
461 412 15 17 0.03539676 
943 355 10 12 0.035286408 
368 286 9 12 0.03522646 
937 223 8 9 0.03522223 
929 292 10 11 0.035184626 
910 127 7 10 0.035117533 
342 278 8 11 0.035091445 
502 230 9 12 0.03489171 
415 264 8 11 0.034772437 
485 248 10 12 0.03477149 
0 402 9 15 0.034732673 
888 278 8 10 0.034729093 
973 397 10 12 0.034554426 
265 341 11 15 0.034539275 
924 443 11 14 0.03451529 
46 404 22 27 0.034503672 
982 664 12 17 0.03450152 
975 317 10 13 0.0344983 
861 537 13 19 0.034487598 
937 277 10 11 0.034451816 
382 308 11 14 0.034431066 
800 382 11 14 0.034206454 
836 417 13 16 0.034198847 
501 207 9 11 0.034178026 
951 207 7 9 0.034173563 
540 211 10 13 0.034114454 
334 310 8 12 0.034108877 
550 168 13 17 0.03410857 
643 301 11 15 0.034053568 
478 269 9 11 0.034048077 
321 368 16 19 0.033970367 
796 393 11 16 0.03395108 
841 299 9 13 0.033882257 
488 236 9 11 0.033858452 
536 204 11 13 0.0338554 
368 107 11 16 0.03378113 
635 198 7 10 0.033679582 
470 255 9 12 0.033675347 
895 467 11 16 0.03367337 
519 243 9 12 0.03364768 
485 269 10 11 0.03364408 
527 255 8 11 0.033603918 
857 387 11 14 0.033579446 
457 238 8 10 0.033571992 
934 483 13 18 0.033527587 
908 339 10 13 0.033523742 
581 213 9 12 0.03350204 
978 325 9 12 0.03349285 
870 326 9 11 0.03343529 
437 396 13 15 0.033433866 
851 357 12 16 0.03342976 
865 509 10 14 0.03338807 
292 334 10 13 0.03330165 
300 241 11 14 0.033294316 
371 329 22 26 0.033269454 
343 288 8 12 0.033263057 
1002 555 14 20 0.03325341 
456 205 7 10 0.03324986 
936 320 10 11 0.03323168 
926 165 7 10 0.033189505 
305 527 24 32 0.032935455 
969 562 21 26 0.032827172 
281 256 9 11 0.032811865 
864 129 7 8 0.03280983 
896 257 7 9 0.03279277 
669 238 9 12 0.032764655 
920 278 8 10 0.032748133 
628 331 11 15 0.032738425 
903 284 9 11 0.032696597 
566 271 10 14 0.032695808 
576 236 8 11 0.03267908 
109 453 11 15 0.032611754 
447 275 10 13 0.032598726 
830 278 10 11 0.032542925 
958 394 11 14 0.03252474 
181 323 11 13 0.032475855 
457 181 8 12 0.032462604 
483 419 13 17 0.03243526 
248 298 9 12 0.032426555 
599 215 9 11 0.032414384 
837 553 14 16 0.032412466 
727 262 11 13 0.032406516 
878 475 10 15 0.032358743 
927 372 12 15 0.032192886 
828 485 11 15 0.03211972 
607 216 8 10 0.032106858 
433 148 7 11 0.032047763 
542 245 8 10 0.031938218 
246 297 19 24 0.03190415 
869 301 10 12 0.03187183 
632 185 7 8 0.031791694 
373 276 11 12 0.031700507 
813 458 13 17 0.031645525 
158 411 9 13 0.031635955 
952 214 8 10 0.031614155 
410 340 11 14 0.03159468 
894 474 11 16 0.03157361 
492 540 12 15 0.03155623 
962 253 7 11 0.0315544 
685 338 13 18 0.031483 
261 316 10 14 0.0314695 
1003 444 12 14 0.031463422 
557 313 13 17 0.031437494 
592 190 8 10 0.03137986 
772 227 10 13 0.031304505 
244 387 11 15 0.031228501 
942 366 11 13 0.031117337 
433 207 7 9 0.031090345 
732 615 16 23 0.031084184 
867 396 11 13 0.03103427 
448 285 10 13 0.031004775 
953 335 9 11 0.031002104 
612 340 14 19 0.030975616 
519 195 10 13 0.030750694 
285 350 14 17 0.030727597 
976 263 8 10 0.030668434 
936 271 8 10 0.030655935 
365 325 12 14 0.030631626 
932 428 11 13 0.030597845 
319 348 11 13 0.030589081 
937 538 14 19 0.03054137 
898 593 20 23 0.030532783 
274 335 21 25 0.030515756 
439 206 8 9 0.030491041 
541 199 9 12 0.030488564 
582 176 9 11 0.030438956 
440 214 8 10 0.03042759 
901 405 11 14 0.03040281 
935 357 10 12 0.030312074 
642 306 18 24 0.030299136 
862 450 12 16 0.030279558 
906 357 11 15 0.030228158 
247 212 9 12 0.030129982 
856 129 7 9 0.030119779 
168 327 9 11 0.030088486 
694 230 8 12 0.030086337 
446 216 8 10 0.030009128 
906 563 12 16 0.029998664 
327 295 8 10 0.029987115 
590 253 8 11 0.02997047 
589 382 16 20 0.029968314 
180 340 10 14 0.02994813 
199 413 10 13 0.029856525 
902 319 9 11 0.02983166 
950 366 11 13 0.029799607 
934 513 11 17 0.029799536 
944 458 11 15 0.029788435 
439 265 9 11 0.029777503 
524 231 9 11 0.029732225 
998 306 10 12 0.029719718 
959 581 14 19 0.029626127 
640 240 9 11 0.029560778 
911 281 9 12 0.02954916 
973 311 10 12 0.029536406 
989 657 16 23 0.029471178 
431 143 8 11 0.029470738 
934 303 10 11 0.029454345 
403 470 21 29 0.029439729 
495 224 9 11 0.02938935 
959 301 10 12 0.029339187 
906 127 7 9 0.029336326 
885 474 13 16 0.029333038 
929 288 8 10 0.029277172 
446 221 9 12 0.02922279 
519 253 9 12 0.029214934 
946 453 12 14 0.029194348 
919 216 8 10 0.02916275 
919 239 7 9 0.029156655 
924 206 9 10 0.029133359 
304 325 10 12 0.029108725 
918 264 9 10 0.02905811 
270 308 10 13 0.029037325 
704 270 9 11 0.029002426 
813 411 11 15 0.02892344 
118 406 23 25 0.02890972 
480 184 8 11 0.028812764 
598 293 11 14 0.028803773 
844 301 10 12 0.028754955 
408 285 9 11 0.028723655 
713 270 10 13 0.028722625 
585 252 9 11 0.028663022 
928 357 9 11 0.028656492 
555 163 16 21 0.028641144 
543 255 9 12 0.028621405 
932 474 13 17 0.02860121 
66 416 21 25 0.028599242 
822 292 9 13 0.02858783 
879 317 9 12 0.028572384 
839 271 9 11 0.02854751 
328 315 10 13 0.028531423 
937 158 7 10 0.02852786 
280 292 9 12 0.02846071 
943 230 7 9 0.028433502 
311 306 10 12 0.02839647 
590 238 9 10 0.028373975 
896 232 8 11 0.028371511 
430 278 9 10 0.028336035 
917 370 11 15 0.028324813 
398 395 13 17 0.028282633 
927 327 9 11 0.028258622 
270 219 10 13 0.028170343 
916 359 10 14 0.02812338 
808 406 11 13 0.028090522 
181 377 12 14 0.028081696 
481 222 8 11 0.028038446 
941 285 10 11 0.028027914 
309 245 9 12 0.028018871 
352 271 10 11 0.02798756 
559 216 10 13 0.027972829 
633 191 8 9 0.027958596 
501 278 10 11 0.027943281 
839 396 9 11 0.027940363 
951 355 9 12 0.027933175 
947 426 11 15 0.027852379 
821 419 13 16 0.02782414 
998 451 12 15 0.027795145 
462 404 14 17 0.027751364 
559 234 10 12 0.027722493 
1001 192 9 11 0.027703615 
606 255 9 11 0.027694969 
363 315 13 15 0.02762231 
870 452 12 16 0.027618386 
854 269 10 12 0.027617367 
936 241 9 11 0.027613051 
518 461 15 19 0.027503412 
492 179 10 13 0.027470805 
841 135 7 8 0.027468327 
367 86 8 10 0.027416918 
395 475 38 49 0.027381398 
686 319 13 16 0.027344687 
877 386 11 14 0.027341278 
296 517 45 56 0.02732055 
904 302 9 11 0.027317053 
502 353 13 17 0.027298447 
803 426 11 14 0.027285136 
880 277 8 10 0.027274298 
407 268 10 12 0.027270695 
293 349 11 14 0.027270466 
806 411 14 17 0.027261319 
847 264 9 11 0.027257709 
849 327 9 11 0.027256772 
884 380 11 14 0.027193965 
649 214 8 11 0.027074872 
694 248 12 15 0.027052555 
542 269 9 12 0.027042225 
717 281 12 15 0.027038034 
431 309 11 15 0.026987564 
463 214 8 11 0.026977481 
912 149 7 10 0.026975494 
632 222 8 10 0.026954168 
616 237 9 11 0.026907006 
462 191 8 10 0.026883729 
813 404 11 14 0.026860304 
102 458 12 15 0.026847549 
380 267 12 15 0.026815536 
318 341 10 13 0.026775917 
716 270 12 16 0.026754579 
624 183 7 10 0.026743516 
359 297 19 22 0.026723709 
332 475 17 22 0.026715096 
176 319 10 13 0.026692336 
542 261 10 12 0.026674153 
869 474 11 15 0.026658595 
423 237 19 24 0.02665738 
1003 496 14 19 0.026568558 
926 365 12 15 0.026544828 
265 408 24 31 0.026535178 
269 302 11 13 0.02653256 
45 416 14 18 0.026512975 
496 193 9 11 0.026504444 
287 269 8 11 0.026460916 
463 295 9 11 0.02644297 
966 302 9 12 0.026442012 
309 537 45 61 0.026432427 
855 370 11 15 0.026432078 
217 355 11 15 0.026419975 
608 200 7 9 0.02640929 
481 213 9 10 0.026389703 
903 238 8 10 0.026374986 
490 387 14 18 0.026365949 
503 261 10 12 0.026338637 
633 385 16 21 0.026312377 
286 294 9 12 0.026308382 
913 246 8 9 0.026238639 
515 434 13 19 0.02621451 
420 406 14 15 0.026194902 
189 404 12 16 0.02619231 
397 286 9 11 0.02615886 
636 277 11 14 0.026138559 
832 374 9 13 0.026137734 
445 292 9 13 0.026072076 
656 242 9 12 0.026024092 
1014 387 10 16 0.026017753 
889 286 8 10 0.025987867 
996 430 10 14 0.025972927 
224 316 9 13 0.025943128 
967 326 8 10 0.02592728 
912 257 7 9 0.025909912 
472 436 26 29 0.02590878 
350 286 9 11 0.02581758 
946 205 8 10 0.025814045 
263 301 10 13 0.025810165 
904 214 8 9 0.025809646 
304 318 10 11 0.025735697 
979 647 21 28 0.025728816 
952 191 7 10 0.025700482 
853 493 10 13 0.025683282 
567 353 21 25 0.025568172 
920 380 10 14 0.025530735 
478 197 9 10 0.02550017 
624 225 8 10 0.025493639 
447 191 8 10 0.02546958 
541 278 9 11 0.02545601 
480 300 9 13 0.025455657 
557 219 20 24 0.025441874 
824 286 9 12 0.025439577 
695 216 9 12 0.025429824 
238 374 14 16 0.02540502 
463 205 8 10 0.025330799 
632 209 8 9 0.025303857 
243 322 11 14 0.025285037 
455 334 13 15 0.025276026 
340 421 15 18 0.025228128 
870 460 12 17 0.025215114 
607 230 8 10 0.025202893 
500 198 9 11 0.025190199 
251 456 17 22 0.025181755 
520 342 20 29 0.02516369 
293 325 9 12 0.025133394 
520 261 9 12 0.02512629 
942 158 9 10 0.02510571 
457 190 8 10 0.025099732 
649 207 7 9 0.025097813 
899 467 15 18 0.025064806 
974 610 17 19 0.025041953 
937 217 7 9 0.025037274 
422 298 12 15 0.025033606 
488 180 10 13 0.025012 
904 257 7 9 0.024984146 
290 357 13 16 0.024977945 
640 191 8 10 0.024954503 
856 438 10 14 0.02495136 
532 344 15 20 0.024941009 
473 197 9 10 0.024930961 
868 309 10 13 0.024925282 
994 239 8 11 0.024863292 
945 307 10 12 0.02485435 
927 318 8 11 0.024839053 
392 287 9 12 0.024835935 
550 366 11 15 0.024829566 
11 429 17 20 0.024814019 
502 222 9 11 0.024810955 
624 201 7 9 0.024806743 
504 252 10 13 0.024791889 
870 690 51 61 0.024791805 
396 293 10 13 0.024765905 
687 223 9 12 0.024761189 
497 269 9 11 0.024706995 
244 351 12 14 0.02467703 
236 339 12 15 0.02466762 
120 341 13 15 0.024664087 
352 278 9 10 0.024621885 
272 278 11 14 0.024609463 
695 236 9 11 0.024607442 
0 412 10 18 0.024575759 
598 239 9 10 0.024561595 
552 223 10 13 0.024524182 
374 257 15 19 0.024509994 
830 309 9 12 0.024482911 
267 423 18 23 0.024471508 
903 224 7 9 0.02446342 
569 204 8 11 0.024455616 
720 262 9 12 0.024424562 
609 206 7 9 0.024400828 
887 271 8 10 0.024356611 
959 468 12 16 0.024347162 
275 349 15 17 0.024322148 
903 347 10 13 0.024290564 
839 362 12 15 0.024275001 
903 197 8 10 0.024266047 
638 215 7 10 0.024232311 
926 550 14 19 0.024232047 
868 540 13 18 0.024198016 
375 220 11 13 0.024176024 
1005 190 10 13 0.02414848 
69 420 12 15 0.024099298 
303 303 10 12 0.024098821 
971 649 15 19 0.024077278 
957 379 18 23 0.024077099 
991 356 20 24 0.024020078 
913 269 8 10 0.02401792 
581 318 12 16 0.023974651 
832 341 9 12 0.02397064 
860 341 10 12 0.023941606 
831 302 10 12 0.023940448 
973 380 10 13 0.023886766 
871 572 11 14 0.023862835 
270 401 14 17 0.023856428 
903 293 9 11 0.023839733 
507 417 22 31 0.02383252 
271 245 10 12 0.023778003 
279 272 9 11 0.023770848 
864 367 10 14 0.023753991 
230 336 21 23 0.023703592 
331 453 30 37 0.023679681 
308 375 25 31 0.023676507 
889 197 8 10 0.023671458 
498 311 17 19 0.02364806 
572 321 13 16 0.023607828 
310 338 12 15 0.023532122 
518 362 14 18 0.023523293 
576 188 10 11 0.023513647 
136 392 13 17 0.023478482 
597 402 14 16 0.023475846 
239 311 9 12 0.023464711 
813 341 11 15 0.023411412 
937 348 10 12 0.023375902 
293 302 10 13 0.023368157 
100 443 12 16 0.023359964 
392 253 9 11 0.023355925 
865 264 8 11 0.023339756 
525 237 8 11 0.023259554 
976 299 9 12 0.023258353 
387 481 29 34 0.023251582 
62 399 11 13 0.023242196 
393 277 9 11 0.023225509 
405 411 14 19 0.023203148 
438 253 8 10 0.023200747 
950 266 9 12 0.023180539 
592 215 9 11 0.023171702 
984 477 12 16 0.023164716 
470 212 9 11 0.023147197 
911 404 10 13 0.023143373 
463 221 8 11 0.023131002 
353 292 9 12 0.023118395 
798 343 14 18 0.02310867 
799 141 8 10 0.023094868 
567 252 9 11 0.023089318 
524 359 15 20 0.023058435 
552 238 8 10 0.023054708 
871 165 9 12 0.02305021 
596 416 14 18 0.02303698 
721 140 10 13 0.022998666 
382 324 12 15 0.022996176 
413 303 11 14 0.022989275 
649 171 8 11 0.022909239 
216 348 10 14 0.022900103 
968 517 19 24 0.022891995 
453 393 13 16 0.022840198 
516 369 14 19 0.022812402 
311 304 17 24 0.022801805 
870 317 10 12 0.02278913 
918 441 18 23 0.022780232 
439 201 7 9 0.022748267 
1007 378 12 16 0.022747278 
305 371 15 18 0.022745743 
855 255 9 10 0.022706253 
967 247 8 11 0.022696551 
148 429 11 15 0.02269105 
823 389 11 15 0.022662623 
231 312 11 13 0.022582265 
855 263 8 11 0.02257194 
1000 331 10 13 0.02256704 
575 246 9 11 0.022565756 
819 453 11 14 0.02253994 
456 303 11 14 0.022533584 
511 223 10 11 0.022518408 
544 305 15 17 0.02250081 
558 253 9 11 0.022465063 
396 449 14 18 0.022448435 
167 396 12 15 0.02242328 
473 192 8 10 0.022391496 
316 558 43 69 0.02235649 
880 397 10 13 0.022339717 
600 255 8 11 0.02229375 
109 459 13 17 0.022239944 
997 460 11 15 0.022236783 
671 251 9 11 0.02222253 
975 527 14 19 0.022219868 
439 239 8 12 0.022198822 
343 308 9 11 0.022159096 
471 448 28 34 0.022128126 
844 293 11 13 0.022120878 
488 308 11 14 0.022119615 
235 483 14 22 0.022116538 
632 167 8 11 0.02211637 
486 315 13 15 0.022067636 
488 171 12 15 0.022060921 
964 469 12 16 0.022059005 
225 326 9 13 0.022058627 
660 273 12 13 0.022048155 
133 376 21 26 0.022033641 
244 126 10 12 0.022003992 
500 462 15 18 0.021992443 
990 467 13 17 0.021945236 
836 500 13 16 0.021942077 
368 271 10 12 0.021939054 
536 255 9 12 0.021924606 
822 413 11 15 0.021917224 
457 374 15 18 0.021914408 
615 201 8 8 0.021913782 
488 223 9 12 0.021911418 
607 246 9 11 0.021909636 
175 335 9 13 0.021893665 
869 346 18 21 0.021893108 
831 284 9 12 0.021845974 
425 263 8 11 0.021821328 
879 142 8 10 0.02181422 
1006 181 10 13 0.021810219 
929 263 8 10 0.021795982 
525 270 9 12 0.021769319 
327 333 9 12 0.021731762 
448 200 8 10 0.021720886 
448 205 8 10 0.021716205 
855 530 13 18 0.021710044 
894 366 11 14 0.0216945 
647 400 15 20 0.021679334 
654 172 8 10 0.021636555 
837 564 13 16 0.02163001 
931 247 8 10 0.021626791 
638 366 11 13 0.021624994 
551 269 10 13 0.021581007 
940 478 12 16 0.021580538 
564 387 14 20 0.021521788 
237 347 12 16 0.02150647 
879 412 11 14 0.02150524 
582 378 16 19 0.021487042 
591 246 8 12 0.021448556 
600 229 8 11 0.02143534 
209 425 14 18 0.021433637 
897 461 15 17 0.021417385 
554 380 15 20 0.021398345 
639 205 7 9 0.021383978 
972 389 11 14 0.021380428 
986 427 10 14 0.021379229 
39 419 12 16 0.021367522 
292 339 11 14 0.021360617 
916 303 10 12 0.021360165 
462 302 10 13 0.021345707 
832 171 9 11 0.021311516 
832 365 9 12 0.02129131 
840 129 7 9 0.021289287 
973 182 9 12 0.021285197 
978 696 41 54 0.021251397 
395 356 13 15 0.021240987 
870 435 11 14 0.021231186 
431 460 11 14 0.021215716 
448 507 24 33 0.021195555 
52 398 11 16 0.02115491 
966 188 9 10 0.021151405 
253 369 18 24 0.021149259 
69 398 11 15 0.0211428 
527 246 8 10 0.021133855 
479 230 10 12 0.021126596 
215 317 10 13 0.021121277 
913 452 11 14 0.021109624 
261 323 9 13 0.02110709 
943 437 10 13 0.021095645 
250 484 15 20 0.021089548 
638 333 10 14 0.02106607 
447 239 8 11 0.021063164 
583 188 9 11 0.02105618 
858 292 9 11 0.021055412 
352 309 9 12 0.021054076 
616 190 8 10 0.021041298 
703 306 14 18 0.021033933 
407 278 9 11 0.021022849 
270 317 10 13 0.021001002 
460 395 13 16 0.020969188 
528 338 13 17 0.020952994 
574 275 9 12 0.020942163 
343 334 11 15 0.020916931 
957 276 8 10 0.020905238 
408 262 10 13 0.020893121 
662 185 8 9 0.020891353 
1015 437 9 13 0.020889442 
214 331 11 14 0.02088929 
79 423 15 19 0.020871447 
403 401 14 18 0.020870198 
726 232 10 13 0.020838127 
874 254 8 10 0.020812951 
773 125 11 14 0.020784216 
961 188 8 10 0.02077823 
938 412 20 24 0.020769475 
428 91 12 15 0.020747855 
485 189 8 11 0.02072742 
907 469 14 18 0.020706654 
543 285 9 12 0.020701302 
397 275 10 13 0.020619167 
253 580 21 34 0.02060384 
465 166 9 11 0.020600358 
904 246 7 9 0.020593492 
305 308 10 12 0.020588681 
1009 300 9 13 0.02058274 
445 383 21 25 0.020513272 
853 165 8 10 0.020511808 
616 181 9 12 0.02049464 
551 199 9 12 0.020492751 
975 240 9 10 0.020437658 
976 254 8 10 0.020427365 
414 172 9 12 0.020426895 
926 419 12 15 0.02041434 
265 337 19 25 0.020376684 
845 566 12 15 0.02036117 
937 119 8 11 0.020352766 
253 297 10 12 0.020329885 
112 400 20 23 0.020307554 
588 318 11 14 0.020306116 
327 326 9 12 0.020288434 
431 231 8 10 0.020284206 
591 230 9 11 0.02027852 
958 366 10 13 0.020240223 
952 286 8 11 0.020238155 
936 230 8 9 0.020235986 
862 351 19 24 0.02022595 
503 172 10 15 0.02022055 
820 348 12 15 0.020215057 
896 246 7 9 0.020212043 
607 221 8 10 0.020210136 
875 617 25 31 0.020181797 
856 285 9 12 0.020179044 
591 262 9 11 0.020173475 
878 445 12 18 0.020159205 
948 588 22 27 0.020152865 
949 465 13 16 0.020142082 
511 267 10 12 0.02010651 
330 420 26 33 0.0200894 
41 392 11 13 0.020057382 
687 189 9 12 0.020040637 
1014 379 11 17 0.020037541 
319 389 23 28 0.020029664 
414 321 11 14 0.020017598 
890 614 15 17 0.02001296 
983 286 8 10 0.020011473 
86 391 13 16 0.02000569 
576 357 19 25 0.02000394 
