0_Parade_marchingband_1_881
165
328 157 27 38 0.92292607 
718 180 22 35 0.903276 
143 259 11 14 0.8594117 
49 232 14 20 0.8408748 
640 163 20 28 0.7385941 
95 239 12 15 0.5433532 
883 195 20 28 0.5412466 
892 198 16 22 0.47848603 
186 213 10 13 0.4294516 
1000 260 10 13 0.35362387 
227 215 9 11 0.32071835 
238 265 12 15 0.29705337 
280 205 10 15 0.2747226 
394 242 84 78 0.22364053 
877 198 15 23 0.2158154 
6 214 13 16 0.18772109 
935 269 10 12 0.15938058 
935 220 10 15 0.12396838 
967 262 8 11 0.11728225 
982 270 9 12 0.11715815 
976 268 9 13 0.116139606 
769 226 11 16 0.09329648 
197 301 11 14 0.09015606 
79 213 10 14 0.08524335 
566 206 9 11 0.08252201 
378 207 138 140 0.081601374 
941 219 10 15 0.07937146 
242 261 10 14 0.07663306 
223 238 10 13 0.07221989 
450 173 34 34 0.071662284 
311 163 32 34 0.07090222 
796 233 14 17 0.06847994 
147 256 10 13 0.068444885 
852 190 29 33 0.066051416 
198 306 11 15 0.06533003 
989 278 8 10 0.06469445 
779 188 12 16 0.057368007 
223 313 12 16 0.05601507 
952 269 10 13 0.055820905 
796 221 12 17 0.055309605 
980 263 9 12 0.055056814 
224 300 10 12 0.053701833 
537 286 10 12 0.053107362 
957 269 9 12 0.052380193 
749 248 15 21 0.051443145 
845 201 15 23 0.050188694 
984 275 9 11 0.04960347 
224 219 10 12 0.048307534 
962 261 9 12 0.047284093 
982 254 8 10 0.045115024 
699 180 26 30 0.04429719 
952 237 8 11 0.043048035 
930 219 10 16 0.04197171 
943 263 10 12 0.041882735 
942 288 8 11 0.040379386 
1004 256 9 12 0.03961639 
910 290 13 16 0.039477646 
405 201 93 86 0.03943372 
56 234 15 19 0.03935485 
558 221 10 12 0.039009295 
893 181 13 15 0.039003402 
796 214 11 14 0.038620174 
891 187 17 21 0.038497597 
772 208 13 18 0.03847431 
117 262 10 11 0.037845477 
182 206 19 24 0.03769708 
138 257 10 12 0.037282962 
976 276 9 11 0.037150487 
950 261 10 13 0.036952127 
998 265 10 13 0.036571804 
177 213 9 12 0.03638103 
21 240 14 19 0.035918247 
629 167 19 22 0.03581018 
977 256 8 10 0.035727423 
976 246 9 11 0.035258822 
302 168 30 36 0.034736615 
283 196 13 17 0.03452405 
872 188 25 36 0.033894233 
233 260 12 15 0.03379532 
962 255 9 12 0.033772055 
85 210 12 16 0.032900296 
298 189 18 22 0.032184314 
228 243 12 14 0.03200791 
775 183 11 16 0.031374007 
227 309 13 18 0.031137682 
969 267 9 11 0.030732099 
110 243 12 15 0.030144801 
180 316 10 12 0.029878644 
232 256 21 25 0.029800829 
990 271 9 12 0.029769937 
21 215 10 14 0.029465482 
917 218 12 16 0.029266205 
982 240 9 11 0.028882515 
636 156 18 25 0.02850883 
995 260 10 13 0.028292382 
276 198 20 26 0.028163334 
722 170 36 49 0.027937263 
1007 280 10 12 0.02779562 
949 255 9 12 0.027244922 
157 201 13 17 0.027116591 
245 295 10 12 0.026869724 
958 365 9 11 0.026745211 
561 204 9 12 0.026729174 
229 208 10 13 0.026706109 
982 246 9 11 0.02667191 
952 245 8 12 0.026592826 
574 204 9 13 0.026325997 
297 182 29 40 0.026072448 
692 184 15 21 0.025957484 
87 202 13 18 0.025956212 
951 309 9 12 0.025773857 
340 159 26 37 0.02561521 
791 221 21 27 0.02558057 
960 245 9 11 0.025383934 
803 236 13 17 0.025279958 
141 253 18 22 0.025148086 
88 233 19 25 0.024850635 
237 254 12 15 0.024844613 
729 178 15 27 0.024788043 
166 212 9 12 0.024738241 
930 212 21 25 0.024632394 
565 211 10 12 0.024546213 
966 245 9 11 0.024076924 
936 290 10 12 0.023968192 
284 189 12 16 0.023786433 
781 264 180 281 0.023728902 
1000 240 8 10 0.023276173 
205 214 12 14 0.023228766 
142 238 9 13 0.023199668 
617 159 27 31 0.023056066 
222 207 19 24 0.0230318 
198 289 9 11 0.022984192 
948 220 10 13 0.02295941 
959 238 9 12 0.02289298 
365 222 27 36 0.022623237 
104 285 9 12 0.022593569 
222 229 11 14 0.022549203 
767 205 13 18 0.022421073 
647 164 23 32 0.022413528 
1015 246 9 12 0.022333749 
193 296 10 13 0.022219758 
736 250 20 30 0.022080366 
245 254 10 15 0.021889837 
90 197 13 17 0.021839261 
775 193 13 18 0.02153582 
791 211 12 16 0.021521451 
975 286 8 10 0.021417264 
997 254 18 24 0.021399062 
406 262 32 35 0.021330768 
169 261 8 11 0.021311752 
105 302 8 12 0.021299126 
207 261 9 13 0.021228915 
958 276 9 11 0.021125715 
942 276 9 11 0.021012621 
182 300 10 13 0.020967213 
143 245 9 12 0.02089428 
135 269 8 11 0.020872813 
951 229 9 12 0.02080123 
108 196 13 17 0.02078216 
110 285 9 12 0.020639062 
976 239 9 11 0.020572716 
707 239 36 49 0.020463066 
290 193 24 32 0.020360278 
1016 253 8 11 0.020348515 
-2 202 40 55 0.020101672 
