0_Parade_marchingband_1_818
24
609 378 244 390 0.86952007 
279 256 313 488 0.6152081 
538 260 429 573 0.32140422 
523 749 255 275 0.11060327 
326 464 114 182 0.078657135 
909 1379 61 80 0.07572638 
-18 770 196 296 0.060795914 
127 166 398 494 0.042749204 
110 1315 70 72 0.040210098 
309 757 419 420 0.035657078 
532 526 375 474 0.034892045 
445 132 406 550 0.034161795 
724 1032 302 222 0.031666823 
426 430 31 43 0.031640608 
387 329 386 476 0.03153225 
391 1433 121 110 0.029618593 
246 360 229 331 0.028974827 
908 1080 142 157 0.027908178 
587 1041 398 450 0.025247829 
-12 525 110 178 0.02355908 
-10 791 97 208 0.020912224 
-1 764 333 435 0.020311069 
77 580 429 505 0.020301502 
736 366 312 444 0.020225316 
