0_Parade_Parade_0_478
200
836 475 17 23 0.82123077 
909 478 11 13 0.6354872 
216 374 12 16 0.4399789 
632 452 11 15 0.39774615 
116 347 11 14 0.23090343 
204 395 13 15 0.21991378 
655 445 11 16 0.21517767 
572 427 11 13 0.18410124 
691 461 12 15 0.1787798 
488 420 10 14 0.17157148 
1001 570 17 20 0.17032218 
308 416 20 29 0.16874503 
198 421 22 28 0.15719132 
47 390 10 13 0.15517512 
269 381 29 38 0.14986983 
632 469 10 13 0.14234765 
275 261 464 525 0.13270317 
157 380 11 16 0.123455 
23 371 11 15 0.11086279 
850 480 14 19 0.110346265 
191 234 14 18 0.10444057 
536 420 12 16 0.09872818 
800 459 9 12 0.084359884 
726 461 9 12 0.08326924 
734 470 10 13 0.08269769 
44 372 10 13 0.07845666 
685 497 12 15 0.07583726 
206 357 12 16 0.072925225 
575 480 8 10 0.071256794 
382 179 183 190 0.07102197 
780 481 13 18 0.070235245 
703 453 10 13 0.07014861 
725 456 9 10 0.06903597 
213 371 21 26 0.06597768 
222 393 14 18 0.062478606 
609 448 9 10 0.06230613 
781 438 9 12 0.062132128 
166 378 11 15 0.059913255 
14 373 12 14 0.059850108 
93 375 11 14 0.059267413 
776 460 9 12 0.05697043 
597 469 10 12 0.056849353 
197 381 10 13 0.056135733 
80 389 9 13 0.055900626 
139 346 11 15 0.055878118 
8 373 11 14 0.05346114 
776 456 8 10 0.05331605 
173 371 13 15 0.05323093 
70 372 11 13 0.05284201 
616 469 8 11 0.052332327 
901 431 10 13 0.050255317 
29 415 16 18 0.04970703 
350 378 26 30 0.04836897 
552 493 10 13 0.047685042 
677 446 9 11 0.04721428 
212 393 13 17 0.04638211 
624 468 8 11 0.046151448 
869 428 12 14 0.046043433 
607 486 10 12 0.04558244 
259 393 14 19 0.045465488 
444 405 11 12 0.045273073 
52 390 10 13 0.045200337 
838 436 9 12 0.04299683 
421 459 9 13 0.042571865 
187 -29 413 504 0.04256649 
676 454 12 16 0.042224694 
636 474 11 14 0.041834682 
303 418 16 23 0.040961977 
0 362 10 15 0.04070982 
28 365 12 15 0.040264543 
525 429 10 13 0.040059146 
151 374 14 18 0.0398825 
734 438 10 12 0.039420824 
144 319 10 12 0.039403606 
16 347 11 14 0.039181758 
479 421 11 14 0.039008245 
615 479 8 9 0.038940113 
200 388 12 16 0.037728265 
262 364 12 17 0.037569385 
672 493 10 14 0.0374509 
630 475 12 13 0.037380807 
46 381 11 15 0.037321538 
472 422 10 12 0.037034124 
673 499 10 14 0.036709357 
793 454 9 13 0.036621656 
624 480 8 10 0.03646132 
742 491 12 16 0.036244657 
628 448 19 24 0.035891123 
52 417 15 20 0.03575505 
708 452 11 14 0.03560948 
914 483 12 14 0.03548458 
455 493 11 13 0.034929063 
88 378 13 16 0.034211222 
686 455 13 16 0.033715785 
760 463 10 12 0.0337079 
725 501 14 18 0.03369358 
907 474 19 23 0.033518054 
608 468 10 12 0.032029256 
257 375 23 31 0.03188337 
820 422 10 12 0.031839795 
679 483 11 15 0.031787965 
598 439 9 11 0.03173729 
754 481 15 19 0.031557407 
800 437 10 12 0.031366635 
94 383 15 19 0.031212319 
552 428 10 12 0.031110978 
729 467 11 13 0.030977821 
103 392 15 18 0.030976051 
678 500 12 16 0.030949479 
191 380 11 14 0.03086942 
608 452 9 13 0.03078828 
613 451 9 12 0.0306627 
671 485 10 12 0.030645555 
734 464 9 12 0.030640652 
598 461 9 12 0.030286526 
593 477 9 12 0.030285407 
831 470 11 16 0.030147769 
162 386 12 16 0.02985809 
208 380 11 14 0.029734295 
363 424 13 17 0.02964737 
504 485 13 16 0.02959418 
332 378 40 45 0.029274836 
641 436 9 12 0.029081546 
220 366 13 18 0.029034186 
325 393 14 16 0.028913047 
37 461 11 14 0.028754834 
150 385 15 18 0.028388275 
821 461 9 12 0.028249016 
721 453 9 12 0.028072275 
598 475 9 13 0.027846523 
12 403 14 17 0.02782966 
617 437 9 12 0.027790004 
710 460 10 12 0.027513403 
81 395 10 14 0.027032988 
310 366 327 253 0.027011298 
70 379 11 13 0.026665723 
608 479 9 12 0.026610233 
768 455 9 11 0.025939628 
659 440 11 14 0.025846515 
640 428 9 13 0.025815856 
109 364 14 17 0.025719233 
197 374 10 14 0.025575884 
5 364 11 14 0.025524974 
131 42 281 290 0.02548731 
156 365 13 17 0.025352139 
315 410 25 32 0.025348017 
16 366 12 14 0.025339117 
806 477 11 14 0.024912506 
772 475 17 22 0.024859117 
317 383 25 31 0.02480449 
701 460 10 13 0.02474964 
421 493 11 14 0.024743907 
651 436 20 25 0.024687188 
853 424 9 11 0.024601942 
275 387 16 22 0.02459401 
558 424 10 13 0.024583487 
447 440 13 18 0.024339728 
635 447 11 15 0.024324628 
540 411 13 15 0.02391755 
21 357 12 14 0.023779161 
673 439 10 13 0.023490276 
257 388 13 17 0.023389867 
111 354 13 16 0.023295633 
44 403 14 18 0.02325246 
573 434 12 14 0.023219528 
615 506 11 14 0.023052117 
353 401 24 28 0.023038607 
750 498 11 16 0.02298222 
255 413 13 18 0.022831425 
167 311 9 11 0.022726588 
461 399 14 18 0.02265433 
533 412 21 28 0.022627175 
678 491 11 15 0.022596743 
512 422 9 11 0.022479152 
734 491 12 16 0.022305977 
766 461 11 13 0.022101104 
75 367 11 13 0.022079565 
735 484 12 17 0.022044273 
751 490 11 18 0.022032738 
558 478 9 11 0.02202384 
805 406 10 13 0.02198337 
39 396 12 13 0.021503495 
19 450 12 16 0.02142627 
727 445 9 12 0.02141041 
27 402 23 26 0.021389998 
84 386 14 17 0.021232247 
263 357 11 16 0.021097995 
362 410 14 17 0.020950576 
808 469 9 12 0.020770267 
5 357 11 14 0.020679979 
781 454 10 13 0.020643404 
682 507 13 16 0.020609383 
38 367 11 14 0.0205855 
156 354 14 17 0.02056517 
800 431 9 12 0.020539787 
741 463 9 11 0.020504316 
267 363 14 17 0.020280203 
157 342 11 14 0.02024374 
802 455 13 15 0.020171603 
568 422 19 23 0.020065697 
