0_Parade_Parade_0_288
274
508 210 12 17 0.82779354 
499 171 12 15 0.59585553 
703 407 12 15 0.5043114 
590 339 17 21 0.4915129 
748 329 15 19 0.48000276 
462 199 12 15 0.4550892 
298 391 10 13 0.3886673 
424 219 11 13 0.33548355 
784 387 11 15 0.3136489 
501 275 18 22 0.28018212 
505 353 22 26 0.26718608 
413 211 11 14 0.2623791 
534 325 12 14 0.2493747 
451 342 14 17 0.22393252 
697 348 9 12 0.21972325 
712 336 10 13 0.20750399 
336 339 14 17 0.20065838 
404 185 15 18 0.19606954 
522 291 15 19 0.18757132 
742 315 10 14 0.17138503 
654 358 12 14 0.16247623 
481 271 16 20 0.16176139 
520 227 12 16 0.15819283 
478 338 15 19 0.15193607 
700 363 13 18 0.14782318 
388 337 15 19 0.14660606 
703 342 10 13 0.13085191 
380 356 14 17 0.123933636 
477 218 11 15 0.11884108 
573 326 11 14 0.11617461 
428 214 12 14 0.10872753 
318 337 10 14 0.101183556 
365 283 16 19 0.10026787 
325 324 11 13 0.099071585 
576 283 12 16 0.09785409 
503 189 12 17 0.09655118 
486 220 13 17 0.08926188 
794 405 10 14 0.08852435 
524 341 13 17 0.08753398 
351 333 11 15 0.08695997 
428 348 15 18 0.08656714 
414 272 14 19 0.08585525 
507 242 13 17 0.08057658 
349 247 12 14 0.079287246 
340 333 12 15 0.07671277 
352 365 12 15 0.07594283 
959 331 14 17 0.074859455 
387 256 17 21 0.07357438 
421 227 15 19 0.073242135 
492 273 19 24 0.07136289 
775 409 12 15 0.06896311 
374 218 10 13 0.06856692 
559 203 10 14 0.06574772 
696 357 11 14 0.064341575 
782 395 10 13 0.06399911 
697 326 9 12 0.06343733 
539 386 15 19 0.05981199 
415 220 10 12 0.059619725 
630 358 9 11 0.058495503 
182 497 15 20 0.05802311 
216 352 9 11 0.057386313 
659 361 11 16 0.05715274 
386 265 18 23 0.056631964 
507 193 13 17 0.05645892 
573 316 11 16 0.056329157 
662 347 10 13 0.055377714 
689 389 9 13 0.054712527 
348 338 12 16 0.05442456 
581 332 10 14 0.054409474 
704 333 9 12 0.05416752 
471 217 11 15 0.053971075 
393 275 14 19 0.05224549 
342 377 12 16 0.052046224 
869 420 15 18 0.051708523 
736 365 8 13 0.05170752 
417 230 23 28 0.05124071 
647 365 13 16 0.051118635 
635 322 12 16 0.050852694 
350 196 9 13 0.049416304 
651 368 14 18 0.048829675 
525 221 11 16 0.048682064 
508 172 11 15 0.048240926 
593 365 11 15 0.048112545 
401 379 14 18 0.047362667 
658 434 13 16 0.04723898 
489 225 14 17 0.047225397 
444 364 16 20 0.046898242 
364 340 15 19 0.046764523 
430 207 11 14 0.046669267 
422 198 11 14 0.04617197 
505 342 11 14 0.04614772 
286 413 10 13 0.045542326 
456 201 13 16 0.044041462 
348 377 13 16 0.043980666 
671 347 10 13 0.043806054 
574 346 12 18 0.043632872 
707 364 12 16 0.042574774 
294 387 18 23 0.042566996 
407 222 12 15 0.042287942 
382 347 15 21 0.041661106 
421 217 20 24 0.041635834 
577 364 8 13 0.041536506 
653 341 12 16 0.040994454 
507 349 15 18 0.040495887 
729 381 9 14 0.040421274 
494 177 13 16 0.040368985 
222 355 11 13 0.040321868 
693 396 10 13 0.03988588 
512 280 21 27 0.039684817 
177 352 8 11 0.03896164 
676 348 11 13 0.03887281 
333 326 12 14 0.038757145 
463 211 14 19 0.038716618 
533 338 13 19 0.03797302 
779 405 11 14 0.037687447 
413 229 12 15 0.037133783 
527 333 13 16 0.036868554 
133 352 11 14 0.036676943 
533 346 14 19 0.0355844 
184 335 10 12 0.03487249 
325 339 12 15 0.034613978 
648 347 11 13 0.03452435 
558 293 13 18 0.034417495 
712 396 9 12 0.034223687 
358 325 11 13 0.034004748 
200 359 9 11 0.03383673 
377 376 16 20 0.033600733 
277 420 14 17 0.033581603 
342 388 12 15 0.033449702 
689 349 9 12 0.033409186 
381 220 12 14 0.033102516 
641 395 16 18 0.032958593 
565 293 10 16 0.032930743 
484 375 15 19 0.032267537 
247 443 12 14 0.03225903 
116 355 12 14 0.031485666 
181 356 10 12 0.031432666 
208 341 9 11 0.03138457 
864 461 15 18 0.03137863 
325 301 10 13 0.031352058 
207 359 9 11 0.031229855 
572 208 17 20 0.03096182 
652 357 20 25 0.03062936 
457 339 14 17 0.030526204 
548 298 16 19 0.030498624 
491 360 13 17 0.030436024 
313 340 10 14 0.03036946 
525 353 14 18 0.030240966 
158 338 12 15 0.03021104 
340 124 11 14 0.030135486 
359 318 12 14 0.030123286 
487 171 13 15 0.030020347 
476 219 21 27 0.029806197 
412 195 13 16 0.029764196 
579 258 11 17 0.02972305 
529 326 20 25 0.029253758 
222 334 10 13 0.02920315 
426 388 16 20 0.029179813 
702 400 11 14 0.028900415 
779 383 18 25 0.028881041 
748 314 11 15 0.028838262 
535 393 15 20 0.028713394 
351 357 11 16 0.028444102 
687 358 9 13 0.02818267 
225 408 9 11 0.027895741 
707 331 18 23 0.027636504 
719 356 10 14 0.027582891 
574 308 10 14 0.027524054 
299 384 12 15 0.02752133 
688 342 11 13 0.027478755 
502 323 11 15 0.027439803 
288 407 10 14 0.027434813 
762 389 16 20 0.02735382 
776 379 12 13 0.027069151 
548 370 15 20 0.027063621 
770 385 21 26 0.026848577 
351 327 12 14 0.026847346 
324 331 12 16 0.026666524 
331 245 15 18 0.026634272 
687 427 11 14 0.026612723 
796 400 11 13 0.026495382 
436 211 10 14 0.026464842 
827 421 11 15 0.026440669 
686 362 11 16 0.026165701 
398 315 14 17 0.02612706 
324 224 14 20 0.026046012 
709 347 11 13 0.025940116 
567 463 10 12 0.025566282 
189 339 9 12 0.025398841 
472 338 14 17 0.025318407 
265 322 237 233 0.025279347 
533 380 15 19 0.025276609 
589 349 14 19 0.025258785 
510 179 11 16 0.025182284 
335 373 22 26 0.025181234 
678 359 10 13 0.025060177 
355 332 12 15 0.024915995 
203 491 12 14 0.02488851 
718 270 11 15 0.024829896 
284 433 16 18 0.024809035 
518 347 14 16 0.024789881 
695 317 11 14 0.024506291 
500 403 14 18 0.024499634 
262 426 13 16 0.02441373 
728 374 10 14 0.02435736 
404 323 12 14 0.024323864 
636 409 28 34 0.024246259 
581 364 10 13 0.024163852 
187 503 13 18 0.024139715 
483 260 16 19 0.024035415 
703 378 11 15 0.02396577 
861 428 20 29 0.023933474 
711 358 10 13 0.023814002 
525 212 12 16 0.023688456 
356 355 13 17 0.023556886 
457 421 16 17 0.023542594 
695 366 13 18 0.023432795 
573 226 14 17 0.023390878 
580 326 10 14 0.023245962 
547 380 13 17 0.023196794 
271 476 10 13 0.023063943 
365 323 11 13 0.023011811 
230 356 10 13 0.022948638 
649 358 11 13 0.022936316 
513 216 20 25 0.022916624 
311 458 12 16 0.02288235 
164 341 10 13 0.022554979 
341 129 12 17 0.022530906 
283 418 13 16 0.022487704 
574 354 12 17 0.022427818 
636 336 12 17 0.022422235 
490 316 14 18 0.022384578 
735 356 10 14 0.022307912 
365 267 12 15 0.022192556 
236 355 11 13 0.022068186 
742 312 20 26 0.021989651 
509 335 11 14 0.021935811 
347 360 20 26 0.02187756 
569 329 11 16 0.021776885 
696 405 20 25 0.021752909 
256 349 9 12 0.021738626 
489 241 17 20 0.021725653 
716 363 11 16 0.021617943 
382 251 17 20 0.02158651 
286 393 23 28 0.02139622 
743 362 47 56 0.021354223 
416 364 11 16 0.02131931 
630 329 15 20 0.021315409 
549 361 16 19 0.0212912 
436 265 18 22 0.021261739 
446 334 14 16 0.021258833 
565 312 20 26 0.02125176 
630 348 10 15 0.021224946 
774 397 12 16 0.021204041 
789 396 10 14 0.021085342 
492 339 12 16 0.020934852 
292 400 13 16 0.020908466 
539 317 15 18 0.020872187 
368 219 10 15 0.02085428 
353 252 12 15 0.020766284 
575 265 14 19 0.020707464 
743 323 14 17 0.020692917 
447 355 14 18 0.02065678 
696 311 9 12 0.020470202 
151 356 10 12 0.020458816 
482 344 15 20 0.020429425 
301 339 12 16 0.020429023 
743 370 12 16 0.020370452 
333 319 11 14 0.020365136 
753 335 14 17 0.02032925 
158 348 10 12 0.020160582 
812 434 12 15 0.020160444 
292 339 14 17 0.020102026 
405 269 21 26 0.020004943 
