34_Baseball_Baseball_34_66
21
315 198 50 61 0.997823 
473 137 84 95 0.9831498 
876 296 39 45 0.9815498 
217 182 49 68 0.28643805 
875 272 39 41 0.108493865 
670 375 69 64 0.0840798 
694 360 34 33 0.08314102 
694 404 36 33 0.08163161 
661 360 63 50 0.07753229 
220 167 39 45 0.0673161 
629 329 119 96 0.036878705 
664 378 37 32 0.035177596 
677 400 57 61 0.032727793 
24 173 9 13 0.0322092 
148 822 37 41 0.027253708 
-9 633 497 484 0.026356423 
395 478 217 249 0.025253298 
796 894 15 18 0.024707796 
8 174 10 12 0.024636807 
916 0 13 15 0.021239173 
324 173 36 41 0.020864168 
