34_Baseball_Baseball_34_600
18
386 91 113 142 0.9994326 
857 339 85 113 0.7502994 
499 717 162 213 0.2921213 
954 352 45 66 0.13018154 
-10 108 233 291 0.044955526 
521 16 118 171 0.04064144 
888 28 58 68 0.037402432 
103 270 67 65 0.032577164 
594 156 55 65 0.031944178 
857 76 52 68 0.031613432 
282 837 69 85 0.026373697 
531 771 218 243 0.025906498 
870 56 50 66 0.0256142 
606 180 59 60 0.023795843 
409 55 152 192 0.02363668 
900 334 77 112 0.023241922 
241 294 188 212 0.022225786 
658 993 130 178 0.020491526 
