34_Baseball_Baseball_34_356
45
573 241 139 170 0.9982691 
504 300 58 83 0.30789223 
445 937 218 298 0.1522764 
502 57 129 149 0.15114819 
32 410 167 289 0.0859908 
507 41 194 237 0.08428071 
362 10 189 225 0.071241476 
-36 15 188 243 0.070089884 
374 1128 54 61 0.056568515 
0 371 51 88 0.05153598 
2 647 196 309 0.048725016 
-28 503 231 327 0.04652807 
532 3 58 72 0.04453878 
-14 261 172 245 0.044064403 
576 44 113 160 0.04371277 
935 89 27 36 0.04289106 
383 1139 29 35 0.03989876 
340 -64 323 382 0.039856616 
486 613 57 88 0.03894058 
314 847 374 477 0.03644698 
438 62 31 37 0.034987617 
505 1095 149 143 0.034190897 
538 8 32 47 0.03120446 
838 48 34 37 0.029176733 
512 95 70 78 0.028553607 
20 523 126 196 0.027726915 
518 -1 15 15 0.026250815 
415 1144 14 18 0.025768762 
741 278 29 41 0.025674583 
892 271 64 83 0.025599541 
500 1220 54 62 0.02539806 
0 319 89 154 0.025051963 
465 766 222 253 0.024737714 
608 183 162 242 0.023981845 
313 32 107 147 0.0236387 
731 522 195 258 0.02203922 
6 166 205 269 0.022008527 
339 55 64 85 0.021983065 
630 44 34 48 0.021782655 
493 1162 118 124 0.021660596 
529 259 113 149 0.021370756 
562 15 62 79 0.02107463 
359 1101 91 113 0.020976577 
441 43 44 58 0.020565728 
784 201 192 246 0.020279255 
