39_Ice_Skating_iceskiing_39_342
33
807 700 15 19 0.92739916 
675 668 13 17 0.8795223 
738 696 13 17 0.7263519 
877 645 16 21 0.7183038 
886 677 25 30 0.48384097 
553 701 11 14 0.2654992 
409 126 460 481 0.17163484 
464 382 243 195 0.15010962 
761 707 13 15 0.1444728 
290 135 37 42 0.10945953 
-66 78 414 471 0.074614294 
329 501 143 111 0.07160201 
567 9 496 522 0.07129113 
411 24 196 244 0.063545614 
313 545 30 38 0.056961615 
741 690 11 14 0.04504899 
882 652 17 21 0.035532933 
548 698 19 23 0.035338696 
353 412 224 195 0.034932356 
332 299 11 14 0.03211415 
756 701 22 25 0.027150106 
305 158 16 19 0.02504944 
715 32 57 68 0.024116946 
119 106 387 463 0.023612743 
496 296 355 248 0.023306279 
342 528 85 70 0.021914626 
280 141 53 63 0.021886325 
892 669 14 18 0.021435551 
420 63 113 158 0.021254437 
262 123 13 20 0.020670677 
260 504 258 172 0.020578887 
467 79 108 127 0.02031186 
894 683 28 32 0.02006859 
