39_Ice_Skating_Ice_Skating_39_504
35
409 157 32 44 0.99663794 
619 228 28 37 0.99541086 
173 216 35 44 0.9885439 
940 155 16 20 0.97216964 
100 178 16 19 0.8564286 
985 167 11 14 0.76430506 
627 131 9 12 0.37301365 
902 138 12 16 0.2754001 
689 133 10 14 0.17201796 
349 149 9 12 0.17109394 
612 149 10 12 0.0678475 
516 312 15 21 0.067401774 
255 124 9 12 0.059084065 
523 320 12 17 0.058953676 
981 165 19 22 0.043777507 
350 154 11 16 0.040721625 
510 281 14 17 0.035237648 
279 134 10 12 0.034923933 
988 161 12 15 0.03241604 
872 171 11 15 0.02954343 
936 228 10 13 0.028320203 
623 127 18 23 0.025912499 
947 150 13 19 0.025181063 
628 138 11 14 0.024229605 
511 306 14 22 0.023467114 
515 300 16 21 0.022774002 
924 171 13 17 0.022695187 
926 164 13 16 0.022276495 
348 253 26 34 0.022213105 
516 278 12 16 0.02180503 
635 220 16 20 0.021367507 
256 138 15 17 0.021222973 
906 144 13 18 0.02109243 
517 315 22 28 0.020826027 
935 151 15 20 0.020376166 
