39_Ice_Skating_Ice_Skating_39_486
82
451 307 162 202 0.99230766 
643 641 13 17 0.4330351 
643 714 13 16 0.41171366 
393 598 403 493 0.28453505 
682 723 13 17 0.12821993 
714 629 25 35 0.122426815 
620 712 11 16 0.12155078 
557 714 12 16 0.11764673 
646 683 11 13 0.1174475 
660 724 12 17 0.09766622 
251 749 418 461 0.096668124 
661 716 12 17 0.07245576 
716 683 10 12 0.06393548 
698 673 13 17 0.06382359 
363 838 227 335 0.062101845 
578 692 16 20 0.058747176 
661 741 26 37 0.057161093 
157 511 229 314 0.051352747 
661 683 10 13 0.05065502 
618 644 22 27 0.049003456 
763 690 14 21 0.04872537 
780 715 15 17 0.04678586 
408 764 269 291 0.046077956 
638 720 14 18 0.04417894 
739 685 12 13 0.043952484 
653 683 12 14 0.042027805 
711 693 11 15 0.041832767 
653 637 14 15 0.041518915 
704 637 26 33 0.04147933 
706 653 17 21 0.040266 
644 705 23 26 0.03894411 
596 713 13 17 0.03725787 
650 716 22 30 0.036327254 
755 717 14 16 0.03530911 
668 729 13 17 0.034836754 
668 646 15 20 0.034416273 
660 645 14 19 0.034388307 
596 676 13 16 0.033641987 
678 722 21 28 0.03294235 
330 926 403 447 0.03043533 
639 666 12 14 0.029879207 
622 751 13 20 0.029525245 
644 690 13 18 0.028946642 
655 661 13 17 0.02841988 
624 682 12 15 0.028205639 
614 645 14 16 0.02795204 
644 666 12 15 0.02744977 
760 682 11 16 0.027429933 
518 790 14 18 0.027222108 
790 740 14 17 0.027139602 
574 711 16 19 0.026893403 
722 671 56 74 0.02640884 
647 635 21 26 0.026323441 
827 719 13 15 0.025491847 
639 692 13 17 0.02520723 
695 684 11 14 0.025027689 
562 714 13 17 0.02484429 
604 668 11 13 0.024743726 
605 662 11 13 0.024738878 
750 713 14 17 0.02455878 
755 679 26 33 0.024512095 
584 564 49 47 0.024260813 
626 690 15 18 0.024157042 
707 714 12 17 0.024085123 
527 710 14 17 0.02362877 
791 638 9 11 0.023583332 
658 747 18 24 0.023146648 
639 695 21 27 0.023143092 
590 683 12 15 0.022832362 
640 647 13 18 0.022108877 
685 693 13 16 0.021826461 
614 708 21 25 0.021665286 
761 739 17 20 0.021318996 
606 715 13 16 0.021313151 
692 693 12 14 0.02099965 
648 677 19 27 0.02089476 
556 697 13 16 0.02071318 
496 162 56 59 0.020619655 
491 759 35 43 0.020617792 
696 669 12 15 0.020488854 
262 476 427 520 0.020327974 
621 665 13 16 0.02003346 
