39_Ice_Skating_iceskiing_39_354
29
680 448 233 290 0.33814204 
562 13 431 502 0.09641328 
214 244 414 456 0.07125718 
296 427 274 260 0.06348923 
640 546 218 163 0.06097544 
348 371 15 18 0.05604665 
452 499 16 17 0.052776255 
538 322 155 122 0.052114796 
532 322 364 438 0.040512666 
407 326 11 15 0.039033633 
-17 479 248 255 0.038976636 
-49 -47 409 563 0.03699442 
556 358 86 78 0.034567278 
233 334 64 73 0.034129824 
429 338 11 14 0.032136757 
565 255 270 262 0.030791013 
29 49 217 317 0.030006567 
367 379 14 17 0.02940978 
461 335 10 12 0.028631417 
357 329 14 16 0.02812082 
395 388 13 16 0.024713201 
449 501 25 27 0.02352911 
482 88 32 38 0.022821842 
413 330 12 15 0.022657026 
773 417 221 257 0.022087248 
423 347 11 14 0.022070019 
438 333 10 13 0.021619782 
487 339 11 12 0.021536388 
422 332 14 16 0.021242304 
