39_Ice_Skating_Ice_Skating_39_661
568
807 360 16 20 0.94105846 
194 259 12 15 0.84632576 
471 301 10 14 0.7524596 
74 234 12 14 0.7200751 
92 322 14 18 0.67325985 
222 266 11 15 0.55358285 
2 372 13 18 0.53303325 
286 196 10 13 0.4718922 
162 304 14 19 0.40503058 
30 292 9 13 0.40246812 
716 270 11 15 0.37445343 
439 311 10 13 0.32252294 
47 259 14 17 0.2885367 
972 298 14 17 0.28042206 
508 253 10 12 0.2652742 
412 427 17 22 0.23558678 
160 297 14 19 0.22137599 
445 181 9 11 0.22073758 
767 333 13 17 0.20283502 
11 293 13 17 0.20236762 
6 299 12 15 0.2013493 
479 374 10 13 0.19895719 
485 190 8 11 0.19216466 
789 222 9 13 0.18599348 
616 180 8 11 0.18586992 
807 82 25 32 0.17578329 
756 254 15 20 0.16844496 
381 220 9 13 0.14556636 
617 175 9 11 0.14148688 
465 188 9 12 0.1346064 
618 166 8 12 0.1336021 
646 196 9 11 0.12821606 
532 275 13 15 0.12640938 
541 261 10 13 0.12498135 
249 252 9 11 0.12476223 
415 389 12 15 0.11882624 
84 352 27 33 0.11742099 
342 191 9 11 0.11679892 
816 431 24 30 0.11536968 
392 204 8 11 0.11441983 
280 192 10 12 0.109642886 
443 511 14 19 0.10872471 
532 283 12 14 0.10489029 
382 176 7 10 0.10310788 
809 79 39 48 0.101208575 
453 506 14 19 0.10044906 
886 548 10 13 0.09818618 
629 222 8 11 0.09765246 
755 179 8 13 0.09762595 
647 192 7 9 0.0964218 
568 207 9 12 0.09318844 
892 218 68 80 0.09285762 
176 296 11 14 0.09278988 
411 415 17 23 0.09219923 
230 207 9 11 0.08961669 
852 371 13 18 0.08895001 
471 184 7 9 0.08801262 
108 245 13 15 0.08599444 
972 305 16 19 0.085481495 
372 202 10 13 0.08525529 
930 516 14 18 0.08280034 
255 195 10 13 0.080065474 
396 268 10 13 0.080033354 
504 482 12 15 0.07981898 
292 365 10 13 0.079598874 
926 418 9 14 0.07841427 
583 181 8 10 0.07768145 
608 190 7 11 0.07757643 
444 317 11 14 0.07729325 
718 224 8 10 0.075359456 
978 493 8 11 0.07483337 
23 292 11 14 0.07440159 
703 223 9 11 0.07356093 
684 332 15 21 0.07220239 
591 224 8 10 0.071870066 
757 245 14 16 0.07097642 
132 104 13 16 0.0706137 
990 502 9 12 0.07027429 
439 191 8 10 0.06972293 
447 323 11 14 0.06926732 
651 134 8 10 0.06867342 
407 358 11 15 0.06864346 
592 182 8 10 0.06820591 
641 197 9 11 0.06777244 
252 347 11 15 0.06771106 
961 532 9 13 0.06717932 
383 180 8 10 0.06666794 
753 140 9 13 0.06622489 
0 261 8 14 0.06606781 
20 358 13 20 0.06606683 
368 199 10 15 0.06560895 
27 260 11 14 0.06524081 
573 212 9 10 0.06519757 
781 200 9 11 0.06460993 
560 176 8 10 0.06429328 
980 309 14 18 0.064103864 
378 175 8 11 0.06403293 
655 185 7 9 0.06359232 
650 184 7 9 0.06182848 
729 200 10 14 0.060727675 
711 265 18 25 0.06020791 
102 75 11 14 0.05956517 
261 197 8 12 0.059362236 
479 183 8 10 0.05886909 
880 541 10 13 0.05884343 
377 181 8 10 0.058504198 
232 255 9 11 0.057733826 
870 403 12 18 0.056680292 
824 222 9 12 0.056547422 
717 229 9 10 0.05515794 
408 230 8 10 0.055149954 
32 298 10 14 0.055140328 
-1 44 14 23 0.05483862 
733 203 10 13 0.054521523 
422 225 8 10 0.054436635 
874 411 13 17 0.054137044 
347 313 11 15 0.05358542 
785 225 10 16 0.053270597 
777 199 9 11 0.053102877 
612 229 10 13 0.05309184 
90 348 17 19 0.052870475 
351 240 7 9 0.052715637 
422 192 8 10 0.052562516 
880 203 56 75 0.052525923 
791 174 9 12 0.052514292 
641 193 8 9 0.052413102 
584 198 8 10 0.05225073 
484 374 10 13 0.052012917 
273 191 8 11 0.051878683 
13 340 14 17 0.05181936 
544 405 11 14 0.05123328 
565 243 11 15 0.050896253 
417 192 8 10 0.050691225 
487 186 8 10 0.050475623 
83 235 12 14 0.049923524 
653 198 9 11 0.04923509 
434 315 10 14 0.049133316 
952 252 11 13 0.04901816 
598 133 11 12 0.048563596 
909 131 12 16 0.048458267 
126 245 10 13 0.047585193 
650 142 8 11 0.047171775 
337 195 9 12 0.046195254 
796 353 23 26 0.046150066 
676 320 25 35 0.046035245 
229 261 10 12 0.046000138 
988 306 16 18 0.04550175 
593 134 9 10 0.04535452 
573 133 10 12 0.044595007 
712 224 9 11 0.04455516 
599 147 11 14 0.044390462 
288 371 10 14 0.04418418 
540 266 11 15 0.044111498 
430 326 11 15 0.044013623 
293 371 10 13 0.043695487 
39 350 12 16 0.0430059 
20 342 11 14 0.04270479 
415 228 9 11 0.042694755 
231 118 9 11 0.04265867 
789 216 9 13 0.0423775 
917 294 11 13 0.042227916 
6 364 20 27 0.042166986 
572 148 10 13 0.04212931 
328 198 8 10 0.04197957 
495 372 10 12 0.04187887 
12 333 12 15 0.041847765 
576 181 9 11 0.04175404 
20 299 10 13 0.04160969 
728 221 9 11 0.04151197 
553 182 7 9 0.041404698 
198 426 12 16 0.041371442 
807 89 14 19 0.040946245 
433 192 8 10 0.04092921 
597 166 10 12 0.040925108 
473 373 11 14 0.04068787 
95 71 12 14 0.040588986 
950 541 10 12 0.04055183 
853 364 13 18 0.040495932 
512 213 9 10 0.04045277 
553 176 7 10 0.04040409 
655 191 8 9 0.040345993 
360 184 9 12 0.040323965 
995 462 14 19 0.039852384 
84 196 9 12 0.03975536 
36 300 10 15 0.039643105 
664 184 8 10 0.039611313 
621 133 10 12 0.039574623 
414 379 12 16 0.039538197 
800 216 7 10 0.039373204 
671 189 8 11 0.039273527 
772 90 11 14 0.039272312 
397 205 8 11 0.039271705 
423 197 8 11 0.039245512 
229 154 10 14 0.039224613 
719 189 8 10 0.03905631 
629 215 10 12 0.039021786 
802 410 27 31 0.038887043 
576 191 9 10 0.038854584 
383 216 9 12 0.03878614 
892 535 9 12 0.03876211 
597 223 8 10 0.038652007 
442 133 8 12 0.038539097 
366 189 10 11 0.038532082 
572 141 11 12 0.03845815 
727 238 9 11 0.038355585 
142 332 10 12 0.038245007 
989 298 15 17 0.03822939 
806 266 11 14 0.038194545 
611 182 7 11 0.038045976 
389 182 9 11 0.037838034 
262 404 12 14 0.037793774 
979 293 13 16 0.037744388 
932 512 10 14 0.037406903 
210 420 15 19 0.0373535 
381 237 9 11 0.037347935 
287 360 12 15 0.037332047 
599 173 8 11 0.03728209 
942 523 9 13 0.03713883 
537 133 8 10 0.03691414 
597 182 9 11 0.03669685 
981 492 10 12 0.03663302 
759 206 9 11 0.036496747 
847 375 14 18 0.036403686 
703 228 9 12 0.036308262 
478 176 8 9 0.03625985 
664 189 9 11 0.036236025 
566 176 8 11 0.036195494 
839 251 9 13 0.035869528 
390 213 10 13 0.035467077 
942 533 10 13 0.035385642 
334 212 9 13 0.035053562 
590 228 8 11 0.034927554 
372 95 10 12 0.03462995 
459 500 57 62 0.03454085 
687 182 8 11 0.034471296 
593 164 9 12 0.034349885 
253 341 12 15 0.034349468 
567 198 9 10 0.03419907 
1008 500 11 15 0.034132596 
585 223 9 11 0.03412277 
327 219 11 15 0.034008652 
376 215 9 13 0.033989362 
474 304 13 17 0.03387171 
741 349 12 16 0.03372541 
325 206 10 13 0.03372364 
721 184 8 9 0.0336719 
742 205 10 13 0.033636246 
950 515 10 14 0.03343068 
844 140 11 13 0.0331776 
879 537 9 10 0.03316734 
254 353 10 14 0.03311527 
736 191 9 11 0.033102274 
215 109 9 12 0.033038218 
345 185 7 10 0.033015378 
818 131 9 12 0.03300728 
639 221 9 11 0.03297934 
998 92 10 13 0.03254149 
34 291 11 16 0.032484207 
192 265 12 15 0.032444146 
155 379 13 20 0.03242523 
159 311 13 17 0.032381263 
819 93 17 22 0.032319088 
505 259 12 14 0.032239553 
174 101 11 14 0.032218106 
474 177 7 9 0.03220726 
108 76 11 14 0.032164507 
182 101 11 13 0.032163206 
397 200 9 11 0.032093506 
149 383 16 22 0.03193455 
150 110 9 12 0.031915028 
797 220 9 13 0.031798985 
680 198 8 10 0.03165436 
37 331 12 14 0.03165044 
902 550 13 15 0.031644955 
629 228 10 12 0.03157818 
126 150 9 14 0.0314659 
686 190 8 11 0.031378306 
205 215 10 13 0.031323213 
908 540 11 12 0.031317636 
445 339 11 14 0.031131834 
681 190 8 10 0.031008765 
356 268 10 14 0.030967776 
143 349 11 16 0.030950803 
366 184 9 11 0.030931218 
103 278 10 13 0.030914688 
784 215 10 14 0.030852305 
592 175 9 11 0.030831395 
223 197 8 10 0.030794574 
756 136 9 12 0.030765172 
223 193 7 9 0.030755715 
893 541 8 12 0.030721648 
982 525 9 11 0.030659648 
614 189 9 11 0.03065896 
318 372 10 13 0.030605065 
415 349 8 13 0.030592863 
734 220 9 12 0.030510074 
893 549 9 12 0.03048928 
505 341 10 14 0.030327246 
87 327 14 18 0.030132467 
262 194 8 10 0.030062404 
357 373 9 11 0.03001577 
966 517 11 13 0.029755108 
818 165 9 11 0.029684274 
575 196 9 11 0.02965116 
136 133 9 12 0.029532207 
614 198 8 11 0.029487662 
434 316 21 26 0.02943731 
608 196 9 11 0.029399635 
333 87 9 11 0.029368188 
822 173 8 10 0.029341448 
304 198 9 10 0.02910358 
639 215 9 11 0.029086644 
782 204 9 12 0.028997187 
416 409 17 23 0.028956814 
430 197 9 11 0.028911885 
280 191 18 23 0.0288757 
205 423 15 19 0.028808497 
752 176 9 12 0.028755346 
543 173 9 11 0.028697686 
360 229 8 11 0.028642096 
743 213 10 12 0.02850785 
400 238 9 11 0.028501578 
928 433 12 16 0.028483799 
430 213 9 10 0.028244553 
544 183 8 9 0.028218849 
591 216 8 10 0.028216148 
895 412 11 15 0.028202172 
759 334 21 29 0.028132772 
1006 508 10 12 0.02809663 
4 260 10 15 0.027999103 
535 142 8 11 0.027931333 
438 197 8 11 0.027804028 
1009 474 12 16 0.027779095 
664 175 8 10 0.027617136 
543 337 13 17 0.027594943 
695 182 9 12 0.027564734 
408 351 10 14 0.027546618 
790 206 8 10 0.027546322 
969 293 12 16 0.027541008 
958 540 10 12 0.027447354 
920 418 11 15 0.027432678 
448 207 9 11 0.027417047 
793 267 11 14 0.027363721 
903 540 11 13 0.027333392 
973 287 11 14 0.027215581 
231 191 8 11 0.027214564 
28 267 12 15 0.027207218 
392 264 10 14 0.027166456 
495 367 10 12 0.027102139 
253 203 11 13 0.027065378 
512 366 9 12 0.027024595 
320 239 9 11 0.026973298 
985 506 10 13 0.026757011 
18 388 14 17 0.026726022 
206 82 12 15 0.026710957 
358 219 10 14 0.026695933 
600 189 9 11 0.026631141 
517 339 14 17 0.026564598 
343 245 9 10 0.02656411 
223 133 9 12 0.026527513 
343 205 11 16 0.02649471 
815 127 10 13 0.02648111 
541 132 9 11 0.026458237 
460 501 12 19 0.026454892 
415 342 10 12 0.026436042 
839 245 10 13 0.026364226 
35 285 13 16 0.026329624 
435 307 19 23 0.026324766 
967 286 10 12 0.026289975 
943 539 10 12 0.026282484 
140 126 11 13 0.026248474 
688 175 7 10 0.026239526 
790 179 9 11 0.026231287 
202 260 12 15 0.026181238 
776 191 8 11 0.026161194 
424 214 8 10 0.02613172 
855 91 12 17 0.026045315 
33 307 11 13 0.026006838 
613 235 11 13 0.025990253 
934 531 11 14 0.025929775 
81 192 9 12 0.025900017 
366 239 8 10 0.025877241 
140 385 23 32 0.025830088 
187 436 12 15 0.025804546 
920 523 11 14 0.025680345 
775 220 9 14 0.025657617 
303 373 10 13 0.025620542 
576 174 10 13 0.025617598 
915 149 12 15 0.025616031 
268 204 11 14 0.025554283 
412 371 14 18 0.025474908 
976 533 9 14 0.02539903 
995 295 14 17 0.025362905 
512 221 10 12 0.02533068 
97 359 17 22 0.025308745 
397 274 9 14 0.025249232 
398 223 8 11 0.025247458 
311 198 9 11 0.025184678 
390 219 11 14 0.02516587 
400 229 8 11 0.025153065 
470 223 9 12 0.025090568 
296 173 9 12 0.025032118 
148 435 16 19 0.025000436 
582 192 7 9 0.024988981 
909 533 11 13 0.024965767 
799 268 9 13 0.024861587 
454 206 9 11 0.024839817 
604 149 9 13 0.024636045 
757 263 13 17 0.024601586 
229 125 9 12 0.024595268 
356 213 11 14 0.024574276 
502 372 9 12 0.02457299 
676 325 15 21 0.024545368 
311 364 12 14 0.024492834 
350 287 9 13 0.02442551 
957 276 9 13 0.024425205 
743 198 10 12 0.02437638 
725 244 10 13 0.024233686 
880 546 12 15 0.024206549 
862 402 21 29 0.024152165 
474 528 56 50 0.02414077 
270 196 10 12 0.024113346 
350 189 8 11 0.024031771 
472 241 12 15 0.02401268 
511 209 9 10 0.024005389 
776 228 10 13 0.023967553 
878 100 11 15 0.023887362 
486 193 10 13 0.023880187 
359 245 9 11 0.023848094 
828 227 11 13 0.02383836 
681 307 11 15 0.023824468 
991 493 10 12 0.023773482 
317 359 10 12 0.023758398 
262 365 10 13 0.023740513 
349 197 9 12 0.023728698 
623 191 8 11 0.023725765 
446 127 9 12 0.023725694 
505 246 12 15 0.023723274 
670 183 9 11 0.023715597 
560 206 9 13 0.023682805 
815 183 7 10 0.02364352 
871 292 10 15 0.023611054 
454 331 10 13 0.02360653 
215 103 9 12 0.023479532 
455 198 9 12 0.02345927 
325 372 11 14 0.023435365 
911 526 10 12 0.023426013 
383 228 9 12 0.02339168 
871 189 9 14 0.023213327 
69 119 9 11 0.02315299 
272 348 11 14 0.023129307 
447 331 10 13 0.023128191 
766 206 9 11 0.023119893 
272 129 10 13 0.023103405 
686 197 8 10 0.023060806 
965 539 9 12 0.0230537 
511 372 10 12 0.023045423 
15 393 12 16 0.023030622 
357 251 9 12 0.02302943 
0 294 11 15 0.022982793 
87 413 11 15 0.022913259 
457 191 9 11 0.022877738 
681 174 8 11 0.02285074 
451 324 12 15 0.022815267 
385 205 8 11 0.0228128 
237 255 10 12 0.022790324 
62 182 9 11 0.022770436 
104 251 13 16 0.022766773 
389 293 11 15 0.022735707 
574 165 9 11 0.022732807 
451 502 25 32 0.02272681 
0 350 10 14 0.022722244 
750 221 10 12 0.022700358 
351 368 10 12 0.022692364 
768 199 8 11 0.022690702 
701 183 9 11 0.022679316 
872 550 9 12 0.022629168 
720 235 10 14 0.022602381 
590 198 9 11 0.022550415 
230 199 10 12 0.02254435 
850 396 14 20 0.02254202 
325 109 10 11 0.022540698 
820 127 11 14 0.022483904 
592 147 10 13 0.022447295 
913 261 28 31 0.022446929 
5 347 11 16 0.022421094 
311 372 11 14 0.022404585 
711 235 11 13 0.022306789 
140 108 10 13 0.022298798 
529 269 13 18 0.02227266 
770 327 12 16 0.022268446 
809 125 9 12 0.0222055 
667 352 16 21 0.022144524 
609 175 8 11 0.022131125 
465 227 10 12 0.02210624 
958 270 10 14 0.021983536 
390 190 8 10 0.021948624 
425 332 10 12 0.02189911 
47 74 11 16 0.021830754 
98 329 13 16 0.02177313 
727 213 11 13 0.021723367 
209 125 8 10 0.021648273 
25 287 18 24 0.021626458 
50 244 14 16 0.021614444 
168 304 16 20 0.021509534 
238 260 9 12 0.02148837 
199 101 10 12 0.021483291 
381 373 10 11 0.02146033 
742 191 9 11 0.02144096 
385 190 8 11 0.02141217 
783 216 18 25 0.02130721 
632 182 8 10 0.021305732 
267 406 12 13 0.021226542 
759 186 9 12 0.021218965 
780 349 15 19 0.021173107 
320 197 10 11 0.021091178 
30 275 12 14 0.021087736 
687 294 10 13 0.021043643 
359 196 12 15 0.021038363 
318 92 9 11 0.020983694 
345 240 9 10 0.020962263 
225 212 10 13 0.020951461 
400 356 11 15 0.020918721 
429 222 9 13 0.020879507 
407 237 8 10 0.020814143 
799 198 9 11 0.0208113 
859 363 13 17 0.020794312 
406 341 11 13 0.02078986 
479 223 9 12 0.020716675 
428 229 10 12 0.020707171 
365 221 10 12 0.020701552 
756 162 10 14 0.020682808 
791 169 9 11 0.02064247 
751 229 10 12 0.020611856 
25 362 14 19 0.020599354 
117 244 12 14 0.020555884 
76 240 13 16 0.020538166 
604 133 9 10 0.020528832 
424 183 8 11 0.020510996 
624 228 9 12 0.020505456 
93 236 10 13 0.02049507 
217 307 11 14 0.020491548 
430 205 10 12 0.020469613 
682 182 7 11 0.020452613 
225 156 10 13 0.020444376 
271 183 8 10 0.020443855 
761 393 16 19 0.020442413 
975 525 10 13 0.02043741 
248 353 11 14 0.020417407 
143 340 10 13 0.020407533 
768 189 8 11 0.020396799 
190 95 11 14 0.020394735 
560 128 8 10 0.020388724 
287 183 8 10 0.020376181 
368 89 10 13 0.020365352 
8 328 10 13 0.020296121 
397 294 10 13 0.020281833 
486 367 10 13 0.020249514 
766 266 10 14 0.020238023 
599 205 10 12 0.02023663 
254 213 9 11 0.020223215 
549 267 10 14 0.020174764 
217 264 12 15 0.020151837 
655 231 9 11 0.02013764 
199 108 9 12 0.020120438 
544 189 9 10 0.02010419 
521 282 10 15 0.020046325 
1005 466 13 18 0.020015964 
