39_Ice_Skating_iceskiing_39_249
27
503 84 41 51 0.65808386 
234 264 418 511 0.067704394 
531 77 36 42 0.05367197 
472 95 41 53 0.051711064 
695 523 53 64 0.05004457 
525 -30 418 547 0.043028146 
565 332 14 17 0.037454337 
882 124 42 57 0.035907775 
618 31 219 346 0.032708358 
907 48 27 36 0.03225635 
605 128 473 593 0.031509776 
455 97 35 50 0.031184783 
328 279 73 63 0.02915716 
945 69 29 40 0.029121317 
542 167 27 37 0.028566375 
488 88 33 45 0.024098005 
-64 -34 475 488 0.023327652 
916 57 39 51 0.02325685 
915 9 32 39 0.023187462 
802 34 53 59 0.022013862 
735 522 46 68 0.021132361 
864 42 29 40 0.020993436 
508 59 51 68 0.020781197 
865 49 48 55 0.020525105 
512 94 24 28 0.02035488 
297 263 119 114 0.020077765 
967 85 49 89 0.020015432 
