39_Ice_Skating_iceskiing_39_817
91
399 370 71 86 0.99799263 
637 105 67 86 0.20728143 
148 544 23 31 0.18370603 
447 245 31 52 0.1765736 
204 724 14 18 0.14857598 
513 320 51 84 0.12982778 
121 520 43 55 0.117677085 
696 -2 25 22 0.1113985 
200 588 26 33 0.105071776 
580 116 58 77 0.094492264 
623 46 57 56 0.07845315 
116 547 33 39 0.07287042 
673 499 109 191 0.06311289 
252 761 13 18 0.052591372 
186 667 26 36 0.050562274 
197 282 117 149 0.04986549 
601 113 79 88 0.043294374 
498 287 87 126 0.041739166 
476 283 13 17 0.041697834 
83 503 61 68 0.03985569 
178 292 49 72 0.039258286 
687 481 201 260 0.03833509 
127 404 10 12 0.03822244 
702 25 34 42 0.037776317 
86 410 11 15 0.03627498 
431 88 32 41 0.035939433 
220 778 24 34 0.034565892 
290 637 28 38 0.033698946 
721 501 95 162 0.032581132 
465 990 54 53 0.030678002 
153 258 25 30 0.030517936 
232 503 41 53 0.03033498 
619 57 89 109 0.029448776 
374 565 59 73 0.029281957 
171 666 37 51 0.02920725 
426 698 14 18 0.02916647 
301 765 12 17 0.029093316 
91 540 56 61 0.028023828 
270 707 24 31 0.027747741 
640 41 32 32 0.027640041 
252 684 23 29 0.027572908 
752 540 58 103 0.027544053 
456 270 30 39 0.027515171 
114 -19 233 230 0.027286993 
202 722 24 30 0.026879556 
805 296 97 144 0.026251752 
421 97 33 40 0.026228126 
42 478 91 98 0.026140131 
-32 335 231 266 0.026126781 
191 576 27 34 0.02608893 
644 49 16 18 0.025688969 
241 730 24 31 0.025594886 
436 252 29 41 0.025532532 
565 489 172 245 0.025392884 
108 190 20 26 0.02527915 
60 657 188 258 0.025236143 
461 238 39 55 0.02506929 
516 357 37 54 0.024894513 
221 744 14 19 0.024863264 
901 463 26 34 0.024732746 
666 300 30 41 0.024723781 
664 121 37 56 0.024712695 
650 285 50 66 0.024650892 
201 765 52 77 0.024306012 
95 552 32 39 0.024014048 
247 755 22 29 0.023338774 
252 779 13 19 0.02323198 
517 784 254 246 0.023173627 
300 770 16 22 0.023134328 
163 760 14 17 0.02296659 
386 85 47 61 0.0229066 
619 43 14 20 0.022857571 
177 279 12 16 0.022783868 
1 383 25 39 0.022724845 
510 260 47 70 0.022691892 
573 788 428 470 0.02259961 
195 302 54 76 0.022434767 
413 72 44 55 0.022018932 
508 972 34 43 0.021956867 
756 84 204 217 0.021456346 
187 556 25 30 0.021390317 
102 493 82 100 0.021352952 
422 264 27 37 0.021320786 
187 671 43 56 0.021283437 
512 583 100 179 0.021101726 
125 412 12 14 0.020980604 
340 996 12 15 0.020837327 
668 32 14 18 0.020785768 
213 717 27 33 0.020661391 
374 132 48 63 0.02049202 
471 282 23 32 0.020264445 
