39_Ice_Skating_iceskiing_39_359
20
572 343 14 19 0.59407556 
551 364 10 14 0.31410325 
587 387 25 29 0.15367466 
594 408 16 20 0.08436501 
589 399 28 32 0.08321204 
106 171 27 34 0.051774096 
578 382 47 61 0.042546313 
618 165 12 17 0.035971116 
338 131 52 67 0.034458052 
602 386 16 21 0.03307289 
579 350 15 19 0.032516647 
268 203 31 37 0.03022511 
118 169 26 33 0.029122556 
549 94 10 12 0.025700133 
334 102 86 106 0.02550536 
600 459 11 14 0.025172232 
99 189 29 37 0.023483928 
572 77 47 64 0.021544984 
628 386 11 15 0.021148063 
586 349 12 16 0.020895887 
