39_Ice_Skating_iceskiing_39_869
19
-6 197 417 468 0.27892187 
79 302 270 246 0.046548225 
41 542 8 11 0.042633828 
428 315 26 32 0.039546505 
525 195 10 14 0.035035286 
492 -2 473 563 0.03089029 
519 195 11 15 0.03081975 
46 542 8 11 0.03024904 
425 611 11 15 0.029678488 
319 446 112 136 0.028832547 
119 512 8 10 0.027709335 
239 575 9 11 0.02579068 
114 599 8 10 0.024455296 
452 619 14 16 0.024345515 
280 541 10 12 0.023332577 
440 322 17 22 0.022015976 
55 541 8 11 0.021837363 
104 575 7 8 0.02128711 
19 226 13 17 0.020037342 
