39_Ice_Skating_Ice_Skating_39_417
39
250 244 57 74 0.99903345 
501 281 69 86 0.9976781 
613 204 74 98 0.9969837 
318 245 63 77 0.99541134 
477 165 15 19 0.94945043 
866 178 13 17 0.8615909 
370 165 15 18 0.78398514 
239 191 32 38 0.29125682 
979 164 11 14 0.16956332 
235 193 48 60 0.088548325 
377 168 14 17 0.048465535 
358 310 62 69 0.046651788 
468 193 37 49 0.045191176 
346 308 98 119 0.04271466 
981 170 13 18 0.042575207 
195 280 40 55 0.041000996 
879 163 12 14 0.038657103 
274 238 51 71 0.036674652 
424 207 10 12 0.036520522 
362 168 24 27 0.03420608 
101 376 123 154 0.03381028 
250 186 18 20 0.03339628 
345 126 9 12 0.032553397 
214 263 47 66 0.032071833 
386 221 33 48 0.030594267 
334 223 61 80 0.029503541 
463 205 11 16 0.026976198 
502 210 13 18 0.026493024 
477 186 26 33 0.026265055 
707 163 14 19 0.025631137 
246 209 50 64 0.025431639 
547 202 12 14 0.02519991 
464 206 25 37 0.025153087 
674 329 192 192 0.024647092 
389 164 12 16 0.024238165 
222 348 14 16 0.022696614 
218 197 44 54 0.02193737 
496 267 54 64 0.021851517 
478 174 14 18 0.020507354 
