39_Ice_Skating_iceskiing_39_595
19
571 240 79 81 0.7688922 
569 383 112 122 0.75314534 
592 172 70 63 0.17070587 
312 279 282 326 0.106413044 
188 322 309 326 0.083303854 
74 228 483 576 0.07684019 
524 263 49 62 0.072569154 
585 196 72 75 0.06806455 
541 256 58 64 0.057021834 
8 -38 491 484 0.049122777 
743 96 239 215 0.04893577 
515 204 512 590 0.04486957 
595 220 76 84 0.0315963 
512 306 197 225 0.028436868 
282 453 38 40 0.0265019 
323 244 431 517 0.024556475 
575 271 43 42 0.023115456 
193 45 483 452 0.02156221 
320 375 29 36 0.020975655 
