39_Ice_Skating_Ice_Skating_39_875
18
768 295 72 83 0.9916843 
702 198 54 62 0.9870252 
691 161 46 59 0.09777497 
720 161 47 67 0.08879961 
39 50 49 72 0.085779905 
220 3 16 19 0.05209772 
433 282 96 94 0.035551146 
429 281 33 43 0.03421171 
329 0 16 13 0.028378192 
887 37 12 15 0.027616112 
478 403 15 17 0.026487855 
741 164 30 45 0.025838364 
679 162 34 47 0.025701739 
451 269 62 63 0.023500314 
30 52 402 435 0.022536188 
885 595 10 13 0.021014627 
379 22 449 480 0.020405456 
853 36 11 14 0.020113708 
