39_Ice_Skating_Ice_Skating_39_156
30
569 47 63 93 0.9982514 
449 87 55 98 0.9525059 
312 45 48 58 0.92432106 
714 16 39 50 0.917378 
367 553 258 332 0.23123501 
-35 57 458 496 0.12897632 
412 767 12 15 0.12736195 
49 618 211 272 0.12166551 
288 65 28 37 0.112062916 
395 128 65 79 0.1019599 
607 51 56 79 0.06888492 
386 112 51 69 0.057255067 
400 85 28 34 0.04955212 
391 83 12 15 0.045155454 
264 245 216 279 0.043449588 
381 80 45 58 0.04235628 
183 509 46 43 0.040765096 
245 350 180 213 0.03817791 
408 85 29 51 0.037897218 
494 76 46 84 0.036746833 
-64 533 373 432 0.0336809 
519 57 32 54 0.033607285 
161 755 39 38 0.033233512 
391 80 25 29 0.029311702 
300 456 446 499 0.028966099 
83 760 16 18 0.026609851 
513 100 29 39 0.023381362 
866 -4 27 26 0.02285445 
136 767 70 63 0.020801652 
405 84 13 19 0.020191666 
