39_Ice_Skating_iceskiing_39_943
91
422 194 73 94 0.9975262 
572 814 83 113 0.9970952 
156 857 67 89 0.82829195 
458 772 356 488 0.76849633 
643 432 190 320 0.7467311 
762 397 56 69 0.50823885 
382 916 473 576 0.39053577 
98 307 46 62 0.27431616 
42 320 61 71 0.2448819 
-64 890 342 439 0.21097566 
415 743 10 13 0.102426894 
782 409 34 42 0.085124016 
60 334 64 71 0.07966933 
382 725 10 13 0.07034908 
737 395 52 59 0.06947024 
381 979 46 64 0.067100406 
400 711 9 12 0.06573996 
234 138 399 522 0.060317416 
977 909 17 19 0.05051868 
365 707 9 12 0.04864348 
422 748 8 11 0.04809882 
362 171 24 30 0.04719758 
698 420 56 61 0.045620278 
654 329 218 292 0.04474817 
408 666 10 13 0.04216797 
383 635 9 11 0.04204188 
438 760 11 14 0.037319068 
496 46 476 561 0.037124917 
385 691 11 15 0.036266893 
18 926 185 323 0.034196865 
366 742 9 11 0.0336651 
422 728 8 9 0.03358339 
415 736 9 10 0.033184335 
684 437 15 19 0.033071 
659 958 153 225 0.032538053 
752 395 93 129 0.03217494 
423 678 10 11 0.03178904 
328 165 12 16 0.031531386 
637 485 111 217 0.031487893 
359 687 8 11 0.029905625 
95 1170 14 16 0.029238757 
753 425 59 79 0.029181102 
374 661 10 13 0.028761653 
192 865 40 55 0.028526094 
375 668 9 13 0.028342616 
367 662 9 12 0.028146554 
582 783 62 92 0.02747071 
395 683 11 13 0.027043896 
4 208 11 19 0.026296271 
425 967 11 14 0.026279155 
349 700 10 13 0.026031254 
377 654 9 12 0.026007485 
360 662 10 13 0.025659868 
168 1190 11 13 0.025623998 
416 727 9 10 0.024878487 
895 1344 7 9 0.024830444 
416 814 9 12 0.024724016 
358 997 10 13 0.02447301 
432 743 9 11 0.024248064 
867 565 13 18 0.024026787 
391 685 11 14 0.023748413 
374 385 13 15 0.023739599 
691 378 54 65 0.023597114 
334 813 11 13 0.023339327 
133 1318 8 11 0.023182873 
359 668 9 11 0.023042921 
765 518 8 11 0.023016382 
20 280 92 119 0.022948604 
566 990 13 14 0.02254971 
765 1221 36 46 0.022446087 
376 735 9 12 0.022419486 
694 349 50 60 0.022109114 
335 576 10 13 0.022022793 
714 384 52 56 0.021912437 
742 490 10 13 0.021796962 
475 547 53 54 0.021782964 
342 736 10 12 0.021648262 
361 702 9 13 0.021555 
368 667 10 12 0.021322753 
134 1310 8 12 0.021215588 
773 499 12 16 0.021207986 
353 638 9 13 0.02116345 
678 421 47 57 0.021031342 
864 1160 8 10 0.020920645 
406 718 8 11 0.020769877 
498 537 17 19 0.020728802 
46 1170 12 16 0.02065294 
766 580 12 14 0.02062779 
438 981 12 14 0.020480981 
994 104 6 8 0.020477762 
706 1099 14 17 0.020015262 
