39_Ice_Skating_Ice_Skating_39_546
62
382 285 56 70 0.99897707 
214 243 66 72 0.99712723 
532 281 14 20 0.68881285 
627 310 39 47 0.59526265 
718 300 45 60 0.44958198 
572 290 15 20 0.30306527 
38 279 9 12 0.23168077 
278 118 19 27 0.1845988 
105 347 93 125 0.095126815 
510 162 11 15 0.08033578 
295 293 11 14 0.08018433 
579 286 14 20 0.07988398 
359 303 14 19 0.072149776 
557 348 198 297 0.06816528 
626 248 24 34 0.057136092 
478 253 10 13 0.054465506 
905 249 8 9 0.051648594 
591 305 13 17 0.050003048 
181 278 47 62 0.04937627 
566 286 12 18 0.047314335 
909 220 9 13 0.044445723 
603 273 13 19 0.043868482 
905 221 9 12 0.043182317 
566 294 14 18 0.041932218 
635 260 15 20 0.040312774 
438 293 26 38 0.039533474 
686 349 28 39 0.038365703 
903 252 9 11 0.037398368 
382 257 349 455 0.03485708 
692 256 14 17 0.034056492 
216 132 43 56 0.032345727 
910 95 8 11 0.031626046 
671 303 14 21 0.029774532 
437 176 7 9 0.029702857 
560 293 12 15 0.028484352 
610 -8 401 489 0.028005572 
559 285 11 14 0.027297378 
926 143 7 10 0.02725994 
457 175 8 10 0.027208962 
557 298 14 17 0.026716225 
720 290 33 42 0.026670955 
44 277 10 14 0.026506115 
913 237 8 11 0.026043301 
537 279 12 16 0.025892543 
612 365 40 60 0.025516907 
918 172 9 14 0.025419267 
462 175 8 11 0.025199506 
606 301 10 14 0.024966868 
767 243 29 37 0.02459861 
911 263 8 11 0.023575552 
588 284 12 17 0.023300875 
734 315 40 52 0.02304948 
912 207 9 13 0.02215766 
628 296 31 38 0.021886708 
104 329 158 247 0.021628153 
904 94 10 13 0.02120904 
683 255 24 28 0.021129038 
596 303 12 16 0.021114042 
170 280 34 47 0.020994082 
472 143 8 11 0.02090079 
449 182 9 11 0.020760123 
487 237 10 11 0.020339068 
