39_Ice_Skating_Ice_Skating_39_487
74
502 256 58 71 0.9984977 
48 87 23 32 0.25815275 
885 40 48 66 0.15883362 
145 398 28 32 0.11512937 
459 5 18 22 0.11286495 
784 355 12 16 0.10471833 
447 10 12 18 0.0895628 
697 315 49 62 0.089013316 
776 368 26 35 0.08623231 
286 337 221 268 0.06460473 
811 270 11 16 0.059236024 
91 53 49 67 0.0573873 
774 51 55 71 0.054781407 
449 6 21 25 0.048948534 
50 479 8 11 0.04675901 
154 402 18 19 0.046280753 
948 -2 51 57 0.044783358 
160 426 11 14 0.04414619 
982 69 46 75 0.04397094 
142 402 14 19 0.041651644 
394 305 16 18 0.04028563 
381 316 12 15 0.039102472 
399 74 32 42 0.03872803 
59 82 25 35 0.03789808 
69 60 45 63 0.03763625 
0 526 8 12 0.0368862 
732 370 24 34 0.036044493 
33 88 26 31 0.03570741 
18 521 8 10 0.0350526 
25 94 26 31 0.034297027 
887 14 55 63 0.034168176 
615 272 47 67 0.033816896 
174 394 14 15 0.03268477 
1005 16 16 19 0.032053497 
750 -1 115 106 0.031316362 
787 363 12 16 0.030025579 
811 333 14 20 0.029381655 
113 283 436 417 0.029111572 
718 362 26 35 0.028436111 
157 420 12 14 0.028352037 
45 535 12 15 0.027914772 
844 25 53 62 0.02787494 
378 71 63 69 0.027702732 
517 -1 30 24 0.02694432 
762 357 43 55 0.02639817 
968 14 53 69 0.026202535 
714 344 30 39 0.025499357 
958 5 32 35 0.025464617 
134 455 11 13 0.025038013 
944 8 34 35 0.024277577 
21 524 9 12 0.023833148 
16 108 43 56 0.023827363 
972 14 19 22 0.023758916 
161 406 15 19 0.023621488 
526 93 111 126 0.023548799 
4 437 12 13 0.023497142 
861 206 13 19 0.023408687 
479 81 104 120 0.023401372 
420 0 12 13 0.02325676 
403 306 14 17 0.02298772 
688 286 52 71 0.022396054 
376 293 10 14 0.02236363 
29 93 15 20 0.022252547 
738 357 43 55 0.022175757 
394 18 14 16 0.022046605 
787 340 11 13 0.021618562 
371 74 116 107 0.021492671 
918 271 17 22 0.021492075 
1010 326 12 23 0.02125965 
778 351 21 27 0.020787198 
331 279 14 16 0.020752782 
125 438 12 15 0.020618739 
535 935 52 54 0.020578366 
767 352 12 16 0.020371694 
