31_Waiter_Waitress_Waiter_Waitress_31_788
79
460 -1 56 62 0.9984724 
705 216 56 93 0.9797825 
162 193 52 75 0.9109911 
243 189 42 72 0.44990408 
362 186 37 49 0.37158266 
16 -22 129 183 0.19419965 
96 325 98 122 0.18300107 
673 237 69 82 0.17917925 
207 1 29 26 0.1774917 
261 7 28 32 0.14594434 
892 127 26 31 0.0888441 
793 199 46 69 0.087410964 
38 221 100 91 0.070420906 
258 74 15 19 0.0691243 
200 196 54 79 0.061460126 
871 121 18 21 0.060546342 
210 75 13 18 0.059403654 
954 47 16 20 0.057540942 
136 208 63 80 0.055289377 
425 372 14 18 0.0534331 
401 -2 39 47 0.051365606 
273 4 17 17 0.04646465 
259 60 24 30 0.044020716 
888 244 17 20 0.042693727 
517 0 47 48 0.042444915 
262 397 11 14 0.04189078 
-5 326 82 133 0.040379904 
313 2 15 16 0.03918858 
941 119 12 14 0.039025895 
337 0 18 18 0.03864592 
932 235 36 48 0.038299486 
915 208 14 18 0.03741702 
124 359 64 69 0.035261672 
243 373 11 14 0.03403794 
416 341 29 34 0.033845413 
206 77 22 33 0.03371368 
421 374 22 26 0.0330569 
300 371 14 16 0.0329556 
296 80 51 65 0.032394473 
192 189 38 60 0.032210838 
441 383 27 34 0.031920727 
779 222 57 80 0.030880032 
502 6 48 56 0.02945116 
897 120 21 24 0.028880479 
330 107 18 22 0.02783484 
1007 211 10 14 0.02755575 
246 356 11 14 0.027450938 
998 108 11 13 0.026585938 
111 272 103 134 0.026512358 
318 394 12 15 0.026276449 
19 316 121 163 0.025547951 
899 203 23 31 0.02526087 
93 198 92 106 0.0251883 
245 55 43 53 0.02489073 
261 404 13 17 0.024723293 
202 63 41 54 0.02463952 
779 75 12 14 0.024326002 
54 -82 405 462 0.024255035 
294 332 11 16 0.02350618 
378 411 18 22 0.023391651 
244 67 15 20 0.02324747 
750 215 58 85 0.023004998 
514 292 181 211 0.02276143 
883 128 22 28 0.022485238 
809 228 46 63 0.022453923 
244 396 12 14 0.022316903 
984 93 8 11 0.022107154 
300 378 15 18 0.021572825 
999 135 12 15 0.021407422 
436 370 47 54 0.02116064 
274 8 25 27 0.021088945 
339 388 30 33 0.021081181 
303 310 28 33 0.020956382 
49 176 72 75 0.02091315 
324 395 12 15 0.020780545 
153 234 19 23 0.02062111 
885 268 10 13 0.020345367 
890 139 28 34 0.02031871 
729 230 57 87 0.020139646 
