31_Waiter_Waitress_Waiter_Waitress_31_327
75
448 354 108 161 0.99914706 
303 346 98 142 0.9981229 
747 644 22 43 0.6428793 
293 589 24 35 0.26125646 
253 557 9 12 0.20307933 
957 577 22 30 0.19590239 
196 557 11 14 0.165857 
309 588 12 18 0.15340744 
195 585 14 18 0.14096789 
149 599 8 11 0.13472426 
300 565 10 12 0.09429001 
226 635 27 42 0.07898081 
174 558 10 12 0.078061946 
301 585 21 29 0.0709841 
286 574 12 15 0.055450838 
744 596 12 17 0.054965157 
724 590 11 15 0.05404738 
-61 97 487 572 0.053091276 
768 591 9 12 0.047653258 
182 639 35 45 0.046434738 
98 675 116 136 0.046416476 
244 611 15 20 0.043282352 
279 571 11 14 0.043206587 
215 556 10 13 0.04219035 
747 654 39 52 0.039955728 
199 571 11 15 0.03944072 
180 564 13 16 0.038298275 
312 559 9 13 0.034005895 
215 631 26 41 0.03391726 
963 575 14 16 0.033844307 
169 563 10 12 0.03305969 
393 337 125 175 0.03297099 
143 577 164 222 0.03221739 
271 565 10 13 0.03146101 
343 336 100 140 0.03141909 
261 555 11 15 0.030498981 
178 602 14 17 0.029821577 
391 672 395 528 0.029469667 
273 570 10 14 0.029456586 
223 556 9 12 0.028974619 
303 570 11 13 0.02896266 
189 591 15 18 0.028544744 
230 556 8 11 0.02797086 
189 552 21 24 0.027013518 
145 594 8 11 0.026476286 
976 544 11 15 0.026370935 
772 590 10 13 0.026074138 
314 586 12 18 0.025998276 
268 557 10 14 0.025867417 
175 552 10 12 0.025434185 
205 571 11 14 0.025000554 
181 552 10 11 0.024601942 
283 598 26 34 0.024219973 
292 574 11 13 0.024210075 
207 556 10 15 0.02397664 
248 551 11 15 0.023882564 
239 566 10 12 0.023243792 
397 463 231 328 0.023148125 
205 563 11 16 0.023008576 
241 557 8 11 0.02273109 
180 557 12 14 0.022729462 
297 558 11 12 0.021938933 
192 563 11 14 0.021859279 
228 640 49 68 0.021771172 
93 724 57 71 0.021502178 
10 644 15 19 0.021499783 
213 564 10 13 0.020778423 
765 612 15 18 0.020701878 
151 602 9 12 0.020624999 
909 596 13 16 0.02048022 
284 567 12 14 0.020380747 
233 609 24 32 0.020357404 
967 579 16 22 0.020147327 
127 611 10 13 0.02014506 
150 552 10 11 0.02009098 
