31_Waiter_Waitress_Waiter_Waitress_31_351
82
303 161 139 196 0.9983552 
871 79 46 63 0.99610966 
147 146 35 44 0.88747454 
86 142 26 50 0.22059551 
870 374 12 17 0.21749222 
816 327 9 12 0.20107263 
134 141 33 52 0.18117353 
782 198 17 21 0.12437915 
584 299 359 475 0.118499935 
473 129 31 43 0.10661031 
95 139 40 57 0.10329931 
673 95 15 18 0.09765627 
24 27 11 15 0.08244405 
528 138 18 23 0.075949326 
659 64 17 22 0.072236605 
39 73 12 18 0.07129231 
868 367 21 30 0.07042768 
678 386 13 16 0.06925887 
204 115 34 44 0.06436248 
455 120 39 56 0.060215183 
78 164 41 57 0.059574287 
135 140 60 77 0.059201963 
725 125 14 18 0.05702458 
23 181 22 32 0.056516435 
26 89 17 24 0.05443823 
802 155 16 19 0.052277505 
187 384 23 30 0.05052353 
838 157 13 17 0.0499734 
196 162 14 19 0.04826836 
776 167 12 16 0.044486873 
44 90 16 20 0.04320803 
734 176 12 14 0.039106306 
654 101 11 14 0.037816238 
688 261 216 297 0.035950687 
168 149 50 60 0.035674065 
77 158 25 38 0.034599986 
167 152 27 35 0.0344772 
536 140 24 29 0.033835195 
545 138 30 36 0.033431504 
790 326 10 12 0.032832913 
620 140 12 14 0.032198936 
796 158 17 20 0.03179856 
498 179 12 17 0.03125894 
623 173 12 14 0.029554043 
442 137 28 39 0.02949476 
740 362 12 14 0.028156463 
118 143 35 46 0.02787855 
951 180 48 67 0.027468385 
452 107 13 18 0.02740884 
788 334 12 14 0.027397877 
821 116 27 33 0.027129572 
689 298 39 51 0.027044555 
92 56 17 21 0.026396189 
615 195 11 14 0.025979083 
660 100 12 15 0.025841508 
630 55 48 58 0.024529658 
844 156 15 19 0.023916198 
824 201 27 38 0.023858504 
23 34 12 19 0.023465242 
610 365 52 63 0.023399133 
805 319 11 13 0.023242258 
488 130 29 40 0.022962082 
620 76 11 13 0.022762243 
183 126 45 59 0.022749051 
798 319 10 12 0.022612333 
841 145 28 35 0.022544522 
516 133 25 33 0.022515837 
50 33 18 24 0.022439253 
724 308 12 15 0.022085877 
189 105 28 38 0.021907499 
717 284 132 191 0.02184765 
899 74 35 54 0.02156277 
809 326 10 12 0.02154947 
627 365 16 17 0.0214297 
484 168 12 16 0.021263395 
95 140 86 115 0.020737967 
151 128 79 100 0.020727249 
85 402 15 20 0.02062633 
534 177 15 17 0.020419654 
49 26 17 19 0.02035117 
728 199 9 11 0.02012686 
647 56 29 34 0.020123275 
