31_Waiter_Waitress_Waiter_Waitress_31_572
22
311 71 143 203 0.9990202 
655 118 150 204 0.9970656 
268 235 236 311 0.6436922 
102 767 66 102 0.4129804 
494 550 409 592 0.16889772 
501 474 187 231 0.13063207 
529 416 120 191 0.11533664 
537 627 118 180 0.10828308 
584 623 84 128 0.047455866 
237 325 348 439 0.044807006 
819 59 179 234 0.04090488 
601 541 207 232 0.03992616 
772 1188 16 18 0.036572915 
238 269 50 61 0.034779236 
541 345 397 515 0.03433597 
557 552 111 171 0.031142393 
774 1182 13 15 0.031058637 
702 66 176 243 0.028183663 
549 451 69 105 0.027993498 
111 744 95 150 0.022954911 
819 728 34 47 0.022683328 
-1 668 24 43 0.02163698 
