31_Waiter_Waitress_Waiter_Waitress_31_420
239
914 209 32 45 0.9967573 
462 182 29 39 0.9942152 
690 237 25 32 0.98213804 
331 300 22 29 0.98182285 
651 218 27 33 0.9770991 
583 217 25 29 0.95238227 
532 204 22 28 0.9304781 
238 314 21 27 0.9281484 
372 301 22 26 0.8916713 
281 317 17 20 0.8548015 
40 219 21 25 0.845856 
192 290 18 22 0.7267556 
146 260 21 25 0.6769134 
553 221 22 31 0.6485188 
489 218 23 29 0.58619106 
387 284 21 28 0.56045824 
409 233 17 23 0.4066662 
346 219 18 24 0.3866641 
168 312 16 20 0.35522664 
266 337 21 32 0.3450885 
747 215 22 27 0.30740178 
349 282 13 17 0.30359173 
294 290 11 15 0.2627821 
868 270 12 16 0.23270318 
377 290 25 32 0.2181825 
130 306 15 20 0.20836379 
728 219 13 17 0.2005862 
124 300 16 20 0.1780307 
98 221 18 24 0.1748836 
543 214 22 31 0.17286158 
212 321 16 22 0.17154305 
695 212 22 28 0.15847556 
160 354 23 28 0.15007627 
740 197 9 11 0.14416672 
375 274 11 14 0.13956283 
870 309 22 27 0.13005242 
421 191 15 25 0.12406887 
165 291 16 20 0.11923436 
303 314 15 19 0.103880145 
843 282 13 16 0.10172761 
155 338 16 19 0.10082713 
299 289 14 17 0.098812245 
230 284 11 14 0.09866025 
348 195 10 12 0.09836467 
536 228 23 29 0.09435209 
416 206 24 35 0.0918279 
189 271 12 14 0.08640886 
236 278 11 15 0.0833268 
345 277 12 15 0.0803167 
571 207 24 29 0.07870919 
410 218 25 33 0.07683589 
205 322 16 21 0.075402215 
891 315 14 19 0.075182304 
388 274 14 17 0.07509708 
827 116 12 17 0.07458062 
158 309 22 25 0.07193485 
162 297 21 26 0.0709622 
255 278 13 17 0.06728908 
93 275 24 33 0.066012576 
492 213 15 17 0.06439624 
355 279 12 16 0.06041539 
880 309 20 26 0.059505586 
142 271 23 28 0.058901574 
184 297 14 19 0.05723973 
724 221 20 25 0.056145914 
317 258 12 16 0.055082273 
281 324 20 23 0.051866017 
419 316 16 21 0.05086587 
123 349 13 18 0.050781243 
139 329 15 18 0.05021333 
225 285 10 13 0.04997827 
876 206 12 15 0.04888994 
382 274 12 15 0.04846258 
164 330 15 19 0.047859315 
873 248 9 11 0.04753388 
154 254 18 21 0.047496688 
421 315 24 32 0.046814647 
273 334 29 36 0.046729032 
268 332 12 18 0.045853253 
594 224 24 31 0.04505651 
572 198 15 17 0.045044947 
242 113 13 15 0.044191457 
613 212 15 19 0.044153374 
260 338 18 25 0.043252245 
720 199 11 13 0.042553265 
736 202 11 13 0.041982587 
220 316 12 19 0.04188041 
999 293 13 19 0.041650847 
213 269 11 12 0.041034378 
274 346 17 26 0.04096238 
143 361 12 19 0.040426403 
812 331 13 18 0.04037541 
460 49 15 19 0.040303774 
369 61 15 19 0.03960159 
306 289 14 19 0.039512694 
286 309 20 26 0.039490875 
431 164 12 16 0.039385434 
620 211 15 19 0.03933973 
156 360 17 21 0.03903271 
27 307 13 18 0.038008634 
564 200 24 27 0.03775235 
508 206 22 29 0.03748646 
600 217 17 23 0.037411258 
133 307 20 27 0.036616873 
153 340 23 28 0.03652942 
237 354 13 18 0.035901442 
467 298 32 39 0.035617117 
715 223 22 28 0.03552924 
28 300 12 16 0.035281636 
836 278 22 26 0.035253033 
344 271 11 14 0.0351033 
373 293 15 18 0.034961645 
736 192 11 14 0.03455181 
583 229 18 23 0.034404866 
802 326 24 32 0.034364242 
558 207 23 28 0.03435687 
828 281 13 16 0.033978414 
412 192 16 23 0.033912208 
12 264 13 18 0.033660997 
878 188 10 12 0.033514313 
22 284 12 16 0.03351382 
231 301 13 15 0.03350137 
247 300 13 16 0.033104427 
380 206 12 14 0.032310132 
150 315 15 19 0.03167067 
436 301 39 53 0.031257957 
189 302 14 18 0.03078025 
822 281 13 15 0.0307796 
197 329 14 18 0.03063168 
723 234 14 20 0.03058054 
212 294 11 13 0.030271303 
568 218 24 32 0.030200882 
326 261 11 14 0.030195268 
559 210 13 19 0.029748598 
231 293 11 14 0.029723154 
297 294 21 26 0.029572612 
871 252 9 11 0.029436383 
698 205 17 20 0.029383574 
381 291 15 19 0.029287595 
118 293 13 19 0.029243754 
899 213 25 33 0.029095469 
620 204 14 16 0.029016884 
63 372 13 15 0.028740719 
331 263 11 14 0.028652523 
787 330 13 16 0.028613532 
734 192 20 24 0.028462024 
230 278 19 23 0.028435182 
332 269 11 13 0.028379772 
355 288 15 20 0.028156172 
724 204 11 14 0.02814237 
383 285 14 17 0.028042382 
430 321 23 37 0.028016914 
201 294 15 19 0.02784313 
262 326 13 19 0.027710794 
146 358 19 27 0.027479062 
425 215 17 23 0.027467119 
246 268 10 13 0.02711853 
486 302 26 39 0.027042458 
776 229 10 13 0.02703524 
257 243 10 13 0.02688973 
721 191 8 11 0.026845038 
23 291 12 17 0.026774773 
501 214 23 31 0.02674473 
358 281 22 26 0.02673427 
433 170 15 19 0.026660858 
651 212 18 22 0.026605362 
514 146 16 19 0.026436452 
182 249 14 17 0.026392838 
160 265 13 19 0.026310228 
147 330 22 25 0.026226252 
270 320 19 26 0.026225006 
396 392 109 136 0.026104787 
451 297 34 41 0.026006922 
133 245 11 15 0.0258725 
391 190 12 13 0.025604514 
27 355 133 129 0.02530567 
526 208 17 22 0.025258455 
824 275 22 29 0.02462297 
378 273 21 26 0.024384253 
171 285 13 19 0.02437354 
751 208 11 13 0.02435756 
21 226 13 17 0.024247594 
750 197 9 12 0.02419941 
207 276 12 14 0.023663634 
814 314 11 14 0.023607828 
814 291 14 17 0.02359313 
183 306 12 16 0.023416705 
207 261 9 13 0.023127528 
93 265 16 21 0.023122964 
528 236 23 29 0.02306455 
516 198 11 14 0.0230587 
781 324 24 28 0.022977069 
425 189 24 32 0.02296219 
368 275 12 15 0.022811808 
806 326 11 15 0.022779558 
837 240 9 11 0.022713073 
605 241 15 18 0.022711618 
764 283 13 17 0.022694854 
374 252 12 14 0.022619478 
725 191 10 13 0.022587325 
719 209 12 17 0.0225579 
327 277 12 15 0.022514826 
542 208 17 22 0.022310173 
741 203 11 13 0.02227933 
293 296 13 17 0.022256978 
38 189 10 13 0.02223904 
764 340 12 14 0.022114659 
194 276 13 14 0.021956373 
1002 295 16 24 0.021929925 
214 284 12 16 0.021739423 
2 278 40 54 0.021646453 
18 296 22 30 0.021619957 
162 253 14 18 0.021586103 
838 245 8 11 0.021567475 
189 262 13 15 0.021536604 
332 295 15 17 0.021397615 
582 167 12 15 0.021355769 
342 341 13 17 0.02133978 
104 365 11 14 0.021329256 
752 181 9 11 0.021302978 
517 284 33 37 0.021277945 
135 259 12 16 0.021210687 
122 372 12 17 0.021087019 
365 192 14 17 0.021083722 
448 193 14 19 0.021018583 
28 293 12 16 0.020996168 
846 270 11 14 0.020896466 
743 224 15 19 0.020822635 
399 231 20 27 0.020791743 
1011 302 14 24 0.02072694 
208 269 11 14 0.020726196 
23 299 12 17 0.020698646 
-29 338 224 234 0.020594893 
414 321 16 20 0.020554718 
203 286 13 19 0.020534908 
371 187 12 15 0.02046711 
815 276 12 16 0.020332452 
163 387 15 18 0.020256132 
287 182 9 12 0.02013953 
