31_Waiter_Waitress_Waiter_Waitress_31_227
19
263 103 133 185 0.99962234 
620 219 137 194 0.9988329 
31 555 191 179 0.2051747 
608 746 215 251 0.15388536 
124 547 480 583 0.13453305 
170 291 359 490 0.090259105 
542 916 448 587 0.07429228 
-4 1010 404 513 0.06304517 
716 500 258 300 0.047422994 
683 754 27 32 0.036573138 
75 777 431 541 0.03553625 
426 365 29 35 0.033926483 
176 452 29 37 0.032345973 
650 762 16 18 0.031402893 
530 690 346 440 0.0297569 
229 676 293 357 0.02376396 
249 559 132 163 0.022399697 
55 576 9 12 0.021841256 
112 373 16 17 0.02015305 
