31_Waiter_Waitress_Waiter_Waitress_31_212
30
389 196 174 212 0.34004354 
560 146 57 87 0.26403067 
636 171 92 112 0.23515643 
524 361 69 99 0.16214837 
561 139 207 282 0.15318976 
705 231 36 51 0.1374875 
60 42 45 64 0.13096374 
68 5 27 53 0.092371754 
758 -2 132 123 0.07090423 
168 93 249 317 0.06059668 
509 260 67 79 0.060393795 
453 166 206 249 0.057787064 
459 71 359 434 0.05248409 
226 36 365 463 0.050139934 
541 338 92 143 0.047234107 
477 233 106 135 0.047170203 
676 207 58 76 0.045834444 
640 141 69 93 0.04330343 
582 143 95 115 0.042518727 
695 229 63 81 0.034298636 
169 42 196 231 0.03426092 
683 102 37 49 0.03384875 
567 303 117 180 0.025445292 
313 120 205 278 0.023636352 
651 205 122 145 0.022932908 
660 97 55 81 0.022041462 
772 17 80 56 0.021774422 
580 361 59 98 0.020681994 
575 89 466 509 0.020644456 
670 184 38 40 0.020236153 
