46_Jockey_Jockey_46_202
48
485 75 56 64 0.98589545 
799 86 163 291 0.26925066 
419 113 51 65 0.19760242 
291 107 406 438 0.12327144 
715 465 25 33 0.10516564 
0 649 12 19 0.09486824 
792 214 239 222 0.09078501 
775 163 52 72 0.07387136 
147 335 235 257 0.07284464 
408 272 278 227 0.06431258 
506 73 46 48 0.055344086 
210 539 60 66 0.050378777 
510 689 51 56 0.0477948 
31 716 13 17 0.04487475 
646 133 131 113 0.03867441 
800 155 118 155 0.037695255 
78 588 10 13 0.036180932 
-5 319 384 440 0.03472272 
97 584 10 14 0.033256654 
53 597 10 13 0.03150737 
100 587 10 13 0.03002849 
312 175 71 63 0.02987079 
467 368 225 282 0.028814437 
574 541 14 15 0.028253999 
20 659 16 19 0.028171716 
73 439 227 269 0.026946273 
749 151 92 122 0.026268989 
706 -1 316 443 0.026006764 
445 102 51 63 0.02569474 
220 519 37 43 0.024916496 
107 224 381 424 0.02482351 
431 19 398 482 0.023411281 
891 127 14 19 0.023289813 
202 443 131 154 0.023041187 
730 473 14 19 0.022652986 
53 577 12 16 0.02243836 
135 571 12 15 0.022119228 
93 608 22 28 0.021907799 
502 168 231 258 0.021898478 
508 50 43 48 0.021848066 
103 572 9 11 0.021570107 
118 588 10 13 0.021401357 
599 315 33 38 0.0212629 
2 656 12 17 0.021039836 
466 685 53 63 0.020695226 
-3 566 50 68 0.020598982 
740 476 13 18 0.020076243 
582 586 47 48 0.020062674 
