46_Jockey_Jockey_46_352
49
421 76 33 41 0.9995316 
694 67 33 44 0.99927753 
792 59 34 44 0.9990797 
338 46 34 44 0.9990133 
521 72 32 42 0.99886996 
610 65 36 44 0.9987619 
496 182 35 47 0.99849474 
633 146 38 49 0.99782985 
221 48 36 48 0.9975848 
337 126 37 49 0.99757916 
810 226 47 57 0.99324787 
210 139 38 52 0.9919469 
558 243 43 51 0.99165064 
436 249 40 54 0.99118996 
89 151 44 53 0.98962957 
302 253 42 52 0.9882234 
903 132 41 56 0.9861748 
169 243 44 52 0.98531705 
779 137 40 52 0.98469985 
676 234 44 54 0.9785041 
737 418 23 27 0.15808934 
687 419 26 29 0.06328515 
650 402 15 19 0.05386098 
732 490 37 37 0.050424937 
559 415 54 64 0.04511938 
562 443 33 35 0.040941637 
501 425 14 19 0.037701774 
857 8 22 28 0.036745682 
739 409 20 21 0.035225086 
730 443 13 15 0.032659385 
179 532 23 33 0.03239852 
699 395 15 17 0.03096384 
788 417 18 22 0.030843701 
483 437 15 18 0.028795645 
871 282 13 18 0.028518816 
729 427 23 26 0.02791695 
654 426 15 19 0.027795983 
693 394 14 17 0.027782353 
517 445 14 18 0.027200202 
723 432 21 26 0.026405908 
723 419 16 20 0.025345193 
662 322 14 17 0.024195185 
684 391 16 21 0.02387829 
625 419 16 19 0.023147145 
635 433 15 18 0.02121966 
837 466 15 21 0.020828243 
478 441 14 19 0.020675542 
879 493 36 44 0.020328829 
722 258 28 37 0.020175293 
