46_Jockey_Jockey_46_909
192
506 285 29 39 0.9944449 
455 418 47 49 0.9188411 
785 184 16 21 0.8757479 
499 559 52 59 0.87204796 
652 249 15 20 0.8601673 
912 280 20 31 0.8155806 
738 178 13 17 0.7894805 
275 182 14 18 0.7365767 
694 182 13 18 0.7356984 
741 267 17 24 0.68846226 
643 190 11 15 0.5907669 
536 159 9 12 0.47956127 
486 156 8 12 0.47191632 
497 326 17 22 0.28224126 
596 105 14 20 0.24451047 
733 334 13 19 0.23781711 
540 157 10 12 0.2301281 
203 568 55 72 0.21718971 
506 151 9 12 0.20882353 
736 271 14 19 0.1945034 
766 208 12 17 0.19257498 
480 189 11 15 0.17972372 
355 193 13 18 0.15524265 
726 284 10 13 0.14698854 
468 406 36 42 0.14523579 
718 235 11 15 0.14107464 
675 254 11 13 0.13012418 
789 278 11 14 0.12955074 
275 565 64 77 0.12854734 
446 141 10 15 0.12502673 
437 109 13 17 0.12162147 
724 203 12 14 0.12005857 
727 338 14 18 0.11822668 
454 124 11 13 0.10912599 
316 190 13 15 0.10899224 
522 531 60 66 0.10607468 
569 343 26 41 0.104532704 
718 306 14 17 0.10026285 
798 266 12 14 0.093768604 
725 196 11 15 0.09341878 
352 191 12 15 0.090885624 
472 180 10 14 0.08438349 
507 155 10 13 0.07360378 
574 134 10 14 0.07058868 
543 152 9 14 0.07052927 
595 101 25 32 0.07034631 
628 272 12 18 0.06412464 
496 141 9 12 0.06069238 
652 289 13 18 0.0586473 
631 292 11 15 0.057238337 
646 285 14 18 0.056649256 
728 278 11 16 0.0558976 
738 331 13 20 0.053577114 
608 93 12 14 0.05138158 
549 138 11 15 0.05061203 
495 149 9 12 0.048458863 
529 158 13 16 0.048182953 
396 205 15 18 0.04783502 
689 180 13 17 0.047201402 
204 572 98 105 0.046820093 
412 218 13 16 0.044854093 
751 267 16 22 0.044136547 
921 290 17 25 0.043531872 
235 567 54 69 0.04324836 
476 182 12 15 0.04279438 
519 197 12 15 0.04210619 
282 181 13 16 0.041742988 
747 263 15 20 0.040965173 
544 122 10 15 0.040637355 
784 60 216 194 0.04059781 
503 143 9 12 0.040408157 
533 153 18 23 0.040335055 
795 192 14 18 0.040215008 
311 190 12 13 0.040172398 
940 278 17 23 0.040165886 
793 182 14 20 0.04005955 
527 182 9 12 0.04000183 
420 99 13 15 0.039895505 
795 369 13 15 0.039702058 
287 174 11 14 0.03896067 
510 142 9 12 0.038685016 
518 259 10 13 0.037936952 
781 268 12 14 0.037811138 
744 177 13 18 0.03775659 
525 196 11 17 0.03769815 
701 93 12 16 0.0369189 
668 300 14 16 0.03639178 
437 329 24 29 0.03606655 
797 250 15 18 0.036004543 
447 135 10 14 0.035687063 
408 188 12 15 0.03497037 
527 189 9 13 0.034785166 
605 269 22 30 0.034697738 
510 134 9 12 0.034685798 
228 577 33 52 0.034632996 
606 154 12 16 0.034223653 
548 156 10 12 0.033794317 
837 231 11 14 0.03330321 
667 247 20 25 0.0331698 
612 238 16 18 0.03274433 
454 189 9 12 0.032313738 
628 263 11 16 0.03205407 
724 211 12 15 0.031294223 
422 401 44 51 0.031098984 
-1 212 10 22 0.031018024 
187 598 72 77 0.030907439 
675 275 13 18 0.030780876 
510 259 12 14 0.030243034 
309 37 9 13 0.030043336 
946 273 22 32 0.029590018 
452 145 11 16 0.02934955 
616 268 20 29 0.029203845 
519 180 10 13 0.029114563 
761 211 12 15 0.028976684 
635 290 14 17 0.028731406 
399 198 11 14 0.02861381 
233 540 93 112 0.02807751 
651 187 12 18 0.027943872 
539 161 11 14 0.027811358 
213 275 12 14 0.027770692 
488 133 9 12 0.027700013 
611 149 11 15 0.027684895 
820 206 11 14 0.027485028 
607 86 11 14 0.027471421 
776 178 21 29 0.027381308 
478 373 12 14 0.02723469 
757 220 13 15 0.027166508 
931 280 17 23 0.0269614 
494 173 10 13 0.026946397 
543 109 9 12 0.02680122 
791 269 12 15 0.026758991 
492 157 10 12 0.02673077 
706 186 12 15 0.026621697 
794 274 13 17 0.026556624 
549 547 35 47 0.026426446 
402 203 14 17 0.02634978 
729 101 11 13 0.026289541 
630 282 13 19 0.026251178 
723 221 12 15 0.025929546 
565 310 12 16 0.02584469 
809 109 11 14 0.025780562 
135 529 193 191 0.025723943 
780 309 11 14 0.025635606 
545 132 11 17 0.025569472 
861 227 13 16 0.025423985 
286 164 11 13 0.025422335 
258 187 14 17 0.025369117 
549 148 10 14 0.02532749 
868 220 12 14 0.025246585 
487 330 14 17 0.02506192 
758 142 11 14 0.025052955 
503 162 10 13 0.025024159 
644 200 12 17 0.02437289 
504 135 9 11 0.024243431 
404 196 14 15 0.024188144 
614 141 9 11 0.024007656 
704 39 9 12 0.023688415 
782 276 22 25 0.023581786 
362 194 14 18 0.023442423 
512 174 10 14 0.023411255 
501 324 22 33 0.023410382 
112 32 439 483 0.023227457 
442 426 36 45 0.023015935 
549 298 13 16 0.02297528 
550 109 9 12 0.02286428 
495 135 9 12 0.022852069 
798 202 13 17 0.022732636 
-4 196 38 54 0.02238848 
287 535 98 111 0.022252101 
451 411 31 45 0.022166593 
702 85 12 16 0.022139227 
597 299 11 15 0.022125991 
482 152 10 13 0.022117058 
487 181 10 15 0.022082502 
476 173 11 14 0.022013443 
764 196 14 18 0.021714278 
460 197 11 14 0.021678178 
660 212 11 13 0.021664573 
802 261 13 16 0.021555873 
704 80 9 11 0.021443523 
977 616 29 39 0.02139403 
511 163 9 13 0.021193266 
485 532 54 68 0.021046018 
484 262 11 17 0.020878188 
419 116 442 524 0.020800745 
148 234 12 15 0.020771837 
591 299 11 15 0.02074368 
611 189 11 13 0.020435221 
597 274 22 31 0.02039782 
502 150 19 24 0.020141568 
520 357 27 35 0.020073902 
717 225 18 24 0.0200561 
