46_Jockey_Jockey_46_130
58
565 95 56 73 0.9684577 
202 275 210 291 0.2620877 
435 180 51 70 0.17229775 
537 79 56 77 0.13997787 
887 285 29 33 0.117194235 
125 324 179 233 0.0992875 
587 19 13 15 0.09564909 
-3 352 166 302 0.0895804 
843 110 58 82 0.07012373 
939 121 96 163 0.061358128 
850 90 90 121 0.051557746 
960 125 59 102 0.04968696 
965 23 12 14 0.047153145 
820 279 27 32 0.045034315 
933 723 9 13 0.04447179 
903 719 8 11 0.043023963 
144 196 361 433 0.042062733 
919 721 8 11 0.03710643 
929 724 9 12 0.033317532 
913 720 8 10 0.029252132 
631 302 50 61 0.029160911 
364 380 110 146 0.028881224 
965 724 10 13 0.028568888 
165 148 223 312 0.028424457 
885 726 10 11 0.028271548 
331 227 30 34 0.028018784 
850 720 7 10 0.02774225 
880 107 98 138 0.027517386 
812 284 28 40 0.027405083 
352 417 67 73 0.026625127 
952 726 10 12 0.026496137 
357 250 54 62 0.0264362 
975 720 8 10 0.025961557 
379 266 31 35 0.025882611 
880 726 10 12 0.025821164 
831 725 10 13 0.025020516 
958 725 11 13 0.024513176 
831 286 17 19 0.02437121 
983 720 9 10 0.023987928 
461 317 33 38 0.02362134 
258 256 374 490 0.023578327 
902 121 56 75 0.02323911 
570 294 15 17 0.023169098 
536 83 35 46 0.022972288 
404 154 88 125 0.022615269 
854 724 10 12 0.022394462 
481 635 127 134 0.022212265 
577 15 27 32 0.022041097 
814 725 9 12 0.02192545 
897 718 9 12 0.021906754 
847 725 9 11 0.02187026 
821 302 16 20 0.021578189 
493 208 31 45 0.020968977 
836 725 10 13 0.020818204 
855 718 10 12 0.020726446 
580 68 54 76 0.02060845 
877 294 28 33 0.020477647 
811 66 98 132 0.02045115 
