46_Jockey_Jockey_46_933
27
643 129 126 172 0.99955755 
211 144 127 173 0.9993735 
417 116 137 189 0.99857044 
-13 266 364 465 0.20202652 
33 247 63 92 0.095092416 
828 207 87 132 0.0880495 
226 261 400 508 0.08289962 
145 748 16 17 0.053920098 
816 117 12 14 0.038985316 
162 748 14 15 0.037889905 
947 148 23 29 0.034855265 
3 261 90 124 0.034541048 
864 222 95 117 0.029572291 
899 209 18 20 0.02919303 
487 81 147 220 0.028319303 
892 141 14 19 0.027822861 
884 157 28 36 0.026044626 
819 206 57 89 0.023957947 
869 122 17 20 0.02351267 
841 121 17 22 0.022718403 
829 113 15 17 0.022558257 
883 213 16 22 0.022308081 
267 290 130 190 0.02139065 
91 111 332 448 0.021160204 
23 138 29 50 0.020756183 
876 209 28 37 0.020726396 
154 741 24 26 0.020348668 
