46_Jockey_Jockey_46_779
97
537 122 52 64 0.9981464 
930 116 37 48 0.9285802 
624 314 32 43 0.79727054 
18 272 233 276 0.5425997 
988 117 25 32 0.35578918 
645 306 45 56 0.18618388 
955 64 22 30 0.17306425 
456 364 13 18 0.17260341 
704 268 239 329 0.16554123 
794 212 16 21 0.14142342 
497 356 10 13 0.13235159 
999 195 25 37 0.13160914 
898 49 25 30 0.13040037 
-70 124 408 434 0.11725926 
630 327 47 61 0.09556925 
581 275 12 15 0.09443742 
699 40 153 275 0.092268646 
412 268 12 14 0.09115668 
926 18 11 15 0.08914151 
661 301 32 42 0.08898788 
958 61 14 18 0.08195081 
489 279 23 33 0.08129967 
646 81 61 87 0.07354422 
932 213 13 19 0.067724794 
360 305 16 17 0.058318045 
958 54 11 14 0.05674388 
109 152 55 72 0.056139544 
844 142 17 24 0.051190395 
709 117 104 155 0.051123254 
921 12 20 27 0.049496956 
602 320 13 15 0.049126573 
977 27 20 31 0.048552558 
919 13 13 17 0.04675931 
681 71 106 170 0.045516882 
498 403 13 17 0.043310773 
604 312 12 14 0.04296287 
949 51 12 15 0.042530913 
492 78 44 63 0.042507946 
495 363 12 15 0.04212683 
320 348 9 15 0.041394547 
452 356 22 29 0.040305108 
892 43 23 27 0.04025144 
821 211 15 18 0.038773146 
494 371 10 13 0.03773572 
985 114 40 56 0.037619334 
487 386 11 14 0.037225943 
372 343 25 32 0.0367963 
484 362 12 15 0.03671699 
628 323 20 26 0.036532477 
304 480 120 163 0.036430508 
930 27 12 17 0.035915095 
502 352 12 15 0.035674304 
643 56 101 154 0.034880552 
224 46 64 61 0.03155762 
484 437 10 13 0.030434737 
481 359 11 14 0.030026918 
952 72 13 18 0.029965013 
929 196 41 55 0.029132929 
644 294 36 39 0.028173268 
350 298 27 29 0.027492037 
520 243 11 14 0.026947867 
925 27 20 28 0.026912564 
886 43 16 20 0.026688293 
952 79 26 34 0.026274689 
828 116 16 21 0.026223123 
657 120 37 46 0.025908463 
1000 120 17 23 0.024695322 
185 301 120 158 0.024592785 
419 365 13 16 0.024459729 
525 430 10 12 0.024435733 
486 381 22 27 0.024398673 
463 334 10 13 0.024123129 
508 353 13 16 0.023445478 
844 146 23 37 0.023366738 
510 428 9 11 0.023090415 
942 34 14 17 0.022874413 
115 324 22 27 0.02282543 
468 332 11 13 0.02261561 
811 140 14 19 0.02259968 
38 354 15 18 0.022453481 
453 232 91 111 0.022427903 
128 -59 425 509 0.02205333 
598 223 55 63 0.021951951 
496 268 25 33 0.021949515 
477 369 11 16 0.02142602 
880 44 39 50 0.021188984 
-1 320 19 38 0.021184295 
398 271 14 19 0.02111894 
633 302 35 41 0.021110246 
905 43 16 20 0.020967362 
670 316 27 37 0.020550715 
980 140 33 40 0.020441392 
598 312 21 27 0.020299174 
507 91 46 64 0.020272871 
621 301 11 16 0.020186033 
517 270 10 14 0.020153707 
454 334 13 15 0.02013076 
