46_Jockey_Jockey_46_444
54
315 150 32 40 0.99902976 
219 138 29 37 0.99900514 
409 169 33 39 0.99889874 
711 145 36 47 0.99865484 
614 138 34 44 0.99832433 
98 349 34 45 0.9974426 
484 333 35 46 0.99736387 
813 131 32 47 0.99733585 
520 152 34 41 0.9972675 
218 335 34 43 0.99686974 
343 331 37 52 0.99455655 
666 362 36 46 0.9918355 
858 346 39 50 0.99147695 
868 171 15 18 0.10417736 
100 464 136 105 0.09430161 
601 488 53 54 0.08650978 
450 191 18 22 0.07227867 
143 199 9 12 0.046731755 
455 189 25 31 0.044566885 
539 106 14 17 0.042616352 
598 393 27 32 0.042415168 
366 12 36 52 0.04079358 
268 354 13 15 0.03997971 
998 87 11 14 0.039324015 
434 485 75 65 0.034223724 
298 167 16 20 0.033218924 
305 159 26 31 0.03310465 
927 183 11 14 0.030166727 
771 460 74 78 0.028989771 
57 202 11 14 0.028846137 
149 198 8 11 0.028582694 
307 423 23 35 0.027203113 
-39 94 217 233 0.026605591 
466 194 17 22 0.026377888 
159 205 11 13 0.026025042 
579 368 26 35 0.025999842 
137 182 8 12 0.024831548 
812 105 46 65 0.02449715 
251 170 14 17 0.023290016 
701 433 96 115 0.023273274 
145 222 8 10 0.023271592 
157 180 11 13 0.022791928 
142 175 9 12 0.02271545 
390 459 134 110 0.021645686 
303 493 55 55 0.021609416 
966 93 10 12 0.021468021 
174 332 9 13 0.021058353 
334 402 34 41 0.020736562 
161 429 35 41 0.020590205 
276 476 46 46 0.02056105 
548 485 55 60 0.02051193 
725 365 204 241 0.020486545 
810 459 72 76 0.020091292 
909 197 12 16 0.020023357 
