46_Jockey_Jockey_46_188
29
347 63 47 64 0.9977603 
451 118 47 53 0.9918616 
593 346 68 89 0.22513151 
589 242 355 397 0.1179723 
462 54 45 56 0.10628322 
587 327 112 147 0.097113565 
164 4 14 15 0.08710392 
523 436 30 32 0.06887943 
608 159 66 58 0.053386457 
502 435 14 16 0.051212374 
516 431 48 53 0.050729755 
637 163 31 33 0.038584653 
581 334 59 70 0.033809 
625 356 68 80 0.033727787 
387 105 18 23 0.032129195 
468 42 30 47 0.031016117 
158 0 24 23 0.027600469 
588 51 48 61 0.026935602 
102 168 403 492 0.025955746 
526 289 222 238 0.02532729 
480 440 16 18 0.024587665 
585 340 37 42 0.023856381 
788 397 14 16 0.022829134 
667 496 27 29 0.022650223 
675 186 47 56 0.02197077 
599 369 39 54 0.02193869 
328 92 27 37 0.021571234 
334 103 14 19 0.020779809 
571 355 55 70 0.020309268 
