48_Parachutist_Paratrooper_Parachutist_Paratrooper_48_596
37
446 182 111 125 0.9791542 
393 183 159 217 0.46158454 
471 671 70 80 0.3639112 
304 712 108 175 0.2893482 
168 932 107 124 0.2747774 
305 733 204 216 0.26784727 
290 852 188 262 0.25683317 
554 829 197 281 0.10587469 
415 705 180 201 0.10258582 
476 1072 116 112 0.085064076 
574 545 195 280 0.06927742 
225 893 225 332 0.06626682 
393 751 122 133 0.063986905 
482 760 71 70 0.06386892 
283 787 133 192 0.049587656 
359 737 98 142 0.049330927 
559 332 50 64 0.04898579 
320 956 220 245 0.04717471 
373 199 63 85 0.04364956 
551 442 322 455 0.040775158 
169 901 172 228 0.03822171 
392 758 56 83 0.03355958 
447 691 61 73 0.032323476 
411 765 71 87 0.032229315 
593 705 45 63 0.029378777 
368 187 101 139 0.028353509 
475 704 66 81 0.02774214 
498 950 205 230 0.027314622 
461 237 111 152 0.024301311 
182 910 66 91 0.024036478 
538 295 78 105 0.023989484 
331 742 67 104 0.02356198 
454 765 120 118 0.02326332 
469 747 206 242 0.022830533 
558 1328 435 525 0.02267686 
437 754 66 74 0.022618456 
445 565 15 20 0.022591885 
