48_Parachutist_Paratrooper_Parachutist_Paratrooper_48_814
76
391 176 221 310 0.99977726 
251 400 25 31 0.8475625 
305 395 24 30 0.8456316 
158 405 25 31 0.7141741 
607 289 405 398 0.34262943 
583 412 44 60 0.32393876 
57 403 23 28 0.30134252 
155 890 383 526 0.28091893 
454 536 138 186 0.15957698 
443 1116 17 19 0.14074498 
312 124 224 281 0.13026541 
412 38 256 336 0.12853816 
209 409 25 29 0.12783857 
623 456 51 72 0.102591835 
529 922 240 305 0.09831679 
128 404 13 15 0.08262355 
94 616 347 428 0.07761872 
598 262 82 120 0.07586266 
242 620 218 263 0.07259114 
250 396 41 54 0.055950046 
760 1217 9 10 0.050194867 
274 400 45 60 0.04651216 
632 816 365 435 0.046080347 
682 293 29 43 0.044147506 
723 360 202 304 0.041984115 
233 41 389 455 0.041300703 
131 407 14 17 0.04063998 
-18 781 403 517 0.039062697 
342 832 411 453 0.038217828 
114 425 17 22 0.036358535 
236 295 58 80 0.035967167 
609 443 49 68 0.035757806 
90 408 16 23 0.035687868 
269 405 27 36 0.035189517 
785 1176 8 10 0.034955077 
294 406 30 43 0.034307625 
599 421 45 61 0.03352518 
775 1253 9 11 0.033092234 
848 1159 10 12 0.032781787 
764 1221 9 11 0.032163665 
420 789 242 278 0.030520892 
319 1035 28 39 0.0301401 
282 417 27 38 0.030073287 
300 215 116 148 0.029805768 
686 1179 13 17 0.028291812 
752 1214 9 10 0.02828047 
67 406 23 29 0.028254583 
415 582 202 272 0.026479026 
843 890 13 15 0.026012301 
44 305 54 81 0.025870003 
490 42 156 210 0.025811203 
704 125 252 225 0.025330216 
109 420 16 21 0.024838112 
815 1254 7 10 0.023985187 
802 1229 8 12 0.023809103 
159 416 34 43 0.023074578 
305 1090 25 35 0.022802278 
814 1269 8 11 0.022572324 
201 415 31 37 0.022566834 
906 1222 9 11 0.022561207 
413 593 125 145 0.022560539 
808 1200 8 10 0.022383036 
639 275 57 82 0.022097014 
287 797 99 125 0.021666646 
97 423 24 30 0.021627428 
677 392 397 472 0.021597212 
888 1248 7 8 0.020968646 
810 1270 7 10 0.020968376 
492 736 348 458 0.020781359 
252 341 91 121 0.020620907 
800 1256 7 9 0.02027686 
281 1155 28 37 0.02026975 
776 1191 7 10 0.020172289 
293 1139 24 30 0.020143973 
86 405 15 20 0.020045066 
920 1248 8 11 0.020034129 
