48_Parachutist_Paratrooper_Parachutist_Paratrooper_48_1015
240
217 402 34 41 0.9937231 
552 356 37 48 0.98878574 
92 125 45 63 0.9882852 
326 383 36 44 0.98447764 
342 210 25 29 0.9800551 
677 346 39 50 0.9675941 
628 344 36 45 0.9658919 
858 314 52 65 0.9543507 
982 302 42 50 0.94839424 
453 222 25 27 0.94531137 
465 358 37 45 0.9315641 
631 205 21 27 0.9171415 
962 456 27 31 0.89829266 
850 208 21 24 0.89005935 
964 188 23 29 0.88042635 
278 259 22 27 0.7905484 
171 365 41 57 0.7620804 
956 314 25 35 0.7306009 
708 225 18 23 0.7047625 
761 212 18 24 0.6485116 
225 245 17 21 0.6405586 
787 216 15 20 0.6028426 
571 225 16 22 0.5931931 
601 248 15 17 0.4355993 
2 276 16 19 0.41879982 
426 363 22 29 0.41397053 
792 330 36 39 0.40859815 
241 275 16 20 0.3934219 
454 356 14 20 0.29525495 
926 320 31 42 0.28929043 
0 280 20 29 0.27982497 
457 355 26 34 0.26406997 
941 318 29 39 0.25068268 
335 315 25 29 0.24230619 
546 239 18 23 0.22972243 
456 442 38 54 0.2118803 
226 298 11 14 0.20998007 
521 336 28 32 0.18601573 
399 388 11 14 0.18053529 
747 245 15 20 0.1498345 
185 377 45 55 0.1325282 
536 365 26 35 0.11563751 
621 314 54 72 0.1151126 
791 356 33 35 0.1050116 
424 370 13 19 0.10430439 
959 452 42 49 0.098184764 
426 249 15 19 0.091934524 
277 269 17 23 0.09117505 
710 517 64 67 0.088706285 
543 246 16 21 0.08559008 
513 238 16 20 0.08177269 
234 263 23 25 0.07954423 
444 356 22 30 0.07847482 
228 248 23 30 0.07749795 
1010 394 14 23 0.07733344 
763 418 27 35 0.076361425 
720 226 15 19 0.0761363 
496 533 34 49 0.073992155 
268 357 17 20 0.07129672 
577 222 14 20 0.06948413 
444 228 22 28 0.06749022 
755 247 13 17 0.06599213 
853 283 27 35 0.06455585 
567 222 13 18 0.06323437 
423 418 24 29 0.06269575 
571 357 33 39 0.06263188 
374 405 13 17 0.060685888 
427 380 17 23 0.06008258 
779 366 17 24 0.058351427 
851 295 46 64 0.057967823 
441 340 53 65 0.055160455 
326 396 18 25 0.053136528 
740 230 11 14 0.05070254 
189 487 25 29 0.05064423 
693 348 40 45 0.0498266 
248 273 16 20 0.04928019 
954 293 14 18 0.048824817 
816 277 9 13 0.048536748 
843 294 25 33 0.04779273 
344 390 27 37 0.04725648 
621 211 22 26 0.04714102 
221 290 21 24 0.047066864 
12 356 118 114 0.04503597 
867 274 16 21 0.043980055 
394 411 14 17 0.04264685 
192 315 10 13 0.041891232 
158 376 30 38 0.040890124 
45 380 63 66 0.040403765 
782 253 10 12 0.039963502 
848 331 30 39 0.039900288 
249 250 16 19 0.039513417 
4 428 52 71 0.0392642 
921 299 28 34 0.03911403 
562 327 23 26 0.039089266 
705 232 14 19 0.03896366 
444 451 40 60 0.038665034 
759 222 12 18 0.037942436 
974 192 19 23 0.03757521 
585 227 13 19 0.036791362 
946 303 28 37 0.036557343 
992 389 30 38 0.03632403 
620 353 27 38 0.0361331 
251 330 12 16 0.036111545 
861 276 27 30 0.035916194 
974 461 19 24 0.03552072 
399 335 10 13 0.0351331 
437 241 14 20 0.035127662 
822 406 43 52 0.034868594 
395 385 23 28 0.034229897 
378 408 15 19 0.034196153 
544 352 30 42 0.034134503 
520 419 12 15 0.033857103 
239 248 22 25 0.033687655 
272 274 12 18 0.033107083 
797 202 11 14 0.032703653 
845 345 14 18 0.032446258 
649 325 54 67 0.031921793 
440 338 12 15 0.03175454 
532 345 27 35 0.03165922 
794 212 14 20 0.031156676 
431 245 22 27 0.03109318 
784 326 11 14 0.03097272 
425 298 12 17 0.030486664 
427 431 93 132 0.030358095 
403 379 14 19 0.030292775 
524 353 27 36 0.030202812 
417 250 23 28 0.030178571 
358 396 21 30 0.030127613 
325 327 15 19 0.029846184 
788 200 21 27 0.029687492 
156 289 13 17 0.029130755 
508 247 15 19 0.029059878 
735 234 10 15 0.02899012 
322 316 27 30 0.028881 
488 518 54 78 0.028707407 
424 353 41 52 0.02846636 
444 242 14 19 0.028331205 
229 261 15 19 0.028138386 
550 231 13 17 0.028106175 
463 342 32 42 0.028020652 
458 349 16 19 0.027752966 
287 464 26 41 0.027742237 
837 332 23 31 0.027728787 
876 219 15 19 0.027681403 
621 328 15 20 0.02766412 
535 401 13 16 0.027617265 
570 325 14 17 0.02754903 
538 227 23 32 0.027521642 
437 413 12 15 0.02739716 
67 381 34 38 0.02729217 
227 385 16 18 0.027258174 
751 227 13 16 0.027061243 
780 362 29 36 0.026960121 
774 278 12 14 0.026937645 
374 348 12 15 0.026885174 
723 222 13 16 0.02672253 
412 370 15 20 0.026696654 
939 263 15 19 0.02618527 
225 279 24 27 0.026124993 
965 173 37 47 0.026091114 
533 231 14 18 0.026049532 
406 380 22 27 0.025991678 
800 332 22 24 0.025924513 
646 346 34 44 0.025541818 
536 342 19 24 0.0254326 
8 406 66 69 0.025330028 
551 373 16 23 0.025303047 
684 489 104 106 0.024896257 
747 375 14 17 0.024741923 
635 235 13 17 0.024620753 
580 262 11 14 0.024383526 
461 443 56 81 0.024307765 
615 392 14 18 0.024285853 
691 218 13 19 0.024265414 
791 203 12 15 0.024219079 
816 269 9 13 0.024124917 
967 323 18 24 0.02411676 
424 233 24 31 0.024103863 
607 213 22 28 0.024036333 
808 364 27 30 0.02402634 
25 404 107 105 0.02393341 
159 353 28 37 0.02386129 
795 357 45 53 0.023817955 
259 273 14 19 0.023805834 
460 335 28 30 0.023791943 
806 277 11 13 0.023443377 
784 260 12 15 0.023377525 
423 396 12 18 0.023329388 
776 247 10 12 0.023243885 
752 219 13 18 0.023225162 
421 394 24 31 0.023166647 
262 356 15 18 0.023146864 
156 416 15 19 0.023077242 
704 240 12 17 0.023073018 
752 211 10 15 0.02302765 
428 230 500 498 0.023027482 
389 412 24 27 0.022832913 
704 221 14 19 0.022717958 
389 406 13 17 0.02265743 
181 442 16 17 0.022553843 
994 408 26 38 0.022424622 
425 315 93 109 0.022420352 
767 261 9 12 0.022389384 
373 253 12 14 0.022139696 
552 316 27 30 0.022059847 
884 321 39 46 0.021981852 
861 248 13 17 0.021937141 
461 339 14 16 0.021925183 
560 341 34 44 0.021803033 
799 269 9 13 0.021769606 
158 383 17 24 0.021748222 
382 334 12 15 0.021721147 
321 331 25 28 0.021567231 
155 399 25 33 0.02149203 
994 578 33 58 0.02143117 
217 256 25 29 0.02142632 
979 191 25 31 0.0214105 
749 236 12 14 0.021359803 
518 232 21 29 0.021279067 
620 320 25 32 0.021274518 
575 215 10 13 0.021258332 
553 225 21 28 0.021256998 
847 206 15 20 0.021208402 
984 464 16 20 0.020653076 
442 528 30 36 0.0206069 
217 248 42 48 0.020548757 
502 236 13 17 0.020501252 
613 384 24 30 0.020492163 
485 363 28 33 0.02043932 
399 424 24 29 0.020416802 
383 403 23 26 0.02034798 
526 371 22 30 0.020310093 
454 365 14 21 0.02029116 
438 332 20 26 0.020284453 
928 538 50 69 0.020273509 
805 283 11 14 0.020065228 
627 325 14 18 0.020055156 
725 209 14 16 0.020030377 
772 406 38 51 0.02002822 
204 492 24 29 0.020001894 
