17_Ceremony_Ceremony_17_113
57
355 214 111 133 0.9998369 
611 168 114 161 0.99976546 
763 249 21 36 0.97925764 
529 284 22 37 0.9703488 
953 293 17 23 0.9634933 
828 304 26 36 0.93033135 
285 289 24 43 0.91078305 
242 306 21 33 0.8107886 
740 269 21 36 0.68115395 
851 273 17 24 0.45505035 
1005 280 16 18 0.12563515 
234 303 37 51 0.09220245 
166 308 29 55 0.09028729 
857 267 15 20 0.07811627 
893 273 12 18 0.07053231 
745 261 27 37 0.06649275 
750 246 38 53 0.06636672 
981 320 15 20 0.06527158 
261 288 36 55 0.060438234 
818 299 22 33 0.05973755 
816 298 13 19 0.049203128 
933 209 11 16 0.04640143 
924 309 13 17 0.044525363 
932 277 20 26 0.044168644 
885 269 13 19 0.04243557 
858 273 25 29 0.04028965 
998 290 24 29 0.039587308 
898 274 14 19 0.03560077 
965 340 15 19 0.034471415 
276 276 25 52 0.034347057 
875 265 15 19 0.033920713 
563 274 13 18 0.03296814 
849 268 12 19 0.032961708 
992 306 25 32 0.032201383 
932 346 14 18 0.030341076 
165 327 40 59 0.030003877 
875 273 17 21 0.029982664 
1010 288 13 20 0.028177565 
901 281 13 18 0.027855178 
738 258 43 60 0.02768049 
867 265 16 19 0.027584802 
213 319 43 63 0.027457317 
939 363 14 19 0.027133223 
989 541 25 35 0.026342705 
870 243 10 12 0.026273133 
954 265 17 20 0.025044825 
757 249 18 29 0.024948884 
552 285 26 34 0.023341227 
838 310 26 34 0.023120895 
909 289 11 16 0.022240926 
761 297 15 20 0.022104092 
1013 560 11 17 0.022063777 
973 321 16 18 0.021921972 
563 289 14 21 0.021826347 
256 304 17 27 0.021642387 
284 293 47 60 0.020683227 
968 327 22 26 0.020271908 
