17_Ceremony_Ceremony_17_271
221
731 370 20 29 0.9409903 
568 382 21 29 0.4660657 
605 375 15 21 0.2609357 
505 435 24 32 0.20342746 
586 380 13 17 0.19411968 
749 466 24 28 0.13548064 
252 389 17 22 0.13236678 
611 371 23 28 0.1207013 
564 381 15 21 0.10861985 
687 372 12 15 0.106178366 
173 591 44 55 0.1016412 
706 402 14 18 0.09106411 
232 600 37 45 0.08586488 
334 383 9 11 0.084648944 
297 380 8 11 0.083622515 
222 336 10 12 0.077738255 
549 424 14 20 0.076471135 
54 448 13 16 0.07225229 
386 381 9 11 0.07137617 
709 381 11 14 0.066649675 
316 381 10 11 0.06583825 
742 418 16 21 0.06482813 
375 391 10 13 0.063561216 
576 383 18 23 0.061774403 
749 348 13 16 0.061520733 
663 380 12 14 0.057486083 
548 283 12 13 0.056367636 
480 308 10 14 0.054661356 
618 377 13 18 0.054597564 
267 394 12 16 0.053906437 
561 347 15 19 0.05286427 
302 390 8 10 0.05272519 
80 542 54 70 0.052260675 
742 334 10 11 0.051894974 
280 382 9 12 0.051811583 
457 251 16 19 0.05100808 
219 411 13 18 0.049901854 
709 330 10 13 0.049636662 
485 241 12 17 0.04817303 
317 374 10 12 0.04795623 
501 317 11 15 0.04794969 
301 374 9 11 0.047514025 
515 386 18 23 0.04748532 
563 301 417 505 0.045442704 
302 382 9 10 0.04370651 
619 443 13 16 0.04277913 
875 411 15 18 0.04226102 
640 382 11 14 0.04220692 
790 516 11 13 0.041879483 
355 571 42 51 0.041444067 
133 524 15 19 0.04091639 
682 372 10 13 0.040876195 
173 545 28 43 0.040084753 
106 532 36 47 0.04006872 
628 390 12 15 0.04003337 
703 388 12 14 0.039772835 
743 460 13 18 0.039330214 
633 11 444 459 0.03834692 
692 377 13 16 0.03828 
190 599 95 108 0.03776818 
342 398 12 14 0.037662603 
313 374 9 12 0.03729083 
229 395 12 17 0.036895186 
271 446 11 13 0.036573842 
564 374 13 17 0.03637349 
404 267 63 67 0.036334142 
278 387 11 14 0.035785906 
239 332 9 11 0.03566625 
479 241 12 17 0.035665337 
651 398 13 17 0.035106886 
337 366 8 10 0.034931634 
286 394 12 15 0.03458004 
664 388 11 14 0.03415023 
296 390 10 12 0.03204801 
491 244 13 17 0.031793576 
260 387 22 28 0.03155942 
484 377 12 16 0.031505972 
892 448 12 15 0.031405106 
311 311 8 10 0.031288337 
544 372 24 33 0.031243222 
63 468 13 18 0.031149637 
329 381 9 12 0.030836556 
365 381 10 12 0.030832764 
574 370 24 31 0.030737858 
550 291 12 15 0.03040407 
262 309 9 12 0.030347615 
626 371 12 14 0.030169226 
748 404 15 17 0.029994704 
118 500 10 11 0.02993447 
558 271 11 12 0.02985932 
544 363 12 17 0.029785393 
573 348 12 17 0.029734137 
318 367 10 11 0.029728398 
463 357 12 16 0.029482525 
743 353 13 15 0.029428896 
399 403 10 13 0.028846769 
389 569 26 38 0.028833788 
742 376 18 22 0.028799504 
341 366 9 11 0.028642222 
599 384 13 19 0.028609794 
405 277 30 32 0.028489007 
296 328 8 10 0.028392605 
767 402 11 17 0.02835692 
452 248 27 30 0.028049916 
257 325 8 11 0.027952764 
493 428 41 49 0.027750853 
703 382 11 14 0.027696561 
467 361 12 16 0.02769576 
653 82 118 159 0.02748881 
170 563 40 53 0.027356818 
284 390 11 13 0.02734105 
765 429 13 16 0.02728453 
69 463 12 16 0.027227785 
286 365 9 11 0.027224798 
500 364 17 21 0.027203802 
484 346 17 22 0.02714764 
348 398 11 13 0.0270312 
238 327 10 12 0.026967153 
717 376 20 25 0.026882581 
745 412 15 20 0.026809162 
727 325 9 12 0.026657566 
224 387 11 16 0.02648075 
850 383 16 20 0.026425026 
361 381 9 12 0.025926918 
709 440 15 19 0.025917418 
563 401 15 20 0.025594598 
681 380 10 13 0.025483513 
655 380 11 14 0.025366846 
468 243 24 30 0.025159147 
721 412 15 19 0.025125295 
304 311 8 11 0.025017414 
92 300 13 19 0.02494976 
743 452 12 16 0.024828654 
280 311 7 9 0.024783524 
608 441 26 28 0.024743168 
277 452 12 13 0.024723943 
934 460 11 15 0.024648465 
558 342 13 16 0.024525357 
789 376 12 17 0.024387553 
519 440 18 23 0.024258561 
772 403 11 16 0.024258519 
756 342 11 14 0.024182646 
760 598 30 38 0.024044745 
667 372 12 14 0.02402958 
218 419 16 19 0.02396224 
125 478 11 13 0.023957472 
644 389 12 16 0.023948971 
504 274 10 15 0.02393983 
132 475 11 13 0.023708764 
653 441 11 17 0.023682365 
563 363 12 16 0.023610493 
771 387 14 18 0.023554886 
565 270 10 13 0.023411892 
301 446 10 14 0.023359662 
732 445 12 14 0.023258938 
123 426 12 15 0.023222934 
230 402 13 18 0.023208702 
656 366 8 12 0.023173058 
262 316 9 11 0.023105191 
91 540 34 42 0.023074517 
285 382 10 12 0.0229664 
784 423 21 25 0.022887036 
270 373 10 12 0.02282362 
605 448 15 18 0.022754317 
352 312 8 11 0.02259711 
246 326 8 11 0.022446474 
343 327 9 10 0.022440104 
318 319 8 10 0.0222994 
181 364 27 36 0.022250913 
120 526 28 39 0.022201331 
302 367 8 10 0.022100903 
549 412 11 16 0.021932416 
759 335 10 13 0.021927286 
691 367 13 15 0.021919219 
342 383 9 11 0.021884166 
707 422 24 31 0.021799931 
682 370 21 25 0.02162885 
213 401 42 54 0.021586873 
767 500 13 17 0.02157005 
278 344 9 12 0.021473577 
583 341 12 17 0.021469694 
829 374 13 18 0.021420196 
325 750 58 66 0.021388402 
81 474 15 17 0.021382557 
116 325 14 16 0.021360941 
126 507 12 15 0.021340962 
496 317 11 16 0.021310594 
468 227 13 18 0.021271296 
336 327 8 10 0.02124292 
718 386 12 17 0.021113403 
830 403 21 29 0.021103343 
566 345 23 29 0.0210734 
278 333 8 10 0.021048808 
303 328 8 10 0.021044673 
695 388 11 14 0.021007895 
357 398 11 13 0.020956187 
352 381 9 11 0.020954639 
502 307 12 18 0.020951053 
225 404 26 32 0.020940531 
603 425 15 18 0.020925043 
758 523 13 16 0.02086614 
154 584 88 105 0.020866092 
133 518 13 16 0.020733574 
268 400 13 17 0.02073007 
311 390 9 10 0.020728765 
328 318 8 10 0.020654503 
502 251 11 14 0.020602508 
651 704 64 77 0.020563798 
349 391 10 12 0.020498332 
670 320 8 10 0.02047192 
334 373 9 11 0.020431139 
75 501 14 16 0.020381683 
279 375 9 12 0.020366833 
788 395 12 15 0.02021032 
680 368 9 13 0.020204628 
280 317 8 10 0.020192014 
570 326 9 12 0.020176224 
622 392 13 16 0.020156365 
259 397 16 20 0.020114817 
727 331 9 12 0.0201037 
744 327 9 11 0.020088024 
