17_Ceremony_Ceremony_17_444
49
288 223 395 519 0.99970716 
32 990 91 137 0.6895737 
240 517 512 520 0.45301417 
771 1379 15 18 0.20881401 
930 10 96 153 0.14954403 
18 248 437 496 0.13541785 
731 1230 16 19 0.117618345 
297 693 493 593 0.10336391 
766 1333 10 13 0.093274586 
807 1203 10 15 0.08347535 
750 1260 10 12 0.078866966 
814 1203 12 15 0.07238818 
538 290 497 541 0.070131615 
808 1348 11 14 0.056573644 
561 1492 29 38 0.05567992 
615 32 400 524 0.052617386 
-102 371 464 518 0.052377697 
792 1333 11 13 0.04975699 
765 1327 10 13 0.049609464 
791 1342 9 12 0.047242906 
790 1169 11 16 0.044170395 
822 1339 12 16 0.041615017 
510 1478 60 61 0.039590783 
76 1026 12 16 0.03795995 
812 1355 10 13 0.0353403 
750 116 255 314 0.032581497 
814 1371 10 14 0.030954985 
838 1294 9 12 0.030801559 
820 1300 10 14 0.030765325 
780 1348 10 12 0.03065138 
732 1364 13 15 0.028997798 
21 906 173 220 0.028642938 
774 1243 11 14 0.027825527 
976 24 50 105 0.027524544 
725 1251 12 16 0.02512918 
732 1359 11 13 0.025095161 
574 40 251 329 0.024804244 
543 1487 57 53 0.02465772 
789 1133 9 12 0.023322048 
821 1200 10 13 0.023319975 
449 473 438 466 0.022960033 
783 1325 9 12 0.022841386 
816 1296 11 16 0.0225784 
765 1243 12 14 0.022443887 
147 1033 14 16 0.022382615 
725 1220 26 32 0.021900829 
784 1140 11 14 0.02107456 
830 1247 10 12 0.02072981 
461 1496 39 38 0.020728951 
