17_Ceremony_Ceremony_17_592
176
161 251 31 39 0.9854069 
3 370 17 22 0.9432114 
509 287 15 19 0.8985312 
299 284 15 19 0.84751564 
59 308 17 22 0.77836114 
550 303 13 17 0.64885664 
695 183 27 40 0.54265934 
789 340 12 15 0.45362875 
596 285 13 16 0.32009324 
268 342 13 17 0.26939094 
543 278 9 12 0.20744807 
279 330 12 15 0.1928522 
222 326 12 15 0.15792486 
595 318 13 16 0.14852028 
207 308 12 16 0.14823149 
63 330 32 37 0.12886177 
364 172 49 66 0.12438112 
42 313 48 52 0.12266331 
534 329 12 16 0.12087201 
544 306 15 19 0.12009397 
727 324 15 19 0.11541927 
263 346 14 18 0.11071979 
571 319 12 16 0.10561793 
275 219 203 218 0.09764155 
248 309 11 14 0.0936128 
197 337 16 19 0.09117023 
195 346 23 28 0.087567896 
28 406 17 22 0.08534531 
283 325 15 19 0.082824826 
276 338 14 18 0.08256577 
550 313 13 17 0.07764697 
681 200 29 31 0.0733885 
129 287 37 51 0.07265654 
597 254 10 13 0.066711225 
461 308 15 19 0.06493958 
783 334 13 18 0.06030941 
549 276 10 14 0.059915137 
556 322 11 14 0.05923258 
253 331 11 16 0.056075316 
408 495 11 13 0.055538096 
708 348 10 14 0.055281956 
759 367 9 11 0.05520043 
531 226 12 17 0.05294262 
851 126 35 42 0.051201325 
416 304 29 33 0.047657195 
468 307 15 17 0.047061343 
761 373 8 11 0.046448458 
533 325 20 25 0.04639187 
542 347 11 14 0.04542826 
0 381 17 22 0.04424953 
326 73 9 12 0.044082444 
238 307 10 14 0.043250125 
250 312 15 19 0.04313904 
239 316 9 13 0.042405568 
601 289 14 18 0.041722413 
795 334 12 16 0.04139976 
557 269 10 12 0.041219734 
76 336 28 35 0.0392019 
557 296 11 15 0.03907285 
551 269 11 14 0.038798407 
353 193 378 483 0.03868329 
451 267 15 17 0.03837677 
553 262 11 13 0.03809679 
47 307 31 38 0.037988167 
395 258 28 33 0.037678648 
250 323 14 18 0.037145704 
230 318 11 13 0.036547486 
557 276 10 14 0.03616335 
599 258 11 14 0.0359202 
547 318 22 26 0.035644785 
816 399 7 10 0.035566118 
537 276 11 14 0.03438827 
767 350 11 12 0.034045655 
642 267 10 14 0.034008376 
776 242 48 64 0.033579476 
551 297 11 15 0.033508003 
333 163 89 111 0.033147138 
259 354 13 18 0.0330877 
676 170 50 58 0.033076853 
731 344 16 18 0.032980014 
173 259 21 26 0.03297463 
849 188 117 131 0.03272154 
261 333 13 18 0.032613825 
800 399 8 11 0.032443456 
394 275 26 35 0.032073233 
842 135 63 71 0.031524893 
590 279 13 16 0.03148703 
925 155 59 67 0.030985191 
724 344 16 19 0.030970719 
254 358 23 30 0.030618906 
591 246 9 12 0.030385416 
279 285 10 12 0.03015712 
790 388 10 12 0.030012203 
766 354 11 15 0.029938882 
226 328 15 18 0.029778576 
267 353 15 22 0.029732471 
901 211 101 136 0.029268704 
415 473 14 18 0.029253067 
271 333 13 16 0.028858922 
785 356 10 14 0.028775295 
850 145 15 24 0.028565368 
482 314 13 16 0.028300546 
343 211 13 15 0.027916485 
797 363 14 15 0.027536163 
716 372 14 18 0.027421655 
146 284 27 37 0.027101155 
237 324 12 15 0.026938075 
777 374 10 13 0.026920497 
407 265 30 34 0.02678449 
788 325 13 15 0.026633525 
247 339 13 17 0.026514156 
291 330 13 16 0.026452312 
753 364 9 13 0.026287882 
536 283 11 15 0.025989097 
590 238 10 13 0.025912987 
235 330 14 16 0.025616735 
25 379 40 54 0.025525793 
613 198 11 14 0.025324779 
673 216 25 27 0.025282487 
419 266 17 22 0.025255838 
335 204 11 14 0.025040563 
450 284 18 20 0.024892213 
556 187 12 16 0.024641344 
790 356 13 17 0.024558747 
253 337 13 18 0.02448901 
535 270 10 14 0.024435483 
592 275 21 26 0.024411589 
604 266 13 16 0.024392625 
597 294 16 20 0.024159947 
389 258 15 19 0.0241133 
652 292 15 17 0.024080113 
411 497 14 17 0.024020392 
550 338 15 18 0.023613593 
585 246 8 12 0.02351588 
845 150 176 226 0.023406753 
149 246 28 39 0.023236701 
576 342 10 15 0.0232073 
805 378 12 16 0.023189157 
503 223 11 15 0.023112018 
253 347 15 22 0.023103705 
340 354 15 17 0.023059398 
233 308 11 15 0.023041824 
565 314 20 25 0.02294579 
397 274 15 20 0.022915501 
596 247 11 14 0.022880778 
632 204 8 11 0.022845432 
453 315 12 17 0.022818707 
526 277 11 14 0.022644112 
664 220 10 15 0.022603208 
364 251 62 69 0.022349885 
647 200 9 11 0.022304507 
300 292 121 127 0.022066114 
732 317 13 17 0.02205307 
484 195 13 16 0.022049898 
675 210 18 19 0.021703806 
782 375 11 15 0.021667307 
549 183 12 17 0.021540187 
645 304 29 39 0.021485418 
283 309 23 28 0.02143225 
653 218 12 15 0.021370374 
211 324 22 27 0.021251353 
670 224 14 17 0.021087417 
232 320 21 25 0.021066252 
212 354 48 60 0.02075963 
446 316 14 19 0.020739045 
847 148 99 111 0.02070762 
397 509 10 14 0.020604962 
237 357 30 34 0.020598374 
41 307 81 99 0.020572843 
584 253 10 12 0.02055347 
563 299 13 16 0.020523684 
474 308 15 17 0.020424651 
283 336 14 19 0.02040594 
205 349 27 39 0.02016551 
156 290 28 37 0.020127172 
739 347 11 14 0.020094376 
