17_Ceremony_Ceremony_17_668
55
660 193 106 141 0.99964535 
226 95 144 205 0.998147 
35 201 26 31 0.31557137 
299 79 168 229 0.1986018 
798 208 93 161 0.105216056 
600 363 68 86 0.08552494 
0 244 10 18 0.085447535 
557 131 22 29 0.08050371 
423 285 47 72 0.04780029 
444 735 66 67 0.046839677 
740 273 164 294 0.04223304 
141 228 12 14 0.040745307 
75 291 15 16 0.038640987 
379 575 20 22 0.03396474 
525 86 49 59 0.03374621 
434 301 49 79 0.033723418 
520 305 185 249 0.03238558 
626 302 205 290 0.032225993 
535 133 23 29 0.031642552 
492 717 38 41 0.030723464 
725 219 98 133 0.03060977 
577 227 27 40 0.029371666 
569 359 106 147 0.028842168 
789 249 59 97 0.028507216 
42 102 23 29 0.02782585 
504 227 50 55 0.026171654 
178 -3 56 61 0.025938006 
26 266 14 17 0.025515733 
715 84 104 123 0.025426647 
599 162 25 30 0.025348237 
60 241 15 20 0.025215596 
84 208 17 21 0.02503143 
134 235 14 16 0.02489323 
563 176 17 21 0.02470001 
0 250 14 20 0.024108762 
13 100 14 19 0.023725487 
541 122 14 18 0.023473136 
468 241 18 24 0.023001159 
559 181 14 18 0.022988226 
538 118 43 57 0.02174557 
29 214 28 31 0.021698866 
603 97 21 32 0.021631867 
732 208 137 234 0.021563113 
52 110 16 21 0.021548316 
50 97 16 22 0.021496778 
573 133 24 32 0.021290228 
613 259 46 64 0.021280993 
19 202 22 29 0.02120793 
441 218 17 21 0.021126466 
13 120 13 19 0.020828974 
567 180 25 32 0.020528862 
534 97 28 34 0.020444876 
43 88 19 23 0.020386638 
53 243 13 17 0.020169528 
533 116 27 35 0.020125601 
