17_Ceremony_Ceremony_17_1005
79
326 243 195 266 0.9997942 
863 187 52 64 0.9977059 
550 149 49 59 0.99539185 
677 194 50 61 0.98935866 
789 180 53 68 0.9839908 
832 120 41 54 0.9386922 
913 1682 29 37 0.8921676 
965 185 48 65 0.6751611 
852 1670 39 45 0.6547901 
152 842 260 307 0.64947766 
175 580 394 540 0.48456773 
76 874 234 232 0.39900926 
474 96 26 32 0.32680446 
471 593 352 442 0.29729012 
-24 687 363 471 0.2529779 
758 100 25 38 0.23853457 
776 573 361 477 0.19904926 
765 188 61 79 0.19459681 
549 726 193 249 0.19225518 
880 480 67 75 0.18696089 
934 206 38 54 0.17040889 
913 480 63 85 0.11980558 
97 492 230 208 0.11739974 
655 517 23 33 0.10664609 
439 106 25 32 0.1055775 
745 189 47 71 0.09673355 
885 489 107 129 0.08617575 
93 956 120 133 0.080766596 
-59 249 449 406 0.07932462 
83 495 388 450 0.076401316 
626 504 381 493 0.07142979 
719 33 53 76 0.058333054 
253 170 100 125 0.05533765 
822 439 179 213 0.052500788 
770 106 24 33 0.050541837 
395 1189 436 560 0.04882484 
939 518 33 39 0.04696812 
596 882 118 133 0.044122364 
784 192 36 47 0.043919995 
936 462 57 86 0.042661257 
62 407 287 207 0.041142203 
961 208 58 74 0.039483387 
816 149 53 66 0.03673675 
846 152 49 62 0.03667477 
957 518 57 84 0.03656348 
267 197 182 280 0.036395613 
774 649 226 304 0.03571871 
803 197 55 69 0.03507198 
889 131 44 51 0.035043944 
609 8 105 127 0.03344393 
-1 261 30 46 0.03217289 
838 192 51 62 0.03022651 
547 770 138 140 0.028644826 
338 959 367 535 0.028526843 
733 41 31 46 0.026996924 
681 14 97 116 0.026941365 
655 185 49 65 0.025967738 
831 197 31 47 0.02469547 
587 623 129 153 0.024663666 
925 209 30 45 0.024302723 
860 138 49 57 0.02408599 
591 -28 189 204 0.023993399 
617 38 63 75 0.023463346 
874 167 50 64 0.023455294 
732 192 34 56 0.023308072 
844 459 113 121 0.02319216 
535 825 126 170 0.022815935 
948 620 30 41 0.022727197 
619 1103 96 146 0.022529539 
934 598 50 59 0.022434345 
754 77 42 57 0.022200897 
463 131 31 37 0.022173436 
710 1228 22 31 0.021898879 
455 101 24 33 0.021562764 
539 882 235 180 0.021138454 
683 1543 52 69 0.021099392 
-3 310 44 89 0.020951087 
481 94 17 20 0.020911958 
509 59 13 19 0.02026024 
