17_Ceremony_Ceremony_17_490
94
521 221 64 80 0.9992685 
289 268 56 71 0.99875593 
882 173 104 142 0.9983676 
387 27 46 59 0.9981668 
47 0 51 58 0.99130076 
208 8 47 66 0.9899026 
483 23 36 52 0.96214825 
417 -1 31 32 0.4736339 
363 140 46 52 0.28194582 
699 25 173 271 0.26012263 
318 506 93 142 0.10261587 
667 0 26 23 0.101784386 
716 36 23 29 0.100015685 
201 148 38 44 0.0898801 
171 151 29 35 0.072122455 
570 2 19 17 0.06800219 
376 202 77 68 0.06652088 
396 453 30 40 0.06538062 
183 267 27 34 0.061378438 
750 60 14 19 0.055898916 
296 56 16 19 0.05426407 
733 16 12 15 0.050653078 
446 -1 28 29 0.049869798 
266 6 28 34 0.04877453 
571 1 36 30 0.048319403 
546 -4 47 46 0.047772195 
197 157 50 60 0.04729998 
347 233 34 44 0.04528217 
549 2 31 26 0.0441745 
320 234 50 62 0.04338283 
699 0 26 23 0.042360052 
300 244 54 66 0.04069975 
714 0 15 15 0.040640693 
183 134 40 52 0.040131174 
724 54 16 20 0.039898403 
745 66 12 16 0.038775384 
484 230 43 64 0.037655327 
270 48 14 18 0.037556045 
499 27 36 47 0.036969267 
280 93 44 55 0.036362343 
572 235 42 62 0.03546235 
699 85 14 16 0.034956362 
281 60 16 20 0.034104478 
228 3 47 57 0.03331641 
493 258 26 36 0.03164164 
132 713 61 59 0.030699786 
275 23 15 20 0.029827632 
719 78 12 18 0.029105179 
535 563 49 58 0.028298022 
709 43 23 30 0.028107211 
380 153 39 42 0.027773531 
261 205 50 58 0.027598606 
580 550 59 70 0.027222488 
345 154 56 54 0.027158035 
715 99 13 16 0.027104888 
255 446 178 234 0.026495047 
438 743 12 17 0.026431456 
299 0 25 22 0.025806397 
692 345 16 17 0.025634196 
270 551 104 128 0.025564002 
556 563 50 64 0.025121706 
504 205 58 81 0.024716763 
7 264 115 189 0.02466999 
375 172 72 64 0.024440046 
456 750 13 15 0.024295479 
133 -1 45 48 0.02405175 
5 -1 41 49 0.023840703 
649 174 231 226 0.023822619 
238 676 38 40 0.023779752 
451 0 19 17 0.023710554 
750 148 13 15 0.02338691 
273 237 52 64 0.023289585 
548 0 17 16 0.02309818 
774 342 77 68 0.023056539 
350 214 62 65 0.022520114 
472 37 50 63 0.022398852 
530 -1 36 43 0.022242492 
708 57 15 17 0.022162681 
523 572 35 42 0.02214245 
409 747 15 17 0.02207487 
489 8 34 44 0.021986624 
485 80 14 19 0.021700028 
740 57 21 25 0.021697814 
464 12 43 60 0.02152259 
705 18 15 19 0.02147737 
177 746 14 17 0.021192152 
275 52 14 17 0.021007312 
724 80 14 17 0.020931283 
743 318 122 112 0.020915851 
756 56 12 14 0.02072988 
749 18 127 158 0.020606128 
-1 0 33 31 0.020121066 
36 0 39 46 0.02009895 
285 42 11 13 0.02009258 
