17_Ceremony_Ceremony_17_46
70
266 143 17 25 0.8566902 
108 123 18 24 0.8549792 
66 132 15 20 0.40407118 
272 150 17 23 0.20724899 
888 363 13 16 0.14489517 
748 244 9 12 0.1327351 
71 179 15 17 0.13201167 
743 252 11 15 0.10956325 
764 276 11 13 0.078596234 
108 198 11 14 0.07245053 
67 483 17 23 0.06722936 
351 277 11 14 0.067065865 
356 276 12 15 0.058788214 
382 252 9 12 0.0544143 
702 167 11 12 0.052463792 
761 269 11 13 0.047949307 
776 256 8 10 0.045169864 
815 310 11 14 0.04330264 
54 129 22 25 0.043022506 
679 136 8 10 0.041564934 
349 270 11 15 0.040662482 
661 141 9 11 0.040367536 
719 156 10 12 0.035262953 
294 306 11 13 0.03453769 
877 373 12 17 0.03418348 
367 270 12 17 0.03392892 
101 117 17 20 0.033354174 
679 153 10 13 0.032902393 
815 304 10 12 0.030995786 
255 144 13 20 0.030681266 
710 127 8 11 0.03025143 
745 242 9 11 0.029833173 
702 159 8 9 0.029012142 
765 262 10 13 0.02744964 
813 316 12 16 0.027217556 
489 157 8 10 0.026702307 
929 333 10 13 0.026520137 
59 139 19 24 0.026469152 
143 187 11 15 0.026370347 
748 260 10 13 0.026357787 
280 152 15 21 0.026231783 
710 132 9 11 0.025689015 
697 168 9 12 0.025272442 
185 245 15 17 0.025057968 
113 118 15 19 0.024853433 
377 250 11 14 0.024584495 
711 229 9 13 0.024279365 
688 117 8 10 0.024160251 
685 158 8 10 0.024045046 
252 139 13 19 0.02350063 
115 233 49 57 0.023495613 
695 130 8 9 0.02325475 
1015 218 9 14 0.022927357 
0 255 35 46 0.022905983 
820 308 10 14 0.022666473 
51 123 17 21 0.02264884 
123 122 13 20 0.022517048 
126 252 10 13 0.022365853 
686 135 8 10 0.02230732 
228 367 11 14 0.022214463 
814 294 10 12 0.022153925 
725 157 9 11 0.022079967 
487 152 7 9 0.021944707 
706 127 8 10 0.021874934 
-1 249 9 17 0.021781811 
822 293 10 13 0.021777635 
352 271 19 25 0.021034656 
350 262 11 15 0.02063661 
235 395 13 16 0.020630049 
1013 477 10 16 0.020374814 
