17_Ceremony_Ceremony_17_211
380
551 232 34 49 0.9974886 
686 222 39 53 0.99498135 
591 235 35 48 0.99395615 
767 208 38 53 0.99071467 
839 159 51 65 0.9891611 
588 370 38 52 0.98688394 
221 213 43 50 0.97210723 
136 208 29 52 0.81660265 
511 35 15 19 0.5434513 
975 9 12 17 0.4096568 
742 20 13 17 0.39779606 
362 4 12 15 0.39510357 
770 1 13 14 0.3913204 
97 206 40 59 0.3783622 
816 84 11 14 0.34505707 
793 74 11 16 0.33938786 
687 48 9 11 0.31330806 
405 112 34 64 0.3086249 
1003 0 17 18 0.30713055 
837 13 11 14 0.2814195 
838 96 13 18 0.2480823 
368 111 47 66 0.24616115 
830 17 11 15 0.23109384 
783 27 12 14 0.22323982 
802 2 13 15 0.19629699 
663 23 9 12 0.19388823 
815 78 10 14 0.19331543 
844 93 14 17 0.18473054 
740 13 12 16 0.18412004 
665 28 9 12 0.17752245 
750 84 13 16 0.16963725 
330 14 15 18 0.16286232 
864 47 10 13 0.15987946 
824 18 11 14 0.14923432 
749 45 10 12 0.14798929 
829 36 10 13 0.14630483 
748 103 14 18 0.1459123 
711 39 8 10 0.14201757 
845 12 11 15 0.13797486 
820 115 10 13 0.13593043 
635 10 11 14 0.13098022 
835 18 11 14 0.12880309 
719 -1 12 12 0.12878203 
767 46 10 12 0.12522937 
718 86 9 13 0.120116256 
725 0 10 11 0.11993319 
457 4 10 12 0.11919942 
965 29 9 11 0.118365414 
733 62 10 12 0.11331462 
496 3 13 15 0.11089504 
669 30 9 11 0.110025615 
852 0 11 12 0.10915206 
767 121 11 14 0.10586475 
774 78 10 13 0.105051376 
710 16 9 12 0.10496622 
739 7 10 11 0.10407085 
765 27 11 13 0.10198844 
753 61 14 16 0.101821594 
783 42 12 15 0.1015505 
303 6 13 16 0.1009306 
809 69 9 13 0.10026797 
772 84 11 14 0.09994061 
654 46 8 10 0.099053234 
831 27 11 16 0.09082361 
868 50 11 13 0.08982824 
297 41 13 17 0.08956233 
694 31 8 10 0.08747389 
955 12 12 14 0.08470752 
437 67 10 12 0.084321395 
813 71 9 12 0.08366978 
792 180 26 32 0.083391175 
398 38 9 11 0.08296131 
340 34 11 14 0.082338944 
434 -1 10 10 0.082081065 
846 89 11 13 0.08089563 
741 120 11 16 0.079152785 
846 5 12 14 0.078760125 
836 27 10 13 0.078736596 
687 7 8 10 0.07785912 
487 40 8 10 0.07753493 
318 0 11 12 0.075191386 
854 51 10 12 0.07403651 
770 92 14 18 0.07363354 
428 39 10 12 0.07329517 
896 15 9 12 0.07095684 
729 62 9 11 0.070898674 
528 0 10 11 0.06944161 
647 0 9 10 0.0691164 
410 0 10 10 0.06753477 
501 0 11 11 0.066844665 
472 53 9 12 0.06647822 
384 24 9 11 0.06583268 
734 69 11 16 0.06562681 
808 51 9 12 0.0653223 
728 31 10 12 0.06510032 
812 28 10 13 0.06497781 
627 45 11 14 0.063207366 
787 35 14 17 0.06231295 
711 93 11 14 0.06185794 
718 37 8 10 0.061572652 
461 71 8 11 0.061560355 
789 102 11 12 0.061251134 
783 75 11 14 0.06121652 
705 63 7 10 0.0609323 
512 13 10 12 0.060661577 
585 0 9 10 0.060141154 
729 76 10 14 0.059112903 
710 43 9 11 0.05887312 
753 0 10 10 0.05875917 
437 21 9 12 0.058100536 
688 22 9 11 0.057279076 
718 22 9 11 0.05682492 
689 69 8 10 0.056812327 
694 37 9 10 0.055854768 
670 36 8 11 0.05568151 
721 62 8 11 0.055506814 
625 38 10 12 0.055332083 
359 36 10 12 0.055278093 
422 7 9 11 0.054604188 
706 38 8 11 0.05455441 
309 5 12 15 0.054436456 
358 62 9 12 0.05436587 
757 -2 11 11 0.05427438 
721 69 8 10 0.052836474 
745 54 9 12 0.051536705 
855 75 12 14 0.05127297 
712 0 10 10 0.050253563 
335 0 10 10 0.050145525 
733 30 11 13 0.049865138 
712 32 9 11 0.048951194 
604 27 13 17 0.048433177 
704 0 8 10 0.04776384 
479 31 8 10 0.047501344 
720 55 9 11 0.04749079 
840 8 12 15 0.047276165 
998 456 15 20 0.046580628 
622 0 10 9 0.046488162 
892 0 9 10 0.046423778 
789 68 19 25 0.046149544 
638 27 10 14 0.04551554 
705 15 9 11 0.045240875 
322 86 8 11 0.04474335 
855 69 11 14 0.044692554 
773 45 11 14 0.04437449 
711 62 7 10 0.04426543 
382 2 10 11 0.043715842 
728 55 9 11 0.043696042 
727 23 9 11 0.043640982 
668 24 9 11 0.043406505 
412 48 9 13 0.043187637 
629 40 10 12 0.04307646 
982 29 9 13 0.042834047 
688 13 8 11 0.042175617 
417 117 42 73 0.041957658 
616 0 9 10 0.041842397 
481 37 8 10 0.041763727 
703 56 8 9 0.04153254 
695 0 9 9 0.041474212 
833 95 12 16 0.041460928 
892 47 10 14 0.041196838 
407 27 10 13 0.040975478 
645 4 11 13 0.04086883 
584 16 9 11 0.04072977 
557 5 11 13 0.04062037 
480 76 10 12 0.040241126 
807 100 9 12 0.04005935 
743 61 9 12 0.039586574 
455 21 9 12 0.039411325 
449 16 8 10 0.039345637 
470 49 8 10 0.03925869 
726 83 10 13 0.038914964 
838 70 11 14 0.038797695 
414 11 11 13 0.038795687 
829 42 11 13 0.038783185 
822 15 19 23 0.038494404 
728 70 9 12 0.038471006 
338 17 14 17 0.038406417 
690 29 8 11 0.038385846 
718 31 9 11 0.03804004 
462 86 9 14 0.037894625 
803 8 14 17 0.037887234 
346 111 50 73 0.037844736 
689 0 7 10 0.037525054 
850 53 9 12 0.03751436 
759 147 22 31 0.037433047 
496 68 8 11 0.037321072 
806 124 12 16 0.0372284 
694 16 8 10 0.036985077 
472 60 9 12 0.036925238 
780 71 19 24 0.036920432 
503 44 11 14 0.036718618 
502 61 9 12 0.03657374 
639 499 12 14 0.03625256 
532 4 11 12 0.035946727 
398 14 8 10 0.03590949 
680 14 8 10 0.035503414 
663 16 9 12 0.035445787 
318 9 14 17 0.035364922 
642 0 10 10 0.03530967 
736 123 11 14 0.03507314 
448 39 9 13 0.034791492 
801 92 9 13 0.034736037 
682 8 8 10 0.034725912 
791 -1 10 10 0.03467043 
689 41 8 10 0.034601927 
733 0 9 10 0.03457736 
311 55 10 14 0.034514587 
981 482 26 34 0.034194928 
693 69 8 11 0.033985768 
694 21 8 10 0.033828292 
720 78 10 12 0.03370297 
950 7 14 15 0.033566404 
427 45 12 13 0.033198588 
453 39 10 13 0.033167772 
627 379 24 33 0.03308819 
808 61 10 13 0.03290186 
854 62 10 13 0.032862432 
325 26 13 17 0.032779936 
327 63 9 12 0.03260258 
608 13 10 13 0.032554224 
824 43 11 13 0.032470696 
431 28 10 12 0.0322186 
873 28 9 13 0.03195717 
584 32 9 12 0.031863738 
732 36 10 13 0.03161216 
414 5 10 13 0.03150879 
682 47 10 12 0.031476133 
872 37 9 12 0.031451788 
805 19 14 17 0.031363927 
786 119 13 15 0.031089725 
503 36 20 27 0.031009583 
435 129 43 69 0.030841378 
620 509 16 19 0.030817315 
378 0 10 11 0.030796647 
488 0 10 10 0.030768307 
798 82 10 14 0.030302925 
553 1 9 11 0.030078113 
677 30 8 11 0.029830435 
567 32 8 12 0.029649882 
917 7 9 13 0.029437512 
693 51 9 13 0.029259842 
829 5 13 16 0.029202176 
575 36 9 12 0.029100252 
775 70 11 15 0.02870006 
728 45 8 11 0.028698862 
681 0 8 9 0.02869482 
456 30 9 12 0.028622694 
632 20 11 15 0.028581534 
805 93 10 13 0.028576026 
504 30 8 12 0.0284146 
768 78 11 15 0.02825252 
548 20 11 14 0.0279715 
658 21 10 13 0.027819226 
813 47 11 13 0.02781029 
734 45 9 11 0.02771774 
973 48 12 15 0.02763925 
517 5 9 10 0.027579144 
413 23 9 12 0.027411154 
681 21 8 11 0.02718561 
385 86 63 104 0.026883299 
733 95 11 14 0.026810247 
715 361 14 20 0.026749332 
748 52 13 15 0.026725302 
611 28 12 15 0.026714526 
761 44 10 13 0.026686866 
462 45 9 11 0.026595378 
488 104 8 10 0.02654086 
175 697 25 29 0.02653099 
431 14 10 13 0.026414407 
754 78 14 18 0.026259372 
711 56 8 9 0.026197227 
799 52 11 13 0.026182655 
497 62 9 11 0.026074303 
734 54 10 13 0.026059462 
661 485 14 17 0.026015004 
828 20 21 25 0.025894491 
424 0 10 10 0.025874525 
864 40 10 12 0.025841134 
672 14 9 10 0.025781773 
910 56 8 10 0.025757704 
833 76 11 14 0.025748499 
966 22 10 13 0.02555209 
772 126 23 28 0.025342552 
824 27 11 15 0.025159232 
798 101 9 12 0.025032118 
740 68 11 14 0.02496746 
393 15 8 11 0.024957009 
455 53 9 10 0.024844043 
447 68 8 12 0.024835542 
749 38 11 15 0.024586566 
808 75 11 13 0.024573905 
781 49 11 13 0.024507191 
663 56 7 10 0.024451379 
1013 435 11 16 0.024427533 
906 54 8 12 0.024406252 
480 91 10 13 0.024397992 
785 131 15 18 0.024377821 
461 76 9 11 0.024280418 
654 0 8 9 0.024257055 
623 31 10 13 0.024234345 
913 12 9 12 0.024159329 
766 37 12 16 0.024140432 
960 20 10 13 0.02413665 
461 117 10 15 0.023940844 
806 139 14 19 0.023824198 
589 5 10 12 0.023755174 
781 99 11 15 0.023663566 
376 37 8 11 0.023633473 
705 6 9 10 0.023600701 
477 53 9 13 0.02357493 
681 53 9 10 0.023566382 
548 13 11 14 0.023531137 
350 61 11 13 0.0234259 
810 145 14 18 0.023420207 
777 124 41 51 0.023380857 
510 6 11 12 0.023371076 
703 69 9 10 0.023234341 
829 -1 10 9 0.02312044 
615 52 9 13 0.023119925 
848 47 10 12 0.023109235 
814 21 11 14 0.022896256 
813 63 9 12 0.022874104 
460 153 44 65 0.02284524 
408 12 9 12 0.022840684 
783 123 14 16 0.02283196 
486 70 9 11 0.02281781 
726 91 11 15 0.022802508 
810 75 19 23 0.022756813 
710 4 9 10 0.022747412 
527 19 11 13 0.022733837 
846 77 11 13 0.022727182 
445 63 8 11 0.02272204 
544 5 10 13 0.022655685 
797 45 11 15 0.022453072 
152 191 41 60 0.022441523 
846 70 10 11 0.02240258 
865 13 10 13 0.022369197 
461 100 10 12 0.022366289 
893 29 9 12 0.022364553 
559 10 9 13 0.022334544 
705 45 8 11 0.022111494 
773 51 11 14 0.02200679 
474 30 9 10 0.02190683 
799 109 8 11 0.021692509 
517 19 12 13 0.021630216 
775 37 12 16 0.0215064 
589 29 9 12 0.021502808 
837 44 10 13 0.021415366 
881 86 8 12 0.021365363 
336 51 9 12 0.021227904 
737 18 13 16 0.02117885 
871 20 9 13 0.021124886 
850 65 22 26 0.021107677 
694 111 10 12 0.02108456 
588 12 10 13 0.021076208 
532 19 10 13 0.02103658 
734 132 11 13 0.020952236 
648 60 9 13 0.020908697 
432 62 11 14 0.020762894 
610 0 9 10 0.020660851 
754 100 12 17 0.02063978 
502 53 9 12 0.020622237 
456 75 10 12 0.020530723 
487 61 9 11 0.020513307 
749 63 22 25 0.020440819 
836 95 23 29 0.020409295 
795 37 10 14 0.020398395 
430 52 10 12 0.020391924 
632 27 11 13 0.020384818 
352 84 9 12 0.02033942 
929 463 18 20 0.020322533 
967 35 10 12 0.020305287 
820 90 12 15 0.020291558 
408 68 9 12 0.020290906 
968 51 12 15 0.020238137 
878 61 10 12 0.020153886 
782 -1 10 10 0.020136567 
878 37 9 12 0.020129513 
840 64 10 12 0.0200378 
694 64 9 11 0.020015601 
