17_Ceremony_Ceremony_17_818
22
666 204 111 149 0.9994215 
264 187 117 164 0.99908507 
49 335 73 88 0.99778086 
521 273 69 83 0.9928281 
914 1506 27 37 0.82644844 
-1 346 49 79 0.8218363 
846 1491 46 58 0.4541964 
545 323 357 488 0.1855505 
159 159 379 495 0.07103134 
808 385 53 64 0.034805372 
223 1131 435 488 0.033925425 
767 418 27 32 0.0337912 
155 1485 50 54 0.03263236 
784 386 49 62 0.028663972 
189 132 153 227 0.028191172 
900 1523 14 20 0.027827589 
609 487 370 463 0.026863871 
351 649 194 209 0.02575825 
20 729 400 526 0.023119552 
276 242 18 20 0.02155045 
885 1496 40 54 0.02143707 
814 765 12 15 0.02142831 
