18_Concerts_Concerts_18_855
35
373 97 56 69 0.9931872 
92 155 75 91 0.973011 
775 157 59 73 0.50091404 
752 143 56 78 0.3194677 
422 108 82 109 0.31312308 
801 168 78 110 0.2753093 
924 216 47 62 0.17446223 
831 203 66 94 0.16826159 
720 199 225 261 0.12254305 
389 98 78 105 0.101164825 
734 135 50 82 0.06165227 
396 554 26 31 0.060883183 
165 625 36 44 0.060709033 
194 613 33 42 0.056752313 
150 229 140 187 0.052536774 
816 128 37 54 0.05206287 
769 201 126 179 0.0513332 
799 136 50 68 0.050218593 
858 222 58 72 0.046439406 
497 463 106 147 0.0449342 
178 619 44 51 0.041024808 
105 609 31 36 0.03939019 
89 528 29 36 0.036237437 
598 256 363 501 0.03223094 
73 138 61 79 0.0286912 
149 649 60 62 0.026643245 
47 -25 348 451 0.025342526 
429 95 55 76 0.024956135 
96 129 183 258 0.024691476 
150 33 191 294 0.024661293 
262 344 14 19 0.02228966 
508 501 64 96 0.02187878 
371 86 169 210 0.02180632 
941 234 53 80 0.021103982 
412 197 61 88 0.02043898 
