18_Concerts_Concerts_18_920
383
279 502 17 25 0.88905394 
854 556 12 16 0.87711257 
850 499 14 17 0.8676848 
247 608 42 52 0.81858176 
823 571 10 14 0.7480474 
757 565 11 15 0.73876417 
983 587 10 13 0.7279594 
616 602 12 16 0.6803773 
751 623 11 15 0.63616806 
949 524 10 12 0.5164118 
869 530 12 16 0.47263545 
869 575 9 12 0.44472784 
905 565 9 12 0.393099 
619 567 8 10 0.36761802 
927 563 10 12 0.34371808 
903 486 9 13 0.30038953 
999 615 10 13 0.2893712 
1003 516 10 13 0.28085926 
906 518 9 12 0.25309038 
444 533 108 161 0.20176403 
967 614 9 11 0.18343097 
725 105 14 19 0.18135756 
944 578 10 14 0.17874412 
199 559 15 18 0.17822634 
855 589 10 14 0.173419 
920 572 10 14 0.17190108 
770 623 10 12 0.17129607 
653 404 55 74 0.16441648 
932 560 9 11 0.15919395 
830 554 11 14 0.15193085 
800 556 8 11 0.14857562 
837 551 10 13 0.13891207 
834 593 14 17 0.13428852 
896 610 11 13 0.12895148 
798 573 10 13 0.12251405 
738 603 10 14 0.11859313 
150 500 11 14 0.11537985 
591 576 9 10 0.11388415 
681 41 221 227 0.11366408 
791 551 9 11 0.11018742 
600 575 8 12 0.10866158 
866 580 10 13 0.10735747 
875 664 13 16 0.104797676 
235 612 32 47 0.10368138 
239 633 51 68 0.100695804 
818 528 9 11 0.09854313 
853 594 10 14 0.094495736 
607 598 13 16 0.09386834 
869 600 11 14 0.09147746 
805 556 9 11 0.082037695 
871 537 11 14 0.08115565 
805 597 10 13 0.07919455 
912 629 10 15 0.07842405 
718 107 13 18 0.07734655 
447 91 32 39 0.07710676 
591 580 10 12 0.07572449 
710 115 15 20 0.0751312 
927 581 10 12 0.07401917 
753 596 11 13 0.07354645 
799 566 9 13 0.07326221 
39 467 10 12 0.07151843 
866 525 11 15 0.07125945 
385 2 46 54 0.07115068 
156 501 10 13 0.07052736 
978 582 11 14 0.06878283 
766 637 11 14 0.068125255 
631 421 65 76 0.06609329 
604 575 10 13 0.065409705 
842 103 66 64 0.06497065 
686 121 13 20 0.064146146 
174 181 10 11 0.06359247 
869 567 11 14 0.06268501 
935 579 10 13 0.06226981 
947 581 10 14 0.06216789 
617 562 8 11 0.061849315 
912 535 9 12 0.059875198 
922 567 10 14 0.05911906 
805 74 13 18 0.05894607 
994 615 10 13 0.05857187 
896 526 9 10 0.058044195 
804 566 11 13 0.05782254 
621 561 10 11 0.05781373 
825 33 25 30 0.056309413 
968 608 9 12 0.05492737 
742 600 10 12 0.054812513 
909 522 9 12 0.05438392 
136 484 9 12 0.053866263 
878 599 10 13 0.053063918 
909 485 9 13 0.052566707 
84 524 10 13 0.052404102 
566 590 12 16 0.052179597 
641 125 23 28 0.05075136 
824 597 11 15 0.05053043 
951 587 9 11 0.050182007 
917 535 9 12 0.05018194 
898 485 11 14 0.04986597 
903 497 12 15 0.049684085 
854 540 11 13 0.04950632 
972 613 11 13 0.0487389 
861 587 10 14 0.04817741 
988 584 9 12 0.04800628 
709 84 14 17 0.047764014 
45 463 11 13 0.047653854 
766 541 9 12 0.04763984 
897 492 10 14 0.047508907 
885 588 10 14 0.047410645 
804 571 11 15 0.047146603 
909 511 10 13 0.04673319 
751 108 12 16 0.04670782 
907 493 10 15 0.046549644 
875 534 10 13 0.04653661 
764 603 11 14 0.0461251 
194 556 25 30 0.046064466 
709 420 14 20 0.04582953 
792 555 10 12 0.045637265 
174 173 10 12 0.045465156 
757 601 14 16 0.044652402 
1002 612 11 14 0.044553384 
585 572 9 12 0.044495896 
837 525 11 13 0.043923136 
825 556 11 14 0.04390909 
860 550 10 13 0.043657962 
241 628 33 46 0.043591827 
1004 606 11 16 0.04339071 
927 589 10 12 0.043158308 
693 169 15 18 0.042637546 
878 540 9 12 0.04242548 
890 69 55 64 0.042248778 
897 567 9 11 0.042132623 
863 611 11 15 0.041891932 
753 570 10 13 0.04070794 
829 599 13 17 0.040602893 
690 113 16 23 0.040282104 
902 481 10 12 0.039208267 
616 571 10 13 0.039134733 
826 565 12 14 0.038825158 
709 107 14 20 0.038773052 
1000 475 11 16 0.03866614 
896 625 10 13 0.038625404 
972 606 10 13 0.038612366 
585 566 9 12 0.038358264 
967 557 8 11 0.038163457 
925 611 10 13 0.038119923 
906 558 11 14 0.038013656 
219 626 46 61 0.037795402 
621 569 10 14 0.037790205 
182 195 10 13 0.037788365 
870 91 58 62 0.037614014 
881 628 9 12 0.03734053 
1000 522 10 13 0.037062854 
904 509 11 13 0.037021104 
831 478 8 10 0.036989372 
977 575 9 11 0.03696237 
895 500 9 12 0.036875114 
912 571 9 12 0.036233008 
894 573 9 11 0.03607466 
110 500 10 12 0.03584056 
981 576 10 13 0.035792764 
948 575 11 13 0.035701394 
767 536 8 10 0.035543095 
786 549 9 11 0.035480116 
561 187 35 43 0.0353124 
816 567 12 15 0.035128787 
686 162 13 20 0.034933105 
878 582 10 13 0.03483939 
862 562 10 13 0.034803856 
868 519 11 15 0.034633122 
717 164 13 17 0.034587376 
999 469 10 15 0.034487534 
950 558 9 11 0.034420207 
919 606 12 15 0.034390222 
877 573 9 12 0.033888407 
776 536 7 10 0.033798832 
872 547 9 12 0.03334866 
222 601 32 46 0.03326078 
982 485 13 17 0.032792408 
879 623 9 11 0.03251348 
167 509 9 13 0.03247215 
678 401 42 61 0.032408692 
619 607 11 16 0.032249767 
847 118 31 31 0.032186687 
839 516 11 14 0.032095995 
678 122 13 19 0.032008637 
259 660 30 35 0.03174021 
754 560 18 23 0.031610254 
980 583 18 23 0.031577025 
663 573 8 11 0.031490214 
899 483 17 23 0.031397592 
14 478 9 11 0.031338833 
888 494 10 13 0.031307276 
813 589 10 13 0.03128644 
862 540 10 13 0.03097934 
814 613 13 17 0.030940855 
783 636 10 14 0.030912131 
1003 476 13 17 0.030691747 
945 519 12 15 0.030628167 
522 378 45 63 0.030616788 
793 565 11 13 0.030584127 
763 60 15 19 0.030572038 
613 153 48 46 0.030571211 
888 605 9 12 0.030540636 
848 595 9 14 0.030535154 
774 92 13 18 0.030384194 
967 540 9 12 0.030315328 
670 560 9 10 0.03028874 
904 541 8 12 0.030089928 
811 73 13 17 0.030054307 
665 559 9 11 0.03003224 
895 534 9 11 0.029970683 
926 535 8 11 0.02990375 
935 488 8 11 0.029901337 
982 615 9 12 0.029883899 
813 596 12 15 0.029691003 
186 515 11 15 0.029657608 
747 89 16 20 0.029535132 
869 610 12 16 0.029364442 
811 57 23 30 0.029318025 
830 485 8 11 0.02931025 
820 613 12 15 0.029074168 
885 596 10 13 0.029041322 
775 541 8 11 0.02895005 
460 555 68 96 0.028864956 
762 536 7 10 0.028848255 
699 417 26 35 0.028775632 
82 430 16 18 0.0286784 
959 574 9 11 0.028631318 
820 566 17 22 0.028599758 
736 644 8 12 0.028451819 
654 567 8 10 0.028348615 
863 619 9 12 0.028330095 
824 477 8 11 0.028313508 
693 176 17 21 0.028148355 
574 134 44 51 0.028147122 
933 -2 32 33 0.02810456 
565 581 11 12 0.027963161 
944 494 8 10 0.02787377 
858 500 11 15 0.027746968 
950 565 9 12 0.027701262 
848 534 10 13 0.02758032 
888 572 10 12 0.027502459 
877 491 11 15 0.027415464 
886 627 9 12 0.027414702 
599 588 11 14 0.027346687 
682 105 20 28 0.027255319 
764 559 11 13 0.027156733 
629 153 15 21 0.027067985 
629 628 12 15 0.02695767 
758 66 15 19 0.026871664 
637 137 24 29 0.026739795 
7 543 9 12 0.026738219 
698 103 21 28 0.026689338 
886 540 11 15 0.02663883 
961 0 20 17 0.026623435 
621 589 13 16 0.02660168 
736 638 10 13 0.026585013 
889 500 10 12 0.026480852 
641 157 52 49 0.026464542 
629 566 8 11 0.026443627 
935 552 10 11 0.026211284 
805 579 10 14 0.026009236 
725 658 12 15 0.025982857 
943 557 10 12 0.025898155 
732 661 10 12 0.02587342 
608 568 9 11 0.025868407 
665 566 7 10 0.02585331 
991 574 9 11 0.0257958 
783 543 8 10 0.025733056 
590 586 12 14 0.02572939 
864 603 12 16 0.02564015 
608 429 64 77 0.025620531 
782 580 10 12 0.025599102 
606 642 12 15 0.025493251 
774 566 10 12 0.025380297 
903 626 11 14 0.025346454 
960 556 8 11 0.025318718 
852 514 12 15 0.0253115 
950 495 8 10 0.02529116 
61 470 10 14 0.025061041 
51 155 31 34 0.025031647 
891 19 25 30 0.024952589 
813 114 14 19 0.024945706 
157 203 11 13 0.024934176 
599 146 13 15 0.024917902 
756 73 14 18 0.024853786 
746 627 12 14 0.024803545 
203 619 44 55 0.024722854 
958 590 9 11 0.024640324 
829 580 10 12 0.02459817 
876 91 13 18 0.024585398 
894 541 12 14 0.024479337 
766 547 10 13 0.024459882 
960 486 8 11 0.024429033 
640 525 10 12 0.024428118 
847 550 12 17 0.024210257 
807 589 10 14 0.0241347 
847 514 12 15 0.024090273 
760 549 9 12 0.023870144 
693 141 48 55 0.023714444 
967 478 7 9 0.023692489 
557 613 11 18 0.023667105 
55 469 10 14 0.023635719 
656 138 53 55 0.023559103 
824 487 8 10 0.023511412 
975 596 10 13 0.023450382 
254 492 49 72 0.023377685 
671 565 7 10 0.023335127 
770 67 21 29 0.02312489 
897 519 9 12 0.023096353 
719 655 11 15 0.023057718 
927 493 9 11 0.023047484 
863 596 12 16 0.022927046 
274 672 13 17 0.022887025 
678 74 14 17 0.022835033 
984 469 8 11 0.022780672 
781 642 10 14 0.022746736 
832 472 8 10 0.022664076 
158 506 10 13 0.02256342 
839 477 9 12 0.022506857 
982 620 11 14 0.02250369 
919 484 10 12 0.022453576 
942 599 10 11 0.022410832 
644 466 11 14 0.022358725 
1000 598 9 13 0.022319242 
815 550 9 12 0.02227017 
13 565 11 14 0.022237005 
561 586 21 27 0.022149872 
251 646 32 40 0.022140795 
95 518 9 13 0.022069508 
871 492 11 14 0.022066813 
835 77 61 64 0.022007804 
950 501 9 12 0.021892332 
598 137 46 49 0.02183684 
864 486 10 12 0.021807292 
1005 23 17 22 0.021747975 
895 598 11 14 0.021696873 
188 510 12 16 0.021668244 
830 543 12 16 0.021608174 
624 139 27 33 0.021566886 
670 128 13 17 0.02152673 
709 86 22 26 0.021449829 
815 603 11 15 0.02137995 
928 553 8 11 0.021348268 
598 141 22 28 0.021296741 
32 468 11 13 0.021203073 
165 198 11 13 0.021178933 
630 558 9 11 0.021168962 
756 591 12 16 0.02116812 
896 479 10 13 0.02116635 
927 487 9 12 0.021164767 
708 155 14 18 0.02116452 
655 572 9 11 0.02116324 
974 541 9 12 0.021062884 
793 572 10 14 0.021000875 
175 189 10 12 0.020972168 
126 507 10 13 0.020965546 
208 508 10 14 0.02092959 
799 613 9 13 0.02089747 
705 167 27 29 0.020887781 
742 98 14 20 0.020868046 
192 561 13 16 0.020868009 
910 16 25 33 0.020864422 
729 100 16 21 0.020838127 
605 589 11 15 0.020833585 
833 82 101 108 0.02079567 
670 574 9 10 0.020666737 
626 115 15 17 0.020655042 
580 148 24 32 0.020607851 
782 574 10 13 0.020599721 
168 488 9 12 0.020594142 
967 581 10 12 0.020510476 
894 581 10 12 0.02048781 
901 559 17 23 0.020458363 
801 603 9 13 0.02045012 
869 558 10 14 0.020381225 
968 471 8 11 0.020364957 
599 569 10 12 0.020244267 
699 161 14 19 0.020231975 
572 580 10 13 0.020188482 
187 521 12 15 0.020165794 
589 559 10 13 0.020130161 
920 597 10 12 0.020098995 
839 471 9 11 0.020019671 
605 15 35 42 0.020003632 
