18_Concerts_Concerts_18_447
29
244 523 33 39 0.9956611 
356 487 31 41 0.9948566 
211 381 37 46 0.99376655 
120 545 35 41 0.99352163 
904 122 48 52 0.9931479 
346 368 40 50 0.9912341 
71 197 45 51 0.9869833 
400 190 36 40 0.98389465 
88 385 32 42 0.9776405 
243 182 31 34 0.96819323 
645 125 443 525 0.6178329 
494 279 468 562 0.0688922 
463 86 408 504 0.04947683 
196 195 17 19 0.040811036 
81 572 11 15 0.036966365 
81 566 9 13 0.034389835 
82 586 26 33 0.031743422 
396 511 18 20 0.031454477 
85 392 20 26 0.03085737 
254 195 20 25 0.028749911 
84 578 14 19 0.028006643 
281 172 23 31 0.027725732 
925 119 35 43 0.025032792 
234 518 29 39 0.023959013 
656 144 35 36 0.022938458 
103 464 44 51 0.022019958 
402 169 49 55 0.021617724 
32 493 11 15 0.021597743 
16 464 12 16 0.020217435 
