18_Concerts_Concerts_18_38
665
759 389 30 49 0.98763007 
67 415 32 45 0.97625494 
294 534 43 77 0.95843375 
594 300 20 32 0.9358079 
889 333 55 76 0.9178992 
806 277 17 26 0.9077403 
559 345 23 37 0.8827242 
526 265 28 37 0.77392477 
148 324 22 33 0.764624 
642 184 23 30 0.7627545 
405 512 84 112 0.7414679 
876 237 11 13 0.6144395 
363 184 14 17 0.5724706 
537 508 60 82 0.50593436 
283 219 25 36 0.5050454 
98 396 23 31 0.45584917 
861 278 10 14 0.4405913 
823 251 10 12 0.4185836 
455 235 12 17 0.41798058 
895 277 12 15 0.41195658 
733 283 11 15 0.39121538 
218 288 17 21 0.39064273 
528 218 11 15 0.361885 
400 501 56 78 0.3573878 
233 565 66 74 0.34863183 
690 260 9 11 0.33613944 
277 188 17 21 0.28648835 
966 228 10 14 0.25874978 
685 322 13 21 0.24279763 
519 416 26 34 0.23909372 
637 280 15 19 0.23707479 
136 326 26 33 0.23321505 
186 334 15 18 0.21373211 
304 451 48 63 0.2096755 
730 216 8 11 0.20691691 
730 321 13 17 0.20456298 
846 248 8 10 0.20264533 
534 415 26 35 0.19588804 
508 213 11 13 0.19557467 
-1 600 52 96 0.19263631 
457 264 22 27 0.19147483 
772 212 10 13 0.17229888 
1011 226 13 19 0.1717215 
568 197 8 12 0.16084068 
270 546 55 72 0.16061255 
768 284 11 14 0.15789783 
864 199 7 9 0.15437259 
430 228 12 15 0.15404166 
687 323 23 30 0.14938118 
350 491 30 51 0.14811395 
582 239 12 19 0.14141744 
743 223 9 10 0.13972078 
711 261 9 13 0.13743222 
208 557 62 85 0.1360883 
813 223 8 10 0.13570651 
961 224 9 12 0.13547218 
380 505 46 58 0.13465017 
727 245 11 13 0.13154271 
716 229 9 12 0.12835312 
415 434 39 45 0.12333454 
513 193 9 10 0.12156684 
765 250 15 19 0.11531149 
769 207 9 12 0.11517707 
565 354 30 44 0.11424464 
307 204 14 18 0.111992665 
768 277 11 14 0.111211725 
668 237 10 13 0.10965372 
115 451 96 150 0.10939538 
766 290 13 16 0.10828802 
556 347 16 26 0.10606492 
510 524 70 92 0.10582804 
683 368 12 18 0.105664924 
889 189 7 9 0.10556705 
813 231 9 12 0.10549172 
651 181 13 18 0.10498024 
679 272 13 17 0.10408155 
364 297 17 21 0.10359048 
530 227 14 17 0.10356016 
950 180 8 11 0.103433244 
942 224 8 11 0.10319951 
857 197 8 10 0.1001965 
801 189 8 11 0.09389971 
5 395 19 29 0.0934999 
741 292 11 15 0.093080066 
788 269 9 15 0.09247901 
950 176 7 10 0.091916695 
549 224 14 20 0.091854185 
625 362 22 34 0.09102079 
512 426 28 38 0.08936608 
1004 357 15 24 0.08863184 
451 213 12 15 0.08860817 
451 508 90 121 0.08746957 
689 190 8 11 0.0868824 
298 205 23 29 0.08423534 
719 247 9 11 0.08393208 
351 274 14 19 0.08391915 
191 376 27 39 0.082206436 
728 240 10 11 0.0817776 
584 235 20 29 0.08143792 
897 282 13 17 0.08068788 
573 197 10 14 0.08056816 
711 253 10 12 0.0799601 
556 221 11 15 0.07964917 
861 270 10 15 0.07963831 
704 190 7 9 0.07800751 
27 400 25 31 0.0777236 
797 235 10 12 0.07747429 
918 260 10 13 0.07746828 
829 246 9 11 0.07741787 
910 260 10 13 0.077377394 
124 322 22 35 0.076733276 
973 208 11 13 0.07618538 
683 269 12 15 0.07585346 
486 174 8 10 0.07579606 
943 192 9 11 0.07570902 
744 245 9 12 0.075698525 
983 167 8 11 0.07562944 
328 457 45 64 0.07338854 
927 256 8 10 0.073102996 
745 227 10 12 0.07265835 
484 306 13 17 0.071343966 
688 184 8 11 0.07104366 
719 224 8 10 0.0696217 
841 251 8 12 0.069497325 
944 277 12 15 0.0688245 
445 237 12 15 0.06868931 
125 369 15 20 0.068381794 
324 270 15 23 0.06765426 
333 269 13 18 0.06727875 
117 392 14 20 0.067195304 
905 259 10 14 0.06716126 
717 252 10 12 0.06594853 
871 198 7 8 0.06536191 
986 268 16 20 0.065130115 
577 168 7 9 0.06479841 
714 175 8 9 0.06448541 
823 190 7 10 0.064249314 
963 277 48 53 0.06386393 
508 408 29 38 0.063435785 
75 380 12 15 0.06335516 
638 187 17 23 0.06305246 
722 325 21 30 0.063006885 
430 196 12 15 0.062643364 
801 185 8 9 0.062038977 
888 186 7 9 0.061890617 
719 175 7 10 0.06164782 
549 408 23 41 0.060871948 
459 241 11 14 0.060796782 
871 194 7 8 0.06078024 
735 220 9 10 0.060141798 
542 226 14 19 0.058883224 
687 244 9 12 0.058733784 
919 256 8 11 0.058558606 
808 231 10 13 0.058412928 
847 200 7 9 0.058370586 
712 191 7 9 0.058149423 
296 226 17 23 0.05779039 
453 197 10 12 0.057638537 
496 343 40 48 0.05755341 
424 230 12 14 0.05752933 
960 181 8 10 0.05720212 
847 206 7 9 0.057174932 
693 239 10 12 0.057174694 
340 267 13 17 0.05663431 
878 250 11 15 0.055865508 
0 378 19 34 0.05512766 
946 181 8 10 0.055109728 
359 501 42 56 0.054970175 
478 281 11 17 0.05456412 
832 239 7 9 0.053742263 
887 293 11 14 0.053188317 
1008 219 14 19 0.053013425 
840 217 7 9 0.05279039 
1000 156 10 12 0.05248084 
878 276 10 13 0.05225252 
793 237 10 13 0.052215938 
926 222 10 13 0.052148394 
904 223 9 11 0.05171096 
695 190 7 11 0.051414162 
782 322 12 17 0.051063556 
110 358 10 13 0.051054005 
785 275 9 13 0.050866965 
897 184 7 10 0.050819315 
971 234 11 15 0.050734267 
716 261 10 12 0.050555635 
568 253 11 14 0.050536186 
787 331 14 17 0.05039999 
165 506 95 134 0.050356083 
557 215 9 13 0.049956124 
855 193 7 9 0.049682368 
69 199 11 14 0.049591783 
834 320 14 20 0.049412116 
575 174 8 10 0.049078904 
902 245 8 11 0.04894739 
528 206 9 12 0.048521884 
636 364 22 31 0.04850589 
912 191 8 10 0.048405185 
990 281 33 44 0.048203133 
934 167 8 10 0.047913313 
669 289 12 15 0.047713313 
772 363 16 18 0.04754347 
936 227 10 13 0.047541063 
864 206 8 9 0.047527958 
894 189 7 9 0.04747455 
190 451 47 69 0.04718419 
601 297 23 32 0.046791825 
873 244 9 12 0.046465624 
284 457 43 57 0.046237785 
856 221 8 10 0.045638587 
841 200 8 10 0.045472056 
505 205 11 14 0.04508482 
903 254 10 13 0.04498799 
742 216 9 11 0.044944517 
806 190 8 11 0.04486128 
888 278 24 33 0.04437033 
748 236 11 14 0.044209216 
634 373 14 22 0.04415539 
843 277 12 16 0.044126477 
863 215 9 11 0.04407055 
195 337 13 18 0.043882154 
528 233 13 17 0.043799452 
693 285 10 13 0.043222085 
590 247 14 22 0.04300111 
735 209 8 10 0.042998288 
686 282 12 15 0.042949613 
459 364 12 15 0.042851537 
121 375 22 29 0.04272678 
375 636 45 63 0.042560127 
20 403 16 23 0.042383388 
650 178 22 29 0.042058386 
630 193 13 19 0.04202814 
793 176 7 9 0.041875314 
713 248 9 10 0.041707296 
381 165 12 15 0.0416179 
817 190 8 10 0.04141457 
902 184 8 10 0.04118546 
704 261 10 14 0.04117344 
863 220 9 11 0.04092861 
966 181 7 10 0.040834136 
13 229 10 13 0.040741425 
815 206 7 11 0.04056828 
870 269 11 13 0.04041018 
815 199 7 9 0.040398978 
458 230 13 18 0.04015567 
188 325 13 16 0.040125262 
814 214 9 11 0.039814655 
865 194 7 9 0.039590985 
983 159 8 10 0.039495364 
353 276 23 28 0.03943709 
911 215 8 10 0.039346326 
51 398 18 22 0.039322287 
485 292 14 18 0.039207544 
581 196 11 15 0.039071757 
814 261 10 14 0.039036553 
413 494 33 55 0.038998645 
82 410 29 39 0.038944237 
985 182 8 11 0.038717177 
984 172 9 12 0.038690343 
768 176 7 9 0.03858216 
796 251 11 16 0.03850863 
3 347 14 20 0.03839761 
728 278 12 16 0.03835996 
230 253 14 19 0.038352456 
863 263 10 14 0.03830301 
883 305 48 73 0.038270913 
868 305 11 17 0.038082134 
882 191 7 9 0.037938762 
972 198 10 11 0.037858907 
967 167 8 9 0.03781112 
823 213 7 10 0.037727106 
857 273 18 24 0.03765095 
437 222 12 15 0.037552696 
969 196 9 10 0.037472375 
969 212 10 13 0.037396498 
269 194 15 19 0.03730479 
968 192 8 10 0.03718104 
848 232 7 9 0.037097186 
576 365 19 26 0.03701051 
36 383 41 50 0.036899313 
331 232 13 17 0.036833063 
775 177 7 8 0.036698937 
982 272 29 35 0.0363846 
832 223 7 9 0.03636287 
783 190 8 10 0.036269706 
760 205 8 10 0.036208373 
737 285 13 17 0.03612882 
516 197 9 11 0.036122832 
818 253 11 13 0.036014482 
678 198 8 10 0.035898846 
734 271 11 13 0.035789132 
768 183 7 9 0.035757482 
630 267 25 30 0.035665356 
526 211 19 24 0.03562497 
727 175 7 9 0.035620734 
622 196 12 16 0.035571646 
450 192 9 12 0.035475433 
977 174 8 10 0.035345573 
244 232 14 19 0.035165764 
454 205 12 14 0.035051376 
743 252 10 12 0.035001915 
504 217 13 16 0.034944244 
990 175 8 10 0.0348535 
880 198 7 9 0.034760248 
880 208 7 9 0.034645956 
772 219 11 13 0.034580268 
614 151 9 12 0.03449881 
727 289 13 16 0.034401 
517 214 11 14 0.034306046 
712 236 9 11 0.03395668 
695 197 9 10 0.03387103 
864 239 9 12 0.033828523 
848 239 7 10 0.03381395 
805 183 8 10 0.033780236 
418 532 35 54 0.033648152 
123 456 58 91 0.033571243 
896 239 10 13 0.033357758 
846 270 10 12 0.033157546 
766 199 8 10 0.033151858 
581 165 9 11 0.033052158 
686 343 13 20 0.03300838 
476 295 21 27 0.032971773 
629 347 26 38 0.03282248 
905 25 47 71 0.03277528 
719 191 7 9 0.03248825 
792 245 11 15 0.032464404 
848 215 7 9 0.03240818 
438 242 15 18 0.03229817 
850 190 7 10 0.032255962 
727 261 10 13 0.03212388 
671 196 10 13 0.03210102 
530 464 95 121 0.031967428 
927 245 9 12 0.031950835 
324 181 12 15 0.031789884 
780 336 15 20 0.031760294 
733 251 10 13 0.031736553 
466 267 23 31 0.031697236 
681 349 21 32 0.031685602 
713 226 10 12 0.031608928 
485 377 12 15 0.03159368 
731 310 11 15 0.031557336 
936 206 9 11 0.031473905 
597 294 15 20 0.031444125 
800 277 15 20 0.0313896 
889 270 9 12 0.03134098 
118 357 10 14 0.031311445 
680 318 12 18 0.031291444 
758 400 19 32 0.031277023 
949 191 9 10 0.031270973 
613 194 12 16 0.03124687 
356 158 10 13 0.031207496 
670 189 10 12 0.031073436 
888 338 34 48 0.031068468 
680 244 10 13 0.031011557 
102 464 47 68 0.03098396 
938 197 8 12 0.030933835 
439 368 11 15 0.030917289 
664 168 8 10 0.030744562 
462 372 13 17 0.030661413 
105 480 53 95 0.030589458 
870 206 8 10 0.030549595 
897 175 8 9 0.030470412 
765 269 14 17 0.030450176 
181 294 12 13 0.030413441 
374 149 9 12 0.030396946 
242 227 22 32 0.030367654 
532 207 10 13 0.030348502 
325 174 10 13 0.030326005 
102 343 10 14 0.030288761 
443 226 21 25 0.030133173 
770 246 16 18 0.030119868 
344 143 8 10 0.030106205 
984 188 8 11 0.030093905 
848 222 8 9 0.03003615 
526 518 96 132 0.029962284 
115 368 37 50 0.029913513 
429 157 9 12 0.029819569 
974 192 9 10 0.029816335 
700 293 11 13 0.029804017 
398 199 11 13 0.029799452 
790 261 10 15 0.029766392 
832 190 7 9 0.02971469 
1003 203 16 19 0.029705126 
447 217 13 15 0.029469557 
231 243 21 34 0.029392425 
438 204 11 14 0.029132426 
220 476 31 39 0.02912141 
468 374 14 16 0.02895135 
621 366 16 24 0.028915292 
685 359 23 31 0.028849272 
950 196 9 11 0.02877923 
343 148 8 11 0.02875277 
728 190 7 9 0.028693732 
358 217 14 18 0.028631916 
695 292 11 14 0.028615579 
132 478 14 21 0.028505739 
924 259 10 12 0.0284519 
376 163 11 15 0.028429301 
762 387 19 26 0.028427536 
590 188 12 16 0.028425507 
702 267 11 13 0.02837568 
189 294 11 14 0.028247643 
347 227 13 19 0.028205514 
762 175 7 9 0.02811738 
968 176 7 10 0.028002912 
926 236 10 14 0.027995283 
677 290 11 15 0.027990544 
728 268 10 13 0.027947556 
43 394 17 20 0.027765824 
115 444 42 64 0.027740879 
838 281 13 17 0.0276779 
477 377 14 17 0.027673444 
338 270 21 24 0.027637959 
36 407 25 33 0.027595632 
341 252 12 15 0.027569426 
681 192 7 10 0.027558861 
664 277 10 13 0.027530098 
8 225 8 11 0.02751212 
148 268 11 14 0.02746399 
968 269 31 40 0.02743275 
505 199 9 12 0.027423402 
696 723 14 20 0.027393088 
735 715 10 13 0.027208159 
538 261 16 19 0.0271358 
177 422 51 78 0.027135741 
952 168 7 10 0.02706055 
904 189 9 10 0.026933901 
351 150 9 12 0.026921714 
52 391 44 54 0.026838755 
585 534 51 69 0.026795462 
334 159 9 10 0.02675429 
689 175 8 10 0.02673601 
594 252 16 23 0.026692336 
807 272 12 17 0.026656602 
212 477 51 66 0.026646446 
496 381 42 54 0.026636219 
751 331 10 14 0.026625853 
663 172 9 12 0.026616218 
518 266 15 20 0.026596237 
772 300 14 17 0.026450397 
395 245 13 16 0.026272347 
712 183 8 9 0.026259145 
382 221 12 17 0.026249824 
856 216 8 10 0.026232786 
880 213 10 11 0.026105043 
45 389 13 15 0.026081175 
728 170 7 8 0.026081162 
881 184 8 9 0.026066998 
664 284 13 16 0.026041606 
558 395 25 39 0.025898786 
340 259 16 19 0.025848517 
281 182 15 18 0.025841376 
410 445 51 70 0.0258024 
720 182 7 9 0.02578651 
383 148 8 11 0.025773283 
736 169 7 8 0.025766866 
493 219 11 15 0.02575357 
694 266 11 15 0.02569513 
436 197 11 15 0.025690526 
576 353 38 49 0.025627002 
737 174 7 9 0.025626108 
100 385 35 50 0.02562389 
317 150 10 12 0.025608912 
706 255 9 11 0.025534336 
572 256 12 16 0.025518665 
719 322 12 19 0.025499284 
617 372 27 34 0.025492303 
530 240 16 18 0.025486695 
855 238 9 11 0.025454333 
161 222 8 11 0.025434587 
503 312 26 34 0.025374271 
695 173 8 11 0.025277294 
940 270 23 28 0.02522604 
582 204 9 12 0.02518573 
960 160 9 10 0.02516192 
930 165 9 11 0.025150942 
717 278 13 16 0.025085932 
766 204 20 24 0.025020553 
911 197 8 11 0.02495331 
882 237 11 13 0.024887882 
873 233 18 22 0.024862677 
369 150 9 11 0.024827253 
671 276 12 15 0.024623277 
116 651 15 20 0.024590168 
864 177 7 9 0.024581693 
766 189 8 11 0.02454944 
736 230 9 11 0.02454819 
431 150 9 12 0.024516584 
887 208 8 9 0.024483098 
319 504 46 76 0.024451219 
760 197 8 12 0.024420204 
961 164 8 10 0.024406966 
350 144 8 10 0.024308454 
134 228 9 11 0.024294605 
888 198 7 9 0.02428911 
46 403 26 33 0.024272392 
92 404 20 27 0.024243759 
333 166 9 12 0.024155442 
598 180 11 14 0.02414739 
616 303 17 22 0.024144514 
547 213 21 28 0.024116227 
475 235 16 18 0.02410797 
678 281 14 17 0.024081804 
775 182 7 9 0.024070695 
446 266 13 18 0.024047095 
874 231 11 14 0.024038179 
543 159 10 12 0.023999736 
460 220 11 14 0.023965275 
-4 366 36 52 0.023965262 
810 206 9 11 0.023949279 
728 670 9 11 0.023946315 
337 151 8 10 0.023935795 
185 336 24 27 0.023933936 
196 324 12 14 0.023901563 
519 262 25 32 0.023887265 
852 302 12 17 0.023813078 
348 462 49 65 0.023744604 
467 377 26 31 0.023741018 
165 223 9 11 0.023704408 
730 275 18 25 0.023701051 
678 357 13 19 0.023686768 
483 285 13 18 0.023679063 
340 288 13 18 0.02367447 
747 294 11 13 0.023638211 
892 288 14 18 0.02362698 
956 278 29 42 0.023625841 
493 415 42 54 0.02358205 
58 397 15 17 0.023576764 
705 185 8 10 0.023522524 
150 449 61 91 0.0234738 
558 207 9 11 0.02345251 
370 292 15 22 0.023437362 
409 544 31 37 0.023351504 
161 240 9 11 0.023302296 
948 261 11 13 0.023285367 
742 208 9 11 0.023226487 
719 237 9 11 0.023207828 
733 261 10 13 0.023136366 
375 132 8 11 0.023121493 
486 327 39 49 0.023100747 
442 276 13 18 0.023082659 
821 257 12 15 0.023078328 
840 190 7 9 0.023008965 
520 218 11 15 0.022984792 
646 357 23 31 0.022940597 
958 207 10 11 0.022870325 
259 211 14 17 0.022869188 
1011 212 13 19 0.02284141 
1006 174 9 11 0.02281656 
568 203 9 12 0.022797754 
7 300 10 12 0.022794917 
900 269 11 13 0.022742225 
465 390 43 55 0.022718186 
777 356 16 19 0.02271445 
334 484 32 47 0.022704877 
911 167 9 11 0.022698345 
501 396 12 17 0.02264433 
143 214 9 11 0.02255242 
242 419 13 18 0.02253159 
85 187 12 15 0.02250857 
389 220 10 15 0.02250557 
742 176 7 9 0.022487924 
887 221 9 12 0.022451816 
369 181 13 16 0.022437047 
977 151 7 10 0.022413917 
565 392 15 22 0.02235883 
144 379 42 55 0.02231709 
518 214 19 24 0.022303516 
664 232 10 14 0.022297457 
935 215 10 14 0.022286896 
761 257 12 16 0.022244565 
871 252 11 14 0.022233237 
856 206 8 9 0.022200366 
517 441 15 20 0.022176348 
960 218 19 24 0.022169176 
588 194 13 17 0.02211831 
822 185 8 9 0.022066552 
610 353 27 36 0.022057995 
163 430 80 123 0.022033647 
712 284 11 14 0.022024237 
797 259 11 13 0.021981617 
102 372 11 14 0.021954905 
224 283 24 30 0.021925766 
310 271 15 19 0.021907931 
425 219 21 26 0.021895222 
677 331 23 32 0.021895181 
711 334 25 32 0.021886677 
224 338 18 20 0.021876462 
86 375 11 13 0.021864995 
494 183 9 12 0.021855474 
495 213 11 15 0.021837305 
718 199 9 11 0.021805482 
261 194 14 19 0.02180211 
867 275 12 15 0.021746583 
327 270 23 30 0.021718988 
869 214 9 11 0.02171522 
590 229 23 33 0.021714775 
854 246 8 11 0.021699907 
86 268 10 13 0.021598937 
782 261 13 16 0.021598065 
1 279 9 11 0.021564376 
159 328 16 24 0.021472406 
980 206 10 14 0.021466637 
776 190 9 10 0.021455651 
478 289 13 19 0.021446534 
109 379 13 18 0.021441137 
888 275 11 13 0.02138845 
672 159 7 9 0.02136672 
261 164 12 15 0.021349706 
896 251 11 14 0.021329245 
205 291 23 28 0.021303233 
583 214 9 13 0.021290043 
878 283 11 14 0.02121033 
317 276 16 22 0.021203864 
161 217 8 10 0.021076249 
538 342 30 38 0.021066692 
911 206 9 11 0.021032304 
348 254 11 14 0.020997286 
910 247 8 11 0.02099725 
52 389 15 16 0.020960296 
783 284 10 15 0.020945903 
960 198 8 10 0.020935986 
54 381 11 13 0.02090551 
284 211 14 18 0.02088776 
917 190 9 11 0.02087944 
104 365 11 14 0.020845605 
184 318 11 13 0.02072519 
95 374 10 12 0.020716334 
565 377 27 39 0.020682601 
328 166 10 12 0.020643856 
164 245 10 11 0.020591471 
942 216 10 12 0.02058436 
856 176 7 9 0.020552563 
824 222 8 10 0.020536639 
419 477 56 85 0.020521868 
38 374 11 14 0.020492809 
507 224 14 17 0.02047934 
348 261 13 16 0.020463374 
920 216 9 11 0.020443933 
960 190 8 10 0.02044224 
669 354 23 31 0.020428592 
448 269 24 32 0.020399604 
92 479 28 33 0.020397391 
381 250 12 17 0.02033923 
399 157 9 11 0.020312969 
784 175 7 9 0.020311097 
903 206 9 10 0.020299364 
799 207 8 10 0.020297576 
767 228 11 13 0.020282056 
920 205 9 11 0.020250453 
183 403 83 111 0.02024031 
728 208 9 11 0.02023445 
425 274 17 20 0.020217944 
681 328 12 17 0.020198125 
976 181 9 11 0.020189304 
671 242 10 13 0.020185983 
837 242 19 23 0.020154355 
933 244 10 13 0.020143531 
415 140 10 13 0.020125797 
221 331 16 19 0.020120056 
360 193 13 15 0.020104364 
901 362 94 110 0.020086166 
128 374 39 54 0.020060996 
660 188 11 16 0.020036945 
920 228 10 12 0.020016043 
916 292 13 16 0.020014925 
