18_Concerts_Concerts_18_536
37
500 307 31 38 0.8972406 
530 354 17 21 0.0869806 
432 357 24 29 0.086259246 
662 230 230 234 0.054291453 
263 463 9 10 0.051220234 
430 354 17 22 0.047527947 
703 446 12 14 0.044157874 
205 470 10 11 0.042572547 
278 460 10 13 0.038576208 
263 468 9 11 0.03837076 
695 452 10 14 0.0376231 
279 446 9 10 0.036210813 
254 438 10 11 0.034337737 
173 311 42 54 0.034039084 
239 462 10 12 0.029034123 
548 356 13 17 0.027777499 
209 446 9 12 0.027536452 
604 154 344 417 0.025857076 
216 433 8 9 0.025706235 
214 436 9 11 0.025644673 
190 404 10 13 0.025516123 
750 673 61 74 0.024810148 
240 468 10 11 0.024781343 
273 462 9 12 0.024192696 
435 349 17 20 0.024079435 
262 454 9 11 0.02397813 
558 372 12 15 0.022818187 
209 439 8 10 0.022678943 
246 469 11 12 0.021248361 
214 463 9 10 0.021200242 
994 0 24 33 0.020976076 
686 461 12 13 0.02087382 
208 431 7 9 0.020593235 
311 438 9 12 0.020351838 
199 424 8 9 0.02010716 
289 378 14 18 0.020061294 
247 453 10 13 0.02005629 
