18_Concerts_Concerts_18_252
19
494 193 128 171 0.9965649 
206 719 232 191 0.6953953 
512 167 179 250 0.2006203 
609 308 360 422 0.1723727 
515 264 329 380 0.15348096 
423 491 418 500 0.11890298 
310 717 123 123 0.090620615 
784 415 192 306 0.08360164 
554 219 197 290 0.071302235 
432 1241 22 30 0.06976982 
513 434 289 327 0.05238347 
42 1015 510 569 0.051563457 
-2 377 443 561 0.032955278 
548 771 487 623 0.03155391 
128 742 263 257 0.030151848 
194 635 460 577 0.029667899 
500 272 13 17 0.028925978 
666 349 210 240 0.027465723 
525 1041 430 535 0.020343177 
