18_Concerts_Concerts_18_784
20
276 239 347 461 0.9982115 
312 46 383 459 0.23935074 
279 148 68 83 0.17512967 
38 635 477 485 0.1735757 
912 252 44 62 0.17111807 
350 37 244 280 0.093731344 
-2 821 411 482 0.062270306 
995 370 27 50 0.049402803 
379 1022 214 261 0.039321087 
113 279 334 429 0.03799666 
759 551 209 277 0.036151364 
977 289 48 81 0.03197178 
514 900 426 434 0.027924096 
982 352 43 87 0.027743341 
309 121 66 86 0.026949842 
607 1005 277 250 0.02392241 
793 298 210 188 0.0234269 
454 61 116 121 0.02182054 
900 233 80 103 0.0215211 
944 265 91 116 0.02123187 
