18_Concerts_Concerts_18_151
1441
203 90 15 21 0.9930773 
853 62 16 22 0.98638934 
997 326 21 28 0.9741994 
753 259 20 26 0.9531382 
35 79 14 19 0.947197 
504 137 19 23 0.93721193 
121 331 20 24 0.9361083 
870 256 20 27 0.92431235 
332 262 17 24 0.9139125 
954 149 16 19 0.9129177 
304 397 18 25 0.9123438 
101 104 17 21 0.91124094 
782 145 18 23 0.9083024 
720 59 17 21 0.895531 
474 202 17 24 0.8917492 
872 147 18 24 0.8886557 
980 272 17 23 0.8876707 
897 202 19 25 0.88039273 
590 324 19 26 0.8737971 
472 259 16 20 0.85635495 
131 89 14 20 0.8474627 
727 317 21 29 0.84091836 
739 412 23 28 0.8238203 
464 68 16 21 0.8139473 
208 265 20 25 0.8047042 
561 199 17 22 0.78830826 
671 256 17 23 0.77886266 
1009 202 14 20 0.75518197 
363 335 17 22 0.74813974 
710 436 21 29 0.74642324 
498 336 18 26 0.7409978 
695 144 17 21 0.73423135 
785 201 15 20 0.72064704 
867 410 21 28 0.7202208 
399 150 16 22 0.71486837 
63 75 15 18 0.7103306 
986 60 16 20 0.6995571 
105 55 14 19 0.6737059 
678 209 14 19 0.6629358 
851 327 18 24 0.65566593 
149 396 22 25 0.6464821 
6 345 22 31 0.64070445 
470 312 21 27 0.6330824 
582 267 16 20 0.6242701 
340 206 13 16 0.5820446 
344 80 15 18 0.5650264 
8 112 11 14 0.56227803 
72 99 12 15 0.54448354 
771 176 15 20 0.4793592 
359 267 14 18 0.47489893 
886 68 10 13 0.47199368 
446 277 15 19 0.44929287 
589 144 15 20 0.44853842 
97 428 19 26 0.41717133 
887 439 15 22 0.38699666 
112 424 21 25 0.36945665 
88 283 17 21 0.36424756 
606 172 12 14 0.35135925 
15 79 10 13 0.3381361 
847 366 13 19 0.33734378 
786 299 14 17 0.33317336 
589 598 11 13 0.3304455 
517 236 13 17 0.32802066 
181 627 15 20 0.32586625 
50 187 17 20 0.32076097 
477 146 12 15 0.31516823 
308 600 12 16 0.30615526 
0 166 17 22 0.3032629 
558 133 12 15 0.29999843 
737 93 12 15 0.29997167 
621 314 14 17 0.2778676 
187 592 13 16 0.2684198 
109 561 17 19 0.2605285 
51 231 15 18 0.24823561 
106 428 17 22 0.24603787 
448 606 8 11 0.24575372 
662 291 13 18 0.24409918 
325 579 13 16 0.24401058 
423 221 10 13 0.24332543 
948 178 13 16 0.24032247 
205 402 12 16 0.22267382 
825 134 10 14 0.21929908 
123 423 18 22 0.21147893 
992 236 11 15 0.2081427 
868 175 14 18 0.20548424 
182 622 12 15 0.20489942 
787 172 11 15 0.20333153 
594 73 13 16 0.19944653 
563 296 13 16 0.19846085 
995 153 13 17 0.19438736 
185 163 10 15 0.18564838 
585 603 11 14 0.18324079 
293 447 16 19 0.1818348 
982 604 8 11 0.17901698 
271 547 11 14 0.17856385 
0 421 12 18 0.17840272 
47 426 23 27 0.17833537 
214 140 15 20 0.17831028 
229 327 16 20 0.17497696 
277 550 9 12 0.17214681 
432 599 8 11 0.17060634 
629 156 13 16 0.16637236 
464 387 12 17 0.1624741 
484 434 15 18 0.15959215 
836 444 14 17 0.15701336 
116 395 15 18 0.15692542 
429 292 13 17 0.15689498 
357 565 12 15 0.15464224 
304 595 13 17 0.15279242 
1007 69 12 16 0.15258864 
146 362 14 17 0.15123336 
693 174 13 16 0.15048446 
325 587 13 17 0.1483467 
566 566 8 12 0.14652248 
379 620 12 14 0.14636624 
341 429 15 18 0.14464964 
700 175 13 15 0.14425483 
576 517 9 12 0.14262594 
949 615 8 11 0.14139222 
160 628 10 15 0.14089406 
644 283 11 15 0.14076038 
593 592 9 12 0.13820806 
949 622 9 12 0.13789506 
487 332 22 28 0.13736545 
669 285 11 15 0.13703114 
351 484 12 15 0.13701396 
259 586 16 20 0.13543437 
112 591 10 13 0.13421167 
581 375 15 20 0.13359511 
149 378 15 19 0.1322668 
260 433 18 24 0.13100772 
318 330 12 17 0.12953462 
163 474 13 15 0.1285676 
458 592 8 11 0.12774606 
171 315 14 17 0.12473773 
929 151 15 20 0.12259451 
548 345 16 20 0.122140676 
423 233 14 18 0.12044053 
381 534 10 13 0.118718594 
634 221 13 17 0.11861457 
414 607 9 12 0.118577786 
1014 42 10 16 0.11801314 
479 599 7 11 0.1161964 
20 77 11 15 0.1157582 
376 549 9 11 0.114000335 
141 533 14 18 0.11318753 
551 282 11 15 0.11146874 
788 177 12 16 0.111075275 
303 574 10 12 0.11010458 
1000 613 12 14 0.108811796 
827 372 12 15 0.10841798 
635 150 13 16 0.10799486 
977 605 8 12 0.10695961 
449 602 7 9 0.10691905 
284 587 10 13 0.10664867 
245 324 13 17 0.10628898 
127 584 10 13 0.105358586 
147 382 22 28 0.10374698 
601 172 10 13 0.103527054 
103 569 10 13 0.10280838 
927 559 8 11 0.10276409 
168 322 13 17 0.10274211 
335 550 8 11 0.10206945 
147 486 21 29 0.101073034 
699 197 13 17 0.10066982 
413 354 15 17 0.10009694 
376 562 10 14 0.09991511 
150 599 9 12 0.099746585 
329 548 9 12 0.09958757 
470 142 13 17 0.09911869 
339 261 19 28 0.09876923 
917 584 8 11 0.09864306 
275 287 15 18 0.0979609 
676 347 15 21 0.09788504 
416 591 9 11 0.097359635 
700 355 14 19 0.09693095 
188 428 14 15 0.096304454 
730 172 12 16 0.096162125 
646 590 11 13 0.095906846 
947 218 12 16 0.09580109 
363 468 11 15 0.09569946 
303 589 11 14 0.095411256 
614 151 9 12 0.095257655 
405 294 12 15 0.09510046 
994 275 14 18 0.094819 
957 177 12 15 0.09473829 
36 250 12 15 0.09391648 
622 567 9 11 0.09340578 
204 597 9 12 0.09285935 
369 546 9 12 0.09219712 
1004 172 12 16 0.09170797 
612 347 11 15 0.09110386 
624 156 11 15 0.09100059 
146 370 15 20 0.09034381 
953 590 8 10 0.09013256 
21 428 14 17 0.089937225 
671 208 14 19 0.08969161 
301 580 10 12 0.08912314 
992 599 9 12 0.0888088 
525 162 12 15 0.08845805 
15 559 11 15 0.088197485 
932 140 14 18 0.0879281 
968 608 8 10 0.087848306 
613 605 10 13 0.08778154 
375 628 11 15 0.0877362 
455 596 9 11 0.0876798 
295 559 9 12 0.087666035 
117 245 24 29 0.08724659 
629 587 10 12 0.08699358 
407 606 11 13 0.08648254 
358 163 11 14 0.086426966 
453 272 20 25 0.086281985 
374 588 11 15 0.08595026 
269 543 10 13 0.08590592 
194 330 12 17 0.0858101 
305 551 8 11 0.085300624 
547 314 17 22 0.085067734 
77 114 11 15 0.084992446 
134 582 12 15 0.08462358 
406 588 10 12 0.084541164 
559 582 8 10 0.08451605 
224 290 12 16 0.084193215 
941 575 12 15 0.083390206 
307 147 11 14 0.08313574 
523 220 14 16 0.08245098 
200 551 9 12 0.08240675 
353 318 21 30 0.08230291 
803 290 17 20 0.082278125 
861 178 14 18 0.08114529 
974 384 14 19 0.08106575 
136 537 10 14 0.080995165 
387 337 14 18 0.08093375 
423 614 8 9 0.08036155 
46 603 11 14 0.080288604 
19 94 11 15 0.07989585 
916 133 12 16 0.07967691 
934 597 10 12 0.0795798 
36 386 15 17 0.07908615 
992 575 8 11 0.07849687 
366 204 9 14 0.07844908 
250 637 22 27 0.078313984 
353 313 16 23 0.077920005 
308 573 9 12 0.07751235 
433 605 7 9 0.07749958 
107 300 11 15 0.077352725 
56 590 9 12 0.0773164 
343 173 8 11 0.077261485 
522 235 15 18 0.076921746 
556 596 11 13 0.076629095 
734 235 13 16 0.076555215 
995 161 14 18 0.07635696 
19 371 14 16 0.07604796 
462 596 8 11 0.075980596 
187 621 12 15 0.075627334 
424 253 10 13 0.07549994 
625 162 11 15 0.0752101 
0 324 11 17 0.07514269 
606 150 11 13 0.075040504 
678 198 11 14 0.075030364 
865 164 21 27 0.074804746 
384 468 11 15 0.07468745 
473 600 8 10 0.074520335 
534 591 9 11 0.07431196 
132 636 10 15 0.07421263 
974 584 10 12 0.07406155 
733 163 10 13 0.07381145 
416 597 9 11 0.073580146 
837 65 12 16 0.07353805 
441 606 8 10 0.07346807 
993 539 11 14 0.07333119 
398 547 11 13 0.07236842 
753 415 15 19 0.072289065 
173 653 10 14 0.07211225 
349 624 16 20 0.07175182 
429 348 14 19 0.07158833 
840 590 9 11 0.0712232 
778 176 15 20 0.07060064 
95 534 10 13 0.07034357 
615 582 9 12 0.07016083 
48 237 23 28 0.07002213 
659 355 13 16 0.069876514 
292 534 11 13 0.06970172 
482 147 13 15 0.06957885 
376 523 10 13 0.069517285 
44 379 15 18 0.06941852 
852 319 15 19 0.06934023 
334 188 12 16 0.06921087 
524 141 12 16 0.06865999 
490 75 10 13 0.06844709 
933 566 10 12 0.06832564 
11 307 14 16 0.06768699 
191 614 10 12 0.0674938 
958 590 9 11 0.06722608 
469 662 12 15 0.06680337 
74 106 13 18 0.066753045 
624 586 10 13 0.06671031 
885 571 10 12 0.066600785 
956 565 10 12 0.06653658 
167 557 9 12 0.06633534 
960 607 9 10 0.066170566 
343 557 8 11 0.06596011 
968 613 9 10 0.06585254 
389 221 12 15 0.065661944 
597 555 12 14 0.0656554 
565 238 11 15 0.06565332 
604 123 13 16 0.06562881 
996 597 10 12 0.065589815 
398 587 11 13 0.06521232 
136 297 25 29 0.06496289 
572 384 13 17 0.06485448 
415 346 23 27 0.06481692 
422 592 8 10 0.064711444 
28 427 13 17 0.064535365 
189 419 15 17 0.06418677 
405 313 15 18 0.063824795 
991 591 9 11 0.06360685 
16 589 8 11 0.0633748 
398 533 9 11 0.06320913 
984 582 8 10 0.063150875 
495 624 9 11 0.06314925 
38 549 9 11 0.06308023 
999 592 9 11 0.06297199 
952 549 9 11 0.062908545 
556 257 17 20 0.062293578 
904 140 10 13 0.06204643 
646 583 10 13 0.06202597 
382 564 10 13 0.061969735 
565 573 9 11 0.061854847 
198 591 11 14 0.0618118 
973 628 10 12 0.061789516 
901 583 10 12 0.061483804 
595 152 14 17 0.061260536 
652 349 15 18 0.061240397 
880 566 11 13 0.061034154 
132 643 11 15 0.060980935 
424 595 8 11 0.060830913 
403 221 10 13 0.06062018 
463 433 17 21 0.06009058 
132 630 10 14 0.060041737 
348 309 15 22 0.059988055 
30 566 8 11 0.059964046 
438 590 9 10 0.059786692 
54 551 10 12 0.05975841 
688 598 8 11 0.05953492 
685 219 11 14 0.059477467 
177 581 9 13 0.05927265 
136 97 14 18 0.059272576 
988 273 24 30 0.059099022 
438 279 19 24 0.059091486 
180 579 13 14 0.058948483 
597 164 12 15 0.05867147 
472 612 8 10 0.058182474 
928 597 9 12 0.05812898 
506 322 17 20 0.05809389 
494 596 9 13 0.057921182 
0 431 11 19 0.057875093 
389 205 9 12 0.057848945 
417 328 18 21 0.057784576 
771 134 11 14 0.057525016 
126 629 12 14 0.0575238 
101 588 10 13 0.057452425 
498 119 12 14 0.057414792 
213 421 13 16 0.057361368 
392 326 11 15 0.057132993 
690 228 13 15 0.057050873 
22 563 10 13 0.056745566 
159 598 10 12 0.056703746 
310 567 8 10 0.056668688 
143 490 14 20 0.056597292 
270 566 11 13 0.056548413 
884 347 13 17 0.05653858 
1015 589 8 13 0.056343228 
251 93 12 16 0.056306306 
899 291 15 19 0.0561812 
792 524 26 31 0.05614557 
374 582 10 13 0.05613665 
372 383 23 27 0.055903465 
140 587 10 13 0.05581554 
16 99 12 16 0.055708498 
1013 156 9 15 0.055622485 
221 417 15 22 0.055551838 
967 588 10 13 0.055212934 
507 171 12 17 0.054861877 
919 379 23 27 0.054813955 
631 557 12 14 0.054728616 
608 533 11 13 0.05457691 
854 356 14 20 0.054494895 
615 575 8 11 0.054455634 
303 556 8 12 0.054421864 
910 566 9 11 0.054216918 
264 548 11 14 0.054148104 
549 301 11 14 0.053895764 
666 342 21 27 0.053833734 
589 182 11 15 0.053771768 
254 533 12 15 0.053546615 
487 478 12 16 0.053525034 
57 11 14 19 0.053439014 
636 213 12 15 0.05323888 
309 656 12 18 0.053212885 
278 597 11 15 0.05313712 
828 293 17 18 0.053075228 
566 581 10 12 0.05286442 
552 576 8 11 0.052759305 
11 356 24 30 0.052730188 
164 419 14 17 0.05269144 
405 611 11 13 0.052145895 
990 252 12 16 0.05208821 
44 139 12 16 0.052023448 
544 629 8 10 0.05196028 
985 577 8 10 0.05168133 
684 102 10 14 0.051665276 
439 600 8 10 0.05135056 
274 197 17 21 0.051281232 
429 133 10 15 0.051256068 
942 598 9 11 0.051225193 
1007 27 11 17 0.051184718 
998 606 12 15 0.05118074 
170 504 17 20 0.05098512 
687 548 12 15 0.050887443 
524 297 13 16 0.050872676 
164 598 10 12 0.05087161 
381 519 10 14 0.050635632 
493 314 12 17 0.050445624 
527 637 10 13 0.050257035 
229 413 15 21 0.050184052 
896 155 12 17 0.050166 
86 277 15 19 0.0501606 
101 277 12 16 0.050127946 
760 52 10 14 0.049968798 
310 557 8 12 0.04993445 
116 234 14 15 0.04979832 
101 422 13 19 0.049523935 
687 144 19 24 0.04935497 
989 241 12 15 0.049296442 
606 538 12 14 0.04920259 
917 160 12 17 0.04914935 
153 315 14 19 0.04909819 
599 663 10 13 0.04900868 
2 508 14 20 0.04897418 
333 565 9 11 0.048925072 
901 589 10 12 0.04886857 
116 590 11 14 0.04868097 
533 638 8 12 0.04848072 
518 597 8 10 0.048477016 
996 259 13 15 0.048416104 
940 331 15 18 0.04838121 
972 623 10 12 0.04817165 
205 547 10 13 0.048099075 
519 291 11 15 0.048042513 
544 300 10 14 0.04793773 
991 581 8 10 0.047936857 
541 475 11 13 0.04792985 
137 574 10 13 0.04744667 
423 294 22 28 0.047288056 
976 433 22 30 0.04723235 
327 610 11 14 0.04720817 
304 543 9 12 0.047185604 
951 558 12 14 0.047081262 
348 285 13 18 0.047042098 
741 406 16 22 0.04685573 
374 635 11 16 0.04685386 
471 606 9 11 0.04684525 
599 178 11 15 0.046681847 
280 346 26 29 0.046651542 
647 133 11 13 0.04661307 
231 478 12 17 0.04658665 
53 573 11 13 0.046585657 
363 324 16 21 0.04655644 
624 77 8 11 0.04649242 
574 583 9 12 0.046382964 
340 188 11 15 0.046382047 
50 386 12 14 0.046369698 
465 147 10 13 0.04630228 
836 602 14 16 0.046134256 
427 242 12 16 0.045841932 
703 442 16 20 0.0457084 
365 564 10 14 0.045606446 
347 326 24 31 0.045575984 
90 298 15 22 0.0455231 
229 529 11 15 0.045435812 
654 558 10 13 0.045399316 
296 93 11 14 0.04530079 
476 660 12 15 0.045290913 
13 605 8 11 0.045248747 
903 566 9 11 0.045205824 
521 614 8 11 0.04520277 
416 611 9 11 0.045084972 
206 427 12 16 0.044939958 
380 550 9 11 0.04488417 
631 269 12 15 0.04487565 
904 596 9 12 0.044862285 
582 69 11 14 0.044816785 
859 356 12 15 0.04480912 
859 417 21 31 0.044763755 
856 178 12 17 0.044583905 
554 580 8 10 0.044533823 
935 458 13 19 0.04448277 
616 292 12 15 0.044431716 
742 125 13 19 0.044381402 
799 190 12 16 0.04431113 
557 590 11 13 0.044269253 
260 533 12 14 0.044251345 
460 264 20 24 0.044208154 
553 613 9 12 0.04414107 
374 113 13 16 0.04409629 
582 405 12 16 0.043944377 
288 541 9 11 0.043895554 
318 642 15 17 0.043887306 
45 152 12 16 0.043748107 
38 310 10 13 0.043746788 
935 552 8 10 0.04368482 
575 0 13 13 0.043662637 
239 559 9 11 0.043652747 
156 404 23 27 0.043583695 
416 584 8 10 0.04356953 
45 345 12 16 0.043547217 
159 552 9 11 0.043528765 
328 566 10 11 0.043490008 
997 574 9 11 0.043453574 
318 594 12 16 0.04344681 
270 660 12 16 0.043429997 
293 627 12 17 0.043339655 
372 407 14 18 0.04333574 
711 310 23 28 0.04332989 
848 566 10 13 0.043326847 
1008 630 10 13 0.043285076 
413 638 13 18 0.04326958 
344 168 8 10 0.043232508 
309 628 11 15 0.043214012 
82 330 18 21 0.04307853 
527 662 11 13 0.042937215 
0 308 9 14 0.04293226 
957 598 9 11 0.042928927 
725 573 9 11 0.042873587 
216 557 10 12 0.04274805 
31 543 10 12 0.04265014 
526 608 8 10 0.04261198 
590 62 13 16 0.042583995 
322 417 14 17 0.042534832 
855 432 13 20 0.042424355 
456 514 13 17 0.04234218 
430 614 8 9 0.042258 
166 654 13 14 0.04216647 
946 627 8 12 0.042095255 
365 83 10 13 0.042084552 
572 470 11 15 0.0420573 
296 574 10 13 0.042039692 
302 628 10 14 0.042028535 
181 557 13 14 0.041977134 
400 612 11 13 0.04196267 
1009 590 9 12 0.041868694 
489 598 8 12 0.041845683 
25 506 16 24 0.04172821 
219 619 15 20 0.04168497 
960 613 8 10 0.041650634 
22 550 9 11 0.04158939 
567 556 10 14 0.041522425 
279 545 9 11 0.041453585 
252 566 10 13 0.04140288 
530 236 13 17 0.04135996 
368 596 9 12 0.041250788 
368 398 23 30 0.041237254 
248 540 10 13 0.041224636 
860 219 16 20 0.041221235 
234 660 15 18 0.041172422 
665 86 9 12 0.041134626 
252 75 12 15 0.04111674 
997 566 10 13 0.04104289 
646 348 14 17 0.040950358 
86 371 11 14 0.040942334 
677 151 12 16 0.040896706 
343 551 9 12 0.04069338 
912 583 10 12 0.04068052 
99 154 13 15 0.04055016 
15 433 14 19 0.04054751 
953 597 8 10 0.04051811 
696 127 11 13 0.04048456 
212 658 15 17 0.040470373 
536 629 7 11 0.040444817 
13 253 12 15 0.04042028 
725 115 10 14 0.04041667 
725 149 10 13 0.040402904 
373 329 22 28 0.04028185 
235 394 14 19 0.04026086 
950 583 8 11 0.04025581 
495 323 23 30 0.04020021 
336 557 10 11 0.040177383 
976 268 14 21 0.04012447 
716 602 12 16 0.04008063 
999 168 13 17 0.040064465 
396 347 14 18 0.040056948 
630 575 8 11 0.039933227 
87 433 16 20 0.03988206 
275 449 13 17 0.039804578 
398 517 10 13 0.039803423 
673 245 15 18 0.039767668 
198 371 16 19 0.03974123 
662 418 13 15 0.0397058 
249 346 11 17 0.03963889 
518 310 12 15 0.03958217 
624 573 8 10 0.039556894 
382 475 12 17 0.03947949 
979 660 14 15 0.03947185 
348 338 13 17 0.039353553 
360 548 9 11 0.039139003 
654 77 8 10 0.0391372 
621 299 13 16 0.039125573 
339 196 13 18 0.039110728 
433 591 9 12 0.039008643 
576 588 9 11 0.03892288 
351 551 9 11 0.038868904 
428 260 10 13 0.038813945 
206 541 12 14 0.038813535 
315 360 16 24 0.038708206 
353 164 10 12 0.038662575 
252 573 12 16 0.03864486 
997 233 12 16 0.03859189 
972 636 10 13 0.038561188 
887 597 9 13 0.03855168 
621 152 11 13 0.03855072 
555 341 14 17 0.0385263 
401 345 21 25 0.038427904 
858 333 15 20 0.038366716 
514 323 14 19 0.038358234 
574 605 11 14 0.038274202 
921 559 9 11 0.038259864 
183 563 12 14 0.038172722 
354 158 9 12 0.03813279 
798 589 11 14 0.038095206 
356 83 12 15 0.03804343 
703 613 10 15 0.037961572 
344 158 8 10 0.037958775 
375 543 9 12 0.03793952 
101 541 10 12 0.037893973 
597 579 10 13 0.037756156 
779 348 12 15 0.037592936 
695 360 12 17 0.0375926 
387 639 16 21 0.03755736 
397 525 11 13 0.037548024 
475 324 15 19 0.03752332 
885 548 11 14 0.037513472 
222 549 10 13 0.037509643 
503 597 8 11 0.03750491 
39 557 9 11 0.03747374 
92 421 15 19 0.037372798 
787 187 14 18 0.037323 
479 628 9 14 0.037224486 
27 235 13 15 0.037221514 
694 133 12 14 0.03717213 
745 500 25 32 0.03710864 
513 597 8 11 0.037102893 
360 604 10 13 0.037078943 
107 61 15 21 0.037006296 
475 243 13 16 0.036967568 
79 662 14 15 0.036903698 
709 38 10 14 0.036863737 
173 555 11 14 0.0367848 
398 216 12 14 0.036775555 
58 229 14 17 0.036772795 
299 667 13 16 0.036726236 
434 297 13 16 0.03654211 
220 315 24 31 0.03653268 
404 349 12 16 0.0365251 
358 170 12 15 0.03651187 
913 607 9 11 0.036493633 
334 657 11 16 0.0364667 
385 420 15 20 0.036420498 
639 278 11 15 0.036373153 
151 564 9 12 0.036347307 
653 96 9 12 0.036172953 
529 591 8 11 0.03611791 
305 567 10 13 0.036085963 
608 651 11 15 0.03605934 
144 559 8 10 0.03604657 
682 350 14 20 0.035974026 
854 467 13 16 0.035968177 
116 326 18 21 0.03586907 
910 137 11 15 0.03585883 
707 175 11 14 0.035815313 
495 141 12 16 0.035797067 
200 404 21 26 0.035709474 
189 564 10 12 0.035688348 
404 621 11 12 0.035668217 
246 641 16 21 0.035647605 
519 592 8 10 0.035626855 
0 333 35 50 0.03562206 
534 584 10 12 0.035594646 
448 583 8 9 0.035465058 
787 283 16 18 0.0354543 
395 639 15 21 0.035382897 
982 263 12 16 0.035333257 
487 606 8 10 0.035330668 
936 572 10 14 0.035261966 
461 660 13 15 0.035260778 
793 295 19 23 0.035247765 
237 401 15 19 0.035138912 
985 588 8 11 0.03513684 
55 125 14 16 0.035114035 
933 557 9 11 0.035085775 
195 413 13 16 0.035082757 
928 591 9 11 0.035069864 
294 539 10 13 0.035015818 
636 390 12 15 0.035015155 
715 130 12 17 0.035004575 
354 290 15 19 0.034963563 
495 44 10 13 0.034963105 
999 156 20 29 0.034953453 
106 180 18 20 0.03494795 
838 584 9 11 0.034938946 
528 631 9 12 0.034924753 
5 313 14 17 0.03490312 
313 396 14 21 0.034834158 
204 417 21 25 0.034823675 
979 380 15 22 0.034822375 
397 325 11 14 0.034818035 
90 660 14 17 0.034783516 
385 204 9 13 0.03477733 
984 613 8 11 0.034725484 
839 434 21 26 0.0346422 
568 662 11 12 0.034621276 
966 143 12 16 0.03460733 
526 643 10 12 0.034480833 
503 661 12 14 0.034480587 
899 192 16 19 0.034477156 
163 361 16 18 0.034389768 
110 541 12 14 0.03434991 
864 130 13 17 0.034325354 
246 558 9 11 0.03426463 
751 596 9 12 0.034261838 
40 605 10 14 0.034245722 
655 548 12 14 0.03414793 
904 574 9 10 0.03410225 
499 313 16 21 0.03406768 
550 631 8 11 0.034011815 
134 559 11 13 0.033996236 
574 260 14 19 0.03389036 
875 371 15 19 0.03386442 
405 244 12 14 0.033835616 
71 587 11 14 0.033814944 
1006 608 9 12 0.03380573 
9 564 9 12 0.03380316 
373 213 9 12 0.033791147 
362 599 9 12 0.033767093 
972 147 12 15 0.033751596 
677 628 9 13 0.033669207 
455 583 8 10 0.033668924 
45 364 18 20 0.033631273 
134 565 11 12 0.03361695 
153 559 9 11 0.03349396 
190 587 20 24 0.033473853 
695 162 12 14 0.03341964 
919 565 8 11 0.033386406 
110 402 16 20 0.033369217 
224 529 11 14 0.03335062 
661 186 11 14 0.03334078 
585 141 13 17 0.033294067 
168 563 10 14 0.033287834 
231 589 10 13 0.03327388 
480 605 8 10 0.033169255 
76 586 11 14 0.033151828 
427 341 14 17 0.033003785 
12 299 14 18 0.03290693 
617 77 8 11 0.032878924 
804 166 14 18 0.0328495 
381 626 11 15 0.032802667 
99 394 15 19 0.03278808 
974 662 15 17 0.032709558 
550 493 14 15 0.032691993 
1012 514 11 16 0.03264852 
297 550 9 11 0.0326277 
989 377 15 19 0.032608148 
27 371 12 16 0.032532193 
543 321 23 28 0.032524507 
248 565 8 11 0.03251387 
911 365 22 27 0.03250438 
839 369 13 17 0.032462083 
48 551 9 11 0.03243699 
560 622 8 10 0.032426372 
215 550 10 12 0.032399315 
410 323 17 20 0.032351192 
761 341 14 17 0.032316748 
276 564 11 14 0.032281492 
649 100 10 13 0.03227335 
422 582 9 10 0.03224964 
382 572 9 12 0.032237675 
485 330 15 22 0.03220104 
362 316 14 19 0.032185767 
792 525 12 16 0.032067876 
686 75 10 13 0.032041438 
742 117 11 14 0.031985514 
243 402 15 19 0.03197258 
403 338 14 16 0.031969085 
189 580 11 13 0.03194644 
556 604 11 13 0.03194054 
514 135 14 19 0.031913552 
12 94 20 26 0.0319127 
369 496 16 20 0.0319124 
111 233 24 29 0.031889606 
680 550 9 12 0.03183485 
216 565 10 12 0.03178813 
123 579 19 25 0.03175606 
405 329 16 19 0.03173371 
108 410 15 18 0.031727858 
104 603 11 13 0.03153588 
142 307 23 27 0.031522032 
744 189 12 17 0.03151372 
597 201 13 17 0.031448115 
869 142 16 20 0.03139396 
389 495 15 18 0.031373817 
391 532 11 13 0.03135352 
536 623 8 11 0.031307407 
694 32 9 12 0.031297784 
557 331 12 16 0.031296644 
46 250 13 16 0.031231338 
603 163 19 24 0.031229047 
772 138 14 18 0.031213185 
966 271 21 28 0.031163953 
234 410 17 22 0.031101054 
951 608 8 10 0.03106596 
480 614 7 10 0.031056313 
493 72 9 12 0.031055782 
613 647 14 16 0.031028101 
364 262 20 27 0.03102141 
560 576 9 11 0.03100587 
596 564 12 15 0.030968415 
944 184 12 15 0.030947695 
620 235 14 18 0.030887863 
423 621 10 12 0.030883066 
489 29 9 12 0.03088189 
570 290 14 19 0.030868562 
582 591 9 11 0.030868024 
540 328 16 21 0.030857116 
770 612 13 14 0.030839063 
545 598 9 11 0.03075797 
383 641 11 18 0.030751536 
22 591 9 11 0.030743185 
526 613 10 12 0.030722752 
953 171 19 25 0.030690381 
501 623 9 11 0.030674877 
212 332 13 20 0.030661212 
147 536 12 15 0.030650426 
84 566 9 12 0.030599482 
385 226 11 15 0.030586516 
145 596 9 13 0.030544655 
709 610 11 15 0.030490357 
164 621 12 17 0.03046836 
132 303 19 21 0.030427912 
159 557 10 13 0.030367542 
534 643 10 13 0.030363824 
772 126 12 15 0.030359743 
423 608 7 10 0.030338176 
868 184 13 16 0.030325007 
504 615 8 10 0.030298645 
669 176 15 18 0.030278275 
256 557 9 11 0.03027399 
588 404 12 17 0.030264786 
909 574 9 10 0.030180397 
695 257 14 18 0.030162109 
316 602 12 15 0.030155664 
447 610 9 12 0.030132204 
708 559 12 16 0.03010198 
262 554 11 13 0.029980673 
357 474 13 17 0.029979168 
1013 539 10 13 0.029970447 
358 461 12 17 0.029956125 
821 580 10 11 0.029945638 
820 129 18 23 0.029939895 
585 565 10 13 0.029899139 
727 156 10 14 0.029863648 
796 594 11 14 0.02982802 
720 302 35 46 0.029803252 
661 667 12 14 0.029775683 
828 298 23 27 0.029767847 
715 425 23 31 0.029745033 
61 589 10 13 0.0297321 
1005 164 12 17 0.029726999 
51 604 11 13 0.029676495 
381 581 9 12 0.029665114 
627 170 14 17 0.029605163 
395 494 16 20 0.029570295 
938 409 14 19 0.029564545 
838 545 12 16 0.0295228 
1008 566 10 12 0.029479878 
797 349 15 17 0.029430564 
878 587 11 15 0.029416256 
392 526 10 12 0.029395755 
565 356 13 17 0.029303525 
124 359 13 17 0.0293031 
10 340 16 22 0.029255776 
983 52 17 21 0.029230312 
336 314 22 30 0.029194938 
878 604 9 13 0.029180344 
789 202 20 26 0.029172808 
611 221 13 16 0.029149758 
59 308 13 15 0.029126456 
813 471 13 14 0.029116046 
802 314 17 21 0.029099962 
397 143 13 16 0.029049061 
625 310 13 16 0.029013235 
55 620 10 12 0.029002791 
647 601 12 15 0.028998401 
255 549 10 13 0.028916812 
863 140 13 17 0.028904248 
775 555 11 14 0.028895564 
38 534 10 13 0.028857494 
389 628 13 17 0.028856516 
97 572 10 12 0.028847951 
0 315 10 17 0.02883056 
675 284 11 15 0.028802514 
527 598 8 10 0.028790211 
482 314 15 20 0.02877628 
114 383 20 26 0.028758237 
664 211 11 17 0.028732233 
204 312 16 21 0.028717091 
880 422 23 31 0.028712805 
363 280 15 19 0.028596936 
568 540 9 12 0.028596047 
522 330 14 21 0.028547019 
916 612 9 12 0.028541485 
182 616 11 13 0.028538479 
19 254 10 12 0.028521895 
175 542 10 14 0.028512646 
221 564 9 12 0.02846681 
996 546 11 13 0.028444333 
333 544 9 12 0.028439749 
349 297 14 19 0.028425733 
200 580 10 12 0.028395236 
487 472 10 13 0.02832381 
693 280 15 19 0.028310224 
638 233 10 15 0.028294869 
665 429 17 21 0.028251713 
984 139 10 14 0.028222058 
72 596 10 13 0.028212393 
670 353 12 18 0.02821122 
587 533 10 12 0.028180012 
994 566 8 12 0.028108463 
967 300 12 16 0.028097799 
612 166 11 15 0.028084097 
618 567 8 10 0.028040497 
295 276 13 15 0.028037624 
663 111 10 13 0.027963163 
958 124 10 12 0.027941989 
277 611 13 16 0.027905049 
475 431 20 25 0.027901085 
904 559 8 11 0.02789258 
933 363 13 16 0.02787374 
247 354 14 18 0.027867964 
644 418 10 15 0.02784497 
574 539 10 13 0.027839022 
331 191 18 23 0.027813176 
190 558 11 12 0.027799929 
629 563 11 13 0.027787859 
160 591 10 13 0.027778933 
167 347 13 16 0.02777872 
603 298 14 17 0.027751097 
391 215 10 12 0.027741425 
929 378 16 20 0.027732616 
119 582 11 13 0.027702997 
652 283 13 17 0.027701607 
550 269 13 18 0.027691972 
310 580 10 12 0.027646374 
1014 565 8 12 0.027610669 
392 588 11 13 0.027599547 
462 314 14 19 0.027590547 
612 362 14 18 0.027510565 
985 244 11 16 0.027510215 
535 615 8 10 0.02750429 
460 167 11 16 0.027493695 
221 419 25 32 0.027492726 
220 329 21 28 0.02748151 
314 407 17 22 0.027462164 
225 267 14 18 0.02743755 
319 324 19 27 0.027408268 
1013 630 10 14 0.027407894 
682 418 17 19 0.027397638 
682 106 9 13 0.027387518 
630 78 8 12 0.02738402 
465 379 15 21 0.027219992 
55 580 11 13 0.027195536 
976 564 10 12 0.027173156 
1006 155 11 16 0.027153721 
745 421 26 31 0.027122997 
593 581 10 13 0.027120875 
1002 64 19 26 0.027088702 
328 558 9 12 0.027070152 
550 549 11 13 0.027069598 
67 453 12 16 0.027068492 
1005 28 18 28 0.027062302 
404 640 14 19 0.027048988 
480 60 12 15 0.027042232 
266 535 12 13 0.027021516 
928 563 10 13 0.027014745 
395 629 13 16 0.02700526 
422 576 9 10 0.026982065 
462 585 9 10 0.026930105 
973 612 9 11 0.026909208 
692 555 11 13 0.026903888 
861 332 21 28 0.026880607 
948 253 13 16 0.026880013 
910 559 10 12 0.026864354 
592 268 13 16 0.02685604 
592 163 11 16 0.026822902 
316 627 12 15 0.026820295 
62 533 10 12 0.02679961 
271 187 11 15 0.026786944 
712 125 12 16 0.026749946 
87 545 10 13 0.026715528 
790 421 13 18 0.026700635 
576 596 11 13 0.026548725 
542 625 8 10 0.026507035 
61 574 10 13 0.026495744 
511 344 16 20 0.02645645 
448 592 7 9 0.02642731 
843 288 15 19 0.026411058 
504 607 8 10 0.02639298 
486 552 9 11 0.026390525 
527 655 10 12 0.026383124 
171 411 14 18 0.026377648 
999 582 8 10 0.026373684 
350 557 10 12 0.026350979 
487 343 14 20 0.02628475 
110 322 13 18 0.02628344 
748 181 11 15 0.026270555 
728 238 12 15 0.026262555 
39 373 13 18 0.026261918 
551 293 11 14 0.026259545 
532 258 16 19 0.02623383 
237 323 20 27 0.026199475 
859 157 20 29 0.026197817 
41 77 12 17 0.026191374 
314 645 22 28 0.026086845 
72 513 11 16 0.026063034 
347 188 12 16 0.026034143 
615 627 10 14 0.026002944 
248 548 9 12 0.025982818 
341 182 11 15 0.025981538 
350 171 12 14 0.025943471 
557 352 13 18 0.025927128 
843 597 11 15 0.025870942 
607 226 13 16 0.025856204 
32 332 10 13 0.025852177 
628 605 11 13 0.025852004 
956 622 10 12 0.025842456 
599 237 12 15 0.025835296 
155 500 16 24 0.025833089 
320 565 9 11 0.025814813 
885 205 22 26 0.025771111 
376 613 13 14 0.025714207 
392 328 20 26 0.025708243 
599 145 19 24 0.025610637 
265 582 14 18 0.025597721 
486 53 10 13 0.025576161 
830 436 15 20 0.025507236 
944 606 9 11 0.025501264 
230 141 12 16 0.025466803 
110 550 11 13 0.025446044 
520 607 8 10 0.025440788 
59 315 14 16 0.025437092 
655 44 8 11 0.025412802 
950 407 24 30 0.025410369 
9 78 12 17 0.025398362 
407 469 10 13 0.025390899 
541 399 14 18 0.025327418 
762 417 14 19 0.025319913 
118 612 10 12 0.02529604 
195 427 14 16 0.02529543 
542 583 9 10 0.025273032 
102 296 18 25 0.025269995 
792 589 10 13 0.025269167 
36 542 11 13 0.025225582 
880 62 12 15 0.025220599 
991 179 11 15 0.025216449 
438 584 10 10 0.025186986 
621 55 9 13 0.025180455 
510 629 10 12 0.025141181 
632 84 8 10 0.025124826 
205 555 10 12 0.025112983 
605 237 15 18 0.025098864 
615 85 9 11 0.025096718 
286 548 9 12 0.025080357 
870 566 10 12 0.025071554 
369 342 15 19 0.025057033 
252 421 24 28 0.02505305 
696 582 9 11 0.024972469 
487 614 8 9 0.02490333 
370 505 15 19 0.024899963 
532 659 10 13 0.024881134 
104 549 9 12 0.024877848 
29 572 10 10 0.024870945 
229 664 16 20 0.02486554 
640 582 9 12 0.02486331 
741 162 11 14 0.02484863 
356 632 12 17 0.024820816 
439 230 11 17 0.024820406 
517 666 14 17 0.024804734 
407 598 10 12 0.024793224 
254 147 12 15 0.024792079 
64 346 13 15 0.02478844 
997 144 19 28 0.024781456 
924 390 24 29 0.02475562 
362 418 11 15 0.02472481 
381 607 12 16 0.024676468 
283 402 15 20 0.024675975 
148 614 13 17 0.024657464 
413 198 12 14 0.024649506 
792 612 10 12 0.02464904 
735 105 13 17 0.024626097 
288 564 10 13 0.024605658 
135 365 11 14 0.024592055 
654 70 9 12 0.024555093 
584 573 9 12 0.024550369 
652 141 10 13 0.024549615 
703 605 11 14 0.02452731 
492 146 12 16 0.024516433 
649 565 10 13 0.024497686 
253 578 14 19 0.02448558 
957 628 9 12 0.024470113 
664 591 8 11 0.024462663 
106 584 20 25 0.024434317 
119 627 12 14 0.024407184 
522 638 10 12 0.024389964 
974 155 10 13 0.024389863 
350 20 8 12 0.024377968 
112 406 24 29 0.024354026 
500 274 13 17 0.02435284 
147 355 23 27 0.024326896 
689 178 12 15 0.024323702 
111 584 10 12 0.024300471 
34 242 20 26 0.02428822 
576 549 10 14 0.024283044 
89 434 27 33 0.024264522 
294 493 11 15 0.024254577 
403 226 12 16 0.024246955 
920 554 9 11 0.024222368 
329 192 12 17 0.024213891 
698 244 14 18 0.02420343 
388 115 11 16 0.024191698 
503 175 12 18 0.0241893 
132 525 13 19 0.02417563 
250 316 14 17 0.024173377 
615 144 10 14 0.024131496 
473 629 10 14 0.02412844 
303 144 11 13 0.024128014 
238 652 13 17 0.024126936 
271 545 18 24 0.02412588 
369 412 23 29 0.024080984 
669 57 10 12 0.024072556 
121 379 14 17 0.024061939 
644 150 11 14 0.024005657 
732 241 14 19 0.023999747 
655 181 12 16 0.023969777 
651 590 11 13 0.02391313 
629 233 12 17 0.02388915 
1006 101 12 16 0.023888685 
261 574 13 15 0.023887305 
932 370 15 18 0.023846872 
692 236 15 17 0.023836982 
300 213 16 19 0.023768874 
512 284 12 15 0.02376835 
573 555 9 13 0.023700148 
678 255 20 30 0.02368741 
767 125 12 14 0.023675939 
797 612 10 12 0.023675043 
59 556 10 13 0.023651488 
339 659 15 16 0.023638899 
78 561 10 12 0.023626043 
677 378 14 19 0.02362338 
48 267 10 14 0.023622455 
545 605 10 12 0.023614263 
728 59 14 18 0.023593385 
36 420 25 30 0.023589412 
912 156 12 16 0.023587683 
592 550 10 12 0.023582274 
60 370 12 16 0.023559917 
355 489 13 16 0.023559613 
213 581 10 12 0.023541097 
374 483 14 19 0.023512451 
372 203 11 15 0.02351023 
665 60 10 13 0.02350408 
230 550 10 13 0.023498457 
782 548 12 14 0.02349312 
796 605 10 13 0.02348009 
264 667 12 15 0.023462834 
253 394 16 20 0.023456592 
582 525 10 12 0.023445467 
926 139 14 16 0.023440462 
570 516 10 13 0.023419837 
875 205 14 18 0.023411177 
31 585 9 11 0.023403056 
596 597 9 12 0.023397777 
896 566 9 11 0.02338856 
373 60 10 13 0.023378804 
694 481 13 16 0.02336702 
613 241 13 16 0.023359172 
341 621 16 19 0.02335252 
138 495 24 31 0.02334549 
146 603 10 12 0.023339367 
943 590 10 12 0.023336234 
380 594 11 14 0.023301966 
439 362 13 18 0.023277491 
944 558 9 11 0.023270782 
853 428 23 31 0.023267534 
622 529 12 16 0.023260428 
1005 232 12 17 0.023245413 
554 308 14 17 0.023240808 
1016 604 8 13 0.02323818 
773 426 13 18 0.02323303 
917 126 12 16 0.023221321 
832 448 13 17 0.023220208 
210 411 16 21 0.023215448 
198 566 9 11 0.023197562 
544 299 21 25 0.023196807 
591 171 10 14 0.023179881 
110 155 13 16 0.023177784 
996 268 13 18 0.02311002 
398 133 10 13 0.023109099 
1014 146 10 16 0.023109041 
654 23 9 12 0.023094157 
625 321 13 18 0.023090908 
253 385 16 21 0.023051633 
359 61 9 13 0.023051057 
53 266 12 15 0.023027575 
630 25 11 15 0.023022955 
112 251 14 18 0.023013288 
608 600 10 12 0.022957847 
615 601 9 12 0.022936143 
552 622 8 10 0.022883004 
596 187 11 14 0.02286963 
71 525 9 13 0.022865241 
560 555 10 13 0.02286108 
934 442 11 18 0.022849316 
711 290 15 17 0.022843951 
231 54 9 12 0.022804508 
709 226 15 18 0.022799036 
456 660 12 14 0.022788912 
398 302 21 26 0.022788709 
367 209 10 14 0.022759782 
752 69 10 14 0.022746377 
1007 572 10 12 0.022729175 
565 422 15 21 0.022727698 
609 580 10 12 0.022720065 
509 -1 11 10 0.022715522 
267 440 20 25 0.022708084 
343 545 8 10 0.022703763 
581 630 9 12 0.022701133 
998 204 20 27 0.022695987 
582 581 8 12 0.022695038 
433 583 8 10 0.022681572 
172 489 17 21 0.02268105 
943 565 9 12 0.022679338 
977 278 25 31 0.022676637 
156 194 15 17 0.022657238 
762 550 13 15 0.022654342 
392 540 10 12 0.022623796 
835 48 14 20 0.02260073 
179 550 13 15 0.02256243 
413 336 16 18 0.02252878 
348 71 12 14 0.022520185 
56 249 16 19 0.022517553 
891 294 21 26 0.022492293 
453 612 9 11 0.02246609 
617 322 11 16 0.022458896 
878 557 10 12 0.022440152 
412 631 13 17 0.022431735 
518 159 21 26 0.022417683 
365 426 14 18 0.022385897 
469 274 14 19 0.022371747 
690 133 10 14 0.022370875 
4 331 14 17 0.02231533 
94 635 11 14 0.022286024 
75 506 14 20 0.022269567 
83 664 16 18 0.02225545 
941 343 18 21 0.022249062 
981 21 11 14 0.022247026 
440 613 8 10 0.022234272 
417 361 13 16 0.022228481 
595 315 22 29 0.022223867 
951 278 12 16 0.022218728 
581 548 9 12 0.022207744 
991 621 10 13 0.022202352 
53 256 13 17 0.022194402 
132 210 14 18 0.022186004 
955 281 13 19 0.022184348 
379 356 12 15 0.022177538 
685 95 11 13 0.02212925 
55 543 9 11 0.022065789 
294 499 12 17 0.022051943 
679 144 9 12 0.022041092 
323 570 21 27 0.022009559 
357 462 20 26 0.022007173 
1009 582 10 12 0.021992974 
972 298 14 17 0.021991298 
353 276 20 25 0.021969415 
573 244 11 14 0.021968955 
934 145 18 25 0.021960448 
275 347 17 19 0.021945387 
874 558 9 11 0.021935618 
229 377 15 20 0.021933941 
966 565 9 12 0.021927215 
373 239 10 14 0.021920787 
893 597 10 13 0.021920068 
256 591 13 18 0.02190418 
993 560 9 11 0.02188696 
167 591 8 11 0.021885687 
1012 21 10 16 0.0218847 
428 216 10 13 0.021871706 
650 597 11 14 0.021837818 
246 344 21 26 0.021819212 
374 78 10 13 0.02181854 
124 625 11 13 0.021778835 
77 572 13 16 0.021773666 
934 604 9 11 0.021758953 
130 532 11 16 0.02175262 
4 161 13 15 0.021724824 
897 589 10 13 0.021715745 
366 605 10 13 0.021665001 
58 426 23 30 0.021631284 
623 597 10 13 0.021628233 
177 497 17 20 0.02162804 
904 553 10 12 0.021598734 
236 451 13 18 0.021597743 
96 584 11 14 0.021578716 
937 579 11 13 0.02157551 
541 590 9 11 0.02156996 
434 354 15 19 0.02156677 
651 133 13 15 0.021543808 
478 635 9 13 0.021543076 
49 572 9 12 0.021529978 
719 154 11 15 0.021525346 
884 331 13 16 0.021493405 
670 167 12 15 0.021483898 
944 544 9 11 0.021460501 
407 575 9 11 0.021444915 
198 635 11 15 0.021441642 
162 378 16 20 0.021440616 
789 545 13 16 0.02137507 
167 310 13 17 0.021367012 
115 569 12 15 0.021357464 
999 505 25 30 0.021351065 
389 564 9 13 0.021337021 
663 79 9 11 0.021334283 
652 354 22 27 0.021318529 
765 86 11 14 0.021294937 
605 659 12 16 0.021284653 
663 101 9 11 0.021277776 
390 343 15 20 0.021271681 
179 409 20 26 0.021269282 
783 124 10 14 0.021264648 
32 379 12 15 0.021251358 
235 524 13 17 0.021244697 
680 96 9 12 0.021231031 
668 475 15 17 0.021192623 
559 630 8 11 0.021176763 
101 269 13 17 0.021164857 
55 613 10 14 0.02115925 
1013 61 11 15 0.021147748 
17 345 15 23 0.021146147 
737 411 14 21 0.021145903 
424 128 11 15 0.021104032 
758 74 10 13 0.021091832 
984 620 9 13 0.021087697 
7 74 20 26 0.021055248 
565 286 16 19 0.021046195 
377 481 23 29 0.021021094 
367 244 10 13 0.021001315 
464 613 9 11 0.020959279 
836 468 14 16 0.02094358 
214 574 9 11 0.020933885 
637 145 12 14 0.020905577 
1014 559 9 11 0.020903215 
174 647 10 14 0.020898083 
927 613 10 12 0.02089437 
544 575 9 11 0.020882744 
941 395 14 20 0.020881584 
976 654 12 13 0.020874321 
207 581 10 12 0.020843148 
674 171 13 18 0.020840053 
104 596 10 13 0.020832425 
56 181 17 21 0.020824568 
856 36 11 13 0.020817501 
164 223 53 65 0.020816956 
795 286 15 17 0.020803124 
309 540 11 14 0.020781536 
176 614 11 14 0.020772196 
70 532 9 12 0.020753996 
447 242 12 17 0.020753825 
584 597 18 24 0.020748504 
953 124 10 13 0.020739486 
847 559 10 14 0.020703873 
844 539 12 16 0.0207015 
473 145 22 27 0.02069231 
389 83 10 14 0.02066917 
294 620 11 16 0.02066504 
640 589 11 13 0.020658353 
38 331 11 14 0.020641545 
781 433 13 18 0.02062522 
631 96 10 12 0.02061614 
992 53 15 17 0.020615835 
959 571 9 12 0.020591533 
1002 280 15 20 0.020575598 
21 276 11 14 0.020574553 
663 218 10 16 0.020573942 
998 188 11 14 0.020557199 
688 141 11 15 0.020542266 
59 291 13 16 0.020542206 
925 226 14 18 0.020498078 
653 582 9 11 0.020473998 
902 149 11 15 0.020470109 
135 139 11 15 0.020440165 
78 147 12 15 0.020439178 
542 565 10 12 0.020432362 
508 330 21 27 0.020423422 
425 323 15 18 0.020418366 
53 597 10 12 0.02038701 
109 602 12 14 0.020384025 
20 341 13 17 0.020380149 
671 579 10 12 0.02035925 
47 258 12 16 0.020345569 
533 310 25 29 0.020333646 
845 160 14 18 0.020332294 
705 563 11 14 0.020325504 
893 573 9 11 0.020322857 
847 441 21 29 0.020315425 
283 595 12 15 0.020296928 
991 627 10 13 0.020283027 
429 188 10 14 0.020273888 
653 148 10 13 0.0202572 
3 415 13 17 0.02025516 
325 656 15 19 0.020243607 
664 94 9 11 0.020225968 
856 589 10 12 0.020211196 
390 233 12 16 0.020199701 
99 407 23 28 0.020197907 
142 617 13 15 0.020191552 
504 584 7 9 0.020163244 
92 269 13 17 0.020141037 
896 141 11 14 0.020099396 
159 618 19 27 0.020039124 
550 541 12 14 0.020023523 
59 144 14 18 0.020021802 
465 606 9 10 0.020012463 
