18_Concerts_Concerts_18_349
31
530 74 124 164 0.99962175 
379 321 35 44 0.43700233 
438 707 373 446 0.27191788 
41 404 194 211 0.14281487 
481 125 332 468 0.13697028 
255 807 131 174 0.10970973 
322 775 131 182 0.10224838 
533 955 112 160 0.06755519 
380 290 18 23 0.05209984 
653 715 45 56 0.048126068 
-7 449 152 208 0.04762543 
333 314 13 17 0.047186695 
597 261 220 283 0.04303625 
352 850 339 494 0.039293762 
365 368 16 20 0.03884233 
648 654 53 61 0.035011314 
606 755 217 324 0.034812897 
462 848 233 272 0.031939365 
402 328 25 33 0.03070635 
239 152 426 528 0.029273221 
421 713 53 59 0.029252809 
659 672 30 39 0.029218111 
58 361 387 495 0.026319208 
748 384 34 42 0.022287836 
370 331 28 35 0.022174487 
582 843 139 165 0.021748403 
478 260 108 163 0.021650342 
468 931 150 154 0.021388402 
326 327 24 31 0.02112218 
680 347 113 153 0.020252798 
323 619 341 471 0.020235192 
