18_Concerts_Concerts_18_366
24
229 21 356 496 0.9990257 
322 876 92 98 0.15329623 
221 454 401 578 0.124052405 
70 -5 375 499 0.089445144 
71 680 55 74 0.067628875 
705 726 276 236 0.06375737 
53 461 352 470 0.061201833 
555 611 382 469 0.041776918 
250 956 15 19 0.031255662 
606 -9 372 436 0.031233579 
55 652 93 129 0.026168417 
700 63 200 249 0.025737518 
341 196 433 497 0.025258217 
415 751 49 59 0.024039105 
51 714 62 90 0.022980945 
716 533 340 392 0.022780014 
586 948 16 21 0.022488896 
645 910 12 14 0.02184468 
404 13 403 477 0.021728493 
252 902 13 17 0.021383205 
244 914 13 17 0.021188144 
90 721 234 256 0.020340793 
811 456 152 239 0.020320753 
272 948 16 21 0.020152712 
