18_Concerts_Concerts_18_1013
60
455 147 117 152 0.9993382 
460 338 122 172 0.18316361 
470 37 480 559 0.15698016 
713 209 17 25 0.0633591 
778 229 13 15 0.040436853 
602 371 134 206 0.039733097 
598 266 263 319 0.03707752 
833 284 18 22 0.036898717 
907 325 16 24 0.035544675 
930 604 28 33 0.034414604 
688 187 18 20 0.034322273 
784 599 30 32 0.03295776 
861 284 16 19 0.03180539 
892 276 14 16 0.029389882 
956 266 16 18 0.02930538 
942 217 12 16 0.029225111 
763 305 14 16 0.028304253 
894 219 13 17 0.02819099 
885 268 12 15 0.028126737 
838 0 11 12 0.028090978 
895 213 10 15 0.028048055 
868 230 13 15 0.02786027 
813 276 14 18 0.026775816 
827 221 13 16 0.026539985 
933 0 11 11 0.02552354 
902 251 14 18 0.025342876 
943 28 10 14 0.02511005 
983 258 12 16 0.024920788 
925 202 12 16 0.02490373 
971 283 15 18 0.02484379 
997 34 12 16 0.024660675 
741 339 12 15 0.024433624 
989 0 11 11 0.023915228 
720 324 12 16 0.023642315 
821 214 12 15 0.023344316 
900 275 14 18 0.023081318 
843 235 15 17 0.023005603 
796 0 13 12 0.022880595 
853 238 11 15 0.022717783 
913 236 15 17 0.022460062 
966 44 9 14 0.02240963 
885 0 11 11 0.022197537 
767 0 10 11 0.02195794 
779 265 13 17 0.021954348 
835 325 16 18 0.021595297 
620 72 14 18 0.021560827 
982 59 10 14 0.021330614 
814 4 11 13 0.02109851 
811 600 29 32 0.021055108 
1013 2 11 15 0.020966938 
788 276 16 22 0.020958671 
875 300 14 16 0.020781664 
974 19 11 15 0.020612078 
876 260 15 17 0.020466028 
751 1 11 11 0.020430652 
1013 290 10 18 0.020317797 
979 2 14 16 0.020292062 
797 307 15 18 0.020232849 
804 3 12 13 0.020135567 
863 222 10 13 0.020116698 
