18_Concerts_Concerts_18_910
19
327 270 507 600 0.9967174 
117 316 177 294 0.39400864 
440 28 232 222 0.32898527 
190 451 443 474 0.20276166 
540 220 357 498 0.19627702 
370 105 416 476 0.15695591 
25 659 439 513 0.107521 
-96 382 509 618 0.053259343 
43 193 290 465 0.040249933 
540 934 137 151 0.038332384 
256 260 357 444 0.031898342 
450 595 423 457 0.030581044 
228 901 150 184 0.02908617 
399 93 223 255 0.02822869 
762 34 234 303 0.02695901 
180 342 204 276 0.026461659 
161 441 54 97 0.02553158 
228 104 113 148 0.023357268 
471 59 266 315 0.022741903 
