18_Concerts_Concerts_18_670
20
294 176 28 37 0.93156844 
325 235 342 459 0.7763756 
809 312 30 30 0.15474108 
481 372 311 410 0.08076703 
782 116 14 17 0.06442784 
824 315 18 20 0.055283125 
681 35 211 271 0.04303459 
120 74 181 262 0.039396383 
597 77 11 13 0.038813896 
693 132 10 14 0.037318442 
440 190 258 330 0.031846937 
145 176 25 33 0.031677037 
674 77 115 151 0.03132346 
372 462 312 276 0.03108289 
903 316 13 15 0.028907934 
800 314 47 49 0.025890337 
835 310 15 21 0.024643306 
897 419 14 19 0.023983652 
277 268 231 335 0.0226924 
381 688 51 67 0.020790273 
