18_Concerts_Concerts_18_853
66
745 120 44 53 0.98805827 
755 211 46 52 0.97854006 
915 218 45 55 0.95853496 
177 375 24 30 0.9041155 
102 376 21 26 0.8603957 
314 377 21 25 0.845676 
597 237 39 53 0.70772254 
244 377 20 25 0.6728721 
307 145 169 251 0.2176315 
619 234 37 54 0.12357717 
112 431 27 34 0.08136442 
636 234 34 51 0.07456173 
674 243 36 46 0.06059111 
656 227 39 53 0.057610128 
27 421 12 16 0.056808356 
397 417 18 21 0.054981768 
61 430 39 52 0.051368915 
326 467 11 13 0.050628413 
299 421 21 26 0.04511485 
342 230 116 142 0.040317237 
377 483 17 20 0.03981414 
616 640 31 36 0.03781433 
-2 632 25 45 0.036659982 
82 426 18 22 0.03642101 
421 484 15 18 0.036142357 
236 382 24 30 0.03531522 
420 442 17 20 0.03465857 
462 443 15 19 0.03419902 
183 382 25 32 0.033383366 
278 325 9 12 0.032682773 
76 424 40 52 0.032560434 
379 444 13 17 0.032217287 
421 402 16 18 0.03214549 
399 465 17 20 0.032037593 
252 363 13 16 0.031545255 
256 378 15 21 0.030880585 
896 218 42 58 0.030101584 
273 379 16 20 0.029973913 
356 384 14 19 0.029867109 
871 217 39 57 0.029648509 
47 438 12 16 0.027251417 
46 403 14 18 0.026990512 
68 382 12 15 0.02685047 
589 231 29 51 0.02624778 
340 411 15 18 0.026126776 
443 465 15 19 0.025345838 
400 379 16 20 0.024971433 
67 419 14 19 0.024766508 
123 375 22 28 0.024396133 
733 386 28 33 0.024130356 
91 385 24 29 0.02374953 
846 118 11 13 0.02321814 
118 409 13 17 0.023104208 
292 377 15 20 0.022823537 
300 411 15 19 0.022678463 
656 356 48 65 0.022578305 
49 444 13 16 0.022238787 
106 417 14 21 0.02141217 
578 278 109 140 0.021381786 
149 471 27 43 0.021135604 
273 363 15 17 0.020934321 
403 446 13 15 0.020876555 
298 403 14 18 0.02059181 
68 436 15 19 0.020586113 
764 399 35 42 0.020475758 
6 435 11 15 0.02025 
