18_Concerts_Concerts_18_258
89
88 54 27 36 0.98713106 
896 79 36 43 0.9695534 
777 339 103 103 0.20116991 
1002 129 21 29 0.16478878 
844 438 133 140 0.14775833 
141 302 78 153 0.12640464 
45 152 45 66 0.12594515 
190 398 139 173 0.108237274 
779 85 12 16 0.08868177 
60 328 107 174 0.08040249 
321 89 175 244 0.06972051 
811 70 28 34 0.061927088 
221 -10 324 428 0.059949353 
882 80 28 34 0.05927635 
148 145 15 17 0.057241634 
569 391 113 140 0.05550605 
742 436 101 123 0.054399 
594 -18 404 557 0.054350335 
852 198 33 37 0.05226129 
288 342 116 179 0.05135069 
460 150 11 13 0.04916709 
798 62 31 42 0.048152197 
27 150 43 67 0.047958504 
381 138 26 41 0.046889763 
692 132 14 18 0.045040835 
2 341 50 73 0.04315624 
822 214 63 93 0.043080397 
169 342 103 134 0.04210414 
907 142 15 20 0.041799825 
374 158 96 154 0.04138225 
666 236 47 57 0.03974125 
1010 85 11 14 0.039504807 
738 83 17 23 0.039155502 
128 143 12 14 0.039019566 
892 462 66 92 0.038199447 
749 378 116 124 0.037897624 
782 357 62 64 0.036876637 
795 246 54 66 0.03609365 
799 229 178 211 0.034605112 
905 186 99 133 0.03451901 
542 163 13 14 0.034518518 
885 80 15 22 0.03444771 
803 315 66 83 0.03397488 
699 154 16 17 0.03365026 
804 173 109 136 0.032895185 
14 324 107 154 0.03237367 
115 362 174 186 0.031680692 
768 461 117 122 0.031294 
37 47 12 16 0.030335428 
772 389 176 197 0.029907763 
718 406 85 115 0.029781401 
684 246 53 58 0.029103674 
72 142 47 71 0.028766409 
8 135 41 65 0.02800456 
802 38 17 22 0.0262008 
212 287 168 203 0.026176881 
707 311 52 58 0.025711184 
0 67 11 16 0.025207205 
22 127 43 62 0.024626175 
644 71 28 35 0.02461208 
100 190 13 19 0.024557969 
256 187 188 245 0.024237668 
172 75 11 16 0.024220584 
810 79 16 20 0.024172004 
889 67 28 39 0.024106367 
15 266 49 64 0.023969255 
109 107 16 21 0.023851892 
839 177 63 76 0.023847813 
389 107 197 215 0.023816925 
131 320 59 104 0.023716705 
374 117 11 16 0.023646222 
316 106 15 20 0.023593828 
679 229 35 38 0.0234068 
6 307 63 90 0.023393596 
726 107 27 36 0.023214553 
465 145 117 129 0.023211636 
910 87 22 26 0.02303891 
918 206 61 80 0.022396715 
796 34 16 22 0.022102356 
780 75 25 31 0.021430109 
581 172 14 17 0.021359386 
602 359 118 147 0.021166686 
716 155 12 15 0.020910323 
780 133 11 14 0.020860652 
1011 89 13 20 0.020733343 
793 41 27 38 0.02036847 
796 352 37 48 0.020190867 
693 146 26 31 0.020159855 
1011 124 13 21 0.020089172 
