3_Riot_Riot_3_273
41
238 319 30 38 0.9877192 
97 415 46 57 0.9797212 
307 235 24 33 0.96851224 
377 322 18 23 0.8905556 
175 102 37 45 0.8802231 
348 338 21 28 0.8252025 
461 388 55 55 0.6766414 
686 200 216 263 0.20522209 
60 170 22 31 0.14162958 
430 254 79 69 0.12133129 
379 175 103 97 0.08117418 
614 53 362 475 0.08071918 
529 183 55 66 0.07450256 
211 440 54 82 0.07206097 
371 317 18 22 0.06447216 
400 107 37 45 0.05187251 
512 239 59 67 0.04626917 
332 347 16 21 0.045718603 
363 325 22 27 0.044876337 
287 406 26 41 0.04073424 
391 210 112 101 0.039325755 
255 394 49 76 0.037214734 
371 306 14 19 0.03462915 
454 405 41 46 0.033904545 
446 247 98 118 0.033482376 
200 391 42 65 0.030107932 
388 384 17 22 0.030060796 
212 391 52 82 0.029289493 
344 322 23 30 0.02761368 
283 356 17 22 0.026139222 
371 394 23 35 0.025828103 
498 262 58 71 0.02558947 
373 217 54 81 0.02523802 
365 178 55 71 0.02433338 
336 343 21 29 0.023666913 
202 156 42 59 0.0226812 
222 381 79 121 0.022625117 
478 285 55 70 0.022555474 
460 370 90 93 0.022145893 
284 431 31 46 0.02086492 
341 305 15 19 0.020689195 
