3_Riot_Riot_3_393
172
441 130 38 44 0.98511386 
787 153 15 19 0.9668385 
728 179 10 12 0.813269 
222 132 16 18 0.638909 
342 152 13 16 0.51641953 
125 142 12 15 0.44618332 
543 120 23 26 0.34733704 
168 157 10 13 0.26227897 
661 219 18 23 0.20769674 
853 174 11 13 0.1772914 
738 236 15 22 0.15684743 
574 146 39 53 0.1492679 
572 155 24 34 0.13614053 
796 194 14 19 0.12748621 
766 197 14 17 0.11841682 
98 130 14 20 0.11442272 
734 199 12 17 0.10655579 
554 123 23 30 0.10629395 
732 220 14 17 0.10362029 
728 107 11 15 0.098936595 
41 122 16 21 0.09744541 
668 112 13 17 0.089822315 
222 103 10 13 0.08969769 
672 157 10 15 0.08170994 
1014 92 8 15 0.07177931 
758 118 9 12 0.071319714 
836 187 16 20 0.06712586 
632 133 23 31 0.05780174 
821 212 11 15 0.053595997 
563 131 36 48 0.053386822 
109 253 10 13 0.05109805 
484 101 11 14 0.050308347 
650 102 9 12 0.04771658 
117 187 14 18 0.04769148 
123 134 15 18 0.047546502 
632 337 53 59 0.046949755 
662 108 14 18 0.04677095 
91 124 17 22 0.04556374 
29 100 11 14 0.044883836 
132 203 11 14 0.04473927 
0 126 10 18 0.04388857 
234 210 15 17 0.043884445 
125 169 16 20 0.042189542 
60 121 13 20 0.040651552 
530 111 24 33 0.039872542 
814 165 11 13 0.039840925 
724 175 18 23 0.03950472 
789 133 8 12 0.03944411 
106 139 13 18 0.039428413 
883 503 64 59 0.037753448 
147 112 14 17 0.037739087 
29 38 10 13 0.0370395 
656 288 31 39 0.036879376 
333 123 15 19 0.036504254 
85 134 25 32 0.036501244 
114 178 15 19 0.03580697 
832 193 11 15 0.03560211 
747 244 13 18 0.03553704 
670 140 10 14 0.035081152 
596 244 36 43 0.03459109 
184 158 11 14 0.034496468 
634 137 37 52 0.03442665 
99 89 14 17 0.03417775 
542 72 16 19 0.03343602 
183 108 11 14 0.033016246 
852 188 13 17 0.032887332 
732 211 14 19 0.032684952 
83 122 18 20 0.03254887 
122 123 14 16 0.031705204 
124 196 13 17 0.031642575 
558 133 25 33 0.03163454 
647 108 11 13 0.031529885 
611 431 16 19 0.031291723 
324 121 15 20 0.031190611 
708 229 14 17 0.030516407 
642 137 16 22 0.030466551 
788 187 24 31 0.030121809 
847 179 11 15 0.029965693 
806 220 12 14 0.029890336 
731 224 20 26 0.02955143 
773 189 13 18 0.02944957 
592 213 51 67 0.029352754 
738 202 13 17 0.029227324 
657 201 38 54 0.029181357 
719 238 21 27 0.0291715 
643 151 15 20 0.028999742 
190 149 11 14 0.028959125 
82 114 18 20 0.028882137 
782 182 11 14 0.028796732 
654 107 11 14 0.028656924 
130 146 11 15 0.028646002 
766 172 11 16 0.028109701 
120 139 21 25 0.028086904 
124 219 13 17 0.028038323 
784 160 13 17 0.027943583 
396 189 41 54 0.02790805 
776 123 10 14 0.027506936 
839 191 23 27 0.027395159 
490 255 32 40 0.027368054 
818 207 10 14 0.026830183 
1008 108 9 12 0.026781736 
662 101 12 15 0.026479285 
1008 117 9 13 0.026386866 
1014 106 9 14 0.02628325 
626 141 24 34 0.026046729 
800 218 10 14 0.025909161 
215 103 12 14 0.025846684 
306 202 16 20 0.025816247 
106 131 13 18 0.02577301 
782 125 9 12 0.025727948 
870 221 10 13 0.02559865 
94 77 10 12 0.025488364 
799 211 11 15 0.025485598 
14 172 40 62 0.02547496 
205 103 12 15 0.02539635 
109 172 15 19 0.025288373 
670 149 11 16 0.025216965 
806 156 12 14 0.025181312 
676 162 11 14 0.025132358 
114 146 23 29 0.025074746 
621 146 15 21 0.024797665 
723 179 10 14 0.024794228 
820 166 11 14 0.024773484 
112 160 23 30 0.024705391 
207 140 10 14 0.024663966 
168 124 11 15 0.024537703 
29 44 9 13 0.024526149 
337 128 16 21 0.024512617 
28 116 22 27 0.024499806 
167 119 11 14 0.024439223 
227 102 11 14 0.024412327 
214 205 11 13 0.024393318 
586 161 51 63 0.02438266 
1014 604 10 15 0.024348805 
0 136 12 24 0.024100767 
143 220 12 16 0.023848565 
117 235 12 13 0.023816982 
334 134 24 30 0.023647165 
216 197 11 14 0.023481555 
725 193 20 25 0.023467723 
503 246 44 53 0.02337328 
111 247 11 15 0.023370733 
148 219 11 14 0.023009155 
211 211 13 15 0.022932747 
721 257 16 21 0.022857307 
641 109 10 13 0.022754902 
563 116 16 22 0.022665882 
635 258 44 63 0.022433981 
600 188 78 107 0.022243071 
192 180 11 15 0.02223752 
184 213 10 13 0.022219548 
205 206 12 15 0.021903649 
314 147 14 18 0.021832207 
117 154 14 18 0.021765351 
219 134 24 28 0.021708738 
316 114 16 20 0.021702986 
674 306 13 19 0.02159592 
211 221 13 15 0.021569785 
171 150 14 19 0.021519387 
96 133 24 31 0.021446185 
600 180 48 65 0.021411898 
831 177 47 58 0.021307258 
78 146 24 32 0.021120701 
1008 124 11 15 0.021039605 
662 171 13 18 0.021026006 
574 116 23 31 0.021004885 
727 126 9 12 0.020617502 
524 119 15 21 0.020602843 
623 122 24 34 0.02025935 
196 140 13 16 0.020246083 
189 108 11 14 0.020102598 
589 77 11 16 0.020090394 
