3_Riot_Riot_3_184
148
965 172 32 41 0.9965061 
913 151 39 51 0.981059 
751 163 22 28 0.95895135 
692 172 18 23 0.8274388 
73 62 45 58 0.7798269 
206 79 40 54 0.7108446 
427 103 92 137 0.54218525 
730 173 18 24 0.5130748 
361 512 28 34 0.33770815 
679 211 16 18 0.29827464 
372 105 232 330 0.2585241 
998 188 15 20 0.22987117 
694 167 14 17 0.22881131 
189 261 18 22 0.15468232 
14 214 46 71 0.1349024 
690 393 15 18 0.13301766 
237 185 13 17 0.13191167 
912 490 17 21 0.13020627 
379 124 105 141 0.120644294 
8 301 55 69 0.117486134 
663 244 14 18 0.109725714 
139 376 16 25 0.107760414 
245 216 11 16 0.10623215 
143 116 19 29 0.10281755 
797 133 31 41 0.09978999 
180 147 29 34 0.09913863 
762 164 23 31 0.08602857 
587 227 17 22 0.08491444 
126 176 26 30 0.07536438 
40 242 25 41 0.07297611 
238 575 31 40 0.072529495 
6 161 48 63 0.072448865 
239 200 12 18 0.0717635 
25 306 31 35 0.07129275 
-2 207 74 110 0.06717197 
279 72 420 478 0.066480674 
650 223 14 20 0.06586785 
607 254 25 31 0.06568025 
945 164 39 48 0.06350672 
712 227 13 18 0.06273261 
185 247 25 30 0.058767848 
586 386 30 35 0.055818968 
605 234 15 17 0.055594046 
679 277 11 14 0.055116527 
514 139 418 485 0.05507078 
194 238 16 19 0.053284477 
372 488 15 19 0.051900826 
261 268 10 15 0.047527958 
52 241 43 58 0.046420913 
470 277 62 64 0.045720894 
49 50 48 69 0.04520425 
610 243 13 15 0.044220712 
166 114 44 54 0.043489918 
228 283 15 18 0.041980717 
35 304 18 22 0.04081133 
611 253 17 19 0.04079631 
737 163 22 31 0.039431863 
151 583 46 55 0.039023742 
577 372 46 61 0.03901372 
676 181 13 17 0.03878032 
128 201 18 21 0.038722437 
707 171 13 20 0.03847519 
239 208 15 21 0.03740247 
210 290 15 20 0.03725337 
705 325 111 146 0.035648223 
275 511 15 18 0.03505123 
947 484 16 20 0.033646926 
194 255 26 31 0.033037677 
164 120 15 21 0.030921789 
737 180 16 23 0.030824807 
193 78 35 47 0.030557435 
485 149 53 77 0.030497855 
900 129 70 92 0.030376934 
132 229 24 29 0.030356511 
363 477 25 31 0.029672395 
259 274 11 15 0.029528102 
118 154 40 50 0.029268872 
174 231 46 55 0.028645603 
691 179 24 30 0.028477177 
765 419 18 20 0.028306806 
909 460 11 13 0.028223872 
150 574 35 38 0.028061096 
918 253 52 63 0.027953409 
77 198 13 17 0.02780048 
1003 186 20 30 0.027670877 
1011 192 12 17 0.027631348 
6 259 56 78 0.027220119 
361 490 28 34 0.026848076 
131 267 15 20 0.026843503 
453 651 11 15 0.026466785 
122 367 41 49 0.026335044 
48 313 49 62 0.026088085 
349 517 26 33 0.025905594 
376 515 15 21 0.025824685 
708 225 23 30 0.02582103 
182 132 29 33 0.025673807 
69 571 12 14 0.025616193 
32 226 27 41 0.025472924 
730 400 18 19 0.025250986 
773 175 16 21 0.024871238 
684 280 12 16 0.024811525 
593 472 26 38 0.024724914 
861 469 15 17 0.024601994 
213 109 29 39 0.024501087 
24 174 31 38 0.024474092 
692 343 11 16 0.024286887 
1013 541 11 15 0.024241857 
29 284 26 31 0.023900684 
554 329 46 66 0.02388716 
642 238 221 288 0.023837147 
655 204 11 15 0.023775524 
-1 163 71 105 0.023748467 
373 473 12 17 0.023742996 
256 267 11 15 0.023631403 
4 336 33 42 0.023446547 
231 187 22 30 0.023249976 
152 105 40 52 0.022859532 
883 440 15 18 0.022855802 
188 613 12 15 0.02279741 
84 74 50 61 0.022746654 
844 435 15 19 0.022671232 
392 228 111 136 0.022648498 
331 123 104 151 0.022587938 
964 152 17 21 0.022489456 
256 284 10 14 0.022457696 
182 387 13 20 0.022311365 
170 78 43 57 0.022160418 
983 352 9 12 0.021972721 
941 313 12 17 0.021603337 
252 156 11 14 0.021553012 
699 161 13 16 0.021473702 
699 192 15 20 0.02145063 
660 188 13 15 0.021442117 
139 250 14 17 0.02140309 
165 144 48 54 0.021396987 
214 189 13 18 0.021204468 
611 195 12 15 0.021142209 
612 229 12 15 0.021138018 
869 452 15 18 0.021034455 
589 461 43 60 0.02099599 
803 414 14 17 0.020910852 
172 276 13 17 0.020785404 
515 179 49 61 0.020424923 
635 228 12 15 0.02035722 
727 182 15 21 0.020348297 
914 133 33 45 0.020321077 
621 227 12 15 0.020151345 
17 322 37 40 0.02010542 
