3_Riot_Riot_3_26
419
230 356 36 47 0.9991623 
204 208 31 37 0.99875546 
250 229 31 37 0.9967931 
420 369 34 44 0.9964132 
276 354 28 38 0.99633944 
295 50 25 31 0.99608696 
326 357 28 41 0.99501354 
357 71 26 32 0.9941948 
248 93 24 29 0.99361837 
658 62 25 32 0.99361306 
844 34 25 31 0.99251723 
788 61 27 34 0.99235994 
986 185 32 41 0.9888915 
815 10 26 31 0.98851913 
359 223 27 33 0.98795706 
855 386 23 39 0.987706 
674 228 28 31 0.98643935 
935 161 27 37 0.9863235 
938 0 27 27 0.985308 
257 330 28 36 0.98397195 
717 390 32 48 0.9827639 
783 210 31 38 0.98076564 
674 353 31 36 0.9802101 
192 44 21 29 0.97970563 
1000 41 23 33 0.9792051 
643 -2 27 25 0.97684586 
464 75 24 28 0.9594102 
553 234 25 30 0.95734674 
893 45 24 28 0.9459629 
467 209 27 31 0.94502854 
760 36 23 27 0.93843985 
53 244 26 32 0.93809384 
898 157 24 30 0.9371336 
53 191 29 33 0.91541785 
972 16 24 28 0.91328555 
645 209 22 27 0.8806732 
537 99 18 22 0.8706401 
16 99 24 28 0.8654739 
723 356 32 43 0.8390405 
412 347 33 45 0.7813887 
148 330 28 35 0.7232322 
334 421 28 39 0.71918726 
940 410 23 35 0.7126217 
280 206 25 30 0.65486676 
57 324 26 34 0.6013812 
863 351 21 29 0.5627749 
797 344 14 18 0.5158131 
207 435 23 34 0.5129806 
511 81 16 20 0.44611323 
101 367 14 21 0.37158662 
907 236 28 43 0.34844813 
657 548 29 35 0.3290119 
886 241 26 36 0.3264118 
234 564 24 31 0.30444738 
731 491 24 34 0.3012885 
780 399 16 21 0.294876 
525 518 22 33 0.27143586 
426 214 25 34 0.26478678 
962 378 16 23 0.24844782 
918 364 14 23 0.21847065 
534 213 23 29 0.21502721 
835 377 12 17 0.20588173 
638 345 28 40 0.2014444 
757 438 17 23 0.18384014 
652 388 22 29 0.1827009 
379 520 29 41 0.18223886 
886 437 11 15 0.17405277 
329 202 25 33 0.16524789 
912 342 10 13 0.1610629 
207 505 12 20 0.16015491 
303 571 33 39 0.15073165 
790 363 15 19 0.14289674 
164 528 15 20 0.14216734 
787 370 18 22 0.1375003 
242 570 24 32 0.1345663 
955 408 29 41 0.12819894 
781 378 24 30 0.12160679 
544 225 25 34 0.12027589 
97 363 25 33 0.1187419 
923 369 13 20 0.11827245 
965 372 13 19 0.11737408 
559 513 22 33 0.1150578 
760 70 16 20 0.112774484 
340 212 33 39 0.11019818 
886 337 14 19 0.10946476 
602 50 14 20 0.10833758 
854 472 13 19 0.10695935 
38 322 45 52 0.105858006 
980 385 15 20 0.10454707 
255 494 22 34 0.10284025 
353 375 15 19 0.102488205 
580 541 41 53 0.100558534 
131 357 23 28 0.0992144 
211 492 22 34 0.0975857 
970 414 16 23 0.09260949 
730 337 29 37 0.09140501 
569 524 37 54 0.09093451 
852 307 11 14 0.09045608 
471 543 23 37 0.08846222 
58 571 25 36 0.08806493 
137 347 26 31 0.0868732 
804 369 23 29 0.08125146 
785 448 21 34 0.080742314 
858 380 16 22 0.07997087 
894 306 17 20 0.07850993 
371 572 17 20 0.077410825 
129 518 24 30 0.07732845 
1 542 37 59 0.07612042 
324 423 26 38 0.07469801 
582 512 44 55 0.074538864 
784 526 28 43 0.07449951 
467 213 40 47 0.0738468 
198 441 25 33 0.07285533 
771 403 28 33 0.07179656 
820 355 16 19 0.07066129 
773 375 14 21 0.06939671 
126 522 13 21 0.06924053 
346 408 15 19 0.06921131 
58 444 13 15 0.069153585 
219 563 29 29 0.06824631 
884 489 24 31 0.0680143 
968 406 27 37 0.06753227 
28 506 14 19 0.066952035 
733 326 24 30 0.06623345 
539 534 46 53 0.06539163 
790 350 22 27 0.0649707 
936 416 15 22 0.064960435 
953 386 12 18 0.064739875 
43 226 41 53 0.06373568 
305 371 14 19 0.06351232 
621 196 15 20 0.06325059 
869 346 24 31 0.062443748 
935 401 13 16 0.062242795 
659 564 24 32 0.06185777 
235 440 16 22 0.061475962 
472 433 25 37 0.06077788 
152 349 18 24 0.060639016 
155 517 24 32 0.060578838 
40 249 42 49 0.05987131 
885 353 14 21 0.059344158 
563 236 30 38 0.058512773 
374 571 27 32 0.057647556 
565 552 25 38 0.05678368 
771 364 15 22 0.05659412 
756 379 14 17 0.05601158 
845 396 25 31 0.05543193 
790 397 23 28 0.055389233 
588 568 35 41 0.055198975 
126 425 15 20 0.05467802 
709 254 23 32 0.05454413 
969 369 16 20 0.053859133 
956 437 15 21 0.05384311 
955 226 24 28 0.05285079 
235 419 24 32 0.05171066 
895 480 22 33 0.05095694 
682 351 39 50 0.050940055 
691 573 49 50 0.05093368 
24 564 32 45 0.050545447 
225 430 24 33 0.04986222 
996 380 11 15 0.049804673 
457 543 25 37 0.049549345 
589 494 11 15 0.049410816 
794 383 15 21 0.049371384 
600 43 13 17 0.049022987 
952 380 22 31 0.04866169 
581 109 15 18 0.04806614 
659 213 31 38 0.047853094 
762 436 25 33 0.047808047 
346 363 24 30 0.047483165 
877 9 17 21 0.047323458 
414 570 13 19 0.04718228 
425 230 29 37 0.04576205 
621 538 14 21 0.045674425 
-2 265 9 17 0.045201395 
950 404 14 20 0.04494158 
894 488 14 20 0.04451192 
381 377 13 18 0.044385195 
737 366 30 36 0.044318944 
131 434 12 17 0.044248633 
727 495 15 25 0.04355887 
602 48 22 33 0.043479875 
911 356 13 18 0.04325521 
969 383 16 22 0.042833008 
987 385 14 20 0.042628847 
266 503 13 21 0.04258381 
725 365 18 25 0.04222671 
773 311 23 30 0.041805413 
636 200 24 30 0.04180366 
609 496 28 31 0.041744765 
764 377 14 19 0.04167867 
991 434 27 34 0.041447427 
566 517 26 37 0.041317783 
10 542 14 22 0.041174624 
405 436 26 37 0.041154016 
91 511 17 20 0.041135147 
1006 314 12 18 0.040819403 
638 539 43 55 0.040799122 
66 578 15 23 0.04043367 
766 369 14 19 0.04010639 
355 570 25 27 0.039967783 
877 499 26 31 0.039935853 
35 505 16 22 0.039581034 
581 23 17 21 0.039135244 
200 503 14 21 0.03898028 
828 369 21 27 0.038604774 
978 362 15 19 0.038306385 
319 97 21 27 0.03827738 
990 381 13 16 0.037910976 
978 21 28 34 0.03787534 
947 3 32 35 0.03777964 
776 391 39 47 0.03759173 
891 434 13 18 0.03716031 
70 328 16 23 0.036355156 
9 95 38 46 0.03604093 
571 495 41 57 0.035665303 
289 359 24 34 0.035585664 
980 421 41 59 0.035506222 
68 469 13 15 0.035404153 
885 500 16 18 0.035363317 
517 232 13 18 0.035233304 
815 359 23 29 0.03502832 
204 486 22 33 0.03474095 
982 443 13 19 0.034495924 
996 416 14 19 0.03434942 
203 502 23 30 0.034136754 
774 538 31 42 0.033856574 
883 342 21 28 0.033565678 
929 371 14 19 0.033543315 
739 324 13 17 0.033530343 
600 534 31 34 0.03350088 
10 526 44 61 0.033114076 
227 212 40 46 0.033027593 
802 400 14 19 0.032999646 
217 434 15 24 0.032638974 
61 350 224 231 0.032539405 
780 371 15 21 0.03236715 
99 357 14 19 0.032366022 
885 424 22 28 0.032364544 
877 341 15 19 0.03230373 
649 347 29 40 0.031955097 
469 549 14 23 0.03188047 
172 421 10 15 0.031764127 
941 320 14 18 0.03166603 
581 472 15 20 0.03155215 
455 522 24 30 0.031528138 
769 39 24 30 0.03136846 
658 454 28 39 0.0313413 
322 191 26 35 0.030961048 
460 289 42 49 0.030958673 
950 509 16 19 0.030682096 
819 14 35 41 0.030415671 
917 156 30 38 0.030255623 
604 217 25 33 0.030226817 
770 381 23 29 0.030137192 
344 436 18 26 0.030110653 
283 428 14 21 0.030099416 
595 155 13 17 0.029978428 
79 489 12 18 0.029885592 
745 407 17 22 0.029733846 
339 407 23 34 0.02968277 
524 218 22 31 0.02965117 
370 519 26 35 0.029499369 
750 376 25 29 0.0294528 
57 473 23 34 0.029439094 
733 533 50 58 0.029338695 
774 439 27 38 0.029244633 
246 420 15 21 0.029234812 
935 401 23 31 0.029086992 
515 45 14 15 0.029029949 
2 561 15 27 0.028998278 
989 403 12 17 0.028907822 
714 486 24 34 0.028758615 
628 190 23 32 0.028701268 
915 348 11 15 0.02864425 
312 434 26 34 0.028634455 
158 503 25 35 0.028576175 
540 483 13 16 0.028504517 
738 554 26 32 0.028467165 
370 379 24 31 0.028384702 
914 -1 19 21 0.028285384 
570 561 29 42 0.028219318 
952 409 17 28 0.028191917 
93 422 12 17 0.028130773 
220 491 27 36 0.027956808 
987 361 15 18 0.027948972 
956 561 26 41 0.027948879 
964 408 44 60 0.027908439 
579 559 15 23 0.027868932 
21 511 16 20 0.027835015 
741 560 16 20 0.027827874 
947 318 16 21 0.027558522 
444 550 28 36 0.02751692 
740 490 30 38 0.027498832 
486 590 28 30 0.027433295 
695 592 31 33 0.02736156 
839 375 21 30 0.027304249 
239 501 30 32 0.027228426 
773 42 37 47 0.027029846 
798 409 14 21 0.02652494 
580 69 12 15 0.026505467 
874 421 23 28 0.026475893 
290 564 26 43 0.026452128 
884 375 13 19 0.026363952 
121 521 12 17 0.026352972 
988 451 36 58 0.026334457 
321 376 14 20 0.026259994 
520 526 15 22 0.026198186 
795 403 25 32 0.02617841 
38 288 44 54 0.026148714 
149 435 14 20 0.026125986 
733 364 20 26 0.026052449 
139 520 30 32 0.02602511 
882 402 14 19 0.02598445 
617 499 16 19 0.025859678 
0 360 46 61 0.025805008 
508 67 25 32 0.025798861 
995 386 13 17 0.025661102 
1003 443 18 23 0.025617009 
730 354 20 27 0.025596518 
545 515 28 32 0.025587726 
675 464 27 31 0.02553825 
835 382 15 21 0.025448883 
620 337 46 63 0.025318364 
21 501 14 20 0.0252088 
85 379 11 16 0.025192808 
226 565 42 50 0.025117952 
52 270 27 33 0.024959547 
902 478 30 36 0.024897303 
716 550 52 56 0.024883501 
576 478 23 29 0.024794517 
504 437 28 40 0.024788914 
491 256 20 22 0.024784274 
41 479 24 34 0.02477488 
357 509 11 14 0.024737623 
989 408 26 34 0.024723332 
577 498 26 34 0.02455917 
120 506 25 34 0.024315778 
665 578 17 24 0.024283497 
989 432 14 22 0.024122525 
92 451 16 17 0.024056682 
596 557 35 39 0.02395559 
186 421 39 50 0.023880847 
948 424 25 33 0.023870163 
165 426 13 19 0.023859147 
874 487 43 53 0.023803083 
30 443 13 16 0.023801632 
349 1 17 19 0.02374727 
85 425 15 20 0.023546038 
687 584 28 34 0.023359325 
313 591 23 23 0.023347953 
150 4 31 34 0.023347277 
534 94 16 20 0.023337083 
673 555 47 55 0.02329795 
902 484 94 120 0.023219327 
760 387 24 31 0.023081586 
367 516 12 15 0.023075942 
10 538 26 33 0.023030799 
579 483 53 58 0.022946024 
943 372 45 56 0.02286508 
928 531 55 76 0.022793999 
94 402 12 17 0.022792688 
7 496 23 29 0.022712057 
997 357 12 15 0.022688085 
637 474 24 33 0.022632668 
52 539 13 17 0.02261266 
411 530 16 22 0.02259179 
4 378 52 72 0.0224553 
765 401 17 24 0.022445355 
956 506 26 27 0.022343913 
518 84 21 26 0.022319123 
382 557 25 34 0.022273254 
520 511 41 49 0.022187592 
197 549 24 37 0.02216306 
692 593 15 20 0.022146463 
883 366 13 20 0.022142908 
865 365 18 23 0.022080893 
141 408 11 17 0.022028325 
1004 356 10 13 0.02197883 
1003 408 16 21 0.021962836 
942 295 15 19 0.02195689 
581 497 14 17 0.02191617 
961 425 18 27 0.021866089 
215 525 41 54 0.021798968 
749 334 25 30 0.021671856 
881 2 19 21 0.021572834 
802 552 50 58 0.021542143 
897 489 55 63 0.021491814 
865 492 27 34 0.021434119 
9 508 25 30 0.021406952 
357 525 12 17 0.02131991 
883 52 27 35 0.021314558 
570 520 14 22 0.021305503 
347 411 24 36 0.021272821 
234 555 18 26 0.021255039 
1006 349 12 16 0.021120992 
354 372 25 31 0.021082804 
594 493 12 17 0.021076003 
135 496 40 46 0.021015538 
6 267 12 17 0.020871475 
952 340 12 14 0.020823965 
328 397 37 56 0.020813482 
845 466 23 29 0.020792179 
962 42 24 31 0.020786447 
213 502 40 50 0.020764206 
470 442 15 22 0.020763371 
898 349 23 29 0.020579945 
414 529 23 31 0.020578425 
604 38 14 19 0.020500764 
473 11 14 20 0.020498538 
930 395 42 60 0.020481467 
361 570 49 49 0.02046501 
103 508 23 31 0.020449145 
134 421 21 30 0.020416802 
837 325 15 18 0.020380888 
923 360 22 31 0.020225726 
762 346 14 17 0.020193737 
76 420 13 18 0.020137839 
376 438 26 35 0.020126164 
680 369 22 26 0.020000849 
