3_Riot_Riot_3_306
77
745 88 62 82 0.9993814 
269 144 52 62 0.99812657 
650 173 72 70 0.9661691 
481 194 45 55 0.9604295 
915 61 67 74 0.9506176 
323 126 23 33 0.90937155 
145 150 20 26 0.830725 
232 272 65 69 0.46458742 
285 245 32 58 0.46301973 
263 255 50 63 0.30309677 
5 15 80 121 0.2684816 
447 224 23 32 0.21274929 
417 144 19 22 0.16616027 
234 186 33 38 0.15344743 
180 151 18 24 0.1308846 
541 308 64 75 0.12269161 
475 134 31 38 0.116306685 
221 87 16 18 0.10126151 
30 129 56 73 0.09647012 
299 246 31 53 0.08352166 
914 113 28 41 0.07479718 
231 264 92 131 0.070388906 
243 248 52 65 0.06356716 
478 169 43 54 0.053583633 
666 195 43 46 0.05133401 
644 144 53 74 0.047045432 
538 115 40 54 0.042943638 
919 76 86 108 0.042836856 
575 321 63 62 0.04190073 
975 70 36 47 0.04181624 
6 95 99 122 0.041270893 
628 312 56 59 0.039821997 
434 217 29 38 0.039699778 
476 147 38 44 0.039331794 
206 137 14 21 0.039316617 
911 61 40 49 0.0349871 
492 89 42 50 0.034559138 
456 290 34 35 0.03432954 
45 463 11 13 0.033575393 
70 207 12 15 0.033197153 
171 219 23 37 0.032248404 
906 85 53 72 0.03155376 
971 1 49 60 0.031454302 
215 191 27 32 0.031122427 
520 79 12 15 0.03075927 
221 195 37 38 0.030544518 
812 70 42 57 0.02970353 
989 0 33 38 0.029539462 
640 122 50 66 0.029261125 
434 152 26 30 0.028996667 
174 154 16 22 0.028695973 
624 102 47 57 0.027792513 
603 317 64 64 0.027268274 
204 132 25 34 0.026998188 
454 222 29 38 0.025162203 
508 87 25 29 0.024790118 
40 47 38 46 0.024140552 
215 192 15 21 0.023475204 
936 0 59 55 0.023366494 
475 122 28 32 0.023194844 
315 127 40 49 0.023008453 
171 195 40 51 0.022895753 
303 130 30 41 0.022844715 
921 17 55 69 0.022296514 
680 321 29 41 0.02199464 
497 197 49 60 0.021885002 
381 104 25 34 0.021862894 
23 158 62 82 0.021641612 
403 139 24 29 0.021614958 
181 180 13 19 0.021506667 
868 92 13 16 0.021126455 
980 625 40 62 0.020863224 
533 285 52 71 0.020722317 
521 188 48 62 0.020633448 
282 7 18 23 0.020543588 
560 287 59 73 0.020332163 
-6 414 102 134 0.020089082 
