3_Riot_Riot_3_710
86
617 80 53 56 0.99539375 
489 175 64 75 0.9724129 
1 195 23 28 0.84702337 
33 191 17 21 0.47374535 
574 146 39 51 0.42317775 
966 147 52 69 0.29428646 
997 28 23 30 0.25117072 
224 81 49 68 0.15285893 
297 71 44 63 0.14010222 
62 179 13 16 0.13258487 
210 102 33 52 0.123995066 
743 21 34 47 0.10758374 
528 147 35 41 0.10728051 
1000 319 23 42 0.10624192 
69 187 12 15 0.09077079 
15 190 22 29 0.08014604 
27 181 16 19 0.079245 
722 -2 39 35 0.076746084 
250 71 54 69 0.06537928 
50 425 23 26 0.060611043 
36 180 17 19 0.06000537 
649 401 35 47 0.059528545 
87 411 25 31 0.050381478 
77 189 11 14 0.04987501 
273 75 57 73 0.048154667 
117 356 12 16 0.046529733 
133 181 10 13 0.046332855 
985 228 41 56 0.04495557 
39 186 17 20 0.044250295 
69 194 13 16 0.04304906 
43 201 14 18 0.043014478 
0 179 11 15 0.041983504 
93 60 18 20 0.04101978 
995 77 14 19 0.039401945 
570 135 31 42 0.037254535 
451 149 27 36 0.035969354 
31 199 14 19 0.035207767 
763 164 18 22 0.033780515 
978 198 45 68 0.03295039 
198 112 31 44 0.032919303 
291 57 37 57 0.032560833 
592 157 35 46 0.032401156 
127 163 11 13 0.03198876 
67 176 12 16 0.031652637 
84 187 12 15 0.031389654 
500 151 61 72 0.031368624 
23 185 15 19 0.03126116 
627 522 17 18 0.030720325 
56 179 12 16 0.03054439 
226 109 48 69 0.030543637 
42 173 15 17 0.030491184 
51 202 14 19 0.029843973 
0 257 13 20 0.029712223 
47 348 46 68 0.029037796 
727 -2 57 59 0.027833272 
956 285 48 73 0.027743613 
101 202 13 15 0.026664905 
120 204 13 15 0.026499938 
959 344 13 18 0.026493113 
31 156 10 13 0.025453895 
23 174 12 16 0.025401775 
122 356 14 18 0.02528797 
209 60 80 107 0.024682911 
150 142 11 15 0.02421379 
795 142 33 45 0.023913797 
37 157 11 13 0.02364355 
452 174 29 36 0.023055263 
585 156 22 26 0.02252667 
701 -3 55 54 0.022461027 
100 135 11 14 0.022185536 
2 186 39 50 0.02216712 
25 124 9 12 0.022159055 
519 157 78 98 0.0219669 
142 180 11 15 0.021920035 
61 197 22 28 0.021915747 
104 181 10 13 0.021592937 
697 -5 89 98 0.021103606 
284 67 84 109 0.021023003 
14 135 10 12 0.02099319 
30 124 8 11 0.020984184 
307 57 31 48 0.020745816 
729 31 35 46 0.020688366 
457 169 45 59 0.02040576 
562 145 26 34 0.020263098 
588 119 16 20 0.020231001 
564 133 77 102 0.020010563 
