3_Riot_Riot_3_958
157
233 9 29 37 0.9969393 
136 2 26 34 0.9962767 
54 22 25 33 0.99175686 
522 42 25 36 0.99094874 
404 24 34 48 0.9836053 
569 112 57 67 0.9835106 
107 29 26 35 0.9818044 
14 10 32 41 0.967863 
373 33 23 29 0.9672272 
922 73 24 33 0.96169823 
864 20 33 40 0.95557564 
776 40 26 34 0.92887646 
68 4 26 29 0.89948577 
706 29 26 35 0.88203526 
334 36 18 26 0.8635347 
664 56 22 26 0.8009716 
313 39 16 21 0.723321 
954 56 23 35 0.66434324 
209 25 22 26 0.5204547 
602 43 24 27 0.47022986 
181 24 21 27 0.44228122 
498 33 17 23 0.43168333 
825 44 23 28 0.3987263 
306 0 18 18 0.30214572 
971 19 16 21 0.29303646 
869 62 26 31 0.27457786 
969 59 17 22 0.2701825 
60 13 24 31 0.26576033 
771 45 17 24 0.2581345 
320 35 20 27 0.24877177 
287 35 21 27 0.21443675 
909 62 37 53 0.15339476 
466 41 15 21 0.14535205 
487 49 13 18 0.10876665 
563 77 30 51 0.09833168 
297 110 27 31 0.09658119 
861 33 42 57 0.09178228 
964 17 17 21 0.09082644 
654 43 40 46 0.088411674 
489 37 21 30 0.07925924 
699 37 24 31 0.07447138 
651 58 23 29 0.072506085 
298 33 21 28 0.07070672 
270 375 206 253 0.06962253 
954 50 15 22 0.06849757 
173 33 14 20 0.0680793 
563 94 42 64 0.06603552 
436 40 16 20 0.065089315 
937 61 27 39 0.060604077 
955 37 29 38 0.06035681 
131 213 403 487 0.059453383 
507 42 24 32 0.05829204 
-3 25 12 22 0.057307057 
397 21 24 34 0.056934766 
474 43 13 19 0.056461476 
875 42 44 61 0.05631348 
740 0 13 13 0.054141924 
735 622 12 16 0.053203564 
461 44 14 22 0.052297898 
978 27 17 24 0.050881643 
989 332 16 21 0.050804976 
765 98 39 55 0.04775775 
754 65 22 28 0.047598764 
569 50 26 35 0.047579695 
385 26 24 33 0.046538323 
672 48 25 31 0.046462424 
808 567 100 128 0.04607771 
451 38 20 29 0.04493814 
575 51 14 19 0.044483054 
547 68 13 19 0.04382367 
468 29 13 17 0.04369525 
636 58 14 18 0.043351203 
109 -1 17 19 0.042983126 
740 621 13 14 0.042888816 
1012 51 11 18 0.04264556 
6 13 24 34 0.042466976 
758 60 13 16 0.042307734 
750 11 17 19 0.04200452 
39 88 379 492 0.041792773 
632 58 26 33 0.04176237 
543 64 23 32 0.041750208 
442 36 14 20 0.041615095 
1005 311 15 21 0.040918227 
920 270 28 34 0.040136266 
324 0 19 19 0.03910396 
749 52 12 15 0.03874464 
804 43 14 21 0.038442764 
308 29 15 21 0.038004052 
1002 57 21 29 0.03730472 
601 110 55 75 0.03634364 
42 15 27 37 0.036255844 
644 60 14 18 0.03498538 
785 38 19 23 0.032771375 
948 44 40 57 0.032612864 
289 117 46 53 0.032333612 
295 114 16 20 0.031546578 
950 56 17 26 0.030756958 
843 28 37 53 0.02961361 
528 52 38 51 0.029521428 
552 76 29 45 0.02947931 
258 0 17 22 0.029456362 
446 0 14 14 0.028735796 
363 5 17 20 0.028374255 
702 46 14 19 0.028144749 
692 47 15 21 0.027935421 
177 41 24 30 0.027367797 
682 49 16 20 0.026980028 
311 447 119 153 0.026935676 
722 0 19 18 0.026571436 
684 261 122 135 0.026413543 
497 30 12 15 0.026210872 
630 53 15 20 0.02614432 
248 2 24 30 0.026122736 
443 48 14 19 0.025819695 
351 116 58 57 0.025535995 
812 6 23 29 0.025470035 
973 357 16 19 0.024911046 
944 41 26 35 0.024885226 
833 37 25 34 0.024880067 
279 69 12 16 0.024827149 
724 38 26 33 0.024631646 
918 -1 39 44 0.024471605 
223 19 28 36 0.024398604 
533 1 15 19 0.024237262 
766 48 26 37 0.024142584 
846 6 74 95 0.023828216 
741 51 13 18 0.02373822 
744 55 21 27 0.023657147 
533 26 15 18 0.023534684 
816 602 36 42 0.023332007 
765 53 16 22 0.023305822 
634 103 37 53 0.022979785 
460 27 21 30 0.022597235 
397 21 15 21 0.022445343 
464 10 12 15 0.022246456 
453 47 12 18 0.022104325 
362 121 31 36 0.022100171 
583 49 18 21 0.022077816 
185 10 25 29 0.021918979 
145 681 62 57 0.021838553 
810 41 20 29 0.021772668 
889 34 73 95 0.021770706 
627 70 31 40 0.021641184 
637 1 27 31 0.021559225 
987 33 13 18 0.021473112 
935 15 41 51 0.02140488 
756 51 15 19 0.021039883 
631 47 48 53 0.021009518 
558 61 27 39 0.020810679 
323 105 110 102 0.020680666 
590 34 44 51 0.020633448 
977 12 17 21 0.02057195 
905 -1 25 28 0.020457558 
940 50 14 18 0.020446692 
547 50 13 20 0.020408234 
356 4 16 20 0.020311434 
794 42 25 31 0.020061165 
