3_Riot_Riot_3_137
686
922 351 53 65 0.9984439 
333 386 54 68 0.99662787 
60 386 37 44 0.99655765 
106 411 36 45 0.9964618 
269 361 43 50 0.9850803 
922 314 28 33 0.983322 
486 323 42 52 0.9736467 
972 323 26 35 0.9567608 
662 357 49 57 0.94637996 
399 336 32 42 0.86914307 
776 310 21 28 0.856375 
784 314 20 30 0.85407346 
894 325 27 31 0.54078466 
812 293 12 14 0.4460427 
175 294 9 11 0.4396644 
671 301 14 17 0.416232 
761 287 10 12 0.3929617 
389 340 12 17 0.382053 
546 307 13 16 0.37739813 
350 325 16 20 0.31771398 
64 304 8 10 0.25087282 
79 308 7 10 0.2451462 
973 284 9 12 0.23538876 
566 301 12 17 0.23152496 
526 306 13 18 0.22956006 
608 291 8 12 0.2179148 
29 360 14 18 0.2153233 
150 333 9 11 0.19987015 
233 301 8 11 0.1885858 
134 339 8 11 0.1862631 
72 307 8 11 0.177998 
140 295 9 11 0.17294633 
964 308 12 16 0.17242253 
232 296 7 10 0.16876772 
373 317 10 12 0.16721568 
459 306 22 30 0.16463138 
567 296 21 26 0.16316913 
952 286 8 11 0.15845437 
1012 297 11 16 0.15000308 
789 231 8 10 0.14807488 
337 324 11 14 0.14223264 
733 313 13 16 0.14213294 
663 291 9 12 0.14069779 
180 292 9 12 0.13507523 
201 288 7 9 0.13313264 
177 289 8 11 0.12664399 
231 318 10 14 0.118428335 
992 277 9 11 0.11555715 
789 295 15 18 0.11533091 
-1 409 13 22 0.11415769 
100 341 12 14 0.11411426 
685 177 11 16 0.10775486 
22 357 13 16 0.10736073 
189 317 9 12 0.106626175 
118 294 7 10 0.1063057 
140 158 15 21 0.10588737 
4 357 11 13 0.10535632 
65 309 9 10 0.10512842 
44 338 15 18 0.10460704 
688 364 38 46 0.10367443 
247 294 8 10 0.10115357 
391 326 11 15 0.100046396 
997 278 9 11 0.0996567 
720 323 10 13 0.09953516 
46 309 8 9 0.09922574 
233 308 9 12 0.09869316 
170 295 9 11 0.09725781 
149 328 9 11 0.0971625 
145 333 9 12 0.09596744 
911 293 13 16 0.095495984 
969 280 9 12 0.09511787 
514 302 27 33 0.093814075 
105 310 8 10 0.09305233 
991 366 36 56 0.090171814 
735 254 11 14 0.0894465 
22 328 9 11 0.08924626 
581 300 12 15 0.088088445 
806 272 8 11 0.08797693 
750 307 10 13 0.087636635 
756 359 15 20 0.08458271 
261 316 11 12 0.08376748 
182 288 8 10 0.08299935 
807 288 21 25 0.0818336 
588 293 9 12 0.08146261 
906 272 9 11 0.08069427 
789 385 30 40 0.07951685 
119 318 10 11 0.07892457 
704 317 10 13 0.07851605 
386 338 21 27 0.07701784 
946 278 9 11 0.0766063 
562 300 11 14 0.07648706 
588 335 14 19 0.07604872 
113 296 8 9 0.07517935 
271 277 9 12 0.07482086 
829 271 8 10 0.074582234 
23 312 8 10 0.072665595 
86 304 8 10 0.07260675 
179 378 15 21 0.07240632 
136 378 23 30 0.071655735 
101 336 11 12 0.07131029 
985 273 8 9 0.07114556 
341 329 15 18 0.07104736 
839 291 11 14 0.07079813 
766 281 8 11 0.07032449 
149 341 12 15 0.0703206 
792 255 7 9 0.07023077 
41 305 7 9 0.07019915 
19 353 23 28 0.06817218 
721 239 9 11 0.066893116 
57 319 8 10 0.06615709 
168 319 9 12 0.06453791 
990 273 9 10 0.06408277 
110 303 8 9 0.06380731 
376 334 9 13 0.06357867 
893 302 27 33 0.06355577 
200 294 8 10 0.062961124 
224 255 8 10 0.062550426 
814 467 35 45 0.062236376 
999 273 9 10 0.06222853 
956 294 10 10 0.06139005 
280 293 10 13 0.060662143 
194 364 25 30 0.060626168 
120 311 8 10 0.060600094 
402 348 20 25 0.06059616 
105 303 9 11 0.06051911 
327 302 9 11 0.060512505 
15 312 8 9 0.060463995 
439 306 10 14 0.06011639 
726 332 12 15 0.059801284 
137 414 25 38 0.059527673 
80 289 8 8 0.05935478 
145 326 9 11 0.059152246 
201 358 25 28 0.05908825 
958 301 13 16 0.059081692 
61 318 9 10 0.058753055 
584 288 8 10 0.0586546 
583 293 10 14 0.05804492 
552 279 9 11 0.058010288 
622 280 10 11 0.057966772 
3 254 10 14 0.057931162 
876 383 16 21 0.05781287 
261 333 14 17 0.0576097 
143 319 9 11 0.05755312 
801 272 9 11 0.05743557 
224 271 8 11 0.056998655 
905 295 23 26 0.056514665 
784 236 9 10 0.056485232 
741 308 11 13 0.055842794 
72 289 6 8 0.05571023 
270 303 9 11 0.055700466 
749 470 30 46 0.05560752 
588 300 10 13 0.055319794 
902 314 28 34 0.055002473 
281 299 10 14 0.054934166 
225 317 8 12 0.054912217 
428 307 13 15 0.054757576 
709 316 11 14 0.05466954 
85 309 9 10 0.054240648 
652 352 33 47 0.0541814 
159 301 8 11 0.053867936 
245 8 111 102 0.053444397 
168 300 8 11 0.052837726 
670 278 8 11 0.052776683 
381 317 10 14 0.052636575 
103 317 9 11 0.052306492 
750 293 11 12 0.052219316 
561 296 9 12 0.052213673 
800 322 16 20 0.05210921 
109 310 8 10 0.05210636 
34 357 16 19 0.052103467 
207 294 8 11 0.051809285 
818 292 11 14 0.051682144 
782 297 23 29 0.051648054 
415 293 9 11 0.051490143 
311 310 11 13 0.050733354 
743 302 10 14 0.050700452 
205 287 8 11 0.050530314 
55 326 9 10 0.04968926 
215 310 10 13 0.049356382 
728 284 9 12 0.04935565 
173 319 10 12 0.04931171 
760 280 10 12 0.049256917 
936 263 9 11 0.049148202 
574 295 12 14 0.049074262 
303 285 9 11 0.04903246 
854 276 10 13 0.048907094 
105 295 8 10 0.04883012 
51 347 13 16 0.048638705 
194 286 7 9 0.048635874 
844 291 14 18 0.0484481 
612 293 9 13 0.04841593 
328 368 27 32 0.048392154 
589 287 9 11 0.048359215 
336 310 9 10 0.048278414 
557 301 19 26 0.048171435 
756 302 11 13 0.048166316 
15 351 10 12 0.0476176 
373 321 11 15 0.047585428 
43 353 15 17 0.047584478 
813 338 13 19 0.04690627 
719 243 9 12 0.046824288 
22 352 11 13 0.04681565 
86 281 7 8 0.046695825 
95 304 8 10 0.046595838 
112 327 10 12 0.04659119 
128 335 9 12 0.04642988 
119 289 7 9 0.046242937 
9 309 8 10 0.046230122 
108 341 10 14 0.046228606 
295 300 10 13 0.046153482 
723 325 12 14 0.04600249 
835 368 37 46 0.045736082 
385 344 13 17 0.04570478 
537 361 19 22 0.0454969 
151 310 9 11 0.045430478 
881 294 25 32 0.04533853 
660 337 16 20 0.04513877 
668 295 13 17 0.044896636 
891 297 16 21 0.04484255 
201 300 8 11 0.04463661 
32 317 8 10 0.044570234 
32 312 7 9 0.04437953 
257 333 23 27 0.044342488 
120 301 8 10 0.044216655 
58 301 7 10 0.044171564 
933 291 10 13 0.044073682 
227 293 8 11 0.043798115 
207 300 10 12 0.04372323 
335 286 7 9 0.04364283 
64 297 8 10 0.043545287 
13 356 14 16 0.043387506 
995 328 16 21 0.043382578 
56 297 7 9 0.04322383 
741 260 10 12 0.042631418 
544 312 14 18 0.042595614 
352 320 10 13 0.042471528 
255 333 13 17 0.04244786 
23 317 8 10 0.042406116 
731 338 14 19 0.04239697 
0 339 9 14 0.04238478 
230 272 8 11 0.042319834 
904 275 11 14 0.041709166 
8 346 27 31 0.04164251 
726 315 12 14 0.041495033 
159 285 8 11 0.041493118 
632 294 9 12 0.041490253 
343 302 9 12 0.041463446 
159 295 8 11 0.04119875 
374 339 10 14 0.041159533 
847 273 9 10 0.04105674 
8 303 8 11 0.04104271 
974 292 10 12 0.041020337 
953 291 10 12 0.040897332 
936 254 8 10 0.04076244 
288 320 11 13 0.040665757 
266 302 8 11 0.040414173 
268 317 10 12 0.040296283 
911 321 42 52 0.040215205 
368 310 11 14 0.040072713 
1007 271 9 10 0.03994086 
728 279 9 12 0.039898444 
868 297 15 20 0.039703976 
821 320 14 19 0.039663915 
811 346 15 21 0.039635245 
103 364 21 31 0.039622452 
39 318 8 11 0.039375957 
877 291 15 19 0.03935686 
943 271 9 11 0.039221182 
790 236 8 10 0.039208163 
188 322 11 15 0.038997017 
385 334 11 15 0.03895357 
976 271 7 9 0.03892321 
782 279 9 10 0.038773704 
897 291 21 26 0.038733054 
325 296 8 9 0.038599655 
224 288 8 10 0.03830509 
662 332 14 16 0.038187373 
242 286 7 11 0.038012374 
66 288 7 9 0.03785181 
96 309 8 10 0.037839126 
246 287 9 12 0.037782352 
270 309 10 11 0.03770864 
615 285 10 12 0.03747184 
638 288 9 11 0.037412245 
198 317 10 13 0.03731369 
44 384 16 19 0.037285104 
117 325 11 14 0.03711653 
962 311 21 29 0.037113465 
904 231 7 10 0.03699649 
207 309 10 12 0.036959626 
595 331 13 18 0.036909554 
-5 412 22 41 0.03687376 
808 287 10 13 0.036829636 
885 329 18 22 0.036751945 
993 284 10 12 0.036553677 
267 331 14 16 0.036320854 
968 271 7 9 0.036236115 
1014 270 9 12 0.036219623 
784 284 8 12 0.036117252 
848 276 9 12 0.036079258 
409 294 9 11 0.036071308 
781 324 16 22 0.03600004 
874 376 27 34 0.035799697 
352 288 8 9 0.035743896 
985 325 24 30 0.035569366 
936 268 9 12 0.035548672 
956 286 10 12 0.035475228 
15 317 9 10 0.035423096 
883 362 37 55 0.035383604 
734 300 13 15 0.035366405 
302 299 10 13 0.035358243 
8 317 8 10 0.03534889 
186 368 23 30 0.035270095 
793 323 18 24 0.035200655 
773 284 10 13 0.035142552 
786 253 8 11 0.035072323 
223 310 8 12 0.035044298 
390 319 12 15 0.034988694 
750 271 8 10 0.03496333 
56 312 7 8 0.034887236 
784 224 9 12 0.034750506 
50 333 14 16 0.034728423 
144 341 10 12 0.034711286 
317 310 9 12 0.03469666 
87 295 8 9 0.034659762 
336 329 13 16 0.03465958 
566 304 29 35 0.034653913 
923 328 47 59 0.03464945 
812 320 15 21 0.034597363 
860 296 16 21 0.034528755 
617 279 9 11 0.034473382 
167 349 10 14 0.0344043 
751 286 12 14 0.03439853 
167 324 9 12 0.03434604 
959 277 9 11 0.03432803 
622 302 24 29 0.034317933 
238 294 9 10 0.03430892 
872 232 8 9 0.034288626 
217 270 8 12 0.034086104 
558 351 14 20 0.034067705 
343 309 8 10 0.03398846 
960 271 8 9 0.033816352 
257 312 9 12 0.03379937 
72 294 7 9 0.033610817 
1006 277 10 12 0.03348088 
770 350 16 21 0.033460207 
144 347 11 14 0.03336291 
850 291 17 21 0.033231035 
200 343 27 32 0.03321602 
757 282 19 22 0.0332088 
577 291 21 26 0.03320625 
316 316 10 13 0.033193972 
149 317 10 12 0.033115264 
96 336 11 13 0.033090614 
126 302 8 10 0.03307239 
531 302 13 17 0.033034988 
366 340 11 16 0.032966465 
287 308 9 11 0.03287129 
805 336 14 20 0.032862063 
899 334 42 53 0.03282244 
310 303 9 12 0.032717552 
678 28 95 132 0.032702085 
86 287 7 9 0.03269138 
466 311 24 35 0.032631926 
503 310 35 45 0.032581657 
623 307 14 17 0.03242626 
82 357 14 15 0.032359794 
174 382 15 20 0.03234848 
10 433 17 23 0.03231826 
193 295 7 10 0.032261338 
893 278 11 14 0.03212146 
272 283 9 12 0.031908985 
136 289 8 11 0.031892024 
236 349 12 15 0.03186416 
589 323 14 19 0.031852763 
185 311 10 12 0.031759772 
235 303 10 11 0.031759143 
82 280 7 10 0.03171368 
161 326 8 11 0.03169264 
256 324 10 13 0.031550206 
528 349 25 30 0.03138584 
566 343 24 26 0.03137291 
217 278 8 9 0.03136807 
816 263 8 9 0.031295627 
601 286 10 13 0.031262185 
328 307 10 12 0.031121027 
192 281 7 9 0.03090416 
762 352 17 21 0.030655257 
702 207 9 11 0.030620256 
944 284 9 12 0.030617876 
880 334 29 36 0.030501772 
231 290 9 10 0.030441046 
16 325 10 13 0.03043119 
217 255 7 10 0.030414432 
662 256 9 11 0.030289141 
444 308 11 15 0.030287007 
918 319 19 23 0.03027089 
655 278 8 10 0.03019619 
800 262 8 10 0.029978087 
197 361 15 20 0.029948775 
17 348 40 46 0.029946642 
719 206 9 11 0.029920846 
959 361 42 59 0.029899014 
1007 262 10 11 0.029750511 
131 153 26 33 0.02961745 
574 317 26 31 0.029589428 
232 276 8 10 0.02952884 
638 254 10 13 0.029488256 
347 333 18 21 0.029411314 
136 299 9 11 0.029360825 
774 203 9 12 0.029185073 
13 303 8 10 0.029162832 
183 330 11 15 0.029074334 
70 334 11 13 0.029060416 
769 328 23 31 0.029048445 
776 278 9 12 0.02901085 
655 286 10 13 0.02899655 
561 326 24 31 0.028979372 
1007 285 11 13 0.028884297 
1001 263 8 10 0.028799906 
711 266 11 15 0.028779682 
960 312 13 18 0.028747179 
118 373 26 33 0.02871357 
972 317 14 18 0.028701296 
13 426 15 20 0.028692855 
826 323 16 20 0.028640185 
718 261 9 12 0.02858282 
213 301 9 12 0.028539384 
94 344 14 16 0.028487284 
156 348 11 14 0.028481731 
128 288 8 9 0.028467007 
39 335 13 16 0.028425785 
157 332 9 12 0.028351061 
887 277 11 13 0.028256299 
889 272 8 10 0.028228207 
801 469 31 45 0.028202435 
615 300 10 13 0.028141065 
160 280 9 11 0.028130315 
80 294 8 9 0.027943706 
1003 327 14 19 0.027888821 
720 232 9 11 0.027847456 
344 296 9 10 0.027798416 
408 339 19 25 0.027787626 
824 263 8 11 0.027786842 
971 308 12 16 0.027774056 
207 316 9 11 0.027755728 
125 320 8 10 0.027750628 
920 262 8 10 0.027650576 
171 284 20 25 0.027614564 
852 377 31 37 0.027599113 
530 311 14 19 0.027588647 
883 309 28 35 0.027543334 
200 281 8 10 0.02749613 
974 300 11 14 0.027474869 
126 310 8 10 0.027474854 
808 263 7 10 0.02747234 
96 326 9 10 0.0272971 
717 269 9 13 0.027292714 
49 296 8 9 0.027264884 
570 338 18 20 0.027209718 
96 294 8 10 0.027154356 
910 285 13 17 0.027080437 
926 291 13 16 0.026976613 
360 303 8 11 0.02696208 
734 285 9 13 0.026921224 
841 270 8 11 0.0269058 
777 271 8 10 0.026853912 
153 302 8 11 0.026813155 
860 278 11 13 0.02678482 
77 334 11 13 0.026746085 
161 320 8 10 0.026711341 
792 248 7 10 0.0266787 
871 272 9 10 0.02662405 
223 276 8 10 0.026545176 
213 295 8 10 0.026539896 
718 214 9 11 0.026515704 
649 286 10 13 0.026484642 
62 326 9 10 0.026468344 
743 245 9 11 0.02644479 
734 293 11 14 0.026407242 
356 326 20 26 0.026267603 
117 356 14 17 0.026223782 
343 338 12 16 0.026176697 
62 341 12 15 0.026088113 
734 279 8 10 0.0260739 
929 254 8 11 0.026044674 
237 340 11 14 0.026020752 
0 351 22 26 0.025956465 
889 331 34 47 0.025917368 
865 239 7 10 0.025900276 
926 283 14 16 0.025857553 
636 292 11 13 0.02584071 
342 348 13 16 0.025831083 
364 331 12 17 0.025807943 
540 351 23 27 0.025794426 
852 284 14 18 0.02572854 
950 271 9 11 0.025709312 
600 279 9 10 0.02570584 
181 300 9 11 0.025661066 
480 316 32 44 0.025635201 
24 304 8 9 0.025520891 
388 323 23 29 0.0254405 
667 336 15 19 0.025392506 
815 325 21 28 0.025365181 
86 335 10 12 0.02534531 
30 326 9 11 0.02531271 
559 305 12 16 0.025216358 
733 338 24 30 0.025088195 
975 254 8 10 0.025063792 
103 325 10 12 0.024944846 
206 325 10 12 0.02494256 
629 299 14 17 0.024930503 
860 306 17 21 0.024890104 
398 302 11 12 0.024781412 
278 287 9 12 0.02474544 
750 247 9 11 0.024732945 
236 5 81 66 0.024659464 
393 333 14 17 0.02464346 
732 320 15 18 0.024591496 
335 303 9 12 0.024555812 
28 333 11 13 0.024489477 
261 325 13 15 0.024480663 
331 374 34 45 0.02447887 
668 293 24 28 0.024464095 
0 350 10 14 0.0244204 
576 287 9 10 0.024329148 
6 351 11 14 0.024306372 
651 341 28 36 0.024270762 
4 358 42 53 0.02426607 
986 196 9 12 0.024258126 
556 335 23 32 0.02418906 
630 278 9 10 0.024172502 
422 301 11 12 0.024115825 
264 296 9 10 0.024108844 
744 293 9 12 0.024052646 
96 318 9 11 0.024020448 
793 261 7 10 0.024013467 
745 270 9 11 0.023900049 
122 396 34 45 0.023816612 
886 283 13 17 0.023814775 
1013 329 11 17 0.023729404 
711 255 10 12 0.023702303 
777 237 9 11 0.023678688 
935 315 27 34 0.023627447 
914 246 8 12 0.023617756 
912 253 9 11 0.023611514 
791 278 10 12 0.023609024 
649 278 7 10 0.023579124 
657 256 9 11 0.023569738 
533 286 10 13 0.023561956 
852 314 15 18 0.023549179 
751 342 23 28 0.023534166 
372 347 13 17 0.023510398 
97 288 7 10 0.023469923 
192 447 47 58 0.023425965 
888 264 7 9 0.023425868 
599 270 9 10 0.023390332 
624 292 10 13 0.023341436 
668 284 10 13 0.02329086 
207 280 8 10 0.023275819 
201 310 9 11 0.023239901 
39 324 9 11 0.023194827 
954 319 42 56 0.023138668 
213 325 11 14 0.023028005 
749 205 9 11 0.02300508 
68 348 14 17 0.022969374 
298 285 8 11 0.022964098 
215 262 7 10 0.022953896 
147 377 25 31 0.02294838 
992 254 8 10 0.022946067 
376 313 18 25 0.022911137 
87 326 8 10 0.022828072 
526 286 10 11 0.022775602 
591 280 9 11 0.02276597 
253 293 8 10 0.02276372 
88 340 12 13 0.02275395 
709 308 12 16 0.022685036 
153 294 8 11 0.022648131 
781 271 9 11 0.022644348 
816 254 8 10 0.022636447 
437 316 39 51 0.022618428 
240 279 7 10 0.022601945 
662 325 12 15 0.022544615 
175 270 7 10 0.02250811 
340 363 15 19 0.022495994 
607 271 8 10 0.022486601 
678 321 13 16 0.022478795 
236 333 11 14 0.02247803 
624 272 8 10 0.022471618 
953 254 7 10 0.022469817 
825 276 9 12 0.022461899 
-1 402 25 34 0.022455117 
169 287 8 10 0.022421045 
749 337 17 21 0.022395324 
750 262 8 11 0.022381013 
517 302 14 19 0.022378678 
976 327 40 51 0.022366067 
736 230 8 10 0.022345906 
936 248 8 10 0.022223411 
35 361 25 29 0.022219501 
216 246 8 10 0.022218082 
981 285 9 12 0.022201337 
190 355 14 19 0.022141788 
69 340 13 15 0.022123206 
942 254 8 10 0.022112608 
735 246 10 11 0.022111418 
1012 302 12 19 0.022104232 
135 311 9 10 0.022046437 
428 313 13 17 0.022037258 
779 344 14 20 0.021998098 
204 339 16 20 0.021994045 
910 263 9 10 0.021980936 
751 251 9 12 0.021977022 
216 287 8 11 0.021928487 
248 339 10 14 0.021900097 
602 291 10 13 0.021876706 
80 327 9 11 0.021854443 
310 247 9 11 0.02184703 
117 350 13 15 0.021846248 
157 355 12 15 0.021842428 
928 262 9 10 0.021831356 
287 277 10 12 0.021817751 
124 356 13 16 0.021816656 
63 332 11 14 0.02177179 
783 247 9 10 0.021718448 
789 286 11 12 0.021685697 
607 279 8 10 0.021673854 
47 318 8 10 0.021626499 
159 309 8 11 0.021531133 
310 287 8 10 0.021519102 
160 381 24 28 0.021498268 
367 325 11 15 0.021475123 
1 247 9 14 0.021459034 
125 326 9 12 0.021457318 
351 101 205 278 0.021447679 
726 243 9 12 0.021404736 
355 345 16 19 0.021388814 
320 286 8 10 0.021354642 
440 294 10 13 0.021310918 
510 293 11 14 0.021299068 
183 280 8 9 0.021265961 
0 301 8 13 0.021248372 
753 332 16 18 0.021214982 
198 323 11 14 0.021173043 
15 342 11 12 0.021105047 
950 307 14 17 0.02100504 
216 239 8 11 0.020970669 
275 330 13 16 0.0208949 
85 361 26 31 0.020812016 
381 338 43 56 0.020808052 
439 302 22 27 0.02076907 
224 324 10 13 0.020743098 
0 293 9 15 0.02070959 
798 256 7 10 0.020703461 
304 246 10 12 0.020686744 
0 308 7 12 0.020684745 
953 240 7 10 0.020648891 
103 288 8 10 0.020641014 
398 307 13 16 0.020613167 
347 346 16 19 0.020573054 
384 323 11 15 0.020571189 
279 307 8 12 0.020565376 
321 301 9 12 0.020562224 
396 315 15 18 0.02054303 
736 305 19 23 0.020479219 
619 288 22 28 0.020442838 
4 332 10 13 0.020417463 
134 355 11 15 0.020410957 
128 294 8 10 0.02038961 
659 287 19 25 0.020357657 
724 340 19 25 0.020331306 
919 253 8 11 0.020302953 
656 271 8 11 0.020280933 
736 347 27 34 0.020258447 
118 340 11 13 0.020248367 
703 359 32 41 0.020224195 
1 362 10 15 0.020187596 
87 319 8 10 0.020164898 
189 342 24 30 0.020127416 
628 289 24 28 0.020126032 
157 357 23 29 0.020114262 
878 285 13 16 0.020105826 
328 285 9 11 0.020083237 
894 272 8 10 0.020072425 
228 361 14 19 0.020044062 
138 318 9 10 0.020043122 
