3_Riot_Riot_3_415
113
837 415 29 36 0.9620934 
514 266 23 30 0.86854523 
135 206 23 28 0.8600329 
712 235 20 27 0.8524196 
389 267 21 27 0.80055904 
797 238 16 24 0.7683909 
653 244 15 23 0.6725024 
308 281 22 29 0.5647923 
441 227 20 28 0.53440076 
899 218 26 39 0.50725275 
291 238 22 32 0.34962437 
275 188 17 24 0.3286752 
747 266 15 19 0.31964475 
555 263 15 19 0.27175254 
974 360 21 27 0.22944637 
228 279 15 20 0.16895464 
909 214 13 17 0.1423572 
370 280 26 32 0.13969418 
658 303 15 23 0.12300263 
378 272 24 31 0.118958466 
715 308 47 70 0.10074712 
354 272 16 21 0.09281538 
245 328 29 35 0.09140855 
893 231 23 36 0.08234935 
508 249 24 34 0.07531325 
868 396 116 104 0.07114814 
207 262 25 31 0.070432454 
557 289 18 21 0.06667219 
302 329 21 32 0.06528563 
138 200 17 20 0.06464458 
984 362 16 22 0.064278536 
702 279 16 20 0.06350998 
552 268 22 27 0.061532855 
837 258 12 15 0.0608284 
614 315 15 21 0.060668778 
364 289 24 29 0.06009597 
808 239 17 22 0.059423663 
157 257 16 18 0.05876996 
831 252 11 16 0.0579852 
300 271 25 31 0.05507771 
744 305 45 61 0.053571925 
668 314 13 18 0.053004585 
227 278 25 32 0.05245546 
696 302 45 72 0.051689893 
303 286 15 22 0.05078817 
671 305 49 84 0.050759792 
704 232 20 27 0.050410952 
883 321 14 19 0.049664777 
561 259 18 22 0.048805665 
570 247 196 235 0.045955524 
510 263 17 25 0.044614647 
887 415 70 62 0.043873582 
358 278 23 30 0.042835996 
661 282 80 135 0.04088832 
696 318 29 42 0.03909396 
382 264 17 24 0.03856232 
791 236 15 24 0.038403735 
271 197 15 21 0.03776885 
206 267 15 19 0.03763013 
719 332 28 44 0.037407774 
274 242 21 30 0.03643722 
906 211 24 31 0.035385437 
666 240 17 22 0.035127994 
661 338 12 15 0.035074994 
906 426 41 36 0.03329262 
749 257 20 27 0.0330363 
608 348 10 15 0.032790992 
870 392 14 19 0.03278408 
705 279 81 107 0.03221711 
568 256 21 27 0.031554595 
233 318 47 58 0.03147475 
326 302 60 71 0.030714005 
653 308 15 24 0.030053994 
510 261 41 49 0.029887473 
397 267 25 30 0.029032947 
214 260 12 18 0.028463367 
1006 279 14 20 0.028017852 
226 257 17 19 0.027642278 
297 253 27 36 0.027524399 
662 351 11 18 0.027248416 
903 213 13 20 0.027055003 
997 385 27 36 0.026788983 
901 630 11 16 0.026644925 
750 292 13 18 0.025688961 
698 282 24 31 0.025105119 
281 183 14 19 0.025083369 
942 378 63 60 0.024665872 
629 394 12 15 0.024383131 
820 396 44 51 0.023547381 
699 296 26 37 0.023182422 
893 247 29 39 0.023145657 
211 271 28 32 0.023043435 
298 293 109 117 0.022989634 
724 346 17 27 0.022969969 
301 273 15 20 0.022793882 
538 263 23 30 0.022751816 
677 339 14 18 0.02257543 
870 332 27 33 0.022453673 
295 262 42 54 0.022285769 
167 311 65 57 0.022278622 
791 357 13 19 0.021991922 
997 282 23 31 0.021662936 
817 240 17 22 0.021530917 
298 235 15 20 0.021249896 
315 330 50 66 0.02119833 
811 230 16 20 0.021174895 
88 267 11 16 0.02084618 
691 239 14 20 0.020830834 
307 245 24 32 0.020763537 
371 267 43 47 0.02053524 
152 323 106 105 0.020470131 
238 270 45 53 0.020438375 
651 320 13 19 0.020418232 
