3_Riot_Riot_3_480
19
504 151 95 137 0.99930847 
158 63 117 158 0.99930036 
752 242 70 89 0.99897015 
389 27 45 71 0.11082303 
724 457 187 234 0.10875836 
471 6 30 42 0.10334354 
619 17 186 238 0.07046305 
647 16 123 142 0.040869206 
556 61 176 213 0.037995253 
837 560 56 69 0.03389846 
784 538 115 143 0.0314482 
685 46 199 236 0.030876532 
682 33 74 83 0.026582088 
893 531 120 154 0.022874568 
212 239 221 387 0.02210816 
295 65 225 220 0.02181507 
182 491 181 275 0.02120702 
507 92 144 175 0.020576188 
720 72 116 134 0.02024591 
