3_Riot_Riot_3_199
1015
982 329 25 42 0.9765107 
924 195 12 17 0.9416889 
895 189 15 21 0.92810607 
855 203 14 19 0.92555195 
432 323 26 33 0.9247546 
83 157 18 24 0.9164355 
331 181 16 21 0.9120361 
957 180 15 20 0.8657706 
854 251 19 30 0.83908284 
528 186 16 19 0.83787453 
847 176 11 14 0.83113325 
93 91 10 14 0.8173808 
115 123 12 15 0.7798363 
772 183 12 17 0.75864094 
68 295 33 52 0.7435243 
196 234 19 24 0.7124382 
122 283 22 32 0.6955225 
484 281 19 24 0.67286944 
817 188 15 19 0.64123553 
793 172 15 19 0.6083359 
390 110 11 13 0.5764335 
607 172 11 14 0.57364124 
595 392 34 47 0.5614883 
898 220 13 17 0.55709916 
396 194 21 25 0.55144435 
825 167 9 12 0.54467213 
1012 190 11 17 0.5237328 
83 123 13 17 0.51972234 
754 173 13 16 0.44753718 
476 146 12 15 0.4396071 
714 178 14 18 0.4332846 
535 143 10 11 0.43322 
472 150 10 13 0.42585886 
545 291 23 28 0.42400718 
635 164 10 12 0.41783735 
277 148 9 12 0.39791587 
351 221 13 15 0.39456415 
661 173 11 14 0.39045906 
613 140 10 13 0.38344806 
980 194 14 18 0.36242414 
875 194 11 15 0.35155895 
411 156 12 17 0.3500393 
489 117 10 13 0.32408378 
198 176 14 21 0.32322687 
439 180 14 17 0.3136695 
557 143 8 10 0.31356147 
982 159 9 11 0.31260127 
118 79 11 14 0.30929926 
987 196 12 16 0.3081452 
291 100 11 14 0.30100578 
374 109 10 14 0.30050915 
909 158 9 10 0.29763898 
199 141 10 13 0.2961353 
790 166 14 18 0.27832606 
182 112 9 13 0.26671773 
679 165 9 12 0.25168937 
296 218 12 17 0.24646422 
568 402 56 56 0.23433991 
333 114 13 16 0.22420707 
202 177 20 27 0.20796667 
364 146 11 15 0.20710436 
62 114 11 13 0.20671256 
956 158 9 10 0.20554705 
542 165 10 12 0.20518596 
614 157 9 11 0.202825 
558 318 29 40 0.19890855 
837 220 15 19 0.19798866 
614 149 9 13 0.19429949 
685 171 10 12 0.19314168 
295 82 10 13 0.18895678 
527 140 9 11 0.18168871 
633 136 8 11 0.18078037 
389 149 14 18 0.17997587 
722 135 7 10 0.17611317 
238 118 9 11 0.17259069 
136 70 9 12 0.17000766 
648 148 12 15 0.16954072 
308 177 11 15 0.16674413 
600 174 9 12 0.16594514 
585 159 10 12 0.16550556 
277 118 9 13 0.16542673 
158 173 14 18 0.16364872 
74 120 19 24 0.16272338 
493 111 9 12 0.1598686 
212 180 14 19 0.15985467 
590 157 9 12 0.15926054 
446 132 9 11 0.15656698 
156 93 9 12 0.15549363 
274 142 9 13 0.15534239 
273 117 9 12 0.15411037 
264 87 9 11 0.15225197 
778 224 23 27 0.15215072 
310 102 9 12 0.15208878 
583 143 8 10 0.151568 
677 159 10 14 0.1498863 
912 274 16 20 0.14806467 
848 159 8 11 0.14325826 
726 186 10 14 0.1419276 
223 172 12 14 0.14174485 
855 228 11 15 0.13923423 
975 310 42 55 0.13886726 
815 167 10 12 0.13709179 
484 142 10 12 0.13705558 
157 101 10 12 0.13682936 
716 167 11 14 0.13477507 
570 133 9 11 0.13372593 
910 175 11 14 0.13344964 
983 176 9 11 0.13294461 
752 168 10 15 0.13217235 
608 136 9 12 0.13093749 
812 220 12 18 0.13072398 
406 149 14 19 0.13057178 
638 136 9 11 0.12861845 
559 166 9 12 0.1224326 
384 109 11 14 0.12150652 
375 161 11 15 0.12149398 
135 77 8 11 0.1213999 
591 136 8 10 0.12097078 
453 150 9 12 0.12052946 
255 131 9 12 0.12000321 
69 125 15 19 0.11961595 
254 70 9 12 0.11955543 
736 134 9 11 0.11923683 
430 157 11 14 0.118998006 
967 202 11 15 0.117742024 
263 93 8 10 0.117328264 
569 128 8 10 0.11707241 
635 552 15 18 0.11604272 
549 165 9 12 0.11418908 
632 159 11 14 0.113214836 
277 72 8 9 0.112482205 
447 128 8 10 0.11138817 
21 319 55 60 0.111253425 
224 68 8 11 0.110778086 
484 148 10 12 0.11038683 
504 141 10 12 0.109519236 
934 179 11 13 0.10862387 
734 183 10 14 0.10788366 
828 193 11 15 0.107824534 
200 135 9 13 0.10749188 
151 86 10 12 0.106304705 
296 149 10 13 0.10618608 
846 166 9 12 0.10549487 
886 167 9 13 0.10548511 
804 173 11 14 0.10273746 
558 147 10 12 0.10257445 
841 174 12 14 0.102491364 
820 220 12 18 0.10203247 
999 167 8 10 0.10200675 
972 200 12 16 0.10153767 
652 144 10 13 0.10147292 
260 150 10 13 0.10126077 
648 143 9 13 0.10059735 
503 118 9 11 0.10034032 
784 167 11 13 0.09843582 
271 77 8 10 0.09817824 
778 186 10 15 0.097617365 
205 143 10 12 0.097380444 
536 211 17 20 0.096679725 
428 272 16 19 0.09613618 
177 114 11 15 0.09531178 
247 127 8 10 0.09511229 
214 102 10 12 0.09487435 
394 152 21 24 0.09427069 
597 156 9 11 0.09369728 
176 263 23 31 0.093485035 
145 86 9 11 0.09310915 
669 175 9 13 0.0912357 
974 189 14 20 0.09109155 
271 110 10 12 0.090459734 
986 321 19 25 0.09029503 
880 166 11 13 0.08967607 
488 279 26 32 0.088448204 
256 116 9 11 0.08837635 
934 142 9 12 0.084891 
448 148 10 12 0.08481576 
527 112 7 9 0.08416108 
582 163 10 13 0.08403117 
446 143 9 11 0.083824866 
238 112 8 12 0.08318156 
254 111 9 12 0.082826205 
493 123 10 13 0.08272276 
750 151 9 11 0.08221457 
206 126 10 12 0.08174128 
743 150 9 11 0.08160102 
357 115 14 18 0.08089522 
519 117 8 11 0.080704264 
241 125 9 11 0.08032319 
574 127 9 11 0.079967745 
793 127 8 10 0.07957406 
868 143 11 14 0.079210706 
123 84 11 13 0.079146214 
127 78 9 12 0.07911064 
829 161 9 12 0.07907052 
248 337 44 61 0.07875481 
141 70 9 11 0.07867173 
502 148 10 12 0.07792894 
672 158 9 13 0.07755311 
422 157 10 14 0.077361345 
725 135 9 10 0.07693961 
463 97 7 8 0.07680031 
680 171 10 13 0.076629706 
736 129 7 9 0.07662352 
208 147 9 13 0.0765982 
90 123 11 16 0.07648065 
441 135 8 10 0.07646794 
247 132 9 12 0.07623413 
742 157 9 12 0.075844176 
249 111 8 11 0.07555774 
215 94 8 10 0.07399036 
557 172 11 13 0.07328712 
829 172 10 12 0.073121525 
550 124 9 11 0.07261925 
439 141 9 11 0.07214437 
655 164 11 15 0.0721025 
511 116 8 11 0.07208952 
316 146 13 15 0.07180406 
128 70 10 13 0.07083302 
430 102 8 11 0.07052995 
894 167 9 12 0.070480034 
744 166 8 11 0.07044484 
567 158 8 11 0.07039887 
465 150 10 12 0.06981059 
71 83 10 14 0.0698001 
68 110 11 14 0.06963519 
803 255 15 20 0.06930755 
148 109 11 14 0.068953715 
814 184 12 16 0.068947226 
250 70 8 11 0.06869074 
539 147 11 13 0.0685705 
706 117 9 11 0.06851722 
423 272 27 31 0.06840756 
455 134 10 12 0.06799162 
545 268 18 23 0.06766247 
863 182 8 10 0.06746394 
278 110 9 11 0.066856205 
89 200 23 27 0.066685066 
609 149 9 13 0.06655155 
613 169 11 12 0.06641584 
929 174 8 12 0.066035256 
552 136 9 12 0.06602282 
23 56 8 10 0.06524602 
780 181 11 15 0.06511537 
373 123 11 15 0.06484216 
201 110 7 10 0.064368695 
576 165 9 13 0.06325332 
463 101 8 10 0.06307507 
309 219 12 17 0.062350295 
209 102 9 11 0.06225505 
204 166 12 16 0.062241208 
247 118 8 10 0.06214741 
797 128 8 10 0.06209226 
578 142 8 10 0.06186507 
566 165 9 12 0.061758783 
462 134 8 12 0.061742686 
264 116 8 11 0.06151974 
397 115 10 13 0.061108988 
736 139 10 12 0.060450163 
222 87 9 11 0.060323045 
969 226 11 14 0.06030256 
201 60 8 12 0.060081586 
788 222 22 29 0.05978757 
684 204 13 19 0.059580002 
584 134 9 11 0.059521552 
221 126 8 11 0.059482016 
255 75 8 12 0.05946845 
541 171 12 13 0.059253562 
510 135 9 12 0.059128042 
143 108 11 14 0.059009455 
503 135 10 12 0.058546472 
797 198 11 14 0.058493495 
534 137 9 11 0.0584623 
619 505 26 35 0.058259275 
845 23 16 20 0.058058012 
373 179 13 19 0.058014415 
89 87 17 22 0.05793517 
180 248 23 30 0.057873286 
406 111 10 13 0.057833068 
436 158 10 13 0.05739734 
867 204 12 16 0.057340093 
625 518 16 21 0.057289902 
909 165 9 11 0.057197113 
36 269 26 42 0.057113267 
464 126 8 10 0.056958325 
264 78 10 12 0.056890067 
866 148 10 12 0.056813832 
758 156 9 12 0.05660741 
159 107 11 13 0.056521658 
601 128 8 9 0.056443956 
555 180 12 15 0.05620057 
171 267 17 26 0.05602684 
520 112 8 10 0.055611875 
953 152 7 10 0.055586495 
430 221 10 16 0.055560883 
190 239 17 22 0.055521403 
480 207 25 34 0.05530914 
742 142 8 11 0.055233255 
304 102 10 13 0.055144902 
1001 161 8 10 0.05511654 
97 92 11 14 0.055114392 
789 107 10 14 0.054997705 
158 118 11 14 0.05470886 
496 141 9 11 0.054628205 
647 117 9 12 0.054328177 
844 208 19 22 0.054242462 
432 140 11 13 0.053991485 
536 186 14 19 0.053947248 
189 118 9 11 0.053925958 
695 167 8 11 0.053547185 
140 253 23 38 0.05353734 
499 349 32 45 0.053477667 
152 180 23 26 0.053108 
428 227 22 29 0.053106368 
551 173 10 13 0.053011663 
454 102 8 10 0.052847035 
864 174 9 11 0.052819613 
521 135 8 12 0.052775525 
984 180 10 13 0.052750263 
150 115 11 14 0.05274277 
798 133 8 10 0.05270877 
450 103 8 10 0.052515715 
850 153 7 9 0.05249392 
364 117 13 16 0.052376784 
536 166 11 13 0.0523732 
752 134 8 11 0.0523333 
948 205 13 17 0.052225992 
270 104 9 10 0.052123178 
299 79 11 14 0.05193636 
965 429 15 20 0.051843766 
372 133 12 16 0.051827565 
604 346 30 34 0.051403336 
143 77 9 11 0.05115011 
63 122 14 18 0.051044866 
190 132 11 14 0.050750945 
551 422 59 79 0.050599337 
870 167 10 12 0.050540064 
454 180 11 16 0.050530385 
496 149 10 13 0.050394647 
863 262 16 23 0.0502185 
133 123 11 15 0.049992427 
216 107 9 12 0.04992653 
204 132 11 13 0.04972823 
525 205 23 29 0.04930641 
726 163 9 12 0.04885975 
902 236 15 20 0.04884428 
983 154 9 11 0.0486294 
649 125 7 9 0.04862102 
975 164 9 12 0.048604317 
157 194 15 20 0.04844799 
198 103 8 11 0.048405197 
98 195 18 22 0.048268512 
534 171 12 13 0.048246633 
135 63 11 14 0.04811887 
343 220 11 16 0.048068922 
165 109 9 12 0.04806632 
47 300 50 64 0.04790651 
693 135 10 12 0.04789445 
726 140 10 13 0.04785138 
809 167 9 13 0.047797404 
885 226 12 16 0.04776948 
1000 172 9 11 0.04757246 
609 156 9 11 0.047549482 
192 100 10 13 0.047480468 
844 243 23 30 0.047050923 
655 177 12 15 0.04689764 
761 103 7 11 0.046651598 
150 78 10 12 0.04665061 
132 115 12 16 0.046584826 
829 220 14 18 0.046462614 
784 126 8 10 0.046383306 
218 178 13 17 0.04626919 
191 125 10 12 0.046267387 
228 176 12 16 0.046262644 
485 165 12 16 0.046260785 
648 333 31 34 0.046260208 
535 127 8 9 0.04624566 
598 179 10 13 0.0461088 
907 220 12 17 0.04607276 
900 183 13 17 0.04595555 
544 320 23 34 0.04593938 
147 142 13 16 0.045867424 
917 180 9 12 0.045839548 
257 85 8 11 0.04582001 
192 149 11 14 0.04550018 
248 85 8 11 0.045489654 
583 126 8 11 0.0453474 
721 128 7 9 0.04527265 
592 179 11 15 0.04525528 
621 141 10 12 0.04518036 
679 182 8 11 0.045167644 
526 117 8 10 0.04512091 
193 87 10 12 0.045038752 
56 100 11 13 0.044917352 
600 134 8 10 0.044800375 
229 277 14 20 0.044739466 
223 94 8 10 0.04471753 
603 168 19 23 0.044693142 
213 143 10 13 0.044611584 
807 143 8 11 0.044585582 
934 168 8 10 0.044434898 
123 123 13 16 0.044417508 
897 158 8 11 0.044233173 
878 220 13 17 0.044057053 
512 342 38 53 0.043985173 
479 136 10 12 0.043937355 
687 119 7 10 0.043890595 
737 158 9 12 0.0438596 
939 181 12 13 0.04381347 
280 102 10 12 0.043809906 
454 119 8 10 0.04379673 
357 110 11 15 0.043643765 
994 316 16 22 0.043381535 
621 158 10 12 0.04313683 
888 195 12 15 0.04304893 
695 126 7 10 0.043045916 
278 152 11 15 0.043041553 
761 109 8 11 0.042867973 
838 196 10 13 0.042701162 
741 134 9 11 0.042698365 
685 159 10 12 0.04249602 
184 132 10 14 0.04238323 
593 173 10 13 0.042310636 
46 78 9 12 0.042292055 
190 109 9 11 0.042276986 
133 109 12 15 0.042246036 
798 149 9 11 0.04200685 
902 280 21 26 0.041996945 
496 155 10 13 0.041881885 
260 196 22 28 0.04185453 
972 222 11 14 0.04179322 
209 95 9 11 0.04177594 
463 141 9 11 0.04174049 
647 137 8 10 0.041736558 
467 351 39 49 0.04172067 
623 118 8 11 0.041593242 
454 142 10 11 0.04154019 
919 199 13 16 0.041382488 
693 171 10 13 0.041357588 
701 156 10 12 0.04134533 
727 128 8 9 0.04129304 
217 87 8 11 0.04119713 
329 109 11 14 0.04115195 
853 165 11 12 0.04113406 
550 161 9 11 0.040961325 
232 96 8 10 0.040772066 
415 112 9 11 0.04074018 
584 149 11 12 0.040647127 
228 167 10 14 0.040620897 
727 113 7 9 0.04061633 
430 149 12 15 0.04059999 
540 182 12 16 0.040586308 
295 142 10 15 0.04053881 
287 96 12 15 0.040372428 
859 231 12 16 0.04033911 
345 154 15 17 0.039943423 
884 234 12 15 0.039819248 
842 166 9 11 0.039797626 
676 204 15 19 0.03979367 
930 140 9 14 0.039714765 
442 127 8 11 0.039692968 
223 102 8 11 0.03966184 
118 193 14 18 0.039600722 
112 79 12 14 0.03957232 
810 189 10 14 0.039561786 
697 157 9 12 0.03952273 
557 137 9 11 0.039324995 
205 61 10 13 0.03923811 
238 96 9 10 0.03919564 
543 134 9 12 0.039113827 
207 109 9 11 0.03909151 
264 181 11 15 0.03908123 
313 138 12 16 0.039060943 
792 118 8 10 0.038934547 
200 128 9 11 0.038933568 
741 181 12 16 0.038929425 
641 233 16 22 0.03878557 
192 139 12 15 0.038718376 
680 124 8 10 0.038707063 
437 319 41 51 0.038684595 
471 146 22 25 0.038683586 
876 212 13 16 0.038599487 
565 151 9 10 0.03859034 
484 155 11 13 0.038589995 
624 135 9 11 0.038553584 
423 111 8 11 0.03852206 
192 93 10 12 0.038445838 
751 155 9 12 0.038380586 
339 306 39 55 0.03822973 
59 102 13 16 0.038184784 
744 172 10 13 0.03813065 
622 165 9 11 0.038120493 
256 142 11 14 0.037990306 
591 118 8 10 0.037881605 
906 195 13 17 0.037728544 
559 159 10 11 0.037691247 
67 116 13 15 0.037603006 
958 203 14 17 0.037571907 
655 136 8 9 0.03731605 
318 109 9 12 0.03713304 
380 164 11 14 0.036823124 
668 208 18 23 0.03669053 
793 148 9 11 0.03666657 
396 163 15 19 0.036650125 
627 154 21 25 0.03664519 
607 128 7 9 0.036409374 
222 109 9 12 0.036387242 
229 69 8 11 0.036273558 
808 223 22 31 0.03626301 
958 153 8 10 0.036238857 
260 133 9 11 0.03619917 
264 100 9 11 0.036192134 
405 142 14 16 0.036108937 
682 119 8 11 0.036041293 
383 155 12 16 0.035880506 
75 85 11 14 0.035866454 
454 126 9 12 0.03582933 
941 173 10 13 0.035742175 
182 243 14 20 0.035606287 
592 127 8 10 0.035589542 
953 173 9 12 0.035560627 
73 288 51 71 0.035518825 
929 168 8 11 0.035510186 
256 102 8 11 0.03546594 
600 140 8 11 0.035461523 
247 102 9 11 0.035394203 
792 142 8 12 0.03538175 
703 151 9 12 0.035338093 
663 135 8 9 0.035241116 
709 113 8 10 0.03520039 
917 175 10 12 0.035165545 
665 110 9 11 0.03504817 
545 126 9 11 0.034839343 
230 212 11 17 0.034606658 
711 220 24 28 0.034501743 
239 101 9 10 0.034498524 
241 62 8 11 0.03448968 
413 143 11 14 0.034481738 
196 155 13 16 0.03447267 
116 195 21 28 0.034459785 
375 172 12 18 0.03441713 
103 123 12 15 0.03441363 
292 211 21 26 0.034372766 
274 122 10 13 0.034358006 
305 212 21 26 0.03425384 
831 179 11 14 0.034226794 
470 282 25 30 0.034183167 
647 190 10 15 0.034168698 
824 0 30 28 0.034124825 
65 84 10 12 0.03412047 
559 111 8 10 0.03403585 
564 210 13 16 0.033997152 
711 165 20 26 0.033967964 
646 109 9 14 0.033927273 
202 242 17 23 0.033698626 
743 128 8 10 0.03369122 
992 165 9 11 0.033616673 
356 283 25 31 0.03358587 
807 195 11 14 0.033565857 
181 231 38 51 0.033539522 
952 167 8 11 0.033484846 
653 153 13 17 0.033467453 
301 242 12 15 0.033398904 
460 181 12 17 0.03338366 
638 211 12 15 0.03335712 
449 118 9 11 0.033303663 
722 113 7 10 0.0331851 
970 256 17 20 0.03317746 
47 85 8 11 0.03315221 
942 143 8 11 0.03309263 
549 306 27 38 0.033082116 
62 94 10 12 0.032953795 
35 274 44 64 0.03278126 
704 173 10 13 0.03276348 
294 105 11 14 0.03275209 
127 140 13 16 0.032696582 
516 204 13 17 0.03264259 
864 167 9 11 0.032609306 
928 179 11 13 0.03250232 
82 193 23 28 0.032470305 
851 158 10 12 0.032467082 
854 151 8 9 0.032365788 
478 170 14 16 0.03234628 
287 106 11 14 0.032311738 
493 164 10 14 0.032276005 
964 192 19 25 0.03227024 
584 95 8 10 0.03221524 
413 321 27 36 0.032107025 
489 105 8 10 0.032058313 
722 118 7 10 0.032036934 
175 85 10 12 0.031885397 
988 240 14 18 0.031853195 
31 95 9 11 0.031741813 
599 167 9 11 0.031701274 
127 108 12 16 0.031630114 
309 245 11 14 0.031440824 
231 86 8 10 0.031365186 
157 78 10 12 0.031358138 
869 187 19 24 0.031352933 
713 133 9 10 0.031319786 
463 108 9 11 0.031287428 
553 147 9 12 0.031182423 
464 119 8 11 0.031035643 
487 111 19 24 0.030989904 
345 292 29 35 0.030964252 
263 187 13 17 0.03094205 
670 110 8 10 0.030935535 
708 218 14 19 0.030816603 
567 121 8 9 0.030691309 
725 118 8 10 0.030687395 
529 323 30 38 0.030686837 
518 209 15 19 0.030686283 
661 155 12 15 0.030601567 
944 168 9 11 0.030599512 
217 184 14 19 0.030598156 
591 164 9 11 0.030593166 
231 77 9 11 0.030522183 
216 124 9 12 0.03051757 
470 126 9 11 0.030426402 
551 388 49 59 0.030421987 
507 391 46 62 0.030358763 
742 108 9 11 0.030347005 
55 124 11 15 0.030343907 
680 189 10 13 0.030312221 
712 184 12 16 0.030249102 
439 147 10 12 0.030209746 
215 119 8 11 0.030196428 
793 132 8 11 0.03016225 
221 172 20 26 0.03014037 
309 252 15 20 0.030074552 
256 47 10 12 0.030056978 
167 66 10 13 0.030056098 
408 102 9 12 0.03005486 
496 134 9 11 0.030028913 
503 179 11 15 0.02984701 
695 120 7 9 0.029827617 
528 126 8 10 0.02981286 
1013 199 11 17 0.029768197 
353 114 11 16 0.029760245 
567 141 9 11 0.029754072 
521 105 7 9 0.029743686 
757 170 19 26 0.029735189 
165 116 10 14 0.029729487 
751 141 9 11 0.029717226 
534 111 8 10 0.029707694 
14 70 9 12 0.029635571 
423 132 9 13 0.029547082 
688 141 9 11 0.02953765 
509 175 11 15 0.02952161 
364 135 19 24 0.029471045 
432 126 9 12 0.029428765 
559 226 13 20 0.02941798 
535 119 8 10 0.029410522 
261 72 10 11 0.029410517 
73 187 21 28 0.029389894 
452 344 40 52 0.029354114 
248 61 9 13 0.029347131 
311 158 11 15 0.029331932 
550 185 13 18 0.029303998 
358 243 11 15 0.029243292 
956 236 13 17 0.029215196 
328 122 12 16 0.029173037 
819 0 20 21 0.029163443 
433 268 16 20 0.029162299 
494 104 9 11 0.02915392 
166 250 38 50 0.02915297 
841 161 9 10 0.028999953 
110 92 11 14 0.028953476 
736 174 9 13 0.028937427 
432 135 9 12 0.028923325 
555 322 17 25 0.028892955 
448 108 9 12 0.028882993 
980 318 14 18 0.028877912 
684 198 11 16 0.028864501 
508 147 10 13 0.028833615 
47 250 22 34 0.028829008 
799 142 8 11 0.028676316 
712 126 7 10 0.028667528 
876 148 10 13 0.028541757 
115 75 18 23 0.028532214 
56 77 9 13 0.028526738 
975 341 18 24 0.02852511 
269 178 11 16 0.02836075 
261 142 11 13 0.028310163 
584 358 49 56 0.028306887 
574 416 34 32 0.028297786 
502 124 9 11 0.028259464 
176 101 9 11 0.028246623 
42 76 8 12 0.028230514 
390 208 27 33 0.028218077 
381 171 11 16 0.028165814 
457 96 7 9 0.028109645 
315 178 12 18 0.02805927 
886 204 12 14 0.028035643 
217 68 8 12 0.02803078 
592 112 7 9 0.028023478 
528 105 7 9 0.027931245 
903 239 21 26 0.027924482 
85 151 14 17 0.0278957 
962 176 13 17 0.02786507 
58 116 11 13 0.027864244 
741 102 11 12 0.027851839 
250 77 8 11 0.027833348 
807 246 21 28 0.02781163 
737 110 8 10 0.027749503 
531 138 18 22 0.027606241 
847 199 12 15 0.027596425 
856 327 49 57 0.027595067 
235 243 13 16 0.027528299 
688 123 9 11 0.027404284 
329 230 23 29 0.027397476 
104 54 12 14 0.027357755 
837 6 26 30 0.027338197 
575 158 10 13 0.027307903 
216 283 25 30 0.027307212 
224 55 10 13 0.027278127 
652 190 11 13 0.02723285 
208 118 9 12 0.027196689 
944 148 8 11 0.02709555 
198 166 12 16 0.027090399 
975 322 26 33 0.027077265 
183 102 9 12 0.027053507 
269 138 19 25 0.027005436 
820 226 22 29 0.026994167 
253 61 12 15 0.026894739 
292 236 14 17 0.026892103 
943 209 14 18 0.026891826 
428 213 12 18 0.026871674 
637 226 14 18 0.0268642 
777 126 8 10 0.02679371 
610 176 15 16 0.026788581 
129 274 25 36 0.026766274 
563 218 14 21 0.026694195 
15 55 11 13 0.02665132 
143 91 11 13 0.026594492 
149 258 23 35 0.0265689 
286 142 9 12 0.026550366 
302 172 19 24 0.026548868 
904 153 10 12 0.026544549 
949 218 13 18 0.026538663 
583 102 8 10 0.026535764 
241 132 11 13 0.026518 
871 184 10 12 0.02650395 
375 178 20 28 0.026421605 
994 196 13 16 0.026406523 
660 151 10 13 0.026328808 
687 112 7 8 0.026314687 
284 147 11 15 0.026243452 
983 220 12 14 0.026205925 
137 84 9 11 0.026172992 
255 52 11 14 0.026106885 
567 287 29 36 0.026077611 
174 110 19 24 0.026057217 
831 152 9 10 0.026050037 
512 230 21 30 0.026044605 
654 127 8 10 0.026033968 
107 409 76 67 0.026003052 
405 132 13 15 0.025983194 
404 167 14 17 0.025927793 
820 198 13 18 0.025921855 
277 177 12 15 0.025898779 
175 124 11 14 0.025839876 
557 206 14 18 0.025833922 
957 221 11 15 0.025799634 
70 102 11 14 0.02571941 
289 78 11 14 0.025716601 
737 149 10 12 0.025695292 
821 162 17 22 0.025676908 
850 231 20 25 0.025673676 
198 164 20 27 0.025671795 
565 171 10 13 0.025665877 
386 184 22 29 0.025658498 
421 115 9 12 0.025656044 
759 115 9 11 0.025652586 
930 189 13 16 0.02557997 
449 97 7 8 0.02557886 
709 149 10 13 0.025504915 
404 123 12 14 0.025434364 
775 174 12 16 0.025430368 
423 140 10 13 0.02542075 
702 143 9 11 0.025364023 
57 108 13 16 0.025337553 
389 106 19 22 0.025299808 
620 149 10 12 0.025267545 
221 280 16 21 0.025264384 
853 220 13 18 0.025258873 
416 132 10 13 0.025251748 
295 133 10 13 0.025231596 
313 181 20 27 0.025227621 
1005 172 10 12 0.025148978 
398 123 11 15 0.025128989 
902 260 25 29 0.025103707 
101 99 10 14 0.025094412 
136 255 39 55 0.025065783 
445 157 10 13 0.025000691 
989 174 11 12 0.02498557 
968 165 10 12 0.024984425 
503 112 9 13 0.024980806 
118 88 13 16 0.02480049 
925 237 15 19 0.02477766 
342 162 13 16 0.024728443 
632 152 8 11 0.024709256 
721 181 18 23 0.024690138 
294 205 11 15 0.024645586 
215 133 9 12 0.024631815 
585 110 8 10 0.024619384 
175 93 9 12 0.024600074 
470 110 8 11 0.024595533 
704 124 9 11 0.024587434 
127 63 10 13 0.024565008 
469 119 8 11 0.024557628 
206 66 10 14 0.024527976 
749 126 9 12 0.024507456 
173 171 13 18 0.02447568 
390 161 15 19 0.024459463 
871 321 31 42 0.024455788 
33 337 35 33 0.024452846 
199 118 9 11 0.024443096 
366 209 14 17 0.024421863 
618 119 7 10 0.02441332 
453 202 13 17 0.024374498 
311 133 12 16 0.02435961 
228 62 10 12 0.024338806 
647 104 9 12 0.024307117 
717 204 13 15 0.024285112 
54 95 11 13 0.024274472 
888 149 8 11 0.02423919 
139 123 14 17 0.024238374 
912 239 23 29 0.024214696 
632 172 10 12 0.024210477 
389 122 13 15 0.024204705 
296 70 9 13 0.024130236 
727 146 10 13 0.024124999 
989 288 16 22 0.02411257 
61 106 19 24 0.024112208 
878 182 11 13 0.024107372 
334 326 30 42 0.024101168 
765 102 8 12 0.02410106 
600 118 8 10 0.024004241 
246 94 9 12 0.023954907 
-1 53 8 14 0.023901109 
678 206 23 33 0.023730194 
85 137 13 18 0.02371326 
791 188 11 13 0.023644099 
315 219 13 18 0.023640225 
302 94 11 15 0.023623018 
409 201 15 19 0.023605756 
652 196 11 14 0.023584485 
150 70 11 13 0.023554418 
268 84 9 12 0.02355091 
310 96 10 14 0.023539009 
853 246 13 19 0.023538996 
262 53 9 12 0.02352865 
536 157 12 15 0.023491539 
640 117 9 11 0.023486184 
62 233 13 18 0.023466732 
287 164 10 13 0.023464104 
664 128 8 10 0.023402123 
221 203 11 15 0.02340103 
382 211 13 16 0.023377037 
420 296 42 53 0.023321958 
624 126 8 10 0.023308277 
702 189 12 15 0.02330396 
796 159 10 12 0.023281367 
648 172 11 14 0.023261536 
607 132 20 24 0.023255877 
422 215 21 29 0.023232797 
54 243 22 31 0.023230067 
481 111 8 10 0.023183078 
241 54 8 11 0.023146186 
296 154 11 15 0.023103341 
247 139 10 13 0.023093157 
434 183 24 31 0.023049135 
285 203 13 18 0.023011887 
21 213 12 15 0.022993019 
670 153 10 13 0.02291215 
620 173 9 13 0.022898927 
516 190 21 26 0.022802858 
31 46 9 12 0.022783455 
905 173 11 13 0.022782622 
576 110 8 9 0.0227349 
207 86 9 11 0.022729564 
295 117 9 12 0.022723928 
679 161 18 23 0.022719497 
905 177 20 25 0.022715867 
347 212 21 26 0.022691794 
581 170 12 13 0.02269048 
221 193 13 18 0.022623157 
278 62 9 12 0.022617897 
326 240 14 18 0.022605952 
575 121 9 11 0.022572657 
607 119 7 9 0.022550054 
742 203 11 14 0.02250622 
656 169 18 22 0.022490975 
373 211 13 16 0.022476826 
454 109 9 11 0.02246484 
440 110 8 11 0.022440081 
409 220 25 30 0.022425335 
124 90 11 15 0.022393683 
927 148 10 12 0.022384036 
520 125 9 11 0.022384 
960 142 8 11 0.022374004 
576 103 9 10 0.022358552 
405 202 24 31 0.022353306 
175 164 11 15 0.022346048 
78 165 14 18 0.022297367 
682 112 7 8 0.022286873 
248 54 9 12 0.022276327 
918 151 8 11 0.022151794 
417 152 18 24 0.022122364 
784 133 9 11 0.022038963 
888 116 8 12 0.022019627 
158 69 10 12 0.022012383 
42 51 9 12 0.021925505 
801 213 23 29 0.021880558 
421 127 10 12 0.02185327 
207 289 26 32 0.021838307 
894 287 14 20 0.02183602 
803 203 12 15 0.021766415 
197 92 10 12 0.021739015 
679 152 10 12 0.021733541 
96 28 9 12 0.021694658 
887 181 11 13 0.021666983 
751 117 9 12 0.02161882 
591 186 12 15 0.02160117 
150 81 18 24 0.021584965 
988 159 9 12 0.021582507 
430 106 10 13 0.021567091 
973 258 23 28 0.021541959 
966 210 12 14 0.0215209 
820 240 14 20 0.02149883 
232 347 47 68 0.021449277 
112 272 40 64 0.021443639 
835 0 14 14 0.021414615 
475 157 23 26 0.02139745 
46 53 10 12 0.021382015 
534 401 59 70 0.021342076 
205 157 12 15 0.021323636 
115 109 13 17 0.021313723 
339 110 12 16 0.021301918 
339 122 12 15 0.021300178 
166 102 9 12 0.021291226 
382 173 22 28 0.021226944 
792 161 10 12 0.021222377 
624 112 7 10 0.021199426 
271 155 10 14 0.021189468 
528 148 10 12 0.021166328 
783 160 9 11 0.021158606 
47 60 10 12 0.021151308 
827 242 13 19 0.021120748 
777 118 8 11 0.021077357 
757 134 10 13 0.021075258 
871 124 10 13 0.021067755 
62 70 9 12 0.021061635 
536 301 28 39 0.021054814 
237 202 13 20 0.021040596 
8 76 9 11 0.021023901 
182 124 10 13 0.02101371 
672 126 7 10 0.020973898 
766 116 9 11 0.020941507 
191 171 14 19 0.020923981 
832 246 23 29 0.020871129 
882 211 20 24 0.020870512 
585 119 8 11 0.020849235 
412 210 14 18 0.020813355 
484 357 42 54 0.0208075 
91 149 13 17 0.020806236 
285 117 9 12 0.020781096 
721 139 10 12 0.020774174 
781 203 12 17 0.020744115 
789 92 10 14 0.020734394 
35 207 14 19 0.020697663 
710 143 10 11 0.020687614 
1007 181 14 17 0.020675417 
831 224 23 28 0.020654924 
671 135 7 9 0.02063451 
313 221 22 30 0.020612303 
615 127 8 9 0.020584153 
863 187 11 13 0.020558385 
838 190 9 12 0.020550283 
815 210 23 31 0.02053765 
896 243 12 16 0.020535149 
151 121 13 16 0.020527193 
766 192 13 17 0.020520281 
718 165 239 240 0.02051942 
718 160 10 13 0.020499563 
776 107 10 13 0.020471856 
563 227 23 31 0.02044821 
702 166 9 12 0.020441988 
383 123 10 14 0.020435052 
978 257 15 19 0.020428458 
444 194 15 18 0.020423107 
558 118 9 11 0.020421121 
957 165 10 12 0.020414865 
1004 167 9 13 0.020383619 
671 118 9 10 0.020383324 
688 52 9 12 0.02035913 
157 142 11 14 0.020351082 
799 174 18 24 0.02034942 
523 235 12 18 0.020347107 
876 201 13 18 0.020314649 
893 257 13 19 0.020253683 
891 228 21 27 0.020223022 
966 251 16 20 0.020214608 
742 206 105 133 0.020204926 
951 143 8 11 0.020200467 
60 242 13 20 0.020191006 
514 213 21 28 0.020187715 
497 111 19 25 0.020174302 
175 77 10 12 0.02016259 
318 115 10 13 0.020161334 
419 268 18 22 0.020124067 
78 91 10 13 0.020108413 
641 150 9 12 0.020103188 
302 126 11 13 0.020101719 
296 172 12 16 0.020047411 
