44_Aerobics_Aerobics_44_919
19
565 72 50 78 0.99403787 
255 60 31 41 0.98828596 
913 54 25 35 0.98799664 
112 80 33 63 0.8504715 
114 92 51 74 0.11247287 
900 43 43 56 0.05636487 
708 19 200 252 0.05588414 
177 86 48 64 0.053688418 
154 89 47 67 0.03644953 
270 63 26 36 0.032948 
77 140 26 35 0.031996354 
198 101 29 40 0.02866248 
837 251 27 32 0.027145194 
299 275 12 16 0.027108174 
917 53 43 54 0.025930846 
282 65 16 26 0.024878835 
160 81 33 47 0.023635238 
145 91 30 51 0.021951059 
681 53 83 119 0.021852618 
