44_Aerobics_Aerobics_44_688
59
263 266 226 313 0.9997528 
785 366 157 231 0.97733635 
717 467 87 160 0.97288954 
548 344 80 142 0.93934363 
778 649 221 227 0.6299162 
739 426 114 179 0.61631835 
85 53 340 424 0.23022836 
1 897 227 259 0.14040758 
401 206 64 80 0.11852805 
754 708 213 294 0.11607114 
225 94 241 260 0.11575304 
719 523 330 419 0.08833431 
965 1092 29 38 0.08740156 
572 106 408 565 0.08675597 
-29 908 459 536 0.084747694 
149 638 387 485 0.0782371 
846 677 135 140 0.07390916 
647 302 215 303 0.06869047 
809 386 67 128 0.06632061 
380 271 171 280 0.0641523 
71 467 233 248 0.06324716 
459 280 164 267 0.062292613 
157 254 414 447 0.059394732 
204 192 205 326 0.056925487 
367 170 105 127 0.054810602 
533 588 214 234 0.05478791 
925 1199 46 64 0.05181648 
626 899 217 210 0.04960864 
553 543 93 128 0.043018546 
794 466 219 262 0.04143828 
847 711 34 44 0.037532598 
109 730 267 293 0.03654578 
949 680 63 94 0.0328992 
330 127 120 143 0.03220187 
277 101 150 130 0.029844753 
241 17 375 480 0.029175365 
-71 788 374 407 0.028711012 
980 1043 39 52 0.025660673 
749 238 279 417 0.025406381 
749 1155 132 127 0.025245162 
531 208 207 318 0.025241423 
912 1053 33 39 0.02517368 
840 486 149 152 0.02499501 
995 1146 27 39 0.024785364 
493 334 106 157 0.023947895 
878 1141 31 39 0.023709038 
603 1074 423 473 0.023519723 
959 637 59 89 0.02337513 
907 647 106 159 0.023278693 
573 641 228 276 0.02295095 
877 1169 30 36 0.022941448 
952 1199 45 66 0.02286204 
780 1189 74 67 0.022121487 
700 1141 257 246 0.021693166 
766 429 74 107 0.021428576 
798 725 59 71 0.021290146 
866 1122 26 31 0.021286372 
827 1196 35 37 0.020742387 
843 702 56 69 0.020599153 
