44_Aerobics_Aerobics_44_742
26
270 243 31 39 0.99747795 
461 132 37 49 0.9947613 
162 194 27 35 0.9944195 
775 257 26 34 0.99425477 
701 240 29 32 0.9722996 
593 263 24 28 0.85863596 
707 229 22 28 0.22516958 
535 239 127 128 0.0846982 
570 242 17 17 0.065587714 
713 221 16 20 0.048739113 
473 88 380 441 0.048415992 
158 247 31 42 0.045358364 
668 253 49 57 0.04123194 
557 266 80 77 0.038161013 
233 287 39 47 0.03756598 
700 234 20 24 0.037034173 
690 249 28 34 0.036463737 
652 237 17 19 0.033746485 
311 227 83 104 0.0260902 
303 240 32 36 0.025943749 
659 129 396 459 0.024584252 
37 198 9 13 0.024490897 
764 265 27 33 0.024058579 
283 239 46 50 0.023970658 
344 255 59 67 0.023072222 
668 338 67 67 0.022055693 
