44_Aerobics_Aerobics_44_343
51
588 176 30 39 0.998256 
289 180 35 45 0.9975673 
386 162 18 25 0.9159389 
896 199 22 32 0.90888196 
761 172 16 21 0.67998457 
798 179 11 15 0.43142185 
943 235 14 16 0.26983756 
834 167 14 20 0.22342989 
926 160 14 17 0.16955402 
861 181 13 17 0.11089674 
974 278 17 22 0.08337493 
674 185 18 22 0.07764845 
804 187 11 15 0.055544734 
655 181 24 29 0.053406753 
0 457 40 78 0.051965587 
854 172 14 17 0.05085833 
972 265 24 30 0.05029614 
793 219 18 21 0.045479547 
968 230 42 59 0.04544185 
734 210 15 20 0.03671276 
687 171 11 14 0.036684565 
733 203 13 18 0.036559563 
546 183 16 23 0.036156207 
937 235 22 27 0.036111776 
856 143 11 13 0.032333992 
855 163 14 17 0.029791363 
-36 -81 409 443 0.029468993 
865 184 14 19 0.028075362 
675 191 23 27 0.02771127 
253 245 41 50 0.027420064 
560 177 21 30 0.027299626 
814 181 11 14 0.026916156 
527 174 23 33 0.025651501 
957 259 14 19 0.025539132 
923 161 22 27 0.024899052 
566 489 34 39 0.024697093 
842 170 13 17 0.024257805 
854 184 15 18 0.023993153 
391 158 23 32 0.02388045 
885 206 25 34 0.023598222 
821 196 14 17 0.02353352 
860 241 16 22 0.02348712 
933 245 23 30 0.023049904 
756 245 11 13 0.022653025 
551 176 21 30 0.022631709 
-1 381 11 17 0.02233177 
807 161 12 15 0.021351563 
805 192 13 17 0.021285696 
776 235 12 16 0.020720398 
358 294 62 87 0.02011311 
643 495 36 41 0.020086804 
