44_Aerobics_Aerobics_44_433
47
133 325 80 115 0.9932469 
655 270 80 105 0.992255 
468 272 46 55 0.9894722 
168 201 24 38 0.96197546 
976 183 20 24 0.71586734 
719 227 26 31 0.5273928 
987 148 11 14 0.29067564 
581 228 44 56 0.073645815 
156 207 28 36 0.06375633 
1006 146 15 17 0.060626373 
918 113 11 15 0.053076714 
796 186 16 18 0.052890263 
990 152 11 15 0.050311208 
974 156 11 15 0.042777292 
1000 157 10 14 0.040097527 
140 222 26 35 0.036210205 
470 172 13 16 0.03398519 
798 108 15 21 0.033230454 
927 445 8 10 0.032474183 
518 460 10 12 0.032096535 
141 220 12 18 0.031657014 
589 234 15 18 0.03145106 
810 43 94 124 0.03140808 
534 444 11 15 0.03110818 
550 444 14 16 0.030972337 
802 212 33 39 0.030925302 
974 150 11 12 0.030734682 
700 220 54 70 0.030146178 
245 157 10 12 0.029740384 
708 18 15 20 0.02958747 
1010 154 12 17 0.02851079 
973 162 12 15 0.02776746 
983 153 11 14 0.026951093 
948 121 91 125 0.026778588 
759 172 14 16 0.026215697 
804 102 15 19 0.025851594 
104 654 10 12 0.02435242 
807 85 10 13 0.023583079 
134 230 40 52 0.023531148 
980 140 21 25 0.022598775 
967 156 13 17 0.022566067 
245 597 12 14 0.022558827 
243 148 13 16 0.022498079 
591 159 10 12 0.02246207 
660 95 14 19 0.0209722 
792 185 27 30 0.020764282 
959 176 46 66 0.020377144 
