44_Aerobics_Aerobics_44_17
66
376 65 30 37 0.99360764 
826 338 54 67 0.99358505 
274 323 48 56 0.97901297 
155 151 29 35 0.3452388 
491 126 30 30 0.28437597 
214 191 26 37 0.17038888 
184 194 30 34 0.10895918 
480 236 43 57 0.06389713 
677 7 13 17 0.063377276 
412 54 18 22 0.061525382 
139 138 40 46 0.05941023 
180 27 13 17 0.05518527 
132 127 18 22 0.053955484 
197 191 32 39 0.05340147 
509 225 14 18 0.051874112 
379 275 39 34 0.04653366 
428 68 22 27 0.045795497 
330 269 44 53 0.04560163 
195 167 51 56 0.04503795 
567 3 25 29 0.042732585 
521 242 63 55 0.039914556 
42 -6 181 213 0.039466906 
392 257 29 32 0.039047506 
419 291 24 31 0.038684092 
417 57 24 29 0.03722598 
352 259 50 49 0.034269866 
174 162 51 54 0.034181755 
499 240 47 55 0.03318303 
45 87 43 53 0.032663863 
171 194 27 33 0.032583956 
133 131 29 34 0.032185413 
522 151 16 24 0.032073393 
804 353 52 68 0.031541493 
580 296 68 58 0.029379988 
271 12 10 14 0.02932717 
541 230 65 55 0.028325541 
473 117 55 55 0.028054828 
219 188 43 54 0.027150724 
185 187 20 23 0.027027389 
223 177 13 17 0.0267623 
638 11 13 18 0.02638403 
493 245 12 15 0.026361495 
314 15 26 33 0.026322627 
637 26 13 16 0.02506834 
126 128 15 22 0.025028756 
98 127 47 58 0.024683371 
254 197 48 56 0.0241334 
143 39 11 15 0.023746727 
225 193 17 25 0.02372677 
421 56 36 46 0.023506965 
479 112 89 108 0.02320617 
629 14 14 18 0.02302972 
535 124 12 16 0.022797069 
315 26 16 20 0.02261043 
501 206 27 33 0.022593906 
435 60 23 29 0.022458656 
111 258 14 18 0.022227438 
663 20 12 16 0.02190058 
112 110 47 57 0.021813512 
336 224 49 55 0.021159245 
644 18 13 17 0.021115128 
421 4 14 15 0.02107501 
217 176 24 31 0.020850526 
162 164 28 36 0.020751731 
239 192 31 42 0.020637762 
173 27 25 35 0.020529617 
