44_Aerobics_Aerobics_44_585
56
819 211 35 48 0.99588364 
180 208 25 34 0.97761744 
531 184 29 38 0.97030187 
594 172 22 28 0.6409232 
309 151 25 30 0.6389605 
154 382 154 237 0.20456733 
281 197 36 46 0.20208427 
347 162 17 22 0.19749404 
153 210 17 21 0.089322746 
827 272 55 71 0.068226546 
460 372 165 272 0.064828694 
589 171 17 22 0.06473691 
913 214 42 52 0.06319486 
322 182 16 21 0.057013784 
342 146 15 19 0.051730752 
269 209 33 41 0.04576816 
243 143 28 36 0.045584492 
130 245 14 16 0.045320943 
663 133 51 64 0.045095503 
948 279 24 36 0.04339014 
188 181 14 16 0.04264365 
622 189 27 36 0.041829724 
245 244 32 43 0.040772606 
529 200 35 49 0.04038504 
856 274 35 48 0.039604656 
167 197 12 16 0.034633864 
182 181 13 16 0.032510504 
38 269 10 14 0.029411163 
362 210 15 21 0.027620496 
74 308 298 420 0.027073987 
915 211 26 33 0.026809696 
264 206 27 30 0.026798036 
291 193 17 23 0.025795572 
429 -8 65 65 0.025680328 
285 156 22 30 0.025585022 
341 153 17 23 0.025484622 
691 236 18 21 0.025141986 
634 172 14 18 0.02511421 
125 168 16 21 0.02442372 
739 411 183 313 0.02415717 
245 224 26 32 0.023714222 
179 194 24 33 0.023546858 
299 151 43 54 0.023448667 
828 300 59 86 0.023374353 
162 202 20 28 0.02294175 
251 153 27 40 0.022738853 
261 211 17 19 0.022568401 
341 164 22 35 0.021872064 
602 219 21 29 0.021816814 
444 72 443 524 0.021475146 
323 154 27 32 0.021116594 
612 185 24 34 0.020843124 
173 271 29 44 0.020732585 
235 200 16 19 0.020647231 
250 219 48 65 0.020253276 
256 217 28 34 0.020146005 
