44_Aerobics_Aerobics_44_35
24
560 313 64 85 0.99789906 
116 243 59 70 0.99715996 
100 358 76 93 0.9952703 
704 529 120 135 0.9938724 
841 336 75 96 0.99129546 
447 689 174 196 0.9853741 
521 258 53 70 0.97525513 
64 1139 197 227 0.33661938 
73 602 476 588 0.2569385 
510 279 51 69 0.06842145 
915 998 16 21 0.06534505 
1011 454 11 16 0.046931535 
153 877 285 334 0.036835242 
910 1003 14 20 0.035051282 
545 290 55 78 0.033500787 
820 1020 15 19 0.032743193 
-4 960 338 438 0.027077122 
770 589 36 43 0.026049916 
610 529 477 542 0.0249497 
191 709 214 263 0.024142185 
756 509 117 135 0.021675697 
276 1196 14 16 0.021133702 
1003 370 18 23 0.020131707 
738 1118 51 50 0.020014584 
