44_Aerobics_Aerobics_44_66
24
435 235 35 50 0.99855286 
778 202 50 61 0.99744785 
252 144 71 99 0.9964678 
902 231 30 38 0.98501694 
676 197 37 40 0.98010784 
89 255 16 20 0.90312976 
474 259 22 29 0.84304726 
674 425 280 262 0.12579356 
80 280 27 34 0.042563137 
470 337 331 420 0.042462476 
12 39 219 176 0.03542147 
-25 269 168 289 0.033331692 
846 420 111 123 0.031995997 
235 167 29 46 0.031528052 
627 619 18 19 0.028577318 
74 260 23 29 0.02692689 
46 273 58 70 0.026793977 
86 262 15 20 0.026226643 
66 275 13 18 0.025771031 
124 272 14 22 0.02490329 
575 154 14 17 0.021760786 
600 153 52 67 0.020469377 
241 171 16 25 0.02020999 
687 196 24 24 0.020106552 
