44_Aerobics_Aerobics_44_370
19
671 68 62 79 0.99944776 
176 57 57 76 0.9988022 
300 147 74 94 0.9964581 
941 35 48 57 0.99599624 
579 0 46 51 0.99072826 
250 11 41 48 0.97406244 
830 -1 34 28 0.3380254 
397 141 32 40 0.04651427 
857 2 18 19 0.040409975 
824 2 15 18 0.037130512 
371 184 30 38 0.031803567 
661 52 48 64 0.030873798 
117 125 55 63 0.028400348 
655 34 43 53 0.027227078 
573 111 54 57 0.022664674 
919 41 28 41 0.021624928 
115 126 32 38 0.021231294 
379 192 17 21 0.021132367 
376 152 32 42 0.020996053 
