44_Aerobics_Aerobics_44_246
98
657 638 60 76 0.9991943 
272 609 57 71 0.99883765 
775 644 57 72 0.9982828 
791 1027 35 43 0.9962986 
241 1179 20 31 0.93865913 
548 176 34 46 0.8461617 
100 1204 15 20 0.7097566 
9 1204 11 14 0.6135596 
881 150 9 12 0.57622284 
316 1217 14 18 0.54937893 
764 148 16 20 0.25909415 
636 198 11 15 0.25352967 
59 38 172 219 0.22407189 
11 1209 13 17 0.22061983 
383 196 12 16 0.20623344 
186 1212 10 13 0.16766955 
79 1211 9 14 0.15262601 
683 116 205 260 0.1399714 
806 195 13 15 0.10655299 
339 222 14 18 0.10300667 
59 32 33 52 0.08927311 
402 1205 12 17 0.08646661 
219 1188 13 19 0.08495558 
195 4 128 154 0.081458844 
46 1 38 30 0.08092322 
678 178 16 19 0.07717461 
387 202 12 16 0.07697641 
171 1198 15 18 0.07584635 
423 1179 29 34 0.0704728 
324 213 14 18 0.068657525 
85 1209 13 17 0.06508894 
831 154 12 16 0.06353903 
332 219 16 20 0.06327191 
93 1206 16 21 0.06271551 
476 1150 48 68 0.0622683 
3 225 27 36 0.06133572 
183 1207 11 14 0.057188317 
406 167 30 39 0.056941845 
52 13 53 61 0.0566667 
405 211 14 19 0.05599242 
32 1242 10 14 0.051288772 
67 37 56 60 0.050419386 
611 25 332 415 0.04628582 
876 144 19 24 0.045930672 
812 197 10 14 0.04117575 
99 30 35 45 0.041086454 
116 27 30 37 0.040800083 
335 1209 12 16 0.040004835 
73 1207 10 14 0.038964946 
356 1166 194 201 0.03813862 
187 1218 12 16 0.03782026 
420 1164 31 36 0.036464788 
425 1169 44 50 0.03599184 
274 1208 16 21 0.035154954 
693 187 12 18 0.03434976 
322 1214 13 16 0.033389553 
100 1213 13 21 0.03251271 
974 716 13 17 0.032034595 
14 1218 10 13 0.031694133 
681 183 17 21 0.031048972 
83 -3 56 52 0.030380217 
313 156 12 16 0.030156696 
435 1159 31 39 0.030064136 
3 247 12 20 0.02935008 
0 1236 9 14 0.02924776 
884 152 11 14 0.029054796 
37 43 63 84 0.028446302 
868 237 12 15 0.027559573 
308 1189 14 16 0.027334213 
7 1198 20 26 0.02593694 
84 28 33 49 0.025869627 
208 21 85 81 0.02577348 
345 223 14 20 0.025723003 
941 205 10 12 0.025565596 
35 1239 11 14 0.025399176 
246 1176 14 20 0.02506535 
932 225 22 27 0.024677407 
32 1283 11 15 0.024469808 
762 153 25 35 0.024432192 
107 15 33 41 0.024353584 
99 56 64 79 0.024271332 
766 165 26 34 0.024228163 
876 171 14 18 0.023159334 
1 1203 10 15 0.023130782 
395 203 14 20 0.022768913 
341 202 13 16 0.022638904 
0 1245 9 14 0.022527002 
107 1198 12 18 0.022042407 
452 1164 51 61 0.021806905 
799 189 14 18 0.021492697 
93 1226 10 14 0.021451835 
806 203 13 14 0.021059874 
86 1217 12 16 0.020885522 
453 1179 64 82 0.02078176 
0 354 10 17 0.02074615 
80 1193 23 29 0.0206436 
47 70 114 153 0.020215472 
62 1221 9 12 0.020170683 
