44_Aerobics_Aerobics_44_549
22
439 56 68 89 0.9988507 
801 42 43 61 0.9937512 
245 115 39 46 0.99313366 
560 319 17 25 0.8623298 
349 167 24 27 0.12204116 
320 165 21 29 0.09431726 
357 164 15 18 0.09242412 
606 340 12 15 0.06896663 
690 298 17 21 0.05882985 
344 175 26 32 0.049463436 
1002 262 21 35 0.047977954 
595 358 13 17 0.036223497 
549 343 16 20 0.028258989 
305 212 14 19 0.025348593 
567 316 16 23 0.025129152 
500 161 56 70 0.025072414 
548 347 23 29 0.02493349 
596 363 15 20 0.023036009 
312 173 27 32 0.02210798 
551 322 16 20 0.021296369 
440 29 191 264 0.021164421 
696 355 12 18 0.020399116 
