2_Demonstration_Demonstration_Or_Protest_2_895
618
673 332 30 41 0.9994809 
488 347 53 69 0.99189925 
627 336 32 42 0.98606527 
802 304 23 29 0.96822184 
23 285 18 23 0.9573845 
275 306 22 31 0.95110345 
67 282 17 22 0.8876203 
137 271 15 19 0.86863714 
376 322 15 24 0.8177603 
608 281 13 16 0.8168349 
384 276 12 15 0.8080129 
341 282 12 15 0.7478189 
198 271 13 17 0.7093773 
414 281 13 15 0.66083074 
735 409 55 77 0.64801216 
967 306 13 16 0.63759446 
209 375 28 34 0.6214634 
927 310 11 14 0.5574878 
114 285 14 20 0.5177068 
990 323 24 29 0.4930865 
522 292 13 16 0.47782287 
66 418 68 97 0.45895493 
300 310 15 21 0.44711643 
286 304 21 30 0.40012616 
728 279 10 12 0.35428104 
298 291 15 17 0.34630767 
534 277 10 13 0.3291188 
0 284 10 16 0.31135932 
213 284 16 20 0.3026575 
427 313 14 21 0.29695994 
52 267 15 19 0.27667066 
366 328 12 19 0.26419216 
135 314 23 29 0.2612488 
677 273 11 15 0.26123992 
598 507 33 46 0.25467676 
549 303 16 20 0.25173068 
761 409 47 72 0.24827796 
749 300 14 16 0.23956494 
472 260 9 11 0.23746802 
260 290 13 18 0.22997186 
458 300 21 28 0.2295762 
220 379 30 34 0.22950631 
467 304 14 19 0.21655247 
194 255 9 11 0.21644485 
707 316 13 17 0.21473056 
686 252 11 14 0.21226943 
942 269 10 13 0.20534217 
294 296 22 28 0.2029915 
205 293 19 23 0.18632825 
757 301 11 14 0.18573678 
709 282 10 14 0.18167086 
885 269 11 13 0.18030192 
420 314 18 29 0.17800575 
453 305 13 18 0.1734357 
491 260 10 12 0.16528766 
785 420 37 57 0.1473089 
926 286 9 12 0.14334646 
337 285 11 14 0.14280239 
813 253 9 13 0.14269109 
307 336 14 18 0.14042869 
552 249 6 9 0.13596664 
121 288 14 18 0.13409758 
707 417 63 82 0.1317997 
579 344 39 58 0.12886456 
829 254 10 12 0.12787695 
590 264 9 11 0.12253839 
192 259 11 14 0.12189107 
536 248 7 10 0.12062068 
152 284 13 16 0.12036464 
867 323 14 18 0.11764749 
369 269 8 11 0.112110324 
527 255 8 10 0.11112069 
337 314 15 18 0.11088049 
601 337 38 54 0.11002884 
595 475 49 71 0.1081396 
254 266 11 14 0.107199825 
327 287 10 13 0.10609978 
535 282 11 15 0.10555344 
975 270 9 11 0.10498708 
303 254 10 12 0.104797415 
619 334 26 37 0.10438071 
441 226 11 15 0.1041016 
689 438 64 78 0.10347555 
30 425 12 21 0.103156045 
334 290 11 14 0.10218627 
567 280 10 13 0.1011779 
455 246 9 11 0.101155885 
574 266 10 13 0.10058154 
684 267 13 17 0.098337576 
410 284 10 12 0.09789721 
614 261 9 12 0.097212225 
276 297 16 21 0.09714661 
415 328 11 17 0.09225674 
970 577 52 110 0.091979116 
863 256 9 11 0.090798326 
804 341 22 30 0.089620724 
836 337 18 20 0.087588675 
127 274 13 16 0.08700743 
221 402 47 68 0.086852364 
304 272 10 13 0.08646071 
949 267 10 13 0.08642033 
793 254 8 11 0.08524549 
834 294 13 15 0.084570006 
689 299 15 19 0.0842226 
788 355 12 17 0.084082864 
1013 299 10 15 0.08339761 
339 278 11 14 0.08282994 
749 295 11 15 0.08195567 
923 291 12 15 0.08120897 
406 415 46 60 0.08028043 
421 353 13 19 0.07911805 
633 245 8 11 0.07773341 
527 247 8 9 0.07737428 
454 292 11 15 0.07713999 
924 302 12 15 0.076781906 
293 269 11 15 0.076453425 
600 286 11 14 0.07617354 
45 295 23 30 0.07589562 
982 270 8 11 0.075185336 
854 289 11 13 0.07372346 
346 279 10 13 0.07264284 
449 189 8 12 0.072116084 
476 261 10 12 0.07205172 
535 253 8 10 0.0717345 
308 277 10 13 0.0714582 
408 264 9 12 0.07082884 
638 239 9 12 0.06992404 
664 258 12 15 0.06979982 
912 265 8 9 0.06905102 
438 264 14 18 0.06895455 
1014 293 10 14 0.06893264 
557 262 9 11 0.06847219 
269 289 15 21 0.06736624 
793 348 22 27 0.066873245 
598 245 8 10 0.066516586 
461 313 14 17 0.06603931 
357 372 22 32 0.065584004 
521 244 8 10 0.0654697 
828 298 18 20 0.06497929 
552 272 9 11 0.064494506 
454 287 10 12 0.06405542 
967 267 11 14 0.0636913 
414 252 9 12 0.06267716 
533 291 12 15 0.062191024 
574 347 26 39 0.061910704 
913 268 9 12 0.061533373 
486 143 17 20 0.0606021 
797 254 9 12 0.060260825 
525 287 12 15 0.060140748 
763 300 11 14 0.060089692 
236 91 24 33 0.059770487 
476 286 12 14 0.059696626 
583 267 12 13 0.059553295 
145 274 14 18 0.059068333 
484 308 11 14 0.058871567 
247 346 24 32 0.05881982 
475 307 12 15 0.05769002 
531 300 12 15 0.057553586 
614 338 13 21 0.05754516 
504 254 9 11 0.057447392 
700 318 19 25 0.057042185 
369 245 8 12 0.056731194 
765 277 10 13 0.05658727 
206 384 49 61 0.056322046 
59 274 19 25 0.056314263 
210 307 16 17 0.055587463 
404 237 9 12 0.0548533 
941 264 10 12 0.052964 
576 352 13 21 0.05274686 
709 254 10 12 0.05263531 
879 265 11 14 0.05250929 
526 241 8 10 0.051721726 
248 260 11 14 0.05044401 
668 256 10 12 0.050222766 
630 292 14 16 0.049972583 
775 253 10 12 0.049963295 
220 299 14 18 0.049905 
784 359 13 18 0.049423613 
782 253 9 12 0.04939742 
714 315 13 16 0.0491558 
309 299 11 15 0.04883274 
543 254 8 10 0.048465952 
721 260 9 12 0.04841148 
765 356 21 28 0.047980327 
609 259 10 13 0.047886502 
930 358 61 71 0.0478821 
381 315 21 30 0.047816902 
429 246 9 11 0.047686324 
825 364 40 51 0.04750089 
466 322 14 18 0.04746708 
220 308 14 17 0.047206424 
300 334 23 29 0.04714079 
201 385 29 39 0.046990376 
67 309 13 18 0.046977244 
174 278 12 15 0.04691546 
414 288 14 17 0.04668505 
782 350 23 30 0.046656385 
635 307 14 18 0.046596307 
300 397 51 66 0.046151776 
645 251 12 17 0.046025194 
885 274 12 15 0.045662925 
442 337 18 22 0.04563303 
543 122 12 14 0.045510117 
593 239 9 12 0.045423713 
860 285 12 14 0.045312103 
205 373 18 30 0.04526326 
429 205 9 12 0.045127165 
156 277 12 17 0.04467351 
342 327 23 27 0.044523712 
370 293 14 16 0.044004027 
670 270 13 16 0.043942425 
868 331 22 29 0.04390615 
405 245 10 13 0.043854304 
572 277 10 13 0.043261476 
687 407 53 75 0.043188624 
856 260 8 11 0.043182965 
814 247 11 14 0.043111637 
511 247 8 10 0.04301754 
334 317 22 27 0.04294361 
279 290 23 32 0.042819243 
754 338 22 30 0.042624272 
544 248 8 10 0.04249774 
404 174 10 13 0.042473607 
469 292 14 18 0.0422875 
399 241 13 17 0.042222526 
830 347 28 32 0.042100035 
374 268 11 13 0.04209761 
517 139 28 34 0.041996755 
228 315 13 17 0.041929085 
397 301 12 15 0.04181337 
839 372 49 59 0.04132674 
551 346 42 63 0.041291848 
459 311 26 32 0.041264635 
540 276 11 13 0.041187275 
34 273 20 25 0.041145623 
781 261 9 11 0.04113781 
1 256 9 14 0.04105293 
661 430 108 123 0.040760454 
621 333 14 21 0.040725145 
306 292 12 16 0.040661134 
563 286 15 18 0.040628012 
509 253 9 11 0.0404335 
279 408 49 63 0.04030796 
495 309 11 14 0.040296406 
896 256 8 10 0.04027796 
76 108 22 28 0.04020437 
752 254 9 11 0.04019023 
608 257 9 10 0.040094472 
179 281 15 18 0.040036984 
704 278 12 16 0.03999206 
622 268 10 13 0.03989901 
726 272 10 13 0.039780285 
692 247 11 13 0.03936128 
634 240 9 11 0.0392559 
540 285 10 13 0.039007805 
971 315 45 54 0.038755544 
198 402 29 37 0.0385701 
415 431 54 64 0.038534664 
174 298 12 16 0.038436115 
758 343 14 18 0.038181145 
53 301 24 32 0.038048774 
400 229 11 15 0.03802503 
639 269 10 15 0.03800868 
557 269 9 11 0.037920866 
213 313 16 19 0.03791244 
927 280 10 13 0.037890412 
569 269 10 12 0.0377238 
935 277 9 11 0.037699815 
193 266 13 17 0.03769042 
509 124 47 52 0.03761193 
140 310 15 18 0.037599415 
155 266 13 17 0.03734267 
342 274 10 13 0.037261933 
329 123 10 14 0.03718634 
253 284 15 21 0.03717431 
430 237 9 12 0.03710734 
227 308 12 16 0.03705533 
799 283 12 15 0.037030075 
630 459 14 21 0.0366881 
125 263 10 13 0.036598466 
613 267 12 13 0.036536124 
872 284 10 13 0.036525454 
824 228 10 12 0.03631422 
49 291 17 21 0.036308035 
690 259 12 16 0.03619002 
361 121 11 15 0.036119018 
799 277 11 13 0.03609068 
730 208 8 11 0.03591732 
151 261 12 15 0.035864633 
112 281 11 14 0.035831407 
118 280 11 16 0.035815295 
598 261 10 12 0.035705548 
605 287 13 17 0.035653967 
533 306 12 15 0.03562191 
629 349 19 23 0.035582505 
522 253 9 12 0.03554687 
825 357 28 36 0.03545677 
958 266 11 15 0.035396066 
983 263 7 10 0.0352217 
920 254 8 11 0.035173573 
309 377 46 58 0.0351607 
319 285 10 13 0.03507945 
295 285 14 18 0.035068274 
929 312 14 18 0.034904767 
397 211 11 16 0.034751248 
405 231 9 12 0.0347123 
47 260 13 16 0.03437573 
388 282 11 14 0.034338653 
462 365 25 31 0.034234114 
750 261 9 11 0.03418189 
736 228 9 12 0.03413523 
814 391 46 66 0.03400476 
510 262 8 12 0.03336666 
767 229 9 12 0.033317294 
896 312 9 12 0.033309005 
413 272 11 13 0.033295974 
505 246 9 11 0.033251632 
204 283 16 19 0.033222582 
718 284 12 15 0.03312678 
719 255 10 13 0.032970812 
932 302 14 17 0.032878175 
542 270 11 14 0.03287226 
300 281 20 26 0.032528013 
308 283 11 15 0.03250448 
277 286 13 17 0.032347955 
943 294 12 14 0.032195378 
961 253 8 10 0.03215967 
765 253 11 12 0.032155994 
668 299 12 16 0.031915978 
252 333 23 32 0.031634245 
461 294 13 18 0.031408913 
371 363 15 21 0.031314123 
73 287 23 31 0.031288702 
467 260 9 12 0.031199848 
528 274 11 13 0.03110319 
451 345 15 18 0.030974027 
527 288 20 24 0.030834831 
155 346 26 37 0.030759024 
398 249 12 15 0.030702816 
966 253 10 11 0.03057512 
534 179 10 14 0.030488625 
386 415 45 66 0.030481687 
877 283 12 15 0.030369494 
526 259 10 12 0.030284084 
587 314 16 21 0.030247418 
836 238 10 12 0.030162891 
601 427 88 119 0.030043354 
836 295 22 29 0.030032558 
720 268 11 14 0.03001194 
271 308 16 21 0.029523287 
551 190 8 10 0.029444205 
542 262 9 10 0.029416453 
689 324 24 32 0.02936627 
557 256 9 10 0.029346397 
168 277 11 15 0.02930403 
502 277 9 12 0.029252544 
234 339 25 32 0.029103208 
760 254 9 11 0.029075192 
341 254 9 12 0.02902135 
339 337 18 23 0.0288847 
262 392 45 64 0.02887076 
288 275 12 16 0.028828826 
841 344 17 21 0.028748574 
559 277 11 14 0.028703474 
406 402 31 50 0.028686995 
725 261 10 12 0.028666416 
849 260 8 11 0.028638817 
189 249 19 25 0.028588794 
469 276 12 13 0.028480008 
915 375 55 69 0.028468905 
433 230 9 12 0.02845473 
814 260 9 12 0.028392894 
285 283 13 17 0.028340142 
989 270 10 13 0.02827811 
316 300 12 15 0.028235126 
474 365 47 62 0.028134689 
745 261 10 12 0.028114134 
815 371 28 33 0.028081832 
541 291 10 13 0.0280356 
375 284 12 14 0.02798398 
67 268 13 17 0.027923066 
904 352 46 54 0.027879165 
455 277 10 12 0.02784534 
144 321 31 39 0.027728755 
635 463 14 18 0.027597575 
729 340 24 28 0.027555048 
723 288 15 20 0.02743045 
199 298 16 20 0.027424613 
532 162 60 67 0.027352957 
974 292 12 15 0.02735044 
543 300 14 19 0.027326502 
308 254 10 12 0.027286703 
178 207 423 481 0.027266933 
912 239 7 10 0.027249474 
120 259 9 13 0.027154025 
814 266 11 14 0.027099542 
806 315 27 38 0.027084842 
815 299 24 29 0.027071109 
410 322 20 27 0.027063582 
766 224 9 11 0.026985275 
991 262 9 10 0.026967948 
397 293 12 14 0.026902242 
857 255 10 13 0.026887301 
919 404 32 39 0.026776586 
478 244 10 12 0.026757946 
661 231 10 13 0.02671247 
84 297 14 21 0.026653124 
911 276 10 13 0.026571317 
366 285 12 14 0.026536902 
989 276 11 13 0.026485136 
426 410 49 55 0.026434965 
863 337 13 18 0.02641301 
13 415 47 70 0.026353626 
493 135 23 31 0.02631983 
2 290 11 16 0.026194097 
872 263 8 11 0.02616531 
131 299 15 17 0.025893414 
401 269 11 12 0.025855055 
310 261 10 14 0.025791403 
776 261 10 12 0.02578787 
619 263 11 13 0.025768755 
259 314 26 32 0.025746357 
601 254 9 12 0.025728783 
990 256 9 10 0.025663473 
816 379 13 18 0.025659222 
486 251 19 24 0.025657196 
31 289 23 29 0.025654968 
541 180 10 13 0.025649123 
568 247 9 12 0.025639508 
485 313 13 16 0.02553793 
979 306 13 18 0.025393987 
758 331 13 18 0.025382865 
337 255 9 11 0.0253619 
476 170 13 16 0.025338994 
124 294 15 20 0.025323596 
144 259 22 26 0.025323559 
746 315 14 17 0.025301065 
337 260 9 12 0.025267154 
525 126 12 13 0.025242079 
399 126 9 12 0.025121976 
257 346 14 21 0.02507798 
944 256 7 9 0.024895329 
479 278 10 12 0.024875162 
603 297 13 16 0.024868373 
846 278 11 14 0.024835814 
219 280 11 15 0.024803506 
449 325 23 31 0.02477543 
668 290 15 20 0.02473849 
975 286 11 14 0.02470642 
797 261 10 12 0.02469214 
478 359 31 41 0.024691064 
589 274 12 15 0.024633499 
637 287 10 13 0.024624178 
780 268 11 14 0.024597712 
353 327 21 29 0.024550661 
431 252 8 11 0.024517817 
799 270 10 13 0.024515674 
346 324 15 20 0.024494689 
504 259 9 13 0.024450883 
139 359 33 38 0.024442334 
813 343 26 33 0.024422083 
277 251 10 13 0.024389636 
305 306 15 21 0.024355682 
196 97 24 33 0.024327395 
703 247 8 11 0.024317322 
671 281 15 18 0.024260182 
622 299 15 18 0.02425026 
731 280 11 16 0.024220638 
943 329 76 98 0.024133854 
551 376 30 43 0.024131281 
878 289 12 16 0.024129579 
635 300 13 16 0.024083694 
974 264 10 12 0.02401979 
245 282 15 19 0.02397667 
932 285 9 11 0.023878023 
879 275 13 16 0.023805568 
58 263 15 18 0.023735031 
163 354 15 22 0.023696994 
315 279 11 13 0.023559421 
902 315 11 14 0.023557607 
646 238 9 11 0.023523215 
255 294 13 18 0.023442585 
413 339 12 18 0.023436686 
537 240 8 11 0.023407008 
140 264 13 17 0.023367718 
784 212 12 14 0.023353776 
419 458 58 66 0.02330458 
983 275 9 12 0.023262907 
510 94 10 14 0.023165107 
326 299 13 16 0.02315051 
368 241 8 10 0.02309686 
644 306 13 18 0.023052605 
869 254 8 10 0.023023378 
325 309 13 16 0.023007995 
638 344 20 25 0.023002496 
569 263 10 12 0.022995435 
324 282 19 23 0.022980364 
631 275 10 14 0.02297387 
378 275 12 16 0.022956418 
136 253 9 12 0.022934653 
527 273 20 24 0.022933947 
91 500 107 117 0.0229274 
994 318 17 19 0.022916501 
405 132 9 12 0.022915876 
2 259 11 15 0.022913704 
822 248 12 14 0.022896612 
747 286 13 18 0.022883266 
646 231 9 12 0.022870054 
863 247 9 11 0.022799453 
797 246 11 14 0.022784803 
975 275 9 12 0.022673387 
463 275 10 13 0.022627998 
186 275 21 27 0.022625288 
702 261 11 14 0.022534274 
501 177 106 103 0.022478737 
333 298 12 15 0.022433061 
415 346 13 18 0.02234466 
511 239 8 11 0.022342643 
632 252 10 14 0.022313267 
604 333 24 33 0.022297252 
399 165 10 15 0.02227386 
680 247 11 14 0.02226159 
676 269 20 24 0.022260994 
757 393 79 116 0.02225419 
903 295 10 12 0.022212552 
940 298 15 19 0.022195 
137 464 57 84 0.022148514 
582 274 12 15 0.022139702 
252 273 14 19 0.022115415 
837 287 11 14 0.022072373 
432 266 11 15 0.02205269 
998 285 10 13 0.021945002 
458 375 18 21 0.021915946 
285 113 13 17 0.02191349 
883 351 16 19 0.021907227 
720 277 11 14 0.021862369 
645 273 12 16 0.021850172 
682 253 19 26 0.021818478 
569 282 12 15 0.02181577 
300 266 19 24 0.021795878 
356 344 13 18 0.021790408 
976 340 44 66 0.021734897 
692 265 11 17 0.021733781 
542 238 9 11 0.021699365 
952 254 8 9 0.021683902 
918 262 8 11 0.021652963 
374 278 21 25 0.021642467 
780 439 30 45 0.0216139 
836 384 31 43 0.021578776 
561 329 44 62 0.021540128 
904 262 9 10 0.02152808 
571 361 32 48 0.02148955 
494 378 33 43 0.021455174 
508 140 15 19 0.021429371 
272 284 24 30 0.02140104 
798 416 35 47 0.02136468 
556 247 10 12 0.02135041 
744 327 25 31 0.02132118 
464 255 9 12 0.021297641 
431 199 9 11 0.021236278 
745 205 10 13 0.021225559 
982 285 11 14 0.02119694 
366 274 11 14 0.021183202 
615 248 8 10 0.021128656 
28 92 10 13 0.021105876 
350 419 49 70 0.021084966 
763 332 13 18 0.021072349 
608 456 52 71 0.021037111 
359 325 13 20 0.02101333 
483 278 11 13 0.021007964 
585 255 9 10 0.021003472 
150 296 14 18 0.021002991 
197 278 16 19 0.02091777 
44 258 22 27 0.020916354 
654 341 24 31 0.020896476 
166 338 24 33 0.02089326 
319 291 12 15 0.020885292 
191 417 34 49 0.020854997 
171 273 20 25 0.020809824 
657 398 41 64 0.020807495 
125 360 33 40 0.020764206 
791 302 10 14 0.020755019 
487 246 11 13 0.02073752 
775 248 11 12 0.020643465 
0 400 11 21 0.020613985 
733 271 11 14 0.020593422 
828 446 14 20 0.020583643 
448 301 13 19 0.020581778 
754 402 32 46 0.020568157 
406 125 9 12 0.020536212 
888 255 8 10 0.020515995 
885 281 11 14 0.020505434 
434 308 13 18 0.020443799 
476 269 10 11 0.02043533 
227 89 48 53 0.02043322 
815 32 116 183 0.020405304 
984 256 9 10 0.020400105 
527 178 12 15 0.020381026 
663 266 14 18 0.0203651 
118 310 12 17 0.020337893 
719 424 94 133 0.02033527 
405 119 9 11 0.02029752 
677 466 63 70 0.02028916 
895 262 9 11 0.020287212 
627 309 23 27 0.020272268 
904 284 8 11 0.020217884 
42 283 43 51 0.020214835 
855 383 53 63 0.020176684 
877 370 32 40 0.020174095 
250 318 24 30 0.020149587 
450 245 9 12 0.020128515 
585 248 8 10 0.020111876 
452 370 15 20 0.02009094 
659 345 14 20 0.02005869 
743 268 11 13 0.020027932 
511 266 9 13 0.020019146 
963 311 24 29 0.020016491 
461 244 9 12 0.020008963 
