2_Demonstration_Demonstration_Or_Protest_2_512
525
140 281 56 67 0.98720074 
966 374 54 84 0.98373204 
404 238 25 31 0.9834826 
413 307 75 86 0.90202016 
935 280 24 29 0.8822283 
152 188 23 29 0.7009812 
241 209 19 22 0.6471 
129 189 26 31 0.603903 
952 312 34 39 0.5822251 
677 188 16 21 0.5166758 
917 197 10 13 0.49327075 
917 259 17 20 0.4631362 
993 208 9 11 0.41644934 
735 257 13 17 0.41003242 
988 271 14 18 0.39972225 
471 230 11 13 0.3349722 
172 212 24 30 0.33413365 
658 249 15 18 0.3113243 
648 207 9 12 0.303966 
570 344 37 42 0.29639396 
294 206 12 16 0.2943992 
902 267 16 20 0.28728023 
631 255 24 30 0.2817752 
531 407 54 72 0.27819765 
679 181 13 16 0.23417683 
629 262 16 20 0.21549778 
924 258 22 26 0.20851462 
173 440 104 124 0.2062275 
910 261 15 18 0.20459272 
717 196 10 12 0.1983492 
674 282 34 43 0.19554693 
812 212 10 13 0.1916585 
802 228 12 14 0.19047071 
202 231 23 32 0.18765634 
790 287 27 35 0.18491639 
916 383 72 104 0.17836471 
1005 313 16 23 0.17770827 
599 289 31 30 0.17528254 
965 268 12 16 0.1704301 
1013 274 9 15 0.16943799 
774 231 15 17 0.16718939 
899 411 59 86 0.16625896 
730 309 50 58 0.16509552 
955 263 14 16 0.16323517 
223 288 32 43 0.16286093 
676 426 81 120 0.16111505 
971 273 12 16 0.1598141 
589 211 13 17 0.15541625 
1008 258 12 17 0.1478378 
735 231 10 13 0.14242826 
710 301 35 49 0.1421379 
315 201 12 16 0.13870938 
715 221 10 12 0.13797383 
702 207 9 11 0.1344818 
619 244 16 19 0.13234797 
665 204 11 14 0.1311315 
661 303 59 69 0.13101116 
519 188 30 36 0.12558144 
976 208 8 9 0.12065422 
695 311 53 64 0.11733652 
686 291 33 40 0.11661907 
995 211 11 13 0.116093576 
755 212 11 13 0.1154762 
808 329 41 48 0.10876201 
949 218 10 13 0.10852557 
99 293 27 33 0.10663613 
630 204 10 13 0.10627293 
605 183 11 13 0.10328596 
803 221 13 15 0.102821484 
574 211 12 15 0.10056847 
270 241 14 17 0.0991084 
775 205 9 12 0.09714822 
624 219 12 16 0.095853835 
1008 189 9 13 0.09424396 
816 322 32 34 0.09240795 
837 204 13 16 0.091301 
646 226 10 13 0.09110425 
693 229 12 15 0.091046795 
443 210 25 32 0.08984594 
968 250 10 13 0.0894314 
951 203 10 13 0.08940816 
719 245 12 15 0.088801235 
663 199 11 14 0.0887351 
121 181 42 54 0.08827659 
638 241 13 18 0.087413125 
735 204 10 14 0.087234646 
681 174 11 15 0.084607385 
672 196 12 15 0.08263627 
858 286 16 23 0.08250981 
203 198 16 20 0.081926964 
260 184 23 27 0.08167098 
917 228 14 17 0.079769686 
654 198 10 12 0.07952722 
838 270 21 30 0.07924372 
991 262 12 15 0.07790785 
376 211 26 38 0.07645942 
295 195 12 15 0.07619861 
297 209 15 18 0.07510171 
91 333 56 61 0.074737996 
648 199 9 12 0.07463896 
984 207 8 10 0.0744367 
596 235 14 21 0.07442828 
372 84 16 19 0.074164495 
717 236 13 15 0.0736119 
596 290 18 22 0.073255725 
295 174 24 28 0.073184624 
596 211 12 17 0.07252591 
246 390 52 71 0.071429424 
826 242 15 18 0.07137567 
623 246 23 28 0.071187995 
823 236 14 18 0.07099639 
208 189 24 28 0.07024704 
173 179 12 15 0.06987713 
788 190 11 15 0.06978221 
701 236 10 13 0.06969741 
759 207 10 13 0.06953148 
787 237 11 14 0.06939834 
767 205 9 11 0.06900926 
583 210 13 17 0.06821817 
625 242 16 19 0.06761144 
394 180 12 17 0.06678128 
756 291 38 53 0.066393174 
1012 185 10 15 0.06618696 
743 211 10 12 0.06537957 
605 215 14 20 0.06532688 
863 199 9 12 0.06412624 
309 147 12 15 0.06353733 
653 222 10 15 0.063339576 
718 202 11 13 0.062927745 
545 337 54 56 0.06258789 
696 170 10 13 0.062508576 
393 329 75 87 0.06193932 
973 222 9 11 0.061465442 
739 230 12 16 0.06111245 
210 229 14 18 0.060854018 
635 305 33 39 0.059877355 
218 188 15 20 0.059690606 
446 212 15 19 0.059671395 
427 208 14 18 0.059394676 
703 211 9 12 0.05907745 
877 334 31 40 0.059060648 
337 185 19 24 0.05848462 
348 239 16 20 0.05810132 
593 211 22 27 0.057944104 
605 299 32 35 0.057907905 
742 166 11 14 0.05778811 
975 212 9 11 0.057784967 
716 228 12 14 0.05767136 
287 196 10 13 0.057577472 
87 141 50 74 0.057497848 
628 213 13 16 0.05749265 
957 203 10 13 0.057443973 
857 226 16 20 0.05741217 
734 224 9 11 0.057093047 
774 282 37 50 0.05684733 
751 225 14 18 0.05611194 
939 315 25 31 0.055903748 
267 193 13 16 0.05513424 
604 194 13 18 0.05489579 
931 265 23 27 0.054842547 
702 187 9 13 0.05424384 
132 206 18 23 0.053765714 
289 204 12 17 0.053348288 
807 207 12 14 0.053240154 
116 339 57 66 0.05271136 
620 214 20 25 0.052532554 
1009 207 9 13 0.05227515 
635 245 23 29 0.05219404 
638 212 10 13 0.05206338 
833 211 12 15 0.051892273 
644 292 50 55 0.051180515 
102 162 48 71 0.051178858 
467 194 15 17 0.05090399 
824 197 9 12 0.050629564 
52 194 15 17 0.05025373 
996 259 14 17 0.05013033 
807 121 32 34 0.04977213 
435 192 16 19 0.04907981 
180 188 12 16 0.048041653 
435 220 24 32 0.04796037 
286 190 10 13 0.047892526 
429 202 13 17 0.04766636 
851 112 15 19 0.04761241 
651 323 56 74 0.04737506 
33 182 87 118 0.046676874 
223 403 59 79 0.04591797 
342 173 26 29 0.045864042 
22 193 13 17 0.045648813 
607 229 24 32 0.045527223 
530 203 18 24 0.045418046 
236 293 16 22 0.04495821 
1002 191 8 12 0.04487291 
698 203 10 13 0.044835538 
623 204 10 13 0.04438858 
845 211 10 14 0.04406357 
512 203 26 35 0.043803763 
972 250 12 15 0.0437392 
270 237 23 29 0.04355608 
945 213 12 15 0.043429006 
276 195 11 14 0.043407243 
422 202 24 30 0.04338699 
685 244 10 15 0.04328714 
769 247 10 14 0.043177582 
291 236 31 40 0.04310444 
748 166 11 14 0.043069277 
612 196 15 17 0.043054476 
902 191 10 12 0.042783376 
274 235 15 18 0.04264717 
548 222 14 18 0.042525608 
435 205 25 30 0.042329885 
430 195 24 27 0.04232198 
668 220 12 17 0.042047225 
722 247 21 25 0.041728724 
342 218 25 29 0.041378945 
668 212 10 15 0.04095604 
593 222 23 32 0.040847525 
612 215 12 15 0.040714417 
162 187 23 30 0.040007163 
788 243 12 15 0.0399392 
640 188 10 12 0.039932985 
653 212 9 12 0.039883338 
756 244 11 13 0.039581303 
585 217 12 16 0.039495952 
357 179 15 20 0.03944981 
846 276 21 31 0.039276686 
725 250 12 16 0.03920025 
620 185 12 16 0.03854859 
710 228 12 15 0.038502667 
164 180 14 16 0.03815025 
720 167 8 10 0.038074497 
568 213 12 15 0.03804017 
394 225 27 40 0.038006548 
717 240 20 25 0.037970904 
877 332 14 20 0.037644498 
854 222 15 17 0.03751567 
782 221 10 12 0.037458513 
712 216 9 13 0.037133716 
968 206 9 11 0.036917023 
58 133 83 125 0.036797427 
805 207 20 24 0.036699146 
190 187 12 18 0.036557034 
514 272 25 38 0.03648371 
824 246 26 35 0.03633896 
506 219 25 37 0.03594597 
751 209 10 14 0.03594085 
726 235 12 15 0.035806946 
1000 246 10 12 0.035709012 
144 250 32 38 0.035610355 
687 237 11 16 0.03552551 
935 298 29 37 0.03524769 
907 261 27 31 0.035166718 
686 168 10 12 0.03503148 
798 218 20 25 0.03487219 
277 202 12 15 0.034845296 
860 218 28 34 0.034823522 
998 297 14 18 0.034701508 
349 195 39 50 0.03449381 
676 197 13 19 0.0344773 
836 244 13 16 0.03447143 
220 182 21 30 0.03439815 
192 425 70 91 0.034290675 
684 215 10 14 0.03425438 
637 232 22 29 0.03408121 
957 273 14 19 0.034046344 
750 236 12 17 0.033901718 
784 190 10 13 0.03386779 
196 188 15 19 0.033544675 
798 203 11 13 0.03348106 
590 227 11 14 0.033256676 
1007 246 10 13 0.03322952 
931 311 24 30 0.033086892 
717 214 11 14 0.03292695 
602 187 11 15 0.032886114 
696 181 11 15 0.03284848 
719 181 10 13 0.03280036 
771 250 12 16 0.032792315 
812 252 12 17 0.032737907 
290 207 26 32 0.0327367 
973 226 10 14 0.032615747 
775 213 9 11 0.032536816 
292 189 22 27 0.032512445 
981 187 11 14 0.032496717 
50 210 13 16 0.032416016 
165 174 23 28 0.031908974 
528 231 25 32 0.031869344 
730 242 22 27 0.031840615 
388 207 24 35 0.0317443 
255 188 13 17 0.03172096 
1013 211 8 12 0.031718083 
183 223 28 40 0.03169484 
686 417 138 204 0.031475496 
489 220 9 12 0.03136317 
983 212 9 12 0.031313173 
810 261 23 33 0.031250305 
976 189 9 12 0.031226257 
423 189 11 13 0.031214682 
-3 223 25 39 0.031191245 
603 237 15 23 0.031187313 
140 181 46 52 0.03117224 
63 218 53 71 0.031041991 
661 190 11 13 0.031036604 
680 242 11 16 0.030841094 
981 275 24 27 0.030839005 
655 191 10 13 0.030783141 
823 204 9 13 0.03059336 
750 190 8 11 0.030492537 
788 260 13 17 0.030478226 
517 201 14 18 0.030431654 
776 198 11 14 0.030266734 
625 306 26 34 0.030134225 
276 241 33 40 0.030074218 
787 295 18 23 0.02993527 
696 199 10 13 0.029802348 
806 246 12 15 0.029791936 
995 280 14 18 0.02977437 
743 182 9 11 0.029750597 
466 224 22 24 0.029550323 
93 245 15 18 0.029475614 
734 246 13 16 0.029453771 
399 219 40 51 0.02945084 
225 194 22 30 0.029359646 
790 219 10 12 0.029357946 
645 190 10 12 0.029300265 
557 218 13 19 0.029239513 
548 196 15 19 0.029157976 
418 208 39 49 0.029019367 
645 221 22 27 0.028942829 
442 236 17 23 0.028850883 
788 231 12 14 0.028836394 
728 258 14 17 0.028804695 
50 201 15 17 0.028741319 
348 185 27 33 0.028674666 
1007 264 14 21 0.02864328 
543 226 14 18 0.028617747 
178 181 13 17 0.028591733 
665 195 19 27 0.02858683 
226 225 14 19 0.028580436 
301 225 28 33 0.028516768 
977 258 22 27 0.028512212 
736 167 11 12 0.02847138 
744 189 9 11 0.02845629 
371 199 23 30 0.028423598 
982 259 13 16 0.028315617 
1014 280 10 16 0.028135668 
372 196 14 18 0.028080916 
761 200 9 10 0.028043676 
844 243 12 16 0.028016584 
235 179 14 18 0.02795874 
729 213 10 12 0.027904775 
868 312 14 19 0.027687376 
487 214 10 13 0.027615862 
729 222 10 12 0.027436627 
350 168 25 29 0.027307393 
959 191 9 11 0.027180288 
637 317 52 57 0.027005691 
741 244 12 16 0.026947321 
713 191 10 14 0.026703171 
619 197 13 16 0.026645593 
417 300 30 45 0.026638648 
308 199 22 25 0.02660202 
722 257 24 29 0.026564142 
479 211 11 13 0.02655013 
605 202 12 16 0.026537785 
701 242 12 14 0.026517188 
565 356 50 53 0.0264904 
741 199 9 12 0.026477061 
987 259 20 25 0.026431076 
992 293 23 29 0.026414216 
516 144 26 35 0.02626106 
727 333 60 68 0.026220974 
284 193 20 25 0.026219849 
999 313 15 19 0.026200036 
658 239 24 31 0.026009252 
790 150 9 11 0.025966767 
104 286 43 55 0.025920305 
346 185 17 20 0.025898334 
625 226 14 17 0.025889836 
858 264 14 18 0.025873542 
1012 122 11 17 0.025854757 
921 197 12 14 0.025845548 
493 243 14 20 0.025785869 
234 171 13 17 0.025776664 
735 171 10 13 0.025619242 
1003 291 13 18 0.025546404 
360 189 26 32 0.025535455 
854 213 11 14 0.025473688 
866 278 25 37 0.025471017 
865 329 29 37 0.02546442 
269 378 46 72 0.025417106 
971 362 35 45 0.025411477 
775 221 11 13 0.025365155 
443 194 15 18 0.025327755 
555 195 14 18 0.02526177 
686 219 10 15 0.025261603 
912 255 14 17 0.025231132 
791 202 11 15 0.025227046 
854 258 15 19 0.02521305 
156 181 16 19 0.025206989 
967 258 22 28 0.025155583 
786 251 14 16 0.025154036 
838 216 12 14 0.0251197 
767 246 21 25 0.025094781 
280 228 24 31 0.024976447 
878 188 9 12 0.024976004 
727 205 11 13 0.024915913 
616 262 28 35 0.024908165 
936 189 10 13 0.02490218 
941 189 10 12 0.024655845 
221 221 13 17 0.024639765 
826 230 12 15 0.02463825 
200 203 24 29 0.02461232 
453 195 11 16 0.024529772 
633 207 19 25 0.02429412 
757 251 11 14 0.024290536 
586 208 39 50 0.024228424 
929 268 42 49 0.024227047 
893 266 23 32 0.02421065 
165 220 26 34 0.024136873 
730 228 20 27 0.02413665 
268 201 13 16 0.023986124 
991 201 10 13 0.023962747 
813 259 12 17 0.023960926 
451 205 14 18 0.023942508 
178 205 16 19 0.02393505 
526 165 47 56 0.023918154 
306 184 14 17 0.023867384 
152 195 43 52 0.02381244 
969 213 9 11 0.023766484 
890 316 43 57 0.023687596 
642 228 10 15 0.023652984 
211 222 13 16 0.023641137 
833 324 30 39 0.02360423 
934 205 9 13 0.023594936 
835 249 14 20 0.023593845 
640 221 10 14 0.023465412 
389 181 21 26 0.023453746 
735 192 10 12 0.023431392 
900 263 40 54 0.023362761 
869 202 11 13 0.02333789 
773 266 12 16 0.023287142 
299 229 18 24 0.023273684 
286 210 40 52 0.023191208 
963 299 17 21 0.023186857 
494 199 12 14 0.023133455 
234 165 14 15 0.023107948 
945 205 11 12 0.023091994 
436 182 17 19 0.02294339 
804 232 12 16 0.02291148 
517 205 39 53 0.022788545 
772 259 12 16 0.022685628 
790 265 14 18 0.022649998 
140 253 52 64 0.022602955 
233 181 21 29 0.022587216 
340 172 18 20 0.022575298 
605 268 33 40 0.022542005 
935 197 9 11 0.022524344 
861 235 85 112 0.022493973 
516 220 15 20 0.022449456 
951 351 46 67 0.022435432 
323 194 14 18 0.022388851 
431 319 42 49 0.022379555 
592 249 12 17 0.02236138 
921 302 26 32 0.022329368 
680 167 10 13 0.022270348 
650 248 24 30 0.02223811 
212 180 18 21 0.022217518 
197 229 14 20 0.022210827 
831 322 17 21 0.022146314 
958 275 23 26 0.022017064 
80 241 46 61 0.021931093 
644 202 17 23 0.021928988 
298 338 43 63 0.021912238 
823 223 10 13 0.021784209 
416 576 24 37 0.02175476 
788 299 44 52 0.02174145 
648 195 19 24 0.021725412 
546 310 50 57 0.021688493 
783 226 19 23 0.021677388 
923 318 26 33 0.021662131 
831 205 20 26 0.021635475 
213 252 48 68 0.021588214 
396 202 13 18 0.021546165 
712 245 12 15 0.021540081 
945 198 9 11 0.021484014 
277 182 13 17 0.021466518 
357 202 15 19 0.021463254 
565 219 11 15 0.021437401 
359 69 10 11 0.02137623 
340 128 29 32 0.021356422 
245 187 12 17 0.021345166 
312 197 12 16 0.02129199 
866 286 15 23 0.021282803 
477 222 11 13 0.02127552 
662 216 23 30 0.021247797 
639 197 10 14 0.021212187 
825 266 26 33 0.021201538 
110 155 15 23 0.02113921 
811 239 21 28 0.021076681 
968 197 8 12 0.021011095 
725 179 11 12 0.020998653 
835 197 13 16 0.020979611 
185 180 23 28 0.020975523 
1005 282 12 16 0.020913668 
411 171 12 15 0.020884879 
446 192 23 31 0.020877542 
282 177 23 28 0.020822326 
783 204 10 13 0.020801488 
719 174 10 12 0.020769654 
206 164 13 15 0.02075967 
836 137 14 19 0.020758854 
801 129 46 46 0.020732844 
352 234 16 20 0.020708326 
180 406 54 75 0.020704942 
68 306 91 99 0.020690711 
911 191 11 14 0.020629162 
494 220 10 13 0.020478783 
981 221 11 13 0.020430334 
736 262 17 20 0.020364467 
913 193 18 23 0.020314323 
674 284 18 26 0.020305175 
237 294 29 38 0.020290975 
496 227 11 16 0.020139098 
722 232 20 24 0.02009862 
870 189 11 13 0.020035796 
858 197 9 13 0.02001218 
