2_Demonstration_Political_Rally_2_35
19
705 196 24 32 0.9883315 
551 196 21 29 0.95013165 
625 198 20 28 0.92214245 
1003 250 12 17 0.056258846 
783 63 10 13 0.046798605 
1005 195 14 22 0.046646122 
950 118 11 14 0.041636836 
943 118 11 13 0.032745592 
980 564 37 43 0.031381965 
926 119 11 12 0.028857589 
956 119 10 12 0.02790485 
1006 179 12 17 0.025584057 
933 118 11 13 0.024589505 
1005 162 11 15 0.024406116 
831 117 9 10 0.02335556 
628 192 12 15 0.021690836 
1012 179 11 18 0.02063449 
907 117 13 16 0.02033888 
0 364 11 22 0.020320345 
