2_Demonstration_Political_Rally_2_301
440
254 243 12 15 0.6603441 
520 258 14 17 0.58030456 
645 270 11 15 0.4862512 
468 245 10 11 0.4603809 
552 323 12 17 0.32397646 
622 269 10 13 0.31828275 
615 267 10 13 0.2599154 
606 266 10 13 0.24608777 
687 262 9 12 0.22732575 
344 254 10 12 0.22331652 
409 284 11 15 0.21345365 
488 244 8 11 0.19971356 
544 281 9 13 0.181126 
628 271 10 12 0.17677069 
653 297 12 16 0.17104658 
676 319 17 22 0.17031394 
420 309 9 13 0.16934195 
552 264 8 10 0.16400151 
390 245 10 13 0.154636 
343 244 10 12 0.15422468 
337 240 9 11 0.15243804 
548 278 10 13 0.14843488 
341 240 9 11 0.14097488 
333 281 10 14 0.13891074 
430 259 10 13 0.13830337 
160 270 10 13 0.13502009 
599 263 11 14 0.13067593 
550 269 9 11 0.12566122 
630 275 11 13 0.114101484 
360 268 11 15 0.11371845 
168 276 9 12 0.112943076 
104 261 10 13 0.099426314 
181 270 10 13 0.09810266 
174 276 9 12 0.09800384 
302 253 10 12 0.09389815 
664 286 8 10 0.09350443 
880 222 10 13 0.09326496 
319 251 10 13 0.09238318 
614 392 24 28 0.08956446 
375 254 10 13 0.08912176 
399 246 9 12 0.08896992 
494 245 9 11 0.08775988 
463 261 8 11 0.08660643 
328 262 9 12 0.085306205 
329 279 10 14 0.08388929 
309 262 10 12 0.082943976 
177 254 10 14 0.08042489 
381 254 10 12 0.08037949 
160 252 9 12 0.0795497 
568 276 11 14 0.07887971 
545 270 9 11 0.07777619 
430 325 10 12 0.07765237 
725 349 11 14 0.07742438 
353 232 8 10 0.077332675 
101 254 9 12 0.07633286 
405 246 9 11 0.074016884 
663 279 10 11 0.070644416 
96 242 272 259 0.0694906 
805 267 10 12 0.06929815 
422 277 11 14 0.069297865 
191 215 11 14 0.067883156 
479 345 9 11 0.06777628 
182 296 9 11 0.06563471 
501 255 9 11 0.06494637 
176 270 10 14 0.06478779 
942 380 28 29 0.064566515 
359 262 10 12 0.06420929 
662 260 11 14 0.06391307 
163 270 12 14 0.06376304 
693 285 11 15 0.06333962 
495 262 8 11 0.061777826 
302 247 11 13 0.061615344 
313 315 10 14 0.060998924 
557 318 12 18 0.060772553 
21 230 12 17 0.060660925 
593 263 9 12 0.060546953 
398 278 10 13 0.06050356 
181 237 10 12 0.06039451 
325 246 10 13 0.06035046 
343 374 12 17 0.059972998 
431 392 12 13 0.05961135 
97 253 9 12 0.05959695 
398 252 8 11 0.059499048 
686 339 11 14 0.05899626 
104 268 12 15 0.058889627 
415 302 11 13 0.058524974 
409 262 11 14 0.05782852 
347 247 10 11 0.057197608 
471 261 9 10 0.05657485 
206 261 10 13 0.056051306 
42 236 23 33 0.056004774 
236 233 12 16 0.055946417 
432 300 10 14 0.055413768 
837 239 11 14 0.0549988 
694 277 11 13 0.054985955 
631 285 11 14 0.054598268 
640 274 11 15 0.054166913 
391 251 10 12 0.05399645 
799 277 10 14 0.053861964 
257 237 15 18 0.053823266 
652 276 9 13 0.053270258 
479 326 9 11 0.05308426 
133 291 11 15 0.05293832 
170 283 10 13 0.052879218 
489 263 8 10 0.05258519 
357 232 8 10 0.052426152 
197 258 11 15 0.052178923 
339 277 12 15 0.05212239 
480 245 9 11 0.05174294 
506 316 9 12 0.051597405 
193 253 11 16 0.05043462 
126 234 10 15 0.050392274 
651 270 11 14 0.049968664 
485 319 8 10 0.049794547 
400 389 14 17 0.049747754 
591 268 11 14 0.049636096 
472 309 9 13 0.049336877 
333 263 9 11 0.049118314 
437 309 9 12 0.048973754 
464 253 9 12 0.048942536 
321 326 9 10 0.048590723 
305 206 9 12 0.048258726 
95 248 10 12 0.047827058 
435 259 10 13 0.04776668 
682 261 10 13 0.047696363 
263 261 11 13 0.04702357 
572 271 10 13 0.046493057 
424 255 10 13 0.04608934 
693 269 11 13 0.04559889 
518 285 10 13 0.045455366 
429 268 9 12 0.045394097 
641 265 10 12 0.045342237 
412 268 11 12 0.04497879 
325 253 9 12 0.044853583 
674 238 7 11 0.044607084 
406 241 9 10 0.04447351 
333 269 10 11 0.044348337 
296 251 11 13 0.0438597 
432 308 10 13 0.04379221 
357 279 13 18 0.043441642 
528 393 25 28 0.04313875 
271 236 13 16 0.043103386 
681 267 9 13 0.0430665 
631 291 11 14 0.043031726 
546 324 10 14 0.04296748 
463 285 10 13 0.042962883 
734 247 10 13 0.04265865 
359 254 9 13 0.042605676 
465 238 357 467 0.042500667 
48 229 11 15 0.041857008 
412 278 13 17 0.041631415 
494 269 8 11 0.041101586 
148 219 9 12 0.04081431 
177 292 9 12 0.040696733 
142 216 11 13 0.040601805 
669 286 9 11 0.04039846 
350 237 9 12 0.040390253 
559 301 10 12 0.040352676 
600 256 9 12 0.040201012 
661 291 12 16 0.04003593 
800 268 11 13 0.039958883 
344 231 8 10 0.03970089 
502 259 10 13 0.039419074 
663 255 10 12 0.03936907 
244 261 11 14 0.03894147 
205 228 12 14 0.038785495 
627 460 11 14 0.03859695 
431 358 9 11 0.038530283 
470 252 9 12 0.03823652 
398 308 11 14 0.038123842 
177 238 9 12 0.038059283 
432 318 10 11 0.037922304 
196 220 10 14 0.03765626 
430 292 10 14 0.037608705 
687 284 12 15 0.037290424 
181 247 9 12 0.03721813 
662 267 11 14 0.037105024 
678 309 21 27 0.036975645 
422 315 9 12 0.036674213 
624 273 10 13 0.036432564 
311 246 10 12 0.036366154 
207 221 10 12 0.036300573 
208 215 9 13 0.03620057 
591 275 11 13 0.036119185 
502 245 9 12 0.036047082 
572 282 11 14 0.036031056 
379 363 13 15 0.035976328 
199 228 11 13 0.03592077 
502 239 10 12 0.035666443 
680 253 9 12 0.03552605 
775 270 10 11 0.035442125 
390 318 10 15 0.03537285 
102 274 12 14 0.03531815 
777 276 10 12 0.035103127 
392 284 9 12 0.034841884 
487 344 9 11 0.034617413 
729 247 9 12 0.034543987 
353 283 11 15 0.034199215 
488 269 9 11 0.034191307 
472 316 8 12 0.03401278 
231 230 13 16 0.033789545 
685 333 10 14 0.033681445 
367 253 11 13 0.033327237 
542 303 9 11 0.033269085 
584 275 10 12 0.033264264 
737 237 8 12 0.033212073 
392 262 8 10 0.033019472 
96 259 10 12 0.032995947 
428 276 10 13 0.03290484 
201 236 9 12 0.03280381 
366 247 10 11 0.032770038 
463 339 9 13 0.03252319 
596 275 12 14 0.032323085 
276 242 12 15 0.032277226 
312 253 10 12 0.032179277 
436 325 10 13 0.032080837 
399 270 9 11 0.031997114 
286 204 9 12 0.031962812 
425 325 9 12 0.031903494 
453 332 12 14 0.031768188 
329 267 10 12 0.031751428 
535 277 12 15 0.03150885 
414 253 10 13 0.03135989 
464 240 19 23 0.031263757 
215 267 11 15 0.031253725 
245 233 20 25 0.031122604 
5 245 11 15 0.031080848 
424 270 11 13 0.031017063 
480 318 9 11 0.03090826 
797 295 13 17 0.030831974 
244 268 10 13 0.030648561 
503 310 10 12 0.030612594 
513 260 10 14 0.030484404 
545 264 10 13 0.030480288 
461 379 10 14 0.030431405 
376 231 9 11 0.030214371 
415 313 11 14 0.030120641 
390 301 10 12 0.030116683 
738 233 7 10 0.030108985 
414 248 9 11 0.029952487 
126 270 10 13 0.029912181 
405 309 11 15 0.029828517 
231 246 9 12 0.02980242 
437 317 9 11 0.029765654 
237 255 11 12 0.029744348 
671 254 9 11 0.029704036 
125 243 10 15 0.029549748 
421 302 11 13 0.029486876 
46 234 15 20 0.029477762 
504 269 9 12 0.029407114 
687 277 11 14 0.029251944 
120 276 9 13 0.02917971 
358 236 9 11 0.02915774 
667 291 11 14 0.02910684 
260 249 13 16 0.029045383 
219 317 10 15 0.029004298 
213 262 11 13 0.02894447 
764 294 15 19 0.028849177 
791 278 11 13 0.02871538 
580 340 13 17 0.028639825 
615 284 9 13 0.02863525 
381 260 10 12 0.028488675 
669 260 9 14 0.028464518 
645 290 21 27 0.028460879 
232 190 10 13 0.028405676 
214 276 10 14 0.028199092 
365 298 11 15 0.028173177 
289 361 10 14 0.028003924 
200 294 9 11 0.027986672 
361 273 14 19 0.027822113 
751 245 9 12 0.027707506 
190 311 8 12 0.02768878 
552 293 10 13 0.027676614 
197 265 12 15 0.02764063 
424 239 9 10 0.027324086 
557 268 9 11 0.027318899 
336 231 9 11 0.02728336 
558 255 10 12 0.027241776 
427 401 16 19 0.027157407 
205 234 11 15 0.02713105 
364 259 13 15 0.026992429 
456 259 12 15 0.026982108 
455 254 10 12 0.026904779 
489 295 9 12 0.026748175 
222 261 9 13 0.026658498 
544 307 9 13 0.026638728 
269 230 13 15 0.0265772 
21 226 21 27 0.026570726 
230 253 10 13 0.026569638 
424 248 8 11 0.026383298 
350 259 10 13 0.026262937 
13 166 440 457 0.026199283 
303 286 9 12 0.026096268 
781 278 11 13 0.026029224 
150 252 9 13 0.026026396 
510 277 10 12 0.025847014 
558 309 11 12 0.02584671 
473 325 9 12 0.02584044 
126 182 11 14 0.025832616 
602 262 19 22 0.025782807 
990 337 30 41 0.025767392 
383 285 10 12 0.025639288 
153 237 9 11 0.025624998 
456 380 10 12 0.025617106 
166 172 12 16 0.025567636 
365 290 14 18 0.02553987 
268 285 11 15 0.025472268 
476 310 11 13 0.025413416 
693 256 10 12 0.025366938 
198 247 10 12 0.025333785 
615 261 20 23 0.02524626 
494 343 8 10 0.025237652 
656 285 9 12 0.02521655 
268 186 15 18 0.025156755 
386 239 9 11 0.025131544 
678 247 8 11 0.025039788 
151 260 9 13 0.0249946 
318 259 11 13 0.024931269 
495 302 10 12 0.024915392 
0 245 10 15 0.024888499 
759 252 9 12 0.024874726 
564 316 11 15 0.024825735 
471 268 9 13 0.024818515 
393 278 10 13 0.024807028 
752 263 10 12 0.024722854 
791 284 10 12 0.024715278 
1013 534 9 13 0.024628753 
165 252 10 13 0.024618663 
333 272 19 24 0.024538785 
393 269 8 11 0.024462603 
255 186 12 17 0.024447672 
309 211 10 13 0.024336247 
480 367 9 11 0.024334198 
815 283 11 13 0.024321267 
462 267 10 13 0.024273662 
173 247 19 26 0.024099434 
438 349 8 11 0.024065275 
759 267 10 12 0.024061967 
649 293 12 16 0.024049891 
261 229 14 16 0.02398286 
190 249 19 26 0.023965348 
517 291 11 13 0.02382281 
22 240 12 18 0.02380879 
30 213 11 14 0.023787323 
439 343 9 12 0.02376292 
495 277 8 11 0.023695799 
681 284 10 13 0.023678143 
535 269 11 14 0.023661112 
304 266 11 14 0.023647396 
486 276 9 12 0.023574889 
509 323 10 13 0.02357373 
319 241 11 13 0.02353378 
353 269 11 13 0.023512946 
636 300 14 17 0.023427777 
783 282 11 14 0.023394683 
406 282 20 26 0.023375055 
629 265 11 13 0.023360102 
23 221 11 16 0.023259945 
132 229 13 16 0.023187589 
512 254 19 24 0.023159893 
535 294 9 13 0.023133377 
913 356 71 67 0.023021527 
608 236 9 12 0.022915708 
511 245 9 12 0.022835214 
337 253 10 12 0.022810778 
297 213 9 11 0.022802178 
201 301 10 12 0.022797804 
472 303 9 13 0.022778602 
38 242 13 17 0.022683105 
668 279 10 11 0.022666372 
479 260 10 12 0.022665981 
209 276 10 14 0.02257484 
792 269 10 12 0.022570446 
212 221 10 12 0.022515109 
465 309 9 12 0.022446096 
181 259 11 15 0.022436498 
143 251 11 14 0.022396384 
510 269 9 12 0.022390792 
135 270 9 12 0.022372935 
269 252 13 14 0.022311628 
446 253 12 14 0.022226522 
623 284 11 13 0.022175224 
120 251 9 12 0.022113858 
604 256 11 13 0.02204547 
224 254 9 12 0.022032337 
238 242 11 14 0.021966176 
126 213 11 14 0.021844912 
304 212 9 12 0.021807652 
550 310 10 13 0.021795016 
519 248 11 12 0.02167256 
315 309 11 14 0.021588817 
121 231 10 14 0.021586336 
472 342 10 12 0.021568744 
277 250 11 14 0.021547852 
358 298 11 15 0.021420278 
735 333 10 14 0.021412775 
582 335 11 15 0.02139836 
678 239 7 10 0.0213564 
328 239 10 12 0.021282244 
399 262 9 11 0.021273704 
432 343 9 13 0.021255927 
342 270 10 13 0.021251408 
519 346 11 14 0.021220386 
653 303 13 18 0.021214398 
972 461 11 15 0.021199757 
449 214 9 11 0.021120938 
631 253 10 12 0.021097235 
589 304 16 19 0.02105972 
429 285 9 12 0.021039132 
260 188 13 16 0.021037612 
191 205 10 12 0.021034969 
657 260 10 14 0.021034768 
367 238 9 12 0.020999124 
510 389 11 13 0.020990819 
191 247 10 12 0.020956812 
289 261 10 14 0.020932076 
446 339 11 14 0.020920279 
805 282 11 13 0.020915901 
217 293 8 11 0.020881267 
422 331 10 14 0.020861039 
558 283 11 14 0.02082866 
639 331 11 14 0.0207825 
718 262 11 14 0.020780263 
191 224 12 16 0.020720802 
96 275 11 14 0.020687914 
345 223 8 10 0.020685567 
311 275 12 14 0.020616854 
64 267 10 15 0.02053283 
200 287 8 10 0.020454869 
286 198 9 12 0.020426065 
878 321 130 118 0.020390706 
487 332 9 12 0.020389019 
440 237 9 12 0.02034438 
701 382 10 13 0.020256337 
567 253 9 12 0.020176696 
527 276 11 14 0.02014978 
215 283 9 13 0.020054325 
416 271 21 26 0.020052278 
342 365 11 14 0.02001414 
318 276 12 14 0.020010337 
