2_Demonstration_Protesters_2_738
95
245 869 122 151 0.9993586 
730 1019 117 147 0.9991912 
463 96 103 124 0.99825126 
309 56 54 72 0.9977823 
923 1026 102 196 0.9973537 
-2 1209 114 216 0.9954041 
214 29 81 103 0.9895607 
775 180 59 94 0.9864223 
815 79 38 48 0.8687247 
594 900 19 22 0.42966983 
678 687 29 42 0.4099774 
794 811 107 144 0.28080752 
49 1007 229 238 0.2796193 
6 724 36 51 0.24271892 
271 402 24 35 0.2417573 
686 1 25 31 0.20160787 
37 1158 162 226 0.16178417 
92 1113 191 214 0.15720104 
1005 738 11 14 0.12544459 
979 12 42 51 0.12517619 
682 552 26 30 0.10643128 
942 723 14 16 0.104190715 
25 728 34 43 0.100532025 
164 101 25 31 0.08966804 
-1 718 22 39 0.08963732 
949 725 12 16 0.08009495 
82 909 211 249 0.06909474 
789 239 198 275 0.06512525 
17 740 49 76 0.06504663 
764 160 50 77 0.06384968 
269 481 31 36 0.06265468 
111 1012 126 139 0.062239397 
313 543 36 42 0.05623691 
7 18 31 37 0.055483848 
153 786 60 60 0.055250254 
577 692 26 27 0.054341137 
797 104 54 64 0.054237593 
760 741 177 191 0.051125444 
727 704 13 20 0.05030574 
879 1380 70 66 0.048766367 
271 577 213 293 0.04794847 
853 1394 64 51 0.047302805 
964 740 13 14 0.046666693 
1012 738 11 15 0.045928072 
218 691 26 30 0.045631927 
294 706 26 45 0.04239709 
859 144 80 116 0.037383813 
906 780 23 39 0.036959 
587 874 17 20 0.036845602 
641 679 116 129 0.03681569 
121 739 28 45 0.03267817 
943 814 92 138 0.032429405 
695 695 27 33 0.031909473 
51 736 14 21 0.0316781 
22 890 345 409 0.031093534 
679 3 48 63 0.030939367 
158 864 183 226 0.030670293 
83 1000 102 114 0.029990034 
5 270 404 527 0.029847737 
988 4 32 37 0.029143132 
551 126 35 52 0.028969586 
422 674 359 436 0.0288935 
140 422 348 488 0.028868616 
612 706 14 17 0.02876465 
-1 731 12 26 0.02844351 
687 218 377 492 0.027984953 
683 67 15 18 0.02731043 
557 758 192 284 0.026371773 
988 777 30 39 0.025952116 
68 1029 127 168 0.025887124 
956 733 11 16 0.025625883 
671 0 90 122 0.025462596 
118 104 25 32 0.024831798 
669 746 77 85 0.024648152 
1003 752 17 21 0.024498928 
507 562 23 29 0.023571545 
936 724 14 16 0.023493093 
639 707 12 16 0.023315031 
127 728 43 56 0.023302287 
172 1050 17 19 0.023092158 
306 659 116 151 0.023016347 
674 700 18 26 0.02213255 
804 75 18 22 0.02185462 
287 714 42 61 0.021744747 
718 699 13 19 0.021738809 
141 1051 11 14 0.021708628 
774 270 129 181 0.021673368 
154 108 23 31 0.020808721 
473 963 125 136 0.020759275 
481 844 223 260 0.020542176 
1001 734 19 24 0.020445518 
41 732 23 31 0.02041952 
310 1116 49 68 0.020299867 
140 753 53 62 0.020232351 
462 698 13 16 0.020128595 
