2_Demonstration_Demonstrators_2_268
339
975 258 39 49 0.9931629 
268 256 24 30 0.9841032 
77 282 33 42 0.9772727 
683 246 18 23 0.96294445 
31 265 14 20 0.9464799 
362 264 23 27 0.93776417 
841 279 20 23 0.8938781 
537 249 14 17 0.8560759 
574 282 22 27 0.8254376 
949 263 16 20 0.7385452 
451 260 13 16 0.70055 
76 251 13 17 0.6715342 
616 276 13 15 0.63185334 
237 260 18 21 0.60318154 
880 255 16 19 0.5989821 
722 360 21 27 0.55769914 
409 245 11 14 0.47120932 
217 252 12 15 0.4625617 
503 265 12 17 0.38646516 
135 273 10 14 0.35194936 
165 287 17 20 0.3334195 
911 246 11 14 0.29866996 
0 280 12 18 0.2260844 
614 281 14 18 0.20486158 
444 266 13 18 0.19229484 
444 274 10 15 0.18766364 
928 253 9 12 0.18638971 
726 254 10 12 0.15205161 
103 264 8 12 0.14857154 
644 246 9 11 0.14075561 
214 258 14 17 0.1406078 
600 256 11 14 0.13856052 
782 256 7 10 0.13332637 
662 247 10 14 0.11796612 
524 252 12 15 0.11697136 
612 290 11 15 0.11412991 
585 283 16 19 0.110248886 
655 262 8 12 0.107926205 
469 288 15 18 0.09748049 
156 265 18 21 0.095120564 
767 257 7 10 0.0947068 
82 260 11 14 0.09446926 
70 255 16 20 0.09255844 
625 252 9 12 0.09084475 
851 325 13 17 0.085303806 
405 237 16 19 0.08482909 
904 245 10 13 0.0837641 
945 262 12 17 0.08237938 
854 253 9 12 0.08177241 
578 265 17 18 0.08095401 
669 252 10 14 0.080100395 
205 318 12 15 0.079222046 
437 183 16 20 0.077936366 
308 259 11 14 0.07739749 
518 258 14 19 0.073162764 
623 246 9 13 0.07277967 
726 245 11 15 0.072419874 
13 276 11 15 0.07211128 
875 262 19 21 0.07145126 
870 269 25 29 0.0707191 
582 246 10 12 0.07054027 
26 267 12 15 0.06957978 
784 270 11 14 0.06762075 
341 254 11 15 0.066778645 
157 273 25 31 0.065971166 
82 252 12 17 0.0659027 
836 255 10 13 0.065761164 
244 257 20 26 0.06467431 
768 260 8 11 0.064263776 
796 316 11 14 0.06399608 
778 255 8 11 0.06368599 
276 225 15 17 0.06304304 
423 286 10 13 0.06277227 
444 307 11 12 0.06187187 
502 282 12 17 0.061283227 
862 247 10 12 0.059038393 
780 275 11 14 0.058697693 
412 236 14 17 0.058058377 
423 302 10 13 0.057976305 
761 255 9 10 0.05787873 
639 291 10 13 0.05710155 
445 258 21 25 0.055641208 
457 259 12 16 0.05562477 
603 297 15 17 0.055300735 
62 260 12 17 0.05487024 
917 250 11 14 0.054684956 
139 271 11 14 0.05298645 
412 249 11 15 0.05268249 
606 292 13 15 0.052076932 
774 309 8 12 0.051281396 
1005 233 16 21 0.05119148 
441 262 11 15 0.05079073 
206 268 11 15 0.04978294 
594 283 14 17 0.049359895 
833 259 8 11 0.04898391 
389 253 12 15 0.048952706 
470 253 9 13 0.04831366 
-6 334 39 64 0.047954366 
632 285 10 14 0.047770213 
462 253 12 15 0.047125533 
629 254 9 11 0.04693286 
706 260 15 19 0.04646499 
501 272 13 18 0.046294745 
14 270 10 14 0.04611104 
638 309 10 13 0.045949858 
859 276 20 29 0.04571244 
774 261 8 10 0.045567922 
485 284 10 16 0.04526426 
816 257 8 9 0.04487434 
494 264 16 19 0.04477001 
185 237 15 18 0.04443168 
850 248 8 12 0.04441352 
227 250 21 26 0.044351712 
537 230 11 15 0.043630715 
807 262 9 11 0.043435376 
576 247 10 12 0.043314297 
591 230 10 12 0.0428479 
784 259 9 11 0.041676566 
182 232 12 14 0.041227885 
654 202 11 16 0.04098755 
731 319 14 16 0.040748607 
366 244 13 16 0.04063389 
486 265 12 16 0.040438943 
390 266 11 17 0.040302187 
743 286 8 11 0.040259723 
202 276 10 13 0.03989919 
424 258 399 454 0.03987005 
955 259 27 33 0.039866872 
429 278 9 12 0.03984141 
815 261 9 11 0.039702654 
343 278 11 15 0.039610986 
726 276 10 13 0.03910628 
639 268 10 13 0.038661942 
821 260 9 11 0.0386503 
302 275 15 17 0.03793139 
871 250 20 25 0.03783227 
301 293 11 14 0.037588306 
638 261 10 14 0.037465286 
759 268 10 12 0.03698034 
5 272 20 26 0.036353387 
6 336 13 20 0.036289364 
106 269 11 14 0.03614893 
648 260 10 14 0.035985768 
567 254 11 14 0.03594796 
801 255 8 10 0.035542145 
633 261 9 12 0.035396297 
415 261 11 15 0.035353206 
926 258 11 14 0.035188958 
516 292 13 15 0.03506564 
759 261 11 12 0.034866434 
606 239 10 12 0.03476017 
732 246 11 13 0.034709934 
471 260 11 13 0.034684546 
323 268 15 19 0.03447216 
73 256 25 29 0.03429325 
96 252 11 15 0.034192424 
918 260 12 15 0.034022596 
343 244 11 14 0.033911914 
94 276 23 31 0.033730235 
439 301 13 15 0.03369085 
934 247 10 13 0.033655453 
893 268 11 16 0.033631857 
640 253 10 12 0.03358793 
23 317 10 13 0.03353449 
807 255 8 10 0.033512976 
801 262 9 11 0.033425402 
734 276 9 12 0.033272624 
622 240 9 12 0.033179525 
638 276 12 14 0.033098795 
893 274 14 19 0.032605547 
398 252 11 13 0.03236383 
690 316 15 16 0.032327518 
933 259 11 13 0.0321448 
721 244 11 15 0.03213257 
703 352 11 13 0.032079455 
0 269 10 17 0.03193545 
645 293 10 13 0.031793423 
198 284 10 12 0.031471036 
823 279 10 13 0.03139447 
546 251 12 16 0.03128033 
752 261 9 11 0.03127559 
846 318 23 29 0.03126003 
429 301 11 14 0.03121744 
597 289 15 17 0.031039687 
588 247 9 12 0.030998103 
405 311 11 14 0.030816568 
661 269 11 14 0.03033716 
760 277 11 14 0.030276118 
6 268 10 14 0.030165514 
371 210 14 17 0.030089868 
108 276 11 15 0.030033225 
399 283 10 15 0.029933305 
845 269 24 30 0.029901184 
704 245 10 15 0.029821577 
127 254 9 12 0.029796237 
135 281 14 19 0.029740933 
419 217 13 16 0.029474318 
726 349 11 13 0.029332852 
599 236 9 12 0.029260399 
501 213 11 14 0.029222494 
134 266 19 25 0.028987287 
54 259 14 18 0.028928349 
614 346 26 30 0.028813234 
507 300 22 29 0.02867136 
478 262 11 13 0.028423883 
97 260 11 14 0.02842339 
427 284 12 15 0.028398354 
646 252 9 13 0.028213454 
390 274 11 18 0.028209638 
657 253 10 14 0.02816458 
646 269 9 12 0.028094716 
424 279 10 14 0.028022386 
829 277 11 15 0.028009158 
200 269 11 14 0.027735015 
129 245 9 11 0.02764959 
727 270 10 13 0.027648496 
410 317 11 14 0.027569918 
420 236 10 14 0.027530137 
632 316 11 14 0.02749773 
22 284 12 15 0.027263813 
908 259 13 15 0.02724331 
597 231 9 12 0.027137848 
869 268 15 17 0.027066257 
408 225 22 28 0.0270132 
581 251 12 14 0.02693446 
657 246 10 13 0.026905362 
475 284 13 19 0.02690269 
743 277 10 13 0.026901828 
559 253 11 14 0.026862672 
719 275 10 14 0.026799645 
373 235 12 15 0.026739718 
11 332 12 18 0.026601588 
181 206 9 12 0.026598621 
620 329 13 15 0.026241114 
596 324 12 14 0.026163891 
575 276 17 21 0.02602609 
181 249 12 16 0.025894992 
890 259 12 16 0.025755713 
48 294 22 28 0.025673982 
214 246 19 24 0.025617711 
182 277 9 12 0.025463715 
170 292 17 22 0.02540304 
954 364 34 36 0.025342828 
598 214 9 12 0.02532964 
764 282 11 15 0.025245074 
231 220 12 15 0.025216872 
925 267 11 15 0.025123704 
383 259 13 19 0.025118958 
567 284 12 19 0.024994895 
761 247 9 11 0.024841443 
85 236 11 13 0.024765039 
198 213 10 13 0.024555616 
852 386 13 17 0.024548257 
192 292 9 13 0.024356635 
3 326 22 32 0.024325596 
63 250 12 17 0.024173336 
789 262 9 12 0.024027599 
662 275 13 16 0.02399912 
192 287 9 11 0.02398618 
669 268 11 14 0.023956409 
708 253 12 15 0.023907812 
733 270 9 12 0.023811443 
217 265 12 17 0.023707686 
60 307 13 18 0.023674775 
596 251 20 23 0.023488805 
794 97 23 30 0.023486946 
0 262 10 14 0.023445396 
406 244 21 24 0.023383942 
672 258 11 14 0.023275035 
622 261 10 11 0.023213364 
568 248 10 13 0.023159256 
776 270 9 13 0.02310724 
371 252 13 16 0.022970974 
430 289 11 15 0.022961918 
141 289 12 17 0.02295759 
645 275 10 13 0.022910353 
196 262 12 14 0.022891339 
684 240 15 17 0.02281301 
204 263 20 24 0.022772891 
184 269 10 14 0.022746706 
23 322 11 15 0.022712031 
412 267 13 17 0.022615323 
647 307 12 15 0.022585632 
155 281 39 46 0.022537403 
108 261 10 14 0.02248449 
813 123 23 28 0.022295194 
438 270 19 24 0.022264637 
854 258 11 12 0.022220148 
901 268 13 16 0.02206138 
557 267 14 17 0.022060676 
798 268 10 13 0.022021962 
652 308 12 15 0.021988273 
366 217 13 16 0.02180096 
611 298 12 14 0.021703694 
642 240 10 13 0.021694718 
615 224 8 10 0.021638406 
615 263 9 12 0.02163766 
45 259 12 17 0.021627191 
549 258 12 16 0.021615101 
394 248 20 23 0.021557897 
404 282 11 16 0.021524062 
438 238 11 14 0.021486651 
509 254 11 17 0.021434799 
790 255 8 10 0.02140427 
768 302 9 12 0.021391384 
4 287 11 17 0.021340849 
628 247 10 13 0.02125455 
639 300 11 15 0.021193445 
292 266 12 18 0.021188915 
582 120 466 512 0.021049956 
558 248 10 13 0.021026023 
446 235 12 15 0.020953722 
190 268 10 13 0.020929625 
618 244 9 13 0.020877924 
655 266 10 13 0.020833466 
750 307 10 13 0.02073974 
32 345 12 16 0.02073207 
753 256 8 10 0.020626243 
651 318 13 14 0.020620685 
732 253 10 12 0.020591373 
306 267 14 19 0.020574216 
661 290 14 18 0.020570546 
863 259 11 14 0.020564377 
814 268 11 14 0.020497471 
60 346 413 481 0.020489132 
750 277 10 13 0.020476567 
867 247 11 14 0.020472374 
897 244 10 13 0.020421205 
886 273 25 34 0.020377424 
46 284 13 17 0.020356514 
64 301 27 32 0.020314932 
808 248 7 10 0.020292059 
61 294 22 28 0.02028206 
864 269 13 17 0.020280264 
766 268 9 12 0.020271555 
608 231 9 11 0.020141337 
903 261 12 16 0.02013635 
45 276 10 14 0.020042786 
766 246 8 11 0.0200348 
