2_Demonstration_Political_Rally_2_584
50
644 505 129 149 0.99915075 
205 189 39 48 0.9853227 
237 408 47 61 0.58377546 
275 695 92 176 0.22933781 
160 659 160 219 0.22435057 
821 444 106 159 0.1852594 
30 557 73 132 0.14564031 
27 377 134 202 0.12747288 
643 1154 157 229 0.08920891 
117 695 133 183 0.08808816 
569 448 180 217 0.07230943 
78 783 422 479 0.060738966 
853 490 65 96 0.059782386 
83 453 101 143 0.054520074 
10 1015 210 310 0.05417268 
113 43 113 107 0.049662415 
308 168 46 75 0.04809653 
814 130 13 15 0.04795306 
721 941 56 80 0.047329277 
127 69 62 67 0.04672163 
663 1095 101 134 0.045891132 
558 867 181 264 0.04030643 
586 584 18 21 0.03933288 
743 1133 57 79 0.03638448 
93 692 94 150 0.03508904 
724 416 180 250 0.033500988 
-2 580 86 153 0.0330899 
475 519 16 21 0.031198116 
833 1099 17 19 0.030718142 
360 606 23 28 0.030342858 
614 506 13 16 0.029857915 
780 489 36 39 0.027873565 
526 939 130 170 0.027495384 
463 958 108 172 0.02735585 
818 1093 30 31 0.026564479 
287 658 76 133 0.026456108 
130 485 54 75 0.025993433 
896 1048 29 42 0.025952075 
712 1213 125 179 0.025742352 
841 81 27 33 0.025345596 
248 898 246 281 0.024896152 
773 605 44 59 0.023963574 
831 468 65 89 0.023934605 
601 1037 172 224 0.023170732 
423 546 52 65 0.022971557 
543 727 179 314 0.022220014 
118 506 63 90 0.021468943 
56 487 96 144 0.021308681 
406 275 405 489 0.02113752 
103 469 64 80 0.02105851 
