2_Demonstration_Demonstration_Or_Protest_2_385
1601
287 538 28 38 0.99405366 
754 472 25 33 0.98295516 
213 471 25 28 0.9826628 
677 556 33 40 0.9817531 
581 455 21 27 0.9734258 
358 456 25 28 0.96513426 
735 421 19 23 0.95274013 
686 465 21 27 0.93489313 
935 460 20 28 0.90831983 
617 498 22 24 0.8991922 
323 428 19 23 0.8975275 
173 380 16 18 0.8861411 
508 541 29 33 0.88542473 
973 430 17 20 0.8847075 
187 519 32 40 0.88461244 
780 459 22 25 0.86549884 
819 390 14 18 0.8475359 
336 471 20 26 0.8427144 
130 501 22 28 0.83803785 
884 487 23 29 0.8339236 
397 533 29 36 0.82958806 
23 545 25 38 0.8176981 
724 479 16 22 0.810825 
592 386 14 18 0.7950808 
634 416 15 18 0.76398635 
545 387 12 16 0.7578049 
590 365 13 16 0.7365926 
141 437 12 16 0.72059286 
350 401 15 19 0.7078593 
784 385 13 16 0.6697078 
915 416 15 20 0.64495873 
162 403 17 21 0.64023864 
570 413 16 21 0.63750696 
94 393 15 18 0.6287308 
474 375 10 13 0.61589336 
873 390 16 20 0.613651 
203 395 13 17 0.6092735 
224 358 9 13 0.599479 
976 352 10 12 0.59911716 
298 403 14 17 0.58469146 
81 453 22 27 0.58074766 
71 452 21 28 0.5787051 
396 389 12 15 0.5770972 
511 486 24 27 0.5505197 
837 332 9 12 0.5473482 
253 348 11 14 0.5448391 
706 353 12 17 0.54474777 
453 411 14 19 0.5376866 
847 349 8 11 0.501152 
733 352 10 12 0.49792477 
151 350 10 13 0.4947991 
589 336 9 11 0.48896378 
826 461 17 22 0.4807246 
393 485 22 25 0.4789172 
620 341 10 12 0.47604883 
101 520 22 28 0.47111115 
785 348 9 11 0.46208128 
805 433 16 20 0.4608652 
185 351 9 11 0.45401222 
72 348 11 13 0.4539599 
539 413 15 17 0.45288014 
108 451 15 19 0.45231572 
815 340 9 11 0.4336924 
980 349 11 14 0.43056014 
630 414 13 18 0.40968883 
715 374 12 16 0.40857333 
276 359 10 12 0.4045295 
22 359 10 13 0.39947003 
309 404 11 14 0.3973125 
668 381 12 15 0.39263418 
422 365 11 14 0.39244935 
527 334 8 11 0.38733816 
805 368 9 12 0.38240892 
464 357 10 11 0.37548918 
326 366 9 12 0.37081683 
985 369 10 11 0.36775953 
400 357 9 11 0.3474477 
832 596 34 46 0.33847797 
347 541 15 21 0.33059034 
982 342 9 10 0.3258547 
429 335 8 10 0.31569272 
159 318 9 11 0.3112155 
413 403 13 18 0.30613884 
1012 371 10 14 0.30246708 
767 401 12 16 0.30190128 
295 368 8 10 0.30168813 
697 380 13 15 0.29752064 
385 364 10 12 0.28966355 
764 350 9 10 0.28962356 
662 348 9 11 0.28798956 
39 349 10 12 0.28750148 
737 366 11 14 0.28395504 
208 355 8 11 0.2742219 
848 345 8 10 0.26730722 
441 342 8 10 0.26331547 
48 336 8 11 0.2623152 
446 343 7 10 0.25504184 
264 388 11 14 0.25385186 
678 349 9 12 0.25362453 
27 376 12 16 0.25334466 
656 363 11 14 0.25155997 
565 349 10 13 0.25106224 
215 358 9 12 0.24888994 
264 371 11 14 0.2477719 
928 326 8 11 0.24276538 
184 333 8 9 0.24060826 
338 397 15 19 0.23981754 
622 411 14 16 0.23960961 
112 427 14 18 0.23479533 
389 333 9 12 0.23313518 
639 327 8 10 0.23231857 
695 334 10 12 0.22880104 
389 367 9 12 0.22710332 
613 395 14 18 0.21815641 
895 344 8 10 0.21667306 
704 309 7 9 0.21651837 
870 342 8 9 0.21606064 
656 328 7 10 0.21333793 
640 344 9 10 0.21259876 
477 390 11 14 0.21225818 
566 319 8 9 0.21061887 
218 390 13 16 0.20943847 
287 344 8 10 0.20854715 
532 351 8 10 0.2083014 
95 326 8 10 0.2057952 
559 343 9 11 0.20392227 
993 288 8 10 0.20350468 
762 326 7 9 0.20268421 
633 355 10 12 0.20246327 
770 463 24 27 0.20136736 
512 329 8 9 0.2008568 
862 326 8 10 0.20011234 
566 342 9 12 0.19903117 
554 344 7 10 0.19734004 
112 334 9 10 0.19515142 
551 350 10 12 0.19498426 
911 343 9 11 0.19354787 
962 320 7 10 0.19209936 
390 326 9 12 0.1920012 
664 309 7 10 0.190531 
881 474 27 31 0.19031459 
655 334 8 10 0.18754344 
404 382 11 13 0.18732785 
669 372 12 16 0.18618129 
384 361 8 10 0.18587014 
760 342 10 12 0.18492737 
806 287 11 13 0.18475853 
861 423 17 19 0.18470177 
414 344 7 9 0.18453822 
716 333 10 11 0.18176046 
212 394 15 19 0.18168862 
692 405 12 16 0.18136641 
716 326 10 12 0.17982191 
944 335 7 9 0.17975579 
79 344 9 12 0.17940345 
126 372 9 12 0.17811263 
391 393 11 14 0.17765453 
650 381 13 16 0.17676592 
800 324 8 11 0.17641805 
246 319 7 9 0.1752471 
999 340 8 10 0.17429666 
880 353 7 10 0.17372262 
760 335 8 10 0.17316206 
890 344 7 9 0.17207682 
271 319 7 9 0.17189321 
358 352 8 10 0.17140049 
584 364 13 15 0.1709771 
662 289 8 10 0.17087662 
410 343 8 10 0.1706662 
78 324 9 11 0.16906308 
983 337 8 10 0.1689445 
271 336 8 10 0.16828768 
85 342 9 11 0.1669606 
959 327 8 10 0.16379388 
428 371 10 12 0.16324167 
686 409 14 18 0.16286445 
912 359 9 11 0.16236454 
952 328 8 9 0.16207278 
864 320 8 9 0.16206945 
345 420 12 14 0.16199873 
697 374 10 13 0.16179606 
783 304 7 10 0.16123028 
757 175 17 20 0.16053304 
687 313 7 9 0.16012307 
733 333 9 12 0.16011803 
513 359 9 10 0.1601062 
17 362 9 12 0.15857337 
495 365 11 13 0.15838066 
24 401 13 16 0.15747179 
623 337 9 11 0.1571894 
295 400 12 16 0.15684392 
0 425 11 18 0.15659814 
847 356 9 11 0.15657723 
438 351 8 10 0.15580375 
673 326 8 10 0.15278994 
230 349 10 11 0.15276827 
366 373 8 11 0.15267001 
250 284 8 12 0.15163372 
734 402 13 16 0.15111905 
71 355 12 15 0.15082578 
372 349 9 10 0.15000114 
799 336 8 10 0.14920588 
586 339 9 11 0.14757843 
314 402 11 14 0.14748174 
687 317 7 9 0.14687191 
903 345 8 10 0.14660828 
262 393 11 15 0.14620371 
920 309 8 10 0.1445272 
887 350 8 10 0.1444651 
459 395 12 16 0.1437017 
402 387 14 16 0.14362232 
30 333 8 10 0.14256501 
782 327 8 10 0.14248782 
302 325 8 11 0.14025491 
385 326 9 11 0.13891588 
871 356 9 11 0.13890271 
904 326 9 11 0.13886316 
374 344 8 11 0.13867432 
987 351 10 12 0.13625112 
84 387 12 15 0.13547584 
830 357 9 11 0.13474861 
503 344 7 9 0.1345573 
407 351 9 10 0.13435388 
96 333 7 10 0.13431805 
441 358 8 9 0.133865 
846 334 8 10 0.13383587 
910 327 9 10 0.13372858 
200 329 7 9 0.13304226 
871 351 9 11 0.13265614 
733 326 10 12 0.13223314 
952 344 8 9 0.1316699 
354 352 8 10 0.13043512 
679 327 8 10 0.13023879 
551 325 7 9 0.12878115 
895 319 7 10 0.12847479 
998 292 8 10 0.12737156 
108 365 12 13 0.12726487 
905 302 7 9 0.12509017 
660 366 11 13 0.12504861 
549 354 11 14 0.124951325 
790 344 8 10 0.12476699 
559 347 11 15 0.12451308 
504 349 8 11 0.124069676 
534 333 9 10 0.12343775 
755 383 14 18 0.12237112 
558 379 11 14 0.12157433 
825 322 7 8 0.121408395 
73 364 9 13 0.12084005 
871 317 8 10 0.120269984 
369 319 7 9 0.11985792 
418 436 13 17 0.11984813 
1013 311 9 12 0.119806215 
919 357 10 12 0.11838099 
384 411 12 16 0.11787456 
456 318 8 10 0.1177872 
767 277 7 10 0.11755507 
486 389 10 14 0.117310554 
911 303 8 9 0.11712089 
176 352 9 11 0.11706869 
393 352 8 11 0.116757885 
820 336 9 10 0.11652441 
749 357 8 10 0.11638764 
464 327 7 8 0.11619754 
750 280 8 10 0.114900246 
302 320 7 9 0.11470815 
568 313 7 9 0.11390877 
761 321 8 10 0.11386277 
801 370 11 13 0.11303742 
860 458 16 23 0.112733476 
297 326 8 10 0.11266053 
166 324 9 10 0.1126548 
224 352 9 12 0.11212432 
512 365 10 12 0.111941494 
639 311 7 9 0.11192235 
88 325 8 11 0.11175109 
645 344 8 10 0.111605294 
671 367 10 13 0.11138918 
614 319 7 9 0.11137283 
742 356 10 12 0.110989034 
764 344 10 11 0.11092292 
326 317 9 12 0.11062829 
294 343 9 11 0.11038847 
743 294 8 9 0.109824404 
628 456 14 18 0.10917089 
934 327 8 10 0.109063596 
453 373 10 12 0.108668685 
392 358 8 10 0.10725799 
657 311 8 9 0.10701567 
728 310 9 11 0.10698553 
818 139 17 20 0.10697847 
616 347 10 12 0.106937595 
43 349 11 13 0.10654343 
519 328 8 10 0.10626583 
648 348 8 11 0.10623928 
912 335 8 10 0.10556673 
612 459 14 18 0.105563 
529 330 8 10 0.10537928 
544 335 7 9 0.105244696 
0 343 8 12 0.10504859 
834 328 8 11 0.10494616 
640 365 10 12 0.10483174 
463 362 10 12 0.10475199 
399 364 11 12 0.10399204 
341 463 20 28 0.10360614 
440 319 8 11 0.10355982 
368 327 7 8 0.103322566 
457 353 7 10 0.10306095 
58 318 9 12 0.10192236 
182 355 9 11 0.101919085 
998 319 8 11 0.10175463 
929 294 8 9 0.10173385 
104 348 9 12 0.101427115 
960 334 7 10 0.10124186 
788 357 10 13 0.10119671 
729 354 10 13 0.101010785 
903 320 9 11 0.10100247 
935 295 7 9 0.100902215 
920 336 7 9 0.10079648 
154 355 12 14 0.10039108 
880 335 8 9 0.100370236 
432 340 8 10 0.100342594 
975 304 7 9 0.09994817 
920 305 7 9 0.09969503 
264 336 8 10 0.099214144 
85 479 17 21 0.099196546 
967 301 9 11 0.09916327 
918 340 8 12 0.09902335 
688 333 9 11 0.09902015 
214 317 8 10 0.098571405 
582 357 12 14 0.098461404 
840 311 8 9 0.09836683 
566 325 9 9 0.098275304 
632 342 8 11 0.098264016 
361 328 7 9 0.09820476 
143 319 8 11 0.09811485 
889 318 7 9 0.097921856 
326 360 10 12 0.097704336 
334 381 10 12 0.09708604 
888 336 8 11 0.09686036 
1007 456 15 20 0.096529596 
967 312 8 9 0.096500054 
534 329 7 9 0.095696434 
810 343 8 10 0.09564234 
232 345 8 10 0.09556726 
959 341 8 11 0.09555845 
952 304 8 10 0.095390484 
104 343 9 11 0.09521514 
302 344 8 10 0.09492811 
421 360 9 11 0.09491031 
929 321 8 9 0.09462147 
40 344 9 11 0.09451652 
609 328 7 9 0.094187886 
430 328 7 9 0.09361257 
272 328 7 8 0.09357441 
953 349 8 11 0.0935054 
282 36 50 57 0.093291715 
976 311 7 9 0.092828706 
944 328 8 10 0.09249972 
923 414 14 18 0.09248311 
26 327 7 10 0.092449896 
154 316 8 10 0.09226626 
269 396 12 14 0.0916658 
646 365 10 12 0.091396086 
960 303 8 11 0.09117394 
70 371 9 13 0.091163665 
398 502 30 34 0.09102462 
709 343 9 11 0.09099453 
957 357 9 11 0.09092568 
336 373 9 11 0.09009249 
810 308 7 9 0.08992573 
938 430 15 20 0.08990352 
497 342 9 10 0.08984272 
516 378 11 14 0.08980116 
361 374 8 11 0.0895818 
872 313 8 9 0.08956951 
192 320 7 9 0.08938991 
229 360 10 14 0.08881896 
945 311 8 9 0.088556856 
842 350 9 11 0.087871045 
745 279 8 11 0.08769687 
624 303 7 8 0.087533616 
864 336 8 9 0.08747111 
156 371 11 13 0.08746486 
700 334 9 11 0.0873805 
423 343 8 9 0.08731945 
259 351 10 13 0.087048985 
858 327 8 10 0.08694427 
881 304 7 8 0.086732805 
190 344 9 11 0.086617485 
567 336 7 9 0.08633235 
847 330 8 9 0.08622939 
757 304 9 10 0.086150184 
30 329 7 9 0.085379966 
512 372 12 14 0.0853068 
501 367 9 11 0.08496479 
879 311 8 10 0.08494232 
280 344 8 10 0.08486059 
149 344 12 15 0.084824495 
634 312 7 8 0.08442683 
240 312 7 9 0.08421109 
662 327 8 10 0.08411505 
271 364 10 13 0.08407141 
526 303 8 10 0.083929494 
216 363 10 12 0.08381056 
110 342 9 10 0.08352833 
120 371 10 13 0.08320813 
89 302 9 11 0.08302137 
459 403 14 18 0.082945265 
112 328 8 11 0.08294418 
265 317 8 9 0.08267691 
958 350 8 11 0.08264506 
369 344 9 11 0.08212067 
384 343 8 10 0.08210839 
16 342 8 11 0.082086466 
609 334 7 9 0.08130368 
832 305 7 9 0.08125961 
58 310 9 12 0.081059486 
717 320 9 10 0.0810004 
342 368 8 9 0.08098083 
185 294 9 10 0.08097961 
969 272 7 10 0.08091859 
952 310 7 9 0.080818914 
385 370 11 15 0.080804825 
998 325 9 11 0.08060648 
81 385 10 13 0.080540895 
8 335 8 11 0.08045714 
870 463 27 32 0.08031234 
298 319 7 10 0.0797138 
325 324 10 13 0.07962917 
926 332 9 11 0.079553835 
813 594 34 38 0.07940804 
210 316 8 10 0.079252765 
562 320 7 9 0.079195164 
801 288 8 11 0.079148754 
967 277 9 10 0.07902697 
620 457 15 19 0.079017706 
504 335 7 8 0.07900506 
983 320 7 9 0.078966975 
496 349 8 10 0.078939386 
640 319 8 10 0.07891257 
521 318 8 9 0.078544766 
384 313 6 8 0.07830069 
865 350 10 12 0.07819013 
505 328 7 10 0.07804419 
805 326 8 9 0.0779949 
782 334 8 10 0.077941805 
753 303 8 11 0.077838965 
479 343 8 10 0.07735779 
237 347 9 12 0.076976635 
859 428 23 27 0.07696491 
486 433 13 18 0.0768041 
697 310 7 10 0.07678058 
926 310 8 10 0.076779276 
303 313 8 10 0.07676757 
168 341 9 11 0.07669646 
552 321 6 8 0.07665396 
87 335 9 10 0.07657448 
577 328 8 9 0.07646116 
538 418 22 26 0.0764529 
65 349 10 13 0.076376155 
47 434 21 30 0.07627285 
468 351 9 11 0.076093026 
582 328 8 9 0.075611085 
289 328 7 9 0.07557323 
684 397 12 15 0.07543945 
669 310 8 10 0.07540959 
703 327 8 10 0.075338714 
353 343 7 9 0.07530515 
157 313 9 11 0.07509783 
865 356 10 13 0.07500773 
268 382 10 13 0.07494171 
737 288 8 10 0.074927606 
328 396 12 16 0.0749206 
297 358 8 11 0.07480179 
741 351 10 12 0.07465349 
743 286 9 12 0.07437378 
740 397 11 15 0.07433239 
776 311 7 9 0.073812924 
446 359 9 10 0.073690996 
921 327 8 10 0.07329287 
184 343 10 12 0.07317512 
455 389 13 17 0.073115565 
289 318 7 10 0.07303332 
143 325 8 10 0.07284878 
295 350 8 10 0.07265057 
279 350 9 11 0.07260469 
391 341 8 11 0.07258614 
22 351 7 10 0.072499484 
872 303 6 8 0.07230272 
655 320 7 8 0.07204283 
750 284 9 11 0.07200568 
168 336 9 11 0.07199698 
648 318 8 9 0.07193622 
400 321 7 9 0.07176579 
294 334 8 9 0.07162816 
902 364 12 15 0.07152796 
224 326 8 10 0.071407735 
1011 376 12 18 0.071385734 
601 328 8 9 0.07133336 
912 310 8 10 0.07128565 
132 404 12 15 0.07105085 
471 365 10 13 0.07104682 
109 349 10 11 0.07084491 
616 336 9 11 0.070832305 
510 350 9 11 0.07082201 
576 313 7 9 0.07079434 
200 351 8 11 0.070478044 
682 312 7 9 0.07040564 
127 327 10 12 0.07037962 
334 366 9 12 0.070234075 
639 334 9 10 0.06985045 
944 318 8 9 0.06980598 
336 318 8 10 0.069793426 
561 325 7 10 0.0697619 
679 332 9 10 0.06969459 
191 327 8 11 0.069694385 
738 292 8 10 0.06955737 
28 359 9 12 0.06950442 
473 313 6 9 0.069385566 
799 341 8 9 0.06913846 
935 319 8 10 0.06907166 
614 326 7 9 0.069053136 
431 319 8 10 0.06902392 
564 447 22 25 0.06894112 
686 327 8 9 0.068900585 
646 374 10 14 0.068774015 
440 365 9 10 0.068480164 
721 348 10 12 0.068435915 
991 340 10 12 0.06842446 
290 335 7 9 0.06837217 
793 310 7 9 0.068336636 
495 359 10 12 0.068030834 
414 348 10 11 0.06794641 
463 320 6 9 0.06788758 
497 336 8 9 0.06764896 
585 318 7 9 0.06735419 
657 349 9 11 0.06712696 
953 319 7 10 0.06705428 
685 373 12 14 0.06702241 
696 329 8 10 0.06693983 
632 319 8 9 0.06669543 
522 332 9 11 0.06655103 
830 352 9 10 0.066490285 
865 301 8 8 0.06644963 
216 334 8 10 0.06641474 
424 320 8 10 0.066291675 
591 296 7 10 0.0660321 
673 334 8 9 0.06585414 
857 318 8 9 0.06580725 
992 335 9 11 0.06565327 
676 355 11 12 0.06552872 
225 319 7 11 0.065174446 
528 341 9 10 0.06499451 
585 313 7 9 0.06488569 
83 518 15 19 0.064699836 
118 319 9 10 0.064649 
681 319 8 9 0.06453064 
326 311 9 11 0.064502545 
766 320 8 10 0.06445005 
119 326 8 11 0.064377934 
161 324 8 10 0.064362 
488 348 9 11 0.06434867 
619 404 14 19 0.06426075 
607 389 11 15 0.06414243 
62 457 23 28 0.06411779 
85 348 10 12 0.064114116 
719 342 10 12 0.06408651 
1004 356 11 13 0.063983545 
823 325 7 9 0.063953616 
596 360 11 14 0.063716985 
794 324 8 11 0.06357266 
985 294 8 10 0.06356865 
1000 312 8 9 0.06352441 
343 318 7 9 0.063494444 
848 311 7 9 0.063489646 
46 293 9 13 0.062712334 
928 289 7 10 0.062583975 
851 349 9 11 0.06256572 
98 452 19 25 0.062480923 
456 326 7 9 0.062480498 
153 366 9 12 0.062393658 
360 334 8 9 0.06227936 
880 341 8 10 0.062062807 
327 349 8 10 0.061930284 
672 320 8 10 0.06191167 
895 336 8 11 0.06186832 
670 418 12 17 0.06177006 
502 288 6 8 0.06174887 
546 548 21 27 0.061560273 
609 313 7 9 0.061545532 
854 421 16 18 0.06144593 
887 312 7 9 0.061429765 
332 389 13 17 0.061395742 
980 423 12 17 0.061160967 
653 371 12 16 0.061150152 
25 474 16 22 0.061060164 
638 347 9 12 0.060925305 
631 336 8 9 0.06087186 
448 320 8 10 0.060810957 
871 337 8 9 0.060723785 
27 364 11 13 0.060610212 
101 319 9 11 0.06047285 
546 328 7 9 0.060452882 
447 365 8 11 0.06036575 
6 341 8 10 0.060335208 
468 403 11 14 0.060328007 
764 334 10 10 0.06026931 
575 341 8 11 0.059966657 
404 374 12 14 0.059874658 
879 317 8 9 0.05985201 
985 287 8 10 0.059637796 
289 365 10 13 0.059550144 
425 326 8 10 0.05946325 
1014 325 9 12 0.05939654 
256 395 13 15 0.059312034 
242 318 7 10 0.059292514 
634 326 8 10 0.059277195 
478 278 8 9 0.059097707 
960 311 8 9 0.058980197 
663 371 12 15 0.05887762 
919 350 10 12 0.058699097 
262 341 9 11 0.058622982 
471 335 9 9 0.058616146 
56 324 9 10 0.05861519 
135 334 9 11 0.05852458 
657 342 9 11 0.058484185 
352 318 8 9 0.058437154 
74 325 9 11 0.058242198 
571 405 17 21 0.058016956 
779 303 8 10 0.057992864 
536 319 7 8 0.057979528 
621 346 10 13 0.05775841 
1016 334 7 10 0.05774457 
997 456 14 20 0.057719853 
898 479 15 24 0.057649676 
447 339 8 9 0.057480693 
359 380 10 12 0.0574001 
421 350 9 10 0.057319734 
258 433 17 21 0.057246886 
456 312 8 11 0.057239924 
152 371 10 13 0.057187155 
112 525 26 32 0.057076026 
121 513 26 31 0.057057105 
301 359 9 11 0.056983292 
144 342 9 12 0.05680174 
336 325 9 12 0.05673158 
576 334 8 9 0.05656989 
426 419 14 17 0.05655091 
435 351 7 10 0.056426577 
471 342 9 11 0.05639295 
-3 418 21 28 0.05622502 
247 324 8 10 0.056033175 
168 385 13 16 0.056024034 
377 326 7 9 0.05594226 
7 556 30 33 0.055911947 
778 335 8 10 0.05567201 
671 278 8 10 0.055605665 
967 285 9 11 0.055597402 
698 403 13 15 0.0555933 
808 348 9 11 0.055564485 
480 318 7 9 0.05534397 
488 328 7 8 0.05523061 
18 349 8 10 0.055185407 
340 373 9 11 0.055079367 
576 317 7 9 0.05505545 
470 396 12 15 0.05499077 
366 399 10 12 0.05498312 
896 297 7 9 0.054703407 
982 310 7 10 0.054566108 
790 363 10 13 0.054525886 
264 313 8 9 0.054518517 
677 372 11 15 0.054430623 
302 365 8 11 0.054405637 
527 318 8 9 0.05437766 
921 288 7 10 0.05432498 
128 294 9 11 0.054316867 
480 273 7 9 0.054295227 
847 318 8 9 0.05426205 
271 313 7 9 0.05422938 
951 333 9 10 0.054201905 
96 321 9 11 0.05416177 
778 328 8 9 0.054149836 
190 333 9 10 0.054147467 
257 336 9 10 0.05408923 
1008 402 13 15 0.05395703 
376 366 9 10 0.05393656 
590 316 7 10 0.053919658 
684 416 14 18 0.05390072 
674 378 13 17 0.053892918 
480 313 7 9 0.053869523 
633 302 7 8 0.05362083 
355 406 13 17 0.053516094 
1014 341 8 11 0.05346343 
367 369 9 10 0.053375516 
70 345 18 22 0.05336579 
814 309 8 9 0.05336275 
447 404 13 18 0.053359766 
637 358 10 12 0.05335173 
109 430 19 25 0.053199194 
712 305 7 9 0.05305345 
464 334 8 10 0.052950017 
103 334 9 10 0.05294969 
471 328 7 9 0.052817944 
420 410 14 16 0.052697167 
63 355 11 13 0.052565698 
997 392 13 18 0.052465577 
453 343 8 9 0.052416325 
648 358 9 12 0.052397262 
215 353 9 11 0.052278794 
552 312 7 8 0.052250095 
140 411 11 15 0.05202997 
614 410 15 19 0.051973693 
602 433 17 21 0.051901653 
398 325 8 10 0.051849313 
609 342 8 11 0.05182463 
925 356 9 11 0.051804136 
227 277 10 14 0.05176 
624 311 7 9 0.05171258 
857 304 6 8 0.051603712 
488 334 7 9 0.051588904 
358 343 8 9 0.05157554 
1009 327 8 10 0.05150883 
45 421 13 16 0.051498793 
13 335 9 10 0.051433608 
957 420 11 16 0.051327407 
686 390 10 14 0.051313303 
222 382 10 13 0.05127986 
144 372 10 13 0.051273063 
189 354 10 11 0.051101975 
174 341 8 11 0.050866824 
110 358 11 13 0.050717015 
687 379 11 14 0.050618295 
306 459 23 28 0.05056809 
1010 317 8 11 0.050499935 
199 342 8 10 0.0503444 
640 305 6 8 0.05022014 
855 312 7 8 0.05019385 
927 342 8 10 0.050177656 
641 289 6 9 0.050169174 
925 351 8 11 0.05013898 
220 459 20 26 0.050037682 
33 350 10 11 0.050004173 
854 343 8 10 0.0498183 
247 313 7 9 0.04979215 
999 466 23 36 0.049728543 
231 320 7 9 0.049719248 
815 358 9 11 0.049706012 
489 364 10 13 0.049590334 
879 328 8 10 0.049582582 
520 311 8 10 0.049424976 
223 334 9 9 0.049267758 
824 352 9 11 0.049250204 
632 298 6 8 0.049238037 
279 318 8 10 0.049212884 
833 309 8 9 0.04886811 
719 305 7 8 0.048823856 
761 278 8 9 0.04877634 
945 305 7 8 0.04875697 
668 451 14 21 0.048711594 
966 342 9 11 0.04867391 
527 379 10 14 0.048667032 
207 334 7 9 0.048644405 
520 286 8 9 0.04844225 
765 356 10 11 0.04839585 
887 304 7 8 0.04832096 
404 366 10 11 0.04830191 
735 342 9 10 0.048168745 
670 342 9 12 0.048144136 
384 319 8 10 0.048099354 
813 366 11 13 0.047956057 
503 356 9 11 0.047932953 
807 335 8 10 0.04783835 
104 356 10 13 0.047779355 
81 333 9 11 0.047757886 
616 312 7 9 0.047584713 
137 319 9 11 0.047581725 
455 335 7 9 0.04738713 
352 336 7 10 0.047318902 
144 438 16 20 0.047125556 
828 452 16 22 0.04690112 
35 373 12 15 0.046900883 
745 302 8 10 0.04685511 
731 311 11 13 0.046802223 
406 394 12 15 0.04679388 
719 310 8 10 0.046771534 
275 398 11 14 0.04677045 
920 364 10 12 0.04676065 
732 319 11 12 0.04665235 
613 419 14 17 0.04661309 
847 365 11 12 0.046610463 
774 139 23 29 0.046582136 
536 313 7 9 0.046557583 
647 313 8 9 0.046257075 
613 463 21 25 0.04624381 
476 366 11 13 0.046028532 
676 390 12 15 0.04594972 
398 371 12 14 0.04591439 
648 327 8 9 0.045898233 
470 375 18 21 0.045823485 
993 320 9 10 0.04581461 
830 320 7 9 0.04570902 
776 272 8 10 0.045663327 
545 320 7 9 0.04561772 
231 325 7 9 0.04553444 
350 390 11 13 0.04549361 
250 355 11 15 0.04535569 
677 395 15 17 0.045310486 
298 463 21 26 0.045291364 
973 271 7 10 0.04528949 
118 366 10 13 0.045109693 
904 298 8 9 0.045055233 
561 336 8 9 0.045044586 
909 382 11 14 0.044923432 
663 385 11 15 0.044831213 
480 336 7 8 0.04476649 
953 355 10 12 0.044756465 
722 517 28 33 0.044733852 
448 326 8 9 0.044723142 
147 348 10 13 0.044675384 
233 311 6 9 0.044620305 
118 350 9 11 0.044548437 
718 296 8 9 0.04442813 
89 512 22 30 0.044417527 
333 359 9 11 0.04435501 
598 334 9 10 0.04429532 
240 326 8 9 0.044183724 
447 396 13 17 0.04395426 
28 493 39 47 0.043948736 
15 328 8 10 0.04394589 
910 320 8 10 0.043736327 
219 452 18 20 0.043707598 
597 341 9 12 0.043617383 
496 301 7 9 0.04354327 
103 324 9 11 0.0434467 
556 427 14 18 0.043444242 
640 295 6 8 0.043423798 
491 405 12 15 0.043417968 
825 305 7 9 0.043399964 
788 139 14 18 0.04337322 
454 379 11 15 0.043266032 
456 303 7 9 0.043175343 
794 335 8 11 0.043168727 
1005 393 13 18 0.04314433 
866 440 16 19 0.04313396 
335 348 9 10 0.043066457 
581 351 10 12 0.043065052 
817 328 7 8 0.043050665 
805 140 13 17 0.043039896 
150 335 9 10 0.042934503 
934 357 10 12 0.042886347 
554 440 19 25 0.04285097 
375 372 10 13 0.042809132 
965 325 8 10 0.042795867 
912 297 7 9 0.042794205 
117 356 10 12 0.042771865 
703 318 8 10 0.042744145 
562 311 8 9 0.042627174 
377 359 8 10 0.042570803 
361 318 7 9 0.04255513 
565 421 17 22 0.04248544 
777 318 7 10 0.042467654 
367 334 8 9 0.042419814 
391 321 9 11 0.042419735 
377 411 10 14 0.04237168 
897 302 7 9 0.042330563 
632 363 10 12 0.04228263 
409 337 7 9 0.04226575 
496 296 7 9 0.04220116 
109 441 19 25 0.042105753 
790 304 8 9 0.042089295 
675 367 12 13 0.042061318 
487 312 8 10 0.041957453 
977 318 8 9 0.041945744 
935 420 24 27 0.041883107 
927 303 8 10 0.04182529 
713 320 8 10 0.041824423 
989 419 11 14 0.041660618 
491 388 11 14 0.041582018 
871 364 10 12 0.041531723 
174 321 7 9 0.04152761 
223 372 11 14 0.041522596 
987 427 13 18 0.0414959 
918 373 13 15 0.041452415 
521 302 9 11 0.041356336 
699 410 13 18 0.041165344 
760 357 9 11 0.041107733 
328 345 8 9 0.040980734 
991 452 13 17 0.04095617 
488 384 10 13 0.040942848 
217 327 7 10 0.040914297 
112 319 8 10 0.040905952 
200 397 24 29 0.040901575 
777 349 9 10 0.040874235 
591 302 7 9 0.04081438 
744 388 10 14 0.0408085 
410 509 18 22 0.040807396 
743 139 22 28 0.04080289 
319 456 26 35 0.04076417 
279 380 10 12 0.040694572 
76 434 13 18 0.040682737 
983 327 8 9 0.040653814 
48 326 8 10 0.04065174 
279 311 9 10 0.040619977 
409 409 11 15 0.040556684 
219 401 12 15 0.040512852 
1017 294 6 10 0.040509906 
547 537 17 21 0.040455855 
392 304 7 9 0.040452268 
551 336 7 9 0.040421594 
41 335 10 11 0.04032694 
718 366 10 13 0.040321298 
175 366 10 12 0.04030879 
800 311 7 9 0.04023968 
573 349 10 13 0.040154826 
95 308 9 10 0.040147275 
723 373 11 14 0.040111862 
387 407 12 16 0.04001465 
660 357 10 12 0.03987749 
790 372 11 14 0.03976852 
450 302 7 9 0.039661463 
473 318 7 8 0.03957253 
223 303 8 9 0.03951855 
236 357 10 14 0.039393876 
567 530 14 19 0.03939238 
945 339 9 11 0.039336808 
904 311 8 8 0.039267562 
100 380 12 15 0.039265756 
1011 488 12 17 0.039263483 
680 305 7 9 0.03926134 
865 462 17 23 0.039164823 
969 355 11 13 0.039149277 
201 355 9 11 0.039140116 
63 342 11 12 0.03910702 
552 305 7 8 0.039062038 
39 449 14 19 0.039057672 
545 341 8 9 0.038992558 
936 310 8 10 0.03898298 
176 336 8 10 0.03893914 
496 316 9 12 0.038781367 
376 381 9 12 0.038741205 
368 459 23 29 0.038687237 
66 441 23 29 0.03867846 
503 263 6 9 0.03867776 
605 412 13 17 0.038670238 
697 305 7 9 0.038600884 
15 381 11 13 0.038543746 
854 372 12 14 0.03851877 
289 373 9 11 0.03833908 
527 356 10 11 0.0383363 
855 334 9 9 0.038326796 
993 311 7 9 0.03829884 
819 604 36 43 0.038247522 
166 373 12 15 0.038237214 
255 318 8 9 0.03819724 
658 289 8 10 0.03808869 
628 408 12 17 0.038071632 
221 354 17 22 0.03805193 
497 272 7 9 0.03803619 
134 325 10 12 0.038016263 
633 452 14 18 0.03798582 
620 433 13 17 0.037978936 
768 273 7 10 0.0379211 
1006 351 9 12 0.037887715 
455 271 7 10 0.037884172 
76 442 14 19 0.037793748 
502 318 8 10 0.037706308 
47 247 8 11 0.037637316 
849 306 7 8 0.037635483 
902 382 13 15 0.037526354 
374 389 10 13 0.037519474 
75 464 24 30 0.037503652 
512 310 7 9 0.03742969 
536 285 8 10 0.037372634 
343 411 12 16 0.0372207 
87 394 15 17 0.03714411 
934 349 10 12 0.037118603 
175 324 9 10 0.0371054 
713 294 9 10 0.03707698 
136 340 9 12 0.03705189 
169 350 9 12 0.03701921 
795 139 14 18 0.03701646 
649 335 7 9 0.036971215 
895 356 11 13 0.036969807 
672 348 10 13 0.03692648 
245 403 14 16 0.036891155 
39 421 11 14 0.036730085 
336 536 24 30 0.03672973 
641 414 13 18 0.0366275 
640 371 12 14 0.036603007 
806 131 13 18 0.03658859 
134 295 8 10 0.03655946 
367 390 10 13 0.036523703 
936 302 7 9 0.036484543 
769 310 8 10 0.036484387 
527 284 9 10 0.036477618 
440 313 7 8 0.036437556 
977 343 10 12 0.036268633 
1008 341 8 11 0.036236234 
510 344 9 10 0.03617584 
331 422 13 18 0.036074452 
575 356 12 14 0.036014106 
285 381 10 13 0.03599676 
688 294 8 10 0.0359729 
846 372 12 14 0.035960767 
783 374 13 16 0.035955083 
249 342 10 12 0.03592739 
447 350 9 10 0.035887405 
871 326 8 10 0.035878453 
804 128 22 28 0.03577717 
216 341 9 11 0.035767864 
757 395 14 17 0.03554773 
111 512 25 29 0.03545607 
975 295 8 11 0.03543259 
935 289 8 10 0.035424218 
101 373 12 15 0.03541929 
176 309 9 10 0.035382193 
533 380 12 16 0.035359815 
5 349 9 10 0.035232864 
676 418 14 18 0.035156228 
109 387 11 15 0.035112295 
452 470 12 15 0.034979712 
327 332 8 10 0.034941632 
751 172 15 18 0.0348374 
158 396 16 19 0.03483428 
22 343 8 10 0.034822345 
168 357 10 12 0.034771316 
590 271 8 10 0.034744546 
897 325 9 11 0.034716874 
675 434 14 18 0.03471611 
717 146 11 13 0.03466179 
841 340 9 12 0.03464547 
612 426 15 20 0.034631032 
481 304 6 8 0.034598224 
689 304 7 9 0.034530032 
23 321 8 10 0.034515046 
585 303 6 8 0.03450565 
976 287 8 10 0.034307852 
132 430 16 21 0.034268577 
459 422 15 18 0.03426828 
416 326 8 10 0.03425574 
519 269 8 10 0.034213167 
718 277 9 11 0.034209166 
982 303 8 10 0.034129098 
144 336 7 9 0.03411114 
526 311 9 10 0.034104235 
488 317 9 11 0.034087814 
814 347 10 11 0.034043703 
783 297 8 10 0.033990353 
647 287 7 10 0.03397914 
777 262 7 10 0.033828523 
96 340 8 11 0.033788405 
52 336 9 10 0.03369912 
253 423 17 20 0.033691645 
45 446 13 21 0.033688586 
928 267 9 12 0.03359238 
758 309 9 10 0.033573087 
54 340 9 11 0.03355098 
477 360 10 13 0.033488717 
734 476 23 28 0.033418547 
657 306 7 9 0.03340466 
904 333 9 10 0.033394754 
136 312 8 9 0.03337354 
303 334 9 10 0.03330629 
481 295 7 9 0.03330265 
754 335 10 12 0.033276413 
223 343 9 10 0.033262488 
289 402 13 17 0.033190414 
384 350 8 10 0.033155303 
688 341 8 11 0.033154048 
783 321 8 10 0.03310822 
279 326 8 10 0.033102974 
246 381 11 14 0.033056024 
460 592 43 58 0.033044983 
118 313 9 10 0.032985263 
301 349 9 11 0.032944527 
943 296 6 8 0.032932684 
928 418 21 24 0.032919902 
376 320 7 9 0.03287245 
8 358 10 12 0.032870684 
55 403 12 15 0.032849066 
464 343 9 11 0.0326342 
916 378 13 17 0.032611184 
173 287 9 11 0.032574557 
992 459 22 30 0.032558884 
420 429 15 17 0.03255221 
30 420 11 15 0.03248631 
727 306 8 9 0.032484643 
488 302 7 9 0.03248439 
342 425 11 16 0.032479893 
797 359 11 12 0.0324192 
336 333 8 11 0.032410063 
0 431 18 22 0.03235905 
535 342 8 10 0.03228716 
961 278 9 11 0.03227218 
948 427 13 18 0.03227065 
73 320 8 11 0.032216307 
895 313 8 8 0.03219808 
239 373 10 13 0.032163948 
1011 462 13 20 0.032112934 
278 335 7 9 0.032053117 
777 343 8 10 0.032051444 
78 394 12 16 0.032051157 
921 294 7 9 0.03202787 
727 344 9 11 0.031876016 
854 366 11 12 0.031830743 
1008 366 12 14 0.031822722 
237 363 10 13 0.031785827 
200 312 8 10 0.031769283 
89 307 8 11 0.031725086 
689 251 9 12 0.031711556 
40 320 7 10 0.031624615 
695 318 8 9 0.031614985 
991 282 8 9 0.0315916 
663 419 14 17 0.031589154 
568 305 7 9 0.03154365 
586 295 8 10 0.031533714 
859 468 17 26 0.031495497 
937 333 8 9 0.031489562 
143 286 8 10 0.031454884 
812 453 21 29 0.031414386 
766 364 11 14 0.031408444 
229 380 9 12 0.031401653 
464 280 6 9 0.03136658 
570 443 15 17 0.031319104 
711 388 10 13 0.031308915 
737 279 9 10 0.031269524 
367 302 8 10 0.031240808 
408 311 7 9 0.031214524 
187 473 15 19 0.031173844 
803 396 13 17 0.031155214 
118 341 9 12 0.031148378 
677 456 24 28 0.031121897 
439 383 12 14 0.031109992 
75 427 14 17 0.031086119 
710 361 11 14 0.03105205 
807 359 10 12 0.031027313 
615 418 22 26 0.03102379 
607 439 21 25 0.030998554 
455 543 23 34 0.030982036 
671 473 15 19 0.030895537 
984 397 10 14 0.030861706 
157 344 10 11 0.030824756 
22 386 13 17 0.030739812 
112 312 8 10 0.030737963 
542 363 12 15 0.030724032 
750 293 7 10 0.030716846 
989 263 9 12 0.0306461 
599 440 14 19 0.030644128 
921 319 7 9 0.03062486 
353 313 7 9 0.030615581 
128 485 25 32 0.030546628 
240 335 8 9 0.030515593 
844 460 23 29 0.030510165 
990 474 27 38 0.030475385 
663 320 8 9 0.030470086 
255 326 8 10 0.03043336 
186 320 8 9 0.030424785 
794 295 7 9 0.030372394 
744 162 12 15 0.030268006 
695 279 8 10 0.030266613 
456 278 8 10 0.03025602 
448 296 7 10 0.030232238 
910 422 16 20 0.030187046 
949 445 13 16 0.030174652 
503 312 8 10 0.030142698 
23 478 29 36 0.030095825 
328 388 12 15 0.030080575 
544 431 21 25 0.030068535 
389 475 12 17 0.030053724 
661 335 9 11 0.02999541 
742 342 9 11 0.029987447 
51 454 24 30 0.029937873 
788 117 10 13 0.029933173 
933 270 9 11 0.029917305 
513 272 7 8 0.029879006 
411 389 12 16 0.029868448 
806 122 12 16 0.029779982 
247 335 8 10 0.029695716 
489 296 7 9 0.029693685 
545 302 7 10 0.029677939 
950 375 11 14 0.029652037 
774 365 10 13 0.029597068 
685 349 9 12 0.029585073 
558 354 10 14 0.029516403 
473 279 7 8 0.029484887 
373 513 28 38 0.029477647 
839 306 7 8 0.029473444 
251 402 14 15 0.029446416 
574 397 13 16 0.02944002 
1017 288 7 10 0.0293558 
618 302 8 10 0.02934894 
806 266 11 14 0.02924688 
943 357 9 11 0.029210823 
512 303 7 9 0.02919539 
576 304 7 9 0.029185176 
358 388 11 14 0.02916254 
310 366 8 11 0.029155947 
962 285 8 10 0.02913353 
361 314 6 8 0.029132089 
672 423 21 25 0.029129807 
41 325 8 10 0.029084353 
840 365 10 12 0.02908304 
368 314 7 9 0.029060477 
352 373 10 13 0.029014666 
462 383 10 12 0.028910935 
784 364 11 13 0.028906783 
886 354 10 12 0.028866591 
1006 412 13 15 0.028855158 
545 313 6 8 0.028843284 
264 401 12 15 0.028837794 
940 366 11 13 0.028819397 
497 280 7 9 0.028760983 
918 202 10 14 0.028759075 
125 398 14 17 0.028741341 
977 339 18 23 0.028702093 
288 397 12 15 0.028674778 
256 313 7 9 0.028668405 
384 493 29 34 0.028663814 
175 293 10 11 0.0286638 
481 328 6 8 0.028642135 
821 366 11 13 0.02863643 
744 380 11 15 0.028578253 
693 426 12 16 0.028560579 
840 356 9 12 0.028539844 
382 380 11 13 0.028516164 
415 337 8 9 0.028425008 
924 366 10 11 0.02840849 
288 457 22 28 0.028370507 
678 410 16 18 0.028365156 
352 381 11 13 0.028251015 
132 374 11 14 0.028228082 
750 352 9 11 0.028222673 
97 350 8 11 0.028071303 
607 296 8 9 0.02805267 
733 363 18 22 0.028030882 
375 336 7 9 0.028013194 
985 280 8 10 0.02797624 
216 371 10 13 0.027964802 
624 364 10 12 0.027951213 
231 336 7 8 0.027901037 
763 386 14 17 0.027820915 
647 279 8 10 0.027818974 
168 302 8 9 0.027799202 
199 319 8 9 0.027780432 
825 145 14 17 0.027762622 
607 348 10 13 0.027731307 
320 360 11 13 0.027696325 
451 394 19 24 0.027687222 
337 301 8 10 0.027666198 
776 386 12 16 0.027626615 
888 297 8 9 0.027614685 
413 381 10 13 0.027557556 
718 368 19 24 0.027547535 
535 281 8 10 0.027503273 
71 333 10 11 0.027464703 
935 343 8 10 0.027438365 
543 295 7 10 0.02743325 
536 366 11 13 0.027392501 
758 397 22 25 0.02738108 
480 348 9 11 0.027370714 
149 351 20 23 0.027354786 
895 364 13 16 0.027332148 
984 468 22 34 0.027328067 
1000 352 9 12 0.027278211 
9 327 8 10 0.027270753 
309 311 9 10 0.02725643 
148 413 22 28 0.027255684 
832 327 18 23 0.0272444 
407 326 8 9 0.02719092 
381 361 19 22 0.02717668 
615 337 18 22 0.027176615 
321 370 10 13 0.027174111 
488 272 7 8 0.027150288 
33 343 9 11 0.02714228 
441 303 7 9 0.027121525 
126 349 9 11 0.0271035 
510 388 12 14 0.027098566 
557 385 12 17 0.027046701 
271 353 18 22 0.027046656 
461 436 13 18 0.027041055 
157 378 12 15 0.027029574 
604 448 21 27 0.026973553 
321 348 9 11 0.02694759 
722 484 23 30 0.026903246 
686 368 11 13 0.026899757 
176 302 10 12 0.026832612 
143 295 8 10 0.026831422 
749 363 10 14 0.026789706 
344 344 7 10 0.026775816 
475 431 22 25 0.026746335 
123 431 20 25 0.026694532 
694 287 8 10 0.026690202 
416 372 11 13 0.026656464 
207 372 11 13 0.026653754 
322 312 9 10 0.026644608 
339 379 12 14 0.026576944 
841 317 8 10 0.02636581 
799 437 21 27 0.026363907 
886 327 10 11 0.026319133 
459 409 21 25 0.026292214 
860 380 12 15 0.026285099 
806 387 12 16 0.02626141 
852 357 10 12 0.026244964 
599 350 11 12 0.02621792 
288 313 7 9 0.026153747 
696 350 10 13 0.026113676 
417 310 7 9 0.026106182 
78 344 20 24 0.026063731 
180 509 27 38 0.026058061 
29 369 19 25 0.026054902 
45 354 11 13 0.026020085 
726 421 13 17 0.025989559 
424 311 7 9 0.02596698 
967 365 10 13 0.02596594 
978 334 10 11 0.025930354 
315 457 18 25 0.025849316 
624 357 10 12 0.025846899 
248 345 19 22 0.025792686 
977 255 8 10 0.02578969 
144 280 8 11 0.025786834 
360 368 8 11 0.025784642 
624 317 9 10 0.02574492 
513 279 7 8 0.025715576 
61 324 9 11 0.02571235 
692 417 13 19 0.025706185 
980 346 18 22 0.025703866 
536 302 7 10 0.025687622 
499 264 6 9 0.025651671 
648 304 6 8 0.02561608 
999 383 12 16 0.025562417 
302 390 11 13 0.025521351 
488 358 11 13 0.025477605 
102 312 8 10 0.025462095 
159 303 8 10 0.025452832 
748 181 22 26 0.025372932 
686 357 9 11 0.0253386 
810 350 264 275 0.025336888 
832 297 8 9 0.025300985 
205 477 25 32 0.025280455 
681 421 23 27 0.025259102 
431 312 8 9 0.025239514 
379 441 15 18 0.02521801 
742 354 19 23 0.025129907 
226 312 7 9 0.025118232 
256 441 23 28 0.025116129 
695 368 9 12 0.025078414 
680 286 8 10 0.02506834 
151 378 11 15 0.025066309 
503 281 6 8 0.025065083 
563 428 22 28 0.025063396 
723 426 23 27 0.025054215 
456 367 10 11 0.025026549 
467 412 13 16 0.025026346 
341 416 20 23 0.024992686 
648 295 7 8 0.024862709 
37 367 11 12 0.024837403 
86 356 10 13 0.024815226 
343 350 8 10 0.02480561 
427 441 14 18 0.024771051 
417 320 8 10 0.02469903 
232 305 8 9 0.024684185 
974 277 8 11 0.024677992 
400 343 8 10 0.024660721 
1008 305 9 11 0.024649465 
398 406 12 16 0.024562305 
298 313 7 10 0.024543514 
287 388 11 14 0.024462206 
419 397 14 18 0.024460876 
623 328 9 10 0.024423623 
987 441 22 28 0.024378903 
976 327 9 10 0.024354441 
1008 334 8 10 0.024306731 
381 474 25 30 0.024301078 
212 354 17 22 0.024268657 
144 356 11 13 0.02426706 
608 270 8 11 0.024265831 
135 302 8 9 0.02425876 
327 398 19 24 0.024239998 
719 287 8 10 0.024234489 
401 311 8 9 0.024198746 
444 387 14 17 0.02419698 
518 350 8 11 0.024172537 
798 388 11 15 0.024158506 
342 326 8 11 0.024130883 
864 313 8 9 0.024120526 
942 287 8 10 0.02410659 
286 358 9 12 0.024081644 
239 380 10 13 0.024077721 
550 361 12 15 0.02405924 
310 326 9 11 0.02405738 
90 443 17 21 0.024028843 
376 296 7 10 0.024022259 
829 445 14 17 0.023970053 
445 381 13 15 0.023915507 
520 280 8 10 0.023889842 
990 394 13 18 0.02388268 
675 443 14 19 0.02388205 
126 341 11 13 0.023871366 
368 356 8 10 0.023859259 
702 363 11 14 0.023775816 
438 373 10 12 0.02374361 
607 303 7 9 0.023743339 
542 286 8 10 0.023736635 
866 410 21 26 0.02373578 
501 419 12 18 0.023708878 
945 350 9 11 0.023700008 
150 279 9 11 0.023668218 
134 357 11 13 0.023619484 
183 345 18 23 0.02359956 
384 396 12 14 0.02356867 
682 371 19 24 0.023566777 
50 421 15 18 0.023566136 
376 302 7 9 0.023562118 
366 379 9 13 0.023533957 
767 295 8 10 0.023526447 
813 117 12 13 0.023521809 
78 285 8 11 0.023508834 
493 410 12 16 0.023494804 
585 332 16 21 0.023480045 
480 287 7 9 0.02347185 
439 337 18 23 0.023458559 
516 387 11 14 0.023430252 
854 378 13 16 0.023417937 
173 452 22 26 0.023398547 
981 365 19 22 0.023396721 
561 305 7 9 0.023327444 
916 387 13 16 0.02323265 
17 355 17 23 0.02321517 
182 300 11 13 0.023203874 
976 205 9 12 0.02319338 
101 376 22 25 0.02317609 
693 254 8 10 0.02315437 
189 388 12 15 0.023119487 
365 343 19 24 0.023117928 
714 277 8 11 0.02311753 
534 355 9 11 0.023106897 
182 310 9 11 0.023099797 
385 414 18 21 0.023095325 
69 357 20 25 0.023075832 
799 350 9 11 0.023070544 
697 262 8 11 0.02304203 
568 296 7 9 0.022998925 
341 300 9 11 0.02298314 
874 420 12 17 0.022937533 
624 278 8 11 0.022786442 
724 379 11 15 0.02275074 
391 382 10 13 0.022735074 
958 364 11 13 0.022709839 
503 294 7 10 0.022679675 
1011 419 12 16 0.022652483 
159 388 12 16 0.022635147 
457 286 8 9 0.022603683 
272 293 8 10 0.02260153 
958 243 10 13 0.022581212 
639 379 13 16 0.022521779 
885 382 13 15 0.022501245 
328 304 8 9 0.02249781 
728 403 13 16 0.022487825 
534 406 14 19 0.02248436 
497 326 8 9 0.02246546 
591 275 8 12 0.02244073 
966 244 9 12 0.022422481 
335 312 8 10 0.022365907 
935 372 12 15 0.022358911 
526 297 9 11 0.02234747 
428 404 11 16 0.02230839 
806 321 8 10 0.022255598 
509 396 13 16 0.022212883 
866 452 16 21 0.02221009 
678 472 15 20 0.022197658 
0 326 8 11 0.022190167 
817 320 8 9 0.022189554 
96 374 11 14 0.02217458 
546 406 15 18 0.022092784 
311 373 9 11 0.02207995 
67 429 23 28 0.02206171 
703 279 8 10 0.0220558 
754 326 8 10 0.022007579 
29 410 10 15 0.022005802 
90 486 14 19 0.021969432 
704 379 245 245 0.021967629 
700 417 14 19 0.02193151 
521 342 7 10 0.021927714 
353 326 8 10 0.021926278 
206 328 8 10 0.021911168 
474 272 7 9 0.021890305 
560 294 8 10 0.021874268 
265 326 8 10 0.021818457 
576 363 13 15 0.021807663 
90 461 15 20 0.021765862 
37 474 30 33 0.021764027 
190 365 10 13 0.021750351 
607 402 13 17 0.021746099 
384 520 31 42 0.021743469 
944 459 26 34 0.021742167 
241 516 24 33 0.021729417 
859 373 13 15 0.021717865 
625 263 7 9 0.02171352 
624 374 11 14 0.021711573 
282 463 18 23 0.021677164 
145 341 20 24 0.021666275 
551 373 12 16 0.021642445 
999 413 12 15 0.021610947 
882 388 13 17 0.021598937 
1014 358 11 13 0.02157476 
1000 302 9 11 0.021566538 
966 372 11 14 0.021559434 
521 265 7 9 0.021550577 
624 286 7 9 0.021524152 
876 493 18 22 0.021523101 
142 426 19 25 0.021505278 
733 411 16 19 0.021482693 
747 203 15 19 0.021442173 
512 288 7 9 0.021387476 
58 402 17 20 0.02137164 
967 264 9 11 0.02134802 
877 364 11 13 0.02133457 
300 371 10 13 0.021286245 
704 294 8 10 0.021276763 
343 359 8 11 0.021244604 
470 457 17 19 0.021237422 
504 303 7 9 0.021219213 
551 388 22 25 0.02121738 
797 133 13 17 0.02117394 
751 261 8 10 0.021163741 
536 256 8 10 0.021128949 
6 320 7 10 0.021088991 
261 397 20 25 0.021025898 
719 357 10 13 0.021013016 
110 301 10 11 0.021011613 
934 277 9 10 0.020991895 
432 303 7 10 0.02098669 
682 385 20 25 0.020966202 
600 287 8 10 0.020959005 
66 373 9 12 0.020916503 
799 380 11 15 0.02091464 
196 473 13 18 0.020910267 
729 316 10 12 0.020881126 
495 418 12 17 0.020879272 
925 424 13 18 0.020863852 
999 364 10 12 0.020815473 
503 271 7 9 0.02080442 
152 327 8 10 0.02079584 
254 441 16 18 0.02079268 
802 117 10 14 0.020779597 
747 456 18 20 0.0207786 
713 270 9 12 0.020760005 
863 364 11 13 0.020759514 
225 347 18 22 0.020755036 
670 443 12 19 0.020734612 
751 395 12 15 0.020720202 
832 341 8 10 0.020713877 
463 286 7 9 0.020694379 
271 286 7 10 0.02068655 
459 525 13 17 0.020670665 
295 472 15 19 0.020666057 
516 502 26 29 0.02065277 
239 388 10 14 0.020640418 
70 277 11 13 0.020579077 
924 428 20 26 0.020576224 
626 298 7 8 0.020560421 
70 396 13 17 0.020559864 
56 356 11 13 0.020551333 
261 369 18 22 0.020523004 
25 530 39 52 0.020520383 
55 303 10 14 0.020515228 
402 485 23 28 0.020503527 
775 276 8 10 0.020471182 
511 295 8 9 0.020469166 
86 297 10 13 0.020417392 
545 351 10 11 0.02041601 
297 300 8 11 0.02040082 
533 372 12 15 0.020312354 
272 352 10 13 0.020311952 
20 524 11 17 0.020310529 
44 485 29 32 0.020299867 
647 254 8 10 0.020268105 
981 471 14 22 0.020255433 
249 302 7 10 0.020244312 
466 433 21 26 0.020231899 
998 401 12 15 0.020210102 
127 356 9 13 0.020193506 
1015 348 9 13 0.020192344 
616 504 28 34 0.020188635 
311 380 10 12 0.02018243 
217 302 8 10 0.020125344 
752 340 11 12 0.020123439 
801 304 7 9 0.0201223 
338 295 9 12 0.02011561 
492 428 12 16 0.020110155 
727 363 10 13 0.02010654 
207 364 12 14 0.02008924 
780 270 9 11 0.020082809 
541 373 11 14 0.020079179 
812 332 19 22 0.020077873 
310 332 8 11 0.020056581 
129 301 8 10 0.02005434 
48 320 8 11 0.020041915 
512 319 8 11 0.020040486 
745 309 9 11 0.020020548 
391 408 20 23 0.02001275 
