2_Demonstration_Political_Rally_2_335
518
405 259 50 63 0.9992119 
823 478 72 82 0.99815434 
349 498 60 83 0.9979279 
325 103 30 37 0.99765515 
786 566 67 87 0.99760336 
672 418 52 65 0.9974164 
474 174 32 41 0.9974158 
607 161 34 41 0.9973097 
728 78 30 36 0.9970289 
752 173 35 44 0.9969568 
879 152 28 35 0.99648476 
892 341 50 65 0.9964334 
272 264 50 60 0.9964121 
381 333 49 60 0.996402 
616 80 27 33 0.9961462 
60 138 32 38 0.9957616 
232 228 40 46 0.9950955 
309 327 51 62 0.9950177 
157 258 34 44 0.994932 
577 59 30 34 0.9949143 
701 319 51 57 0.9945825 
211 285 48 61 0.9940347 
272 194 27 37 0.9940065 
239 176 30 36 0.9939168 
331 425 59 71 0.9930757 
655 126 34 39 0.9922782 
32 216 32 43 0.99190956 
280 430 44 59 0.99111396 
136 482 50 69 0.990546 
444 154 29 38 0.9894028 
243 551 65 84 0.9891912 
741 141 26 33 0.9890226 
64 204 37 43 0.98870414 
144 148 27 36 0.98861235 
108 264 44 55 0.9882883 
572 328 37 47 0.9871377 
700 213 32 39 0.98643064 
663 177 35 39 0.9863486 
85 233 36 49 0.9844051 
923 197 29 34 0.9824624 
857 116 24 29 0.98219556 
31 147 26 30 0.9816859 
942 115 27 35 0.9804843 
338 58 22 27 0.98035216 
169 188 41 43 0.9792271 
664 64 25 30 0.97689396 
776 198 35 43 0.9742367 
244 94 24 32 0.97345895 
487 243 46 56 0.9731088 
445 375 40 52 0.9730862 
517 195 30 40 0.97239536 
480 444 44 60 0.9721995 
6 332 42 54 0.9699533 
67 88 24 31 0.96719354 
0 228 27 50 0.96621245 
483 128 28 33 0.9647253 
533 560 74 97 0.957508 
863 66 23 27 0.95675635 
33 78 24 29 0.93660206 
908 6 17 22 0.93564475 
2 403 43 58 0.93411106 
566 115 25 28 0.928352 
142 226 32 40 0.9244719 
265 146 24 29 0.92312676 
664 230 33 45 0.91807455 
109 149 25 29 0.89510834 
753 251 30 43 0.8870096 
876 309 30 48 0.88368815 
574 478 43 61 0.87827414 
731 449 48 63 0.87536025 
582 137 27 33 0.8682949 
141 99 23 27 0.8575946 
169 74 22 27 0.8561946 
284 322 55 65 0.8550688 
472 294 42 52 0.8482136 
343 278 46 56 0.83865607 
180 27 15 20 0.8257255 
543 218 42 46 0.8010224 
647 83 21 28 0.7879052 
298 102 24 33 0.77255887 
847 214 39 43 0.75890076 
84 402 43 51 0.7410815 
906 65 15 21 0.73638254 
357 157 36 38 0.7265116 
853 169 24 32 0.7124652 
535 258 32 43 0.7095222 
612 414 45 50 0.7000778 
275 327 39 52 0.69133425 
190 264 31 42 0.68261534 
986 6 20 22 0.66361296 
457 114 22 27 0.66307133 
932 30 16 20 0.6426764 
714 77 14 18 0.62033546 
74 48 19 23 0.61168295 
355 227 39 45 0.60891974 
816 74 27 32 0.59807134 
6 487 42 58 0.59024113 
782 49 12 17 0.5886809 
12 33 18 21 0.5761722 
213 13 11 14 0.5657055 
823 426 50 57 0.5335548 
762 243 41 53 0.5309285 
834 56 17 21 0.5262483 
804 126 22 27 0.5128838 
648 233 31 38 0.50493056 
67 59 24 28 0.48941907 
776 154 25 29 0.48285723 
299 424 53 66 0.4791955 
646 302 34 38 0.44945583 
718 10 11 15 0.44432604 
50 210 37 49 0.43312678 
163 408 57 71 0.42805 
690 120 23 28 0.42637125 
404 434 42 51 0.425024 
942 404 37 50 0.4214763 
468 27 29 36 0.41141096 
570 120 31 34 0.40712667 
406 67 15 19 0.40534133 
675 62 21 28 0.37409645 
309 105 27 33 0.3618259 
13 48 18 22 0.34781215 
691 66 15 19 0.34512734 
532 206 39 46 0.34047523 
127 354 42 53 0.32029548 
333 37 13 18 0.3043107 
207 630 42 47 0.2973864 
98 528 38 55 0.29468867 
921 99 16 21 0.29464868 
669 520 54 60 0.29120225 
73 220 39 50 0.2891745 
355 201 49 58 0.27888295 
823 191 21 26 0.278277 
312 193 23 33 0.2720192 
19 408 48 59 0.27069134 
152 235 34 46 0.25665575 
44 145 28 33 0.25101313 
784 16 9 13 0.24183477 
584 108 24 29 0.23744263 
753 57 15 18 0.23165536 
413 94 15 20 0.23036963 
336 154 25 34 0.2266594 
189 114 22 29 0.22553352 
661 40 14 19 0.22195119 
615 59 14 17 0.2167316 
347 206 26 28 0.21446337 
939 0 15 15 0.20788392 
569 224 30 35 0.20640026 
880 319 42 56 0.2000635 
170 51 14 17 0.19713104 
271 240 37 43 0.19619001 
471 119 29 32 0.18926987 
757 11 12 14 0.18741377 
748 28 13 16 0.18195027 
458 268 26 33 0.17417221 
590 263 28 34 0.17282838 
213 44 12 15 0.17275909 
779 97 18 22 0.16792406 
788 29 11 15 0.16566452 
692 16 13 17 0.16052811 
655 73 22 29 0.15726668 
775 53 20 28 0.15688245 
-2 137 22 32 0.15375133 
621 576 31 38 0.15134181 
125 115 22 31 0.14742957 
637 131 25 32 0.14304653 
308 54 14 19 0.13748923 
789 3 11 13 0.1366528 
154 205 42 52 0.13358754 
66 25 15 18 0.12980825 
780 250 29 37 0.12769116 
537 232 43 54 0.1269223 
862 312 33 50 0.1211495 
61 66 18 20 0.120201826 
-1 20 11 18 0.120050535 
315 57 15 19 0.11922674 
0 76 12 19 0.11911713 
645 400 30 44 0.116786145 
896 224 28 36 0.11649958 
294 552 46 67 0.11424702 
826 62 23 27 0.1123283 
475 30 18 21 0.1121918 
45 413 44 53 0.10982254 
132 102 21 27 0.10898731 
743 30 12 15 0.10836349 
761 183 37 46 0.106761836 
751 0 10 12 0.10589857 
833 197 20 24 0.10565978 
522 301 28 38 0.10484208 
27 0 17 15 0.10411595 
910 58 22 30 0.10368645 
60 148 42 49 0.10128247 
252 240 40 52 0.099271744 
824 3 10 15 0.09910744 
233 4 13 17 0.097557604 
20 54 22 25 0.09728729 
649 99 19 25 0.09670346 
818 96 29 34 0.09555256 
281 180 33 48 0.09471594 
225 222 27 36 0.09390638 
914 27 12 16 0.09387648 
857 51 24 30 0.093575664 
862 158 27 36 0.093472235 
320 251 25 37 0.09098066 
321 308 50 65 0.09059424 
507 302 30 38 0.09048655 
449 641 57 52 0.088397205 
756 26 13 16 0.08799901 
843 178 25 31 0.08737059 
255 190 34 40 0.08736577 
786 21 11 14 0.08707918 
967 4 14 16 0.086557426 
74 179 34 38 0.08587185 
496 382 30 45 0.0845062 
171 133 27 30 0.084424265 
619 102 25 32 0.08418847 
474 0 28 31 0.08409863 
688 209 31 37 0.083611995 
0 498 29 45 0.08314481 
579 196 31 37 0.082388945 
66 70 20 23 0.08204403 
200 61 13 16 0.081242636 
757 451 50 68 0.08111855 
25 61 23 27 0.08049162 
521 597 54 74 0.08028306 
457 162 36 46 0.07988883 
625 395 42 56 0.07895772 
641 236 23 32 0.07861611 
169 497 45 69 0.0777321 
741 4 11 14 0.07764261 
533 298 30 43 0.07726122 
971 6 22 27 0.07332912 
292 93 25 32 0.07226277 
361 270 46 59 0.07179413 
784 469 44 58 0.07137137 
1 121 18 22 0.07079678 
503 371 27 40 0.07076223 
117 71 16 20 0.07065528 
539 280 38 51 0.07054179 
188 503 43 61 0.06832714 
75 118 18 20 0.06825253 
548 305 38 48 0.067379974 
813 78 17 24 0.06723723 
810 115 24 31 0.06720586 
373 166 29 31 0.067190684 
357 175 44 50 0.06670813 
743 1 10 11 0.06642976 
213 93 14 17 0.06638983 
102 42 12 17 0.066001154 
819 186 17 23 0.06492606 
280 294 49 61 0.062288273 
579 336 46 56 0.061175454 
-1 32 8 17 0.06096152 
483 1 15 15 0.06076178 
49 229 41 55 0.060626157 
871 69 23 30 0.060091928 
34 37 14 17 0.05988266 
908 284 30 45 0.059454583 
723 5 12 15 0.058370404 
783 36 14 18 0.058092494 
52 0 12 12 0.05769588 
448 133 23 30 0.057229906 
287 108 22 28 0.05722 
19 340 48 57 0.05689923 
463 125 20 26 0.056769438 
322 55 22 27 0.056474976 
757 74 14 19 0.056439552 
672 187 38 42 0.05460009 
787 136 28 34 0.054583628 
596 45 13 16 0.054304276 
628 298 29 34 0.05407234 
157 458 53 74 0.053317674 
740 9 12 16 0.052920368 
186 20 11 15 0.052402537 
678 120 26 33 0.0523993 
45 1 12 15 0.051889986 
45 249 30 39 0.05186745 
568 556 64 90 0.051776897 
75 11 12 15 0.051692244 
674 247 30 39 0.050775323 
465 41 27 35 0.05070251 
881 81 18 23 0.0503884 
162 168 41 50 0.050097067 
921 57 23 31 0.04861774 
72 101 25 31 0.048169006 
278 165 29 36 0.048083182 
475 269 49 62 0.047510445 
284 41 10 17 0.047320116 
-3 177 14 23 0.04640994 
219 223 19 25 0.04595843 
630 77 25 31 0.045768287 
60 6 12 14 0.04548986 
643 408 46 61 0.045264196 
70 130 27 35 0.044980153 
331 51 23 27 0.044676322 
-1 117 12 20 0.04457143 
353 110 25 32 0.044257447 
889 7 9 12 0.04396278 
932 59 15 19 0.043589607 
796 511 83 110 0.04358386 
306 96 17 24 0.04327786 
560 384 22 37 0.04312105 
151 139 40 46 0.042858243 
923 71 15 21 0.04230519 
124 107 15 22 0.04199357 
973 0 12 13 0.041707154 
182 59 13 16 0.0413815 
406 242 28 38 0.041372005 
859 43 16 20 0.04069982 
474 57 16 21 0.040527713 
559 321 36 46 0.040410377 
209 16 12 17 0.040298533 
625 289 24 31 0.039935987 
31 357 48 58 0.03993102 
821 330 28 44 0.039843407 
21 149 26 33 0.039590515 
333 272 37 49 0.039319314 
101 377 53 60 0.038981825 
30 428 50 57 0.038767852 
491 298 36 45 0.038545262 
764 27 12 15 0.03796979 
813 22 10 14 0.03775544 
812 50 13 17 0.037391175 
820 485 39 49 0.037106987 
772 134 28 32 0.03695032 
507 361 24 33 0.03684866 
176 5 10 13 0.036555354 
570 140 28 35 0.036356375 
249 167 29 38 0.03631595 
732 34 16 20 0.03627389 
495 131 27 35 0.03618678 
759 54 20 26 0.036172453 
568 187 30 36 0.03615998 
407 91 23 36 0.03603731 
47 82 17 22 0.035959892 
10 150 15 23 0.03590585 
18 496 51 64 0.035845067 
135 110 25 34 0.035832234 
27 75 20 26 0.03535265 
185 421 34 37 0.035241246 
70 5 15 17 0.034981355 
120 44 13 18 0.03495143 
692 311 36 50 0.034847945 
713 5 13 17 0.0345583 
597 92 25 32 0.034052577 
10 313 30 49 0.033891506 
107 540 20 27 0.033854965 
691 301 30 35 0.033726312 
729 239 40 54 0.033693466 
736 63 27 32 0.03364135 
740 47 22 25 0.033562906 
172 436 54 75 0.033520304 
851 219 20 25 0.033335548 
910 1 14 15 0.033165623 
657 38 12 17 0.033057924 
167 54 21 26 0.033012 
158 417 12 16 0.032954738 
739 42 15 19 0.03278894 
508 210 35 46 0.032765947 
5 0 14 14 0.032518867 
653 103 28 37 0.032461166 
52 75 16 19 0.032293603 
967 16 13 17 0.03228993 
902 50 23 32 0.032240033 
594 159 29 38 0.032127187 
176 23 12 16 0.03206599 
841 192 18 23 0.03197633 
783 126 27 30 0.031784534 
719 74 24 30 0.03176548 
178 68 24 31 0.03175507 
208 6 14 17 0.031648245 
214 8 20 23 0.031469792 
0 87 18 21 0.031433694 
394 427 36 45 0.03141105 
88 635 57 59 0.031369466 
199 113 18 23 0.031197516 
69 243 33 47 0.030957773 
675 220 30 38 0.030815441 
780 23 19 25 0.030401358 
22 81 15 21 0.029874302 
3 564 54 75 0.029809495 
784 2 11 11 0.029727872 
838 200 25 34 0.029708004 
11 2 13 15 0.029605411 
745 196 27 37 0.029392317 
883 296 43 53 0.02937281 
613 63 23 29 0.029358951 
28 198 33 44 0.02932429 
93 25 14 18 0.029200494 
106 564 18 24 0.029035917 
383 437 35 42 0.028921012 
654 290 28 34 0.028659038 
470 145 39 48 0.028452393 
458 149 27 38 0.028443001 
563 107 19 24 0.028378014 
161 408 34 40 0.0283072 
68 32 15 18 0.02828919 
339 199 25 31 0.028132552 
182 427 14 18 0.027974568 
747 62 19 23 0.027962005 
61 81 23 30 0.027935363 
8 81 21 25 0.027835034 
273 152 27 33 0.027752481 
676 507 43 46 0.027613577 
212 24 13 16 0.027609363 
667 266 28 34 0.027601482 
824 210 13 18 0.027583746 
101 68 11 15 0.027562805 
511 252 41 47 0.027411215 
187 54 12 15 0.027388768 
742 23 12 15 0.02738595 
764 5 12 15 0.027204806 
450 142 27 36 0.027174028 
464 282 39 50 0.027172396 
726 30 11 14 0.027074577 
778 20 10 16 0.027063439 
602 335 28 35 0.026833862 
546 150 27 33 0.026641872 
630 93 26 35 0.026630325 
211 101 18 22 0.026551185 
564 206 33 42 0.026514722 
194 284 19 26 0.026479337 
183 14 10 14 0.026421828 
339 458 55 77 0.0263152 
555 242 45 56 0.026094593 
-1 128 15 22 0.025888681 
838 321 36 50 0.02586682 
177 410 32 38 0.02582225 
725 0 11 12 0.025783408 
823 18 13 18 0.025731238 
776 46 14 17 0.025661387 
151 361 31 45 0.02552156 
694 228 42 52 0.025461018 
361 244 38 47 0.02538879 
449 169 19 26 0.02531822 
714 224 38 51 0.02524841 
118 19 10 13 0.025220208 
1 25 20 28 0.025175998 
10 217 33 49 0.025134072 
807 81 15 21 0.025089357 
216 636 22 24 0.025073044 
23 33 20 25 0.025071193 
512 219 44 56 0.024977209 
576 65 18 22 0.024959378 
329 259 32 43 0.024951747 
212 257 50 59 0.024862736 
66 189 32 41 0.024720382 
387 243 43 57 0.024655199 
252 268 46 61 0.024650777 
757 148 25 31 0.02463888 
170 129 19 22 0.024541916 
910 95 23 28 0.02429843 
81 145 29 33 0.024295796 
0 138 13 20 0.02426459 
184 200 41 50 0.02414853 
261 154 28 41 0.024146287 
327 194 17 24 0.024120256 
753 8 19 23 0.024036894 
945 -1 15 14 0.023933701 
748 43 14 17 0.023923866 
695 67 21 25 0.023862803 
727 34 13 18 0.023752864 
324 51 16 20 0.023595843 
665 49 15 18 0.023578493 
24 474 35 45 0.023465782 
492 179 38 51 0.023288464 
728 147 28 35 0.023150425 
8 532 54 71 0.023125224 
189 281 43 57 0.023100574 
176 13 10 12 0.022706766 
119 129 25 34 0.022684881 
556 146 30 36 0.022410221 
812 431 76 101 0.022395955 
532 182 33 43 0.022384332 
74 416 37 47 0.022300383 
168 242 42 54 0.022104254 
152 21 9 12 0.022079136 
894 241 15 19 0.022038613 
46 19 11 15 0.022024622 
776 103 24 31 0.021959113 
744 82 24 32 0.021812819 
183 61 22 27 0.021642378 
719 1 12 13 0.02152152 
718 214 31 37 0.021403527 
691 5 15 20 0.021392997 
599 49 23 29 0.021327624 
238 45 13 17 0.021255609 
219 19 11 15 0.021236515 
463 134 25 32 0.021165568 
195 60 21 26 0.021160891 
537 158 26 32 0.021076718 
797 124 16 22 0.021065226 
87 173 28 33 0.021023838 
780 182 29 38 0.021011464 
798 142 27 33 0.020948732 
240 613 52 62 0.020825695 
215 209 25 34 0.02082136 
-3 150 21 32 0.020807415 
891 9 12 16 0.020791046 
619 507 15 20 0.020756928 
654 531 55 70 0.020697603 
27 131 26 35 0.020637622 
698 35 14 17 0.020626038 
348 147 32 40 0.02061472 
205 202 26 36 0.020583373 
102 150 19 25 0.020578615 
188 15 10 14 0.020507732 
336 42 16 18 0.020415608 
840 62 17 22 0.020361885 
67 226 20 27 0.020358521 
646 77 15 20 0.020344567 
188 429 13 17 0.020337034 
165 136 19 24 0.020320797 
926 22 14 16 0.020254456 
960 3 12 14 0.020192403 
410 136 24 32 0.020167911 
80 66 14 18 0.020154197 
4 133 33 43 0.020142967 
836 46 15 19 0.020007437 
