2_Demonstration_Protesters_2_559
19
729 413 64 95 0.9951284 
913 194 83 111 0.5066171 
160 17 377 443 0.11194194 
162 304 369 449 0.04955968 
289 339 192 315 0.04128374 
342 272 17 19 0.03244931 
402 -28 351 481 0.030675534 
541 52 233 289 0.028199954 
340 126 30 29 0.028015697 
835 116 46 59 0.027108297 
861 123 14 17 0.026720453 
297 256 18 21 0.023615364 
619 3 342 391 0.022960959 
612 399 441 499 0.022756314 
347 246 14 16 0.022199066 
812 123 12 15 0.021656405 
551 128 32 39 0.02142601 
76 307 104 135 0.02080989 
827 141 12 15 0.020398421 
