2_Demonstration_Political_Rally_2_114
1254
648 315 25 37 0.98753476 
951 343 23 42 0.9706158 
457 314 22 35 0.8174989 
429 193 14 17 0.7879468 
597 284 14 17 0.6444752 
93 320 28 41 0.6094829 
501 244 10 14 0.6071889 
949 213 8 11 0.6058971 
830 246 10 13 0.49739587 
827 276 13 17 0.39611354 
69 213 9 12 0.3883702 
26 175 8 11 0.34486556 
791 282 14 20 0.34038797 
958 173 8 11 0.33888704 
92 268 11 14 0.33422932 
292 252 13 17 0.32151636 
946 288 15 21 0.31847802 
963 258 12 15 0.30496913 
726 235 10 14 0.29525146 
687 266 14 18 0.2941456 
574 251 14 19 0.28887606 
53 251 22 33 0.28196734 
28 172 9 11 0.278961 
708 495 54 70 0.2758242 
559 217 8 10 0.26803562 
630 237 12 15 0.26607457 
276 174 10 13 0.26224792 
880 245 9 11 0.24752788 
47 191 9 12 0.23434554 
792 166 8 10 0.23126899 
520 230 9 11 0.22947623 
510 207 8 11 0.22769529 
801 181 9 11 0.2252478 
624 215 7 9 0.2075974 
364 167 10 12 0.20621993 
678 232 9 13 0.20373507 
946 210 8 10 0.20260327 
974 240 8 10 0.1954145 
261 277 26 33 0.19429922 
325 243 12 14 0.19272524 
640 160 8 10 0.19081262 
508 326 23 33 0.18366884 
46 171 9 11 0.18002635 
569 251 11 14 0.17825167 
142 238 12 15 0.17626241 
921 206 9 12 0.17460565 
309 223 10 14 0.17230788 
406 316 26 39 0.17106077 
837 237 11 12 0.16545668 
887 183 8 10 0.16298741 
29 212 12 15 0.16275623 
101 206 9 13 0.16127415 
16 176 8 10 0.16092876 
750 166 8 10 0.15960503 
308 235 12 16 0.15938675 
649 215 8 10 0.15836833 
983 213 9 10 0.15783899 
880 223 9 12 0.1576508 
911 199 8 11 0.15624301 
356 263 12 15 0.15583415 
605 237 10 12 0.15564865 
804 179 10 12 0.15447137 
292 166 9 12 0.15291153 
882 239 9 12 0.14889708 
801 281 15 21 0.14681411 
515 285 14 19 0.14513154 
792 190 8 10 0.14395893 
933 220 9 10 0.14336924 
793 184 8 10 0.14221865 
679 257 13 15 0.14210221 
905 222 8 11 0.14198843 
21 210 14 18 0.13831314 
822 196 8 11 0.13824375 
960 216 7 9 0.13414587 
769 168 7 10 0.13367546 
517 366 21 36 0.133414 
784 241 10 15 0.13304111 
960 197 8 10 0.12794684 
361 172 10 13 0.12711066 
276 154 12 14 0.1266144 
968 272 11 17 0.12465473 
524 231 9 11 0.12448415 
591 282 15 21 0.1242475 
926 207 7 10 0.123857 
733 214 11 14 0.122371815 
648 229 9 11 0.12133437 
709 212 11 14 0.12111866 
767 174 9 11 0.1196769 
132 248 15 19 0.1167032 
335 104 7 10 0.11545831 
440 421 48 61 0.11356514 
294 216 10 11 0.11283994 
506 243 12 15 0.112293385 
868 212 10 13 0.11067156 
862 220 9 12 0.110589385 
388 265 15 18 0.110016435 
644 283 11 15 0.10980897 
692 235 10 13 0.10966126 
606 262 9 12 0.10959614 
295 149 7 10 0.109289214 
976 215 8 10 0.10907231 
952 244 10 11 0.10873941 
646 221 8 11 0.10824229 
479 220 9 11 0.107843615 
928 214 8 10 0.10769159 
888 188 10 12 0.107491635 
567 232 8 10 0.10748186 
672 237 11 14 0.10707278 
630 173 8 12 0.10679353 
549 252 9 12 0.103832945 
600 236 10 12 0.10366299 
9 150 8 11 0.10356716 
481 206 9 11 0.10350984 
868 207 10 11 0.103160165 
1000 220 10 12 0.10261665 
746 166 9 12 0.102613114 
454 195 9 12 0.102570415 
817 195 9 12 0.10237664 
854 198 9 13 0.10110366 
703 158 7 10 0.10093698 
882 296 16 22 0.10078521 
862 188 9 11 0.09994817 
839 183 7 11 0.099464566 
639 278 11 14 0.09928379 
968 216 7 9 0.09717332 
336 85 8 11 0.09665384 
968 237 11 13 0.09542791 
159 214 9 12 0.095170036 
176 314 24 32 0.09448953 
479 213 9 12 0.09447852 
997 270 11 13 0.09414847 
1001 215 9 11 0.094141595 
633 200 8 11 0.0923554 
997 255 9 11 0.09108488 
683 267 24 30 0.09090283 
822 271 12 17 0.09086988 
238 166 7 10 0.090312 
705 191 8 10 0.089863606 
212 277 14 20 0.0896759 
909 222 9 12 0.08920546 
614 175 10 12 0.08915154 
735 191 8 11 0.088855065 
824 181 7 10 0.088394195 
652 213 9 11 0.08835422 
97 213 9 12 0.08811465 
912 246 9 12 0.08762897 
233 167 7 9 0.08753101 
520 224 8 10 0.08717375 
472 214 8 11 0.086857244 
508 237 11 13 0.086396016 
527 213 9 12 0.08596587 
28 286 31 36 0.08563871 
777 199 8 10 0.0850941 
553 221 9 11 0.08444644 
761 228 9 13 0.08385099 
592 230 8 11 0.08341986 
422 215 8 11 0.08326466 
287 94 9 12 0.08264286 
632 253 10 13 0.08225873 
623 222 9 11 0.08208459 
342 87 8 11 0.08206562 
288 170 10 13 0.08190772 
679 183 8 10 0.08178324 
381 100 8 11 0.081486925 
855 229 10 13 0.081386484 
108 266 16 23 0.0803877 
709 220 10 12 0.07895889 
773 167 7 9 0.07863314 
310 95 8 10 0.07842826 
24 180 9 11 0.0778519 
855 237 9 12 0.07742721 
973 292 15 19 0.07719526 
992 254 10 14 0.07712617 
400 238 11 13 0.076448016 
120 213 9 10 0.07627476 
688 197 9 12 0.076103166 
972 270 10 15 0.07563656 
78 183 8 10 0.075185336 
377 111 10 14 0.075165525 
577 248 19 26 0.07483174 
766 196 9 11 0.07421662 
358 181 11 14 0.07379509 
346 357 12 15 0.07376324 
617 150 8 11 0.07343076 
905 199 9 11 0.073376805 
456 238 11 13 0.07337033 
506 205 9 12 0.07309355 
745 172 9 12 0.073087186 
340 238 11 14 0.07283319 
252 214 9 12 0.07275541 
4 358 30 51 0.0726771 
516 258 13 16 0.072629005 
311 144 7 10 0.07260717 
525 255 13 15 0.072591975 
684 253 13 15 0.07254851 
704 220 10 11 0.072525196 
77 239 10 12 0.07251936 
648 245 10 13 0.07230515 
884 221 9 12 0.07216202 
580 245 12 17 0.07206929 
688 176 8 9 0.07182262 
271 178 10 12 0.071027875 
527 205 10 12 0.07067137 
575 215 9 11 0.070620224 
575 221 9 10 0.070521586 
630 261 10 12 0.07013748 
624 181 10 12 0.07002396 
527 222 9 10 0.06989873 
23 197 9 11 0.069615014 
343 213 10 13 0.06943361 
63 218 10 13 0.06876627 
482 198 8 11 0.06858366 
523 291 13 18 0.06843413 
572 155 11 12 0.068361446 
72 167 8 11 0.06827329 
776 150 8 11 0.06801002 
14 149 8 11 0.067946605 
129 189 9 12 0.06783742 
113 264 22 31 0.067819 
474 181 8 11 0.067776084 
584 238 9 12 0.06769001 
625 243 10 13 0.06709313 
471 247 10 12 0.06700786 
782 199 9 11 0.06660976 
796 166 10 11 0.06642666 
223 285 21 26 0.06614582 
325 209 9 11 0.06587914 
832 238 11 13 0.06582927 
444 354 13 17 0.06580853 
821 280 14 17 0.065613866 
568 207 8 10 0.06548069 
999 237 10 11 0.06545315 
459 241 13 17 0.06536878 
919 200 9 12 0.06519723 
613 253 10 12 0.06497741 
276 199 11 14 0.064758725 
997 261 10 12 0.06471788 
892 279 13 18 0.0646055 
543 221 9 10 0.06444945 
750 173 8 12 0.06434867 
832 214 9 11 0.06422394 
790 198 9 12 0.064212725 
14 210 14 16 0.06408016 
512 231 10 12 0.06395649 
846 238 9 12 0.06355236 
879 293 12 19 0.06323826 
760 195 9 11 0.06301593 
981 238 9 11 0.06272055 
737 143 8 10 0.0625426 
454 180 9 10 0.062364865 
966 197 8 10 0.062348362 
293 189 11 14 0.06209876 
838 175 8 11 0.06182746 
893 196 10 13 0.061806865 
785 192 8 9 0.061716456 
471 207 8 10 0.0613843 
434 191 11 14 0.061369658 
999 231 9 11 0.06103604 
76 215 9 12 0.060948025 
775 239 11 15 0.06080204 
71 237 12 15 0.060782082 
343 92 8 10 0.0603646 
438 273 12 17 0.060333207 
302 205 9 11 0.060037952 
532 255 11 14 0.05995029 
1009 200 8 10 0.059533816 
979 296 16 21 0.059386976 
848 198 9 12 0.059322093 
87 221 10 12 0.05924335 
337 62 9 13 0.059199616 
617 213 8 10 0.059049994 
689 167 7 9 0.058738094 
35 252 26 32 0.05842039 
983 166 7 9 0.05840521 
909 251 10 13 0.058376998 
549 246 10 13 0.058283027 
837 222 9 11 0.05797863 
1007 174 7 10 0.057921365 
686 232 11 13 0.05786645 
834 243 12 14 0.05785838 
975 221 9 10 0.05778224 
711 182 8 10 0.057602517 
465 205 8 11 0.05747176 
664 231 9 11 0.0574522 
960 221 8 9 0.05741829 
608 255 9 11 0.05732266 
776 158 8 10 0.057167903 
551 204 9 11 0.05713089 
1006 222 8 10 0.056864414 
592 207 8 11 0.056512076 
916 244 10 12 0.056503046 
502 268 13 18 0.056367252 
576 190 8 11 0.05628085 
41 172 9 11 0.05625969 
448 175 9 12 0.056206275 
735 208 9 12 0.056138556 
687 181 8 9 0.055958245 
983 160 7 9 0.055929523 
958 239 9 12 0.05583652 
21 255 23 31 0.055772696 
832 174 9 11 0.055614028 
504 200 9 12 0.055594675 
230 117 8 11 0.055155184 
886 216 8 10 0.055142205 
583 167 9 11 0.054877374 
142 207 8 11 0.054790825 
227 297 14 19 0.054750614 
413 231 9 12 0.05474606 
158 221 11 12 0.054662444 
424 173 8 11 0.054630026 
359 96 7 10 0.054459985 
306 94 8 10 0.05441634 
637 200 8 10 0.054360792 
751 162 8 10 0.054288037 
94 221 8 12 0.05419846 
118 250 12 16 0.054149743 
476 175 9 11 0.05411202 
678 190 9 11 0.05380894 
648 175 9 11 0.05376071 
542 232 11 14 0.053614933 
353 188 9 12 0.053578816 
825 245 11 15 0.053383987 
653 231 9 11 0.05337201 
951 262 11 13 0.052900486 
332 242 12 15 0.05256224 
815 213 9 11 0.052440617 
880 190 9 10 0.052383065 
73 189 9 12 0.05231186 
777 125 9 12 0.052204374 
633 159 8 10 0.052126363 
649 199 8 11 0.05203546 
424 220 8 11 0.051942408 
932 269 11 15 0.051835164 
720 230 11 14 0.051795222 
679 449 90 134 0.051794387 
992 238 8 10 0.05175658 
1016 206 7 11 0.05161794 
14 191 8 10 0.05149486 
632 167 9 10 0.051491857 
848 205 8 11 0.051205896 
881 181 9 12 0.05109288 
534 220 10 11 0.050995383 
112 221 9 12 0.05087977 
616 223 8 10 0.050743382 
788 237 12 17 0.050733626 
216 279 21 28 0.050235976 
694 174 8 9 0.050228283 
761 165 7 10 0.050216455 
983 232 9 10 0.049881995 
25 190 9 12 0.049789123 
609 208 8 10 0.04976251 
631 205 9 10 0.049722277 
837 230 11 14 0.0496278 
420 357 25 34 0.049537387 
879 168 8 9 0.049534023 
840 199 8 10 0.049506582 
999 181 10 14 0.04945693 
286 88 9 12 0.049425468 
718 165 8 10 0.049352095 
689 159 7 9 0.049272366 
423 101 10 12 0.04910957 
512 211 8 10 0.049100846 
212 250 11 13 0.04908849 
719 159 8 10 0.04908553 
598 232 9 12 0.04904643 
872 173 9 11 0.04892873 
991 209 7 9 0.04887609 
280 94 9 12 0.04885895 
100 267 15 19 0.0487888 
497 215 8 11 0.04872734 
165 215 10 12 0.0487183 
929 221 9 11 0.048662793 
293 95 9 11 0.04861446 
824 176 7 10 0.04859077 
35 205 11 14 0.04843955 
966 192 8 10 0.04829118 
206 261 12 16 0.048290618 
709 189 8 11 0.048227206 
305 112 7 9 0.048142638 
304 143 9 11 0.048141196 
926 230 9 11 0.048135336 
831 168 7 9 0.048055273 
990 214 8 10 0.047992054 
832 181 10 12 0.04789834 
615 245 10 12 0.04788692 
592 223 8 10 0.047870103 
968 244 10 12 0.047699254 
330 87 7 10 0.04762512 
104 315 27 40 0.047386747 
649 206 9 11 0.047233842 
693 197 8 11 0.047114022 
623 174 11 13 0.047072034 
135 238 21 25 0.046818435 
625 156 8 10 0.0467925 
368 128 8 11 0.04675467 
912 238 9 11 0.04657801 
1001 209 8 9 0.046567347 
35 212 10 13 0.046530686 
1015 168 7 9 0.04652062 
321 212 9 11 0.046505623 
481 191 7 10 0.04634535 
502 173 11 14 0.046292555 
640 152 8 10 0.046283558 
904 216 8 11 0.046221793 
798 160 8 10 0.04620477 
602 279 14 18 0.0462007 
654 199 8 11 0.04614605 
624 209 8 11 0.045974974 
548 237 10 14 0.04591648 
431 231 8 10 0.045908228 
477 246 9 12 0.045721754 
15 167 8 10 0.045698915 
318 188 10 13 0.045542162 
301 190 10 14 0.045490284 
330 102 8 10 0.045474984 
741 191 9 11 0.045452565 
524 235 11 13 0.045258433 
654 206 9 11 0.045243192 
907 273 14 19 0.045213114 
109 250 14 18 0.045151696 
663 260 10 13 0.045087595 
718 212 10 13 0.045085017 
888 195 10 13 0.045083717 
606 231 11 14 0.044863112 
637 321 24 31 0.04484868 
599 260 11 15 0.044840124 
587 252 11 17 0.04480063 
182 307 14 19 0.044604972 
271 201 12 15 0.04460228 
414 236 9 12 0.044508714 
670 230 19 24 0.044332504 
1007 247 9 11 0.044274177 
447 230 9 11 0.044148937 
431 237 11 13 0.044143375 
364 294 13 17 0.044141445 
276 235 12 16 0.044073906 
654 180 9 11 0.043960337 
430 183 8 11 0.04394709 
694 192 9 11 0.043934815 
809 158 8 10 0.043874722 
613 261 9 12 0.043873817 
888 283 12 17 0.04350629 
477 251 10 13 0.04341039 
953 291 13 18 0.043346405 
776 193 8 10 0.043303136 
719 136 8 10 0.043172922 
628 214 9 10 0.043152902 
431 244 11 13 0.042980455 
329 175 8 12 0.04295614 
319 100 8 10 0.04285992 
74 184 8 10 0.042702418 
856 222 11 14 0.042662904 
79 220 9 11 0.042627078 
288 99 9 12 0.04261073 
473 189 8 11 0.04259904 
955 284 11 16 0.042553924 
342 226 11 15 0.042504206 
192 173 10 12 0.042466097 
651 308 17 23 0.0424642 
473 219 9 11 0.042414032 
443 273 14 17 0.042405423 
559 268 12 14 0.042349048 
763 222 10 13 0.042247232 
543 216 9 10 0.04221291 
950 267 11 14 0.04211844 
608 213 8 10 0.04209444 
501 109 12 14 0.042045955 
363 283 12 16 0.042029615 
840 205 8 10 0.042025525 
640 230 9 11 0.041904133 
696 167 7 10 0.041874863 
453 258 14 18 0.04185645 
469 140 10 13 0.0418459 
954 198 8 9 0.041839324 
775 144 9 11 0.04177613 
265 205 9 13 0.041632194 
943 268 10 13 0.041607793 
872 168 8 10 0.041607592 
533 214 9 12 0.041558746 
576 173 8 10 0.04146936 
264 264 26 33 0.04146161 
533 204 9 12 0.04142292 
966 232 9 11 0.041413855 
862 165 9 12 0.041409526 
638 288 14 20 0.041290406 
632 141 8 10 0.04125369 
944 261 9 13 0.041137196 
95 187 10 13 0.041016605 
840 189 7 10 0.040935714 
342 292 12 17 0.040895667 
413 252 10 13 0.04086602 
407 254 10 13 0.040746823 
288 214 11 14 0.04072537 
65 210 10 11 0.04071675 
698 157 7 10 0.04066426 
509 251 12 16 0.040598337 
968 208 7 9 0.04054709 
42 190 9 12 0.040529415 
894 184 8 10 0.040486246 
239 161 7 10 0.04035433 
927 201 8 11 0.040176656 
871 199 9 11 0.040136196 
977 159 7 10 0.040123135 
310 189 11 13 0.04012069 
312 99 8 11 0.04000716 
711 176 8 11 0.039817218 
773 323 14 17 0.039770495 
743 182 8 11 0.039744068 
917 277 11 16 0.039743114 
752 192 8 10 0.039696038 
653 237 9 11 0.039576937 
671 275 11 15 0.03954162 
567 151 13 16 0.03953023 
825 166 7 10 0.039477456 
678 213 10 13 0.039476678 
990 275 14 17 0.03947176 
598 253 11 14 0.039458673 
673 182 8 11 0.039330646 
834 282 11 14 0.039313942 
511 327 38 50 0.039270695 
234 304 15 19 0.0392399 
767 243 11 14 0.039206 
124 213 9 11 0.039146084 
8 156 8 11 0.039121468 
733 229 12 15 0.039104495 
94 168 8 11 0.03903457 
559 245 11 13 0.039021585 
937 285 19 25 0.039007932 
56 215 9 12 0.03891178 
166 195 8 12 0.03888306 
918 223 9 11 0.0388787 
706 182 7 10 0.038835276 
992 175 8 11 0.03875178 
282 243 20 27 0.038713023 
615 208 9 11 0.038494736 
77 188 9 12 0.038432684 
276 167 11 14 0.038421884 
67 381 44 50 0.03839437 
671 255 11 13 0.038382336 
32 197 9 11 0.038372375 
672 176 7 8 0.038368903 
614 168 9 10 0.038317442 
614 228 9 12 0.03824436 
52 196 9 13 0.03822512 
422 401 79 101 0.038219217 
418 403 47 67 0.038133245 
976 174 8 10 0.03809415 
894 238 8 10 0.037947237 
608 165 9 11 0.03789217 
816 166 8 9 0.037839927 
455 232 9 12 0.037796218 
799 213 10 15 0.037736595 
1000 174 9 11 0.03773509 
38 198 10 13 0.037678115 
327 180 8 12 0.037599206 
623 226 10 12 0.037404556 
366 268 11 15 0.037368517 
341 218 13 17 0.03729439 
396 306 12 18 0.037281107 
132 223 10 12 0.037261967 
273 95 8 11 0.03723093 
560 237 11 13 0.037200727 
831 159 7 9 0.03719574 
418 214 8 11 0.037194356 
884 229 11 13 0.03713015 
125 244 16 20 0.037107024 
10 144 8 11 0.03710245 
509 173 9 13 0.03709585 
904 205 9 11 0.037036777 
417 315 27 38 0.037023082 
494 159 12 13 0.03701048 
591 236 10 13 0.037008315 
303 214 9 11 0.036984235 
608 191 9 11 0.036868423 
790 202 10 14 0.036828704 
357 274 15 17 0.036772776 
967 221 8 10 0.03675861 
879 215 9 12 0.0366744 
719 221 8 12 0.036625043 
954 191 7 10 0.036578868 
153 213 10 12 0.036558036 
614 196 8 10 0.03650499 
830 189 9 11 0.03648711 
926 273 14 17 0.036482826 
681 267 12 15 0.03645306 
712 159 8 10 0.03645185 
751 208 8 12 0.036448523 
81 330 41 51 0.036385972 
804 235 13 15 0.036224566 
766 180 9 11 0.036220744 
293 101 8 10 0.036161974 
910 192 10 12 0.036139358 
682 388 36 55 0.03605352 
928 191 8 9 0.03603844 
975 232 8 10 0.035957262 
941 204 20 24 0.035861425 
909 228 10 12 0.03577472 
959 180 9 11 0.03573734 
862 238 9 11 0.035709955 
437 237 9 12 0.035695683 
189 304 13 18 0.03567926 
8 174 10 12 0.035602663 
926 261 10 13 0.03557016 
206 223 10 12 0.035547826 
30 192 8 10 0.035542108 
861 229 9 12 0.03553685 
364 262 11 14 0.035468336 
936 206 7 10 0.03544834 
61 243 14 19 0.035384465 
485 213 9 11 0.035375778 
926 256 9 12 0.03527664 
408 231 9 11 0.035272103 
255 157 9 12 0.03521747 
520 213 9 11 0.03513767 
965 174 8 10 0.035077825 
736 183 8 11 0.035008952 
984 173 8 10 0.03496686 
574 207 8 10 0.03494792 
816 207 9 12 0.034937244 
957 252 20 25 0.0348634 
980 246 12 13 0.034629468 
138 206 8 10 0.034621723 
14 157 8 11 0.03459702 
222 239 10 12 0.03446224 
126 172 9 11 0.03437506 
903 183 9 11 0.0342901 
10 345 25 40 0.034134217 
87 261 20 25 0.034132227 
399 188 9 13 0.03411169 
903 189 10 12 0.034096457 
996 281 13 16 0.034073718 
827 242 17 22 0.034016497 
53 168 8 11 0.03393494 
605 266 12 14 0.03392019 
585 231 9 11 0.033912897 
735 150 8 10 0.033826545 
614 268 11 14 0.03379304 
173 213 11 14 0.033736724 
352 95 8 10 0.033685002 
529 330 41 49 0.033671677 
760 150 7 9 0.033646706 
621 152 8 10 0.033644944 
160 191 9 11 0.033636175 
799 149 9 11 0.03359832 
644 158 8 12 0.033491854 
613 238 10 12 0.033452325 
905 253 10 12 0.033391986 
465 198 8 11 0.03336643 
786 183 8 10 0.03332276 
977 210 7 9 0.033316396 
897 222 8 12 0.033287335 
144 168 8 10 0.033286337 
789 229 11 14 0.033273965 
629 267 10 14 0.03316189 
445 317 26 34 0.03309262 
372 270 11 14 0.033067573 
118 133 8 12 0.033024587 
588 141 10 13 0.0330215 
535 197 10 14 0.0329773 
495 191 8 10 0.032958306 
597 175 8 11 0.03293299 
471 314 17 26 0.032908455 
143 174 8 10 0.032897934 
565 213 9 11 0.03288601 
487 244 10 13 0.03284659 
993 168 8 9 0.032772355 
455 205 9 11 0.032765843 
155 265 16 19 0.03275991 
1017 214 8 10 0.032753505 
798 187 9 12 0.03274326 
971 259 12 16 0.032691848 
551 163 11 14 0.03268315 
294 161 8 11 0.032619286 
495 173 11 13 0.03257763 
48 220 9 13 0.032576352 
623 268 11 14 0.032564558 
353 101 8 10 0.03250841 
113 141 9 12 0.032500982 
958 276 11 16 0.032479625 
887 165 9 11 0.03244856 
539 494 62 71 0.032435283 
147 272 16 18 0.032373704 
983 190 9 11 0.03234099 
919 238 10 12 0.032306097 
374 134 9 11 0.032301445 
333 174 10 12 0.032276586 
675 242 12 15 0.032253064 
680 176 8 9 0.032154366 
681 167 8 9 0.032138728 
644 166 8 10 0.032124687 
981 269 13 16 0.032117534 
496 180 8 10 0.03211491 
207 251 12 15 0.032088686 
992 221 9 11 0.03208689 
819 269 20 27 0.03201507 
983 252 13 15 0.032005567 
29 269 30 35 0.03196334 
878 287 11 16 0.03193829 
679 276 12 17 0.031911854 
423 167 9 12 0.031898603 
359 117 9 11 0.031896237 
465 164 9 13 0.031891543 
961 207 8 10 0.03184996 
895 230 8 10 0.031815123 
760 182 7 9 0.031772163 
609 196 8 10 0.031677634 
822 205 9 12 0.03157613 
703 196 9 11 0.031569682 
857 189 10 13 0.03155376 
86 96 10 11 0.031527244 
934 327 39 56 0.031487703 
871 188 10 12 0.031471606 
256 238 11 14 0.031446718 
144 182 8 10 0.0314452 
990 248 11 13 0.03143935 
430 272 14 20 0.031428277 
223 175 8 10 0.031350613 
753 196 8 10 0.03134341 
301 198 10 12 0.031274755 
872 220 9 13 0.03126801 
293 228 11 13 0.03125455 
760 161 7 9 0.031217584 
520 207 9 12 0.031196868 
65 234 23 27 0.031184232 
676 274 23 32 0.03114683 
873 229 9 11 0.031131903 
999 247 9 12 0.031093266 
710 229 11 13 0.031084454 
269 149 20 26 0.0310785 
358 299 13 18 0.031071855 
126 209 8 10 0.031066328 
847 190 9 12 0.031064944 
845 182 9 11 0.03104655 
419 272 15 19 0.031021234 
263 172 11 13 0.030937843 
390 254 12 14 0.030793006 
360 133 7 11 0.030751755 
414 245 11 14 0.0306809 
79 207 9 11 0.0305644 
950 277 13 17 0.030531127 
810 282 15 19 0.030527133 
350 262 21 24 0.030462459 
782 158 8 10 0.030462354 
727 176 8 10 0.030438775 
992 231 10 11 0.03040973 
76 166 9 11 0.030404758 
728 158 7 9 0.03033507 
429 174 8 11 0.030237727 
736 165 8 11 0.030236559 
318 237 11 15 0.030233586 
304 117 8 11 0.030230064 
78 174 8 10 0.030216375 
593 199 7 9 0.030173022 
807 187 11 14 0.03010787 
713 166 8 9 0.030107254 
976 191 7 10 0.03008547 
486 236 11 13 0.030076971 
693 276 24 32 0.030069308 
249 158 9 11 0.030059978 
566 439 97 131 0.03001051 
549 180 9 12 0.029914126 
42 183 8 11 0.02991162 
420 95 10 13 0.029828839 
233 151 8 10 0.029822154 
10 213 10 12 0.02975714 
22 149 8 10 0.029755646 
1 158 7 11 0.029653259 
847 245 9 12 0.029652627 
798 206 9 13 0.029636454 
825 158 7 11 0.029635536 
450 196 9 13 0.02962537 
600 158 9 12 0.02956843 
320 181 10 13 0.029545052 
507 273 14 19 0.029535592 
673 188 9 11 0.029532826 
999 169 7 8 0.029495314 
305 220 11 14 0.029463794 
546 320 19 20 0.029430708 
461 231 10 12 0.029421482 
1015 158 8 10 0.029352203 
391 180 11 14 0.029310172 
309 88 9 12 0.029309103 
742 276 11 15 0.029268527 
1008 206 7 9 0.029161762 
558 157 11 13 0.02915959 
847 230 10 13 0.029150411 
711 236 11 14 0.029130904 
805 214 9 12 0.029127318 
287 159 9 12 0.02908572 
1005 180 8 13 0.02908144 
129 184 8 11 0.029058246 
485 110 12 15 0.029005298 
781 151 8 11 0.029005012 
703 229 10 14 0.028980153 
177 185 7 9 0.028975304 
64 228 10 12 0.028906168 
696 215 9 12 0.028866682 
815 243 10 14 0.028855456 
606 243 12 14 0.028821602 
805 219 10 13 0.02879352 
288 230 10 13 0.028788172 
654 275 11 14 0.028785756 
241 295 22 30 0.028772311 
398 181 8 12 0.028765986 
439 231 9 10 0.028746633 
74 159 9 10 0.028690483 
569 199 8 10 0.028644044 
699 322 17 21 0.0285233 
559 114 13 17 0.028477443 
895 204 9 11 0.028475098 
225 119 8 11 0.028472427 
86 228 9 12 0.028452024 
70 231 9 11 0.028440801 
653 175 10 12 0.02844061 
497 221 8 10 0.028389065 
609 142 8 12 0.028388673 
17 198 9 11 0.028371539 
880 196 8 11 0.028356308 
694 333 27 34 0.02831869 
13 227 13 16 0.028304642 
587 114 13 16 0.028303614 
599 197 8 10 0.0282551 
502 212 8 11 0.028247612 
79 230 9 12 0.028246969 
847 144 8 11 0.028244868 
335 150 7 9 0.028205978 
484 296 22 28 0.02818162 
311 148 8 10 0.028167488 
615 133 9 12 0.028152073 
575 197 8 11 0.028085265 
593 174 7 11 0.028063888 
587 286 25 32 0.02801592 
695 182 8 9 0.028013146 
124 261 24 29 0.028006768 
814 159 9 11 0.027988138 
614 275 12 16 0.027925724 
148 250 17 19 0.02790466 
517 146 11 14 0.027898066 
145 190 8 11 0.027894069 
22 227 10 13 0.027870223 
426 180 9 10 0.027868053 
103 230 8 10 0.027861454 
631 135 8 11 0.027848462 
103 251 12 15 0.027784394 
460 259 13 17 0.027780918 
848 167 9 11 0.027779609 
682 196 8 11 0.027715119 
285 235 10 14 0.027685996 
823 212 9 11 0.027682351 
564 276 11 15 0.027655205 
264 180 10 12 0.027650114 
119 235 11 13 0.027614327 
9 277 37 52 0.027588537 
54 320 24 34 0.02757986 
973 251 11 16 0.027576778 
302 244 12 16 0.027575044 
855 243 9 12 0.027565144 
808 166 8 10 0.027439116 
702 165 8 10 0.027379084 
761 174 8 11 0.027359996 
406 259 13 17 0.027340192 
238 151 7 9 0.027329357 
486 191 8 11 0.02728631 
558 0 13 13 0.027271213 
600 264 20 25 0.027214237 
464 173 8 11 0.027159838 
310 112 8 10 0.027150977 
627 288 16 22 0.027146127 
158 227 11 13 0.027116392 
752 181 8 10 0.027086275 
225 167 8 9 0.027076561 
795 302 14 23 0.0270529 
614 143 9 11 0.027028168 
728 191 11 12 0.02696211 
88 215 9 12 0.026928702 
486 292 14 17 0.026904935 
921 155 9 13 0.026894327 
872 238 9 11 0.02689159 
575 343 24 37 0.026890747 
305 227 13 17 0.0268614 
949 254 13 14 0.026848143 
831 229 12 14 0.026834967 
95 227 8 11 0.026816484 
288 149 9 12 0.026813617 
593 182 8 10 0.026805343 
484 222 10 11 0.026785433 
975 183 7 9 0.026770547 
749 267 13 17 0.02676101 
448 237 9 11 0.026745822 
704 176 8 9 0.02674461 
831 206 10 11 0.026731307 
79 196 9 12 0.02670811 
497 249 10 14 0.026701633 
69 243 23 31 0.02669537 
958 265 13 17 0.026693288 
297 258 13 16 0.026691852 
666 236 10 13 0.026679222 
693 251 10 13 0.026651783 
46 183 9 12 0.026636811 
288 187 11 15 0.026586171 
625 262 10 13 0.026585326 
1005 261 11 13 0.026582273 
335 195 10 13 0.026547942 
583 214 9 11 0.02652534 
582 243 20 25 0.026523814 
445 110 13 16 0.026520088 
386 310 40 56 0.026491562 
249 151 9 10 0.026377771 
654 270 11 13 0.026307186 
982 297 21 29 0.02628351 
204 282 24 30 0.026274972 
798 198 8 12 0.02626075 
336 214 11 12 0.026246596 
221 244 10 12 0.026234549 
1007 253 9 11 0.026217837 
65 171 9 12 0.026200442 
936 199 7 11 0.026192617 
397 174 9 13 0.02619236 
267 320 14 18 0.026138406 
443 360 15 22 0.026117682 
365 276 13 16 0.02611137 
8 76 9 12 0.026093902 
422 358 13 19 0.026079549 
991 159 7 9 0.02607852 
950 466 26 39 0.026012901 
238 230 10 12 0.026004259 
679 251 21 25 0.025986955 
597 181 9 11 0.025983017 
257 172 9 11 0.025956329 
582 190 7 10 0.025938025 
946 276 21 27 0.02585318 
625 134 8 12 0.02583546 
671 223 8 10 0.025810942 
625 167 9 11 0.02578708 
618 392 45 65 0.025771245 
464 191 8 10 0.02576239 
135 197 8 11 0.02575944 
838 216 8 10 0.025714213 
337 94 7 10 0.025709465 
718 141 8 11 0.025702978 
511 259 13 17 0.025684414 
583 222 9 10 0.025615526 
294 263 15 21 0.025615392 
398 295 42 55 0.025549075 
268 249 15 18 0.025539152 
470 166 9 11 0.025523392 
728 219 11 14 0.025480747 
879 249 10 13 0.025472697 
112 215 8 10 0.025433822 
488 182 8 11 0.025432065 
43 241 26 38 0.025412895 
831 197 9 11 0.025408715 
272 252 22 28 0.02539431 
0 165 7 11 0.0253714 
22 168 18 24 0.025364751 
496 240 17 23 0.025348553 
983 221 9 11 0.02531616 
531 281 17 20 0.025307389 
471 199 7 10 0.02525541 
561 230 9 12 0.025252264 
348 293 12 17 0.02524396 
409 132 9 12 0.02520799 
648 251 10 13 0.025177268 
240 236 9 12 0.025156507 
321 159 8 10 0.025155334 
38 77 8 11 0.025119536 
874 244 9 12 0.02509432 
824 236 10 13 0.025090544 
92 269 26 31 0.025053505 
813 276 14 18 0.025006227 
121 167 9 11 0.024962155 
73 196 8 11 0.024946852 
210 269 14 18 0.024937095 
514 223 8 11 0.024870506 
310 180 12 15 0.024856234 
356 290 22 28 0.024849745 
277 220 12 13 0.024822151 
165 191 8 11 0.024807284 
150 231 11 14 0.024786947 
117 259 13 17 0.024773138 
611 283 15 19 0.024766508 
742 267 12 17 0.024761673 
529 292 15 18 0.02473524 
887 177 8 10 0.024719201 
975 198 8 9 0.024699308 
955 332 16 21 0.02468868 
256 166 10 11 0.02468723 
318 143 7 9 0.024679992 
785 166 8 10 0.024655463 
575 183 9 12 0.024613235 
921 191 7 10 0.02460182 
1004 239 10 11 0.02456502 
869 180 11 14 0.024551746 
524 130 12 14 0.024529714 
335 180 8 11 0.024519198 
510 166 9 13 0.024504935 
549 230 10 12 0.024496518 
66 250 15 22 0.024458159 
925 235 9 13 0.024444938 
446 223 9 11 0.02439839 
597 267 13 16 0.024390895 
320 151 8 9 0.024387361 
440 214 9 11 0.024339322 
729 153 7 9 0.02432409 
931 483 62 68 0.024320932 
901 262 12 15 0.024278196 
839 158 9 10 0.02425547 
95 197 10 14 0.02424325 
741 235 11 13 0.02420972 
160 166 9 11 0.024192026 
558 164 9 12 0.02418686 
499 365 36 56 0.024184665 
636 245 10 13 0.024148894 
857 182 9 12 0.024129665 
894 246 10 12 0.02410928 
676 314 14 19 0.024093771 
582 148 10 13 0.024065305 
71 84 11 15 0.024035897 
718 243 10 15 0.0240002 
352 167 9 11 0.023997292 
735 158 8 11 0.023989707 
919 252 10 13 0.023917077 
374 188 10 12 0.023910293 
302 171 12 15 0.02390222 
984 198 8 9 0.02389267 
133 283 12 16 0.023852598 
638 173 9 12 0.023800947 
606 159 9 11 0.023793649 
836 262 11 13 0.023776164 
573 230 10 11 0.023755161 
285 161 19 25 0.023749432 
145 241 15 18 0.02374347 
220 294 24 30 0.0237212 
989 282 13 16 0.023711374 
941 277 12 16 0.023700723 
126 226 12 15 0.02368456 
807 149 9 12 0.023675472 
808 195 10 13 0.023627037 
132 228 11 12 0.023609364 
969 299 13 17 0.023607349 
774 235 18 25 0.023594104 
736 173 8 11 0.023549933 
285 337 26 32 0.023533717 
793 149 8 10 0.023482146 
407 149 8 12 0.023369323 
270 167 18 24 0.02333244 
354 173 9 11 0.02331669 
639 127 8 11 0.023312435 
508 261 21 26 0.023293344 
981 285 12 17 0.0232767 
270 220 12 14 0.02326333 
-1 197 7 14 0.023197679 
795 290 25 36 0.0231781 
855 165 11 13 0.023171218 
5 285 22 35 0.023158323 
487 229 11 13 0.023116931 
399 330 12 17 0.023048611 
639 204 8 10 0.023046162 
134 306 15 19 0.023045594 
189 229 10 11 0.02302722 
1006 230 8 10 0.022989292 
360 161 9 12 0.022985864 
559 207 8 11 0.0229807 
756 283 14 17 0.022962317 
466 329 16 25 0.022888992 
546 123 16 18 0.022876255 
357 204 13 18 0.02280128 
766 216 9 12 0.022799926 
919 173 9 12 0.022788813 
378 95 9 11 0.022788445 
769 149 7 10 0.022769803 
742 150 8 9 0.02273573 
1014 198 9 12 0.022672893 
349 211 11 15 0.022666633 
663 275 12 15 0.022659563 
702 284 22 30 0.022643315 
510 198 9 13 0.022623723 
33 85 9 12 0.022619944 
954 271 20 27 0.022614455 
479 114 10 14 0.022606319 
263 212 10 12 0.022601126 
586 206 8 11 0.022596689 
269 258 16 19 0.022543883 
437 361 25 34 0.022523409 
760 143 7 10 0.022487326 
8 166 9 10 0.022486486 
888 205 9 11 0.022484148 
656 306 27 35 0.022477025 
184 303 21 29 0.022476127 
847 149 8 11 0.02245194 
405 324 16 25 0.022451296 
391 173 13 16 0.022445593 
247 192 9 12 0.022429498 
209 352 33 54 0.022404347 
978 165 8 10 0.022399511 
591 160 8 10 0.022381056 
127 167 8 11 0.022366531 
232 172 8 10 0.02234935 
69 127 11 13 0.02233821 
232 142 8 12 0.022327762 
563 110 13 16 0.022323815 
598 222 9 11 0.022320602 
494 238 12 16 0.022298334 
753 151 7 8 0.022246065 
65 95 9 11 0.022188505 
84 238 9 12 0.022156654 
63 209 18 23 0.022107545 
466 212 9 11 0.02209505 
328 94 8 10 0.02209063 
598 243 11 15 0.022088498 
783 111 7 10 0.022069661 
631 275 11 17 0.022058833 
464 158 10 13 0.022046976 
90 171 8 11 0.022027703 
740 282 13 17 0.022017851 
741 227 12 15 0.021977175 
543 323 28 35 0.021971196 
329 235 21 25 0.021969689 
611 173 9 12 0.02195236 
892 254 13 15 0.021931311 
509 179 9 13 0.021923723 
544 205 9 12 0.021923304 
862 244 10 11 0.021921953 
582 158 10 11 0.021860072 
142 352 14 20 0.021841554 
449 204 9 12 0.021824228 
816 175 8 11 0.021814652 
527 199 11 13 0.021812461 
616 156 9 10 0.021805756 
275 264 14 18 0.02180188 
759 234 11 14 0.021790098 
905 228 9 12 0.021760633 
918 269 11 16 0.0217601 
222 124 8 12 0.021757817 
184 148 10 13 0.021750977 
769 135 7 9 0.021696554 
848 213 8 11 0.021691822 
55 205 9 10 0.021687632 
610 181 9 12 0.021667464 
120 157 11 13 0.021641426 
790 211 12 17 0.021590237 
694 243 11 15 0.021561986 
673 167 7 10 0.021545893 
361 87 8 10 0.021533739 
1014 172 8 11 0.02151527 
129 195 9 12 0.021515172 
134 183 8 10 0.02148633 
878 174 8 10 0.021478262 
159 148 9 11 0.021451008 
989 291 25 30 0.021441177 
905 247 10 12 0.02143696 
363 179 12 15 0.02142902 
373 294 11 15 0.021424271 
663 268 11 14 0.021410832 
100 182 10 13 0.021398004 
477 307 14 18 0.021391366 
312 159 8 10 0.021378651 
285 195 11 15 0.021378104 
289 144 9 11 0.021375928 
527 174 10 13 0.021372456 
503 124 10 14 0.021363115 
317 166 10 11 0.021354005 
1004 370 21 30 0.021343082 
468 259 12 17 0.021334909 
270 213 11 12 0.021313142 
260 235 16 18 0.021312151 
464 181 8 10 0.02130343 
9 180 10 12 0.021298686 
718 181 8 11 0.021293381 
349 220 10 15 0.021288522 
862 197 10 13 0.021282554 
122 278 16 20 0.021277336 
405 189 9 12 0.021273542 
510 155 11 14 0.021258568 
991 179 11 14 0.021250904 
735 283 13 19 0.021225572 
823 231 10 11 0.021217525 
402 257 22 28 0.021213906 
520 173 9 12 0.021211237 
725 259 11 16 0.02120601 
687 222 10 12 0.021190107 
247 220 10 12 0.021183852 
393 84 10 12 0.021168578 
934 262 10 13 0.02115458 
120 183 9 11 0.021154236 
125 158 11 12 0.021122234 
991 198 8 10 0.021121236 
693 338 12 17 0.021119382 
608 221 9 11 0.02111839 
934 239 10 12 0.021063037 
943 239 10 12 0.021054301 
915 307 17 19 0.021035878 
589 166 8 11 0.021031475 
884 280 19 27 0.020993512 
951 218 9 12 0.02098038 
365 187 12 14 0.02097782 
782 249 10 13 0.020952875 
309 171 12 15 0.020941596 
1016 253 9 12 0.020930015 
310 216 9 12 0.020901393 
72 77 13 16 0.020900184 
88 206 9 11 0.020884035 
216 175 8 11 0.020870592 
719 259 10 14 0.020868905 
772 172 10 12 0.020867307 
71 255 23 32 0.020848442 
256 142 9 11 0.02082034 
770 298 14 19 0.020817848 
792 173 8 10 0.02079215 
1016 222 7 10 0.020770388 
456 214 8 10 0.020765228 
63 183 8 10 0.020756071 
717 252 11 16 0.02072813 
479 238 10 13 0.020709405 
504 290 23 30 0.020706436 
642 216 9 11 0.020705426 
269 229 15 17 0.020701418 
920 227 10 14 0.02070059 
398 83 10 13 0.02068419 
397 252 12 14 0.020655151 
239 174 8 9 0.020650456 
247 237 10 12 0.020621007 
891 266 18 22 0.020618433 
637 377 47 68 0.020593183 
600 150 9 11 0.020579305 
284 205 10 13 0.020565066 
119 189 9 12 0.020552577 
719 175 9 11 0.020521868 
504 330 15 24 0.02051907 
31 159 9 11 0.020518547 
304 148 8 10 0.020460388 
440 183 8 10 0.02045155 
285 179 11 15 0.020421956 
312 137 8 10 0.020414375 
574 237 10 12 0.020332953 
663 181 10 11 0.020273883 
353 117 8 11 0.02027098 
597 207 9 11 0.020269334 
525 266 13 16 0.020263417 
405 329 43 52 0.020252293 
1014 260 10 13 0.020244846 
879 206 8 11 0.020233992 
532 75 14 17 0.02022706 
953 209 19 24 0.020220283 
230 229 11 13 0.02017323 
360 128 8 11 0.020151319 
910 214 9 10 0.020141367 
694 330 13 18 0.020115767 
223 181 7 9 0.020114949 
415 206 10 14 0.020101504 
780 269 12 16 0.020077964 
970 159 8 11 0.020066869 
452 247 20 26 0.02006452 
935 182 9 11 0.02004964 
