2_Demonstration_Protesters_2_826
271
893 239 61 76 0.99911124 
605 139 35 44 0.99592304 
627 72 30 43 0.9958748 
544 170 42 52 0.993497 
706 203 49 72 0.9932312 
580 75 24 31 0.98028004 
498 149 29 40 0.9465379 
57 90 26 34 0.89774585 
545 105 17 23 0.8424203 
518 68 14 17 0.8258433 
516 126 21 29 0.6819609 
211 82 16 19 0.6303544 
357 190 60 59 0.619133 
226 103 17 21 0.6023759 
564 57 17 21 0.5956385 
178 117 14 18 0.53872204 
549 63 13 18 0.5092036 
92 83 12 15 0.499901 
425 87 16 22 0.46300113 
256 68 10 12 0.38532275 
617 68 11 15 0.37866613 
687 68 13 17 0.3461412 
683 72 21 31 0.3441252 
142 101 11 15 0.27415514 
536 75 11 16 0.25873744 
385 82 14 18 0.22504802 
41 94 37 42 0.16405943 
98 84 12 15 0.15210614 
125 99 13 16 0.14427085 
883 79 15 18 0.14093755 
315 99 13 17 0.1404789 
200 107 12 17 0.12697835 
780 84 13 17 0.12206471 
504 135 36 49 0.12079198 
513 66 12 16 0.11821318 
132 99 14 18 0.11557872 
359 90 13 18 0.113322616 
368 85 23 28 0.11317289 
433 89 15 20 0.10003374 
734 60 11 14 0.0949794 
179 85 10 13 0.093339816 
535 109 20 25 0.0932567 
675 54 11 15 0.09287644 
254 75 13 17 0.09140819 
854 94 20 29 0.09056663 
544 67 12 16 0.08830652 
207 77 11 15 0.08801738 
868 61 14 17 0.0878308 
488 78 10 14 0.084663026 
532 71 19 24 0.08392124 
668 217 49 60 0.08220613 
552 59 19 25 0.079967715 
148 106 11 15 0.07897235 
405 89 10 15 0.07807764 
380 87 13 18 0.07615203 
470 433 16 21 0.075247146 
336 138 30 39 0.07181528 
859 89 16 21 0.07127109 
311 94 12 17 0.06961796 
63 20 12 17 0.067148976 
990 283 34 47 0.066167824 
546 32 8 10 0.06596346 
89 79 19 25 0.06316693 
413 104 11 17 0.0618807 
865 83 14 16 0.059820887 
199 76 10 13 0.05975995 
523 119 21 26 0.058135286 
619 70 27 33 0.05389813 
28 26 14 17 0.052805446 
455 60 9 12 0.052517824 
596 70 22 30 0.051588137 
412 63 10 12 0.0506921 
60 14 11 15 0.049308166 
157 79 9 11 0.048712015 
32 94 29 31 0.04820446 
522 63 13 16 0.047635827 
71 82 22 32 0.04647264 
591 151 29 38 0.046367433 
416 84 19 28 0.04633031 
505 66 10 13 0.045450073 
357 89 24 30 0.045364134 
485 71 9 12 0.045128837 
82 84 21 28 0.04500678 
453 138 25 32 0.043617167 
211 102 22 25 0.04336554 
737 269 53 62 0.043089725 
399 55 8 11 0.04151252 
280 39 9 12 0.041310947 
152 85 10 12 0.041239902 
560 53 14 17 0.04051043 
340 318 95 134 0.03984762 
175 111 12 16 0.03971665 
236 76 11 14 0.039660465 
439 133 27 34 0.039320827 
468 156 15 20 0.03915529 
56 53 10 13 0.03905503 
615 66 21 25 0.03904043 
683 88 22 32 0.03864657 
137 92 20 26 0.038287744 
174 131 11 15 0.038282976 
756 110 15 20 0.038127247 
442 93 12 16 0.037928917 
324 99 14 18 0.037750535 
602 83 14 20 0.037314434 
217 88 16 20 0.03696841 
138 131 15 18 0.03648975 
331 99 13 18 0.03648859 
196 106 21 27 0.03631557 
135 32 9 12 0.036311936 
186 105 22 27 0.03621845 
448 54 9 12 0.036189616 
286 40 8 10 0.036106963 
598 60 13 16 0.035368625 
444 144 27 37 0.035229802 
375 31 8 10 0.035159692 
625 30 9 13 0.03490695 
590 80 18 22 0.03482345 
733 23 14 18 0.034802113 
190 30 9 11 0.034454815 
250 74 22 28 0.034405205 
397 60 10 12 0.034135763 
556 72 13 19 0.033715207 
455 74 12 16 0.033429403 
391 172 50 66 0.033343233 
469 139 13 16 0.032989264 
491 83 11 15 0.032839853 
410 90 20 29 0.032671805 
709 223 64 77 0.032670308 
270 61 11 13 0.032661006 
664 507 112 169 0.03245456 
38 113 35 40 0.03214462 
90 86 23 32 0.032055233 
384 63 9 11 0.032019436 
366 71 10 12 0.031786896 
458 150 25 33 0.03154966 
392 62 9 12 0.031548932 
254 41 8 10 0.031487785 
828 417 33 39 0.031239638 
913 74 16 18 0.03113054 
526 55 11 13 0.031118749 
52 95 19 24 0.030843727 
27 105 16 19 0.030806262 
604 66 15 19 0.030396402 
55 60 10 12 0.030360097 
206 70 11 13 0.030103767 
565 49 12 15 0.02983311 
581 61 12 16 0.029755557 
78 55 8 11 0.029475471 
53 5 13 15 0.02944956 
659 83 14 20 0.029145917 
529 31 7 10 0.02873287 
308 124 22 27 0.028636279 
311 99 23 26 0.028583197 
452 125 15 18 0.028582709 
457 85 25 33 0.028542511 
381 84 26 34 0.028497646 
838 174 9 13 0.028495008 
45 17 14 18 0.028465353 
408 182 29 41 0.028449696 
463 54 9 12 0.028198926 
877 98 14 20 0.028167745 
167 46 9 12 0.027965998 
200 96 21 28 0.027890384 
398 84 12 16 0.027874809 
176 78 12 15 0.027857514 
674 55 19 25 0.027631458 
801 163 11 14 0.02757188 
-2 128 11 19 0.027506668 
480 63 10 13 0.027438402 
59 17 20 27 0.027396519 
408 67 11 14 0.027172977 
211 120 17 22 0.027145863 
512 122 14 20 0.027145635 
472 77 24 30 0.026656194 
156 83 11 14 0.026435906 
423 78 13 18 0.026306681 
717 72 43 60 0.026277274 
23 103 27 31 0.026152294 
577 161 30 40 0.026128935 
689 37 10 13 0.02605581 
476 76 13 16 0.02574854 
370 39 8 11 0.025608636 
486 97 14 23 0.025547462 
525 107 13 18 0.025451206 
49 14 21 27 0.025433702 
691 102 14 21 0.025381407 
352 63 8 10 0.0253438 
498 463 34 47 0.025239686 
406 97 13 21 0.025203692 
69 94 19 26 0.02509385 
260 62 11 14 0.024836762 
531 81 23 28 0.024708452 
726 604 14 17 0.024668546 
492 103 13 19 0.024612108 
578 82 14 19 0.024582356 
200 46 9 11 0.024579087 
231 83 12 16 0.024504809 
586 67 18 23 0.024500536 
680 66 13 19 0.024307873 
343 134 46 55 0.024280062 
464 48 8 10 0.024255695 
35 27 13 16 0.024152411 
153 79 9 12 0.024131514 
492 92 12 17 0.024059247 
351 86 12 16 0.024010716 
832 148 12 15 0.023997376 
369 44 9 11 0.023860203 
40 135 31 38 0.02385082 
187 179 44 55 0.023827638 
435 521 59 94 0.023778968 
874 64 14 17 0.023738105 
351 38 9 12 0.023701213 
173 21 10 13 0.023540776 
149 113 12 16 0.02351959 
199 82 11 16 0.023476537 
472 94 20 28 0.02338556 
528 23 7 10 0.023277702 
534 39 8 9 0.023180177 
141 186 15 18 0.023132794 
136 105 23 30 0.0231014 
47 2 12 15 0.022944842 
286 62 10 13 0.022939071 
310 104 13 18 0.02274843 
798 19 28 33 0.02272635 
549 37 9 13 0.022626448 
485 64 9 11 0.022593834 
390 67 11 14 0.022561707 
303 91 13 18 0.022548674 
327 62 9 11 0.022518259 
545 36 9 11 0.022517417 
479 153 27 36 0.022487754 
729 131 11 14 0.02228381 
436 121 15 18 0.02222364 
149 92 13 17 0.022206001 
883 97 14 19 0.022166051 
549 56 11 15 0.022101507 
325 38 9 12 0.021979995 
127 69 9 11 0.021953583 
476 139 11 15 0.021940792 
562 106 16 20 0.021893108 
418 186 16 24 0.021887498 
572 58 22 27 0.02188016 
517 118 15 20 0.02182362 
407 53 10 13 0.021769525 
634 68 16 22 0.021673104 
272 39 8 12 0.02162669 
23 19 15 19 0.021594493 
529 38 8 10 0.021592505 
442 121 24 29 0.021567274 
426 134 28 35 0.021487465 
250 67 10 13 0.02143817 
502 76 12 16 0.021282583 
280 75 12 17 0.021280643 
723 165 14 16 0.021209436 
419 104 13 19 0.021117337 
228 93 14 20 0.020993486 
788 422 11 13 0.020884007 
393 88 24 32 0.020838223 
253 64 19 24 0.020794787 
461 58 10 14 0.020761894 
509 108 11 16 0.02070328 
424 92 27 33 0.020623712 
193 76 11 14 0.020603808 
523 105 23 27 0.02048622 
717 241 85 99 0.020457143 
693 73 39 53 0.020427734 
279 68 10 14 0.020259937 
398 67 11 14 0.020224517 
589 61 14 17 0.020212358 
700 104 14 19 0.020062102 
294 62 10 14 0.020005925 
