2_Demonstration_Demonstrators_2_712
113
889 427 33 42 0.9956797 
768 484 32 44 0.9873427 
702 535 25 29 0.8982364 
651 535 38 51 0.83439255 
756 544 27 48 0.5479546 
864 432 16 19 0.23094036 
643 195 11 13 0.16832754 
110 572 23 29 0.15832053 
698 563 26 33 0.1478127 
97 236 412 507 0.14320551 
685 523 16 20 0.11983367 
41 97 12 16 0.10699161 
897 61 28 34 0.098399565 
166 475 177 267 0.09384382 
9 450 52 59 0.08981214 
667 545 45 52 0.08749311 
683 490 13 15 0.085545495 
996 378 26 39 0.08373671 
777 106 20 22 0.08162178 
286 603 12 15 0.07453366 
738 33 36 42 0.073775895 
473 174 354 471 0.06962008 
455 588 11 15 0.066164225 
498 575 17 21 0.06433503 
958 465 14 18 0.05853486 
688 528 22 30 0.05161145 
698 522 26 32 0.051159758 
351 325 12 15 0.049940977 
373 242 57 61 0.046680264 
470 543 26 38 0.04590741 
795 102 15 19 0.045486584 
979 355 45 80 0.04540686 
673 597 45 53 0.04521426 
-2 588 40 68 0.041355047 
679 535 24 33 0.040953852 
688 514 24 29 0.040838167 
865 428 25 30 0.040486615 
631 209 11 14 0.038745284 
371 602 16 19 0.03832546 
804 420 14 18 0.037940737 
107 572 36 47 0.03776306 
405 241 52 56 0.03693961 
606 260 10 13 0.035882577 
699 507 18 21 0.03585847 
732 10 52 56 0.035720494 
679 26 364 467 0.03537558 
164 575 119 143 0.034798168 
865 420 19 22 0.034239657 
716 446 14 17 0.032793637 
746 410 21 27 0.031666163 
135 534 10 13 0.03155521 
608 231 10 14 0.03149783 
140 534 10 14 0.030283937 
817 380 10 12 0.02995434 
124 568 30 39 0.029732548 
555 272 14 18 0.029506657 
495 421 9 12 0.029334165 
390 369 21 32 0.028986914 
267 334 12 15 0.028940693 
264 587 25 28 0.028890526 
180 640 17 19 0.028848942 
552 215 11 13 0.028549923 
784 99 24 28 0.028287705 
869 402 15 16 0.027992822 
771 88 30 38 0.027928533 
685 544 14 19 0.027857985 
870 350 12 15 0.027831623 
752 442 14 17 0.026994545 
341 370 13 15 0.026879802 
37 89 21 28 0.026506526 
359 600 28 32 0.026401864 
736 465 15 18 0.026344225 
772 423 14 18 0.026153976 
742 553 35 48 0.025396021 
322 200 54 57 0.025343342 
325 370 11 13 0.025271162 
366 539 9 11 0.024965541 
705 513 17 19 0.024950424 
716 505 13 18 0.024361342 
622 195 10 12 0.024241595 
354 637 27 33 0.024180744 
18 544 53 75 0.023770962 
777 592 25 36 0.02364081 
873 426 15 19 0.023629127 
603 196 12 15 0.023493716 
935 352 99 134 0.023234662 
692 75 57 68 0.023166992 
310 219 55 57 0.022997674 
694 507 14 18 0.0227795 
161 226 257 328 0.02273003 
6 479 89 116 0.02260232 
746 436 22 28 0.022597514 
933 498 40 55 0.022589723 
499 279 202 267 0.02212317 
644 183 11 15 0.022013368 
575 190 9 12 0.021744657 
118 541 11 15 0.021686388 
313 241 56 62 0.021649323 
349 609 27 30 0.02164276 
333 364 26 30 0.021538414 
678 486 22 24 0.021534886 
350 191 35 43 0.021489479 
768 426 13 17 0.021175792 
681 531 42 52 0.02115383 
725 514 13 18 0.020947013 
318 570 11 14 0.020859893 
732 27 13 17 0.020844402 
855 435 23 26 0.020802885 
1 453 32 44 0.020583373 
732 452 23 32 0.020564176 
906 77 17 20 0.020447053 
551 262 23 31 0.020119296 
762 80 50 58 0.020083304 
