2_Demonstration_Demonstration_Or_Protest_2_816
158
138 281 55 67 0.99841666 
215 258 50 67 0.99689925 
814 81 36 48 0.9958236 
792 227 38 46 0.9956944 
347 266 49 64 0.9954508 
678 203 44 52 0.99452186 
94 66 38 46 0.99430203 
861 174 40 49 0.99307656 
14 171 40 48 0.99156827 
721 1 41 52 0.9902081 
318 211 40 46 0.9882619 
575 121 39 48 0.9881335 
448 63 32 49 0.9871221 
302 149 40 51 0.9834751 
108 -1 37 27 0.9797784 
302 0 45 39 0.9793505 
496 158 40 50 0.97830474 
355 394 50 64 0.97774625 
684 67 34 44 0.96558625 
459 222 46 55 0.9500107 
640 24 34 36 0.939004 
184 202 39 50 0.9058542 
778 285 46 54 0.8815062 
601 228 46 54 0.74964625 
490 0 26 29 0.7492378 
160 0 32 27 0.6032863 
352 6 33 35 0.5938423 
390 1 23 25 0.49516022 
434 198 28 43 0.47199726 
631 178 32 44 0.38882175 
504 104 29 38 0.37699854 
888 4 24 34 0.3528567 
312 495 73 88 0.32601365 
305 188 50 60 0.31996092 
639 144 36 41 0.303457 
201 154 21 24 0.28780043 
632 158 43 52 0.20623645 
186 496 54 70 0.20548561 
455 273 27 38 0.14552784 
95 494 56 66 0.107662804 
99 537 58 72 0.1044357 
165 495 45 69 0.10353794 
174 0 21 20 0.099486016 
-3 20 37 60 0.095382534 
975 144 30 38 0.091563165 
127 500 52 68 0.07370197 
651 237 32 39 0.06943962 
840 7 31 35 0.06781362 
838 12 43 53 0.06737454 
667 268 41 55 0.065608576 
253 3 36 39 0.06474028 
369 -1 39 43 0.06190543 
615 119 25 35 0.059809398 
896 3 16 20 0.05793456 
277 177 27 36 0.0574894 
693 407 97 114 0.05573882 
-3 -4 30 37 0.055478323 
829 309 43 55 0.054350626 
972 101 47 60 0.05398423 
726 113 42 53 0.053285506 
192 156 28 34 0.052614246 
209 506 60 74 0.051095586 
640 168 18 22 0.047885373 
397 0 42 43 0.04537653 
664 365 48 64 0.04533075 
79 475 56 67 0.044953093 
985 0 39 35 0.04479854 
539 299 37 42 0.044736683 
157 0 20 21 0.04199478 
951 153 51 59 0.04111824 
459 255 42 55 0.0410457 
617 238 44 58 0.039627023 
640 176 19 26 0.039510433 
975 431 46 78 0.038970854 
551 333 62 57 0.038875766 
335 241 49 59 0.038039595 
647 25 44 51 0.037905492 
862 48 47 57 0.03738268 
988 86 33 43 0.036544275 
432 3 18 20 0.036189266 
785 244 49 58 0.036086284 
908 427 91 138 0.03544477 
695 406 57 71 0.034637794 
668 74 35 39 0.03431092 
366 4 20 20 0.034182608 
133 486 75 106 0.033609062 
964 466 54 89 0.03346596 
415 434 47 65 0.033425987 
871 378 94 126 0.03333758 
622 286 33 42 0.033108953 
171 113 27 34 0.032904822 
49 -2 35 34 0.03280158 
275 159 25 34 0.031908188 
540 1 38 38 0.030903356 
86 454 90 104 0.030833079 
447 446 51 61 0.030267831 
477 10 40 49 0.030205654 
190 25 25 33 0.03013038 
845 326 49 59 0.029081564 
262 226 40 50 0.02856274 
563 275 43 57 0.028427972 
416 6 30 33 0.027558036 
677 40 30 39 0.02743776 
230 515 61 78 0.027249526 
754 432 66 74 0.027002862 
869 75 41 53 0.026950754 
883 109 27 30 0.026869573 
810 288 44 57 0.026432108 
108 547 85 121 0.026365886 
646 432 120 144 0.026003543 
322 76 31 39 0.025957385 
96 571 62 85 0.025711475 
422 206 43 60 0.025688604 
871 374 58 70 0.025118945 
185 36 26 35 0.02509884 
932 465 92 133 0.025075655 
157 500 33 50 0.025005562 
615 206 49 63 0.024956834 
147 64 38 49 0.024796372 
851 -1 45 46 0.024740856 
442 194 18 24 0.024442911 
588 244 42 58 0.024278492 
549 300 52 54 0.024044197 
871 0 35 34 0.023818115 
65 462 51 67 0.0233691 
80 81 12 16 0.023345625 
378 404 33 50 0.023169665 
994 141 24 37 0.023051148 
1 9 32 43 0.02295698 
13 561 102 132 0.022951275 
3 32 15 21 0.022943754 
646 246 40 55 0.022675598 
56 525 82 107 0.02263955 
233 246 48 62 0.022611009 
263 488 86 111 0.022489324 
841 293 45 53 0.02243984 
650 267 40 59 0.022377577 
277 163 14 20 0.02236952 
772 67 41 50 0.022225946 
1004 85 22 36 0.022127876 
834 25 28 36 0.022031978 
133 69 29 39 0.022028033 
643 344 44 68 0.021984473 
846 -1 32 30 0.02181411 
585 420 47 66 0.021405933 
427 185 30 43 0.021322034 
682 368 57 72 0.021253597 
86 516 54 72 0.021220243 
798 70 38 50 0.021126661 
443 73 22 32 0.02105499 
935 148 83 93 0.021033758 
464 61 31 43 0.021030765 
213 2 42 48 0.020920187 
431 13 28 35 0.020832319 
198 13 37 49 0.02073966 
169 1 43 46 0.020713689 
919 37 14 17 0.020534242 
447 206 19 30 0.020322977 
