2_Demonstration_Political_Rally_2_659
71
34 244 98 117 0.99972254 
498 200 125 128 0.9985159 
730 238 50 58 0.9975079 
195 276 29 44 0.9963587 
959 241 60 83 0.9948996 
163 289 26 31 0.989906 
-2 324 31 42 0.9872929 
231 281 25 44 0.97634774 
367 272 20 27 0.9366713 
407 280 14 18 0.5729915 
459 267 43 51 0.36822096 
207 274 35 50 0.15922418 
816 262 63 69 0.15368576 
861 248 40 63 0.15118904 
1 290 25 31 0.1018093 
139 290 23 32 0.08337081 
980 314 43 75 0.08293176 
261 246 26 30 0.07137481 
256 251 13 18 0.05729951 
438 277 10 12 0.055609055 
876 243 35 53 0.05407934 
910 259 55 74 0.053408872 
893 212 28 42 0.052904453 
766 217 33 45 0.052336622 
478 246 55 64 0.051773317 
752 233 50 69 0.049700793 
838 235 75 106 0.045228668 
405 270 13 16 0.045191966 
186 287 28 39 0.044408157 
885 186 13 19 0.041917887 
783 247 54 73 0.039150562 
736 205 10 12 0.03792881 
240 258 42 51 0.03776383 
389 228 12 15 0.03699179 
172 283 27 32 0.03696466 
399 276 14 19 0.036760304 
436 283 13 17 0.03540498 
194 304 32 41 0.034647852 
264 256 29 36 0.03260507 
448 268 11 16 0.03202602 
405 260 13 15 0.03127558 
495 230 28 33 0.030918144 
450 261 27 35 0.030506045 
251 249 26 31 0.029551772 
592 490 195 243 0.028858688 
718 246 13 19 0.027988851 
147 285 15 20 0.027762545 
-1 655 22 53 0.027596118 
97 642 147 134 0.026978502 
880 219 36 57 0.026948048 
356 434 14 16 0.02676979 
232 294 34 50 0.026068328 
499 218 77 79 0.025638644 
416 229 10 13 0.025171967 
227 341 32 44 0.024878612 
419 270 13 15 0.024542896 
411 269 14 16 0.023351911 
902 196 12 16 0.023230335 
277 243 27 32 0.022870928 
740 186 11 14 0.022837108 
343 280 21 27 0.022768361 
846 261 39 45 0.022538519 
342 274 13 17 0.02212786 
516 362 341 439 0.021981915 
892 225 15 22 0.021965643 
886 249 53 72 0.02164158 
364 221 11 14 0.021600332 
383 228 12 16 0.021472799 
155 628 135 124 0.0212555 
397 484 208 244 0.021142904 
909 196 10 15 0.020372998 
