2_Demonstration_Political_Rally_2_726
18
116 93 121 165 0.99980205 
519 443 136 171 0.999408 
32 80 22 42 0.391188 
58 92 45 58 0.10395962 
666 279 201 231 0.07948525 
63 74 34 43 0.06998271 
36 85 44 58 0.060872927 
944 119 41 54 0.055881776 
1005 65 17 26 0.042365525 
1001 106 25 34 0.04088061 
1007 59 13 18 0.039449774 
64 113 106 146 0.038479403 
709 390 128 142 0.03278491 
624 273 32 37 0.030708434 
19 90 27 38 0.024314867 
46 104 62 87 0.022143396 
736 431 73 89 0.02208987 
37 68 32 46 0.020370143 
