2_Demonstration_Protesters_2_493
803
771 130 32 41 0.9987092 
556 131 31 43 0.9986249 
720 132 35 45 0.99814236 
848 141 30 41 0.99615604 
924 159 34 48 0.9948271 
387 149 35 44 0.9947078 
91 111 24 32 0.9922964 
279 113 27 34 0.99228364 
456 131 37 47 0.9915604 
649 175 42 52 0.9904046 
868 93 24 31 0.9862555 
375 97 24 30 0.9837446 
828 73 26 34 0.9793305 
257 98 21 26 0.97069734 
523 117 24 31 0.969301 
709 110 26 29 0.9656952 
305 157 36 45 0.96400815 
160 80 22 26 0.9632793 
218 65 17 20 0.958193 
-9 419 91 174 0.954429 
267 73 21 27 0.9492636 
480 59 21 26 0.94451714 
637 105 22 29 0.9434678 
201 80 20 26 0.9418168 
315 84 20 26 0.93293154 
408 110 24 31 0.9313508 
924 47 17 22 0.9240174 
606 84 22 29 0.9235021 
345 116 26 34 0.92324287 
66 61 21 28 0.92073596 
30 68 22 28 0.9196029 
878 211 39 49 0.9092661 
432 70 20 26 0.9073461 
17 98 22 29 0.902035 
341 89 21 25 0.90018445 
387 73 18 21 0.89814377 
950 51 16 19 0.87740934 
185 57 17 21 0.87553996 
736 91 23 26 0.85886586 
801 19 15 18 0.85752755 
664 63 18 22 0.85620975 
292 67 21 26 0.8297017 
937 131 32 39 0.82063705 
652 92 23 29 0.8106333 
77 89 21 25 0.7949515 
830 183 34 47 0.77403444 
961 69 20 26 0.7641309 
843 46 18 22 0.7486121 
912 72 25 34 0.7413676 
816 122 24 28 0.73083097 
134 104 21 28 0.72501224 
522 89 18 22 0.7234833 
541 76 21 24 0.7109655 
701 6 13 16 0.6997057 
984 149 41 59 0.6911417 
637 51 16 20 0.6859142 
884 50 21 27 0.63338417 
131 85 21 28 0.6223271 
654 19 10 14 0.6201157 
761 45 16 19 0.61620665 
210 115 20 27 0.59179586 
74 44 15 18 0.55844223 
521 65 16 20 0.5465231 
333 42 11 15 0.53624314 
612 55 16 21 0.533689 
644 98 24 30 0.5332197 
158 47 13 17 0.5317325 
552 14 12 15 0.5297068 
227 84 22 28 0.5248838 
782 85 21 29 0.5049645 
322 58 14 18 0.50285304 
549 106 25 28 0.49758005 
581 57 22 27 0.46974105 
234 44 14 17 0.46457294 
549 37 11 14 0.4611019 
617 20 10 13 0.43233153 
487 91 21 27 0.41500846 
755 195 25 30 0.40640822 
195 120 15 22 0.40198475 
421 141 24 33 0.3924659 
471 36 11 14 0.39046282 
567 51 13 16 0.38253087 
712 84 22 27 0.37230307 
786 58 15 19 0.36877865 
486 248 35 51 0.3650107 
704 51 13 16 0.35902113 
810 47 18 21 0.33867976 
746 47 15 20 0.33822277 
139 48 13 17 0.3381824 
420 32 15 19 0.33682382 
581 123 23 33 0.33435512 
-1 89 13 23 0.32337922 
370 51 13 17 0.3215324 
823 2 22 26 0.3187031 
181 30 11 13 0.31656867 
306 47 14 19 0.3102482 
425 50 14 19 0.29061964 
752 6 10 13 0.28168598 
316 30 11 13 0.27368706 
259 50 13 16 0.27140236 
565 30 12 15 0.2712737 
120 333 147 148 0.2608743 
621 68 14 18 0.2545121 
495 18 15 19 0.24686605 
1010 118 14 24 0.24569087 
440 29 12 16 0.24525511 
719 81 17 21 0.23845157 
618 53 13 17 0.23262468 
379 33 12 15 0.23034091 
630 2 11 14 0.2299372 
400 26 11 14 0.22843182 
457 57 15 19 0.21898343 
14 61 14 16 0.21817367 
882 60 18 24 0.20962204 
427 31 12 16 0.20217238 
903 122 23 35 0.19100118 
246 84 15 19 0.18747497 
129 66 15 19 0.18483262 
172 36 12 15 0.18367861 
360 36 10 13 0.18326066 
898 24 17 21 0.18316971 
0 48 11 17 0.1830604 
667 50 13 16 0.18163468 
390 49 14 18 0.17587046 
462 0 9 11 0.17053984 
599 1 11 14 0.16893777 
158 351 187 206 0.16757713 
718 54 13 16 0.16754797 
497 9 15 18 0.16701394 
34 52 13 15 0.16478069 
1 132 26 34 0.16304386 
501 54 14 17 0.1629089 
753 27 14 17 0.16197963 
35 344 152 220 0.16020782 
255 47 12 15 0.16014344 
692 31 10 15 0.1579772 
148 31 10 12 0.15760759 
528 80 21 27 0.15664189 
604 1 10 11 0.15597977 
317 52 15 18 0.15182757 
325 22 10 13 0.15172175 
369 20 10 13 0.14869556 
187 84 14 18 0.14645061 
704 81 21 27 0.14278653 
498 97 22 27 0.14253484 
654 27 13 16 0.13710669 
1000 88 22 29 0.13665423 
545 50 15 19 0.13295583 
250 59 14 17 0.13288772 
257 12 11 13 0.13272744 
656 0 9 10 0.13097161 
233 39 10 13 0.12818493 
468 114 30 39 0.12769182 
839 76 20 24 0.12727533 
405 100 23 29 0.12723728 
133 11 10 13 0.123820744 
566 80 14 18 0.12033908 
368 46 12 14 0.12011432 
708 47 13 15 0.117125206 
221 14 9 11 0.11675741 
95 58 11 15 0.11645337 
616 27 11 13 0.1163882 
572 36 12 14 0.11532107 
206 72 21 26 0.114989825 
643 47 14 18 0.113287866 
608 21 10 12 0.11237269 
162 44 12 16 0.11212084 
612 45 11 13 0.10929639 
217 436 129 157 0.109140694 
355 107 27 32 0.10909813 
625 0 11 12 0.108025454 
144 35 10 13 0.10779673 
871 13 10 14 0.107242204 
331 86 22 27 0.106889635 
352 23 10 12 0.106645115 
415 14 10 13 0.104282446 
785 75 16 21 0.10381821 
522 129 25 37 0.10367974 
583 107 21 27 0.10231951 
199 117 24 29 0.10198544 
487 38 11 14 0.10086117 
363 81 16 19 0.1005589 
835 9 15 19 0.09942482 
661 0 10 10 0.09926171 
404 24 11 13 0.09911259 
110 61 14 16 0.09896693 
518 38 12 16 0.098809496 
78 19 10 13 0.09843155 
38 15 8 11 0.0970914 
585 53 15 19 0.09606395 
716 6 11 13 0.0960456 
565 6 10 12 0.095074 
277 39 11 13 0.09324043 
418 217 44 61 0.09194559 
319 23 11 14 0.09140469 
696 78 21 26 0.09130489 
311 282 89 100 0.09055854 
600 30 9 12 0.08930611 
348 44 12 14 0.088119976 
188 6 9 12 0.088018976 
733 -1 10 9 0.087656096 
365 29 11 14 0.08758775 
698 352 104 141 0.08731177 
366 155 23 31 0.08668904 
558 6 12 15 0.085840754 
620 17 10 12 0.08571257 
444 22 11 17 0.08542817 
133 0 11 11 0.08419928 
637 0 11 12 0.084132135 
701 0 11 12 0.083759815 
705 92 22 26 0.08375837 
272 21 9 12 0.08317923 
66 101 22 32 0.08239633 
132 4 12 15 0.082281165 
933 144 38 51 0.082097165 
841 193 35 50 0.081526004 
621 46 11 14 0.08112126 
180 189 25 33 0.08102624 
747 84 23 30 0.080314286 
572 58 14 18 0.08005803 
247 0 9 10 0.07958682 
767 -1 9 9 0.078985624 
216 194 45 63 0.07830415 
313 35 11 13 0.07824492 
216 191 26 35 0.07744542 
997 91 16 20 0.077080734 
239 30 10 11 0.07454931 
472 12 12 14 0.074486285 
529 67 14 18 0.07275781 
245 20 9 12 0.072435044 
208 37 9 12 0.0724138 
508 75 15 21 0.0721377 
587 45 12 14 0.07212803 
856 203 43 51 0.07184945 
372 13 11 14 0.07126366 
598 36 11 14 0.07082698 
350 37 13 15 0.0707604 
109 45 11 14 0.070707746 
213 30 9 11 0.07067916 
384 52 21 26 0.070204586 
585 71 15 19 0.06992482 
256 29 9 11 0.06934545 
70 50 15 17 0.0690425 
358 29 12 15 0.0690196 
780 6 12 14 0.06898385 
449 90 23 31 0.06895488 
169 30 10 12 0.06886673 
896 20 14 16 0.06861364 
220 180 30 35 0.06821448 
285 46 12 15 0.06729868 
7 61 12 15 0.06691397 
208 29 9 13 0.06575259 
617 112 16 20 0.06551691 
17 39 9 12 0.065197125 
507 52 13 17 0.064989984 
920 130 29 35 0.064802125 
686 0 10 10 0.06468598 
843 15 12 16 0.06448768 
606 27 10 13 0.06437382 
598 90 23 28 0.06400016 
661 53 20 23 0.06397016 
17 21 9 11 0.06385598 
841 154 36 50 0.06372138 
106 73 17 21 0.06324786 
151 48 14 18 0.0629092 
438 77 28 34 0.062647484 
339 42 13 16 0.062489185 
351 159 28 33 0.06214889 
109 64 19 24 0.06187432 
421 42 15 20 0.06176064 
222 20 9 11 0.061746933 
232 31 9 11 0.06149246 
627 73 12 16 0.061293732 
199 21 10 14 0.061138466 
925 75 24 32 0.061001066 
863 31 12 16 0.060972903 
531 60 14 17 0.060905878 
664 91 16 20 0.06072769 
456 81 16 19 0.06071251 
494 56 19 24 0.060379446 
34 61 14 17 0.060350537 
583 96 21 25 0.060280316 
124 38 11 14 0.06027049 
534 35 11 14 0.060165346 
20 44 11 13 0.059706822 
813 72 27 34 0.05920887 
717 36 12 16 0.05889395 
659 21 10 13 0.05871096 
845 38 13 17 0.05856636 
717 44 11 14 0.05849569 
605 37 12 15 0.05843692 
157 20 11 13 0.058280353 
911 13 12 16 0.057604033 
-3 162 46 78 0.05750757 
711 35 12 15 0.057263047 
395 20 10 14 0.057118718 
662 4 10 12 0.056341402 
286 1 9 10 0.055774756 
614 38 9 12 0.05565955 
532 72 20 24 0.055482585 
935 64 23 32 0.05546744 
357 1 10 10 0.05543757 
181 83 14 18 0.055202007 
966 93 20 27 0.05475671 
549 6 12 16 0.054506484 
55 82 12 18 0.054315526 
176 15 9 11 0.054198153 
901 14 14 17 0.054167606 
507 0 13 12 0.054146472 
414 41 14 17 0.053955924 
826 115 17 21 0.053861026 
304 148 25 34 0.053503502 
477 7 11 13 0.053368293 
245 38 10 13 0.053342596 
638 21 9 12 0.05295904 
983 0 43 62 0.052658852 
33 47 11 14 0.052401036 
582 40 11 13 0.05176586 
95 29 11 14 0.05176164 
231 4 10 12 0.051100027 
816 102 28 36 0.05109212 
403 143 31 41 0.05103052 
570 29 12 15 0.050813712 
566 65 13 17 0.05074047 
446 0 10 12 0.050566774 
672 20 11 13 0.050471038 
317 46 13 16 0.050216377 
310 0 10 11 0.04992065 
18 54 14 17 0.049781095 
246 29 9 12 0.049757067 
533 521 70 66 0.049553897 
295 29 10 12 0.049481034 
212 36 9 12 0.049402732 
727 274 59 73 0.04934488 
135 21 9 12 0.049203012 
472 102 28 35 0.049152277 
360 75 14 18 0.04891628 
546 121 31 41 0.04889282 
117 43 13 16 0.048819277 
277 24 9 11 0.048705243 
757 36 15 18 0.048411775 
179 116 24 29 0.04805628 
302 64 21 26 0.047618892 
243 94 23 29 0.04761124 
482 76 25 35 0.04757562 
328 1 10 10 0.04749168 
750 47 23 28 0.047335025 
497 92 15 21 0.04702262 
907 17 14 18 0.046998657 
261 30 10 11 0.046581525 
176 26 18 23 0.04650852 
343 4 11 14 0.046508364 
244 43 12 16 0.046505887 
789 74 22 30 0.046414778 
522 153 26 33 0.046396475 
948 68 21 29 0.046357505 
130 73 16 20 0.046322487 
375 3 12 15 0.046210848 
614 0 11 10 0.04609869 
125 43 13 16 0.04605342 
670 13 10 13 0.046026625 
560 28 12 16 0.04597737 
894 32 21 27 0.04580669 
792 49 20 24 0.045550156 
581 -1 10 9 0.045281533 
692 41 13 16 0.045193553 
173 55 13 16 0.045124706 
535 112 25 33 0.044696886 
774 -1 10 10 0.04467131 
705 52 19 24 0.044625632 
648 0 10 10 0.0445294 
45 31 11 14 0.044452928 
542 1 12 16 0.044423934 
645 48 20 25 0.04440712 
280 0 10 10 0.044317026 
182 11 9 13 0.044217184 
468 56 20 26 0.044122364 
433 174 25 32 0.043997064 
325 42 19 24 0.043914363 
216 22 9 12 0.04384503 
646 4 11 14 0.04375853 
775 4 11 14 0.043738227 
533 54 14 16 0.043683153 
151 22 11 14 0.043574736 
555 47 19 25 0.043481164 
255 39 10 13 0.04345786 
415 242 30 45 0.043098744 
687 4 11 13 0.042946164 
790 175 23 31 0.04291372 
947 1 13 13 0.042824674 
266 51 13 16 0.04279986 
137 396 67 81 0.042771876 
726 4 15 19 0.04257781 
236 376 180 190 0.042556066 
543 39 19 24 0.04241756 
706 75 13 17 0.042274695 
373 31 20 25 0.04224572 
447 62 13 15 0.042239342 
54 15 8 11 0.042162206 
60 109 22 31 0.042095006 
187 30 11 14 0.042036347 
701 104 23 28 0.041985296 
898 59 26 34 0.041973345 
307 122 14 20 0.041959688 
557 34 12 16 0.04188017 
926 118 29 35 0.041819748 
941 1 15 17 0.04147461 
510 65 18 25 0.04138561 
256 20 10 13 0.04128717 
753 73 21 29 0.041221093 
519 98 25 33 0.04117709 
516 84 18 21 0.041160922 
414 29 12 17 0.04111165 
388 100 26 32 0.041078754 
379 5 13 15 0.041061286 
468 227 44 67 0.04058158 
843 28 13 16 0.040507387 
80 66 14 19 0.040440228 
148 66 15 18 0.040337373 
260 38 11 13 0.04033305 
267 121 25 32 0.040320855 
1005 99 19 33 0.040231258 
71 40 13 15 0.040211875 
213 355 119 125 0.039998647 
571 44 13 14 0.039876584 
110 0 9 9 0.03984018 
221 53 14 16 0.03979539 
772 77 24 29 0.039686408 
678 22 9 12 0.039675377 
726 84 25 27 0.03955117 
175 6 9 11 0.039474122 
550 5 20 25 0.03946339 
18 63 22 26 0.039364424 
102 82 15 18 0.039359022 
180 108 16 19 0.039261423 
700 70 14 17 0.03880645 
205 7 9 11 0.038695656 
304 -1 10 11 0.038612388 
811 26 13 17 0.038579296 
272 29 10 13 0.03841323 
717 65 15 18 0.03835638 
460 94 24 28 0.038342554 
759 0 11 12 0.038303263 
942 57 14 19 0.03828528 
759 139 30 37 0.03825832 
581 92 14 17 0.038227893 
303 174 30 39 0.03809903 
649 13 12 16 0.037994392 
392 81 24 31 0.037982177 
686 23 11 14 0.03796383 
216 125 18 22 0.037891403 
115 51 13 16 0.037707023 
278 29 11 13 0.037692405 
591 39 11 14 0.037679866 
676 53 12 15 0.037611265 
989 135 30 38 0.037522282 
104 36 12 14 0.03745748 
261 19 11 13 0.037443265 
298 301 62 79 0.03739911 
905 117 18 23 0.037312035 
435 50 13 16 0.037305184 
182 24 10 13 0.037265714 
99 53 14 17 0.037074666 
342 387 95 129 0.03684136 
137 92 23 31 0.03682102 
30 0 10 9 0.036704272 
863 4 12 15 0.03628973 
496 0 25 23 0.03626021 
101 27 11 15 0.03616614 
155 14 13 14 0.036094103 
38 19 9 12 0.03559715 
637 11 11 14 0.035565056 
517 47 14 19 0.03553021 
137 64 20 24 0.0354989 
503 57 19 25 0.03532342 
49 13 9 11 0.03521636 
82 99 25 33 0.035206575 
803 79 24 32 0.035074417 
328 38 12 15 0.034927767 
838 25 13 18 0.034828626 
455 421 56 71 0.034599625 
554 75 14 18 0.03453729 
708 68 13 17 0.03452656 
205 52 12 15 0.034510262 
526 19 11 14 0.03444701 
943 35 14 17 0.034437798 
818 83 29 36 0.03442507 
55 19 9 13 0.03429502 
201 0 9 10 0.034203306 
524 149 16 22 0.034151945 
452 68 22 26 0.03400753 
398 33 12 14 0.033988122 
421 329 114 133 0.033813998 
294 50 13 15 0.03380003 
438 45 12 15 0.03358047 
593 61 14 17 0.033568587 
291 186 28 38 0.03355946 
157 40 12 15 0.03355629 
484 265 17 28 0.03333117 
546 116 21 26 0.03324606 
223 6 11 13 0.033152767 
73 16 9 12 0.0330542 
676 59 13 19 0.03297124 
168 -1 10 10 0.032911573 
151 12 11 13 0.032858845 
973 346 51 102 0.032836102 
236 5 10 12 0.03267246 
573 21 11 13 0.032599926 
867 7 12 15 0.032554794 
443 105 22 30 0.032504447 
324 15 11 14 0.032438874 
565 22 12 14 0.03233893 
363 60 20 25 0.032300245 
653 57 21 25 0.032282803 
143 23 10 13 0.03227195 
896 49 16 21 0.032261137 
5 61 21 25 0.032252707 
246 50 13 17 0.032207448 
789 42 15 17 0.032053955 
998 20 14 18 0.03201703 
910 506 67 77 0.03190333 
592 28 10 13 0.031774335 
239 36 20 26 0.03172657 
524 37 12 14 0.03164433 
136 28 9 12 0.031601455 
1011 16 12 19 0.031583812 
409 91 15 18 0.031553615 
591 4 12 14 0.03155195 
379 41 21 26 0.031526346 
661 13 12 14 0.031520247 
62 38 10 14 0.031504676 
632 50 14 18 0.03149879 
411 216 31 43 0.03149554 
283 194 28 40 0.031483952 
329 57 14 19 0.031449042 
142 13 9 12 0.031434875 
461 28 13 16 0.031389438 
269 16 9 12 0.031312164 
521 44 13 16 0.031308524 
711 1 10 11 0.031232689 
280 4 10 12 0.031078018 
592 119 17 22 0.03094701 
63 29 9 11 0.030896807 
680 35 12 15 0.03087681 
405 85 14 18 0.030806905 
686 59 13 17 0.030767929 
687 79 21 28 0.030715147 
206 44 11 13 0.030666457 
345 23 9 12 0.030663965 
87 90 18 19 0.03062686 
590 22 11 14 0.030581124 
766 1 12 16 0.030456394 
461 65 25 29 0.03044518 
532 133 28 38 0.030401435 
440 223 49 74 0.030340858 
416 48 13 18 0.030287132 
205 22 10 14 0.03016294 
387 397 92 116 0.03015142 
313 23 10 13 0.030141933 
943 268 91 132 0.030124152 
677 44 12 16 0.02996412 
357 32 18 23 0.02994463 
543 30 13 16 0.02991671 
614 16 17 22 0.029840345 
621 144 23 32 0.02979738 
104 -1 9 10 0.029782018 
103 21 11 15 0.029756326 
830 25 14 19 0.029755706 
344 28 10 12 0.029578526 
436 62 13 15 0.029502856 
497 2 12 12 0.029356016 
286 27 9 13 0.029193442 
478 261 56 68 0.029125538 
875 13 12 17 0.029120097 
24 0 10 9 0.029101279 
548 80 24 29 0.02905903 
787 62 22 28 0.029042166 
364 88 23 28 0.028979836 
61 21 9 12 0.028823148 
301 350 117 124 0.028802844 
485 6 11 13 0.028691182 
110 22 10 13 0.02854025 
771 90 23 28 0.028503533 
796 42 14 17 0.028470522 
609 219 26 40 0.028435914 
251 78 13 16 0.028374892 
165 23 9 11 0.02836126 
750 60 23 30 0.028357912 
290 129 36 46 0.028222993 
568 67 20 27 0.028192127 
580 80 17 20 0.028183596 
681 -2 10 11 0.028121982 
227 74 13 16 0.02805892 
627 90 15 19 0.028051917 
361 25 19 23 0.027999194 
934 19 11 14 0.027919158 
62 69 16 22 0.027861105 
224 29 9 11 0.027787922 
216 80 22 28 0.027782004 
271 43 12 16 0.027736193 
143 84 21 28 0.027723236 
523 50 15 18 0.027691979 
486 11 12 14 0.027652705 
717 298 109 131 0.027588723 
253 154 24 36 0.027552044 
690 374 69 94 0.027535638 
392 28 10 14 0.027476246 
1004 76 16 19 0.027449798 
818 55 17 20 0.027437804 
807 35 22 27 0.027419424 
216 167 27 38 0.027394682 
788 90 27 34 0.027371448 
289 22 9 12 0.02718909 
486 101 26 32 0.027008703 
332 23 10 12 0.027002042 
350 13 11 13 0.026989147 
599 23 10 13 0.026977481 
576 -1 10 10 0.026921446 
456 106 30 38 0.02688678 
718 0 10 10 0.026880655 
906 58 17 21 0.026837952 
4 10 9 14 0.02682596 
3 122 14 19 0.026820853 
1005 11 15 20 0.02679911 
904 345 106 142 0.026663184 
95 -1 9 10 0.026588263 
273 0 9 10 0.026562583 
685 26 18 23 0.026501711 
304 147 15 21 0.026454082 
1006 4 12 15 0.026442533 
504 255 36 48 0.026422808 
693 67 14 16 0.026326999 
87 37 10 13 0.02632016 
518 12 12 16 0.026249541 
127 31 10 12 0.026195824 
783 64 15 20 0.026143128 
296 36 11 14 0.02611986 
687 65 14 18 0.026103884 
190 10 10 13 0.026006414 
854 2 14 17 0.025817476 
945 125 18 22 0.025734734 
465 37 20 23 0.02572033 
646 91 18 22 0.025710031 
152 0 10 9 0.02568365 
704 28 11 14 0.02564204 
580 5 13 16 0.025509857 
462 22 10 13 0.025451684 
312 26 19 22 0.025425894 
173 292 54 73 0.02539403 
544 139 29 37 0.025352865 
143 27 19 22 0.025344715 
631 57 12 16 0.02532719 
668 -1 11 10 0.025324978 
406 13 12 14 0.025231667 
22 15 9 11 0.025188433 
917 55 18 21 0.025167495 
799 1 13 16 0.025157679 
860 147 30 38 0.02515142 
629 100 23 30 0.025146956 
108 38 11 15 0.025066257 
989 84 14 21 0.025017604 
38 8 10 13 0.025008742 
140 33 18 24 0.02491501 
633 21 9 12 0.024882982 
483 33 20 23 0.024871524 
444 44 12 16 0.02481859 
901 4 13 15 0.024765698 
30 51 20 24 0.02476474 
346 294 64 69 0.024685206 
81 44 12 16 0.024645068 
692 59 14 17 0.02461856 
255 52 20 24 0.024612006 
86 61 13 16 0.024600938 
467 105 19 22 0.024520269 
195 190 14 18 0.0245197 
902 80 26 30 0.02444122 
176 185 45 54 0.024436705 
923 67 15 21 0.024408592 
975 89 22 30 0.024378054 
653 86 16 20 0.02435685 
557 0 10 10 0.024333313 
391 12 10 14 0.024298076 
417 102 27 34 0.024260039 
477 42 14 16 0.0242589 
621 37 11 14 0.024249434 
695 51 13 15 0.024248924 
703 140 26 37 0.024174739 
79 48 18 23 0.024131514 
308 52 20 25 0.02410273 
748 34 16 19 0.024101723 
593 -1 10 11 0.024008203 
510 44 14 17 0.024005825 
453 21 13 16 0.02394257 
679 27 12 15 0.023910677 
637 185 32 42 0.023893923 
341 120 18 25 0.023767767 
557 44 12 17 0.023753544 
406 34 12 15 0.023745317 
343 10 11 13 0.023686372 
199 14 10 13 0.023621894 
846 4 12 15 0.023580078 
624 124 22 30 0.023536325 
380 0 11 12 0.023421636 
629 46 13 16 0.023388486 
688 93 22 27 0.023374755 
442 68 15 20 0.023363126 
804 -1 12 12 0.023281828 
557 69 14 17 0.02327491 
805 116 25 32 0.02326093 
23 30 9 12 0.023249034 
722 37 13 16 0.023218032 
507 89 20 26 0.0232121 
709 22 12 14 0.023179902 
376 4 20 26 0.023139955 
154 54 15 19 0.022875883 
402 76 13 18 0.022874743 
235 252 102 104 0.022828642 
667 5 12 14 0.022786168 
906 42 14 17 0.022706596 
214 44 11 13 0.022696901 
190 2 10 10 0.02268977 
817 3 15 18 0.022646228 
805 55 18 20 0.022584783 
199 195 29 34 0.022538476 
71 112 25 31 0.02249694 
477 54 16 19 0.022477707 
237 319 111 120 0.022393497 
515 159 25 33 0.022371663 
151 5 11 13 0.02230858 
382 68 17 21 0.022292988 
287 14 8 11 0.022230012 
206 0 9 10 0.02220596 
173 0 10 11 0.022139998 
276 164 14 19 0.022088792 
992 123 26 31 0.022058284 
194 55 14 17 0.022050599 
742 105 25 31 0.02205013 
394 54 15 19 0.022025507 
293 23 10 12 0.021954034 
821 28 14 17 0.021849735 
574 4 12 14 0.02184166 
31 5 9 12 0.02182019 
631 29 10 13 0.021808304 
356 15 11 13 0.021768125 
301 39 12 14 0.021763293 
280 50 12 15 0.02173 
975 -1 13 11 0.021659128 
512 36 13 16 0.021611722 
-1 120 22 34 0.021605594 
757 80 24 31 0.021584004 
354 83 20 24 0.021583298 
755 9 12 15 0.021559708 
52 70 19 27 0.021539679 
238 206 31 46 0.021539304 
516 32 12 15 0.021518216 
443 292 108 125 0.021494413 
798 96 27 34 0.021483734 
240 15 10 12 0.021467369 
367 105 25 35 0.021398215 
837 152 27 34 0.021342048 
636 74 13 16 0.021298323 
489 30 13 15 0.021253344 
602 108 24 31 0.021217095 
103 14 10 12 0.02120041 
735 26 11 16 0.021193272 
886 19 13 17 0.021191575 
574 11 12 15 0.021168036 
431 139 16 21 0.021167332 
404 0 12 11 0.021115642 
877 -1 11 11 0.021111935 
942 44 20 25 0.021059217 
475 16 13 16 0.02105002 
607 124 24 31 0.021010956 
218 0 9 9 0.021002395 
932 66 15 22 0.02092692 
212 111 15 18 0.020905795 
59 79 14 20 0.02085752 
158 -1 10 9 0.02083613 
487 23 22 25 0.020835198 
369 3 10 14 0.020758836 
632 10 11 14 0.020708289 
200 35 11 13 0.02069834 
215 201 15 25 0.020697905 
78 25 11 13 0.020654008 
745 196 44 52 0.020541225 
343 39 20 24 0.02053327 
743 5 12 16 0.020515876 
898 260 96 102 0.020507203 
659 36 12 14 0.02048719 
650 15 18 22 0.020486636 
192 21 10 13 0.020468965 
253 0 9 9 0.020417202 
395 18 18 21 0.020409973 
187 201 87 102 0.020400573 
420 20 10 12 0.020362707 
333 104 15 22 0.020361423 
652 44 13 16 0.020339554 
331 108 24 32 0.02027051 
140 6 12 13 0.020252751 
334 0 11 11 0.020249477 
162 211 45 55 0.020224407 
667 91 24 31 0.020138355 
231 23 9 11 0.020011757 
