2_Demonstration_Protesters_2_460
128
482 238 33 41 0.99929667 
806 178 34 48 0.99770665 
787 68 30 38 0.9973634 
33 65 27 34 0.9969085 
883 204 28 36 0.99470997 
838 65 31 40 0.9933028 
75 88 25 34 0.98915255 
483 97 36 43 0.97980493 
637 56 42 51 0.9760502 
162 81 19 23 0.97306955 
133 74 16 19 0.9698836 
272 233 41 52 0.9641404 
433 71 22 27 0.9173463 
706 64 22 30 0.90129125 
955 96 21 33 0.89662427 
282 75 13 17 0.8649453 
749 92 12 14 0.48310205 
996 90 13 17 0.371659 
151 194 17 20 0.32737684 
1011 194 12 18 0.2134039 
950 104 17 23 0.20568939 
431 58 37 45 0.1248331 
-1 73 12 21 0.11961615 
206 130 14 19 0.10706341 
962 91 16 25 0.095207535 
988 114 16 21 0.09109277 
245 190 11 14 0.084687084 
694 66 24 29 0.079848535 
236 142 10 14 0.07850743 
902 67 12 16 0.076289356 
255 143 9 12 0.07241766 
221 225 15 18 0.06426953 
956 85 38 50 0.063934974 
1012 63 11 18 0.06373468 
161 147 13 17 0.06320132 
211 127 11 14 0.06257272 
3 68 14 18 0.061606526 
223 119 9 12 0.057957023 
183 74 14 17 0.055370156 
241 116 8 12 0.051432468 
989 91 21 29 0.05142052 
213 172 11 13 0.047445953 
199 191 14 17 0.047327477 
95 96 17 21 0.04605427 
976 74 11 14 0.045756426 
680 60 21 32 0.04519873 
280 61 10 13 0.044129245 
984 101 23 30 0.041166816 
246 116 9 11 0.040933046 
70 137 26 33 0.040522598 
935 199 23 30 0.040193383 
230 118 9 12 0.03901499 
199 101 14 18 0.038543884 
105 114 17 20 0.037739687 
548 376 35 34 0.037460055 
231 145 12 16 0.0371843 
323 52 11 14 0.037030127 
268 67 11 14 0.03695439 
1003 210 14 20 0.03575458 
470 101 26 31 0.034788094 
239 135 9 12 0.0342619 
143 190 17 22 0.032911386 
10 67 15 18 0.032565355 
246 182 12 15 0.032183517 
208 171 11 13 0.031318292 
311 60 12 14 0.031131834 
151 79 22 27 0.031024719 
206 182 11 13 0.030832378 
924 274 16 19 0.030213322 
673 6 38 45 0.030100532 
996 121 13 17 0.02933991 
252 187 11 14 0.029221378 
-3 88 11 20 0.028333157 
897 61 23 28 0.028109074 
319 103 8 10 0.027814394 
253 181 12 14 0.027726822 
452 261 22 26 0.027687632 
955 83 17 23 0.026993237 
293 191 9 13 0.026773853 
565 249 12 17 0.026733605 
1011 53 13 20 0.026725665 
65 90 24 29 0.02659515 
745 84 20 24 0.026291898 
522 248 19 22 0.026289573 
327 174 10 14 0.026018843 
247 147 11 14 0.025882985 
230 177 12 16 0.025870515 
917 67 13 16 0.025559453 
263 146 10 13 0.025351303 
154 144 21 29 0.025007894 
997 216 13 17 0.024942277 
712 70 27 31 0.024658289 
214 180 11 13 0.024606563 
318 109 8 11 0.02455531 
171 78 13 17 0.024454426 
979 218 15 19 0.023931414 
139 188 38 46 0.023829568 
943 110 16 19 0.02354295 
327 205 9 11 0.023259554 
230 98 10 15 0.023232248 
447 74 17 22 0.023016902 
655 53 34 45 0.022804497 
269 172 11 15 0.022663483 
1004 124 12 17 0.022454929 
1 142 35 50 0.022181368 
255 118 8 11 0.022003893 
941 77 29 37 0.02185248 
272 84 10 12 0.021728411 
909 76 12 14 0.021633295 
444 77 26 36 0.02147359 
970 91 14 20 0.021339959 
509 244 25 30 0.021110937 
350 227 11 13 0.020890024 
926 176 24 31 0.020871436 
4 69 22 26 0.020806069 
965 77 13 16 0.020767836 
532 158 38 44 0.020617055 
128 69 15 18 0.020562317 
233 110 9 12 0.020415012 
972 68 21 28 0.020342626 
262 198 10 12 0.020326598 
404 78 13 16 0.020307483 
451 56 16 20 0.020292366 
224 156 11 14 0.020246703 
277 162 12 17 0.02017397 
219 223 24 31 0.020163046 
109 173 14 18 0.020115789 
328 214 8 11 0.020011421 
