2_Demonstration_Political_Rally_2_800
26
354 206 161 209 0.99818194 
345 245 400 481 0.7639635 
472 38 238 212 0.1959938 
824 59 196 332 0.15007599 
236 125 113 139 0.12460781 
496 91 124 142 0.10048478 
289 133 81 116 0.056025445 
19 -1 52 45 0.048141696 
91 31 244 271 0.04589034 
805 1 385 510 0.04272648 
843 248 194 325 0.04214253 
-34 34 208 256 0.039968733 
388 126 202 207 0.03838452 
371 145 64 75 0.034694847 
330 -124 396 450 0.030315382 
359 236 231 292 0.028549733 
504 119 72 91 0.027400928 
294 154 172 225 0.026754769 
906 231 127 209 0.025181778 
-122 57 444 429 0.02516011 
9 -14 218 219 0.022546405 
198 166 398 469 0.02198856 
493 155 93 146 0.021363195 
339 148 59 77 0.020516707 
973 241 55 124 0.020127438 
0 -3 32 37 0.020025102 
