2_Demonstration_Demonstrators_2_307
1931
110 254 13 15 0.89307016 
117 179 14 17 0.88102084 
552 27 12 16 0.8321253 
649 117 11 14 0.82943445 
1007 346 14 20 0.79867786 
178 156 13 16 0.79092395 
243 66 11 15 0.7775538 
586 91 11 15 0.7657592 
32 156 14 17 0.764849 
854 15 10 13 0.7384995 
202 451 13 16 0.7275883 
548 55 21 28 0.7212728 
920 236 13 17 0.7130396 
384 6 10 13 0.6681874 
257 94 12 14 0.6656876 
577 17 14 18 0.6548474 
796 5 10 13 0.63332635 
907 216 11 15 0.624335 
196 86 12 15 0.57152736 
752 166 11 15 0.5690123 
724 21 9 12 0.5638416 
495 40 13 16 0.5504656 
240 31 10 13 0.5504549 
436 70 9 12 0.54426837 
682 94 10 14 0.54147774 
799 213 10 13 0.53880167 
871 267 12 16 0.53351706 
523 69 13 16 0.52876806 
49 127 9 12 0.52834076 
355 123 11 14 0.5238146 
824 301 11 15 0.5135951 
741 59 11 15 0.49966076 
682 35 10 13 0.49833974 
891 162 12 15 0.49738 
794 188 10 14 0.49555948 
983 85 11 15 0.49148554 
617 102 12 14 0.48482898 
720 173 13 16 0.47948733 
700 77 10 13 0.46429887 
261 22 9 12 0.4640265 
238 200 12 17 0.4600631 
618 168 10 13 0.44308785 
997 243 11 13 0.4358933 
402 71 10 12 0.42729315 
89 117 10 13 0.42511296 
54 196 11 14 0.42216396 
248 166 12 14 0.42011198 
153 19 10 13 0.41089073 
173 233 11 16 0.41027513 
191 383 10 13 0.40690383 
572 130 10 13 0.40156832 
690 59 11 15 0.4008485 
388 394 15 18 0.3955128 
467 83 9 13 0.39201412 
707 10 11 14 0.38930726 
846 322 12 15 0.38572136 
606 146 10 13 0.38553318 
676 118 11 14 0.38397607 
109 299 16 21 0.38125697 
343 46 10 12 0.37840813 
471 21 12 15 0.37584224 
390 595 13 17 0.3747218 
429 105 10 12 0.37208232 
927 197 10 13 0.37062517 
733 131 13 17 0.36734217 
352 7 11 14 0.36045852 
357 5 11 14 0.3580322 
744 116 10 13 0.35765427 
549 536 22 28 0.35029784 
969 316 11 13 0.3409311 
619 30 10 12 0.34029332 
296 189 10 13 0.3401728 
827 78 13 16 0.33957562 
880 231 8 12 0.33364052 
190 4 10 12 0.3219798 
933 107 14 17 0.3211955 
839 453 13 16 0.32114828 
187 53 12 14 0.31657305 
913 258 12 16 0.3129238 
739 193 12 15 0.3018618 
942 177 13 17 0.29602936 
447 3 13 15 0.29408208 
883 476 15 18 0.29162598 
486 587 16 19 0.28972697 
194 592 15 19 0.2874191 
845 51 11 14 0.27988723 
848 6 10 13 0.27367032 
845 212 9 11 0.2725524 
144 79 8 11 0.2706446 
328 155 11 15 0.2704946 
534 503 10 13 0.26430088 
831 239 10 12 0.26282188 
630 540 12 16 0.2609681 
363 5 10 13 0.2585879 
190 13 9 13 0.25705594 
347 38 10 13 0.24629462 
650 0 9 11 0.24593759 
942 156 11 13 0.24475175 
135 5 8 10 0.2445554 
829 489 24 29 0.24419709 
77 431 11 15 0.24405846 
380 94 9 11 0.2398629 
903 135 12 16 0.2395902 
847 76 10 13 0.2380622 
713 140 11 15 0.23724835 
951 218 11 15 0.23625574 
860 302 13 16 0.23595706 
449 149 10 13 0.23471756 
820 212 12 15 0.23095192 
527 34 10 14 0.23024099 
933 92 14 17 0.22998957 
689 56 9 12 0.2276247 
427 333 17 19 0.22660851 
849 10 11 15 0.22561844 
30 101 12 15 0.21919763 
487 539 13 17 0.21648364 
860 524 16 20 0.21634534 
221 12 11 14 0.2140218 
849 273 13 16 0.21159492 
113 30 8 12 0.21126704 
67 22 8 11 0.21090665 
879 208 12 16 0.2104002 
503 5 10 12 0.21019883 
591 589 13 16 0.20655139 
30 107 11 16 0.2051214 
144 410 13 18 0.20432092 
317 138 10 14 0.20237283 
267 150 13 15 0.20172058 
933 52 11 15 0.19998515 
960 470 11 14 0.19681036 
629 18 10 13 0.19423987 
206 21 9 11 0.19071722 
524 411 14 18 0.1861915 
148 357 12 15 0.18207085 
37 36 11 14 0.18125388 
669 11 9 12 0.18094486 
738 13 10 13 0.17955478 
990 375 9 11 0.1762617 
479 107 10 14 0.17436074 
880 462 14 16 0.17160577 
485 42 10 14 0.16955271 
607 59 11 15 0.1690923 
823 203 13 16 0.16676538 
973 389 9 11 0.16522734 
191 19 9 12 0.16514689 
741 21 9 11 0.16409028 
727 54 9 12 0.1637616 
32 96 10 12 0.1624972 
557 532 13 17 0.16151948 
818 219 10 13 0.16125505 
542 134 9 11 0.16001268 
764 563 15 19 0.15988086 
875 45 11 14 0.15923868 
408 170 13 17 0.1590816 
532 3 11 13 0.1568506 
703 526 23 31 0.15571935 
796 37 11 14 0.15558073 
927 368 14 17 0.15488969 
427 5 12 15 0.15346724 
645 86 11 14 0.15324341 
206 37 14 17 0.15221089 
1013 78 9 13 0.15181921 
111 134 11 14 0.15175244 
911 305 13 17 0.15121104 
847 356 11 14 0.15002617 
149 86 9 12 0.14950614 
913 478 10 14 0.14943686 
853 62 11 13 0.14916824 
94 80 10 12 0.1490221 
35 538 14 16 0.14815374 
948 258 14 17 0.14708725 
958 233 12 16 0.14682472 
889 13 10 14 0.14608061 
295 133 12 16 0.14547199 
157 53 9 12 0.14538851 
95 108 10 11 0.1450497 
149 34 10 13 0.14371502 
368 78 10 12 0.1431941 
119 283 12 15 0.1427471 
888 444 12 15 0.1421931 
630 61 22 27 0.1418711 
395 194 11 15 0.14109567 
102 39 8 11 0.14069676 
102 103 9 12 0.13977873 
375 87 8 11 0.13957064 
472 15 10 13 0.13852476 
117 92 10 13 0.13756175 
394 86 8 12 0.13735582 
151 29 10 12 0.13578871 
710 54 10 13 0.1357532 
712 134 10 13 0.13574822 
350 146 12 15 0.13562693 
891 6 10 12 0.13430549 
1008 473 14 17 0.13423133 
373 45 9 11 0.13385907 
125 48 8 10 0.1328314 
269 122 11 15 0.13256626 
669 68 10 13 0.13190247 
822 97 13 18 0.13122444 
687 21 8 11 0.13059387 
941 149 11 15 0.13040131 
519 44 10 15 0.12905854 
411 117 13 15 0.12841861 
758 12 9 12 0.12836836 
145 83 9 12 0.12796722 
770 162 13 15 0.12774721 
792 22 9 12 0.12749761 
613 517 14 17 0.12652552 
672 47 8 11 0.12634763 
470 352 18 20 0.12627877 
480 128 8 10 0.12562536 
616 36 12 14 0.12477546 
231 315 10 13 0.124504335 
747 45 12 15 0.123784326 
432 524 12 15 0.12342683 
926 -1 9 10 0.12342517 
841 457 16 20 0.12262936 
599 77 12 16 0.12193251 
692 597 14 19 0.12076805 
300 32 10 12 0.1206741 
982 -1 14 14 0.12001223 
773 474 10 13 0.11974295 
423 49 11 15 0.11928633 
453 573 11 16 0.11867584 
775 1 9 10 0.11859414 
279 20 9 12 0.11846188 
144 100 11 14 0.118389994 
124 186 11 15 0.11822071 
218 4 11 14 0.11798151 
257 15 10 13 0.117865115 
858 19 10 12 0.11697954 
815 514 13 19 0.11582245 
915 447 15 21 0.115353815 
191 126 13 18 0.115105726 
848 60 11 14 0.11502679 
74 84 8 12 0.11454778 
827 92 12 15 0.114122435 
79 94 9 11 0.11334916 
213 30 10 12 0.11306185 
684 86 12 16 0.11295478 
623 12 10 14 0.11222859 
852 85 10 13 0.11222761 
834 473 16 20 0.11221874 
222 19 11 14 0.11166769 
461 587 12 17 0.11165102 
195 579 16 19 0.11102707 
485 321 12 17 0.11079672 
188 474 16 21 0.110681295 
978 453 12 17 0.10983566 
934 493 13 16 0.109799 
259 467 15 20 0.10953363 
735 54 11 14 0.1093967 
556 523 14 17 0.109100446 
244 115 13 17 0.10841773 
715 145 13 16 0.10835969 
964 195 14 17 0.10768624 
340 70 11 13 0.10766619 
718 166 12 16 0.106890045 
791 219 11 14 0.10672077 
985 196 11 14 0.10575409 
959 27 12 14 0.105544984 
573 596 10 14 0.105293676 
942 261 12 15 0.10523123 
700 580 14 17 0.10520183 
728 141 10 14 0.10451649 
539 385 16 23 0.10419987 
981 21 10 13 0.10388593 
295 193 15 19 0.10376536 
449 144 9 11 0.10335707 
894 41 13 16 0.10305092 
613 43 10 13 0.10234255 
413 111 10 11 0.10155272 
188 552 18 21 0.10090527 
751 0 9 9 0.099818416 
959 491 11 16 0.0997167 
733 586 12 16 0.099353954 
887 19 13 16 0.09892227 
397 86 10 13 0.09889439 
173 55 9 11 0.0988915 
358 61 8 11 0.098820604 
372 165 9 11 0.09870879 
627 533 12 16 0.09846735 
806 308 12 16 0.09841767 
369 159 10 12 0.09828711 
424 0 11 11 0.09739008 
636 541 11 16 0.09680237 
95 56 7 10 0.096785575 
324 52 10 13 0.09647353 
679 45 9 11 0.09602872 
665 68 9 12 0.0950733 
788 516 12 17 0.094925016 
205 500 13 17 0.09338761 
824 196 12 16 0.09325196 
356 147 11 15 0.09302087 
621 94 11 15 0.09276965 
151 1 8 9 0.09245207 
749 148 10 14 0.09244473 
323 75 10 15 0.09223616 
977 481 12 16 0.0921087 
960 0 10 10 0.092021346 
936 251 11 14 0.091893256 
121 53 9 12 0.091623485 
791 193 11 14 0.09151015 
90 305 15 21 0.09133476 
803 207 12 15 0.091325335 
790 523 11 16 0.090522245 
876 51 12 16 0.09009803 
750 158 11 15 0.08952745 
861 119 13 18 0.08949236 
921 0 10 10 0.08946497 
940 469 11 14 0.0891422 
116 290 13 18 0.0891171 
219 76 11 14 0.08877226 
996 442 13 17 0.087694064 
404 76 9 12 0.087535255 
344 220 11 15 0.08733716 
236 474 14 18 0.08725283 
321 14 10 12 0.08714577 
1005 53 12 17 0.08711123 
144 5 8 10 0.08705097 
105 257 13 17 0.086810715 
441 92 9 12 0.08673489 
906 295 23 28 0.086354166 
672 123 12 14 0.08558713 
384 61 8 11 0.08539524 
808 458 10 14 0.08536003 
588 0 10 9 0.084906235 
411 375 23 34 0.084877305 
948 163 11 13 0.08416874 
584 116 12 14 0.08407971 
587 522 14 19 0.083978154 
188 299 12 15 0.08397344 
102 63 8 10 0.083721526 
332 161 11 16 0.0836807 
753 12 9 11 0.08355487 
294 77 11 16 0.0834674 
501 69 9 12 0.083356574 
767 475 12 14 0.08293375 
145 37 10 11 0.08282289 
194 385 12 16 0.08270725 
758 595 16 20 0.08247932 
153 267 10 13 0.08247235 
168 53 9 11 0.08244074 
555 34 10 13 0.08236769 
157 72 10 12 0.082348734 
990 29 9 12 0.08132429 
150 92 10 12 0.081230104 
494 32 9 13 0.080859505 
348 155 10 14 0.080801636 
390 61 8 11 0.08078181 
988 190 13 16 0.08047999 
975 18 11 15 0.08033918 
856 511 23 29 0.08015453 
484 108 9 12 0.08010552 
879 182 10 12 0.08006096 
915 286 14 16 0.079778306 
774 76 12 17 0.07964482 
390 53 9 12 0.07961382 
440 86 10 13 0.079537615 
119 61 8 11 0.07926219 
935 0 9 10 0.07910119 
261 15 10 12 0.07869854 
750 110 11 14 0.07828284 
771 565 14 18 0.078280136 
301 570 19 29 0.07795087 
615 134 12 16 0.07771679 
605 65 11 16 0.07719608 
1011 541 12 16 0.07675595 
288 314 52 69 0.07671381 
759 236 11 13 0.07663604 
128 62 9 11 0.076405615 
321 213 13 16 0.07620761 
1003 90 15 18 0.07614125 
261 406 12 15 0.07581123 
989 167 12 15 0.07580165 
77 87 9 11 0.07567236 
447 135 9 11 0.075452 
233 307 11 15 0.0753332 
602 622 13 17 0.075047776 
1008 85 11 14 0.07496561 
100 299 20 27 0.074428745 
509 491 16 19 0.074416034 
996 435 13 16 0.074391425 
451 522 19 22 0.07428485 
525 43 11 15 0.07407608 
819 613 11 13 0.074072175 
327 31 9 12 0.07401345 
1004 511 15 20 0.0738742 
135 100 9 13 0.073540725 
883 138 13 18 0.073491395 
240 4 10 12 0.07345582 
639 0 10 10 0.073369116 
935 20 12 15 0.073344 
474 26 12 15 0.07297514 
644 183 10 14 0.07279371 
760 21 10 14 0.0727819 
972 99 12 16 0.072610274 
825 188 10 15 0.0726078 
916 33 12 16 0.07217056 
736 617 14 18 0.07207453 
350 219 13 18 0.07204338 
202 84 12 16 0.07201495 
622 19 12 16 0.07179901 
915 339 12 15 0.07171982 
532 36 10 13 0.07153776 
794 2 9 10 0.07153312 
879 57 12 16 0.071259856 
136 29 9 11 0.07122474 
953 133 10 12 0.07094232 
264 125 10 13 0.0708066 
207 16 10 12 0.07077556 
686 46 9 11 0.07075871 
830 511 14 20 0.070359565 
714 505 13 17 0.07035488 
164 567 13 20 0.07015981 
662 0 9 9 0.06955448 
199 110 12 15 0.06933711 
125 52 9 12 0.06925491 
719 53 10 13 0.069214635 
319 45 12 16 0.06920408 
737 187 20 25 0.06900145 
934 166 9 12 0.068713486 
101 503 10 14 0.06824377 
653 2 10 12 0.068058684 
102 561 15 22 0.06792676 
794 214 10 14 0.067899 
696 82 11 14 0.06770423 
332 196 12 14 0.067693405 
642 188 9 12 0.067501046 
985 374 10 13 0.06748215 
688 16 8 10 0.06737518 
290 570 22 27 0.06716982 
184 58 11 14 0.067071475 
339 240 13 17 0.067007504 
344 147 12 15 0.06696447 
235 189 14 18 0.06687565 
647 19 12 15 0.066840515 
695 34 10 14 0.06676874 
445 443 16 19 0.066753455 
78 304 13 19 0.066560954 
884 235 10 13 0.066545784 
538 292 110 158 0.0664068 
667 133 13 16 0.06625538 
395 588 11 15 0.065777615 
802 500 13 17 0.06575695 
764 21 11 14 0.06564363 
378 3 11 14 0.06563583 
321 21 8 11 0.06557031 
945 219 11 14 0.06555294 
44 45 11 13 0.06550208 
560 341 25 30 0.065368004 
852 77 10 13 0.06527685 
684 30 11 14 0.06527355 
391 171 10 14 0.06526342 
790 50 11 15 0.06521706 
598 485 10 12 0.06481296 
614 82 12 16 0.064576045 
717 101 12 17 0.06445257 
259 457 14 18 0.06429213 
209 41 15 19 0.06387638 
778 62 13 15 0.063778706 
184 75 11 14 0.06375175 
82 204 14 18 0.063729845 
934 517 13 16 0.06341071 
812 150 10 14 0.063410476 
116 137 12 16 0.06332468 
378 62 9 11 0.063272506 
486 126 7 11 0.06322739 
910 250 20 25 0.0632142 
734 269 15 17 0.063146874 
207 171 13 17 0.063006416 
670 157 13 17 0.062935084 
588 603 13 16 0.06292844 
835 482 17 19 0.062441267 
181 37 9 11 0.06239319 
144 94 10 13 0.06232413 
972 220 11 14 0.062294703 
791 43 11 15 0.062283996 
964 232 12 17 0.062260985 
933 484 14 16 0.061984543 
645 113 18 22 0.061791286 
949 216 20 24 0.061734863 
930 96 20 24 0.061676692 
126 21 8 11 0.06140499 
407 86 10 12 0.060867302 
664 5 10 12 0.060819216 
816 593 12 15 0.060803674 
267 568 14 23 0.060786806 
840 291 10 15 0.06015247 
737 7 9 12 0.06009554 
268 434 12 16 0.059934787 
529 67 13 17 0.059850074 
825 499 22 29 0.059744556 
148 78 11 13 0.05953587 
286 13 10 12 0.05934727 
939 184 14 18 0.059215005 
382 592 14 18 0.0591904 
230 323 9 13 0.05915622 
953 255 13 16 0.05906786 
758 561 15 18 0.058998365 
461 108 11 13 0.058900762 
455 50 9 13 0.058664057 
89 78 9 12 0.05863356 
985 334 11 14 0.058347806 
176 31 9 12 0.05804093 
609 45 9 12 0.057942264 
830 142 9 13 0.057859525 
471 0 9 11 0.05780713 
895 180 13 16 0.057754364 
272 30 10 12 0.057743713 
698 98 15 21 0.057524912 
750 229 10 13 0.05748388 
149 108 10 13 0.057341326 
781 475 12 15 0.057301417 
98 60 8 10 0.05705276 
157 16 9 12 0.056904014 
763 491 13 17 0.05685378 
243 33 11 14 0.056631662 
835 348 12 15 0.05653672 
521 37 10 13 0.05652973 
876 296 11 17 0.056484394 
647 39 10 13 0.056453217 
166 165 13 16 0.056369394 
664 63 9 12 0.056266606 
861 504 15 18 0.056067687 
100 214 11 14 0.055864867 
606 183 12 15 0.055805676 
790 184 18 23 0.055622946 
884 450 15 18 0.055486154 
683 116 13 15 0.05545846 
258 25 10 14 0.055412084 
726 147 10 13 0.055390082 
804 523 12 16 0.055250578 
879 3 11 13 0.05513166 
859 67 12 14 0.055075433 
590 506 12 16 0.05505219 
102 80 8 11 0.054827843 
129 14 8 11 0.054762073 
814 407 15 19 0.05473611 
966 21 11 14 0.054668535 
886 251 13 17 0.054575946 
51 130 11 15 0.05455055 
631 7 11 13 0.054546013 
819 507 14 20 0.054509323 
758 506 15 21 0.05447624 
137 86 8 10 0.05447446 
514 496 14 18 0.05442456 
742 219 13 16 0.054303117 
943 413 10 14 0.054252215 
294 442 11 15 0.05415319 
177 36 9 11 0.05412061 
4 172 12 15 0.05407653 
912 14 11 14 0.053984206 
984 167 11 15 0.053629592 
647 577 12 15 0.05362884 
425 95 8 10 0.053499848 
909 435 12 13 0.053410828 
431 62 10 13 0.053331975 
348 162 11 15 0.05312822 
333 151 10 13 0.053126164 
582 85 19 22 0.05309186 
364 505 15 21 0.052992802 
958 407 20 29 0.052924 
281 325 31 42 0.05291377 
964 33 11 16 0.052889593 
877 74 11 14 0.052848645 
507 517 14 19 0.052781936 
552 603 11 17 0.052766904 
136 94 8 12 0.052702226 
336 52 9 11 0.052581526 
244 468 13 17 0.052539203 
854 0 9 10 0.05241559 
990 35 13 17 0.052381974 
551 502 10 13 0.052348375 
543 60 14 18 0.0521504 
220 339 10 14 0.052105185 
904 432 10 14 0.052092902 
189 402 9 15 0.052071553 
230 4 10 12 0.05201381 
622 7 10 12 0.051946566 
525 50 12 15 0.05165432 
321 108 9 12 0.05159702 
796 19 13 16 0.051587664 
221 27 10 13 0.051407926 
383 77 9 11 0.051250223 
264 4 10 12 0.051161956 
829 41 11 15 0.050943285 
165 317 13 17 0.050929938 
257 132 10 13 0.05061802 
276 29 12 15 0.05054695 
375 214 12 16 0.05052548 
452 609 12 17 0.05042021 
544 28 12 15 0.05041608 
826 306 11 14 0.050388806 
497 62 10 13 0.050307892 
734 46 11 15 0.05023893 
148 301 10 13 0.050218906 
704 0 10 10 0.050198924 
783 514 11 17 0.050119974 
200 30 8 11 0.050065137 
164 134 14 17 0.050018597 
185 20 9 12 0.04981882 
788 70 12 15 0.049775593 
880 491 13 16 0.049750965 
946 349 10 13 0.049746506 
805 22 13 16 0.04966337 
199 21 9 11 0.049648948 
426 107 10 13 0.049605206 
389 27 12 15 0.049334638 
359 56 9 11 0.049219213 
854 206 11 13 0.049217384 
743 28 9 12 0.049124826 
237 294 10 13 0.049008533 
48 104 10 13 0.048977554 
944 324 11 15 0.048923276 
207 29 12 13 0.04890735 
39 41 13 16 0.048898846 
86 93 8 12 0.04881159 
678 75 11 13 0.048516072 
937 445 10 14 0.048459355 
677 375 34 38 0.048434675 
92 147 13 18 0.048419114 
187 307 14 18 0.048372142 
806 108 10 12 0.048371553 
148 117 12 16 0.04835432 
50 316 12 16 0.048295047 
520 126 11 13 0.0482696 
574 7 9 11 0.048181143 
746 -1 9 10 0.048171643 
691 90 20 26 0.04801681 
796 524 14 16 0.047863673 
826 209 12 15 0.047799878 
861 206 10 12 0.047738496 
293 254 16 17 0.04771304 
676 70 11 13 0.04770024 
103 132 10 13 0.047531147 
130 100 9 13 0.047526374 
374 587 11 14 0.047451 
936 279 25 35 0.04726135 
221 69 11 14 0.047248308 
882 330 14 18 0.047240257 
616 21 11 14 0.04715169 
360 2 11 12 0.047102723 
240 466 23 30 0.04710182 
270 516 13 18 0.046943076 
927 495 22 25 0.04692071 
319 170 10 15 0.046874568 
841 207 9 13 0.046869256 
934 189 13 16 0.046553433 
197 260 10 13 0.046502937 
502 9 12 15 0.046423953 
141 385 16 19 0.046422433 
382 87 9 11 0.04640666 
245 5 9 11 0.046389695 
434 75 10 13 0.046364922 
36 151 20 26 0.04622228 
64 100 9 12 0.046163358 
903 63 11 15 0.046158012 
780 380 10 14 0.046129566 
167 213 9 12 0.04610968 
725 156 12 15 0.04600821 
973 228 12 17 0.045978967 
515 399 21 27 0.045929637 
174 59 10 13 0.045923736 
695 4 10 13 0.04587433 
611 54 11 14 0.045799464 
556 82 12 15 0.04576013 
645 540 12 15 0.045725346 
297 35 11 14 0.04570876 
604 80 13 17 0.045679796 
168 48 9 10 0.045628056 
412 86 9 12 0.045616668 
148 204 13 17 0.04560793 
718 157 12 14 0.045601524 
861 262 20 25 0.045588735 
533 30 11 13 0.045558527 
599 478 12 15 0.045464277 
321 5 11 13 0.045443743 
843 626 11 14 0.045301225 
93 142 10 14 0.04528849 
550 15 12 15 0.04524663 
391 92 9 11 0.04524334 
194 5 11 13 0.045181926 
735 0 9 9 0.04504107 
996 168 11 16 0.045007166 
145 1 9 9 0.04495068 
223 405 11 15 0.044873733 
764 498 13 18 0.044810846 
263 397 11 13 0.044791795 
940 476 12 14 0.044779167 
286 601 11 16 0.044667788 
184 293 12 15 0.04458217 
120 78 9 10 0.044555563 
113 87 10 13 0.04450576 
887 1 9 11 0.04446628 
975 91 14 16 0.044460956 
71 125 10 13 0.044289265 
873 228 11 14 0.044266563 
493 385 16 20 0.04423986 
709 19 11 13 0.04422466 
79 111 8 11 0.04420117 
397 170 12 16 0.044134893 
558 572 11 16 0.044106107 
375 99 11 15 0.04406838 
479 132 8 10 0.043983974 
262 132 10 12 0.043908104 
767 5 11 12 0.043859836 
720 45 11 13 0.043574627 
792 296 10 13 0.043548275 
239 61 19 23 0.043543786 
210 245 21 26 0.043367423 
788 465 15 18 0.043198466 
431 134 9 10 0.043049976 
367 101 11 13 0.043003313 
304 102 11 14 0.042987812 
941 0 11 11 0.042957503 
694 586 14 19 0.042913444 
172 6 12 14 0.04286414 
380 2 17 22 0.042838603 
634 0 9 9 0.042777244 
235 312 12 15 0.042740397 
642 66 13 18 0.04270348 
783 132 11 13 0.042696297 
301 3 12 13 0.042692527 
711 171 12 16 0.042681597 
534 10 10 14 0.042679746 
185 46 11 13 0.04263157 
80 115 10 13 0.042581264 
622 182 11 14 0.0425372 
893 169 13 16 0.042462807 
473 101 9 13 0.042455267 
413 484 14 19 0.042442996 
965 0 10 11 0.042432904 
120 24 8 10 0.04240084 
391 45 10 13 0.04232918 
726 -1 10 10 0.042303685 
551 515 11 16 0.0422709 
526 520 13 17 0.042264897 
100 84 9 12 0.042198822 
143 119 12 16 0.042180244 
134 12 9 11 0.04216633 
152 47 9 11 0.042076662 
463 18 21 24 0.042072993 
111 34 9 12 0.04207032 
181 30 9 12 0.04198695 
412 336 12 19 0.04195925 
510 475 13 16 0.041844584 
87 140 12 15 0.04181425 
259 85 12 15 0.04181245 
212 167 13 16 0.041804202 
751 141 11 16 0.041802574 
197 496 16 20 0.04180149 
173 299 10 13 0.041777555 
694 605 13 20 0.041768406 
725 48 12 13 0.04171916 
189 396 10 14 0.04168552 
678 52 9 11 0.041684538 
268 132 11 14 0.041629396 
46 138 11 14 0.041626237 
18 149 14 17 0.04159092 
804 220 11 13 0.04156682 
543 128 10 13 0.04152981 
756 133 12 16 0.041503984 
803 3 12 14 0.04148576 
815 299 11 15 0.04144391 
863 487 12 14 0.04139871 
337 75 12 15 0.041368898 
318 146 12 17 0.041333463 
829 175 9 12 0.041319076 
949 414 11 15 0.04125795 
724 164 12 15 0.041210942 
155 262 11 16 0.041132297 
394 601 12 16 0.04105397 
900 37 12 16 0.041038238 
936 123 12 15 0.040967554 
385 56 8 11 0.040941473 
828 247 13 18 0.04090853 
957 33 14 19 0.040844176 
273 35 10 12 0.040776927 
500 74 11 14 0.040737502 
64 14 10 13 0.040711094 
935 171 11 15 0.04070693 
999 53 12 16 0.04064635 
938 247 11 13 0.040596977 
165 240 11 15 0.04056825 
717 3 11 13 0.040550523 
814 91 11 15 0.04052521 
894 1 10 11 0.040505286 
479 242 220 251 0.040324494 
400 65 10 14 0.04026455 
939 196 14 17 0.040188897 
476 403 13 17 0.04008668 
142 73 9 12 0.040056445 
940 13 13 16 0.040029444 
611 139 13 15 0.040007643 
112 25 8 10 0.040006515 
423 78 8 11 0.039947525 
76 207 14 18 0.039912093 
251 69 11 13 0.039885312 
793 12 11 13 0.03985138 
773 514 13 18 0.039821923 
264 573 22 33 0.039779887 
105 69 9 11 0.039708987 
277 454 14 21 0.03970852 
353 62 9 11 0.039702237 
756 158 12 15 0.03967968 
503 616 10 13 0.03964833 
984 25 11 14 0.039638676 
773 113 13 15 0.039630074 
926 213 14 18 0.03959598 
350 102 8 12 0.039590444 
389 462 12 15 0.0395647 
521 28 11 14 0.039554626 
470 4 12 14 0.039529074 
546 386 15 21 0.039497443 
671 109 11 14 0.0394429 
407 571 13 18 0.039424196 
694 112 12 16 0.039409038 
275 122 12 15 0.03938979 
615 92 18 25 0.039382298 
984 202 10 14 0.03936745 
321 30 9 11 0.039303802 
95 124 9 11 0.03924738 
344 214 21 31 0.03915111 
23 82 11 13 0.03909776 
495 4 12 14 0.03903518 
710 0 9 10 0.038993094 
911 30 12 16 0.038968354 
186 386 10 14 0.03896024 
835 107 15 19 0.038837165 
922 446 12 16 0.038739953 
137 158 10 13 0.03873991 
927 477 12 16 0.038727444 
319 125 10 13 0.03867309 
488 30 11 14 0.038612697 
963 570 13 17 0.03854604 
430 95 9 11 0.038433347 
238 332 9 12 0.03834246 
342 35 19 23 0.038309958 
185 163 11 15 0.03830179 
309 85 10 14 0.0382243 
474 339 14 20 0.0382212 
581 580 11 14 0.038214378 
239 43 10 14 0.038156077 
824 244 12 17 0.038148187 
833 242 13 17 0.038111128 
245 53 10 12 0.038090594 
916 437 11 12 0.038086884 
255 124 11 14 0.03799121 
301 123 12 15 0.03797035 
946 277 16 21 0.037935145 
743 37 10 13 0.037910152 
670 118 21 23 0.037791554 
1008 148 12 17 0.037762262 
158 187 11 15 0.03772707 
463 27 12 15 0.037693713 
406 139 9 12 0.037676506 
893 139 12 15 0.037659883 
764 13 11 13 0.03761368 
290 434 15 18 0.03758976 
417 0 10 10 0.037543252 
888 480 15 18 0.037541054 
936 259 12 17 0.037526067 
811 455 13 15 0.03747079 
675 6 11 13 0.037408948 
884 8 20 24 0.037404016 
622 66 15 20 0.037366867 
613 163 18 23 0.03734776 
841 3 12 13 0.03733667 
134 339 13 17 0.037330348 
452 465 17 19 0.03732631 
126 211 12 15 0.03727051 
937 2 11 13 0.037236948 
740 122 13 17 0.037220728 
485 35 18 23 0.037181158 
951 139 12 15 0.03717114 
960 403 13 19 0.037165303 
637 5 10 11 0.037164807 
111 127 9 12 0.037149012 
405 65 10 12 0.037141915 
311 133 13 17 0.037141036 
765 231 9 13 0.037138455 
280 388 10 15 0.037085913 
553 72 16 19 0.037050433 
864 5 10 13 0.037048783 
663 226 13 15 0.037003636 
174 117 11 15 0.037003543 
376 69 9 11 0.03698961 
719 15 11 13 0.036967978 
309 123 12 15 0.036889866 
614 113 12 14 0.036836572 
920 500 22 27 0.036794752 
2 145 12 18 0.03676803 
863 -1 9 9 0.0367536 
491 533 13 17 0.036728494 
955 227 21 26 0.036718864 
950 476 10 12 0.03670021 
368 40 9 12 0.03664328 
654 556 13 17 0.036624383 
174 341 12 15 0.036622938 
356 215 13 19 0.03661444 
773 22 9 13 0.03660504 
908 372 12 17 0.036545172 
197 14 9 12 0.036470726 
477 3 12 13 0.036458697 
430 142 9 12 0.036440074 
520 22 10 13 0.036393717 
539 500 12 15 0.036369998 
542 515 12 15 0.036354277 
71 305 13 17 0.036323518 
968 383 9 12 0.036308598 
687 66 12 14 0.036248565 
796 300 10 13 0.036237072 
638 37 10 12 0.03622785 
948 609 25 32 0.036181007 
1007 123 12 16 0.036141038 
821 105 12 16 0.036121387 
812 307 10 14 0.03602948 
90 53 10 12 0.036010686 
94 212 13 17 0.036001936 
131 189 12 14 0.035901535 
764 510 13 20 0.03589768 
115 296 19 28 0.035890907 
484 617 11 15 0.035863098 
5 79 10 12 0.03584032 
278 406 10 13 0.035831213 
734 65 14 18 0.035810154 
517 383 12 18 0.035773467 
488 23 9 12 0.03575914 
875 263 12 16 0.03572104 
786 473 15 18 0.035709392 
799 135 11 15 0.035694662 
278 45 11 15 0.035690278 
390 103 9 11 0.03566205 
73 93 8 12 0.03564814 
951 485 11 15 0.035606004 
110 70 9 11 0.035583828 
72 45 10 12 0.035581883 
989 51 12 15 0.03557531 
185 0 10 10 0.035565097 
349 32 9 12 0.0355593 
391 583 14 16 0.03555384 
312 21 8 11 0.03554259 
720 27 11 12 0.03547227 
167 229 13 19 0.035431862 
382 70 9 11 0.0353363 
772 412 14 20 0.0353068 
851 222 13 16 0.035253398 
528 2 11 12 0.035203498 
980 75 21 26 0.0352004 
883 21 21 25 0.035185426 
461 35 10 14 0.035140585 
181 313 13 17 0.0351096 
681 628 11 13 0.035097446 
938 261 22 26 0.03508179 
916 469 14 17 0.035018828 
778 565 15 18 0.035016913 
764 530 10 14 0.035005767 
920 204 11 14 0.03495867 
392 80 8 11 0.03489064 
526 395 21 28 0.034870647 
719 0 11 11 0.034869004 
615 351 95 124 0.034836818 
838 141 11 15 0.034835324 
489 117 8 12 0.03480913 
935 462 12 16 0.03479304 
663 125 12 15 0.03474438 
917 43 11 15 0.03471904 
109 5 10 12 0.034699805 
782 114 11 14 0.03469931 
271 323 50 70 0.034697346 
738 350 13 15 0.03467814 
635 13 11 13 0.034670725 
124 138 10 15 0.034638923 
311 50 10 14 0.034634415 
967 105 12 16 0.034629617 
84 299 16 24 0.034618028 
770 1 9 10 0.03461325 
118 37 8 11 0.034545768 
138 78 9 11 0.034524612 
110 101 9 12 0.0345148 
740 47 19 25 0.034512732 
339 46 9 12 0.034506284 
531 315 13 17 0.03449294 
287 52 11 14 0.034489464 
998 340 13 16 0.03445317 
459 574 13 17 0.034412954 
924 180 12 16 0.03434285 
157 6 9 11 0.03433586 
799 494 12 16 0.034298617 
62 133 10 13 0.034256652 
150 275 10 13 0.03425628 
694 13 10 12 0.034232553 
892 131 20 25 0.03421706 
644 52 13 15 0.03421226 
228 410 11 14 0.03416445 
735 37 10 13 0.034135796 
55 39 10 11 0.034132108 
549 586 11 17 0.034073856 
951 0 11 10 0.034070756 
271 567 23 33 0.03402854 
276 557 15 18 0.03400218 
678 93 20 24 0.03398688 
1013 57 10 17 0.033973858 
417 51 11 14 0.033955347 
99 154 12 18 0.03389606 
384 31 10 13 0.033891797 
294 144 11 15 0.033883538 
312 37 10 12 0.03382296 
260 203 13 15 0.03381116 
725 26 10 12 0.03380839 
955 41 14 19 0.03376675 
806 0 10 11 0.033684313 
168 59 10 12 0.033681527 
174 47 9 11 0.033680554 
944 355 11 12 0.033663828 
814 607 11 15 0.033637095 
580 11 21 25 0.033599287 
764 483 13 17 0.033566386 
824 181 10 14 0.033565488 
851 501 24 29 0.03356512 
870 197 10 12 0.033561233 
360 69 9 11 0.033560652 
145 31 9 11 0.03355219 
102 127 10 12 0.033474967 
807 154 11 13 0.03340881 
196 443 20 26 0.03340385 
973 562 13 17 0.033401184 
221 1 11 12 0.033388708 
416 4 12 13 0.0333736 
132 62 10 12 0.033350382 
798 51 12 16 0.03333173 
263 390 10 14 0.03332295 
479 117 9 12 0.033263933 
869 297 12 17 0.033235908 
508 399 14 18 0.033231083 
454 586 21 29 0.033209596 
540 100 14 19 0.03320295 
415 158 9 11 0.033144284 
963 473 12 15 0.03311688 
910 445 15 18 0.0330965 
845 141 12 15 0.033084974 
873 235 10 14 0.033064395 
1011 556 12 17 0.033024576 
781 4 10 12 0.032971915 
950 448 12 16 0.03291659 
72 115 10 13 0.03290765 
375 123 11 14 0.032881632 
292 61 12 15 0.03283479 
269 442 12 17 0.032787275 
220 561 22 31 0.03277201 
792 1 18 22 0.03276262 
615 1 11 11 0.0327582 
462 547 11 15 0.032734092 
755 109 11 13 0.032731086 
968 14 12 15 0.032729696 
588 3 11 12 0.03269206 
165 331 12 17 0.032677982 
22 52 9 13 0.032656092 
867 392 14 19 0.032633558 
270 21 10 12 0.03251095 
864 254 10 13 0.032459985 
980 444 11 15 0.03243461 
424 148 9 12 0.032395873 
365 1 10 11 0.032391626 
440 134 8 10 0.032390755 
99 147 11 16 0.03237249 
631 579 12 16 0.032331403 
218 283 14 16 0.03227461 
672 0 8 9 0.03226524 
998 12 13 16 0.032230653 
437 108 9 12 0.032216907 
270 0 10 11 0.03215438 
376 53 9 11 0.032083753 
168 293 10 14 0.032082897 
605 92 12 15 0.03205146 
54 118 10 13 0.03205019 
478 331 11 15 0.03204463 
229 62 11 14 0.032037325 
206 388 12 15 0.032035865 
269 250 11 15 0.032018967 
235 27 18 22 0.032018606 
470 143 8 10 0.031981807 
862 211 9 12 0.031970512 
994 236 12 17 0.031961918 
399 65 19 23 0.031940933 
587 591 20 23 0.031883843 
363 67 378 462 0.031872053 
741 112 18 22 0.03183196 
922 293 23 29 0.03181225 
582 596 12 16 0.03175511 
263 37 9 12 0.03169758 
664 137 12 17 0.03169071 
158 1 8 9 0.03167888 
174 596 12 15 0.031678695 
473 109 9 13 0.03167191 
779 75 14 18 0.031654034 
196 1 10 11 0.031641677 
103 43 8 11 0.031623263 
190 523 15 20 0.031591404 
277 165 11 16 0.031562053 
655 55 9 12 0.03154985 
326 58 10 13 0.031547356 
885 43 14 17 0.03153546 
210 448 15 20 0.03151157 
567 83 11 14 0.0314965 
606 155 10 13 0.03149646 
701 630 11 14 0.031391256 
110 118 10 12 0.031339984 
847 16 13 16 0.031326547 
618 468 23 29 0.03130324 
152 70 11 14 0.031293117 
421 23 14 16 0.031259887 
439 168 8 10 0.03125769 
868 316 15 19 0.031237293 
861 227 11 14 0.031230707 
308 499 14 18 0.031219028 
533 390 18 22 0.031194001 
850 54 12 15 0.03118989 
772 420 15 22 0.031180037 
676 137 13 17 0.031098729 
600 68 13 17 0.031063862 
364 151 10 13 0.031034207 
831 459 13 17 0.031014474 
800 308 12 16 0.031003682 
396 25 11 15 0.030982956 
158 37 8 11 0.030979522 
318 117 11 14 0.030948991 
239 109 12 15 0.030915916 
587 513 15 20 0.030879173 
119 111 9 12 0.030851293 
831 467 15 19 0.030842582 
158 59 10 12 0.030815583 
532 50 11 15 0.030801535 
85 29 9 11 0.030695854 
784 124 11 16 0.030650018 
742 7 10 11 0.030588709 
847 91 10 14 0.030579928 
844 283 15 20 0.030579675 
511 76 10 14 0.030557767 
676 110 13 17 0.030550923 
382 100 9 12 0.030546289 
248 577 40 55 0.0304915 
279 343 13 20 0.030451702 
919 180 11 15 0.030440232 
415 104 8 10 0.03042438 
844 263 12 15 0.030419124 
989 337 11 14 0.030405449 
255 393 11 15 0.030395105 
262 44 9 12 0.030374292 
845 161 13 16 0.030346973 
613 67 11 17 0.030310826 
232 92 10 13 0.030305706 
251 115 13 18 0.03021312 
256 16 18 23 0.03019197 
143 203 12 16 0.030191498 
433 2 21 22 0.030142935 
334 188 12 16 0.030088242 
70 210 14 17 0.03007143 
126 193 11 15 0.03005394 
88 282 10 14 0.030046495 
559 7 11 13 0.030045103 
696 0 9 10 0.030030506 
872 213 10 13 0.030029058 
166 338 12 16 0.029977659 
71 53 10 12 0.029955579 
235 298 13 18 0.029954214 
937 156 11 14 0.029902235 
862 190 10 12 0.029821826 
73 427 19 25 0.029770717 
820 453 15 19 0.029733822 
368 171 10 14 0.029694932 
450 574 20 25 0.029693196 
925 233 19 24 0.02969286 
838 354 13 16 0.029687433 
623 14 18 24 0.029673208 
736 55 20 26 0.029654836 
772 149 12 16 0.029654259 
836 261 14 16 0.029648991 
47 171 14 19 0.029644314 
102 56 8 10 0.0296384 
206 243 16 20 0.029635536 
615 23 18 23 0.029632546 
183 403 12 16 0.02959941 
141 392 22 29 0.02958302 
23 68 9 12 0.029566884 
379 584 12 16 0.029564576 
720 16 16 22 0.02952269 
855 197 10 12 0.029517615 
959 75 12 16 0.029491115 
637 577 12 16 0.029485542 
886 187 10 14 0.029453687 
963 497 13 18 0.029439958 
22 155 14 17 0.029436013 
749 597 23 28 0.02942112 
334 37 8 12 0.029304428 
157 163 12 15 0.029202724 
938 521 14 17 0.029163929 
1001 237 14 18 0.02913168 
996 231 12 16 0.029125847 
559 351 15 20 0.029115925 
783 284 10 13 0.029053202 
570 124 17 22 0.029050346 
972 74 20 26 0.028986977 
414 135 9 13 0.028951667 
581 122 12 15 0.028948134 
581 342 87 125 0.028936781 
502 395 12 18 0.028875994 
980 529 14 19 0.028821742 
110 1 9 10 0.028820507 
480 51 10 14 0.028799713 
485 3 12 14 0.02878124 
704 7 19 22 0.028764691 
932 505 16 20 0.028752424 
452 411 12 17 0.028734397 
830 353 12 15 0.028699411 
869 173 10 13 0.02868972 
381 115 11 14 0.028684922 
200 44 10 13 0.02867022 
232 295 11 14 0.028661828 
194 77 20 26 0.028654834 
935 178 15 18 0.02862173 
880 194 21 27 0.028618053 
927 467 10 15 0.028613253 
113 62 9 11 0.028611736 
677 11 10 13 0.02859836 
987 78 13 16 0.028584093 
145 21 9 11 0.02857784 
318 596 11 15 0.028576246 
663 116 10 14 0.028560089 
271 557 12 17 0.028554354 
956 126 12 15 0.028525302 
310 106 10 13 0.028517626 
453 565 12 17 0.028514417 
767 138 13 16 0.028494608 
910 237 20 27 0.028456625 
867 492 12 14 0.02845619 
350 1 10 12 0.028427634 
89 85 9 11 0.028423138 
318 37 11 12 0.028403359 
639 571 12 17 0.028378775 
797 26 13 16 0.028369877 
81 22 9 12 0.028361997 
1009 506 14 20 0.028357187 
629 92 10 14 0.028355848 
128 68 9 11 0.028342135 
950 339 13 18 0.028339501 
267 452 13 20 0.028320989 
159 138 12 15 0.02831235 
189 284 12 14 0.028310072 
878 497 13 18 0.028267354 
832 232 11 14 0.028258445 
568 5 10 12 0.028256876 
284 46 11 15 0.028247638 
924 3 11 12 0.028228246 
39 51 11 14 0.02821377 
533 61 12 16 0.028127328 
916 511 15 20 0.028112108 
681 24 9 11 0.028074581 
79 99 8 12 0.028030857 
748 122 10 14 0.028027698 
501 451 14 19 0.02801372 
191 567 25 29 0.027984573 
96 133 10 12 0.027981188 
911 290 15 18 0.02793922 
863 259 12 15 0.027922379 
807 83 12 15 0.027920408 
189 426 14 20 0.027831104 
640 598 9 12 0.027801951 
399 134 10 13 0.02779586 
127 85 9 11 0.027789084 
975 258 10 13 0.027781779 
807 606 11 16 0.027781282 
557 501 11 15 0.027764436 
146 379 15 19 0.027756337 
803 34 13 16 0.027722243 
222 150 11 15 0.02772045 
710 189 14 16 0.027712764 
897 473 22 25 0.0276854 
144 44 10 12 0.02768456 
587 20 11 15 0.02768043 
73 39 9 12 0.02763421 
416 322 23 30 0.027597357 
867 484 13 15 0.027588744 
160 234 12 17 0.027529312 
659 92 12 16 0.027518734 
464 0 11 10 0.027490659 
733 133 20 25 0.027430182 
678 31 18 23 0.027412003 
461 43 10 14 0.027405275 
839 46 12 16 0.027393818 
26 161 23 28 0.027382802 
94 260 12 17 0.027365597 
284 426 17 23 0.027364764 
898 163 12 16 0.02736227 
516 519 13 19 0.02733892 
375 109 12 15 0.02730522 
52 43 10 12 0.02725238 
256 5 9 11 0.027250288 
837 25 12 15 0.027246522 
854 237 12 16 0.02720809 
1012 479 12 18 0.027193958 
256 52 11 14 0.027187323 
822 500 13 16 0.027183529 
325 611 9 14 0.027181843 
324 103 10 13 0.02716687 
335 60 10 13 0.027130995 
756 541 12 15 0.027109342 
757 611 14 19 0.027101686 
540 507 12 15 0.027094575 
819 205 20 24 0.027092934 
917 51 11 15 0.027085694 
364 123 11 14 0.027084408 
852 142 11 14 0.027054261 
949 69 11 16 0.027038068 
916 522 14 18 0.026968943 
935 452 11 14 0.026955169 
790 81 11 16 0.026922334 
156 28 9 12 0.026913034 
747 39 12 14 0.026909439 
3 9 16 22 0.02689763 
453 154 10 13 0.026881834 
270 14 10 12 0.026865352 
388 35 11 15 0.02686332 
136 37 10 12 0.026846297 
574 1 10 10 0.026846 
447 109 9 11 0.026844397 
118 116 9 12 0.026844293 
63 298 14 17 0.026828103 
709 99 14 19 0.026824484 
974 394 11 15 0.026820585 
432 64 18 23 0.026816316 
78 133 11 12 0.026812794 
586 555 13 17 0.0267526 
871 39 12 17 0.026729843 
663 148 11 14 0.026691353 
249 92 12 15 0.026664125 
448 577 13 17 0.02665547 
948 482 20 25 0.026608368 
116 4 10 13 0.026586862 
573 83 11 14 0.026585123 
438 0 13 13 0.026573341 
794 208 18 22 0.026570663 
478 319 13 17 0.02656814 
639 588 10 13 0.026566979 
479 613 12 15 0.026560146 
599 56 19 25 0.0265372 
726 3 11 13 0.026528934 
670 73 13 15 0.026493998 
607 385 43 65 0.026478747 
893 275 13 18 0.026477545 
617 13 10 14 0.026415566 
569 13 10 13 0.026395045 
373 89 19 23 0.026382385 
112 278 12 14 0.026375854 
366 9 11 14 0.026364587 
495 507 11 16 0.02636111 
837 229 11 15 0.02633655 
807 171 12 14 0.026316375 
29 283 12 15 0.026282614 
694 455 30 36 0.02628134 
845 190 9 13 0.02627857 
193 27 9 12 0.02627808 
293 2 13 13 0.026276095 
47 120 10 14 0.026274325 
842 472 14 19 0.026262933 
844 525 11 16 0.026241677 
927 430 10 12 0.026231382 
925 459 11 17 0.02622947 
973 484 21 29 0.026223041 
412 478 14 16 0.02621658 
789 419 13 18 0.026213257 
430 128 9 11 0.02619292 
756 484 15 18 0.026186023 
934 217 12 16 0.026150165 
707 470 17 21 0.026145624 
463 78 18 23 0.02613828 
644 564 12 14 0.026135135 
55 31 9 11 0.026130015 
215 489 22 30 0.026114445 
382 149 10 13 0.026102182 
391 212 13 18 0.026002966 
846 224 13 16 0.025997775 
110 108 10 13 0.025978323 
342 62 11 13 0.025975509 
620 524 13 16 0.025961163 
233 29 12 15 0.02593481 
269 390 10 14 0.025931293 
830 293 13 16 0.025918059 
996 28 12 15 0.025894549 
214 20 11 14 0.025892777 
52 108 10 13 0.025888689 
651 85 11 15 0.025885537 
715 524 13 18 0.02585827 
479 39 11 15 0.025849761 
261 210 16 19 0.025825992 
693 67 13 15 0.025818808 
791 204 11 14 0.025813097 
894 278 22 29 0.025799641 
651 574 12 16 0.02579183 
290 140 10 15 0.025762726 
788 110 11 15 0.025751892 
841 496 15 18 0.025746489 
1004 444 11 14 0.025734028 
112 77 8 10 0.025701363 
557 509 12 15 0.025700947 
28 97 18 25 0.02568946 
325 207 12 14 0.025685038 
324 21 10 12 0.025675956 
974 384 10 12 0.025647685 
270 194 13 16 0.025645452 
71 61 10 12 0.025632333 
917 362 15 20 0.025625322 
309 4 10 12 0.025618054 
950 330 13 16 0.025577717 
549 595 12 18 0.025560344 
990 468 11 14 0.025519423 
842 70 11 13 0.025507273 
70 132 11 13 0.02549383 
826 436 14 16 0.025456784 
903 363 12 16 0.025428522 
764 588 12 17 0.025392124 
754 494 21 26 0.025370996 
769 107 12 16 0.025358325 
375 581 21 26 0.025344511 
845 417 12 16 0.025330404 
127 79 8 10 0.025282519 
134 222 11 14 0.025266916 
914 312 14 18 0.025246326 
872 0 10 10 0.025225254 
532 44 11 14 0.025172258 
62 3 11 14 0.025147961 
870 476 12 16 0.02511222 
205 493 21 27 0.025103817 
910 412 12 17 0.025093941 
998 522 14 19 0.025055522 
823 355 11 14 0.025052596 
460 620 11 16 0.025013637 
186 481 23 30 0.025006946 
367 72 9 11 0.024967303 
352 119 17 23 0.02495977 
437 100 10 14 0.024947595 
798 277 9 12 0.024937877 
312 211 21 26 0.024925282 
492 433 14 19 0.024895744 
947 522 13 17 0.024885122 
785 220 11 13 0.024835791 
276 76 12 17 0.02481865 
376 12 10 13 0.024816243 
220 80 12 16 0.024811193 
525 24 10 12 0.024810487 
70 29 8 10 0.024805766 
491 586 20 28 0.02478917 
953 27 11 15 0.024783978 
295 450 11 15 0.024764096 
599 28 9 11 0.024752893 
124 288 11 16 0.024751617 
452 134 10 12 0.024723386 
870 244 11 15 0.024713252 
86 111 18 23 0.024704155 
21 61 10 13 0.02469707 
937 498 15 18 0.024691982 
229 302 19 26 0.024688909 
335 225 22 29 0.024674566 
630 99 11 14 0.024658069 
860 444 12 15 0.024601424 
927 492 14 18 0.02459611 
975 446 12 16 0.024571156 
512 386 11 16 0.024568927 
175 68 12 15 0.024535865 
402 484 21 28 0.024524992 
837 93 11 13 0.024521371 
225 317 11 14 0.024512058 
901 127 13 16 0.02449282 
421 118 10 13 0.024489038 
533 112 12 17 0.024480226 
425 86 9 12 0.024470016 
652 37 10 13 0.024466079 
974 204 11 14 0.024457403 
264 118 19 24 0.024452152 
62 481 14 18 0.02444173 
566 388 11 15 0.024422955 
213 217 15 18 0.024398604 
361 77 10 13 0.024392758 
447 101 10 13 0.02438955 
789 124 10 13 0.02435804 
892 194 14 19 0.024353577 
941 74 13 17 0.024340542 
695 74 19 22 0.024334984 
960 481 20 26 0.024286436 
758 244 12 14 0.02426478 
704 45 12 15 0.024237623 
622 60 13 17 0.024191774 
608 100 10 13 0.024142196 
503 556 13 18 0.024122836 
88 100 9 13 0.024116704 
840 181 9 12 0.02410228 
822 116 11 14 0.024099069 
315 42 20 25 0.024092581 
716 93 13 16 0.02408599 
396 202 13 18 0.024085542 
420 424 13 18 0.02407776 
966 434 11 15 0.024068775 
258 536 14 20 0.024060423 
925 481 20 26 0.024047796 
139 340 14 17 0.024046205 
465 142 9 11 0.024035115 
450 447 16 20 0.023977816 
883 52 13 17 0.023969507 
931 240 19 24 0.023951508 
772 124 12 15 0.023944052 
183 81 12 16 0.023931755 
784 35 12 16 0.023916487 
373 592 14 17 0.023906393 
334 179 13 16 0.023894327 
856 437 11 15 0.023885522 
877 324 13 17 0.02388312 
567 29 11 14 0.023878656 
493 117 8 11 0.02387269 
717 59 11 13 0.023847036 
981 71 11 15 0.023833718 
542 580 22 30 0.023831332 
684 51 19 23 0.023816597 
318 81 12 16 0.02381358 
414 92 9 12 0.023813298 
916 420 12 15 0.023788499 
701 157 11 15 0.023783674 
135 22 9 11 0.023775574 
135 69 9 11 0.023768136 
791 32 19 24 0.023749292 
791 164 10 14 0.023748966 
520 48 20 26 0.023748832 
424 124 9 12 0.023748053 
868 54 20 25 0.02373114 
430 86 10 12 0.02372955 
70 100 10 11 0.023725737 
579 585 20 24 0.023720602 
114 55 8 11 0.02371677 
917 277 13 15 0.023716021 
866 416 15 19 0.02371195 
128 166 10 12 0.023710335 
1001 346 14 17 0.023692898 
522 33 18 22 0.023674862 
472 93 9 13 0.023673102 
119 98 10 13 0.023670156 
342 114 11 15 0.023628801 
390 108 9 12 0.023627268 
894 122 12 15 0.023610923 
255 37 10 13 0.023603503 
176 180 10 13 0.023591252 
255 76 11 14 0.023581522 
556 597 11 16 0.023570728 
986 89 13 16 0.023562942 
816 206 11 15 0.023559801 
142 440 15 20 0.023557402 
994 495 23 28 0.023555532 
974 170 12 16 0.023538375 
309 165 12 16 0.023536993 
155 355 13 16 0.02352853 
104 0 10 10 0.023521086 
736 30 9 11 0.023502497 
862 412 13 17 0.02347874 
52 10 11 15 0.023468934 
653 91 11 15 0.023467094 
877 285 13 18 0.023464488 
452 386 23 30 0.023463678 
589 37 10 13 0.023458581 
910 385 11 15 0.023457507 
798 146 12 16 0.023446849 
387 240 13 16 0.023440905 
749 180 12 13 0.02342464 
130 0 9 11 0.02341882 
385 173 11 14 0.023411242 
919 3 11 12 0.023385495 
219 609 15 20 0.023347229 
773 93 12 15 0.02333907 
261 514 12 18 0.023292929 
860 236 11 15 0.02329201 
276 352 14 19 0.023281015 
924 284 13 17 0.023276264 
662 74 11 15 0.023262208 
511 84 10 12 0.02325814 
292 55 11 14 0.023251455 
102 141 11 14 0.023245327 
212 389 11 15 0.023188924 
729 612 25 27 0.023188662 
960 317 12 14 0.023187833 
926 82 22 26 0.023182029 
509 95 11 13 0.023162037 
187 157 12 15 0.02313087 
748 28 11 14 0.023098005 
711 180 12 14 0.023078611 
180 260 10 15 0.02307722 
42 131 11 15 0.023073824 
112 174 14 18 0.023049243 
579 131 12 14 0.02304832 
771 132 13 15 0.023046808 
800 102 10 14 0.023043232 
606 135 12 17 0.023025539 
334 169 12 18 0.023010544 
836 101 13 16 0.022992844 
32 42 10 14 0.022983473 
150 172 9 13 0.022983236 
786 21 10 14 0.022973282 
477 433 14 19 0.02296952 
852 14 18 21 0.02295068 
494 11 12 14 0.022950282 
731 45 20 24 0.022943096 
847 196 10 13 0.022930123 
334 65 20 25 0.022921989 
150 15 19 23 0.02289289 
630 604 12 15 0.022883803 
839 75 11 15 0.02286835 
87 263 11 15 0.022862382 
320 93 9 13 0.022861877 
18 181 13 18 0.022858728 
1 78 9 13 0.022853937 
779 508 21 26 0.022852015 
529 502 19 23 0.022844704 
604 394 14 18 0.022839008 
105 34 9 11 0.022825684 
627 526 11 15 0.02281492 
-8 220 246 236 0.022813287 
599 92 10 13 0.022780767 
102 160 11 16 0.022773381 
679 427 43 59 0.022772523 
325 125 11 14 0.022764018 
261 58 11 14 0.022760024 
96 98 18 23 0.022750879 
134 163 11 13 0.02274271 
358 2 18 22 0.022737224 
540 494 12 14 0.022702226 
326 539 12 18 0.022682192 
749 135 20 26 0.02263754 
637 604 12 15 0.02263741 
981 245 10 14 0.022633206 
781 156 12 16 0.022630082 
214 141 9 12 0.022627596 
304 20 10 13 0.022620562 
1015 22 9 13 0.022615088 
631 36 10 13 0.022605587 
30 85 9 12 0.022586774 
358 153 11 14 0.022549544 
167 118 13 16 0.0225471 
81 28 9 12 0.022536146 
911 6 11 13 0.022526225 
323 141 12 17 0.022518417 
460 3 13 15 0.02249478 
143 88 19 24 0.022494607 
185 496 25 32 0.022486528 
549 597 19 27 0.022479476 
988 201 12 15 0.02247706 
795 459 14 17 0.022474177 
663 54 10 12 0.022457596 
350 445 10 13 0.02245147 
180 116 11 14 0.022438068 
645 587 12 16 0.022436785 
826 238 11 14 0.022435596 
135 182 10 14 0.022429492 
447 599 22 30 0.02242928 
192 180 10 14 0.022423089 
157 93 9 12 0.022412332 
109 162 11 15 0.022409018 
684 597 24 31 0.022406274 
179 554 24 29 0.022400094 
168 12 10 13 0.022397427 
600 52 11 15 0.022392595 
987 520 22 28 0.0223797 
783 214 10 14 0.022370452 
127 386 13 18 0.022370202 
320 614 10 14 0.022368787 
678 0 9 9 0.022361739 
418 513 14 18 0.022357158 
179 363 11 16 0.022354973 
849 459 15 21 0.022345502 
535 21 10 13 0.022340257 
116 159 11 13 0.022325758 
495 514 13 18 0.022322828 
445 452 23 28 0.022322798 
994 373 13 16 0.022317367 
699 200 14 20 0.02230748 
963 210 22 25 0.022300443 
964 80 13 18 0.022299992 
435 517 19 25 0.022299234 
240 165 11 14 0.022271732 
205 360 15 19 0.022256609 
124 354 12 16 0.022253988 
165 76 9 11 0.022251543 
397 466 13 15 0.02224562 
840 59 11 13 0.02222324 
173 140 10 15 0.022220865 
199 155 11 15 0.022206474 
412 574 14 20 0.022196712 
939 506 12 16 0.022181282 
846 123 11 15 0.022176145 
484 318 22 26 0.022147609 
762 -25 236 236 0.022107357 
491 316 12 18 0.022075024 
148 233 13 17 0.022072705 
304 217 23 28 0.02206153 
600 45 11 13 0.022022258 
103 116 10 12 0.022019137 
791 277 10 15 0.022015288 
938 52 12 16 0.022004206 
143 197 12 15 0.022002675 
253 61 11 14 0.02200136 
502 484 16 19 0.022001348 
288 5 11 13 0.021998232 
277 0 11 11 0.02199348 
956 146 13 16 0.02198256 
910 478 19 25 0.021965344 
907 494 25 31 0.0219628 
1004 19 12 15 0.021942245 
286 36 10 13 0.021912826 
891 329 13 17 0.021896072 
94 94 10 12 0.021894671 
597 20 10 13 0.02188339 
1014 68 11 18 0.021873562 
271 341 26 37 0.021872085 
805 179 13 16 0.02186852 
302 82 11 16 0.02185697 
857 190 10 13 0.021834036 
533 84 12 14 0.021831555 
709 68 12 14 0.02180584 
272 521 15 20 0.021796558 
919 244 19 26 0.021773832 
790 157 10 15 0.021746302 
324 132 9 14 0.0217399 
887 455 21 24 0.02173353 
127 94 9 12 0.021731105 
621 0 11 11 0.021728493 
972 11 20 24 0.021717327 
443 1 23 26 0.021715548 
829 442 13 17 0.021713194 
638 211 11 13 0.021691589 
683 123 12 15 0.021673635 
781 101 11 14 0.021667033 
244 44 11 14 0.021664679 
332 31 10 13 0.021642787 
758 0 9 9 0.021640074 
928 173 11 14 0.021635637 
387 206 23 31 0.021629905 
886 154 21 25 0.021628605 
768 116 12 14 0.021612538 
495 0 10 10 0.02160946 
261 610 14 18 0.021600902 
462 353 14 18 0.021598462 
646 -4 20 20 0.021543436 
344 101 11 13 0.021535631 
827 428 15 17 0.021532036 
495 48 13 15 0.021527452 
555 106 14 18 0.02152219 
220 166 10 14 0.021495953 
144 187 11 15 0.02148012 
740 144 21 25 0.021458743 
944 226 12 15 0.021449158 
705 131 11 15 0.021447431 
144 15 8 11 0.021441719 
927 20 13 15 0.021428388 
166 70 10 13 0.021427864 
982 487 23 30 0.021423746 
901 0 10 9 0.021409765 
120 14 8 11 0.021390803 
202 36 11 14 0.021379042 
783 28 11 14 0.02137127 
304 13 11 13 0.02133481 
927 305 13 17 0.021327354 
378 211 22 29 0.021327253 
91 319 16 18 0.021313615 
566 494 9 13 0.02131115 
701 31 10 13 0.021299554 
255 1 9 9 0.021295384 
333 585 56 56 0.021294795 
838 313 21 26 0.021283356 
830 113 13 17 0.021282548 
194 52 11 14 0.021278769 
852 562 19 20 0.021275979 
993 238 20 25 0.021271892 
381 213 11 16 0.02125971 
421 46 18 24 0.021255322 
142 347 13 16 0.021252995 
293 219 23 28 0.021239331 
459 414 25 31 0.021237226 
839 196 11 14 0.021229966 
663 20 11 13 0.021223882 
790 172 10 13 0.02121912 
8 177 21 29 0.021215407 
290 597 13 17 0.021196827 
871 221 10 14 0.021191878 
542 36 11 13 0.021178994 
734 344 12 15 0.021173773 
830 107 12 16 0.021165732 
605 511 20 27 0.021161223 
663 155 11 16 0.02116012 
147 400 22 32 0.021156056 
999 491 14 18 0.021146063 
893 48 12 16 0.021134049 
349 108 10 13 0.021116648 
252 471 15 20 0.021089882 
168 0 10 11 0.021062495 
973 178 11 15 0.021053389 
475 101 17 25 0.021027679 
664 143 22 27 0.021017596 
207 60 11 14 0.021013023 
926 46 19 25 0.02100817 
749 165 20 24 0.021006156 
751 20 10 13 0.020991873 
-1 35 9 17 0.020984676 
150 189 11 14 0.020983214 
517 428 15 19 0.020980038 
350 19 11 13 0.020973785 
344 0 10 10 0.020957118 
821 125 13 18 0.020951655 
493 600 11 16 0.02093535 
886 196 12 17 0.020915186 
956 585 24 31 0.020913959 
862 182 10 12 0.02090597 
484 340 13 18 0.020904016 
367 594 11 14 0.02089625 
653 627 12 15 0.020890286 
558 630 13 15 0.020885728 
172 133 10 15 0.020885084 
465 27 22 28 0.020876162 
947 464 19 24 0.020875994 
341 171 10 14 0.020869108 
987 163 20 25 0.020847304 
401 140 10 12 0.020847075 
793 504 21 26 0.020826668 
37 59 11 14 0.020825226 
788 308 13 16 0.02081564 
675 161 12 15 0.02080824 
702 366 11 14 0.020795414 
901 574 13 18 0.020789733 
167 286 10 13 0.020784643 
149 282 11 15 0.020783197 
420 409 15 20 0.020781852 
985 52 11 15 0.020781746 
555 586 12 17 0.02077966 
956 447 13 17 0.020759046 
980 96 13 17 0.02073007 
757 180 11 15 0.020718098 
609 109 11 13 0.020713365 
285 556 14 16 0.020699924 
965 312 19 22 0.020690855 
769 100 11 15 0.020686228 
480 535 21 27 0.020674838 
79 79 8 11 0.020670505 
955 365 11 14 0.02066319 
853 89 12 15 0.02066021 
924 516 21 25 0.020656558 
312 31 8 11 0.02065057 
357 210 23 30 0.020647278 
863 196 10 13 0.020628624 
183 3 19 23 0.020624597 
654 75 10 15 0.02062395 
290 187 12 15 0.020593002 
923 28 13 16 0.020583244 
345 3 13 15 0.020557534 
732 146 13 16 0.020549169 
2 186 15 21 0.020544589 
465 580 13 17 0.020532608 
1013 27 10 14 0.020513756 
342 152 19 25 0.020510443 
805 58 12 14 0.020504454 
800 16 21 26 0.02049526 
373 171 10 14 0.020478006 
789 284 10 13 0.020474793 
357 129 11 14 0.02047404 
813 3 10 13 0.020471776 
133 212 11 14 0.02045609 
966 461 13 15 0.020449748 
79 234 13 17 0.020443864 
232 44 11 14 0.02044028 
391 188 19 23 0.020440107 
627 183 10 12 0.020439062 
877 198 12 16 0.020439032 
749 474 13 15 0.020433744 
867 165 12 15 0.020432936 
908 67 11 16 0.020405654 
657 107 21 27 0.02039828 
123 175 11 15 0.020382835 
542 44 12 14 0.020382402 
361 92 9 13 0.020362819 
232 331 10 13 0.020360362 
196 332 11 15 0.020354267 
882 32 22 26 0.020353645 
926 192 19 22 0.02035112 
814 105 12 16 0.020336414 
630 26 11 14 0.020334493 
256 44 10 13 0.020329418 
607 116 11 13 0.020327989 
102 96 9 12 0.020320881 
476 96 10 13 0.020314518 
77 38 10 12 0.020303166 
829 27 12 16 0.020300543 
87 72 9 11 0.020290999 
686 108 13 17 0.020288225 
731 156 12 16 0.020266648 
951 498 13 18 0.020264799 
446 585 13 18 0.02026186 
947 108 13 17 0.02026139 
263 179 13 17 0.020260472 
960 570 21 30 0.020242006 
310 13 10 14 0.020230968 
588 27 11 13 0.020224418 
549 340 11 17 0.020205395 
85 135 12 13 0.020197215 
222 397 11 16 0.020179423 
39 78 9 12 0.020178627 
351 68 9 12 0.020164747 
884 66 13 16 0.020160254 
640 534 11 15 0.020141253 
325 82 10 14 0.020125723 
724 478 12 16 0.020125046 
435 86 19 25 0.02012008 
261 563 15 22 0.020119442 
133 387 13 17 0.020110996 
319 322 31 45 0.020108135 
1010 89 13 17 0.020101372 
629 189 9 11 0.020098975 
173 171 11 14 0.02009028 
637 30 10 13 0.020087253 
643 73 13 17 0.020072572 
493 522 13 17 0.020059247 
164 605 15 18 0.020046141 
779 412 13 19 0.020028027 
671 102 10 13 0.02001673 
707 573 13 17 0.020010822 
265 463 14 21 0.020008365 
233 101 11 13 0.020007098 
493 501 11 14 0.020001765 
