2_Demonstration_Political_Rally_2_319
945
616 457 33 45 0.9911584 
668 445 23 33 0.9657904 
116 443 25 31 0.963086 
392 464 28 36 0.9503011 
159 489 22 30 0.9211616 
717 532 27 49 0.91552204 
459 437 16 26 0.8539646 
180 382 12 16 0.83839756 
48 457 22 28 0.64051074 
875 389 10 13 0.5339992 
308 422 14 17 0.5275378 
851 428 17 26 0.50968605 
45 564 28 50 0.48318714 
191 413 16 20 0.42643344 
220 394 12 17 0.39675608 
837 568 44 70 0.39038563 
686 403 9 14 0.37671444 
0 397 10 14 0.3694547 
511 481 15 19 0.3668512 
175 420 12 16 0.35837087 
74 350 8 12 0.34704736 
24 365 9 13 0.3450493 
344 365 9 11 0.34050772 
455 373 11 15 0.33235484 
797 397 9 12 0.3316605 
223 349 9 11 0.3250344 
846 398 10 13 0.3095644 
734 472 26 31 0.3014998 
158 386 14 17 0.2918734 
319 341 9 13 0.29176596 
271 355 10 14 0.29002523 
301 477 16 23 0.2862136 
744 374 8 11 0.2791899 
133 684 27 43 0.26074424 
956 401 12 15 0.2503215 
277 355 12 16 0.24508984 
109 446 19 28 0.24356934 
468 392 16 19 0.2365347 
809 453 16 20 0.22762707 
233 358 9 12 0.22695802 
243 379 11 16 0.22528867 
192 357 9 13 0.22387011 
861 437 13 21 0.22345948 
744 403 11 15 0.22062987 
76 382 10 13 0.21900973 
302 358 9 12 0.21532106 
237 402 12 18 0.20975602 
36 390 10 14 0.20725387 
970 396 15 18 0.20422877 
862 375 8 11 0.20324141 
724 398 10 13 0.19511983 
211 446 19 22 0.1929896 
872 384 10 14 0.18788667 
30 461 13 19 0.18706068 
261 377 11 15 0.18351382 
896 391 10 13 0.17487337 
112 333 8 9 0.1733101 
62 374 9 12 0.17320165 
77 388 10 12 0.17092362 
111 368 8 11 0.16830133 
765 420 12 15 0.1672789 
389 404 12 17 0.15771148 
199 381 10 14 0.15765664 
57 459 21 29 0.15618002 
330 325 8 12 0.1537889 
23 359 9 12 0.15190525 
386 410 15 19 0.15130576 
334 412 10 15 0.15063289 
493 383 16 21 0.15025003 
275 450 13 19 0.14735113 
37 457 20 27 0.14593807 
119 319 8 10 0.14536192 
1007 357 8 12 0.14441952 
583 521 30 37 0.1430343 
57 373 9 12 0.13756509 
422 363 11 13 0.1353941 
831 367 9 11 0.13501452 
960 364 8 11 0.13416518 
325 342 9 12 0.13410358 
112 317 8 10 0.13248579 
893 447 12 18 0.13135311 
165 366 9 11 0.13096082 
87 366 10 12 0.12989616 
604 438 12 19 0.1293512 
56 319 7 9 0.129317 
324 396 16 20 0.12844647 
405 364 12 14 0.12543526 
95 351 9 11 0.12492082 
374 358 9 12 0.12285305 
63 320 7 8 0.122527055 
756 527 33 48 0.120904654 
862 380 9 12 0.11910965 
966 365 9 11 0.11897813 
136 368 8 10 0.11871445 
995 492 15 20 0.1161214 
189 381 10 14 0.11596698 
192 333 7 10 0.11541893 
529 438 24 32 0.11443267 
277 467 21 29 0.11361041 
880 372 10 12 0.112935625 
447 438 22 28 0.11210569 
533 390 12 15 0.110668205 
266 355 9 12 0.11041407 
280 342 9 11 0.11025774 
685 411 12 16 0.10784455 
43 451 17 23 0.10778259 
312 373 11 14 0.10752759 
96 333 9 11 0.10731529 
800 403 10 12 0.10688682 
793 391 9 13 0.10679962 
315 381 12 15 0.10657058 
827 459 21 29 0.106150985 
415 364 11 12 0.10553205 
201 342 8 10 0.10519765 
104 335 8 10 0.10417386 
405 370 13 16 0.10359704 
88 327 9 12 0.10358676 
814 367 8 10 0.1023546 
524 434 16 24 0.10230015 
255 331 9 13 0.10225454 
238 387 11 16 0.1012705 
767 414 11 14 0.100015365 
783 419 9 13 0.09970983 
503 420 24 39 0.099663004 
229 402 13 18 0.09881394 
808 360 8 9 0.098567046 
681 401 11 15 0.09854798 
182 354 11 14 0.09664737 
401 360 9 10 0.09582312 
381 415 17 22 0.095519125 
748 398 12 16 0.09519534 
182 525 41 51 0.094911315 
400 364 10 13 0.09427026 
205 341 8 10 0.094187014 
103 342 8 9 0.09326785 
256 326 11 13 0.093136415 
900 404 11 13 0.09305027 
899 396 11 14 0.09301883 
142 372 10 12 0.092736185 
589 399 23 26 0.09235832 
173 414 12 15 0.09179196 
5 372 10 13 0.091752574 
989 364 10 12 0.091173746 
102 350 8 11 0.09029641 
312 524 21 31 0.08998588 
16 348 9 11 0.08967215 
111 391 9 12 0.08943742 
1007 364 11 14 0.08921688 
290 464 23 33 0.08805367 
31 318 8 10 0.08698992 
817 391 8 10 0.0862475 
890 356 8 11 0.08599622 
111 329 8 9 0.08599523 
257 319 9 10 0.085568435 
78 343 9 11 0.08479993 
368 380 10 14 0.08366519 
246 368 9 12 0.08301057 
816 397 9 12 0.08228354 
830 383 9 11 0.08214988 
1001 352 8 10 0.08195799 
726 389 12 14 0.081027545 
855 389 10 14 0.08080793 
721 402 10 15 0.08056674 
510 421 13 21 0.080404975 
246 343 8 10 0.079959475 
800 359 7 10 0.079318464 
628 419 14 18 0.07872583 
378 470 24 30 0.078465074 
574 444 12 17 0.07774627 
40 303 7 10 0.07731217 
127 375 10 12 0.07727961 
241 343 8 11 0.0772378 
16 334 8 10 0.076646395 
620 388 11 14 0.076572426 
865 367 8 11 0.07654867 
41 441 17 21 0.07628018 
614 386 12 16 0.075869836 
343 371 10 13 0.075852536 
93 327 9 13 0.07571878 
880 357 8 10 0.07550094 
694 381 9 11 0.075399354 
0 371 10 15 0.07533016 
80 326 7 10 0.075098895 
175 375 12 15 0.074237846 
-1 331 8 13 0.074174576 
325 389 11 14 0.07398289 
901 390 10 13 0.073959224 
73 355 8 12 0.07376096 
523 366 12 14 0.0736176 
745 380 9 11 0.07335335 
862 390 10 14 0.07331538 
825 436 9 13 0.073207125 
807 399 9 12 0.07315557 
435 413 14 18 0.07248709 
79 396 11 15 0.07212302 
870 394 11 14 0.07189901 
192 328 8 10 0.07184758 
204 379 12 15 0.0717096 
1013 379 10 14 0.071660295 
869 367 8 10 0.07165413 
966 375 9 11 0.071593925 
925 377 9 11 0.07066326 
50 319 7 9 0.070491455 
73 304 8 10 0.07036469 
865 359 7 9 0.06959255 
839 367 8 11 0.06947436 
966 379 10 12 0.069240205 
688 373 10 13 0.06914314 
318 386 12 15 0.068847254 
15 327 8 10 0.0682579 
246 348 9 12 0.06769981 
278 325 8 10 0.067325145 
309 356 10 12 0.06697186 
985 359 9 12 0.06665668 
849 357 7 9 0.06617447 
152 367 9 11 0.065930985 
63 326 8 10 0.06586901 
148 412 11 15 0.06572165 
270 335 8 10 0.065643996 
509 369 11 15 0.06511428 
318 347 10 13 0.064970866 
271 457 22 33 0.06457985 
213 379 12 16 0.06426595 
393 339 9 12 0.06395109 
118 335 8 9 0.063873515 
228 351 10 13 0.063516416 
872 413 11 14 0.0634941 
47 381 10 14 0.06344776 
964 400 15 17 0.06340115 
847 367 8 10 0.063027695 
888 389 9 12 0.06293632 
552 421 25 36 0.0625702 
112 312 8 11 0.06251246 
89 357 10 12 0.062322844 
17 357 9 11 0.06224183 
870 384 17 23 0.062231235 
761 458 20 31 0.06195149 
287 374 10 12 0.061802514 
872 359 8 9 0.061185643 
48 327 8 11 0.06073931 
296 326 9 11 0.060253132 
32 393 11 15 0.060156006 
848 352 7 9 0.06003836 
222 374 10 13 0.059642397 
384 350 9 11 0.059377067 
793 357 8 11 0.059362106 
1008 388 11 14 0.05927422 
586 438 23 26 0.059173685 
566 333 13 15 0.059055027 
272 362 11 13 0.059020266 
856 336 8 10 0.058865655 
6 327 8 11 0.058804654 
206 365 9 12 0.058683082 
2 401 12 16 0.058623686 
104 389 9 13 0.058613427 
693 375 9 12 0.05849117 
370 356 10 12 0.05847971 
790 365 9 11 0.05839948 
894 359 7 10 0.058334444 
606 327 23 29 0.05822513 
314 341 10 12 0.057765316 
175 321 8 10 0.057654373 
9 349 8 11 0.057615258 
30 359 9 12 0.057554364 
80 334 9 10 0.057505604 
397 338 11 13 0.05730709 
871 341 7 10 0.057271544 
863 337 9 11 0.057269152 
808 380 9 11 0.056928687 
799 412 11 14 0.0567279 
248 333 9 11 0.056684744 
206 336 9 11 0.056622464 
432 333 10 12 0.05658419 
855 342 8 10 0.056385312 
902 411 11 13 0.056184307 
832 359 9 11 0.056181606 
372 341 9 11 0.056038946 
296 352 9 12 0.056005254 
1012 370 12 16 0.055969164 
31 325 10 12 0.055764396 
238 364 11 12 0.05547837 
374 335 9 11 0.055273157 
983 350 9 12 0.05510759 
498 417 20 30 0.05501607 
990 398 11 13 0.0550052 
22 349 8 11 0.05471045 
151 349 11 13 0.05464425 
710 394 10 13 0.054431226 
825 368 8 10 0.054135304 
734 390 8 11 0.05386888 
953 373 8 10 0.053855557 
460 365 11 14 0.053852018 
957 340 8 11 0.053800486 
105 368 9 11 0.05377855 
119 389 9 13 0.053776544 
809 364 8 10 0.053617254 
706 542 44 58 0.053493697 
280 335 9 11 0.05348747 
382 327 9 11 0.053220283 
592 409 24 27 0.05290077 
171 420 20 26 0.052880827 
224 355 10 13 0.05282706 
677 343 15 20 0.052756496 
1000 366 9 13 0.052571077 
404 466 27 32 0.052570935 
312 350 9 12 0.05246747 
71 403 11 16 0.052153677 
105 395 10 13 0.05214811 
38 318 9 10 0.05213355 
286 364 10 13 0.05199625 
295 363 12 14 0.051982734 
206 325 9 11 0.051950492 
72 325 8 11 0.051831335 
825 372 8 11 0.05172254 
898 427 13 17 0.051505495 
594 424 23 28 0.051470667 
64 312 7 8 0.051459666 
196 407 12 15 0.051429678 
814 580 58 78 0.051319428 
197 350 9 12 0.051180802 
954 366 8 10 0.051120076 
178 351 9 13 0.051113803 
331 403 13 19 0.05088076 
983 382 9 11 0.050850466 
369 350 9 11 0.05080211 
226 396 14 18 0.050406422 
166 371 10 13 0.05039029 
372 414 19 27 0.0501624 
302 412 15 20 0.049979508 
278 321 8 9 0.049898446 
818 455 21 29 0.04986667 
158 371 11 13 0.049737804 
382 364 10 13 0.049526062 
538 452 16 20 0.049518358 
128 334 8 10 0.049401984 
428 355 11 13 0.04886826 
572 531 26 36 0.048787117 
823 344 7 9 0.048744656 
70 376 11 14 0.048722144 
535 333 8 12 0.048576396 
877 393 11 14 0.04857188 
888 396 9 13 0.048507806 
117 366 9 12 0.048460543 
736 549 17 25 0.04837076 
63 368 9 11 0.048329268 
814 360 8 10 0.048240505 
853 395 10 14 0.048224766 
90 351 8 11 0.048085473 
239 326 9 11 0.04780608 
519 371 13 16 0.047745883 
743 437 14 17 0.047707357 
870 578 47 60 0.047607686 
78 376 10 12 0.047341287 
284 350 10 13 0.047340415 
825 382 9 12 0.047209587 
55 326 9 11 0.047093045 
364 425 13 19 0.047015835 
1002 489 15 20 0.04677368 
296 321 8 10 0.046669398 
904 374 7 10 0.0466658 
512 427 26 39 0.04656035 
240 349 9 12 0.04654664 
37 326 11 13 0.04638675 
34 302 7 10 0.046122044 
126 319 8 10 0.046044875 
273 321 9 11 0.045989446 
15 372 10 13 0.045891203 
272 341 8 9 0.04582096 
381 357 10 13 0.045728683 
808 376 7 10 0.04571594 
284 358 10 14 0.045605198 
39 382 11 15 0.04538124 
241 412 23 31 0.04520642 
384 331 9 12 0.045205288 
800 375 8 11 0.045157112 
823 389 9 11 0.045104533 
338 409 15 21 0.044740297 
25 320 7 10 0.044666372 
218 309 10 12 0.044651296 
297 332 9 12 0.0443984 
766 406 11 13 0.044308327 
118 397 9 12 0.044231206 
56 367 9 12 0.044169508 
906 350 7 11 0.044143815 
400 370 12 15 0.044053838 
406 378 13 16 0.04397636 
169 499 16 23 0.043968394 
766 531 43 57 0.04395576 
979 396 12 16 0.04379406 
39 310 8 10 0.04376349 
892 435 15 21 0.043695103 
910 413 10 12 0.043634713 
220 378 13 17 0.043627866 
129 327 7 9 0.04358386 
72 321 7 8 0.04336667 
168 410 12 15 0.043192204 
751 389 8 11 0.043188997 
773 413 10 14 0.043087263 
215 365 10 12 0.04307695 
199 325 9 10 0.042858586 
160 486 37 48 0.04278537 
519 359 10 13 0.042710662 
717 412 11 15 0.04235023 
911 348 8 11 0.04233588 
50 565 44 59 0.042298842 
255 379 13 15 0.042020246 
436 412 21 28 0.042008057 
73 309 8 10 0.04200197 
502 370 13 17 0.041935667 
574 536 16 22 0.04186602 
77 309 9 10 0.041757293 
412 369 12 16 0.04171655 
888 383 9 12 0.04166947 
878 343 8 9 0.04166481 
326 347 10 13 0.04162705 
94 387 13 15 0.041481856 
38 410 10 13 0.04144293 
263 332 9 12 0.041190498 
744 466 25 33 0.041178014 
398 419 13 18 0.041035566 
79 322 7 9 0.040903516 
348 373 11 13 0.040714037 
9 304 7 9 0.040712986 
794 350 8 12 0.040563293 
1001 356 9 12 0.04046727 
93 355 9 12 0.0401337 
543 357 11 14 0.040113512 
369 335 9 12 0.039975118 
904 384 9 12 0.039963305 
793 343 8 11 0.039788514 
909 389 9 11 0.03970626 
773 419 10 15 0.039692804 
149 472 39 50 0.03962175 
829 429 13 17 0.03947495 
230 342 8 11 0.039349854 
494 425 14 23 0.03934664 
870 373 9 11 0.039321367 
373 349 10 13 0.039148048 
909 407 10 12 0.038953073 
291 379 13 14 0.038910132 
151 320 8 9 0.038829055 
710 421 11 14 0.038782362 
234 589 23 32 0.038687263 
206 528 40 50 0.038667135 
514 423 15 25 0.038640864 
280 381 10 13 0.03857674 
198 362 11 13 0.03845762 
53 380 10 13 0.03845692 
800 364 8 11 0.038258232 
333 348 9 12 0.03816161 
20 342 9 12 0.038048286 
97 342 9 10 0.038032528 
758 403 11 14 0.037903793 
872 406 10 12 0.0378701 
855 578 31 50 0.037808247 
302 352 10 13 0.037715912 
121 382 10 12 0.03770881 
821 405 10 13 0.037607256 
359 419 12 18 0.03759195 
921 379 10 13 0.03759037 
710 411 11 15 0.037486494 
57 312 7 9 0.037480477 
77 303 8 11 0.037386224 
134 333 9 11 0.037323117 
910 383 8 11 0.03726579 
472 443 15 19 0.037102103 
876 533 38 48 0.03692787 
292 371 12 15 0.036865514 
250 412 16 20 0.03684605 
952 382 9 12 0.036785748 
67 449 15 21 0.036775615 
824 351 7 8 0.03671433 
107 319 7 10 0.036691215 
337 366 9 12 0.036565598 
93 367 9 11 0.036548685 
184 326 8 11 0.036513034 
870 418 14 18 0.036490243 
819 544 39 72 0.03637606 
887 522 49 51 0.036367703 
350 380 11 14 0.03631956 
254 366 10 12 0.03628996 
309 364 12 15 0.03627579 
692 403 13 18 0.036200475 
159 303 7 10 0.03619804 
821 452 12 17 0.03618149 
494 401 16 20 0.036167327 
151 326 10 11 0.036005657 
200 335 9 11 0.03600145 
734 396 10 14 0.035955254 
529 333 8 11 0.035851084 
15 304 7 9 0.03573112 
391 365 9 12 0.035693843 
46 301 9 11 0.03547536 
532 370 14 17 0.035466768 
88 321 8 10 0.035427116 
953 341 9 12 0.03536556 
550 332 9 12 0.035318628 
968 389 13 16 0.03527317 
319 397 13 18 0.035207573 
709 427 13 17 0.035163216 
152 311 8 9 0.03511309 
442 421 24 31 0.03499779 
953 388 9 12 0.034784783 
165 360 10 12 0.034727808 
335 379 11 15 0.034575775 
839 403 11 13 0.034554914 
314 325 8 11 0.03448232 
853 404 10 12 0.034394722 
180 414 13 16 0.034253486 
218 348 9 12 0.03424827 
145 327 8 10 0.034203872 
959 381 10 12 0.034174617 
748 440 14 19 0.03413358 
193 341 9 11 0.034100737 
158 348 10 13 0.034097597 
770 459 15 22 0.034076657 
255 357 10 12 0.03407329 
106 311 7 10 0.03403262 
924 410 12 15 0.034025755 
952 323 10 13 0.034012534 
855 351 7 10 0.033881724 
64 411 11 15 0.033855468 
44 385 12 17 0.033744887 
602 364 13 15 0.03368054 
243 394 12 18 0.033648446 
785 365 10 13 0.033633284 
841 343 7 10 0.03351214 
286 335 8 10 0.03351106 
318 356 9 11 0.033416554 
119 314 8 10 0.03339675 
518 377 12 16 0.033321813 
615 371 11 14 0.033189576 
802 540 42 68 0.03310624 
814 382 10 11 0.033094425 
47 332 9 12 0.03308486 
55 331 10 12 0.033025425 
540 432 26 35 0.032971665 
838 427 12 17 0.032940682 
158 327 9 11 0.03290426 
277 449 22 33 0.032714196 
651 340 11 14 0.032543443 
223 365 10 12 0.032516178 
113 302 7 10 0.032412786 
584 332 12 15 0.03238856 
383 372 10 13 0.032361448 
959 372 10 12 0.032323755 
578 446 18 21 0.03227582 
825 443 11 16 0.032230172 
975 366 8 10 0.032187857 
998 388 10 12 0.032179613 
183 343 8 11 0.03208146 
206 360 9 11 0.03206528 
106 328 7 10 0.032013074 
796 429 12 16 0.031938005 
347 479 14 19 0.03191826 
5 566 45 65 0.03191189 
144 333 9 11 0.031809628 
741 533 39 54 0.031600215 
612 393 13 19 0.031599108 
991 389 11 13 0.031467944 
567 441 22 29 0.031436816 
145 320 7 9 0.031351045 
894 383 10 14 0.031148825 
913 334 7 10 0.03113146 
886 367 8 9 0.031105071 
825 359 7 10 0.031067664 
27 370 11 14 0.030993387 
799 381 9 11 0.030979987 
390 460 15 23 0.030969303 
242 403 13 18 0.0309628 
16 319 8 11 0.030936493 
222 325 9 11 0.03093493 
491 429 21 35 0.030922359 
808 389 9 11 0.03090446 
620 326 12 16 0.030831609 
351 319 7 9 0.030719046 
26 460 23 32 0.03070777 
17 365 10 13 0.030679759 
68 455 23 31 0.030645728 
499 392 14 19 0.030468326 
897 374 8 11 0.030377502 
599 386 24 29 0.030268617 
26 459 12 17 0.030194644 
49 584 29 48 0.0301906 
464 389 13 17 0.030178072 
792 383 9 12 0.030175976 
528 348 9 12 0.0301741 
756 448 22 31 0.03012774 
524 376 14 18 0.030080881 
700 403 16 19 0.030042501 
854 358 8 9 0.029874079 
270 456 15 20 0.029799063 
145 350 9 11 0.029786512 
856 368 8 10 0.029757133 
979 523 25 32 0.029632835 
868 430 25 32 0.029618908 
991 372 9 12 0.0296184 
186 386 11 14 0.029606657 
374 411 12 18 0.029501187 
95 301 8 12 0.02949426 
448 372 13 16 0.029493665 
703 390 11 13 0.029396763 
502 349 9 11 0.029352415 
40 365 9 11 0.029282615 
748 383 9 11 0.029277261 
83 455 17 23 0.029235227 
268 381 10 14 0.029173262 
94 321 8 9 0.02914781 
119 326 8 9 0.029140726 
724 480 18 21 0.029085763 
14 396 11 15 0.029068151 
8 343 9 11 0.029066348 
958 336 9 11 0.029015183 
396 411 13 18 0.029001154 
244 410 14 21 0.028908256 
735 403 11 15 0.028900594 
55 359 10 12 0.028885484 
840 358 7 10 0.028846074 
328 332 9 13 0.028731903 
238 380 19 25 0.028716305 
33 312 8 9 0.028663741 
373 405 11 15 0.02862562 
232 334 8 11 0.028585078 
255 340 9 11 0.028584056 
444 448 16 22 0.02846698 
975 375 9 11 0.028429935 
975 343 10 12 0.02838584 
719 392 12 14 0.028312834 
895 423 11 13 0.028271887 
943 562 46 57 0.028211534 
72 296 7 10 0.028182985 
120 340 9 12 0.028148897 
336 374 10 13 0.02814454 
285 419 14 19 0.028114166 
68 409 12 17 0.028086592 
7 356 9 12 0.02807227 
750 355 9 12 0.028022373 
816 402 11 14 0.028007137 
0 574 28 44 0.027959246 
694 386 11 14 0.02793423 
420 368 13 16 0.027891852 
519 332 9 11 0.02781145 
551 440 25 34 0.027775386 
325 381 13 17 0.027743645 
984 373 9 12 0.027731473 
877 405 11 13 0.027716886 
506 621 57 70 0.027706401 
200 319 9 13 0.027640289 
496 343 9 11 0.027586866 
901 422 12 14 0.027548345 
973 381 11 12 0.027540384 
24 325 8 10 0.027513979 
531 386 21 26 0.027496506 
725 411 14 17 0.027459431 
128 368 9 12 0.027440606 
62 332 8 11 0.027440127 
819 343 7 9 0.027403394 
111 359 9 11 0.027402991 
504 333 8 10 0.027388005 
683 407 19 25 0.02735835 
230 388 12 17 0.027322426 
748 410 10 14 0.027305048 
215 374 11 14 0.027288817 
54 347 10 13 0.027223859 
847 371 8 11 0.027159838 
163 426 22 29 0.0271459 
807 420 8 12 0.027107991 
64 303 8 10 0.027082643 
207 397 11 15 0.027071241 
81 367 9 11 0.027064348 
87 342 8 10 0.027041087 
311 385 13 17 0.027002241 
56 303 8 10 0.026999855 
346 318 9 10 0.026994346 
837 425 21 27 0.02694145 
830 388 9 11 0.02683418 
86 388 11 15 0.026798105 
269 374 10 14 0.026749002 
93 373 9 11 0.026746681 
142 379 11 14 0.026711827 
48 375 11 14 0.0266987 
264 341 9 10 0.026665634 
686 389 11 15 0.026642565 
38 359 10 12 0.026600614 
290 447 18 24 0.026592145 
311 309 10 11 0.026560647 
205 403 12 15 0.026541015 
982 388 10 13 0.026479138 
254 451 13 17 0.02643379 
807 445 14 17 0.02643174 
791 428 11 15 0.026416112 
957 407 14 19 0.026393674 
831 397 10 12 0.026389573 
798 352 8 10 0.026316421 
248 327 10 13 0.02630621 
605 388 14 17 0.026292667 
606 331 14 18 0.026257066 
431 443 20 28 0.026243472 
319 325 8 11 0.026240809 
110 349 9 12 0.026232813 
610 400 14 21 0.02615185 
998 380 11 14 0.026148263 
733 412 12 17 0.02613701 
472 398 16 20 0.026127921 
956 389 12 15 0.026092947 
959 399 25 30 0.026020205 
708 404 12 15 0.026006343 
847 437 24 32 0.02598706 
903 368 8 9 0.025923345 
788 421 10 13 0.025863282 
47 342 10 12 0.025834553 
806 435 13 16 0.025756838 
887 428 11 16 0.025745675 
1005 405 12 16 0.025738427 
151 342 11 13 0.025713481 
88 301 10 11 0.02568026 
22 334 8 10 0.025670098 
32 297 7 9 0.025667146 
144 358 9 11 0.02565772 
367 411 12 19 0.025619317 
896 366 8 9 0.025562482 
159 332 10 13 0.025557172 
134 327 8 11 0.02555 
943 405 10 12 0.025543628 
158 412 11 15 0.025522424 
131 380 12 15 0.025497982 
634 417 14 17 0.02544443 
848 344 8 9 0.025391126 
231 381 12 15 0.025361544 
815 372 9 11 0.025318729 
365 499 13 16 0.025311792 
452 367 20 24 0.025281265 
937 294 26 36 0.025255088 
864 351 8 10 0.02524148 
896 412 11 13 0.025173029 
918 411 11 14 0.02516021 
127 312 8 9 0.025149768 
726 382 11 12 0.025136637 
358 367 10 13 0.0251211 
137 455 16 20 0.025076933 
652 446 26 32 0.025052404 
995 404 14 18 0.025050396 
3 391 13 16 0.025029628 
341 377 12 15 0.025026843 
283 456 40 52 0.02498377 
264 312 7 9 0.024979336 
942 413 9 12 0.024953354 
159 359 12 14 0.024948718 
436 407 13 15 0.024900451 
701 383 10 12 0.024899995 
207 348 8 11 0.024836432 
191 376 10 14 0.024801675 
192 322 8 10 0.024799423 
539 449 28 30 0.024763612 
773 427 11 14 0.024704112 
215 325 9 11 0.024703618 
151 331 10 12 0.024696851 
302 421 23 28 0.024696644 
168 311 7 10 0.024684822 
647 335 12 15 0.024678133 
216 389 12 18 0.024661915 
532 379 14 18 0.024634859 
517 350 10 12 0.024627013 
461 358 13 15 0.024614688 
859 425 22 30 0.024575371 
837 382 9 11 0.024561014 
743 408 12 17 0.024502188 
96 310 7 10 0.02449265 
490 406 24 32 0.024444038 
16 602 77 115 0.024351023 
186 333 8 11 0.024342392 
227 527 38 51 0.024333399 
535 328 10 12 0.024311487 
93 295 10 12 0.02429529 
5 377 12 15 0.024284687 
852 449 13 19 0.024282916 
75 450 16 21 0.024239084 
190 351 17 24 0.024184225 
732 398 19 25 0.02417454 
492 371 21 27 0.024123678 
7 332 8 11 0.024090638 
355 451 15 19 0.024086969 
269 413 10 15 0.02406127 
261 385 13 16 0.024042228 
664 448 17 24 0.0239926 
47 365 10 11 0.023972798 
153 303 8 10 0.023951823 
767 410 18 25 0.02390554 
510 388 12 15 0.023889836 
411 386 12 15 0.023881836 
351 349 10 12 0.023851987 
883 586 54 65 0.023804083 
651 474 14 18 0.023801602 
852 423 13 19 0.023790363 
781 428 12 15 0.023769073 
466 398 25 33 0.023711741 
255 351 9 12 0.023706747 
857 327 7 10 0.023702377 
991 350 9 11 0.023679249 
104 355 8 11 0.023588924 
582 526 48 60 0.023556717 
25 453 10 15 0.023550127 
280 372 11 14 0.023544753 
22 360 18 23 0.023541374 
100 427 40 51 0.023539899 
254 386 12 15 0.023514733 
301 326 8 11 0.023471816 
605 346 14 16 0.023367321 
703 396 12 14 0.023317643 
88 311 7 10 0.023280155 
198 444 26 28 0.02327298 
48 311 8 10 0.02326759 
809 354 6 8 0.023232194 
788 412 12 15 0.02319288 
290 421 21 24 0.023191858 
745 351 9 12 0.02316082 
317 410 13 19 0.023158386 
96 458 23 30 0.023127219 
799 342 8 10 0.02311717 
240 333 9 11 0.023033112 
9 311 8 10 0.023000391 
847 423 12 17 0.022996759 
831 404 10 15 0.022911938 
118 359 9 11 0.022855395 
700 430 23 29 0.022825232 
897 443 14 19 0.02281336 
23 395 11 15 0.022764396 
39 373 11 13 0.022738557 
916 428 14 17 0.022706369 
214 333 8 11 0.022690702 
31 389 19 24 0.022675226 
151 357 9 11 0.022655675 
163 508 31 42 0.022602944 
181 498 27 35 0.022601563 
734 384 9 10 0.022542395 
949 527 48 53 0.022511955 
909 419 10 14 0.02248722 
357 426 23 28 0.022441989 
351 313 8 9 0.022440488 
456 484 23 34 0.022434622 
886 413 10 13 0.022416849 
805 413 9 12 0.02239765 
1008 381 11 14 0.022342673 
821 440 20 26 0.022301652 
372 372 13 16 0.022291038 
238 320 9 10 0.022251982 
485 387 22 27 0.022238987 
47 360 9 11 0.022233278 
303 371 12 15 0.022231286 
778 560 90 116 0.022227276 
296 341 9 11 0.022212775 
563 417 21 34 0.022193504 
7 318 9 11 0.022168428 
332 387 12 16 0.022149593 
342 407 20 28 0.022148054 
153 386 12 16 0.022130854 
248 357 10 12 0.022124594 
446 491 23 31 0.022115393 
333 309 9 11 0.022096867 
718 481 15 20 0.022080481 
143 416 11 16 0.022063334 
216 302 10 13 0.022044608 
791 373 9 12 0.022001859 
165 332 10 13 0.021969324 
315 366 12 14 0.021889187 
32 331 11 13 0.021878507 
71 397 20 26 0.02187397 
1007 432 14 17 0.02185051 
57 443 23 33 0.021840973 
65 294 8 10 0.021787958 
402 413 14 17 0.021760972 
573 405 23 31 0.021719962 
32 383 10 13 0.021643158 
513 348 10 13 0.021553194 
392 358 8 11 0.021539882 
223 407 13 17 0.021516647 
718 392 19 24 0.021487786 
14 311 8 10 0.021469036 
503 461 26 36 0.021456825 
389 349 8 11 0.021416789 
348 360 10 12 0.021358678 
168 303 7 10 0.021353386 
72 333 9 11 0.021351611 
600 358 13 15 0.021348847 
604 369 14 17 0.02129197 
220 317 11 12 0.021291444 
729 550 58 75 0.021229742 
367 328 9 11 0.021219231 
382 487 24 31 0.0212127 
231 324 10 12 0.021201601 
39 348 9 11 0.021156194 
126 451 21 25 0.021113494 
517 388 13 15 0.021088906 
820 397 10 13 0.021040037 
881 352 8 11 0.02103911 
372 386 11 14 0.021024602 
790 465 13 17 0.021020208 
255 313 9 10 0.020979518 
822 411 11 14 0.02097352 
509 413 13 18 0.020926436 
378 344 20 25 0.020924749 
840 390 10 13 0.020919941 
388 666 56 64 0.020909075 
217 343 8 12 0.020895032 
22 491 10 14 0.02084453 
204 435 15 18 0.020819575 
501 479 26 29 0.020802876 
511 328 9 12 0.020719826 
270 388 10 15 0.020719634 
671 442 36 45 0.020689718 
813 435 12 15 0.020630218 
86 381 11 14 0.02062748 
13 491 13 15 0.020622509 
150 417 12 15 0.020619843 
991 344 8 10 0.020615352 
285 302 10 13 0.020558927 
659 434 27 37 0.020555856 
22 403 11 15 0.02054206 
996 396 11 15 0.020523788 
280 311 8 10 0.020509422 
62 444 14 18 0.020508373 
833 343 7 10 0.020499662 
509 407 43 53 0.020498866 
351 461 26 30 0.02046037 
397 327 10 12 0.020396458 
953 333 9 12 0.020348065 
582 452 26 32 0.020313222 
127 340 10 12 0.020282784 
952 348 9 12 0.02027131 
548 360 12 16 0.020249052 
144 311 8 9 0.020230226 
910 396 10 14 0.0202221 
126 411 13 16 0.020216042 
103 453 16 22 0.020193484 
542 332 8 12 0.020183308 
864 404 10 12 0.020169787 
113 296 9 11 0.020156777 
111 380 10 13 0.020142676 
108 436 15 23 0.020136178 
990 379 10 13 0.020126626 
134 341 9 11 0.02010628 
606 380 14 18 0.020044185 
465 480 25 34 0.020022832 
345 472 45 53 0.02000625 
42 376 20 25 0.020001153 
