2_Demonstration_Demonstrators_2_488
30
510 1 137 142 0.9997658 
228 39 118 164 0.9996892 
-3 71 37 53 0.9859606 
383 -1 44 32 0.8623516 
982 131 42 89 0.82252276 
448 82 77 132 0.5630519 
430 11 57 54 0.43039808 
151 35 67 88 0.31897852 
148 156 40 54 0.19188988 
162 172 19 25 0.08895611 
471 21 123 156 0.07892408 
187 28 105 151 0.068674244 
949 148 46 73 0.06703856 
399 6 54 51 0.05183539 
17 69 30 41 0.043842107 
92 121 23 31 0.04219012 
70 149 43 55 0.034543533 
994 170 32 52 0.03442345 
124 215 42 60 0.034152966 
199 51 56 84 0.033526734 
163 45 38 49 0.032062963 
262 -4 57 49 0.029778466 
152 74 56 89 0.029221047 
152 368 125 130 0.026008125 
109 367 102 118 0.024592737 
183 13 62 81 0.02458108 
86 408 28 34 0.023690948 
942 164 34 52 0.021555858 
147 175 17 23 0.020835811 
982 76 44 94 0.020796485 
