2_Demonstration_Demonstration_Or_Protest_2_419
76
29 404 51 75 0.99934465 
284 233 52 85 0.9962579 
25 593 81 84 0.9710986 
458 277 57 63 0.95380455 
785 172 70 89 0.9535545 
305 601 46 80 0.9452518 
638 479 50 80 0.79435426 
79 424 48 62 0.7286844 
136 407 41 59 0.7048111 
146 483 29 41 0.3725301 
768 293 52 70 0.34980735 
707 500 49 67 0.20909569 
455 288 32 40 0.20793793 
331 619 58 67 0.13941686 
362 604 54 70 0.10967432 
654 489 60 81 0.109666444 
125 405 33 50 0.094881825 
757 30 23 28 0.09469096 
149 410 49 68 0.084205754 
747 119 51 77 0.0799722 
876 306 42 54 0.07482752 
-6 474 38 58 0.068866655 
743 258 87 120 0.058208514 
748 121 80 130 0.055225555 
921 114 83 115 0.054929696 
86 454 48 69 0.05024103 
762 377 27 33 0.05014536 
636 494 31 49 0.049964644 
416 570 37 38 0.049432296 
543 10 13 16 0.049203575 
-2 383 30 37 0.042362258 
636 18 15 19 0.04229837 
969 245 54 68 0.041365433 
454 298 15 22 0.0405494 
971 268 16 22 0.038603783 
600 173 58 73 0.03832973 
0 603 33 50 0.03826132 
320 245 51 66 0.03762842 
2 405 44 70 0.03527014 
954 251 45 60 0.034676045 
962 256 25 38 0.03446304 
402 573 45 56 0.03434146 
173 416 49 66 0.033763282 
96 410 47 60 0.03325045 
140 456 47 70 0.033216834 
384 594 38 55 0.033070162 
996 584 14 18 0.032878127 
211 422 41 53 0.032544095 
566 10 15 17 0.03184866 
796 106 14 19 0.031273786 
828 13 16 20 0.030254658 
780 143 55 90 0.029699065 
672 3 16 18 0.029645514 
739 76 19 24 0.0280855 
749 628 29 35 0.028030686 
346 250 38 48 0.027958395 
791 194 45 54 0.027659746 
763 180 62 87 0.027250376 
722 432 50 62 0.026381059 
563 60 15 19 0.026250938 
10 589 52 70 0.026121419 
986 578 24 30 0.025108818 
806 3 14 16 0.024394395 
673 484 76 95 0.024093166 
983 585 42 66 0.023607899 
101 399 67 93 0.023178272 
661 580 12 17 0.023143627 
51 402 64 84 0.022917034 
528 27 12 15 0.022484973 
55 602 48 52 0.022292595 
571 4 16 17 0.022027154 
79 383 35 45 0.022015288 
834 58 25 32 0.021827908 
574 87 13 18 0.021446696 
644 4 16 17 0.02064621 
823 18 15 20 0.020507982 
