2_Demonstration_Political_Rally_2_641
70
430 181 48 62 0.99894184 
571 160 53 68 0.99859613 
117 127 49 66 0.9970084 
8 147 46 57 0.99538654 
518 160 44 61 0.9908276 
202 138 46 52 0.9675202 
293 142 48 67 0.96535784 
723 157 37 68 0.94836885 
645 153 36 66 0.9470214 
813 153 41 55 0.65908176 
847 131 28 49 0.65295815 
989 218 30 51 0.6135547 
533 100 31 38 0.5186804 
912 150 38 57 0.40807313 
169 141 24 34 0.26543924 
947 181 27 37 0.25121373 
828 147 36 48 0.15534978 
-2 188 21 39 0.14603542 
928 164 42 58 0.13616545 
44 441 26 32 0.11849133 
-2 423 12 24 0.11468837 
901 145 33 53 0.113161854 
186 137 40 44 0.11076802 
331 215 49 64 0.109699935 
204 418 23 30 0.10944812 
541 154 50 69 0.07983303 
859 132 43 59 0.0764365 
306 126 33 50 0.061436348 
537 118 19 26 0.05706478 
611 152 46 65 0.055612404 
705 153 42 66 0.05525922 
442 63 16 20 0.054859135 
606 142 35 50 0.05482463 
708 83 30 38 0.053079255 
336 181 49 67 0.051426906 
476 206 30 37 0.04873522 
960 186 24 31 0.045885704 
28 435 46 60 0.045675702 
418 121 31 44 0.042587586 
628 110 16 19 0.04167 
628 68 32 40 0.036391288 
697 88 44 57 0.035288956 
951 183 43 57 0.034986395 
835 143 50 65 0.0347134 
550 83 26 34 0.030543221 
795 167 28 40 0.02977921 
968 201 44 61 0.029573305 
445 55 14 17 0.02768075 
163 134 42 58 0.027604438 
659 155 44 65 0.0272706 
37 439 17 25 0.026977072 
946 170 15 23 0.026548391 
1010 215 14 22 0.026334595 
599 599 12 13 0.025202906 
391 154 41 55 0.025083547 
348 233 31 39 0.02406309 
921 491 109 173 0.023700148 
740 170 33 46 0.023552287 
700 111 44 57 0.023266418 
325 149 50 69 0.022790678 
137 117 43 65 0.022685258 
43 435 17 23 0.02253057 
932 186 47 69 0.021982942 
692 132 43 58 0.021413142 
495 67 11 14 0.021312201 
714 100 29 37 0.021235663 
607 43 10 14 0.020855796 
184 146 22 28 0.020807317 
412 147 44 53 0.02038177 
531 71 48 62 0.020168388 
