2_Demonstration_Protesters_2_148
62
697 250 110 141 0.99980456 
328 131 68 95 0.996854 
475 190 49 57 0.99673754 
392 369 86 130 0.99644864 
975 173 48 106 0.99001276 
669 223 51 72 0.9881521 
405 202 36 47 0.98270744 
609 243 52 59 0.97503555 
152 227 32 42 0.9631332 
685 223 87 120 0.53378236 
552 247 20 32 0.46586186 
641 229 56 70 0.30787757 
580 252 23 32 0.20353097 
229 211 10 12 0.15599674 
796 2 51 53 0.119076 
123 223 43 46 0.11063565 
6 228 40 60 0.1037821 
47 234 22 35 0.09478879 
584 242 42 50 0.08331053 
248 622 76 62 0.08126593 
258 628 42 43 0.061305694 
540 357 13 17 0.05620085 
28 326 43 61 0.055526067 
581 234 29 36 0.054005537 
820 288 58 81 0.052519917 
7 38 137 142 0.051426884 
168 231 25 33 0.048214864 
591 256 16 24 0.04754893 
564 251 26 34 0.04618957 
116 225 28 38 0.037521817 
225 208 9 12 0.036348686 
782 270 81 113 0.034125235 
46 351 33 42 0.032703992 
187 245 13 16 0.032293364 
471 290 36 46 0.031132134 
833 3 40 45 0.03079832 
194 260 14 16 0.030758927 
224 221 13 16 0.029656496 
233 578 133 124 0.029172296 
599 266 50 61 0.028705813 
253 143 14 16 0.028237823 
227 226 15 18 0.027790971 
597 228 27 34 0.026931016 
725 406 14 19 0.026072863 
193 237 25 29 0.025824696 
388 179 47 63 0.025052987 
21 243 31 33 0.024815727 
822 415 51 72 0.024321012 
180 239 22 28 0.024248434 
-3 243 50 80 0.024069399 
222 215 22 26 0.023638021 
214 205 9 12 0.02346641 
595 247 15 22 0.023025297 
58 233 15 25 0.023009378 
548 246 15 22 0.022696946 
676 214 34 48 0.022466669 
190 265 13 16 0.022155277 
600 240 30 36 0.021402624 
4 220 31 43 0.02133893 
127 197 10 12 0.020621289 
450 227 12 16 0.02060525 
7 303 48 75 0.020096684 
