2_Demonstration_Political_Rally_2_746
332
585 90 65 82 0.9995005 
851 2257 58 77 0.9988017 
586 368 58 71 0.9986072 
511 357 64 78 0.99849415 
168 2370 85 107 0.9966564 
357 2322 83 105 0.99337995 
203 2257 35 47 0.98690146 
782 1334 67 118 0.9798971 
595 2298 26 35 0.97672343 
753 2326 30 33 0.96955484 
58 2336 40 54 0.95153004 
130 2307 37 41 0.9122817 
964 118 40 57 0.9046119 
480 1313 17 22 0.6829601 
279 211 15 17 0.6200865 
309 2296 42 53 0.6076433 
721 1376 29 42 0.57478744 
862 140 13 16 0.50786626 
270 198 10 13 0.48240042 
331 194 19 22 0.3499567 
654 2286 23 35 0.3444731 
832 188 12 16 0.3402178 
488 1344 14 18 0.2999243 
834 215 12 18 0.27989703 
253 197 11 14 0.26579392 
286 1330 41 57 0.22055016 
883 117 15 21 0.1949307 
351 214 13 18 0.1925837 
250 1270 17 21 0.1851543 
174 1329 13 16 0.17449445 
341 2266 23 30 0.16619907 
207 1300 9 14 0.152871 
264 197 10 14 0.15168563 
281 1331 27 37 0.14558356 
297 2194 15 20 0.13979651 
444 1316 9 13 0.1371756 
342 2261 12 15 0.135714 
372 1326 43 60 0.13468441 
387 1273 12 18 0.13418259 
308 2282 23 30 0.13253553 
302 2279 19 28 0.12553467 
414 1318 9 12 0.11357136 
459 1363 14 17 0.11055799 
253 2002 17 21 0.10530538 
156 1323 15 19 0.10287981 
117 1288 15 19 0.10282076 
532 2314 13 17 0.10118481 
172 2247 23 31 0.09895815 
164 1326 12 16 0.09697788 
927 1327 15 21 0.095847316 
339 191 13 17 0.09410071 
150 566 263 207 0.09322858 
379 1265 21 30 0.09151084 
629 1341 34 52 0.0891091 
84 1236 42 59 0.08702158 
254 1294 11 14 0.08635819 
323 2284 29 37 0.08548314 
322 223 15 19 0.08268644 
330 2268 25 32 0.08204275 
256 2377 50 74 0.076982655 
159 1301 10 13 0.07599586 
702 1349 9 12 0.07536565 
110 1290 12 16 0.074824095 
219 1354 14 16 0.07432093 
468 1358 12 15 0.07258032 
100 494 108 140 0.071838856 
46 206 21 30 0.07138785 
622 325 42 52 0.07093921 
518 1342 10 14 0.06950644 
659 1357 13 18 0.06862258 
724 1370 13 18 0.068586625 
148 1319 11 15 0.06759879 
881 245 11 15 0.06742159 
295 1340 58 69 0.067322515 
404 1339 12 17 0.06653277 
179 1337 14 18 0.06588717 
300 212 15 19 0.06505692 
409 1317 10 13 0.063838765 
646 2294 18 23 0.062898 
302 233 12 18 0.06235525 
261 1301 11 13 0.062187336 
923 631 27 38 0.061664082 
722 1378 18 26 0.06129296 
176 1280 8 11 0.060234934 
415 1323 11 13 0.05678494 
226 1255 13 19 0.05609113 
141 212 10 14 0.05562366 
256 2177 25 35 0.05509179 
726 1349 9 11 0.054624762 
124 514 68 86 0.05365266 
519 1334 9 11 0.05275391 
635 1316 22 30 0.052568793 
200 1293 9 12 0.052390784 
112 1280 25 33 0.0516665 
788 227 17 22 0.05130293 
718 1358 10 12 0.050085723 
93 1230 28 43 0.0491253 
684 1370 12 15 0.04898926 
479 1346 11 15 0.04783033 
177 643 56 83 0.04741138 
270 1299 11 14 0.04714614 
720 1350 9 12 0.0466439 
277 1294 11 15 0.046623792 
290 243 25 32 0.046094507 
182 1312 9 11 0.045940995 
183 1294 10 12 0.04557642 
246 254 27 42 0.045562968 
665 2283 29 38 0.04556118 
311 1326 61 69 0.045278843 
213 1293 12 16 0.04475377 
657 2244 8 11 0.043676436 
218 1247 23 31 0.04366357 
244 2331 49 60 0.043467768 
271 227 13 15 0.042473316 
841 164 20 30 0.04184624 
159 1308 10 11 0.041584328 
394 1335 27 34 0.041530702 
484 2295 39 56 0.041265648 
285 1291 11 14 0.041218624 
428 1340 11 15 0.041182205 
390 1329 42 59 0.041170824 
503 1326 10 13 0.040854946 
834 199 15 20 0.040434048 
668 408 36 44 0.040360767 
339 1324 58 65 0.04032354 
159 1295 10 13 0.04014925 
334 200 22 28 0.03932784 
300 2160 14 19 0.038655154 
294 229 13 18 0.03849939 
702 1356 9 13 0.038327523 
181 1316 13 15 0.03820023 
293 212 12 17 0.03793772 
854 117 13 17 0.037751228 
697 1350 10 12 0.0373265 
473 1341 10 14 0.036972918 
340 2290 15 22 0.03695099 
285 2305 26 39 0.036508933 
779 1375 39 66 0.03621746 
462 1291 9 12 0.035969958 
719 1345 82 109 0.035753094 
728 1344 9 11 0.035500452 
109 1250 11 18 0.035319813 
190 1293 9 12 0.035309408 
445 1321 10 15 0.034797594 
608 2301 26 32 0.03468588 
788 2312 18 21 0.03417629 
285 199 12 15 0.034029216 
83 194 13 18 0.033830695 
220 2249 30 41 0.033677332 
299 2276 15 23 0.033657692 
150 1278 11 13 0.03345117 
479 2303 27 35 0.032954402 
516 954 16 20 0.03288623 
289 2055 9 12 0.032844607 
464 1332 9 13 0.032812536 
332 2289 31 46 0.032698125 
648 1349 22 36 0.0323047 
472 1348 11 14 0.031897563 
546 2309 23 31 0.03181219 
868 1360 56 80 0.03141759 
177 1309 9 12 0.031324487 
829 189 18 25 0.031289015 
200 1286 9 13 0.031161195 
528 2308 20 29 0.031015659 
96 1248 44 62 0.030857947 
161 294 34 42 0.03051374 
358 2259 16 18 0.03050407 
502 1332 11 14 0.030424327 
453 952 25 32 0.030395798 
164 1302 9 12 0.030380283 
173 1321 24 30 0.030264128 
671 1399 24 32 0.030136121 
682 2312 31 33 0.030105712 
279 2116 11 13 0.03000289 
521 1326 9 12 0.029918587 
712 1357 9 13 0.029830696 
205 212 12 15 0.029830625 
421 1319 8 11 0.029742103 
174 290 65 83 0.029635886 
840 210 20 25 0.029523736 
257 241 43 62 0.029234251 
524 1343 12 14 0.029176826 
289 2132 9 12 0.0291214 
246 192 12 15 0.028913958 
296 2302 28 42 0.028901543 
407 1323 10 14 0.028821206 
735 1342 8 11 0.028757583 
272 220 12 15 0.028741576 
755 211 13 18 0.02855634 
178 610 106 127 0.0285474 
215 1349 13 15 0.028524527 
557 354 64 88 0.02850954 
171 1341 26 30 0.028216021 
704 1344 9 12 0.027871655 
474 1364 13 16 0.02784972 
628 2312 13 20 0.02767311 
193 2252 31 44 0.027491154 
696 1357 11 14 0.027187323 
293 2054 10 13 0.02715206 
457 1394 18 23 0.027080892 
919 1322 24 34 0.027064996 
493 1337 20 26 0.026947351 
362 1251 14 20 0.026946314 
25 277 9 12 0.026886074 
416 1337 22 27 0.026860384 
537 2313 16 20 0.02683002 
692 1363 11 15 0.026828067 
175 2262 14 19 0.026770027 
207 204 12 15 0.026752116 
72 188 22 29 0.026665406 
710 1364 12 14 0.026638273 
242 2284 28 37 0.026629953 
600 690 93 114 0.026522564 
800 2321 25 30 0.026506182 
978 108 40 58 0.026421594 
326 190 16 20 0.026231885 
144 2361 54 73 0.02613885 
299 238 22 31 0.025890242 
786 1356 43 65 0.025628317 
205 1286 9 12 0.025550311 
153 1299 10 14 0.025481341 
426 964 24 32 0.025443869 
336 2166 9 11 0.025399707 
535 1325 10 14 0.025331268 
285 205 20 27 0.025114795 
371 229 26 32 0.02507484 
953 135 47 59 0.025037542 
718 1390 16 21 0.024936602 
304 215 21 29 0.024885878 
783 1314 52 87 0.024761343 
483 1385 17 21 0.02472143 
442 2301 24 30 0.02471828 
348 204 13 19 0.024683014 
718 2250 38 52 0.024670534 
364 2262 15 18 0.024640983 
355 2266 15 18 0.024633631 
227 2381 57 81 0.0246331 
692 2304 28 32 0.024586588 
559 1073 12 16 0.024489084 
445 1370 41 53 0.024410585 
274 197 12 16 0.024366885 
100 1244 17 27 0.024272753 
294 2275 13 20 0.02423823 
202 1299 9 13 0.02409472 
717 1363 13 16 0.024086876 
177 1294 8 12 0.023946559 
249 302 28 36 0.023892114 
600 2384 47 61 0.02380468 
703 2290 23 37 0.023697667 
158 1284 10 12 0.023672303 
271 2131 9 13 0.023606997 
382 1259 15 18 0.02356197 
29 246 49 73 0.023446085 
178 197 14 17 0.02339348 
512 1341 12 16 0.02329217 
327 206 24 30 0.023286967 
262 2309 42 56 0.023239138 
166 1294 9 12 0.023224732 
182 1286 9 13 0.02312964 
169 1279 8 10 0.023077564 
177 1317 10 14 0.023075854 
175 2248 13 16 0.023018716 
407 532 111 161 0.0229906 
468 1388 14 19 0.022853458 
361 213 14 18 0.022820354 
866 178 26 31 0.02280533 
413 1311 11 14 0.022782275 
290 226 22 29 0.022771377 
212 199 12 15 0.022754287 
916 637 18 23 0.022697378 
720 1345 9 11 0.02257196 
334 2267 16 21 0.022464193 
778 1337 11 15 0.022425177 
405 1328 26 31 0.022306254 
163 303 18 24 0.022283265 
278 1340 18 26 0.022123134 
189 1299 11 13 0.022094328 
654 2287 14 20 0.022072857 
204 1337 13 18 0.022035116 
205 582 120 120 0.022030322 
468 1368 13 18 0.022000479 
535 1333 10 13 0.021999625 
350 251 12 14 0.02194674 
635 720 69 77 0.021942174 
230 2276 27 41 0.021925306 
366 1305 82 106 0.021923564 
251 1281 16 20 0.021911485 
222 203 11 15 0.02190887 
238 2244 25 34 0.021870231 
711 1395 12 18 0.021760128 
137 206 11 15 0.021754833 
420 1326 10 12 0.021676494 
716 1382 47 64 0.021672301 
509 1396 13 17 0.02166085 
404 1310 23 28 0.021628538 
286 227 15 17 0.021614958 
267 2061 11 14 0.021609105 
837 180 13 19 0.021445015 
390 1319 26 36 0.021425696 
99 2347 27 34 0.021407798 
286 1276 12 16 0.02139998 
922 626 47 59 0.021282954 
493 1333 12 16 0.021251546 
859 121 12 16 0.021110889 
438 1332 11 15 0.021029575 
438 1311 20 25 0.021006685 
318 1271 13 16 0.02094358 
786 1317 27 49 0.02092983 
691 127 48 65 0.020921523 
563 2340 17 21 0.020892544 
709 1349 10 13 0.020820431 
287 182 8 11 0.020678869 
173 253 15 18 0.020618558 
364 1305 44 61 0.020574193 
486 1330 22 28 0.020552002 
296 2047 10 13 0.020491453 
292 2059 10 14 0.020456523 
321 2235 16 20 0.020421414 
485 1332 14 18 0.020370511 
289 2189 23 31 0.020354984 
491 1349 15 19 0.02029684 
309 229 11 17 0.02019875 
687 1348 9 12 0.020188328 
724 1356 10 14 0.02013427 
273 212 13 15 0.020085983 
398 1332 12 19 0.02005587 
512 1310 10 12 0.020033285 
730 1368 14 22 0.020029118 
316 1356 63 74 0.020023234 
307 205 14 17 0.020022716 
292 213 18 27 0.020007394 
30 275 10 16 0.02000412 
