2_Demonstration_Political_Rally_2_267
52
746 303 32 41 0.98514175 
194 363 22 26 0.6707447 
195 432 24 31 0.45795518 
459 326 14 24 0.25734815 
0 362 36 66 0.24247713 
449 331 20 26 0.23111393 
708 396 22 31 0.2145256 
443 338 17 21 0.19775978 
766 386 32 39 0.16004895 
807 355 24 43 0.13640602 
106 403 17 23 0.1249511 
525 299 95 135 0.124716215 
145 361 23 31 0.09937276 
429 335 24 29 0.09701079 
821 338 41 59 0.091066524 
755 377 31 41 0.070400715 
465 301 134 194 0.06355266 
846 338 46 60 0.057281557 
338 272 27 41 0.056171846 
-2 496 160 257 0.055271048 
544 303 54 74 0.04939415 
562 287 33 42 0.047969796 
463 441 13 19 0.047967747 
115 445 16 23 0.043733474 
836 355 35 44 0.038620546 
855 364 32 42 0.037644126 
545 290 33 42 0.037161164 
95 406 22 25 0.035747536 
968 696 59 95 0.03362598 
102 386 16 19 0.032751434 
208 430 19 25 0.032481376 
37 435 15 18 0.031492863 
587 700 12 15 0.030626483 
458 459 18 26 0.029905522 
62 549 124 180 0.029747248 
141 374 16 21 0.029475875 
82 451 16 21 0.028765582 
10 305 40 48 0.028084952 
101 394 17 20 0.02794307 
309 273 38 51 0.027477415 
701 400 17 23 0.027052362 
219 434 14 20 0.026253162 
441 347 97 132 0.024815878 
416 576 109 153 0.024234809 
190 377 22 30 0.022314603 
961 531 58 96 0.022096526 
485 385 15 21 0.021874575 
699 400 42 50 0.021799603 
580 287 30 43 0.021270117 
500 473 32 43 0.021033762 
200 357 18 22 0.020875419 
550 677 11 15 0.0205015 
