2_Demonstration_Political_Rally_2_137
195
9 368 83 126 0.9981376 
235 298 69 99 0.9977344 
395 278 26 34 0.9959857 
905 276 28 36 0.9953335 
306 298 59 88 0.9869751 
759 274 31 37 0.9793651 
654 276 32 44 0.9791767 
426 314 48 62 0.9621763 
789 280 25 32 0.92317235 
934 266 22 29 0.8680664 
715 281 15 18 0.8508453 
197 281 36 47 0.77401376 
-2 308 20 37 0.64749026 
563 320 34 48 0.6239621 
492 167 10 14 0.30533487 
610 318 30 46 0.3002403 
856 297 17 20 0.22143275 
256 434 107 118 0.20551294 
58 309 32 35 0.19988243 
805 329 14 17 0.19937593 
786 345 18 22 0.18612167 
177 279 36 45 0.17700534 
477 278 26 34 0.17513338 
485 327 42 58 0.17015012 
363 333 49 60 0.16873069 
701 300 15 19 0.16016488 
638 163 13 16 0.15127474 
845 279 21 24 0.14633174 
388 331 62 70 0.13100189 
916 196 45 53 0.12619536 
848 287 22 25 0.114801526 
1009 281 13 18 0.11421291 
119 347 26 34 0.11184438 
966 301 13 17 0.11014528 
885 295 16 20 0.10454398 
1013 259 10 16 0.09543006 
189 168 13 16 0.09229025 
464 273 16 20 0.0889346 
417 230 11 14 0.08013629 
106 342 43 55 0.07843882 
810 341 16 22 0.07761298 
668 183 13 17 0.073074706 
770 283 27 33 0.072329514 
751 335 22 29 0.070798256 
585 166 11 14 0.06969639 
620 164 10 13 0.06948873 
751 270 23 29 0.06544329 
215 293 47 67 0.062106814 
460 321 47 68 0.06206021 
701 170 12 15 0.060510743 
589 169 11 14 0.057432093 
580 323 32 51 0.057383254 
723 254 13 16 0.053375516 
185 170 11 13 0.051208556 
719 316 14 19 0.050303068 
455 187 11 14 0.050283834 
688 165 10 14 0.04962762 
721 287 14 18 0.04909252 
707 287 20 25 0.04903007 
510 178 13 16 0.048405983 
468 281 15 21 0.047662634 
792 298 18 24 0.04720509 
591 290 14 16 0.0471866 
455 180 11 14 0.046677794 
415 256 24 31 0.046036143 
342 313 80 99 0.04568149 
397 285 40 48 0.045560367 
828 281 14 18 0.0451464 
763 336 17 23 0.045066085 
549 203 10 13 0.045017757 
596 172 11 13 0.044821378 
740 332 17 20 0.04435034 
970 306 12 17 0.04288337 
428 188 10 12 0.042705894 
864 296 14 20 0.042311024 
1008 404 11 14 0.042079296 
476 174 9 12 0.041777734 
318 292 36 56 0.041609827 
20 314 16 23 0.040709 
661 153 14 16 0.04052577 
92 295 13 16 0.040418554 
986 429 13 17 0.04007314 
382 277 12 16 0.039532967 
883 363 12 15 0.038660735 
928 276 23 33 0.03821282 
959 443 8 13 0.03788394 
596 307 34 47 0.03685341 
622 173 12 15 0.036332823 
503 152 8 10 0.03600044 
740 268 15 21 0.03575097 
904 195 33 42 0.035377875 
733 282 13 17 0.03530123 
1011 266 12 17 0.035256855 
1004 314 15 20 0.03386077 
502 336 46 59 0.03340949 
868 284 13 17 0.032828823 
396 230 10 13 0.03279259 
550 327 33 49 0.032766066 
440 293 26 29 0.032440953 
632 164 11 14 0.032332826 
693 165 12 14 0.032329142 
444 2 15 16 0.032326784 
622 328 28 43 0.031434614 
-2 307 35 55 0.030716904 
216 140 10 14 0.030102383 
214 274 29 43 0.029725334 
415 212 10 12 0.029491251 
376 278 24 29 0.029216286 
730 271 20 26 0.029144594 
221 162 10 14 0.02892817 
844 602 15 19 0.02858701 
902 439 11 14 0.028579384 
1010 322 13 18 0.028376596 
718 252 21 26 0.028360704 
407 166 10 12 0.02835577 
699 142 12 15 0.028305318 
839 281 15 20 0.027554797 
708 170 12 15 0.027509417 
876 290 21 29 0.02736304 
448 157 11 13 0.02715458 
973 313 15 21 0.027144516 
675 179 13 17 0.027069611 
628 287 29 40 0.02705657 
555 258 12 15 0.02704702 
214 149 10 13 0.027004018 
133 311 346 451 0.02690289 
586 304 29 42 0.026892737 
214 158 12 16 0.026506593 
876 356 15 17 0.02626033 
786 646 23 28 0.026242314 
195 166 12 15 0.026109768 
605 157 10 12 0.026096525 
493 205 12 14 0.026037917 
710 180 10 12 0.025843129 
190 160 10 13 0.025837021 
630 154 21 27 0.025788443 
685 171 11 14 0.025677178 
503 318 35 50 0.02562614 
716 303 23 29 0.025437638 
587 286 24 26 0.025364695 
841 265 23 28 0.025236778 
611 301 33 43 0.024906872 
557 173 12 15 0.024771197 
793 340 17 21 0.024702208 
900 577 17 19 0.0245713 
628 196 12 14 0.02454993 
19 276 11 14 0.024539206 
415 261 13 16 0.024502007 
443 291 17 19 0.024462875 
677 586 21 26 0.024407528 
488 163 17 22 0.024349246 
492 188 14 16 0.024293412 
869 324 24 29 0.02419229 
811 599 15 16 0.023904854 
237 398 188 281 0.023777187 
989 423 11 13 0.023593446 
414 612 14 17 0.023571456 
12 314 28 38 0.023413848 
991 477 11 14 0.02333382 
491 212 14 17 0.023307057 
598 329 33 50 0.023232136 
376 622 59 61 0.023051796 
365 282 25 32 0.023039605 
257 253 28 30 0.022994267 
941 210 34 40 0.022852276 
956 462 10 14 0.022819208 
415 166 10 13 0.022725537 
987 440 13 17 0.022578793 
72 308 19 22 0.022561079 
635 287 15 21 0.02215013 
1015 386 9 14 0.02214285 
165 168 11 15 0.022102397 
162 286 40 47 0.0219581 
522 332 32 50 0.02192902 
799 323 16 18 0.021865293 
691 290 22 29 0.02182877 
125 351 49 63 0.021690363 
550 297 14 19 0.02164797 
751 99 26 32 0.021589411 
973 364 10 14 0.021548249 
29 313 26 38 0.021291206 
933 294 15 21 0.02127541 
188 177 14 17 0.021263503 
1014 379 10 16 0.0211838 
831 218 13 15 0.020965798 
553 151 8 11 0.020893151 
206 211 24 27 0.020844745 
693 196 13 14 0.020797301 
667 174 14 19 0.020666217 
706 618 14 17 0.020553105 
382 190 9 11 0.020536974 
857 282 15 18 0.020508343 
614 338 25 43 0.02046156 
426 260 16 19 0.020280773 
805 602 14 17 0.020016575 
