2_Demonstration_Political_Rally_2_456
222
396 311 30 35 0.9949581 
149 359 26 34 0.9805038 
83 373 23 34 0.68348724 
487 332 18 21 0.57524145 
812 213 17 23 0.40853825 
662 210 11 16 0.40530127 
708 249 14 19 0.39680326 
598 252 14 17 0.33572486 
595 257 13 17 0.25042963 
661 257 15 22 0.24399844 
642 307 15 21 0.22272404 
512 216 24 30 0.18052378 
630 260 10 15 0.15070388 
770 228 14 17 0.15034355 
394 365 44 63 0.14861819 
636 229 11 14 0.13619557 
630 215 9 11 0.12234896 
855 228 13 16 0.1192853 
668 218 13 16 0.10746379 
622 250 11 14 0.105373375 
707 227 16 20 0.100312494 
632 300 22 30 0.09985455 
602 246 13 16 0.099421464 
619 283 11 16 0.097860195 
621 346 21 28 0.096751414 
667 212 12 15 0.09593124 
668 252 12 20 0.09330665 
468 239 13 19 0.09280734 
63 373 28 36 0.0900534 
951 228 13 17 0.086556636 
483 241 22 28 0.083714046 
632 220 10 12 0.08101367 
524 248 12 17 0.0807092 
671 355 11 15 0.074176565 
932 213 13 19 0.07345469 
197 248 14 17 0.07317363 
685 243 10 14 0.07186038 
557 242 12 18 0.07089501 
662 289 11 15 0.06996359 
292 245 13 18 0.067234896 
554 249 14 21 0.06706037 
661 243 13 16 0.065560184 
765 216 17 21 0.062370397 
356 206 15 22 0.060031865 
711 267 13 17 0.05293226 
563 241 20 30 0.052887697 
919 215 23 30 0.052223057 
703 255 13 18 0.05199007 
895 162 11 14 0.05184106 
220 288 13 16 0.05163073 
637 234 13 15 0.05126523 
507 355 12 15 0.051066097 
639 243 12 15 0.050859492 
573 245 20 27 0.050508592 
76 380 19 24 0.05049336 
506 296 18 24 0.049894556 
807 201 24 30 0.049602147 
460 224 15 20 0.049221955 
671 225 11 14 0.049062513 
690 309 22 29 0.04860047 
978 268 14 17 0.04851458 
658 209 20 26 0.04739977 
708 241 24 29 0.046985272 
701 298 13 16 0.046583842 
472 238 20 26 0.045584813 
977 208 15 21 0.045452576 
90 388 18 23 0.045353558 
828 227 12 17 0.04512204 
724 329 14 19 0.044191584 
531 242 14 18 0.043568 
432 233 18 23 0.043486886 
946 292 14 19 0.043338314 
566 238 12 17 0.04260953 
616 289 12 17 0.042487804 
820 223 15 19 0.04184303 
409 217 378 472 0.04131437 
499 228 22 30 0.041174114 
162 160 28 36 0.04115335 
655 263 14 20 0.04089021 
203 243 12 16 0.040880755 
567 267 11 16 0.04081632 
493 235 22 30 0.04021885 
628 358 14 20 0.04002029 
657 217 12 15 0.0393573 
824 190 10 13 0.039295044 
655 238 12 16 0.03926524 
604 237 13 16 0.039152976 
475 272 16 20 0.03912394 
843 186 11 14 0.039121468 
475 335 37 44 0.039109368 
557 161 365 454 0.0389585 
826 220 13 17 0.038858965 
52 380 29 37 0.03824561 
715 274 12 15 0.03820127 
550 244 12 17 0.038115315 
702 245 14 18 0.03796566 
967 243 12 15 0.037738707 
693 266 12 16 0.03763574 
655 250 14 18 0.037235297 
215 203 50 62 0.03716132 
70 385 38 47 0.0366015 
615 250 11 15 0.03642742 
700 275 11 17 0.036382712 
29 479 13 16 0.035802525 
828 194 10 13 0.035742346 
860 223 14 17 0.03564248 
620 276 13 18 0.03560439 
908 251 15 18 0.03557852 
667 264 12 18 0.03510327 
677 250 11 15 0.03482888 
69 509 41 60 0.034676097 
644 243 13 16 0.034247365 
941 234 12 17 0.034067705 
30 444 14 18 0.03400896 
940 224 14 20 0.033534013 
254 240 13 20 0.03329804 
96 395 26 33 0.033170443 
716 219 15 20 0.03302665 
822 233 13 17 0.032921955 
724 202 12 16 0.032899182 
912 207 23 32 0.0326431 
644 283 12 17 0.032613005 
216 276 11 15 0.03261227 
649 213 10 13 0.032508273 
811 203 15 18 0.03211173 
107 402 16 21 0.03208628 
662 201 10 13 0.031807017 
973 234 13 18 0.0316538 
461 232 16 22 0.03154057 
767 204 13 17 0.031498957 
694 242 12 15 0.031477552 
629 310 17 22 0.031105807 
814 198 13 16 0.031012246 
622 267 13 17 0.030869432 
703 233 13 16 0.030838763 
637 250 11 15 0.03070645 
839 182 11 15 0.030324502 
667 286 12 14 0.029678658 
780 235 12 15 0.029241161 
580 254 14 20 0.029164333 
956 294 14 18 0.029147059 
215 284 14 18 0.02905484 
591 221 10 12 0.028805548 
668 244 11 17 0.028804228 
624 260 20 27 0.028754408 
532 223 17 20 0.02875269 
523 214 23 28 0.028681543 
869 213 10 14 0.028316222 
619 298 13 17 0.028229836 
680 237 12 17 0.02754406 
108 383 15 21 0.027478112 
615 220 10 12 0.02746878 
522 242 22 28 0.027286852 
966 138 13 17 0.027049467 
715 256 12 17 0.02659791 
814 153 15 18 0.026535014 
107 451 15 20 0.02651759 
719 213 11 15 0.02638827 
454 218 15 21 0.026262518 
420 194 12 15 0.025788551 
616 215 8 10 0.025670443 
662 307 14 21 0.025337137 
620 300 22 28 0.025018383 
878 213 10 14 0.024615766 
725 336 14 20 0.02456283 
647 268 12 14 0.024546357 
518 238 16 23 0.0245279 
493 349 24 27 0.02424966 
613 279 19 26 0.024246015 
981 193 44 67 0.024204731 
965 249 15 19 0.024114532 
498 346 16 19 0.02409397 
631 246 10 14 0.02398397 
797 163 11 16 0.023920454 
837 158 11 14 0.02391839 
439 221 24 32 0.023734938 
599 214 8 10 0.023512518 
649 219 10 13 0.023470808 
539 246 22 26 0.023455337 
483 266 14 18 0.0230907 
677 239 20 25 0.022944337 
373 211 13 17 0.022903858 
587 242 21 26 0.0228961 
549 255 22 28 0.022821639 
987 198 24 34 0.022758663 
591 214 9 11 0.022543678 
289 205 15 22 0.022493934 
907 212 16 21 0.022419425 
96 376 17 26 0.02236366 
479 339 15 18 0.022204055 
678 228 10 12 0.022114202 
618 248 20 24 0.02210062 
861 161 11 15 0.02204818 
854 218 22 27 0.0219804 
702 283 12 15 0.021920167 
639 233 20 25 0.021913132 
672 338 12 16 0.02180937 
657 207 12 15 0.021781811 
598 235 21 26 0.021739049 
980 1 46 68 0.021600502 
900 162 11 14 0.021591986 
184 225 13 16 0.021535352 
645 275 12 15 0.021429129 
588 332 16 20 0.02122967 
944 217 21 28 0.021102386 
701 267 12 16 0.021091409 
284 216 12 17 0.02108179 
685 249 12 16 0.02106976 
494 336 18 20 0.021060672 
423 238 25 32 0.020982848 
475 249 23 28 0.02098091 
751 213 10 13 0.02095881 
175 243 12 15 0.02095563 
99 348 37 48 0.020806786 
490 358 27 32 0.02078923 
656 289 13 18 0.020656096 
564 255 14 21 0.02044474 
733 344 13 18 0.020295907 
624 219 10 12 0.020281684 
191 190 51 69 0.020261494 
526 229 23 30 0.020212464 
848 213 11 15 0.020016778 
