2_Demonstration_Political_Rally_2_204
543
223 429 13 17 0.8486728 
765 387 11 15 0.7974195 
406 390 10 13 0.62837595 
57 407 10 12 0.6092134 
497 399 9 11 0.5408641 
339 396 11 14 0.5033382 
464 392 8 11 0.4740732 
861 387 9 12 0.44068316 
135 434 10 12 0.37338746 
205 422 9 11 0.37301818 
800 389 9 13 0.36905962 
429 382 12 15 0.33658284 
173 431 9 11 0.285049 
672 391 8 11 0.27576056 
578 391 9 12 0.27520138 
838 389 10 13 0.26994634 
142 430 9 11 0.26930842 
190 424 9 12 0.2614965 
528 400 9 11 0.25833708 
278 400 9 12 0.25411764 
414 295 29 32 0.2500122 
923 390 8 11 0.24777865 
101 422 9 12 0.2409276 
749 405 10 12 0.23792838 
482 389 9 13 0.23119971 
425 389 10 13 0.20881301 
745 403 10 13 0.2038441 
389 395 9 12 0.19090632 
821 414 10 12 0.1907388 
323 388 11 14 0.18284589 
151 430 8 10 0.18281937 
641 380 9 12 0.18031867 
867 405 9 12 0.17966242 
935 439 8 11 0.17487113 
644 374 10 12 0.17458564 
113 421 9 12 0.16684112 
118 430 9 11 0.16395389 
384 394 10 13 0.16075999 
870 373 8 11 0.16056316 
224 425 9 11 0.148017 
663 392 8 10 0.14417338 
823 406 10 12 0.13898405 
248 423 8 10 0.134333 
318 395 10 13 0.12962297 
688 408 7 10 0.12934323 
842 383 12 15 0.12531094 
240 438 8 12 0.12495392 
569 381 8 11 0.11842596 
245 438 10 12 0.11809086 
248 430 8 10 0.11644096 
130 412 9 12 0.11601934 
468 392 9 12 0.11171252 
549 398 9 12 0.10898164 
200 429 9 10 0.10734994 
334 392 19 23 0.10457565 
848 368 8 10 0.104072385 
546 398 8 11 0.10356376 
823 400 9 11 0.10334316 
23 400 9 11 0.102523245 
184 423 10 12 0.10124094 
912 375 8 10 0.101240814 
205 429 9 11 0.098891966 
926 385 8 10 0.09817005 
501 403 10 13 0.0974457 
921 439 8 11 0.09710045 
871 383 9 11 0.09701159 
928 439 8 11 0.0966758 
176 423 9 10 0.09629242 
904 383 8 10 0.09619962 
140 436 9 11 0.095880665 
39 421 10 13 0.095858805 
404 364 11 14 0.092666045 
96 428 8 11 0.09032004 
531 404 9 12 0.08842421 
87 431 9 11 0.08828609 
273 401 9 12 0.08772148 
896 377 8 9 0.087040015 
158 429 9 10 0.0859117 
456 388 12 15 0.08527177 
87 436 9 12 0.082910955 
575 383 8 10 0.08250732 
487 404 9 12 0.08076942 
903 389 8 11 0.07834688 
896 382 8 9 0.07544418 
447 397 8 11 0.07524546 
487 398 10 11 0.07468964 
116 423 9 11 0.074429154 
423 394 9 12 0.07423847 
254 423 8 10 0.07325246 
976 408 9 10 0.07324363 
411 389 11 14 0.07255561 
144 425 8 10 0.07247387 
551 385 8 10 0.0719687 
401 395 10 13 0.07180305 
937 384 8 10 0.071259975 
879 389 9 11 0.07085631 
283 397 11 14 0.0705773 
533 399 9 11 0.0705218 
792 388 9 12 0.0692099 
375 396 11 14 0.068965696 
112 418 7 9 0.06892227 
617 397 7 10 0.06876179 
132 408 10 12 0.06858067 
910 383 8 9 0.06853398 
284 403 10 13 0.06834067 
309 468 8 11 0.068213575 
510 397 9 11 0.06762621 
782 389 11 14 0.067623086 
711 415 7 9 0.06760797 
550 389 8 11 0.067463964 
1000 386 7 10 0.06686217 
184 429 9 12 0.06640589 
583 385 8 10 0.06626813 
284 414 10 12 0.06613097 
646 368 9 12 0.064872265 
944 390 8 9 0.06408859 
622 399 8 11 0.06365483 
325 394 12 15 0.06345388 
159 424 9 10 0.06321556 
273 421 8 12 0.063136205 
807 396 8 10 0.062533565 
622 403 9 12 0.062053423 
921 385 9 10 0.06115691 
886 391 9 11 0.061045386 
103 417 8 11 0.060568478 
512 389 11 14 0.060101714 
129 435 8 12 0.060084682 
231 416 8 10 0.05981797 
701 381 8 11 0.059808023 
567 376 9 12 0.058467362 
822 420 10 13 0.058307037 
981 408 8 11 0.05788448 
616 392 8 10 0.05768945 
632 391 8 11 0.057206612 
151 425 8 10 0.05664185 
880 397 9 11 0.05659254 
919 373 8 10 0.055968132 
943 385 7 8 0.05593899 
592 384 8 11 0.05559586 
967 390 8 10 0.055530366 
247 416 10 11 0.055393204 
113 437 9 12 0.055186603 
927 431 9 12 0.054574203 
517 389 10 12 0.05451742 
975 412 8 11 0.054355662 
495 393 10 13 0.054230288 
877 383 9 11 0.05419577 
169 434 10 12 0.052998066 
694 415 8 9 0.052742913 
223 415 9 10 0.05189479 
208 437 8 10 0.051547695 
369 358 10 12 0.051507067 
669 394 10 12 0.050730344 
241 421 8 11 0.05049536 
135 423 10 11 0.05024976 
312 396 9 13 0.050142378 
502 392 10 13 0.050130468 
485 411 10 13 0.049984153 
921 396 9 11 0.04988979 
407 284 27 30 0.049865168 
869 437 9 13 0.04958037 
278 419 11 14 0.049252618 
160 414 9 12 0.048760746 
597 390 11 14 0.048755318 
829 414 9 11 0.048234638 
534 374 10 12 0.048155125 
546 391 8 11 0.04782686 
522 398 8 11 0.04760125 
726 406 9 12 0.047506094 
376 391 10 12 0.047225103 
903 376 8 10 0.047224533 
927 374 9 10 0.04715276 
114 428 9 12 0.046211515 
436 413 11 14 0.045908265 
816 390 8 11 0.04577697 
216 421 9 11 0.045605425 
567 398 8 10 0.045437653 
991 389 9 11 0.045308627 
565 405 9 12 0.04513671 
852 368 10 11 0.044849414 
770 384 11 14 0.044793796 
639 397 8 10 0.044765536 
617 77 10 15 0.044764835 
535 381 9 12 0.044677615 
621 118 11 13 0.04442879 
1003 389 9 11 0.044390332 
182 399 9 12 0.04434525 
946 398 8 10 0.044068824 
440 397 9 11 0.04402371 
96 417 10 13 0.04382757 
402 385 17 23 0.043683082 
151 389 8 11 0.04355335 
868 410 11 14 0.043421205 
658 391 8 12 0.04340526 
229 422 9 11 0.043213546 
583 415 10 12 0.043202963 
295 395 12 14 0.043010276 
79 421 10 12 0.042987477 
962 390 8 10 0.04288414 
663 382 8 11 0.042829562 
727 398 9 11 0.04250342 
910 399 8 10 0.04248428 
241 431 8 10 0.042401236 
895 390 9 11 0.04226462 
592 388 9 13 0.042192847 
431 359 9 12 0.042000324 
510 374 9 12 0.04161799 
406 360 10 12 0.041449644 
134 381 10 13 0.041400705 
190 436 10 12 0.041127145 
534 390 9 12 0.041073438 
430 393 10 14 0.040947184 
623 389 8 11 0.040884156 
182 436 10 12 0.040757015 
423 365 9 11 0.040756017 
301 413 10 13 0.040414024 
970 367 7 10 0.040359344 
763 384 19 23 0.040301386 
255 416 7 10 0.040198136 
61 402 10 13 0.040181074 
439 406 9 11 0.0401432 
296 404 10 12 0.040011663 
373 363 10 12 0.0398191 
693 421 10 12 0.03954691 
974 367 8 11 0.03948276 
865 399 9 12 0.039375752 
511 381 11 13 0.039329007 
655 374 10 12 0.039247673 
613 90 12 16 0.03919718 
921 444 7 10 0.039196935 
671 385 9 13 0.039063323 
448 390 10 14 0.039016243 
817 384 7 10 0.038937025 
657 397 9 11 0.038922608 
43 420 11 14 0.038413938 
253 429 9 10 0.038407326 
296 420 9 12 0.038384777 
516 382 10 13 0.038259286 
614 82 13 18 0.03807476 
631 396 10 12 0.0377608 
910 405 10 12 0.037606124 
888 375 8 10 0.037529532 
54 401 19 23 0.037470672 
576 404 10 12 0.037356645 
305 464 8 12 0.03713893 
165 413 9 11 0.036901966 
944 374 9 10 0.03687906 
143 389 8 10 0.03686376 
240 416 9 10 0.036830112 
456 395 10 12 0.036768757 
913 369 8 9 0.036491003 
866 373 9 10 0.036356818 
415 365 9 12 0.035802152 
1007 383 8 12 0.035709966 
809 413 10 12 0.03558038 
919 368 9 11 0.035459593 
559 398 10 13 0.035433117 
591 118 11 15 0.035178363 
86 422 9 12 0.035172053 
857 384 11 14 0.034955785 
561 375 8 11 0.03492297 
401 359 9 13 0.034921225 
534 345 12 15 0.03484969 
217 435 10 13 0.03484319 
605 99 10 15 0.03469196 
833 381 10 13 0.034614943 
561 383 8 10 0.034522943 
904 397 9 11 0.034315 
86 381 10 12 0.034216747 
888 383 8 10 0.034055516 
870 400 9 12 0.033923756 
423 374 11 14 0.033662137 
560 390 8 10 0.03364094 
68 406 10 13 0.033596113 
61 420 10 13 0.033491526 
471 383 10 13 0.033480518 
940 437 8 11 0.033314023 
790 396 9 12 0.033288162 
949 391 8 9 0.033258714 
544 383 9 11 0.0331946 
568 452 10 14 0.033078443 
952 383 7 9 0.032968868 
985 389 9 12 0.03276481 
705 415 8 9 0.03271643 
340 410 11 15 0.032683905 
975 390 8 10 0.032455903 
151 435 9 12 0.03243294 
136 387 9 12 0.032356307 
176 405 9 11 0.032335736 
894 412 10 12 0.032281715 
621 356 10 11 0.03224486 
198 436 9 11 0.0322259 
816 396 8 10 0.032195218 
247 459 11 13 0.032069802 
568 389 8 11 0.032046385 
241 442 9 12 0.032026343 
217 415 9 10 0.031972203 
412 382 11 15 0.03173561 
592 396 10 12 0.031577166 
442 289 14 19 0.031555835 
438 274 12 15 0.031487852 
591 373 9 12 0.031464648 
167 424 9 10 0.031381994 
992 423 9 12 0.031195026 
951 375 8 9 0.03105285 
607 396 8 11 0.030862302 
551 374 9 10 0.030861132 
910 389 9 11 0.030857397 
960 398 7 10 0.030766264 
285 391 11 14 0.030736294 
399 404 10 12 0.030531365 
102 427 9 11 0.030480424 
494 394 17 21 0.030453075 
736 404 10 12 0.030338345 
301 287 10 13 0.03032514 
152 414 9 10 0.030275393 
639 388 10 13 0.030213945 
991 397 9 10 0.030089881 
959 359 8 10 0.030009225 
928 464 9 10 0.029969674 
807 406 10 12 0.029894054 
641 470 8 11 0.029882116 
992 429 9 12 0.029786168 
877 374 10 12 0.029784858 
509 412 10 13 0.029734254 
829 406 8 11 0.029695485 
200 417 12 14 0.029678589 
817 418 10 13 0.029643655 
647 397 9 11 0.029402794 
166 407 10 13 0.029366981 
967 385 8 10 0.029318636 
911 413 10 13 0.029028062 
711 421 8 10 0.028945647 
975 373 9 10 0.028942725 
239 405 8 11 0.02884207 
568 167 9 11 0.028805533 
176 416 8 10 0.028694397 
848 372 9 11 0.028589679 
927 423 8 11 0.028563596 
831 398 9 11 0.02855061 
584 125 12 16 0.028396023 
583 420 10 13 0.02820179 
864 432 8 12 0.028137773 
936 375 8 10 0.028108768 
727 411 10 12 0.028068468 
436 374 11 13 0.028000055 
29 404 9 12 0.027861904 
566 412 9 12 0.027819147 
300 404 13 15 0.027744044 
93 436 10 12 0.027577115 
545 125 10 14 0.027569363 
936 388 8 10 0.027523875 
152 381 9 12 0.027488697 
736 397 11 13 0.027473677 
655 131 10 13 0.027472768 
840 364 9 11 0.027469244 
994 376 6 8 0.02738501 
573 91 13 17 0.0273761 
766 359 10 12 0.027241617 
558 477 9 11 0.027199684 
405 370 10 13 0.027151758 
589 414 9 12 0.027110869 
959 366 8 10 0.027096607 
695 398 8 10 0.026963936 
551 109 9 12 0.026849145 
300 395 13 17 0.02678148 
566 426 10 14 0.026760735 
518 320 8 10 0.026735311 
565 92 12 15 0.026726332 
297 365 8 11 0.026693804 
960 384 8 10 0.026672194 
682 406 10 11 0.026569795 
608 92 11 16 0.026566999 
647 358 8 9 0.026495794 
681 413 9 12 0.026483288 
632 382 8 11 0.026372662 
751 391 12 14 0.026364056 
817 407 10 13 0.026146268 
518 480 9 11 0.026117103 
127 445 8 11 0.026054505 
639 406 9 11 0.025963373 
630 405 11 12 0.025927003 
623 382 9 12 0.025889251 
712 409 8 10 0.025827348 
342 357 11 13 0.02563592 
346 396 11 14 0.0256223 
832 375 9 11 0.02552108 
944 431 8 10 0.025415959 
382 402 11 14 0.025306711 
822 389 9 12 0.025296811 
657 380 9 11 0.025285035 
694 408 8 10 0.025251478 
493 455 8 10 0.025093533 
575 385 17 23 0.02506874 
927 405 9 11 0.025057903 
319 383 11 15 0.025007848 
528 391 9 13 0.024984201 
530 373 9 12 0.024925765 
944 405 9 13 0.02483751 
919 405 9 12 0.024798183 
17 405 9 11 0.024793549 
384 383 9 12 0.02476013 
722 397 8 10 0.024759788 
647 406 9 11 0.024644308 
436 388 11 14 0.024639769 
854 372 9 11 0.024637632 
647 115 10 13 0.024634108 
111 367 7 10 0.02459512 
822 382 9 12 0.024551654 
808 142 9 12 0.024546217 
297 413 9 12 0.024470696 
87 414 10 13 0.02439626 
509 406 9 11 0.0243605 
1005 418 13 16 0.024349008 
735 420 10 13 0.024343459 
110 373 8 11 0.024341365 
742 430 9 13 0.024297396 
654 367 10 12 0.024290582 
640 351 8 10 0.024267413 
783 383 11 13 0.024261829 
951 367 8 10 0.024254719 
742 422 8 11 0.024232415 
576 412 10 12 0.024230294 
912 436 8 12 0.024065988 
607 382 9 11 0.02405738 
566 350 8 11 0.024038345 
921 431 9 12 0.02398685 
708 140 10 13 0.023980353 
660 375 11 13 0.023915619 
280 392 9 13 0.023848861 
879 403 10 13 0.023801867 
799 405 10 12 0.02378926 
38 427 10 13 0.023730388 
50 405 10 12 0.023621872 
735 84 9 12 0.02345018 
976 400 7 9 0.023418354 
368 396 11 14 0.023346778 
481 405 10 13 0.023256678 
158 436 10 11 0.023234554 
566 343 7 9 0.023231281 
813 141 10 13 0.023229413 
597 383 9 12 0.023229009 
976 384 8 10 0.0231078 
756 406 9 12 0.023105446 
734 413 9 12 0.023104811 
48 414 9 13 0.023055257 
190 389 9 11 0.02299263 
318 385 18 22 0.022891156 
232 359 9 11 0.022830103 
985 385 8 10 0.022817602 
689 421 9 13 0.022761017 
208 445 9 10 0.022753261 
239 383 9 11 0.022725858 
216 426 17 23 0.022720065 
839 359 9 11 0.02262206 
704 409 8 9 0.022620795 
617 404 9 11 0.022539208 
334 421 10 12 0.022520438 
415 372 10 13 0.022515276 
823 425 11 15 0.02243959 
666 386 18 23 0.022352507 
838 377 9 11 0.0223316 
904 404 10 13 0.022278178 
970 413 8 11 0.022214131 
398 414 9 12 0.022083005 
37 414 12 15 0.021999905 
916 413 10 13 0.02198322 
894 396 10 12 0.021976288 
909 53 10 14 0.021948447 
645 389 10 12 0.021925138 
424 359 9 11 0.021920655 
377 422 9 12 0.02190335 
863 420 9 13 0.02190223 
654 404 10 12 0.021888014 
437 283 13 19 0.021886826 
702 421 10 12 0.021874787 
681 77 10 13 0.021869896 
669 404 10 12 0.021869125 
81 427 10 13 0.021854525 
599 357 8 11 0.02185429 
437 364 10 12 0.021853618 
910 430 9 12 0.021824734 
959 374 8 10 0.021712504 
814 359 9 11 0.021692697 
615 150 11 13 0.021623049 
251 443 11 14 0.021580322 
581 406 11 12 0.021578314 
505 372 10 13 0.021449728 
832 366 9 11 0.02144562 
288 447 10 12 0.02144156 
968 399 7 8 0.021272914 
804 383 11 13 0.021263203 
607 317 8 10 0.02121831 
687 399 9 12 0.021177556 
302 364 9 12 0.021174096 
297 359 9 11 0.021152603 
302 437 10 12 0.021103784 
817 404 20 24 0.02106424 
522 405 8 10 0.021051528 
392 365 9 12 0.021041187 
898 83 49 64 0.021027245 
751 410 10 12 0.02099708 
198 417 19 23 0.020976556 
452 381 14 16 0.020934952 
382 421 10 12 0.020923486 
238 399 9 12 0.020882715 
225 455 10 13 0.020861186 
574 140 9 12 0.020816674 
953 358 8 11 0.020799827 
567 134 10 13 0.020794196 
191 397 9 12 0.02077638 
543 359 9 10 0.020759864 
495 422 9 11 0.020698244 
551 336 7 9 0.020689212 
349 358 9 12 0.02068164 
857 383 18 21 0.020648548 
272 415 8 11 0.020618163 
432 407 9 11 0.020596914 
584 375 10 11 0.020536063 
265 406 8 10 0.020517606 
129 374 9 11 0.020512357 
390 382 9 11 0.020494286 
105 438 9 11 0.02047695 
903 446 8 11 0.020472288 
233 398 7 11 0.020463858 
119 373 8 11 0.02042603 
687 85 9 12 0.020421237 
541 477 10 13 0.020417588 
143 455 9 13 0.020416653 
968 373 8 10 0.020412168 
400 383 10 13 0.020395612 
597 374 9 11 0.020373764 
414 412 10 13 0.020366576 
65 390 9 11 0.020354893 
775 364 9 12 0.020352589 
597 107 10 13 0.020289373 
879 411 10 14 0.020276163 
918 384 19 23 0.02023707 
551 166 10 12 0.020198012 
309 403 10 14 0.020165225 
137 462 9 12 0.020081446 
646 412 9 12 0.02004612 
478 383 17 24 0.020045422 
