2_Demonstration_Demonstration_Or_Protest_2_915
91
408 320 259 313 0.99317485 
200 273 18 23 0.8597828 
299 286 19 24 0.4837124 
264 267 12 15 0.48055398 
798 236 11 15 0.30304775 
844 220 12 15 0.18654142 
770 219 14 17 0.16891307 
965 87 57 99 0.16681515 
229 274 12 18 0.13479552 
741 218 12 15 0.12380418 
329 262 11 13 0.08881084 
722 241 13 17 0.08036021 
10 153 23 29 0.0793157 
916 203 16 20 0.0724381 
332 273 14 18 0.07089294 
667 217 15 18 0.06900936 
57 329 19 21 0.06612393 
0 187 26 39 0.06048601 
661 217 14 19 0.056552514 
366 262 11 13 0.056148864 
291 212 14 19 0.050740965 
363 236 11 14 0.050696548 
838 215 22 27 0.050166193 
970 60 54 81 0.046582256 
238 258 13 17 0.04464459 
306 279 21 30 0.04310667 
747 214 11 13 0.041959282 
258 307 13 16 0.04181395 
851 220 13 16 0.041637372 
21 316 15 18 0.04124573 
881 210 18 21 0.03843263 
3 305 12 17 0.036632273 
117 285 12 14 0.035822153 
782 260 14 18 0.035308935 
185 261 23 28 0.03523625 
258 266 11 16 0.034785487 
50 176 17 21 0.034747988 
674 212 15 17 0.03339288 
478 35 181 224 0.033267 
271 230 12 14 0.03313912 
55 337 24 28 0.031580165 
676 228 13 18 0.031118197 
35 314 15 20 0.030949576 
121 299 15 21 0.030800205 
107 379 14 18 0.030583445 
316 284 13 18 0.029186668 
379 235 14 16 0.02914975 
278 316 13 17 0.028851565 
851 251 17 20 0.028363885 
21 329 15 18 0.028087834 
741 196 10 14 0.027737968 
165 356 14 18 0.026850449 
331 370 36 47 0.025881056 
53 305 14 18 0.02561759 
71 286 9 11 0.025275975 
52 282 11 14 0.025154434 
85 211 16 19 0.025096495 
116 291 15 20 0.024856156 
329 271 23 30 0.02483631 
301 270 11 14 0.0247532 
-3 188 44 57 0.02458742 
751 206 10 14 0.024469653 
295 294 16 19 0.02422539 
844 225 30 35 0.024187412 
257 262 20 25 0.023987686 
98 371 24 30 0.023797039 
793 232 19 24 0.02331757 
362 260 9 13 0.023316829 
172 247 27 34 0.022738837 
256 316 11 14 0.022584537 
325 258 21 26 0.02247493 
97 383 27 37 0.022394985 
300 277 13 18 0.022196043 
795 181 225 247 0.02214909 
332 256 12 15 0.021828415 
312 272 24 31 0.021473061 
28 41 15 18 0.021271732 
267 272 12 16 0.021216465 
392 244 11 15 0.021159483 
1 133 42 55 0.02091518 
110 374 22 27 0.02090337 
230 261 21 26 0.020667955 
859 220 13 16 0.020590717 
267 337 14 21 0.020542176 
108 293 23 30 0.02038073 
17 102 16 21 0.020291729 
292 249 13 18 0.020267198 
0 199 12 22 0.020257501 
772 203 12 14 0.020195454 
260 237 14 16 0.020157013 
27 315 17 21 0.020156654 
