2_Demonstration_Protesters_2_163
521
50 175 18 23 0.97756565 
221 122 33 40 0.91212535 
367 154 15 18 0.88070196 
101 193 14 17 0.7918112 
961 14 22 25 0.76642454 
156 184 16 23 0.7549931 
589 125 9 12 0.65140563 
498 123 11 13 0.6365373 
688 418 101 119 0.54788125 
690 151 10 12 0.54236144 
559 124 9 12 0.51778764 
530 181 13 17 0.4654674 
511 149 9 11 0.45268387 
599 108 9 11 0.44892287 
524 116 10 14 0.44774333 
617 109 9 12 0.4416264 
427 133 11 13 0.43846634 
750 157 10 12 0.42529094 
641 111 10 13 0.40756515 
124 196 17 20 0.37846607 
866 70 9 11 0.3767374 
538 124 9 12 0.3242739 
452 124 13 16 0.29877394 
414 138 10 13 0.28018832 
809 118 9 12 0.27869025 
773 94 8 11 0.27660972 
785 150 9 12 0.27335685 
687 156 11 13 0.27317187 
308 163 10 13 0.2709339 
503 265 24 27 0.26875216 
521 112 9 11 0.24351165 
643 116 10 12 0.21355149 
667 178 17 23 0.2051798 
992 80 17 20 0.20412983 
476 194 13 16 0.19831498 
83 214 21 24 0.19431324 
276 162 13 15 0.19352122 
514 323 60 72 0.1914154 
902 128 10 12 0.18137346 
573 117 9 11 0.17973472 
765 124 8 11 0.17867137 
684 161 12 16 0.17548056 
390 131 10 13 0.16604261 
486 140 8 12 0.16396987 
304 166 10 12 0.15846606 
413 165 14 17 0.15164499 
283 158 12 16 0.14404872 
541 119 9 11 0.1426386 
93 223 14 17 0.14081378 
162 163 15 18 0.1378482 
924 54 12 14 0.13619925 
672 330 36 40 0.13547377 
784 116 10 12 0.13303018 
445 119 11 13 0.13066141 
419 137 14 16 0.12668426 
760 118 9 11 0.1233164 
569 117 9 12 0.12297433 
629 319 68 53 0.11673201 
1002 26 16 19 0.11373001 
574 113 8 10 0.11194547 
767 121 8 10 0.10906728 
357 140 11 13 0.10795532 
613 125 9 10 0.10552732 
543 112 9 10 0.10552311 
134 167 15 19 0.10139807 
800 133 8 10 0.101030126 
460 141 9 12 0.09979573 
584 120 10 13 0.09838053 
140 254 14 16 0.098215185 
14 205 12 15 0.09642192 
608 475 60 66 0.09593699 
125 191 14 16 0.09576407 
863 64 10 12 0.094744734 
808 123 8 12 0.09441191 
546 327 42 48 0.093282364 
409 140 9 12 0.0932239 
616 116 9 11 0.092978515 
78 224 14 17 0.09175229 
524 259 15 20 0.08440873 
576 125 9 12 0.08436688 
546 518 59 57 0.08403068 
564 124 10 12 0.08203972 
258 171 16 19 0.081262246 
705 399 60 69 0.080940165 
748 127 9 11 0.08078194 
0 206 9 16 0.07942645 
469 133 9 12 0.07772896 
895 85 10 13 0.07452798 
495 317 33 42 0.07450503 
602 205 24 29 0.074315645 
515 260 23 29 0.07405613 
318 196 30 37 0.07349861 
424 127 11 12 0.073280685 
461 131 11 14 0.07328043 
587 158 18 22 0.07312837 
516 148 9 12 0.072390765 
928 94 11 15 0.07139766 
75 203 16 21 0.07109262 
327 158 9 11 0.07035707 
758 111 8 11 0.06994679 
351 149 10 13 0.069939256 
560 186 13 15 0.06993549 
80 261 451 532 0.06801696 
82 205 18 22 0.067907155 
350 156 9 11 0.066887796 
480 134 9 12 0.06644235 
401 141 9 12 0.06605101 
565 194 14 16 0.06602433 
369 681 38 47 0.065773286 
454 187 12 15 0.06526956 
441 116 10 12 0.06240839 
552 118 9 11 0.062141363 
471 101 10 12 0.062024247 
511 154 10 13 0.061805632 
344 135 9 12 0.061467785 
270 171 12 15 0.06091817 
294 166 11 14 0.060746353 
462 110 9 11 0.060533512 
756 149 11 12 0.060366847 
440 112 9 11 0.059942253 
896 79 11 15 0.05974294 
436 133 10 14 0.05934857 
352 140 11 13 0.05906422 
470 95 9 12 0.05767833 
132 189 14 16 0.057216488 
461 147 10 13 0.056293 
331 170 25 29 0.056089666 
760 141 9 12 0.055978324 
162 176 26 36 0.055698287 
775 117 8 10 0.055577416 
848 149 9 11 0.0549557 
481 140 9 12 0.05482956 
68 235 12 16 0.054699685 
790 145 9 10 0.05400595 
35 179 13 17 0.053498257 
783 113 8 11 0.0532701 
61 236 13 15 0.05290264 
605 108 11 12 0.05290175 
520 103 8 10 0.05108619 
966 19 25 31 0.051061854 
317 167 10 10 0.050739616 
526 237 12 13 0.050652646 
452 195 13 18 0.050500266 
259 155 11 15 0.050028887 
397 117 9 11 0.04955884 
542 132 10 11 0.04953427 
424 118 10 11 0.04945698 
735 188 11 14 0.049404427 
135 158 13 16 0.049254492 
919 58 12 14 0.049007665 
326 112 9 11 0.048754983 
327 165 10 12 0.04863609 
752 564 95 133 0.048215587 
445 158 9 12 0.047644235 
156 169 16 18 0.0472328 
495 119 18 22 0.047152653 
586 132 10 12 0.04711782 
503 338 44 59 0.04708652 
526 104 8 10 0.04686625 
19 166 13 16 0.04683642 
262 151 10 13 0.046307337 
822 135 8 10 0.046266466 
625 305 107 94 0.045391846 
554 124 9 12 0.04535161 
769 100 8 10 0.045215365 
569 104 8 9 0.045178365 
558 104 8 9 0.045173388 
141 157 10 13 0.04511421 
801 128 8 10 0.04510833 
366 175 11 14 0.044985235 
784 94 7 10 0.044669155 
517 143 10 11 0.044644043 
338 173 14 17 0.04457121 
527 142 8 10 0.044528384 
258 166 13 15 0.044264626 
77 186 13 17 0.044114247 
360 174 12 15 0.044023644 
333 165 12 14 0.043930765 
553 103 8 11 0.043875106 
944 107 12 16 0.043660775 
503 263 14 17 0.04359811 
535 95 8 10 0.043305404 
750 131 10 13 0.043253556 
814 123 9 13 0.043047674 
759 134 10 13 0.0427675 
13 178 14 17 0.042749584 
551 111 8 10 0.042332068 
527 122 10 12 0.041729514 
149 225 15 18 0.041727293 
499 310 47 65 0.04155493 
15 172 15 17 0.04126848 
995 31 18 21 0.041123815 
157 165 23 30 0.040602498 
1003 109 11 15 0.04058149 
439 157 11 15 0.04052992 
149 147 10 14 0.0403397 
101 155 11 15 0.04028558 
392 118 9 12 0.040236175 
533 299 37 43 0.040203113 
422 129 19 22 0.039830256 
98 189 13 17 0.0394791 
598 38 9 12 0.0394302 
550 133 10 12 0.039408978 
899 75 12 14 0.03928919 
597 178 13 16 0.03920928 
385 133 10 12 0.03912975 
484 192 11 13 0.03905889 
81 222 24 31 0.039032836 
693 144 10 13 0.038940024 
774 98 10 11 0.038934153 
1011 130 12 18 0.038902353 
161 180 16 22 0.038884982 
493 141 10 12 0.038474817 
564 165 11 15 0.038385797 
496 131 10 12 0.03836578 
864 75 9 11 0.03827788 
109 172 13 16 0.03821415 
430 110 9 11 0.037945893 
537 110 9 11 0.03764125 
413 159 13 15 0.03747884 
332 159 10 12 0.037128814 
654 132 9 12 0.03701816 
638 104 11 15 0.03698355 
599 115 10 12 0.036885854 
356 167 24 29 0.036263183 
571 196 13 15 0.03616803 
565 141 11 14 0.036154363 
480 126 9 11 0.03614887 
33 281 27 33 0.03602587 
163 147 14 16 0.035999384 
997 40 14 17 0.03585428 
849 77 7 9 0.035844974 
21 242 15 19 0.03564054 
596 126 9 11 0.0354059 
475 228 13 16 0.035302565 
460 181 11 14 0.035284095 
513 109 9 11 0.034787927 
313 174 44 50 0.034771945 
801 148 8 11 0.03473221 
575 133 8 10 0.03440243 
421 144 14 18 0.034387335 
107 178 15 18 0.03424305 
536 102 8 10 0.03412248 
811 472 60 73 0.034066282 
527 136 9 10 0.033900656 
486 262 10 14 0.033689685 
785 123 10 12 0.03367949 
245 164 11 14 0.03362565 
625 325 35 41 0.03360801 
687 126 10 13 0.033485197 
781 144 20 24 0.033450373 
765 141 10 13 0.033352334 
847 72 9 11 0.033105433 
367 93 9 11 0.033061918 
792 134 9 11 0.03292592 
447 163 10 14 0.03287223 
585 140 9 12 0.03285493 
411 131 19 23 0.032815255 
583 119 18 23 0.03262982 
640 122 10 12 0.03260048 
897 527 94 118 0.03255236 
801 103 8 9 0.032459594 
76 196 14 17 0.03238093 
489 118 10 12 0.032324832 
466 93 10 13 0.032048877 
719 104 8 10 0.031991024 
774 90 9 11 0.031985715 
805 148 10 12 0.031892 
634 108 9 13 0.031860035 
526 190 14 17 0.03183667 
600 141 10 12 0.031825896 
685 146 18 22 0.031713516 
120 201 15 18 0.03159203 
425 110 10 12 0.031535354 
398 112 9 11 0.03149167 
899 56 13 16 0.0314866 
103 149 13 17 0.031458244 
458 109 9 11 0.031290576 
569 202 15 17 0.031174392 
519 134 9 11 0.031146422 
790 125 9 12 0.031130929 
501 130 10 13 0.030899068 
543 103 8 10 0.03085032 
129 194 22 27 0.03070359 
140 187 12 16 0.030676177 
444 112 10 12 0.030639607 
464 102 9 11 0.030636037 
18 228 26 29 0.030372107 
831 188 11 13 0.03017126 
455 146 12 14 0.030100092 
641 318 34 37 0.030071303 
495 221 9 14 0.030056853 
912 117 10 13 0.030048545 
800 142 9 11 0.030025255 
84 146 13 17 0.030019158 
340 166 12 14 0.029972848 
621 105 9 11 0.029859932 
6 203 11 16 0.0298581 
740 166 10 12 0.029830875 
397 133 9 13 0.029765433 
91 206 13 16 0.029712621 
310 169 11 14 0.029635612 
401 147 11 14 0.029549282 
710 365 57 60 0.02930974 
44 251 14 20 0.02928149 
415 127 9 11 0.029264852 
843 459 57 69 0.029248603 
322 118 9 12 0.029236605 
494 262 21 29 0.029221088 
720 108 8 11 0.029132657 
131 207 16 19 0.029084202 
772 447 108 104 0.029020382 
558 148 11 14 0.028857794 
746 151 10 14 0.0287269 
607 95 8 9 0.02850449 
0 200 9 14 0.028483113 
15 242 12 17 0.028448587 
510 124 10 13 0.028412756 
364 135 10 12 0.028336173 
595 319 58 59 0.028293956 
817 134 9 11 0.028163973 
372 174 12 14 0.028031504 
343 128 10 12 0.027952172 
646 123 10 12 0.027901484 
301 170 11 13 0.027816696 
416 119 9 10 0.027754603 
373 143 11 13 0.027704565 
447 129 12 16 0.027600387 
493 266 12 17 0.027536778 
784 89 7 9 0.027522907 
472 537 32 40 0.027356943 
777 112 8 11 0.027284058 
456 103 9 11 0.027248235 
752 118 9 12 0.027168533 
964 5 17 19 0.027103785 
429 117 10 11 0.027005756 
511 238 11 14 0.027002847 
736 95 8 11 0.026970215 
513 103 8 11 0.026941115 
695 132 9 12 0.026850235 
590 140 9 11 0.026849091 
527 149 9 11 0.026792888 
528 177 12 14 0.026621044 
117 187 21 26 0.026611751 
574 101 9 11 0.026437568 
289 160 21 25 0.026417615 
496 102 9 11 0.026285721 
365 142 11 14 0.026270859 
496 236 9 13 0.026179394 
472 191 22 27 0.026104957 
559 129 10 12 0.026045749 
518 504 51 61 0.025997456 
327 152 10 13 0.025979498 
752 142 11 13 0.025979104 
784 144 9 13 0.02583891 
375 126 9 11 0.025835244 
774 142 10 12 0.025826322 
805 133 9 11 0.025751887 
725 380 55 62 0.025695143 
460 188 11 14 0.02566194 
270 143 9 12 0.02562702 
349 136 10 13 0.025540393 
320 159 11 12 0.025494287 
182 297 14 17 0.02542743 
848 132 9 12 0.02540855 
608 119 8 10 0.025381707 
150 139 11 14 0.025304701 
560 85 9 12 0.025252504 
337 110 9 11 0.025248703 
385 126 10 13 0.025221175 
386 225 14 18 0.025041254 
638 107 17 22 0.025018018 
630 188 12 15 0.024946945 
311 249 13 15 0.024907846 
815 141 10 12 0.024887586 
471 118 10 12 0.024829352 
1004 56 17 20 0.024676746 
564 333 35 36 0.024481425 
606 141 9 11 0.024461174 
744 121 9 11 0.024452114 
375 92 9 12 0.024451079 
790 94 8 10 0.024445124 
747 149 20 23 0.02437984 
519 123 10 12 0.024071371 
679 149 11 14 0.023975968 
58 193 12 16 0.023969952 
198 111 34 39 0.023962388 
288 110 8 12 0.023946201 
865 462 59 72 0.023932321 
328 172 12 14 0.023909122 
134 179 14 17 0.023867924 
817 103 7 10 0.02384077 
301 157 20 24 0.023840282 
699 500 28 44 0.023826309 
343 160 10 12 0.023825089 
143 149 10 14 0.023780892 
2 545 35 44 0.02375329 
495 111 9 10 0.02371682 
152 165 12 16 0.023629626 
542 96 8 10 0.02362576 
566 326 54 58 0.023606578 
677 434 63 74 0.023538297 
645 367 45 45 0.023502601 
495 347 34 38 0.023411928 
357 147 12 15 0.023342017 
55 244 23 31 0.023308992 
794 559 93 127 0.023289481 
519 231 11 13 0.023228304 
170 164 12 17 0.02317519 
486 20 11 15 0.023174968 
509 144 19 24 0.023103297 
118 219 13 17 0.02304202 
481 86 9 12 0.023022186 
607 133 10 12 0.023021156 
805 142 10 12 0.023015417 
778 148 9 12 0.023008315 
427 147 13 16 0.022989785 
535 141 9 11 0.022957088 
801 110 9 11 0.022925146 
560 141 11 15 0.022911455 
1010 20 13 17 0.022792611 
453 164 9 12 0.022766192 
309 126 9 11 0.022737017 
512 117 10 12 0.022724222 
997 114 14 19 0.022716643 
543 140 10 12 0.022711735 
158 131 14 16 0.022698497 
453 135 20 23 0.022691809 
929 50 13 15 0.02266461 
822 127 9 12 0.022660581 
333 151 10 12 0.022656368 
806 156 10 12 0.022652254 
393 112 9 12 0.022608561 
376 134 9 11 0.022572221 
621 446 55 71 0.022546044 
381 172 12 14 0.022523925 
720 140 10 13 0.02252085 
532 272 28 34 0.022437226 
395 682 60 59 0.022388695 
40 296 17 22 0.022257173 
5 217 11 17 0.022239072 
421 155 13 15 0.022228306 
503 103 9 11 0.022138815 
85 231 13 18 0.022072367 
518 162 11 15 0.022018952 
471 107 10 13 0.022016233 
550 140 11 13 0.021943873 
499 252 24 31 0.02192285 
535 119 18 22 0.021910077 
251 161 22 25 0.021880912 
477 101 10 12 0.021852156 
613 104 18 22 0.021843575 
441 124 10 14 0.02180823 
518 108 19 23 0.021796761 
289 227 16 19 0.021765945 
801 97 7 9 0.021761253 
119 211 12 15 0.021747246 
487 294 11 14 0.021744175 
318 171 10 13 0.021722738 
417 85 8 11 0.021713072 
430 104 10 12 0.021710662 
13 199 20 25 0.021631917 
801 81 7 9 0.02163084 
649 431 33 44 0.02161891 
503 110 9 10 0.021594757 
776 134 10 12 0.021589793 
516 156 10 14 0.021558382 
131 156 22 27 0.021546967 
409 101 8 12 0.021532997 
638 222 13 17 0.021397531 
783 101 8 10 0.02139086 
588 176 16 20 0.021369705 
278 152 12 15 0.021348389 
822 139 9 12 0.02123119 
525 262 28 34 0.021231065 
517 236 12 15 0.02119203 
410 126 9 12 0.021177972 
682 319 30 37 0.021161856 
422 85 9 11 0.021144943 
559 170 13 16 0.021086179 
770 90 9 11 0.021062557 
5 153 12 15 0.021043476 
590 318 30 36 0.021036686 
633 103 10 13 0.021033911 
886 569 93 136 0.021016037 
631 134 9 11 0.020939948 
566 135 9 11 0.020937558 
720 87 9 11 0.020917013 
396 126 9 12 0.02090191 
-1 214 11 19 0.020865962 
372 156 22 28 0.020822598 
604 179 11 15 0.020781586 
578 463 57 66 0.020758249 
480 149 10 12 0.020744706 
453 158 10 12 0.020733424 
558 111 8 9 0.020621987 
360 126 8 10 0.020581605 
407 118 9 11 0.020565953 
365 213 27 35 0.020554606 
414 144 12 16 0.020549012 
542 150 11 14 0.020546338 
152 156 10 13 0.020456508 
553 486 88 90 0.020448977 
859 61 8 11 0.02044772 
536 131 10 12 0.020440694 
396 235 11 14 0.020435216 
82 196 15 18 0.020430814 
479 94 9 11 0.02036984 
382 141 9 12 0.020319117 
368 111 10 13 0.020311197 
477 119 10 11 0.020243816 
285 202 14 17 0.020243641 
861 64 18 23 0.020233689 
127 137 12 16 0.020227822 
487 101 9 12 0.020222194 
315 188 15 18 0.02016919 
72 228 21 27 0.020168351 
61 241 14 19 0.02009585 
783 133 9 12 0.020094456 
483 170 14 17 0.020087564 
16 218 22 27 0.020047272 
