2_Demonstration_Protesters_2_16
43
625 586 83 109 0.9932167 
292 506 82 104 0.98529494 
125 -1 19 20 0.13896471 
140 745 71 77 0.093335174 
338 195 184 261 0.076100655 
157 5 15 17 0.074248895 
266 547 14 19 0.070198245 
65 18 15 18 0.06304256 
421 671 31 39 0.05710664 
140 939 19 23 0.05552471 
554 1086 10 14 0.050847203 
107 1067 395 538 0.047648184 
120 426 31 36 0.041237243 
228 2 387 517 0.040002916 
-30 448 388 534 0.039519608 
236 595 45 53 0.03880551 
243 1 16 18 0.035302773 
703 482 24 35 0.032828487 
145 416 14 17 0.03273196 
134 35 25 35 0.0322556 
151 13 22 30 0.03188665 
723 505 204 256 0.031508952 
117 2 17 19 0.029336419 
13 77 25 33 0.027623804 
912 515 34 36 0.027037704 
605 467 356 477 0.026108481 
254 585 29 38 0.026009712 
111 5 12 15 0.024610396 
2 906 427 505 0.0245982 
806 694 16 20 0.024478553 
18 932 24 32 0.024348782 
68 72 27 35 0.023950962 
801 685 26 33 0.023807475 
227 689 173 225 0.023779314 
139 5 24 30 0.0235781 
99 84 14 18 0.022763425 
9 81 47 60 0.022686675 
240 588 29 36 0.022125324 
66 24 16 22 0.022080451 
92 585 52 71 0.021948768 
77 935 25 30 0.02184438 
118 762 65 69 0.020568073 
797 517 16 18 0.02040198 
