2_Demonstration_Demonstration_Or_Protest_2_420
1147
311 164 25 48 0.9938693 
807 181 30 42 0.98969275 
478 161 34 42 0.984057 
593 166 31 52 0.9503914 
403 225 57 91 0.90570706 
374 171 23 39 0.8916037 
721 161 30 47 0.8895489 
641 124 26 37 0.8248603 
695 138 23 29 0.7339362 
419 133 20 29 0.71371293 
909 113 12 17 0.69748193 
745 268 32 50 0.66959107 
520 144 22 30 0.66245717 
984 141 22 29 0.6146705 
843 170 27 43 0.5821551 
209 144 27 36 0.57469344 
388 96 14 18 0.569559 
258 132 15 22 0.54243624 
205 126 14 18 0.49481496 
728 146 25 36 0.49459687 
747 282 47 59 0.4830004 
931 261 49 73 0.44705525 
978 136 19 26 0.42416042 
120 94 12 15 0.402021 
299 164 27 40 0.38447356 
202 263 52 72 0.36160773 
571 160 27 44 0.34453684 
51 93 12 14 0.32857493 
933 125 12 15 0.30637482 
909 170 27 30 0.30083066 
920 95 9 11 0.29540566 
383 197 47 73 0.29530367 
590 78 9 12 0.29341814 
85 75 10 13 0.28556857 
1008 99 11 14 0.28470138 
60 138 19 31 0.27918914 
307 111 15 20 0.27633056 
950 100 9 13 0.26068544 
856 75 11 14 0.25465146 
704 96 11 13 0.24327186 
70 179 27 46 0.24101725 
5 135 13 18 0.2402291 
382 83 10 13 0.23999001 
414 135 16 25 0.23885505 
265 135 15 19 0.2383834 
26 191 14 20 0.23233719 
462 94 8 11 0.23024006 
278 95 9 11 0.22101818 
654 174 37 58 0.2158226 
829 114 13 15 0.2092121 
433 135 17 23 0.2048904 
576 91 9 12 0.2048437 
554 228 32 54 0.2042429 
107 110 12 15 0.20157407 
481 86 7 10 0.1955763 
756 292 56 70 0.19434656 
650 131 25 35 0.191562 
967 86 8 11 0.19150338 
1007 112 13 17 0.19128492 
446 110 10 13 0.19112802 
511 91 10 12 0.18620305 
981 94 8 11 0.18608783 
249 162 22 34 0.18404855 
464 75 8 11 0.18324639 
303 76 10 13 0.17819594 
537 86 9 12 0.17486286 
163 138 17 23 0.17179567 
44 119 15 20 0.16751148 
975 110 10 13 0.1649388 
248 78 9 11 0.16491145 
417 76 9 13 0.16198713 
51 144 20 32 0.15937169 
771 123 17 20 0.15831165 
580 129 15 18 0.15628341 
38 95 11 14 0.15413162 
462 101 10 13 0.15111345 
904 78 8 10 0.15072234 
493 123 10 14 0.1504528 
601 94 9 13 0.15015829 
191 106 10 13 0.14900197 
0 297 28 53 0.14848267 
870 86 9 12 0.1476197 
196 101 12 15 0.14707005 
838 157 24 36 0.14702378 
934 109 10 12 0.14682847 
973 130 15 21 0.1457643 
967 111 9 11 0.14551769 
23 107 10 13 0.14333937 
575 123 12 17 0.14276949 
754 95 8 11 0.13978052 
663 101 11 14 0.13963379 
504 88 9 11 0.13941675 
818 296 52 56 0.13799457 
220 84 10 13 0.13705249 
546 241 50 62 0.1366118 
205 103 10 13 0.13496527 
213 147 16 23 0.13448277 
30 118 12 16 0.13371107 
0 86 8 12 0.13224213 
966 133 11 17 0.1318123 
815 123 22 28 0.13169348 
455 122 10 15 0.1273223 
582 87 8 11 0.12725954 
467 166 25 35 0.12708783 
488 117 10 13 0.1269433 
990 150 29 32 0.1269349 
176 93 9 10 0.12544176 
438 77 8 11 0.124923654 
363 175 26 40 0.12371649 
853 178 30 42 0.12358558 
221 79 9 11 0.12247531 
838 155 14 19 0.122457296 
258 163 22 39 0.12244845 
389 129 12 18 0.12083824 
294 130 12 17 0.12075478 
686 86 8 10 0.12032461 
815 179 21 25 0.11990367 
143 72 8 10 0.11954777 
36 119 16 20 0.11925359 
101 102 11 14 0.11902012 
601 107 15 19 0.11858623 
704 140 24 29 0.118441 
757 95 10 12 0.117817536 
383 92 14 19 0.11775567 
599 77 9 12 0.11503717 
63 76 9 13 0.11481842 
254 63 9 11 0.11436128 
150 93 9 11 0.11400055 
74 161 36 53 0.11328368 
244 125 11 15 0.1127041 
539 190 22 29 0.11148993 
20 142 21 29 0.110083014 
512 115 10 14 0.10926901 
581 156 14 20 0.10842854 
373 97 12 16 0.10838111 
553 94 8 11 0.10832007 
278 99 10 13 0.108059146 
396 61 11 15 0.10760509 
263 109 10 12 0.107522875 
950 123 10 13 0.10732105 
734 107 12 15 0.10653845 
703 85 9 10 0.106461175 
0 92 10 15 0.10619101 
479 94 9 13 0.1060608 
605 87 9 10 0.10564062 
496 91 9 11 0.1053882 
56 75 9 11 0.102433994 
967 92 9 11 0.1023864 
927 85 11 12 0.10157782 
938 156 14 18 0.101212874 
60 94 10 14 0.10037615 
759 99 10 12 0.098761804 
973 115 12 15 0.098675184 
237 107 12 16 0.098184444 
510 131 12 16 0.098151095 
255 37 7 10 0.0979903 
309 72 11 14 0.097803555 
695 100 10 12 0.09745178 
616 95 9 13 0.0973443 
496 71 8 10 0.09670994 
864 115 12 14 0.096584566 
6 132 21 27 0.09640179 
359 77 9 12 0.09635059 
176 88 8 10 0.09581572 
370 179 37 52 0.09561612 
488 62 9 11 0.09540363 
904 147 11 16 0.09535452 
727 109 11 15 0.09419174 
456 74 9 12 0.09336998 
49 89 9 13 0.09310897 
447 114 11 15 0.09277181 
925 100 9 12 0.0927175 
601 86 9 11 0.09240488 
439 109 11 14 0.09146845 
924 94 10 12 0.09144259 
451 167 17 22 0.09109793 
944 95 10 12 0.09081845 
910 78 9 10 0.09080591 
303 98 12 15 0.09079604 
604 93 10 12 0.09075701 
534 55 8 10 0.09061581 
528 96 7 10 0.09060167 
586 78 8 11 0.08935507 
488 232 59 75 0.0891385 
370 160 16 24 0.08908605 
11 122 14 17 0.08881489 
206 76 9 12 0.0881781 
707 117 12 13 0.088006474 
600 100 11 14 0.08795746 
666 107 14 18 0.08765063 
217 77 9 12 0.08721987 
890 124 13 17 0.0870764 
433 76 9 12 0.086973555 
541 116 11 15 0.086940706 
46 76 9 11 0.08693242 
516 114 11 15 0.0869071 
502 110 9 12 0.08568098 
517 87 9 11 0.085097976 
416 84 9 12 0.08496278 
497 76 8 10 0.08482933 
512 60 8 11 0.08418758 
629 106 11 16 0.08406959 
430 115 13 15 0.08384669 
109 131 14 18 0.0836138 
703 115 10 14 0.08333417 
521 78 8 10 0.083275735 
377 213 32 41 0.08316594 
485 87 9 10 0.08295697 
183 77 9 12 0.08293153 
273 136 16 19 0.08223103 
272 95 9 11 0.082125306 
295 94 10 13 0.081925415 
737 67 9 11 0.08119079 
495 109 11 13 0.08106429 
518 92 8 11 0.08063915 
766 100 10 12 0.08059508 
159 102 9 11 0.080533884 
171 137 15 21 0.080532245 
557 95 8 10 0.07987196 
552 70 9 10 0.0794059 
360 202 80 115 0.07935627 
548 129 13 19 0.079282574 
95 78 9 12 0.0792267 
903 92 9 11 0.07914291 
904 87 9 11 0.07860905 
133 132 13 17 0.078589536 
528 100 8 10 0.07813113 
551 150 25 31 0.077963196 
503 78 8 9 0.07791313 
407 117 12 14 0.07786461 
994 196 24 27 0.077803396 
774 87 7 9 0.07736568 
470 99 12 16 0.07728968 
581 91 9 13 0.07727676 
142 103 10 12 0.07717845 
455 166 24 35 0.07717815 
151 88 8 10 0.076642334 
125 108 11 15 0.07631853 
671 79 8 10 0.075932756 
477 123 11 14 0.07555346 
240 75 9 12 0.07536851 
552 78 8 11 0.07536815 
198 128 16 20 0.07516617 
770 85 8 10 0.07514432 
607 60 8 10 0.07511493 
537 80 8 11 0.07484554 
455 109 10 13 0.07471867 
760 109 9 12 0.07411967 
637 76 9 11 0.07399575 
860 72 11 13 0.07301472 
25 78 9 12 0.072982736 
688 94 9 12 0.072769396 
264 95 9 11 0.072768345 
140 107 11 14 0.07252399 
119 87 11 12 0.07217469 
868 264 30 33 0.072141156 
541 123 11 16 0.0720255 
159 93 9 10 0.072009504 
878 77 8 11 0.071999885 
421 73 9 11 0.07199042 
412 109 11 13 0.07163515 
558 102 9 10 0.071563534 
456 92 10 12 0.070860624 
200 154 25 34 0.070805535 
107 283 68 67 0.07051606 
913 110 13 17 0.07044826 
368 91 11 16 0.07043928 
168 104 8 10 0.07034454 
462 129 11 16 0.070119575 
862 94 10 12 0.07004623 
699 93 21 25 0.07003104 
47 88 19 24 0.06993373 
225 107 11 15 0.06975839 
670 85 8 11 0.06958584 
470 79 8 9 0.06912913 
424 61 9 11 0.068919025 
145 37 9 12 0.06883904 
828 121 14 18 0.068264574 
167 73 7 9 0.06821588 
769 80 8 10 0.06795677 
159 88 9 10 0.06791162 
898 168 22 33 0.067785375 
933 117 12 16 0.067698196 
605 78 9 10 0.06768389 
976 103 9 10 0.06736058 
201 71 9 12 0.06680255 
859 141 15 18 0.066192724 
224 100 10 15 0.066181295 
568 78 8 9 0.06611045 
711 159 27 38 0.06605539 
949 205 14 18 0.06588387 
536 92 8 11 0.06567239 
578 152 24 34 0.06551302 
197 160 17 23 0.065457225 
43 96 15 18 0.065337665 
144 92 9 11 0.06520735 
896 75 9 11 0.0651279 
693 150 27 34 0.065043226 
982 88 8 11 0.06500424 
869 109 10 13 0.06472752 
236 95 10 11 0.064588375 
968 114 10 14 0.06455033 
423 94 8 11 0.06440281 
976 85 9 11 0.064201035 
486 93 9 11 0.06397152 
199 95 9 11 0.06384412 
934 149 12 15 0.06371119 
870 78 10 13 0.06363281 
159 77 8 9 0.063622765 
613 116 13 18 0.063622706 
696 115 12 15 0.06331454 
177 277 52 69 0.06319453 
1002 209 18 21 0.06310681 
488 110 9 13 0.063016124 
408 77 9 12 0.062813066 
698 132 17 22 0.062691405 
182 94 8 11 0.062483195 
965 176 24 33 0.06233586 
1 138 10 16 0.06232169 
257 94 8 10 0.06228986 
567 62 8 10 0.062196568 
551 148 13 20 0.062173836 
469 123 13 17 0.06186143 
625 121 26 33 0.061811514 
411 210 34 48 0.06166367 
229 99 13 17 0.061621692 
125 71 9 9 0.06147263 
253 127 12 18 0.061307695 
51 127 21 30 0.061025403 
625 56 7 10 0.060829736 
338 186 15 20 0.060267366 
957 125 10 13 0.060232893 
300 122 14 20 0.060157917 
183 85 9 11 0.059952494 
135 109 9 13 0.059900817 
939 125 12 15 0.05947448 
864 84 11 14 0.05916834 
189 128 12 18 0.058683164 
125 134 25 35 0.058653887 
150 101 9 12 0.058631293 
30 78 11 13 0.058614716 
337 118 29 33 0.058550045 
229 132 14 16 0.058293283 
423 187 25 32 0.058256753 
696 85 8 10 0.05824969 
544 111 9 12 0.05820721 
994 273 32 48 0.058135837 
124 86 11 13 0.0578043 
139 300 54 54 0.057706427 
96 83 10 12 0.057616632 
457 102 10 13 0.05761654 
144 88 8 10 0.057539713 
38 76 11 13 0.057482284 
233 69 9 11 0.057440825 
503 115 10 14 0.057358846 
861 100 11 12 0.05730253 
888 171 25 37 0.057244442 
168 93 8 10 0.057201684 
106 262 47 53 0.05683019 
4 99 11 14 0.056790628 
996 164 28 34 0.056692015 
407 102 9 12 0.05665615 
569 87 8 11 0.05658068 
480 82 7 9 0.056498345 
69 76 10 14 0.056021716 
824 111 12 14 0.05601546 
856 94 10 13 0.05595976 
543 79 9 11 0.05585414 
837 131 13 19 0.055818968 
620 99 12 14 0.05568005 
954 69 8 12 0.055466153 
560 159 24 33 0.0554437 
720 86 9 11 0.05537557 
140 131 13 17 0.055208784 
225 116 10 14 0.055188444 
549 110 10 12 0.055066932 
154 78 7 10 0.055061594 
727 81 9 11 0.054753438 
7 300 44 59 0.054737676 
284 136 15 19 0.05455419 
112 83 9 11 0.05452768 
701 122 13 17 0.05448766 
473 86 8 9 0.054473106 
106 70 9 11 0.054221876 
600 56 8 10 0.054218616 
758 87 9 10 0.05418309 
887 86 10 12 0.054037448 
726 151 16 23 0.053808723 
688 145 14 20 0.053719357 
935 103 9 12 0.053512946 
28 110 11 15 0.053390462 
573 139 13 18 0.05321197 
269 100 12 14 0.053193092 
-1 164 11 20 0.05312872 
5 123 14 17 0.053058743 
398 56 10 13 0.053047244 
148 132 11 15 0.05302193 
526 78 8 10 0.052978903 
603 163 16 24 0.05287507 
1001 93 9 11 0.05278568 
433 249 64 78 0.052769005 
181 123 12 19 0.052749485 
316 135 14 19 0.052626934 
569 93 9 11 0.052591566 
668 95 10 11 0.052527037 
588 123 12 17 0.052256826 
104 105 19 24 0.05183196 
545 103 8 10 0.051742796 
552 102 8 10 0.05169968 
543 92 9 11 0.051551435 
61 147 24 36 0.05133065 
530 54 7 10 0.05133002 
781 145 12 18 0.051291816 
268 107 12 14 0.05126941 
701 108 12 14 0.051251918 
732 113 11 14 0.05124788 
248 70 10 14 0.0512114 
115 123 14 19 0.05117269 
448 87 8 11 0.05115099 
551 87 8 10 0.051121168 
485 142 13 16 0.05110546 
485 101 10 12 0.051049322 
493 62 9 12 0.05091385 
561 37 9 10 0.05085523 
257 108 9 13 0.05079468 
550 138 12 19 0.050785042 
376 78 11 13 0.050598867 
243 107 12 16 0.050471965 
161 73 7 9 0.05036034 
15 93 9 11 0.05027175 
968 126 11 16 0.049874544 
734 133 12 16 0.049852204 
633 76 9 12 0.049835365 
562 137 22 29 0.049807344 
623 78 8 11 0.04943461 
604 140 13 18 0.04934705 
407 145 13 19 0.049337756 
912 94 9 10 0.049307294 
176 77 9 11 0.04922528 
387 86 10 12 0.04897498 
119 78 10 12 0.048930697 
591 56 8 10 0.0488701 
406 61 9 12 0.04883565 
588 136 13 18 0.04879668 
206 94 10 11 0.04876903 
998 88 9 11 0.048732597 
940 108 11 14 0.04866712 
735 64 8 10 0.04861381 
124 77 10 12 0.048570998 
818 169 35 49 0.048432983 
270 78 8 10 0.048386216 
681 85 9 11 0.04822009 
266 70 7 11 0.048191912 
231 94 10 14 0.047919843 
415 63 7 9 0.047816914 
578 46 7 10 0.047782306 
464 62 7 9 0.047716543 
887 93 9 11 0.047564346 
264 101 11 13 0.047487475 
690 99 10 13 0.04743617 
534 48 8 10 0.047281772 
625 29 9 11 0.04726189 
956 102 9 12 0.04710394 
120 155 22 33 0.04695442 
961 87 10 11 0.04692213 
135 126 11 14 0.04692049 
790 78 9 11 0.046897896 
528 73 6 8 0.046886366 
117 115 12 15 0.04688451 
207 86 9 11 0.046711408 
472 71 7 9 0.046605397 
837 123 11 16 0.046595313 
937 286 54 79 0.046517994 
534 102 8 10 0.046437394 
472 62 8 10 0.046304725 
530 49 7 9 0.04629202 
213 178 30 40 0.046284094 
512 79 8 10 0.046243437 
191 85 8 10 0.046123724 
920 77 8 10 0.04601958 
630 61 8 11 0.04596116 
143 134 22 28 0.045888547 
491 147 14 16 0.04578796 
962 109 9 12 0.045779712 
496 102 10 13 0.04577637 
253 55 9 11 0.045748662 
200 86 8 11 0.04566597 
934 143 11 13 0.045603957 
696 107 12 15 0.04556912 
501 72 8 10 0.045465156 
278 106 11 14 0.045462165 
398 194 28 41 0.04542295 
891 185 25 37 0.04539655 
286 94 9 12 0.045379903 
406 187 23 33 0.04533398 
909 86 9 10 0.04530969 
686 80 9 11 0.04526881 
797 17 13 17 0.04524506 
978 185 23 33 0.04524162 
393 66 11 13 0.045239083 
188 164 22 29 0.045201328 
552 54 9 10 0.045176916 
413 177 13 19 0.045028202 
38 158 14 21 0.045022793 
63 84 11 13 0.044924516 
150 72 8 9 0.044863615 
32 100 10 14 0.044798877 
905 257 52 75 0.044796623 
789 128 13 17 0.044786625 
296 71 8 11 0.044719096 
52 106 15 17 0.044707783 
203 119 15 17 0.04468623 
221 93 10 13 0.04463554 
278 89 9 12 0.044632535 
919 122 11 14 0.044597473 
14 183 23 29 0.04458153 
936 210 25 36 0.044535913 
993 87 8 11 0.044532906 
727 177 32 46 0.04435725 
918 72 7 10 0.04427342 
215 91 11 14 0.044241454 
34 93 10 13 0.04419876 
286 179 30 37 0.04417605 
864 183 33 41 0.04395641 
547 183 24 33 0.043907817 
536 116 11 14 0.04370367 
590 61 8 9 0.04355278 
860 131 13 16 0.0435251 
729 61 8 11 0.043505147 
236 130 14 16 0.043430254 
442 134 13 19 0.043364327 
536 72 7 9 0.043339893 
616 71 8 10 0.043302856 
951 88 7 10 0.043109834 
289 129 21 29 0.043062877 
678 153 12 17 0.043059267 
914 73 8 10 0.043024607 
140 125 13 15 0.042991377 
614 87 9 10 0.04290662 
797 128 13 19 0.04281905 
639 92 11 13 0.042804528 
979 110 11 14 0.042775545 
417 91 9 12 0.042677842 
265 77 8 10 0.0425578 
358 91 11 15 0.04252567 
566 36 8 11 0.042353548 
621 114 11 17 0.042332973 
541 169 14 19 0.04219008 
480 64 8 10 0.042111803 
626 60 8 11 0.042017117 
960 93 9 12 0.041984815 
183 200 27 39 0.041925896 
324 93 11 15 0.041900847 
523 179 15 17 0.041825455 
419 198 30 40 0.04172118 
131 165 16 25 0.041685842 
680 78 8 11 0.04159029 
183 72 9 11 0.041585665 
914 165 18 20 0.04148633 
665 80 10 11 0.041424237 
222 72 8 10 0.041360833 
376 61 10 12 0.04109628 
576 77 8 10 0.040959354 
189 78 9 12 0.04062601 
501 124 12 16 0.040515907 
921 88 8 10 0.04048228 
21 122 11 15 0.04045854 
31 84 10 12 0.040439665 
315 161 17 30 0.040406037 
46 152 15 23 0.040250413 
537 62 7 8 0.04014463 
908 153 13 17 0.040116444 
376 69 9 11 0.040046215 
372 90 20 25 0.040044483 
520 73 8 9 0.039909165 
305 131 22 32 0.039892536 
555 127 16 19 0.03989204 
222 124 10 14 0.039736304 
91 154 39 51 0.03959287 
230 86 9 11 0.039498195 
16 88 8 10 0.03933906 
934 93 10 12 0.039324414 
812 271 101 115 0.039287265 
304 106 14 19 0.039281256 
888 78 8 11 0.039257646 
189 243 87 112 0.03923349 
447 70 10 12 0.039170627 
734 86 8 10 0.03915909 
710 85 9 12 0.038933225 
708 109 12 14 0.038788464 
206 223 52 70 0.038730934 
448 76 8 11 0.03861506 
846 313 37 41 0.038601838 
739 103 10 13 0.03848359 
960 136 13 16 0.03847948 
983 77 7 11 0.0384391 
645 91 10 12 0.038328547 
860 123 14 17 0.038289092 
297 75 9 12 0.038182165 
254 86 8 10 0.03812745 
173 102 10 11 0.038089562 
985 199 25 31 0.038065307 
559 54 8 11 0.03792512 
446 104 10 12 0.03790794 
430 63 8 10 0.037868004 
269 70 9 11 0.037796184 
672 72 7 9 0.037777234 
448 63 8 10 0.03765199 
230 154 26 35 0.037555326 
976 79 9 11 0.037483055 
597 139 14 18 0.037478555 
848 146 23 30 0.037466887 
488 56 8 10 0.037203014 
480 69 7 9 0.037179742 
901 73 9 12 0.037164096 
558 71 8 10 0.03711861 
69 83 9 13 0.03707785 
610 255 53 59 0.03703986 
429 102 9 12 0.037019465 
978 125 14 17 0.037018362 
894 139 10 15 0.036910083 
240 114 11 15 0.036888476 
585 72 8 10 0.036888268 
781 162 13 20 0.0368835 
959 76 8 11 0.036882993 
917 243 32 46 0.036756836 
71 107 10 13 0.03674458 
936 71 8 9 0.036699716 
438 175 28 36 0.036672756 
394 94 12 15 0.036660243 
134 115 10 14 0.03663527 
135 84 10 12 0.036629878 
592 94 9 12 0.03656981 
197 196 27 46 0.036505047 
316 77 11 13 0.036494147 
416 180 22 33 0.03648074 
545 72 7 9 0.036479257 
172 107 10 13 0.03647775 
721 108 10 13 0.036461134 
546 186 14 20 0.036268476 
584 55 8 10 0.036134645 
31 127 27 33 0.036065467 
38 86 10 13 0.036055416 
869 101 11 14 0.035933226 
111 111 21 25 0.035823666 
738 137 18 22 0.03575799 
655 107 23 29 0.035756957 
286 101 10 13 0.035677586 
317 83 11 14 0.035667602 
14 126 22 30 0.035663042 
94 141 28 34 0.035652384 
175 126 21 27 0.035650834 
440 104 9 12 0.03557389 
585 61 8 10 0.035571575 
761 65 7 8 0.035452057 
664 95 9 12 0.03543304 
191 96 9 11 0.035420455 
529 86 8 11 0.035365798 
967 80 10 12 0.03523468 
455 129 12 18 0.035177328 
992 78 8 10 0.035093334 
262 114 10 15 0.035052832 
648 75 8 11 0.035029914 
457 135 22 29 0.03500624 
429 93 9 12 0.03498429 
127 137 13 18 0.034943644 
797 187 28 42 0.034942087 
240 121 20 26 0.0349406 
287 76 8 11 0.034940585 
470 140 14 19 0.034935106 
464 89 8 10 0.03480895 
801 164 27 35 0.034801874 
841 266 58 68 0.034750883 
13 102 11 14 0.03459695 
405 56 10 12 0.034573805 
502 101 10 12 0.034422137 
616 46 7 10 0.034377575 
102 96 10 12 0.034347292 
439 85 8 11 0.034279734 
572 163 15 24 0.03427101 
969 112 20 25 0.03423853 
989 110 11 13 0.03422977 
476 140 14 18 0.034132056 
219 152 26 38 0.03401983 
940 140 12 15 0.03400229 
825 141 23 30 0.034001827 
940 118 10 14 0.033885118 
300 133 14 22 0.033860818 
309 83 12 14 0.033857364 
96 93 10 12 0.033854935 
534 110 10 13 0.033824056 
776 140 20 28 0.03376039 
239 87 8 10 0.033739433 
568 70 9 11 0.03369692 
307 92 12 15 0.033668466 
472 95 10 13 0.03355579 
232 64 9 11 0.03355196 
516 55 9 11 0.03349049 
768 72 7 8 0.033455428 
452 140 13 19 0.033395354 
623 109 11 16 0.033383727 
423 56 8 10 0.033373468 
449 186 27 34 0.033308763 
382 67 10 12 0.03329524 
967 122 19 25 0.033254437 
963 193 13 19 0.03324456 
942 251 37 50 0.03322701 
0 217 15 20 0.033197314 
80 70 12 16 0.033185214 
787 77 8 11 0.03307852 
1015 84 9 12 0.033065163 
634 101 14 16 0.03302357 
110 100 12 14 0.03296039 
21 138 14 21 0.032925297 
23 83 10 12 0.03288169 
960 117 10 13 0.0328597 
103 78 9 13 0.032706052 
183 64 7 9 0.03265509 
616 76 9 11 0.032649856 
109 147 24 35 0.032623757 
137 78 9 11 0.03261394 
457 63 7 10 0.032521293 
741 70 8 11 0.032441042 
366 77 10 12 0.032412395 
120 122 22 27 0.03233602 
847 91 10 14 0.03231704 
13 143 14 20 0.032241404 
945 87 8 10 0.032224823 
407 69 9 12 0.032180168 
421 126 14 20 0.032175656 
656 91 9 12 0.03210533 
144 65 9 11 0.03209496 
287 86 9 12 0.032056276 
968 104 9 11 0.03201709 
953 76 8 11 0.031945124 
591 118 11 16 0.031670697 
511 100 9 11 0.031626217 
363 137 15 19 0.03160675 
391 47 9 10 0.031524893 
550 216 27 40 0.03151361 
576 55 7 9 0.031379756 
886 101 11 13 0.031356636 
273 87 9 11 0.031328116 
695 123 11 15 0.031290475 
552 64 8 10 0.031269662 
918 179 26 35 0.031250507 
378 162 16 22 0.031217072 
776 65 8 9 0.031207604 
599 119 12 17 0.031191861 
862 47 10 13 0.031164797 
929 62 7 10 0.031150514 
490 155 18 19 0.031130563 
229 126 11 15 0.031070003 
598 221 54 64 0.031038567 
583 143 22 29 0.031007648 
232 76 9 12 0.030959416 
898 147 22 31 0.03094879 
630 84 11 13 0.03094541 
220 141 13 20 0.03094327 
70 152 24 36 0.03089618 
929 108 10 14 0.03085786 
580 119 13 17 0.030832082 
201 131 22 28 0.030762438 
486 132 12 14 0.030683173 
-4 219 22 34 0.030682473 
69 102 10 13 0.030680513 
356 118 12 15 0.030651733 
638 86 10 13 0.030585732 
658 146 17 24 0.030525316 
928 149 11 14 0.030477196 
113 94 11 13 0.030422993 
0 124 10 17 0.030385386 
165 203 14 20 0.030375922 
561 156 14 19 0.030290606 
606 206 28 35 0.03020351 
397 139 12 17 0.03020316 
928 141 10 12 0.030184608 
773 103 9 12 0.03016789 
407 133 15 21 0.030157268 
786 153 14 19 0.030154599 
568 57 7 9 0.030092137 
368 70 10 12 0.030085944 
413 70 19 25 0.03008493 
76 107 12 14 0.030083563 
592 38 9 11 0.03005309 
799 291 49 59 0.030005015 
246 137 14 20 0.029987587 
487 119 19 23 0.029981304 
784 71 8 10 0.029966483 
185 100 9 12 0.029943628 
166 203 27 33 0.02993912 
944 78 8 10 0.029931614 
201 36 9 11 0.02991866 
834 109 14 17 0.029916914 
736 95 8 11 0.029904874 
829 105 13 15 0.029902713 
877 85 9 12 0.029858481 
477 132 12 15 0.029856058 
507 224 80 103 0.029813852 
461 114 12 17 0.029706582 
927 129 12 15 0.029667957 
983 71 8 10 0.029658595 
670 160 43 62 0.029655304 
272 54 8 10 0.029653726 
304 67 20 26 0.029633464 
926 222 29 39 0.029606972 
607 71 9 11 0.029601233 
575 187 51 70 0.029573571 
720 62 7 9 0.02952216 
53 93 20 24 0.029448107 
655 106 11 16 0.02932686 
448 121 12 16 0.029306702 
295 86 10 13 0.029285308 
471 56 8 10 0.029281728 
562 173 27 39 0.029267425 
440 54 9 11 0.02923129 
15 107 12 14 0.029198317 
599 46 8 9 0.02917681 
372 220 13 19 0.029120024 
531 184 23 27 0.028993407 
988 157 15 21 0.028941775 
828 302 28 35 0.028934224 
720 81 9 11 0.028910901 
759 115 11 15 0.028909856 
435 123 14 16 0.028834097 
878 72 8 10 0.028822014 
691 91 20 24 0.028765075 
845 110 11 14 0.028722463 
922 161 25 32 0.028679993 
543 55 8 10 0.02867696 
933 78 9 11 0.028669562 
826 129 16 21 0.02851447 
204 189 29 42 0.028463967 
129 269 89 99 0.028316008 
576 40 8 12 0.028285298 
1000 114 12 15 0.02828161 
893 102 9 12 0.02827135 
26 150 24 33 0.028260678 
766 117 13 16 0.028245732 
138 72 8 10 0.028226715 
244 166 18 24 0.028196843 
856 52 9 12 0.028151607 
559 88 8 10 0.028131118 
197 115 13 17 0.028126853 
980 99 11 13 0.028028576 
108 146 15 22 0.027919326 
15 70 10 12 0.02791426 
97 99 20 24 0.027913278 
22 116 12 16 0.027911516 
255 103 10 12 0.02785249 
89 273 55 63 0.027845358 
598 231 119 123 0.027836272 
411 192 13 21 0.027712286 
990 92 9 11 0.027661502 
419 175 13 21 0.027649371 
665 70 9 11 0.027639555 
897 37 8 12 0.027630378 
377 56 8 10 0.02762587 
654 78 8 11 0.027617343 
752 78 7 9 0.02760707 
796 159 22 31 0.02759482 
133 148 27 37 0.027572434 
767 65 7 8 0.027538314 
493 129 12 16 0.027519334 
83 146 30 36 0.027507264 
715 131 15 19 0.02750695 
432 171 24 31 0.027486008 
377 80 20 24 0.0274139 
915 154 15 18 0.027407829 
588 113 21 26 0.027315555 
373 124 12 16 0.027312556 
911 103 12 14 0.027293576 
121 71 9 10 0.027232207 
60 104 14 17 0.027201395 
497 47 7 9 0.027172813 
432 85 10 12 0.027092258 
623 109 22 29 0.027087318 
680 55 8 10 0.026911765 
103 132 22 29 0.02690883 
559 78 8 10 0.026881836 
675 114 12 17 0.026863484 
207 149 14 20 0.026801787 
843 132 11 16 0.026795095 
404 198 16 24 0.0267763 
266 179 24 36 0.026740931 
804 155 14 19 0.026655586 
526 109 11 14 0.0265812 
855 146 14 18 0.02652123 
641 185 30 42 0.026515072 
900 206 15 23 0.026475506 
628 114 11 16 0.026454482 
866 141 14 17 0.026439175 
860 254 56 68 0.02641747 
976 70 8 10 0.026391888 
443 142 15 20 0.026291514 
118 108 12 15 0.02624447 
488 80 8 9 0.026206087 
286 61 9 11 0.026205853 
140 115 14 16 0.02619489 
68 94 10 13 0.026186097 
681 151 26 33 0.026173523 
852 30 10 13 0.026172366 
513 157 25 31 0.026152082 
626 97 19 25 0.026110753 
976 64 7 10 0.026083909 
583 183 31 39 0.026075635 
500 126 21 26 0.026048439 
407 94 9 13 0.026048293 
930 148 21 25 0.02601746 
612 214 15 21 0.025973806 
108 156 38 50 0.02594682 
957 64 9 12 0.025931375 
432 198 18 24 0.025889114 
566 122 14 18 0.025879556 
1000 72 9 11 0.025865052 
631 0 31 31 0.02586141 
160 64 8 9 0.025832526 
512 70 8 10 0.025805367 
308 152 15 25 0.025789045 
179 145 12 17 0.02578793 
557 205 51 69 0.025737423 
788 138 13 19 0.025708433 
399 76 10 12 0.025686072 
309 250 29 38 0.025672173 
481 145 23 27 0.025666162 
624 85 9 11 0.025655147 
646 61 9 11 0.025602732 
987 175 25 35 0.02557482 
153 55 7 9 0.025541691 
314 127 24 30 0.025482401 
358 84 11 14 0.025475718 
995 133 14 17 0.025474807 
878 108 10 13 0.025442237 
60 125 12 18 0.025428608 
612 108 12 17 0.025427606 
96 105 12 15 0.025398001 
1011 94 12 15 0.02534745 
582 20 11 13 0.025343217 
82 244 46 56 0.025318213 
330 -1 50 51 0.025307953 
712 62 8 10 0.02529801 
222 137 23 28 0.025287353 
108 96 21 24 0.025253298 
953 48 7 10 0.025233673 
431 30 10 13 0.025211154 
823 108 20 25 0.02514103 
265 38 8 10 0.025085734 
473 153 27 36 0.025076933 
593 141 22 28 0.025070151 
839 136 20 28 0.025068825 
855 72 19 23 0.025022598 
843 124 12 16 0.025016168 
942 211 15 21 0.024965312 
116 137 12 17 0.024849387 
847 63 9 13 0.024834612 
932 158 24 31 0.024813453 
516 123 11 14 0.02480314 
726 132 13 18 0.024799129 
407 83 10 12 0.024795547 
582 100 10 12 0.02475856 
605 117 13 19 0.024699558 
945 314 55 74 0.024669308 
664 137 16 22 0.024617733 
222 130 12 16 0.024617022 
423 108 11 14 0.0245725 
441 93 9 11 0.02456773 
495 55 8 10 0.024562594 
927 154 13 17 0.024556627 
371 215 25 31 0.02444741 
426 164 23 29 0.024443265 
386 162 16 21 0.02442602 
301 96 19 24 0.02430405 
745 55 7 8 0.024214478 
41 156 23 33 0.024200922 
317 207 27 35 0.024182562 
393 106 13 16 0.024178911 
399 247 34 52 0.024142934 
212 101 11 14 0.024113748 
303 83 11 13 0.024077775 
548 115 13 16 0.024063928 
490 68 8 10 0.023966374 
428 123 15 19 0.02395365 
895 92 8 11 0.023931993 
446 45 9 12 0.023816722 
581 148 12 18 0.023796039 
847 69 10 13 0.02379263 
887 108 10 13 0.023781616 
287 107 11 14 0.023772668 
442 152 25 32 0.023771444 
288 71 8 11 0.023652669 
953 64 9 11 0.023650924 
256 151 23 34 0.023615208 
2 192 14 18 0.023481619 
398 85 11 12 0.023423074 
466 141 22 29 0.023415148 
466 104 14 17 0.02336256 
1000 254 23 49 0.023335306 
385 185 18 27 0.02331567 
268 116 12 15 0.02330557 
805 124 15 20 0.023298824 
791 72 9 12 0.02328782 
460 178 25 37 0.023257824 
413 126 11 16 0.023244178 
968 71 8 10 0.023237467 
293 107 12 15 0.023184756 
988 115 13 15 0.023168957 
294 11 10 14 0.023165623 
37 107 14 16 0.023151528 
557 108 10 12 0.023061777 
423 115 12 15 0.023058506 
390 122 20 27 0.023033926 
754 63 7 9 0.02302689 
330 182 17 25 0.022961285 
406 105 20 24 0.022958234 
929 72 8 10 0.02289144 
207 160 28 38 0.02283149 
543 61 8 10 0.022776285 
941 92 19 23 0.022771344 
946 205 21 29 0.022715189 
797 110 9 13 0.022705507 
255 47 9 11 0.022702496 
22 94 9 11 0.02268277 
585 73 18 24 0.022661533 
871 71 10 12 0.022657597 
758 311 31 40 0.02262673 
919 39 8 11 0.022604408 
709 80 9 11 0.022580968 
702 102 22 26 0.022551456 
803 128 24 32 0.022511037 
714 149 16 24 0.022500532 
628 56 9 12 0.022497935 
316 69 11 14 0.022478187 
303 193 30 43 0.022458792 
640 61 9 11 0.022302488 
583 109 11 12 0.02229926 
180 168 21 27 0.022298064 
414 148 14 21 0.022297097 
191 72 8 10 0.02229607 
10 202 24 33 0.022247417 
119 102 20 24 0.022247303 
465 114 22 24 0.022211123 
787 162 14 21 0.02217159 
21 72 10 13 0.022161458 
193 104 19 22 0.022143789 
588 149 28 36 0.022135118 
589 21 11 13 0.02212939 
653 70 9 12 0.022088196 
395 124 13 17 0.02208283 
532 177 16 19 0.022077268 
451 156 14 20 0.022075823 
399 97 21 26 0.022035565 
929 116 20 25 0.022004848 
619 120 42 57 0.02198286 
567 137 77 107 0.021949433 
359 197 14 21 0.021925863 
459 193 16 22 0.021892343 
156 176 12 19 0.021891683 
942 70 8 11 0.021885362 
852 231 85 112 0.0218809 
255 116 11 17 0.021878665 
109 65 11 12 0.02184651 
693 111 21 24 0.021845067 
297 137 26 37 0.021826604 
391 54 11 14 0.021824006 
645 106 13 17 0.021814805 
927 55 8 11 0.021794537 
465 57 8 9 0.021766815 
398 57 19 25 0.021745967 
792 93 8 10 0.021743946 
679 92 10 12 0.021742688 
129 174 37 49 0.021711225 
551 36 9 11 0.021703178 
151 63 8 11 0.02167812 
1005 97 18 26 0.021612111 
688 54 8 11 0.021599475 
926 233 44 63 0.021593692 
602 124 23 29 0.021521015 
395 209 17 25 0.021517571 
420 84 10 12 0.021489538 
688 108 11 13 0.021414677 
513 48 8 10 0.02137874 
880 262 33 43 0.021335658 
713 58 6 8 0.021314515 
966 276 55 73 0.02129322 
964 155 40 54 0.021278948 
104 65 9 11 0.021256404 
901 184 13 21 0.021242151 
597 96 19 25 0.021210799 
560 62 8 10 0.021197561 
358 150 24 30 0.021180421 
667 119 16 21 0.021177033 
1016 79 8 11 0.021175219 
893 147 12 17 0.021166736 
239 138 25 34 0.02113993 
574 71 8 11 0.02113862 
16 78 9 10 0.021135513 
671 143 23 28 0.021122856 
274 123 17 19 0.021046348 
440 61 9 11 0.021035047 
353 76 11 13 0.020978758 
726 123 11 14 0.0209239 
792 85 8 10 0.02091178 
506 61 7 10 0.020904116 
464 126 22 26 0.02089681 
118 84 20 24 0.020876288 
723 131 22 29 0.02086432 
622 70 9 10 0.020805344 
195 142 26 32 0.020769486 
437 193 26 33 0.020763205 
773 109 11 12 0.02074199 
496 162 23 34 0.020735735 
347 170 36 52 0.020700166 
871 55 8 10 0.020683741 
887 140 11 15 0.020657303 
509 127 20 27 0.020650817 
85 106 11 14 0.020622954 
197 195 14 20 0.020589104 
609 90 21 26 0.020568294 
960 178 15 22 0.020531558 
311 65 9 11 0.020476956 
638 131 18 25 0.020472927 
352 70 10 12 0.020466955 
80 83 10 12 0.020440985 
260 103 18 24 0.020419788 
95 62 8 11 0.02041309 
783 93 8 10 0.020386316 
441 105 19 24 0.020366754 
481 246 40 50 0.020361423 
186 130 22 29 0.020359464 
281 70 8 11 0.020322353 
179 62 7 9 0.020316537 
591 109 10 13 0.020302389 
730 98 19 25 0.020256424 
711 69 9 10 0.020253066 
908 188 26 37 0.020250821 
645 116 15 22 0.020218784 
716 123 12 16 0.02021358 
134 92 10 13 0.02020603 
627 123 14 22 0.020184351 
566 109 10 12 0.02017961 
1002 163 18 21 0.02015457 
234 137 16 19 0.020149047 
1002 182 18 23 0.02014191 
783 54 8 11 0.020051224 
936 63 7 10 0.020014545 
631 93 11 13 0.020011889 
794 129 21 31 0.020001287 
