2_Demonstration_Demonstration_Or_Protest_2_32
365
454 1063 50 66 0.9980196 
723 1100 61 73 0.99760985 
516 1060 29 38 0.9946196 
627 1063 28 37 0.99307775 
523 1143 64 96 0.9904709 
240 1240 82 112 0.9880747 
894 1023 22 26 0.97949696 
425 1031 33 46 0.97187436 
292 1074 59 81 0.9688391 
164 1082 65 83 0.9639906 
865 1106 29 35 0.94348246 
334 1032 32 38 0.88981736 
276 1063 57 73 0.8367894 
49 1049 38 45 0.83059067 
530 1110 33 51 0.8234392 
936 1081 19 23 0.7652812 
965 1110 26 36 0.61590266 
307 1093 64 89 0.52736765 
697 1102 36 52 0.49408436 
551 1020 14 17 0.44268173 
980 1059 16 20 0.4078128 
-2 151 22 40 0.3961656 
491 1019 14 19 0.37601453 
631 1033 13 17 0.37483606 
575 1079 24 32 0.3675936 
829 1098 23 34 0.3612377 
992 1047 22 28 0.338962 
-7 1240 75 124 0.33500385 
549 1061 15 22 0.2717744 
986 1053 19 24 0.25604036 
776 1060 17 20 0.24442075 
924 1023 21 26 0.23530361 
323 927 32 39 0.23310503 
31 1024 53 75 0.2277838 
271 1060 40 52 0.22025548 
692 1041 13 17 0.21840493 
34 263 177 247 0.21739903 
958 1060 17 23 0.20003642 
369 1032 23 31 0.19780853 
748 1075 23 27 0.19753133 
603 1015 10 13 0.18488821 
628 1155 23 28 0.17822042 
663 1047 11 13 0.17082082 
860 1031 16 22 0.15833819 
1012 987 12 19 0.14653261 
289 1027 32 37 0.14307605 
526 1117 53 72 0.13057965 
414 977 23 28 0.12627208 
823 1054 12 15 0.122284316 
587 1037 14 17 0.12128059 
721 1052 24 27 0.11994161 
750 1016 12 15 0.11841674 
883 1077 20 23 0.11135532 
536 1059 24 33 0.11008115 
404 1029 29 40 0.109584294 
247 1066 45 63 0.10534641 
157 464 178 278 0.10193757 
600 1118 23 32 0.096495576 
844 1059 11 14 0.09523259 
767 1031 8 11 0.09468735 
975 1040 20 27 0.08970711 
613 1038 9 12 0.08771223 
528 1031 18 21 0.086027026 
807 1059 11 14 0.08223447 
1 988 57 100 0.080173925 
325 565 60 72 0.076886125 
951 1144 25 32 0.07455951 
382 466 227 260 0.07451544 
948 1056 22 25 0.06951422 
394 1033 26 34 0.06753434 
226 500 199 234 0.06730502 
314 862 29 38 0.06569806 
193 1041 31 37 0.06551195 
765 1054 23 29 0.065103106 
862 1082 12 15 0.06484577 
362 848 14 16 0.064065576 
970 1172 13 20 0.062395725 
970 999 24 31 0.062054086 
728 930 11 16 0.060140893 
312 531 108 134 0.0594927 
691 1046 16 22 0.05826442 
905 1150 26 39 0.0576297 
568 1043 11 15 0.057575908 
692 938 14 21 0.055582147 
427 1014 31 42 0.055239335 
158 1061 54 67 0.054395147 
626 1029 10 14 0.054179467 
2 647 25 50 0.054138463 
764 1053 13 15 0.053769916 
636 1039 14 18 0.053329762 
758 1030 10 13 0.053004056 
800 962 11 15 0.052963685 
625 1021 9 13 0.052456807 
645 1042 12 15 0.05180807 
814 1059 12 14 0.051738173 
398 956 24 37 0.051180113 
247 1027 28 30 0.050954998 
425 980 18 20 0.050946914 
19 193 52 65 0.05087104 
535 1039 24 33 0.05043912 
382 849 9 11 0.050238613 
600 1048 13 18 0.049990468 
614 999 10 12 0.049285896 
909 991 12 15 0.049162954 
853 933 12 15 0.049131457 
777 1053 14 16 0.048746392 
162 1037 46 56 0.04861047 
381 861 16 20 0.0483949 
605 1044 13 18 0.04810937 
542 995 11 14 0.047838196 
958 1053 13 17 0.047724426 
974 993 14 18 0.047499932 
922 1077 21 27 0.04738443 
222 1074 44 65 0.047372628 
115 1217 31 40 0.04736816 
961 1068 17 23 0.04699297 
679 1028 10 14 0.046437882 
939 1055 17 19 0.045647725 
35 194 17 20 0.04535867 
839 1053 13 17 0.045050774 
703 1090 29 37 0.044584703 
923 977 15 17 0.04451092 
430 980 25 30 0.043117862 
982 1090 15 19 0.042994127 
581 1027 12 16 0.042902507 
28 199 34 40 0.04283543 
866 1037 16 21 0.042767134 
283 817 16 20 0.042720366 
534 1010 12 14 0.04262729 
943 988 12 14 0.04256686 
823 1048 11 14 0.042253714 
375 1041 27 35 0.042188875 
614 1031 10 13 0.041616447 
653 970 12 17 0.041611597 
717 1063 26 31 0.041490536 
114 1025 23 35 0.04040502 
839 989 10 13 0.04032637 
385 1049 25 33 0.039908666 
797 1038 13 16 0.039832234 
536 1023 20 25 0.03946522 
499 978 28 38 0.03937941 
595 1121 16 23 0.03856048 
685 1029 11 14 0.038153153 
1005 1012 14 18 0.037877858 
572 1049 11 16 0.03758781 
875 1033 14 18 0.037086 
680 1036 9 13 0.03703327 
649 929 12 17 0.03694522 
853 1067 11 15 0.03642192 
688 1037 11 14 0.036317874 
871 1082 28 35 0.036286645 
828 1047 12 14 0.035833266 
524 1067 43 52 0.035815958 
548 998 9 13 0.03525531 
569 1064 26 33 0.035208527 
711 1079 28 35 0.035181116 
236 1070 26 41 0.035169043 
15 999 89 115 0.03512247 
733 1023 10 13 0.034610488 
956 1125 27 33 0.03456719 
366 930 14 18 0.03434119 
662 972 12 16 0.03433359 
584 1119 25 33 0.03417526 
270 817 21 33 0.034078114 
615 1002 92 119 0.034043934 
928 1065 22 28 0.033873282 
522 1047 29 39 0.03384299 
509 1100 43 60 0.033621244 
241 566 117 155 0.033455856 
343 1041 32 38 0.033313375 
503 988 13 16 0.03329132 
303 1036 19 25 0.033211548 
948 1054 13 16 0.033031538 
964 971 14 18 0.032979805 
864 1077 23 26 0.032627326 
52 338 183 339 0.03260115 
976 1102 26 33 0.03244317 
403 968 40 50 0.032411393 
580 1022 11 14 0.031953543 
7 636 47 75 0.031819507 
733 1029 11 14 0.031714275 
779 1038 13 15 0.031623945 
749 915 12 18 0.03154646 
196 1026 27 33 0.03153935 
666 1051 12 14 0.031348217 
966 965 13 17 0.031078339 
239 1061 13 18 0.030906245 
604 684 412 501 0.030721607 
302 826 13 19 0.030631503 
891 963 12 14 0.03047992 
399 1111 42 60 0.030327141 
575 1027 12 14 0.030150576 
692 1030 12 15 0.03013895 
805 1036 11 15 0.030087642 
1010 1016 12 18 0.02999503 
372 1047 42 52 0.0299121 
353 1254 60 78 0.029895352 
451 988 14 18 0.029838575 
438 985 27 31 0.029795768 
375 847 10 13 0.029785581 
313 428 407 391 0.02969192 
695 972 14 16 0.029623719 
93 1058 15 21 0.029475426 
815 1045 10 13 0.029376158 
525 1103 26 39 0.029369187 
971 1060 20 25 0.029365677 
453 1148 50 63 0.029068615 
260 1031 44 51 0.029061437 
878 1108 27 32 0.029031483 
567 982 9 13 0.028946906 
514 982 25 36 0.028768562 
888 1025 15 21 0.028500522 
610 1122 23 31 0.028417652 
924 1066 16 20 0.028387606 
967 1009 14 18 0.028360527 
693 909 14 22 0.028302504 
588 1122 15 21 0.02825295 
821 1048 21 25 0.02816789 
1011 1104 13 20 0.027952882 
857 1030 11 15 0.027726447 
629 1062 16 21 0.027574718 
561 988 9 12 0.027474588 
709 1036 11 14 0.02737927 
555 1059 24 30 0.027287561 
650 935 14 20 0.027229004 
739 1050 12 16 0.02719194 
407 1038 42 56 0.027178634 
533 1098 28 37 0.027159655 
608 1030 9 12 0.027155345 
980 951 14 20 0.026844608 
169 1103 36 45 0.026829235 
537 1009 21 24 0.026655784 
411 991 44 56 0.0265658 
389 1041 36 48 0.026350392 
813 1035 11 14 0.026308045 
1011 1076 13 18 0.026256818 
547 1050 16 21 0.026238445 
687 868 13 18 0.026206398 
241 1053 32 45 0.026087146 
137 986 18 20 0.026032222 
856 1040 12 17 0.025648866 
668 1067 17 20 0.025515186 
751 1113 55 69 0.025434967 
909 1142 38 54 0.025427248 
853 925 11 16 0.025408115 
576 975 10 13 0.025364012 
541 1004 11 15 0.02535225 
582 977 13 17 0.025347093 
834 1048 21 27 0.025225412 
684 1107 31 41 0.025192503 
572 1035 13 18 0.025165804 
117 1080 25 31 0.025148047 
568 987 9 13 0.025048297 
560 975 8 11 0.0249187 
659 1044 21 26 0.024753237 
965 1040 21 27 0.024733083 
532 1106 17 22 0.024687441 
759 1045 12 14 0.024653375 
117 1021 40 50 0.024647202 
621 1041 11 15 0.024639111 
548 1004 11 14 0.024562106 
679 1043 11 15 0.024469914 
835 1093 14 19 0.024444645 
-3 1089 26 53 0.024428613 
586 1065 17 20 0.024374561 
773 1031 11 12 0.024356967 
727 1063 18 21 0.024317969 
-9 179 189 185 0.02430203 
491 1137 74 94 0.024254195 
501 1043 14 17 0.024247743 
67 1118 15 17 0.02422273 
613 978 12 16 0.024206815 
653 1044 13 16 0.02415728 
836 1046 13 16 0.024066307 
575 980 10 13 0.02405456 
491 1007 23 31 0.02403424 
700 977 12 14 0.024021288 
784 1036 24 30 0.024005543 
655 1100 14 19 0.023950847 
771 1035 24 27 0.023790877 
767 1023 10 12 0.023776343 
796 1038 21 27 0.0236949 
638 1036 22 28 0.023658518 
551 1040 24 32 0.023653246 
778 1126 46 61 0.023631575 
622 1105 14 18 0.023630828 
590 1023 10 12 0.023629006 
40 803 11 14 0.023598932 
620 1037 42 56 0.023364214 
383 1030 25 33 0.023349095 
749 1051 12 16 0.023336908 
748 1006 15 18 0.023224471 
747 921 15 22 0.023177586 
666 833 14 16 0.023151614 
556 1014 12 15 0.023025889 
618 1138 25 35 0.023024874 
634 1105 17 20 0.022981804 
747 1009 21 26 0.022967272 
685 1013 10 13 0.022952184 
530 692 16 19 0.022940628 
832 998 10 13 0.022920277 
904 994 13 16 0.022859069 
871 1050 13 17 0.022824332 
746 1012 12 15 0.022682978 
628 1111 16 20 0.022672312 
303 1042 49 64 0.02266061 
982 977 14 17 0.022651061 
36 417 133 188 0.022631336 
991 1036 15 18 0.022603502 
861 938 14 20 0.022555439 
931 1038 24 29 0.022517228 
7 153 29 37 0.022486035 
419 1097 43 60 0.022460593 
775 1022 10 12 0.022358183 
584 1072 18 25 0.022294708 
312 1043 27 35 0.022232408 
575 1077 14 20 0.022164699 
670 965 11 14 0.022047158 
853 915 12 16 0.021931795 
562 1044 21 30 0.021888258 
649 1038 22 27 0.02185119 
997 1007 14 17 0.021789204 
619 1114 25 31 0.021788284 
5 159 48 57 0.021765262 
813 1029 11 13 0.021725524 
839 1097 18 24 0.021632709 
725 1046 14 17 0.021578515 
567 1052 22 31 0.021563577 
806 1007 10 12 0.021505643 
19 189 103 112 0.021496935 
559 1071 25 33 0.021421697 
208 1054 18 22 0.021392431 
972 963 12 16 0.021351859 
974 979 11 15 0.02127441 
630 1021 11 15 0.021253966 
502 1045 25 35 0.021211622 
428 842 11 14 0.02118905 
861 1024 14 19 0.0211726 
897 1080 16 19 0.021161359 
798 988 9 11 0.021158597 
966 1102 41 57 0.021100022 
599 1009 17 23 0.0210989 
798 1050 14 17 0.021080147 
972 972 11 16 0.021076122 
822 1028 11 13 0.02102085 
894 1048 13 18 0.020986272 
761 1040 22 27 0.020897968 
236 1084 16 24 0.020858724 
812 1054 20 25 0.020710949 
684 1065 14 19 0.020687252 
839 1028 10 14 0.020676285 
76 227 68 55 0.020602698 
948 983 13 16 0.020478763 
761 1074 15 19 0.020463938 
924 1013 16 22 0.020453004 
588 1003 10 13 0.0204433 
429 994 32 39 0.020432342 
564 1056 15 20 0.020344894 
645 1105 23 30 0.020285958 
932 996 16 18 0.020274296 
935 990 12 14 0.02026618 
750 986 11 13 0.020262387 
710 1110 45 58 0.02021358 
746 1020 9 13 0.020194927 
486 1013 14 18 0.020114733 
