2_Demonstration_Political_Rally_2_171
83
851 652 57 94 0.9970669 
124 568 17 22 0.9728774 
617 664 53 91 0.96524906 
47 711 39 52 0.9255516 
149 705 30 58 0.90877473 
106 628 36 49 0.87261 
405 715 47 55 0.8235824 
449 655 25 40 0.7642708 
434 661 29 37 0.7203413 
1004 625 18 23 0.68088424 
947 622 17 20 0.611993 
554 662 23 34 0.4764973 
692 657 50 81 0.42223728 
736 727 46 47 0.31812245 
828 696 57 71 0.29394606 
47 637 33 47 0.21029113 
330 704 34 52 0.1831644 
303 650 30 34 0.12891611 
419 652 33 48 0.12825857 
996 715 15 19 0.12375341 
160 716 46 59 0.10813729 
119 623 35 43 0.102207355 
182 658 54 62 0.09832208 
149 593 14 17 0.09637663 
292 652 43 64 0.08971253 
346 718 55 52 0.08564657 
448 500 13 17 0.08228526 
782 197 13 16 0.07998118 
318 645 29 33 0.075577475 
252 715 47 54 0.072725326 
299 635 30 38 0.06765362 
198 717 51 58 0.06759509 
325 71 423 512 0.06508788 
296 627 27 30 0.061148666 
880 695 60 77 0.058967646 
273 675 42 61 0.058124494 
41 672 51 67 0.05276107 
662 672 61 87 0.051700845 
380 708 57 60 0.048205614 
303 646 59 64 0.04732707 
767 198 13 15 0.046146255 
425 710 54 67 0.040969178 
331 650 13 19 0.039943546 
597 690 50 74 0.036787506 
300 638 16 22 0.035669755 
293 627 14 20 0.035128262 
930 711 50 61 0.03326876 
414 676 34 39 0.031925015 
141 583 23 29 0.031491518 
426 670 22 26 0.030998923 
330 678 56 67 0.030626398 
461 601 13 20 0.030372245 
42 701 29 47 0.030314857 
912 696 51 67 0.029939296 
316 518 14 18 0.029889878 
1014 650 10 15 0.029465022 
170 680 51 71 0.028803708 
143 600 22 28 0.02772175 
305 622 32 33 0.027603632 
44 655 27 39 0.027422221 
704 705 56 65 0.027140329 
325 723 49 52 0.026646182 
582 702 43 60 0.026359722 
445 533 15 19 0.025890324 
849 669 37 57 0.025111493 
219 711 51 64 0.025001284 
965 706 13 18 0.024693815 
847 188 37 43 0.024563646 
98 603 51 62 0.024034085 
1014 179 9 13 0.023249216 
414 691 33 45 0.023034636 
503 669 25 36 0.022885293 
983 714 13 17 0.022694668 
1002 717 15 20 0.022187466 
443 565 13 16 0.021827007 
707 652 33 54 0.021722505 
546 674 29 38 0.021335417 
83 729 17 22 0.02079705 
64 37 426 497 0.020742483 
511 680 26 35 0.020336429 
611 679 32 56 0.020200454 
98 701 49 62 0.020178214 
1012 640 11 18 0.020136528 
