2_Demonstration_Demonstration_Or_Protest_2_368
258
735 218 28 36 0.99405426 
642 229 18 25 0.9374525 
879 240 23 33 0.91556513 
34 249 16 20 0.87613153 
3 216 18 21 0.8300476 
373 221 19 27 0.81855696 
610 240 19 24 0.77090245 
300 232 15 21 0.61596954 
520 219 13 16 0.57999307 
564 243 14 18 0.5784479 
806 274 12 15 0.527222 
954 275 15 20 0.4777216 
971 257 13 18 0.46302214 
1005 232 17 22 0.42174464 
981 263 21 25 0.3685423 
428 228 12 16 0.3525126 
691 261 14 16 0.3095373 
828 241 11 14 0.22911955 
827 204 12 15 0.18745716 
94 231 10 14 0.18561295 
460 237 12 16 0.18141367 
175 238 13 15 0.12658843 
870 251 15 21 0.10872874 
152 236 10 14 0.10731097 
68 235 12 16 0.09922731 
42 244 15 20 0.09780583 
52 207 10 11 0.097662084 
723 235 15 19 0.094102874 
127 213 10 13 0.08848079 
1007 255 13 19 0.08486463 
893 205 10 15 0.08198254 
717 188 11 14 0.081694044 
848 230 8 12 0.07942311 
860 180 12 15 0.07730018 
879 237 13 22 0.07567607 
573 220 16 20 0.07281306 
974 264 14 18 0.07274354 
206 246 15 18 0.07235535 
631 230 22 30 0.07046952 
868 282 14 18 0.069716394 
805 221 14 18 0.069135025 
773 246 12 16 0.0661283 
875 280 15 18 0.06338419 
894 199 10 12 0.06295712 
886 246 27 38 0.062291358 
507 244 14 17 0.061079066 
966 213 23 29 0.058170628 
950 260 11 15 0.05769393 
468 241 14 16 0.057551246 
151 221 10 12 0.056782354 
951 267 11 17 0.054988213 
0 333 23 49 0.054831572 
384 225 16 21 0.05474015 
870 181 9 13 0.05461535 
129 207 9 11 0.054408714 
43 234 16 19 0.053654913 
153 229 12 15 0.05318708 
445 284 10 14 0.052920967 
477 237 12 15 0.05275351 
48 182 8 10 0.05254129 
423 234 13 16 0.051982094 
948 265 20 27 0.05103851 
623 236 22 28 0.0508849 
439 284 11 14 0.050681725 
668 260 14 16 0.050594777 
588 250 15 18 0.049854133 
873 272 24 29 0.048619535 
16 172 9 12 0.04833938 
86 215 9 11 0.047865205 
460 229 12 16 0.045985743 
878 181 9 12 0.045640662 
903 211 11 14 0.04474427 
811 268 13 17 0.042094998 
22 174 9 11 0.041934624 
800 275 14 16 0.04180571 
368 224 15 21 0.041579906 
853 231 9 11 0.041496772 
53 212 10 12 0.041227255 
164 222 14 16 0.040983222 
882 122 18 22 0.04050602 
1 265 22 33 0.040085964 
110 196 9 13 0.03970913 
797 212 10 13 0.039615836 
888 199 10 12 0.039412882 
282 394 26 32 0.039097745 
-9 14 103 138 0.038624242 
106 166 8 11 0.03858996 
56 176 7 10 0.038522404 
62 229 12 14 0.038421568 
404 206 12 15 0.038290687 
44 222 14 16 0.038131867 
80 269 12 15 0.03745296 
975 254 21 26 0.037396044 
51 235 13 18 0.037247345 
791 210 12 15 0.036173377 
822 266 12 16 0.036066405 
71 174 8 10 0.03605206 
861 257 14 18 0.035731457 
824 229 9 12 0.035680678 
888 209 11 15 0.035568517 
38 199 9 12 0.035391152 
48 189 8 10 0.035229467 
824 209 10 14 0.03495339 
902 221 14 16 0.034759752 
4 181 10 12 0.03389985 
85 284 12 15 0.033881847 
870 154 11 15 0.033754274 
119 196 9 13 0.033695485 
558 238 15 19 0.033425085 
475 242 12 15 0.033384576 
569 248 13 17 0.03252745 
54 181 8 10 0.032185845 
203 249 24 28 0.032184143 
29 198 12 14 0.03206714 
70 180 8 11 0.0318704 
988 257 22 27 0.03152773 
99 226 14 16 0.031527206 
913 195 13 15 0.031368144 
7 166 9 12 0.031047394 
968 288 29 40 0.030989561 
102 221 12 14 0.030924663 
24 197 10 13 0.030780995 
902 295 13 18 0.03069833 
73 168 7 9 0.030627817 
957 357 12 16 0.030434387 
395 226 14 18 0.029974211 
31 181 8 10 0.029906895 
133 205 9 11 0.029768053 
61 223 11 14 0.029680891 
54 221 11 15 0.029472847 
78 167 8 10 0.029355248 
970 268 24 28 0.029154386 
565 225 21 28 0.028771339 
651 157 22 29 0.028704684 
65 174 8 10 0.028689213 
811 225 12 16 0.028611997 
895 255 27 32 0.028604893 
20 243 14 18 0.02842073 
698 315 15 19 0.028368818 
724 220 25 34 0.028366543 
188 219 15 19 0.028357819 
550 222 10 12 0.028136067 
502 362 10 13 0.027984204 
255 396 12 14 0.02797764 
431 284 11 14 0.027910966 
110 204 9 12 0.027762253 
13 167 9 12 0.027757006 
868 234 40 51 0.027338654 
23 180 10 11 0.027331801 
41 181 8 10 0.027220808 
822 158 14 18 0.026988793 
65 196 9 12 0.026971897 
958 263 22 28 0.026948616 
396 260 14 16 0.026946003 
853 175 13 16 0.026904507 
575 215 11 13 0.026751801 
879 231 10 13 0.026700774 
823 234 19 24 0.026650725 
835 238 12 14 0.026492465 
461 223 11 13 0.026486516 
855 185 12 15 0.026443576 
170 241 23 26 0.026211644 
845 222 11 14 0.026175726 
46 200 10 13 0.025821807 
158 222 12 15 0.025821373 
32 174 8 10 0.025665835 
104 189 9 12 0.025600366 
846 234 11 14 0.02557858 
90 226 19 24 0.025378268 
29 211 11 14 0.025254536 
420 240 15 18 0.025191475 
109 191 9 12 0.025084633 
74 235 12 16 0.02505467 
855 265 12 18 0.024923885 
679 170 14 18 0.024820587 
799 220 11 15 0.024705628 
560 247 14 18 0.024614576 
776 250 14 17 0.024581982 
871 237 11 15 0.024370583 
852 157 10 14 0.02434911 
886 181 11 13 0.024332736 
914 296 14 19 0.024237754 
814 260 13 17 0.024105055 
533 226 11 15 0.024050673 
870 243 14 20 0.023801867 
867 94 49 54 0.023783512 
886 117 14 17 0.02378053 
871 187 10 13 0.023627933 
511 221 21 25 0.0235737 
740 196 14 16 0.023549173 
785 407 9 11 0.023507351 
904 289 22 29 0.023396503 
942 267 10 15 0.023347707 
356 172 12 15 0.02321214 
603 226 23 32 0.023007086 
894 190 11 13 0.02292615 
952 276 23 32 0.02289432 
81 221 9 12 0.022861958 
816 253 21 28 0.022836572 
503 250 14 17 0.022792362 
325 400 31 37 0.022761615 
96 224 9 12 0.022745222 
908 226 13 17 0.022664202 
65 169 7 9 0.022659592 
39 227 14 18 0.022536876 
438 212 10 13 0.022331217 
828 258 13 18 0.022330964 
156 216 11 14 0.02231994 
346 19 105 169 0.022308206 
438 290 11 13 0.022279859 
20 252 22 27 0.022197232 
145 221 11 14 0.022188377 
55 191 8 9 0.02212925 
109 227 13 16 0.022102235 
686 253 23 26 0.022078319 
527 364 11 12 0.022039581 
540 211 13 15 0.022023702 
438 301 13 16 0.021969663 
591 245 21 26 0.02196131 
421 299 11 14 0.021955 
954 250 21 29 0.021947509 
126 236 11 13 0.02192361 
944 261 11 15 0.021920787 
768 404 12 13 0.021839421 
672 264 23 29 0.02178356 
0 190 9 13 0.021705488 
79 322 9 13 0.021583414 
24 203 12 16 0.021558793 
847 173 11 15 0.021552285 
767 248 13 18 0.021448659 
845 71 59 66 0.021445585 
760 189 11 13 0.021338973 
974 275 13 17 0.021299787 
17 197 9 12 0.021258323 
55 199 9 11 0.021253608 
357 179 11 14 0.02123711 
643 222 16 21 0.021225482 
250 243 34 39 0.021223208 
20 219 12 18 0.021203931 
506 302 9 11 0.021106811 
456 223 11 15 0.021053065 
398 294 11 15 0.02103387 
446 290 10 13 0.021027468 
607 218 12 15 0.020986672 
94 284 11 14 0.020985587 
77 230 10 13 0.020954896 
582 244 14 17 0.020727731 
434 227 12 17 0.02068229 
429 242 13 17 0.020578876 
104 203 10 13 0.020451523 
611 456 32 38 0.020434624 
894 227 13 17 0.020311832 
30 167 8 11 0.020260794 
38 175 8 11 0.020232357 
438 244 10 14 0.020212393 
534 196 11 13 0.020180566 
806 213 11 14 0.02014512 
997 248 22 29 0.02006356 
