2_Demonstration_Protesters_2_291
20
431 627 276 374 0.9976926 
3 922 159 229 0.95266294 
253 919 143 212 0.24956821 
613 1024 253 281 0.16768172 
145 16 195 289 0.1194986 
416 993 242 300 0.070813216 
729 746 219 286 0.04975224 
413 579 119 195 0.040273886 
475 357 129 137 0.04021176 
136 493 47 51 0.040201273 
568 676 321 434 0.039173376 
441 930 400 400 0.030327745 
320 917 207 267 0.029776717 
596 828 359 457 0.02780902 
445 787 59 83 0.027281329 
281 962 351 465 0.02677202 
281 653 340 411 0.024022566 
178 940 249 288 0.023087895 
420 700 134 220 0.022661235 
77 967 420 522 0.02042727 
