2_Demonstration_Protesters_2_508
168
948 174 32 37 0.99766505 
716 166 37 41 0.97752655 
870 140 23 39 0.97722924 
955 111 22 28 0.9712541 
310 179 34 39 0.95263827 
786 138 26 30 0.9161873 
989 147 23 28 0.9130194 
96 179 20 28 0.79892236 
179 204 27 27 0.7289202 
234 185 26 35 0.63901156 
935 157 21 28 0.6245327 
650 156 24 31 0.35421488 
446 204 30 36 0.3467202 
269 71 19 22 0.32079756 
176 87 10 13 0.26918933 
181 214 27 32 0.26872626 
264 178 25 32 0.24171218 
866 122 15 19 0.22231174 
253 178 25 36 0.21769658 
567 227 38 46 0.18085957 
705 172 37 53 0.16901094 
781 145 20 24 0.16600141 
749 214 15 20 0.16480403 
920 148 19 30 0.14557557 
864 130 22 30 0.14161725 
979 123 14 18 0.11867157 
659 153 25 31 0.11162007 
749 364 16 19 0.09843099 
987 100 15 18 0.097438805 
301 183 27 37 0.09555598 
668 134 15 21 0.0946446 
698 184 27 46 0.09340891 
115 227 15 17 0.07915181 
84 173 24 34 0.07614224 
357 224 41 51 0.0737621 
661 138 24 32 0.07104702 
637 148 13 17 0.0687286 
955 315 23 31 0.06620425 
638 145 24 31 0.065626174 
372 155 24 34 0.06417474 
182 162 15 19 0.062761545 
457 201 17 24 0.06202094 
765 176 13 18 0.061413452 
928 148 22 29 0.05966722 
29 184 30 32 0.054093678 
590 142 13 16 0.05331513 
607 196 34 45 0.052493706 
910 141 23 34 0.051701363 
739 211 24 30 0.05163414 
790 136 15 20 0.051385842 
188 236 16 21 0.050766982 
260 190 24 31 0.04964627 
327 172 30 41 0.04843746 
309 133 13 16 0.047662154 
672 154 16 22 0.046821572 
181 184 26 36 0.046337336 
525 178 25 38 0.04408206 
94 156 24 30 0.042190738 
439 118 13 19 0.042104628 
595 146 13 16 0.041861627 
510 184 27 35 0.041076228 
155 357 24 29 0.040917773 
435 211 32 38 0.04077654 
362 165 28 35 0.03984235 
380 165 26 37 0.0391965 
881 214 27 37 0.03838465 
175 199 15 23 0.038272087 
812 121 15 18 0.03775605 
178 90 13 15 0.037353557 
803 178 17 19 0.03593692 
49 152 19 23 0.03536566 
804 171 14 16 0.03517122 
801 140 15 19 0.034686044 
220 183 29 35 0.03413063 
240 186 35 46 0.03405421 
0 252 53 68 0.033538908 
218 250 38 53 0.033511247 
248 188 17 27 0.033308394 
534 171 27 37 0.03325603 
183 165 22 27 0.033203043 
277 182 23 35 0.0328717 
429 194 28 32 0.032839768 
342 156 27 35 0.032788277 
515 0 37 32 0.032699894 
293 191 14 23 0.03234135 
315 162 29 39 0.031991504 
191 215 27 38 0.031866807 
38 176 35 37 0.031808715 
863 128 14 20 0.03142465 
49 167 32 37 0.03003241 
436 109 21 33 0.029310144 
206 517 13 17 0.02927161 
62 171 31 36 0.029234832 
755 358 15 17 0.02911185 
371 176 15 21 0.028787399 
1009 200 14 19 0.028745085 
383 169 42 52 0.028410118 
933 153 37 48 0.028239293 
689 268 46 57 0.02812271 
863 144 17 27 0.02790227 
105 158 17 20 0.02781154 
939 150 15 19 0.027791474 
755 164 22 32 0.027713908 
844 132 13 18 0.027652662 
644 160 16 22 0.027642766 
768 133 39 47 0.027604323 
871 156 26 36 0.027374204 
828 276 11 15 0.027316796 
491 202 26 29 0.027152939 
205 61 10 12 0.027140869 
554 237 46 62 0.026731642 
638 159 32 40 0.02639749 
708 196 30 42 0.026361221 
867 160 17 28 0.02580538 
350 148 28 37 0.025663853 
369 -1 38 31 0.02523135 
265 204 16 22 0.025206013 
95 154 15 19 0.025143778 
578 143 26 32 0.025010321 
455 203 42 50 0.024997624 
637 160 15 21 0.024928741 
683 156 15 19 0.024867442 
643 141 14 17 0.02486676 
190 175 23 30 0.02482656 
673 145 16 21 0.02481012 
202 200 17 23 0.02471899 
314 354 18 20 0.024082955 
873 122 14 19 0.02406747 
108 341 13 16 0.023948705 
922 140 15 23 0.023881279 
336 130 42 47 0.023616172 
286 44 12 14 0.023604838 
498 191 26 29 0.023423124 
944 154 17 21 0.02324227 
853 140 12 18 0.023223432 
961 169 30 38 0.02304922 
301 192 16 22 0.022838635 
999 517 12 18 0.022751154 
965 117 24 29 0.022621065 
691 156 14 18 0.022589484 
956 50 13 16 0.022588959 
227 196 34 41 0.022539873 
997 196 24 31 0.022455819 
39 164 30 33 0.022215048 
983 104 14 19 0.022108277 
469 199 25 33 0.022069339 
646 136 26 31 0.021991067 
624 203 24 38 0.021785581 
401 178 44 55 0.021743702 
310 148 26 34 0.02168294 
559 298 42 58 0.021672707 
451 296 32 49 0.021603467 
548 196 41 53 0.021476177 
433 106 12 17 0.021468744 
725 181 45 58 0.02144635 
790 338 13 17 0.021400081 
427 191 17 24 0.021230238 
180 227 27 34 0.021083064 
1013 130 12 17 0.020807719 
856 125 12 17 0.020797854 
853 133 12 17 0.020731265 
881 137 26 36 0.02060119 
588 162 15 21 0.020298498 
979 183 18 22 0.020289686 
11 189 40 50 0.020163832 
100 337 14 18 0.020121586 
158 229 12 17 0.020023191 
828 170 13 16 0.02001739 
