2_Demonstration_Protesters_2_178
153
263 498 65 86 0.9987764 
549 546 66 74 0.99593484 
61 542 72 89 0.9955941 
630 516 63 73 0.995195 
742 514 62 56 0.9821823 
769 110 46 53 0.97393465 
597 109 42 52 0.9689201 
678 19 47 58 0.92858124 
913 580 67 69 0.89610547 
-2 84 34 45 0.8294988 
464 79 55 68 0.7759271 
359 57 49 61 0.74472845 
282 390 46 54 0.653768 
241 620 50 56 0.5692294 
59 70 49 62 0.5203646 
134 57 33 37 0.3149925 
290 16 18 22 0.2962146 
109 26 13 15 0.2424471 
404 466 32 57 0.14473908 
17 296 226 352 0.14470516 
770 136 51 63 0.13456215 
307 0 15 16 0.12686995 
700 91 39 57 0.12122612 
214 625 45 53 0.116393 
314 383 44 55 0.1098694 
93 10 15 19 0.102105536 
83 11 16 19 0.09135947 
925 280 29 45 0.09039228 
206 633 32 42 0.08707501 
922 553 59 65 0.079336695 
760 449 59 63 0.0745105 
534 187 29 31 0.07239883 
51 64 38 45 0.07044849 
448 105 65 81 0.06657237 
719 104 36 56 0.06545412 
854 270 46 65 0.061946258 
4 192 17 22 0.057604067 
113 69 34 38 0.05750779 
756 484 61 67 0.055943217 
447 460 42 58 0.05462862 
291 6 17 19 0.053662542 
58 137 17 21 0.05305502 
101 16 14 17 0.05056732 
231 75 53 63 0.04936082 
636 124 48 61 0.049079735 
520 520 43 66 0.04869395 
614 113 48 60 0.04831333 
407 487 49 60 0.048106205 
109 187 16 21 0.045781024 
85 73 50 59 0.045286447 
224 296 45 64 0.044028968 
435 133 66 75 0.043816913 
41 42 16 20 0.043643247 
151 59 29 34 0.042778827 
137 433 37 43 0.04264206 
0 11 12 18 0.04188633 
533 529 50 66 0.04139543 
2 112 396 509 0.040208302 
334 381 46 57 0.039998572 
37 75 48 69 0.039773453 
943 586 58 73 0.039729733 
727 390 32 38 0.039656572 
535 115 49 62 0.039629474 
291 65 48 66 0.039493278 
643 63 36 45 0.03933216 
150 -36 346 465 0.038156442 
576 107 44 58 0.038087238 
386 155 49 50 0.037416734 
394 196 18 22 0.037122786 
695 6 37 45 0.03695738 
19 18 12 15 0.03595084 
131 62 49 59 0.035124842 
665 590 44 57 0.035008784 
242 275 46 69 0.034987472 
295 1 23 23 0.03483422 
330 54 49 66 0.03464248 
741 117 29 45 0.0340561 
751 424 49 58 0.033701085 
431 476 47 60 0.033463486 
592 516 71 91 0.033175793 
460 447 42 55 0.03306069 
14 165 16 23 0.032974306 
104 76 53 66 0.031902112 
901 562 55 69 0.031648114 
223 314 27 38 0.03163368 
938 283 26 38 0.03151198 
691 97 29 42 0.030972954 
186 40 24 30 0.03076386 
457 54 47 60 0.030311788 
480 93 59 84 0.030219253 
887 593 34 51 0.029985769 
930 599 41 44 0.02927496 
1 201 25 32 0.029068965 
148 207 87 126 0.028907789 
77 16 16 18 0.028468022 
695 48 49 67 0.028380571 
237 177 12 16 0.027990097 
271 386 37 45 0.027875444 
452 486 36 56 0.027645444 
607 416 9 12 0.02748311 
720 651 17 19 0.027380934 
360 80 60 70 0.027228681 
180 211 51 79 0.027043773 
161 161 15 21 0.02659176 
138 64 19 20 0.026372967 
163 189 28 35 0.026269287 
651 489 51 67 0.025940482 
35 5 14 18 0.025938977 
235 51 49 56 0.025768908 
173 188 15 19 0.025613237 
896 587 49 60 0.025461657 
774 164 37 42 0.025403095 
372 116 54 63 0.024912821 
613 504 49 68 0.024882734 
66 5 14 17 0.024642743 
642 446 25 34 0.024302041 
10 198 14 20 0.02415803 
144 142 23 32 0.02394876 
416 151 62 62 0.023919517 
133 76 18 23 0.023832332 
6 153 28 37 0.023802087 
-10 330 105 159 0.023666004 
875 288 48 59 0.02344912 
8 78 50 76 0.023365693 
51 0 15 16 0.023096222 
217 0 17 16 0.023021204 
530 191 46 43 0.022914743 
373 343 52 65 0.022519097 
114 182 16 20 0.022444462 
468 0 17 16 0.022268647 
210 309 44 62 0.022237793 
513 105 54 67 0.022059128 
231 240 48 72 0.021894967 
264 135 402 488 0.021776697 
389 202 17 21 0.021697247 
296 363 79 95 0.021661643 
707 171 15 18 0.021491505 
475 418 28 37 0.02147599 
408 520 62 73 0.021468842 
772 1 40 46 0.02138258 
905 271 42 57 0.021288533 
636 97 34 44 0.02124278 
827 149 47 68 0.021068593 
779 479 36 46 0.020933433 
568 0 12 12 0.020917544 
679 101 25 36 0.0208893 
679 594 14 16 0.020744149 
363 52 186 231 0.020532198 
821 134 84 114 0.020525405 
682 65 43 65 0.020479782 
750 420 32 39 0.020440446 
280 -2 43 45 0.020224154 
392 171 27 30 0.02021188 
