2_Demonstration_Demonstrators_2_518
99
941 419 60 82 0.9987876 
89 251 59 83 0.99876887 
389 142 49 60 0.9960277 
978 260 43 66 0.99165 
474 147 46 56 0.98551613 
622 409 54 64 0.9730207 
758 52 29 43 0.9502218 
190 1 27 29 0.91130036 
937 46 26 37 0.8942997 
192 209 49 67 0.81933004 
557 138 30 44 0.8182739 
833 83 29 43 0.69763076 
698 143 34 47 0.64537203 
197 288 39 59 0.6257095 
288 280 37 45 0.47600284 
338 156 35 58 0.45393917 
150 275 39 51 0.2929784 
174 469 51 85 0.27139235 
235 196 34 61 0.26184943 
161 283 39 60 0.23489706 
611 137 27 34 0.16601595 
740 130 30 36 0.15078016 
182 232 56 71 0.14433858 
801 83 32 41 0.1336032 
768 261 38 50 0.12675478 
293 146 37 47 0.12380641 
813 82 37 49 0.123261586 
353 148 42 64 0.121783085 
147 302 49 65 0.1122277 
584 131 41 52 0.09197968 
872 609 47 72 0.08070692 
117 265 48 74 0.07738763 
310 149 39 58 0.07484682 
863 15 31 45 0.07020346 
1003 632 20 32 0.06715354 
613 133 43 57 0.067105465 
722 128 40 49 0.06465449 
965 546 27 35 0.06450151 
182 270 45 65 0.06251707 
1003 85 19 23 0.062093098 
327 107 33 40 0.05672954 
926 54 30 41 0.055414815 
712 139 34 44 0.054455686 
178 297 48 65 0.048190463 
650 75 16 23 0.04698303 
604 430 49 63 0.04516835 
295 168 48 59 0.0439398 
544 431 40 56 0.03851875 
205 307 40 57 0.03840803 
373 450 26 30 0.03812947 
527 191 40 56 0.03658353 
1009 574 15 24 0.03646683 
159 248 51 69 0.036419965 
746 254 47 64 0.03635529 
726 119 32 36 0.036312316 
358 445 28 34 0.035794213 
772 54 28 39 0.034726985 
674 0 17 16 0.034521665 
1005 581 21 37 0.034142256 
497 0 31 28 0.033431318 
916 66 26 33 0.03293582 
457 149 42 47 0.032205626 
836 286 14 19 0.03217666 
977 650 29 35 0.031670786 
612 81 15 20 0.031339638 
185 191 34 49 0.03120258 
954 120 15 19 0.0311858 
199 522 91 118 0.031023208 
896 597 17 18 0.03020914 
988 599 15 19 0.029958071 
753 135 19 24 0.029424872 
388 442 24 37 0.029300747 
761 608 49 51 0.029229475 
714 595 17 20 0.028686758 
0 77 25 45 0.028452363 
966 596 15 19 0.028160146 
803 155 38 50 0.02768773 
378 99 17 22 0.027348416 
847 93 19 27 0.026425224 
719 112 28 33 0.025762683 
970 550 17 21 0.025110459 
699 625 51 53 0.024489062 
680 147 31 38 0.024471626 
540 142 33 39 0.02439679 
104 495 190 186 0.023573184 
263 16 75 97 0.02343424 
854 382 45 63 0.023181332 
333 267 46 64 0.022819929 
139 297 32 51 0.022545004 
308 444 28 32 0.022539862 
85 542 63 59 0.022514867 
153 470 87 128 0.0220373 
217 187 40 58 0.021891572 
979 568 16 22 0.021739503 
737 50 29 36 0.02131054 
371 149 50 66 0.020926053 
742 63 34 40 0.020524379 
244 211 49 58 0.0203511 
286 192 52 61 0.020029608 
