2_Demonstration_Protesters_2_204
33
176 205 84 116 0.9942497 
611 183 80 118 0.9861058 
938 358 41 78 0.97463316 
381 205 74 115 0.9692572 
-2 136 20 44 0.22382477 
541 359 24 29 0.13564126 
202 404 99 129 0.12626761 
456 109 67 89 0.10858279 
662 50 107 142 0.054154158 
705 85 65 92 0.052273903 
495 351 102 130 0.043063715 
747 251 15 18 0.03708177 
23 354 15 18 0.036201335 
507 355 25 30 0.03619572 
389 490 31 40 0.034789167 
715 234 52 66 0.033736046 
562 46 49 62 0.03276288 
637 205 86 106 0.032648366 
459 339 29 36 0.03075111 
688 233 61 78 0.029678728 
338 245 56 79 0.02920805 
740 253 27 30 0.028065084 
916 370 48 73 0.027366485 
396 38 52 59 0.02566962 
515 361 26 31 0.0252324 
960 375 54 78 0.02490119 
528 362 24 31 0.024285976 
138 225 98 119 0.023805894 
532 390 26 33 0.023153648 
887 414 10 15 0.022944206 
519 373 61 78 0.022752713 
472 25 47 56 0.022579424 
657 108 97 131 0.022373589 
