2_Demonstration_Demonstration_Or_Protest_2_120
959
900 506 39 48 0.9980862 
820 513 29 37 0.99806184 
995 480 29 38 0.9971643 
4 488 76 84 0.995659 
661 443 26 29 0.9929241 
715 426 22 30 0.9746542 
470 255 18 22 0.96858317 
938 475 24 29 0.96413165 
979 369 16 19 0.94672495 
958 397 16 18 0.94637626 
482 292 21 27 0.94433874 
838 384 14 18 0.9402197 
746 377 15 18 0.93610185 
965 580 45 53 0.9296 
889 391 20 25 0.9097753 
817 393 16 19 0.90225106 
505 266 17 21 0.8864553 
963 348 13 16 0.88017416 
910 372 16 19 0.8666628 
120 294 13 16 0.8311704 
916 391 16 20 0.81765157 
758 326 11 13 0.81183696 
359 281 16 19 0.80023843 
395 260 12 17 0.7411283 
857 350 11 14 0.7341877 
723 395 16 19 0.7177786 
868 389 14 18 0.7091487 
835 470 23 28 0.7055401 
725 339 10 12 0.69722384 
797 380 14 17 0.6931502 
204 416 22 33 0.69255453 
988 341 12 15 0.6867246 
692 360 11 15 0.6729287 
292 301 12 14 0.6583117 
560 325 11 15 0.6576968 
920 342 12 14 0.6333069 
1002 372 12 15 0.6138986 
773 364 13 15 0.5975374 
780 338 12 15 0.5868749 
859 418 23 26 0.57400924 
883 356 11 14 0.5317747 
937 427 19 21 0.5187868 
807 324 9 12 0.5093116 
276 292 10 12 0.49503264 
776 336 11 14 0.46224847 
891 470 22 26 0.43955398 
747 360 13 16 0.4118029 
723 559 35 39 0.4024243 
852 418 18 21 0.3911355 
782 310 9 11 0.37523898 
222 270 9 12 0.37135416 
790 303 8 10 0.35523778 
820 371 13 15 0.33191767 
1013 350 9 13 0.32217962 
560 308 10 13 0.32109576 
982 418 24 26 0.28951016 
838 304 7 9 0.28152275 
784 303 9 11 0.28135285 
346 291 14 18 0.28115144 
524 277 10 13 0.27820453 
716 355 12 15 0.2691428 
757 308 9 11 0.2653147 
0 302 12 16 0.25689822 
555 349 12 15 0.25665784 
64 286 9 11 0.25649226 
324 277 10 14 0.24891025 
175 301 9 12 0.24794288 
882 479 24 29 0.2437259 
712 302 8 11 0.24098033 
616 530 25 38 0.23856533 
29 286 14 17 0.23798817 
580 358 23 29 0.23280954 
814 303 8 11 0.23136108 
854 309 8 10 0.22931835 
759 304 9 11 0.22922313 
814 308 9 10 0.22623605 
124 319 14 19 0.2234197 
847 327 7 10 0.21581887 
935 333 9 11 0.21295373 
710 372 12 15 0.21246538 
895 328 9 11 0.2115321 
214 277 10 14 0.21131231 
207 284 10 12 0.20802318 
928 328 9 11 0.20754695 
816 366 12 14 0.2052512 
513 267 16 20 0.20362514 
700 334 9 11 0.20315929 
982 335 13 16 0.20008412 
209 414 31 44 0.18770997 
903 351 10 13 0.18586281 
182 277 9 11 0.1850288 
959 342 13 16 0.18062447 
830 319 7 9 0.18013608 
141 323 12 15 0.17926332 
218 272 9 11 0.17715931 
869 351 10 13 0.17673987 
709 320 9 11 0.1760292 
143 267 8 11 0.17581637 
150 279 9 11 0.17336452 
776 309 10 12 0.17164773 
854 304 8 10 0.16957691 
860 335 10 12 0.16851607 
941 335 10 13 0.1657528 
845 367 11 13 0.16557087 
140 300 12 15 0.16199718 
543 271 9 12 0.16067995 
910 327 10 12 0.1595321 
870 312 7 9 0.15942211 
737 326 7 9 0.15843041 
347 326 18 22 0.15651876 
809 349 11 14 0.15550971 
888 313 7 9 0.15507159 
1 257 10 14 0.15503062 
639 349 12 15 0.15431985 
743 303 7 10 0.15339126 
720 270 6 10 0.14921801 
927 332 9 12 0.1490451 
568 289 7 10 0.14821775 
762 407 18 19 0.14785506 
847 343 8 10 0.14585643 
79 287 8 11 0.14502223 
633 404 12 14 0.1430273 
168 302 8 12 0.14278227 
253 263 8 11 0.14167021 
765 358 12 13 0.14114234 
899 466 21 25 0.1406649 
108 322 12 16 0.14011152 
742 327 8 9 0.13921183 
751 317 9 10 0.13728164 
860 342 11 14 0.13635823 
70 286 8 11 0.13485122 
714 272 7 9 0.1337411 
112 264 7 10 0.12793754 
701 551 27 32 0.12730768 
766 302 8 11 0.12722114 
718 302 8 10 0.12629819 
788 573 52 61 0.12580669 
777 303 9 10 0.1252291 
562 316 12 15 0.12430502 
137 268 9 10 0.12386514 
848 334 8 10 0.12281842 
903 327 10 12 0.1226967 
421 266 12 15 0.12253192 
239 277 10 11 0.122505456 
199 277 10 11 0.122446276 
693 301 8 10 0.12212453 
199 348 14 19 0.11930253 
745 319 8 10 0.119178444 
907 356 11 13 0.11880133 
936 436 24 28 0.11824671 
296 276 10 12 0.11573411 
101 330 12 15 0.115542084 
689 348 10 15 0.114039265 
199 271 9 11 0.113485046 
704 286 8 10 0.112560794 
183 273 9 10 0.112004735 
898 342 9 12 0.111707985 
933 328 9 11 0.11128647 
727 268 7 9 0.11115362 
591 311 10 12 0.1106575 
855 333 10 12 0.10920778 
257 278 9 11 0.108541 
137 306 13 17 0.10733125 
117 262 9 11 0.10557274 
167 273 7 9 0.105105855 
339 360 16 20 0.10507621 
855 343 11 14 0.10313047 
246 279 8 10 0.102673255 
212 282 11 13 0.10185697 
36 278 14 16 0.10174258 
224 405 40 51 0.100915 
144 286 10 12 0.10071041 
789 341 9 12 0.10018681 
132 317 16 21 0.09808282 
865 319 8 10 0.097991325 
743 270 9 11 0.096589886 
758 348 10 13 0.09637872 
737 304 8 10 0.096359 
814 345 9 11 0.095494285 
749 270 8 10 0.09542462 
228 270 10 12 0.09521061 
119 288 9 12 0.09482664 
775 317 9 11 0.09479659 
1014 302 9 12 0.09472578 
192 271 8 10 0.094444215 
704 328 8 10 0.09351041 
921 301 9 12 0.09274261 
23 269 10 12 0.09241025 
828 365 11 14 0.0922985 
865 311 7 9 0.09196917 
229 237 8 10 0.091905475 
767 319 9 11 0.09153673 
94 254 9 11 0.09116248 
951 532 29 39 0.09089339 
1000 387 13 16 0.09057699 
782 315 9 11 0.09017347 
895 348 11 13 0.08970731 
799 320 8 10 0.08969044 
761 295 8 9 0.08961491 
592 295 7 8 0.08944771 
142 330 12 15 0.0893451 
954 295 7 9 0.08889889 
321 285 10 14 0.08884482 
56 283 9 13 0.0885 
549 288 9 11 0.08809137 
827 372 12 16 0.0874359 
862 272 8 10 0.08707812 
878 333 10 11 0.08659708 
461 239 10 13 0.08618207 
29 277 13 15 0.08559638 
349 284 14 18 0.08541443 
700 363 12 14 0.08501989 
201 293 10 13 0.08431403 
582 334 11 14 0.084165454 
574 272 8 10 0.08367188 
97 280 8 10 0.083514854 
299 301 10 13 0.08341047 
568 272 8 10 0.08261578 
841 325 10 11 0.08247471 
141 338 13 16 0.0820414 
335 307 11 15 0.08082367 
409 245 11 14 0.079849325 
45 278 9 13 0.07879544 
810 308 8 10 0.07878249 
990 352 13 16 0.07861309 
583 307 9 13 0.07856285 
744 309 8 10 0.07847708 
912 318 9 11 0.07803318 
581 327 10 13 0.07650054 
821 359 10 12 0.076080255 
894 317 9 10 0.07488862 
159 309 9 12 0.07412209 
629 331 11 13 0.073798314 
97 284 10 12 0.07361811 
813 324 8 12 0.07338199 
894 313 8 10 0.07335006 
574 289 8 10 0.07213343 
639 361 12 17 0.0717555 
926 364 12 15 0.07141418 
174 323 10 14 0.07137396 
8 121 11 15 0.07129614 
328 362 27 31 0.07124794 
224 266 9 12 0.07104 
704 370 12 16 0.070942156 
833 312 8 9 0.07068229 
881 302 7 9 0.070374 
727 326 8 10 0.070202135 
781 358 10 13 0.0693399 
96 270 8 9 0.0693254 
801 324 10 12 0.06931211 
815 296 7 9 0.06920303 
542 291 11 13 0.06891686 
840 334 8 10 0.06868016 
949 278 8 10 0.068516456 
785 297 8 10 0.06836612 
656 328 9 11 0.06828313 
159 358 12 16 0.06813851 
255 270 9 11 0.06810093 
791 298 8 9 0.06796386 
643 350 14 19 0.067577936 
957 378 14 17 0.067517 
732 340 10 12 0.06705637 
813 356 11 14 0.06701534 
147 324 11 15 0.0666946 
915 368 13 16 0.066654086 
837 308 8 10 0.06639874 
832 334 9 11 0.0662995 
150 272 7 9 0.06576591 
64 291 10 12 0.06569932 
696 329 8 10 0.06569893 
588 356 14 17 0.06550411 
945 278 8 11 0.065151624 
924 371 12 15 0.06486648 
799 341 9 11 0.06460812 
791 308 8 10 0.063798614 
849 348 10 12 0.06357266 
29 129 18 22 0.06356386 
951 339 10 13 0.062984765 
758 287 8 10 0.06297338 
715 361 15 17 0.062448442 
338 261 8 12 0.06216688 
994 341 11 14 0.06159955 
846 320 8 10 0.060763467 
13 286 10 13 0.06062135 
977 335 10 12 0.060399443 
793 318 8 10 0.060244765 
830 457 25 30 0.060197998 
102 349 27 31 0.060080994 
1005 400 14 19 0.05972651 
728 302 8 11 0.05957885 
111 268 8 10 0.05955107 
880 361 13 15 0.059542492 
396 260 19 25 0.059427798 
535 286 9 13 0.058883604 
727 321 8 9 0.05877376 
694 341 10 12 0.05864846 
736 253 8 10 0.058532506 
823 311 8 9 0.05815191 
457 243 11 15 0.05795241 
644 508 24 32 0.05791283 
727 296 7 8 0.05778542 
124 288 11 13 0.057716895 
976 340 8 12 0.057463855 
662 332 9 11 0.057444308 
808 343 10 13 0.057186466 
919 334 13 16 0.057014447 
162 272 7 9 0.057013813 
791 336 9 12 0.05691252 
870 317 8 10 0.056881756 
822 303 8 10 0.05682216 
105 269 7 9 0.05667728 
920 286 9 11 0.056631044 
94 248 9 11 0.05650255 
549 270 9 11 0.056423564 
840 364 11 14 0.056323137 
517 459 13 17 0.05624125 
129 270 7 10 0.056196805 
765 352 10 13 0.05607635 
717 421 17 22 0.05581346 
712 351 12 14 0.055594273 
872 390 19 24 0.055270076 
809 296 7 9 0.0552149 
149 294 9 13 0.055119686 
858 272 8 10 0.054766357 
711 297 7 10 0.05452981 
706 301 9 10 0.054477073 
247 239 8 10 0.05438991 
775 295 8 10 0.054269977 
879 351 12 16 0.054246906 
865 251 10 13 0.05421804 
854 345 17 22 0.054114312 
344 285 11 15 0.053945895 
758 356 12 14 0.05389634 
806 330 10 12 0.05360046 
802 254 8 10 0.05355757 
871 342 9 11 0.053447824 
23 263 10 13 0.053370364 
264 296 9 11 0.053305544 
840 297 7 10 0.05307247 
917 610 38 50 0.05272326 
743 297 7 9 0.052692477 
185 247 8 11 0.052401107 
752 305 10 12 0.05203265 
80 337 14 18 0.052016817 
936 339 10 13 0.051954407 
205 269 10 12 0.05186551 
986 367 13 17 0.051703442 
564 303 11 13 0.051621974 
46 255 9 12 0.051349152 
737 321 8 9 0.051282827 
850 303 8 10 0.05128246 
728 287 6 9 0.05116749 
853 329 9 10 0.050913814 
767 296 7 9 0.050632153 
54 279 9 11 0.050537657 
528 247 10 12 0.05041181 
289 294 20 23 0.05024057 
142 294 11 14 0.050172288 
145 279 10 11 0.050002784 
732 373 12 15 0.04992099 
100 285 11 13 0.04988184 
176 263 8 9 0.0497123 
840 267 8 11 0.049695812 
72 271 8 9 0.049435552 
320 290 9 14 0.049378645 
719 320 8 11 0.049267296 
965 460 24 29 0.049048465 
831 358 9 12 0.04890432 
757 342 10 13 0.04886773 
111 293 10 13 0.048734985 
803 375 13 18 0.048342746 
722 357 12 15 0.04817302 
855 297 8 10 0.04807908 
26 274 21 25 0.047962792 
958 335 13 15 0.04788459 
341 268 9 12 0.047860302 
734 334 9 12 0.047806934 
168 296 10 13 0.047703348 
721 296 8 10 0.04769189 
1014 293 8 13 0.04768508 
1013 343 10 14 0.0475853 
181 284 11 12 0.04753648 
904 303 7 9 0.047403153 
737 248 8 10 0.04735054 
803 385 12 15 0.047335304 
70 279 9 11 0.047093865 
937 278 8 10 0.047010325 
910 351 10 12 0.046978593 
924 479 29 33 0.046878796 
308 323 12 15 0.04657471 
239 273 8 10 0.04656097 
887 303 7 9 0.046505578 
592 279 8 9 0.04644724 
584 293 7 9 0.04641245 
560 293 9 11 0.04637479 
189 416 28 37 0.046232205 
690 296 8 11 0.046135575 
113 286 9 11 0.04611141 
320 271 9 11 0.046103623 
201 284 10 12 0.045713577 
694 297 7 9 0.045431845 
287 295 12 14 0.045346137 
605 444 20 28 0.045176055 
605 420 11 14 0.044657357 
109 300 12 16 0.04449242 
102 292 12 15 0.044404145 
168 323 12 14 0.044270556 
754 410 22 26 0.043852065 
878 328 9 11 0.04378345 
734 263 8 11 0.04377429 
324 272 10 13 0.043759298 
249 270 8 10 0.043700345 
246 284 9 11 0.04363086 
863 326 10 11 0.04361445 
537 291 11 14 0.043584336 
824 294 8 11 0.043560017 
857 277 9 11 0.043537628 
736 280 8 9 0.04350185 
206 264 8 9 0.043483716 
272 264 7 9 0.043468524 
240 255 8 10 0.043106984 
167 307 10 12 0.042902928 
840 320 8 10 0.042892817 
61 148 15 16 0.042871475 
793 478 18 24 0.042744007 
40 260 10 12 0.042531308 
893 354 12 15 0.042465754 
800 356 9 13 0.04244091 
64 264 7 10 0.04240809 
561 286 9 12 0.042246852 
691 411 12 17 0.042056363 
168 276 8 10 0.04201525 
135 286 10 12 0.04195937 
587 334 12 14 0.041824132 
180 294 11 14 0.041711316 
800 297 7 9 0.041644797 
160 303 10 12 0.041597214 
598 324 10 13 0.041353162 
479 228 11 14 0.04133607 
612 537 42 51 0.041332472 
798 302 8 10 0.04128814 
752 348 10 13 0.0411097 
863 239 9 10 0.040975504 
823 441 23 26 0.040924802 
169 262 8 10 0.04091353 
564 329 10 14 0.040874533 
553 472 18 23 0.04081643 
942 294 7 9 0.040723585 
963 456 16 19 0.040622536 
822 350 9 12 0.040606305 
200 262 9 12 0.04058305 
259 356 14 19 0.04055832 
743 332 9 11 0.040508952 
701 339 11 12 0.040457282 
839 359 9 12 0.040376127 
999 374 18 23 0.04014076 
112 246 8 11 0.03996312 
737 269 9 10 0.039839093 
719 326 9 10 0.03982623 
695 318 7 10 0.03982281 
971 402 12 15 0.039636444 
704 281 7 9 0.039594527 
577 324 9 13 0.03954627 
536 262 9 12 0.039437618 
439 294 12 14 0.03935986 
695 311 8 10 0.039294954 
506 279 15 18 0.039202753 
89 263 7 9 0.039177522 
241 247 7 10 0.039124694 
128 262 8 10 0.039104693 
415 262 12 15 0.039092794 
720 335 18 22 0.039056774 
577 248 8 11 0.03901067 
29 252 9 12 0.038968083 
24 289 12 15 0.03889567 
881 311 9 10 0.038794335 
175 213 8 11 0.038672965 
712 277 7 10 0.03843526 
775 287 8 9 0.03838958 
534 277 9 13 0.038293954 
759 263 7 9 0.03828168 
128 277 9 11 0.038281485 
193 262 8 10 0.038272 
917 326 12 13 0.03817682 
861 373 12 15 0.038166314 
633 347 12 15 0.038161617 
874 490 27 35 0.03813458 
289 305 11 14 0.038119163 
607 288 8 10 0.038097534 
105 264 8 10 0.0380474 
250 355 17 21 0.03801167 
118 318 13 18 0.037989363 
913 311 8 10 0.03795485 
301 273 9 11 0.037885584 
938 294 7 10 0.037801486 
912 303 8 9 0.037775252 
582 254 8 11 0.03772893 
169 253 8 11 0.037664216 
831 325 9 11 0.037659183 
119 269 8 10 0.037590925 
192 276 9 11 0.037490446 
273 269 7 10 0.03747736 
177 270 8 10 0.037457015 
832 379 13 15 0.037423093 
651 349 12 15 0.037421916 
113 280 9 10 0.037345022 
624 316 9 11 0.03732432 
230 274 11 13 0.037272986 
902 318 10 11 0.03720261 
55 270 9 11 0.037202418 
147 332 12 15 0.03712895 
64 270 8 9 0.037069254 
706 293 8 11 0.037061036 
703 559 43 50 0.037037846 
600 278 7 9 0.036931664 
768 310 8 11 0.036697347 
881 317 8 10 0.03663566 
942 285 8 10 0.03657332 
799 310 8 10 0.03653268 
775 254 7 9 0.036519654 
598 302 8 11 0.036498226 
174 207 9 11 0.036367066 
917 318 9 11 0.0363643 
872 334 9 12 0.03630027 
913 595 29 35 0.036281493 
938 286 7 9 0.03626266 
485 228 9 12 0.036233056 
342 296 23 30 0.036183037 
599 273 7 9 0.036123704 
841 342 9 10 0.03607718 
134 277 10 12 0.036051333 
469 228 11 13 0.03585948 
596 311 9 11 0.035848707 
330 237 9 12 0.0358259 
964 372 12 16 0.035800274 
135 294 11 14 0.03578945 
951 390 15 17 0.035764754 
722 287 7 9 0.03566109 
208 237 9 11 0.03546432 
1008 308 10 12 0.03540612 
327 260 8 11 0.035398964 
411 250 12 15 0.03533218 
585 276 8 11 0.035326913 
921 294 9 11 0.03528498 
624 328 10 12 0.03523656 
918 309 9 11 0.03514661 
560 277 9 11 0.035077408 
119 255 9 11 0.035054877 
286 262 7 10 0.034966934 
24 274 12 14 0.03490761 
78 271 8 9 0.034896027 
285 255 8 11 0.03487729 
421 291 14 18 0.034874152 
755 375 12 15 0.034843978 
0 106 10 14 0.034808356 
800 334 9 11 0.034714803 
517 273 19 22 0.034705225 
100 279 10 12 0.034680784 
616 537 14 21 0.03448775 
324 288 12 16 0.034444522 
342 309 25 30 0.034255307 
108 307 13 16 0.03407641 
592 302 9 12 0.033929583 
942 317 10 11 0.033896014 
582 272 9 10 0.033888474 
47 272 9 13 0.033781048 
561 272 8 10 0.033770185 
127 246 8 11 0.03374626 
1014 332 10 13 0.033702787 
792 325 9 11 0.033607416 
167 317 12 14 0.033571377 
118 279 8 10 0.033469953 
879 297 8 10 0.03345289 
888 334 8 10 0.03338281 
791 504 29 36 0.033351664 
760 256 6 9 0.033273447 
876 382 13 16 0.03319232 
294 282 12 15 0.033173222 
263 318 10 14 0.033152875 
925 285 9 11 0.033142563 
938 448 27 35 0.03308453 
102 236 10 11 0.03308183 
953 301 8 11 0.033073243 
329 232 9 11 0.033054188 
712 308 8 10 0.032987043 
751 264 8 10 0.03289065 
595 361 15 22 0.032838143 
742 277 9 10 0.032780156 
95 261 8 11 0.032689687 
102 231 9 10 0.032684278 
557 173 11 14 0.032678727 
872 327 8 10 0.032631118 
534 253 8 11 0.03260207 
592 288 7 9 0.032585476 
840 349 9 11 0.032532565 
77 317 14 19 0.032330696 
88 279 8 10 0.032107692 
326 255 10 12 0.032089088 
245 294 12 13 0.0320195 
211 375 15 20 0.032004032 
646 370 11 14 0.031960007 
823 332 9 11 0.031935338 
764 398 16 18 0.03187769 
303 264 8 10 0.03185856 
551 188 10 14 0.031840395 
597 317 9 12 0.03159714 
215 231 8 11 0.031555407 
277 340 11 15 0.031351555 
862 379 14 18 0.031346634 
283 340 26 33 0.031338837 
756 363 12 15 0.031322494 
882 227 15 19 0.031233637 
24 247 9 11 0.031172562 
566 277 8 10 0.031135585 
439 250 11 15 0.031134162 
848 296 8 10 0.0310782 
941 327 10 12 0.031066652 
414 209 8 11 0.031004017 
954 446 22 29 0.030961724 
953 286 8 10 0.03095962 
553 302 11 13 0.030930376 
754 287 8 11 0.030924117 
333 244 9 11 0.030919 
823 326 9 11 0.030908238 
728 254 8 9 0.030900933 
1011 396 12 16 0.030884441 
104 317 12 17 0.030830113 
309 301 10 12 0.0307754 
871 420 16 19 0.03077286 
87 218 10 12 0.030635728 
736 297 8 9 0.030564785 
355 362 15 19 0.030552935 
72 264 7 9 0.030550532 
312 286 11 14 0.030466946 
290 277 9 11 0.030451976 
625 447 16 20 0.030354945 
183 262 8 10 0.030328002 
320 273 18 24 0.030296275 
941 348 9 12 0.030244188 
80 291 10 12 0.030233921 
645 344 11 15 0.030230505 
8 277 10 13 0.030205127 
158 277 9 10 0.030196413 
106 313 21 27 0.03017683 
240 261 8 10 0.030109316 
976 293 9 11 0.030101003 
255 283 9 11 0.030057523 
4 292 14 15 0.030031968 
660 404 12 16 0.029998507 
814 378 14 17 0.029960401 
833 449 18 22 0.029944714 
494 259 13 18 0.029933268 
349 288 23 28 0.029908497 
910 475 25 30 0.02990496 
768 288 8 10 0.02988715 
687 278 8 10 0.029852474 
736 286 8 9 0.02969332 
607 280 7 9 0.02959119 
709 287 7 9 0.029547527 
654 510 24 33 0.029516947 
1009 284 10 15 0.029475411 
873 304 8 9 0.02939393 
832 294 8 11 0.029377593 
362 236 9 14 0.029347744 
74 631 137 138 0.029334692 
868 247 10 13 0.029244136 
244 354 375 412 0.029239053 
566 123 12 14 0.029234482 
630 361 13 18 0.02919887 
769 255 7 9 0.029059475 
308 348 13 19 0.029014604 
610 465 13 17 0.028929396 
278 299 11 13 0.028922154 
271 339 12 16 0.028903771 
230 285 10 12 0.028855022 
156 354 20 26 0.028809784 
584 263 7 9 0.02877267 
913 285 8 11 0.02869603 
902 311 8 10 0.028625716 
279 279 9 12 0.02858298 
86 307 14 15 0.028503753 
239 283 11 13 0.028461583 
239 224 8 9 0.028446414 
932 357 12 14 0.028395912 
863 392 22 29 0.028390072 
550 276 9 11 0.028376285 
199 255 9 12 0.028357726 
628 316 10 13 0.028318599 
697 278 7 9 0.028271142 
216 265 8 10 0.028239982 
112 254 9 12 0.02823103 
838 372 12 16 0.028206827 
696 354 18 22 0.028148526 
89 270 7 9 0.028054178 
198 423 16 22 0.028007472 
247 256 9 12 0.027977169 
781 346 12 15 0.027954057 
654 370 10 14 0.027949203 
229 263 9 12 0.027901119 
998 333 11 15 0.027890798 
541 264 10 13 0.02786844 
758 280 8 11 0.027772738 
904 296 7 9 0.027655737 
648 327 8 12 0.02761085 
721 266 7 9 0.027533391 
225 232 8 11 0.027467456 
831 351 9 10 0.027462564 
94 321 20 26 0.027451707 
86 285 9 12 0.02740498 
554 316 18 25 0.027281355 
742 341 12 14 0.027276324 
161 264 7 9 0.027269183 
863 305 7 10 0.027202826 
71 255 8 10 0.027170295 
233 393 34 44 0.027129898 
576 277 8 9 0.027121771 
984 341 20 24 0.027088895 
79 278 9 11 0.026947703 
336 117 29 34 0.026947552 
949 468 22 29 0.02691906 
71 237 9 11 0.026908908 
228 302 10 13 0.026865277 
902 375 20 24 0.02679706 
1000 308 10 12 0.026778527 
753 331 11 12 0.026766907 
576 338 12 15 0.026764756 
167 247 9 12 0.026736053 
847 358 10 11 0.026719239 
160 205 8 11 0.02669722 
797 391 15 18 0.026669236 
347 356 14 20 0.026606603 
398 272 13 17 0.026564062 
900 352 19 22 0.026542738 
935 348 10 13 0.026524166 
75 320 21 27 0.026503703 
896 304 7 9 0.026471643 
743 287 7 9 0.026378512 
662 509 13 19 0.026321897 
624 510 29 37 0.02630594 
217 265 18 24 0.026295181 
853 372 12 15 0.026284013 
887 342 10 11 0.026266495 
192 292 10 13 0.02624815 
793 256 7 9 0.026213322 
269 321 13 16 0.026184965 
992 331 20 26 0.026116047 
783 297 18 23 0.026107809 
934 386 12 16 0.026097842 
833 254 8 11 0.026079645 
616 317 9 11 0.02605455 
263 283 9 11 0.026051981 
174 254 9 11 0.026051385 
719 309 8 10 0.02602353 
495 268 13 16 0.025938483 
783 327 8 9 0.025887247 
93 301 13 15 0.025831481 
538 267 10 15 0.02579265 
982 293 9 11 0.025773935 
148 356 14 18 0.025705997 
253 256 11 13 0.025699275 
278 308 11 13 0.025694154 
622 327 21 24 0.025648324 
214 236 9 12 0.02560368 
557 306 19 23 0.025536483 
791 355 12 15 0.025524123 
527 261 10 14 0.025499301 
724 347 12 14 0.025467409 
137 245 8 10 0.02536406 
828 386 18 21 0.025343435 
567 263 9 11 0.025290234 
599 411 13 17 0.025281407 
169 206 10 12 0.025259186 
879 340 10 12 0.025157245 
669 332 9 12 0.025144204 
997 364 21 24 0.025114305 
478 235 13 16 0.025065258 
843 460 15 20 0.025058815 
775 327 8 10 0.024919782 
847 287 7 9 0.024885975 
822 343 9 11 0.024786305 
728 308 8 11 0.02478101 
878 466 24 29 0.024752708 
16 268 11 13 0.02475189 
180 324 11 15 0.024736313 
638 333 10 11 0.024724947 
815 332 9 12 0.024697816 
951 274 7 10 0.024686994 
549 265 10 11 0.024616195 
150 263 9 10 0.024601769 
281 261 8 10 0.024549417 
966 326 12 14 0.024492068 
706 370 22 26 0.024477389 
444 292 12 15 0.02443272 
654 344 11 14 0.024422828 
317 362 42 52 0.024421258 
167 348 10 13 0.024415301 
201 236 9 11 0.024385614 
270 284 19 23 0.024376314 
935 302 10 11 0.024373408 
247 410 33 41 0.024271907 
635 409 12 16 0.024258653 
119 246 9 11 0.024116192 
189 345 16 19 0.024113253 
38 271 11 14 0.024108395 
901 576 28 34 0.024015456 
63 247 8 11 0.024002628 
117 349 13 16 0.023919493 
800 350 10 13 0.023913113 
231 407 88 106 0.023900373 
958 287 9 10 0.023894962 
176 284 10 12 0.02386254 
902 363 13 16 0.023820637 
133 332 23 26 0.023778025 
1011 252 12 19 0.023735182 
577 303 9 12 0.023719126 
689 326 7 11 0.023713086 
205 298 11 14 0.02368275 
223 294 9 11 0.023650259 
56 291 10 13 0.023533864 
723 364 12 15 0.023532346 
183 254 8 10 0.023467224 
46 244 9 12 0.023459878 
558 189 12 17 0.023391582 
-1 251 17 23 0.023389902 
976 286 8 11 0.023372436 
827 454 20 23 0.023363356 
120 230 8 11 0.023324966 
578 308 10 13 0.023289943 
966 333 10 13 0.02325911 
713 266 7 9 0.023251712 
246 244 9 11 0.023223823 
626 528 27 33 0.02321465 
105 328 14 18 0.02319312 
937 273 7 9 0.023100875 
152 256 8 10 0.02302425 
719 278 7 10 0.023021003 
191 285 10 13 0.023008589 
102 299 12 15 0.02300359 
639 327 9 12 0.022998633 
56 263 8 10 0.02294703 
551 318 13 17 0.022735612 
552 213 9 13 0.022685327 
789 348 11 14 0.022662444 
790 260 9 11 0.02264942 
20 99 11 15 0.02257944 
765 331 11 12 0.022572782 
919 263 7 9 0.022550547 
53 130 12 15 0.02249665 
847 470 17 24 0.022485796 
983 287 8 11 0.022482041 
576 317 9 13 0.022473574 
870 261 8 10 0.022468278 
272 299 10 13 0.022445142 
820 468 16 21 0.022437893 
255 295 9 12 0.02240408 
551 347 19 26 0.0223694 
520 253 11 14 0.02235654 
15 373 12 15 0.022354268 
711 343 10 12 0.022304587 
263 263 7 10 0.02227761 
832 341 9 11 0.022267263 
635 534 30 36 0.022253552 
138 239 8 10 0.022228317 
753 256 7 9 0.022222076 
104 222 8 10 0.022211758 
312 264 8 10 0.022200817 
695 379 12 16 0.022160007 
736 571 19 24 0.02215671 
599 295 8 10 0.022143703 
725 371 12 16 0.022128692 
79 264 7 9 0.022124829 
119 238 7 10 0.02209984 
965 310 12 14 0.02208146 
244 349 16 18 0.022069763 
681 279 7 10 0.02203542 
781 379 12 16 0.022029294 
767 263 8 9 0.022012679 
465 230 10 13 0.021989688 
97 239 8 10 0.021977907 
30 261 9 12 0.021946326 
335 256 9 13 0.021945491 
740 253 9 10 0.021865625 
803 320 18 22 0.021831581 
981 328 12 14 0.021829087 
647 333 9 10 0.021779316 
617 326 9 12 0.021768337 
550 180 10 14 0.021751663 
968 285 9 12 0.021678206 
247 232 7 9 0.02163829 
365 230 9 13 0.021611657 
728 247 8 11 0.021605194 
931 329 18 22 0.02159883 
620 522 15 24 0.021573745 
290 342 14 17 0.021534994 
826 467 19 23 0.021532314 
769 248 7 8 0.021528674 
137 255 9 11 0.021528335 
754 325 19 21 0.021435186 
854 316 9 10 0.021404697 
664 390 11 14 0.021375244 
722 407 17 19 0.021356191 
773 377 15 18 0.021264115 
606 293 9 10 0.021246241 
578 334 21 24 0.021189211 
950 317 10 12 0.021186333 
782 336 18 23 0.021176364 
247 223 8 9 0.02115011 
90 248 8 10 0.021038456 
16 261 11 13 0.021033928 
591 323 12 15 0.021023959 
865 262 8 10 0.020993896 
806 297 19 24 0.02094982 
206 257 8 10 0.020931212 
958 467 23 29 0.020926213 
111 215 8 10 0.020920135 
13 254 12 13 0.020823324 
593 273 7 10 0.020738166 
950 379 14 17 0.020722825 
615 312 9 10 0.020707078 
229 292 10 12 0.020678684 
56 244 9 12 0.020651234 
520 227 10 14 0.02064244 
502 245 12 15 0.020626338 
261 347 14 20 0.020625396 
704 309 8 11 0.020582177 
654 387 11 13 0.02051863 
139 575 64 92 0.020516481 
1007 344 18 23 0.020505888 
607 425 11 16 0.020447062 
135 346 13 16 0.020443834 
597 330 12 14 0.02043961 
527 199 10 12 0.020434402 
927 309 9 10 0.020416886 
924 497 30 41 0.020409487 
911 465 19 24 0.020394454 
223 269 21 25 0.020388803 
361 253 10 14 0.020383826 
839 240 9 11 0.020365747 
663 397 11 14 0.02035077 
5 110 10 13 0.020350493 
272 346 26 31 0.020298205 
927 321 10 12 0.020239605 
148 318 10 14 0.020229336 
653 380 11 14 0.020217707 
37 202 14 17 0.020213332 
890 328 8 10 0.020199016 
575 472 28 31 0.02016893 
845 269 8 10 0.02014401 
271 254 7 10 0.020133913 
426 266 13 18 0.020133791 
332 282 12 15 0.020108681 
617 270 7 9 0.02009293 
784 287 8 9 0.020090822 
777 305 17 22 0.020071227 
93 219 10 12 0.020062534 
855 332 18 24 0.020058854 
200 377 27 33 0.020024005 
805 260 9 11 0.020019198 
78 345 15 18 0.020013366 
