2_Demonstration_Demonstrators_2_28
543
657 605 54 66 0.9978109 
596 506 35 43 0.993834 
171 380 27 34 0.9866555 
752 430 23 31 0.985858 
335 516 29 36 0.9854264 
603 384 22 30 0.98049027 
514 446 25 34 0.9771278 
386 430 25 32 0.97286576 
39 389 34 44 0.9722962 
172 512 47 57 0.9625914 
891 439 26 38 0.96080226 
454 396 25 32 0.9548428 
981 480 23 34 0.9487378 
263 453 21 27 0.9343306 
842 514 37 48 0.93284273 
295 427 21 29 0.9326675 
249 395 22 27 0.91454756 
672 378 16 23 0.91363007 
86 476 35 50 0.9133579 
620 363 13 16 0.9024855 
545 360 16 22 0.8976818 
686 448 19 28 0.893081 
647 369 14 18 0.8836304 
584 362 18 22 0.86633426 
491 387 19 28 0.8586728 
369 382 15 20 0.8173595 
41 552 37 46 0.8141932 
329 444 23 32 0.8055432 
479 363 16 19 0.78031904 
262 362 20 25 0.7672638 
419 352 17 21 0.7634755 
764 349 15 22 0.7610102 
758 353 14 19 0.76028377 
64 354 18 22 0.74205476 
454 345 13 17 0.7344526 
442 372 18 25 0.66738975 
715 402 13 17 0.6274923 
1004 443 19 29 0.5694989 
219 372 12 15 0.5151041 
680 414 13 17 0.4931112 
620 319 10 14 0.49264488 
287 370 15 20 0.4566056 
570 340 12 15 0.43259662 
649 341 9 13 0.43061864 
869 400 22 27 0.41199994 
277 347 12 15 0.40572748 
240 339 13 16 0.4050373 
805 363 9 12 0.3740101 
472 320 10 12 0.35615313 
214 340 10 13 0.35115284 
872 446 29 36 0.3415368 
155 369 17 21 0.2957292 
440 463 24 33 0.29313797 
1000 355 13 17 0.27974796 
179 599 56 65 0.2550571 
965 364 12 17 0.25249916 
469 370 13 18 0.24999161 
138 419 21 30 0.23781617 
804 393 13 17 0.23557793 
831 331 8 11 0.23493142 
195 350 12 15 0.22105418 
996 343 10 12 0.21456756 
34 372 36 45 0.21385835 
701 358 11 14 0.19670205 
35 361 24 29 0.1930866 
174 325 11 14 0.19269127 
1000 349 11 15 0.18880019 
519 351 9 11 0.18822451 
525 344 9 11 0.18790856 
499 366 11 14 0.18455276 
670 351 9 11 0.18299781 
476 367 22 27 0.17842428 
127 364 23 31 0.17826684 
810 329 7 10 0.16595052 
694 361 13 15 0.1658574 
664 332 8 11 0.16563348 
863 456 28 35 0.16214125 
338 373 17 22 0.16093627 
784 372 11 15 0.15567648 
172 348 9 12 0.15554191 
21 214 11 16 0.15478721 
436 292 12 17 0.15168065 
406 378 13 18 0.15117495 
345 295 19 23 0.15059857 
997 446 17 23 0.14782019 
957 363 15 18 0.13932423 
-3 374 19 35 0.1371408 
727 381 22 27 0.13575391 
816 364 9 11 0.13567208 
478 350 12 14 0.135608 
798 332 8 10 0.13309297 
639 359 10 12 0.13244785 
901 423 27 36 0.13094127 
838 390 13 17 0.12928803 
710 356 11 15 0.12769923 
585 320 9 11 0.1251123 
861 408 14 19 0.12454045 
63 339 13 15 0.119797125 
137 370 14 20 0.11593677 
282 347 15 17 0.11523941 
862 326 9 11 0.11494358 
270 365 19 25 0.11386213 
253 388 18 21 0.10768198 
163 365 12 16 0.10468507 
564 371 13 16 0.103426814 
886 366 9 11 0.10288786 
568 336 10 14 0.10285679 
838 328 8 11 0.10116878 
512 355 10 13 0.09973278 
87 332 9 13 0.09861006 
280 408 14 19 0.09723437 
61 347 17 20 0.096583895 
898 357 10 13 0.09551262 
48 356 24 29 0.0912355 
854 331 9 12 0.09111396 
920 296 39 49 0.08954434 
220 393 22 31 0.08924176 
814 373 10 13 0.0891587 
495 563 30 46 0.088254295 
230 319 9 11 0.08823738 
721 388 21 26 0.087556146 
670 413 19 26 0.087209836 
682 378 14 19 0.08693968 
1005 378 12 16 0.086445555 
971 356 11 16 0.086045824 
424 309 10 12 0.08590114 
756 403 14 20 0.08483466 
493 382 14 18 0.084223814 
307 224 25 30 0.08417626 
0 363 11 18 0.08412637 
711 370 10 16 0.084074564 
476 323 10 12 0.08385509 
535 369 11 15 0.08295383 
565 324 9 12 0.08264698 
450 372 14 19 0.082541734 
114 364 25 31 0.08161699 
706 585 30 47 0.08075327 
240 397 21 27 0.07881195 
765 341 14 18 0.078682534 
870 396 14 20 0.07856364 
143 357 12 15 0.0783104 
833 367 8 11 0.07632766 
710 341 9 12 0.07544635 
549 351 11 13 0.07455786 
195 617 33 43 0.07434177 
467 393 23 31 0.073414095 
501 354 13 15 0.07321158 
716 394 20 27 0.072515905 
881 403 13 17 0.071954094 
174 332 11 14 0.07175589 
328 342 12 15 0.07107594 
439 477 29 40 0.07072589 
856 411 13 17 0.07022002 
159 359 12 16 0.070024595 
141 390 15 21 0.06825778 
864 321 7 9 0.06763051 
670 355 10 13 0.06723971 
918 518 27 44 0.06600143 
324 310 9 14 0.06597973 
572 397 12 18 0.06583747 
823 302 9 12 0.06531072 
45 329 12 16 0.06444764 
704 334 8 11 0.06339986 
100 360 24 29 0.06311325 
695 350 11 13 0.06286405 
810 394 13 17 0.062792785 
838 374 9 11 0.062167387 
717 364 10 16 0.061410554 
379 368 19 25 0.060547806 
951 363 13 16 0.060469776 
229 294 12 16 0.060352158 
459 519 24 28 0.05924224 
640 348 9 12 0.058723528 
419 356 25 29 0.05863685 
594 357 12 17 0.058467172 
580 342 12 14 0.057846643 
183 334 10 13 0.057674672 
228 377 14 18 0.05760663 
925 387 14 17 0.057234835 
923 330 16 21 0.056916095 
430 360 23 30 0.056593664 
258 385 22 29 0.05653712 
849 333 9 11 0.056346636 
688 363 13 17 0.055865675 
183 382 22 30 0.05554176 
589 323 9 12 0.054829087 
846 373 9 12 0.05472802 
546 556 51 58 0.05429981 
179 326 11 13 0.054125518 
703 349 11 15 0.053616747 
1011 378 12 16 0.05341596 
845 342 9 12 0.053352 
815 348 10 12 0.053308062 
626 370 12 15 0.053189807 
366 373 15 19 0.052874606 
832 372 10 13 0.05242191 
627 447 13 20 0.052222937 
276 352 14 18 0.051493827 
903 362 13 16 0.05092903 
666 350 9 12 0.050919633 
655 334 9 11 0.05067054 
162 375 23 29 0.05066688 
139 363 16 20 0.05048093 
209 334 10 13 0.050405737 
839 348 9 11 0.050199434 
628 317 10 14 0.050122883 
613 315 20 22 0.049852893 
552 362 20 26 0.049831662 
841 343 8 12 0.049544334 
794 329 8 10 0.049136046 
199 325 8 12 0.04899312 
146 385 15 21 0.048704654 
677 591 47 63 0.0480891 
478 391 22 29 0.047582403 
621 311 11 14 0.04725656 
446 365 13 18 0.04720148 
640 364 11 14 0.047149245 
388 366 13 18 0.046485584 
255 370 23 30 0.04612924 
816 317 9 11 0.046043254 
731 455 15 19 0.04574018 
247 302 9 13 0.045645252 
628 379 11 14 0.04560441 
1011 418 12 18 0.04459258 
-2 383 26 39 0.04454741 
304 427 28 36 0.044519294 
561 321 9 12 0.04414803 
-1 368 13 24 0.043603484 
573 363 20 26 0.04338784 
461 376 15 18 0.043318525 
573 354 15 19 0.043187786 
518 378 15 18 0.04264917 
853 468 31 32 0.04250551 
373 374 13 18 0.04247501 
412 263 23 28 0.042389125 
164 359 12 14 0.04238804 
913 424 16 23 0.041825246 
150 363 13 18 0.04181169 
821 364 9 11 0.041716926 
838 380 11 15 0.041251156 
806 383 10 12 0.04123191 
376 384 14 20 0.04122835 
853 417 13 17 0.041162558 
748 294 11 16 0.04072013 
366 333 11 15 0.04061239 
236 363 12 14 0.040548902 
494 370 13 17 0.040422432 
798 389 15 19 0.04019285 
641 325 8 11 0.039922766 
206 348 10 13 0.039573133 
91 333 10 13 0.03949553 
831 359 10 12 0.03941422 
397 373 21 26 0.039239243 
691 377 14 18 0.03922195 
189 336 10 11 0.039161503 
219 340 11 14 0.039009742 
646 360 10 13 0.038928375 
697 334 8 10 0.038538422 
229 324 10 12 0.038163453 
814 342 10 13 0.038004853 
705 340 10 12 0.038004223 
641 343 10 12 0.03790265 
757 417 15 22 0.037602 
533 385 13 16 0.03740129 
469 164 13 14 0.037367865 
568 341 21 25 0.037335597 
895 362 10 13 0.03733221 
315 362 14 18 0.03727572 
340 364 14 18 0.0372734 
462 366 15 19 0.03691263 
213 370 22 26 0.036908895 
21 341 10 14 0.036698665 
819 407 18 21 0.036578298 
196 342 13 15 0.03632548 
196 382 12 17 0.036291603 
676 429 25 34 0.036238104 
716 359 10 13 0.036192957 
502 383 21 29 0.036046542 
199 319 10 14 0.03581448 
13 347 13 15 0.035208624 
116 355 15 22 0.035197806 
135 33 13 20 0.035150804 
872 307 9 13 0.035098195 
171 365 12 14 0.035077855 
659 326 9 12 0.034458403 
970 367 13 18 0.03436788 
214 329 10 12 0.034329973 
991 338 10 12 0.034150366 
763 405 13 19 0.034140702 
123 356 16 20 0.034104854 
476 344 12 14 0.03387402 
546 512 22 26 0.033858478 
847 329 8 11 0.033594493 
613 341 11 14 0.033530198 
235 299 12 15 0.033419855 
938 306 15 19 0.03339914 
425 347 24 29 0.03333246 
658 416 17 21 0.03328281 
837 368 8 10 0.033208348 
279 389 13 17 0.03288874 
325 315 11 15 0.03277595 
694 412 12 16 0.032632146 
226 320 8 10 0.032519888 
814 402 14 18 0.032471564 
526 373 12 15 0.03246048 
387 265 18 22 0.03235849 
990 351 19 25 0.032167744 
678 418 22 29 0.032087922 
600 349 11 15 0.03200872 
433 298 12 15 0.03197572 
336 108 36 43 0.031910885 
150 376 15 21 0.031888682 
190 341 12 14 0.031844214 
662 365 12 16 0.031756885 
429 316 11 13 0.03170685 
642 370 12 16 0.03167412 
290 350 12 14 0.031588454 
836 456 15 20 0.031450253 
662 372 12 18 0.031319384 
733 373 14 17 0.031176265 
52 362 14 19 0.03107065 
421 342 15 18 0.031042175 
651 374 13 18 0.030750645 
812 331 9 11 0.030656045 
686 372 13 18 0.030571338 
79 286 9 12 0.030570615 
492 354 20 25 0.030453939 
799 358 18 24 0.030431755 
437 201 14 18 0.030265654 
689 335 8 10 0.030119067 
615 356 13 17 0.030073805 
667 333 10 12 0.030010525 
908 411 27 37 0.029815901 
721 336 8 11 0.029797608 
174 357 9 13 0.029786617 
966 351 10 13 0.02968411 
697 365 19 26 0.029670238 
540 385 13 17 0.029580278 
737 377 15 19 0.029487034 
710 336 9 11 0.029439447 
665 378 15 20 0.029433275 
472 349 11 15 0.029280324 
555 371 23 30 0.028972274 
93 25 11 17 0.02895556 
470 355 14 16 0.02892451 
211 400 23 30 0.028911415 
445 316 11 13 0.028870163 
146 415 24 33 0.02886958 
683 405 14 17 0.028853199 
534 365 19 25 0.02883777 
544 517 12 16 0.0286515 
247 308 10 13 0.028550148 
155 357 21 27 0.028491782 
670 344 9 12 0.028465953 
1011 385 12 17 0.02796596 
284 414 14 18 0.027946146 
832 350 9 11 0.027894478 
845 380 11 14 0.02783026 
714 603 28 45 0.027815253 
470 47 11 14 0.027749537 
825 328 9 12 0.027594436 
751 349 16 20 0.027545089 
199 333 10 12 0.027362717 
854 357 11 13 0.027322704 
422 323 13 15 0.027219374 
130 373 26 34 0.027206745 
918 363 13 16 0.027202072 
695 404 11 14 0.027031045 
200 343 20 24 0.026951237 
676 349 10 12 0.026809268 
783 342 9 12 0.026761044 
189 373 14 16 0.026696801 
820 372 11 14 0.02669041 
313 216 101 125 0.026658345 
613 365 20 25 0.026612442 
613 347 13 15 0.026524158 
622 291 12 14 0.026520083 
947 307 12 14 0.026497036 
905 522 26 40 0.02639738 
1002 374 19 26 0.026346091 
645 317 10 13 0.026305683 
476 376 26 32 0.026297575 
973 351 9 13 0.02628175 
452 336 13 16 0.026183106 
704 328 8 10 0.026178269 
526 354 11 14 0.026113844 
794 100 112 151 0.026104962 
822 351 8 11 0.026076326 
359 381 15 19 0.026051553 
918 297 11 15 0.02597915 
972 412 22 33 0.025902027 
294 403 12 17 0.025879672 
450 341 13 16 0.025877185 
277 333 13 17 0.025799438 
332 332 14 15 0.025733737 
566 368 21 30 0.025635129 
140 -1 16 18 0.025575884 
929 411 26 34 0.025552353 
788 378 11 14 0.02539636 
675 357 11 13 0.025320014 
266 401 14 20 0.025300013 
278 378 12 17 0.025227383 
509 363 12 14 0.025023011 
149 20 24 33 0.024996262 
255 356 13 18 0.024880098 
664 357 11 13 0.024855588 
286 406 21 27 0.024817064 
238 316 9 11 0.02479435 
291 367 22 27 0.024773393 
326 341 21 26 0.0247564 
444 145 13 17 0.024700504 
486 181 10 14 0.024590442 
888 315 10 14 0.02444605 
157 401 14 19 0.024440276 
271 342 14 19 0.024380285 
561 342 10 12 0.024365893 
444 351 20 26 0.024363434 
1002 422 23 34 0.024345124 
30 341 11 15 0.024318334 
742 363 14 16 0.024270913 
970 449 40 55 0.0242292 
371 544 12 17 0.024180265 
606 317 13 16 0.024179557 
470 314 18 24 0.024084073 
533 393 15 21 0.024030862 
630 429 14 18 0.024001915 
816 395 22 27 0.023950716 
471 342 12 15 0.023869958 
697 327 8 11 0.02380712 
772 343 11 16 0.0237791 
680 434 35 46 0.023726624 
124 350 14 17 0.02371314 
580 400 14 18 0.023700878 
808 370 11 15 0.023667248 
750 360 13 17 0.023628313 
65 286 8 11 0.023520285 
991 345 12 16 0.023495039 
863 395 14 18 0.023452604 
153 388 22 30 0.023407657 
261 349 15 17 0.023275126 
831 378 12 15 0.023140375 
990 483 25 34 0.023118021 
930 311 18 22 0.023083134 
900 364 23 25 0.023070062 
808 349 10 13 0.023057636 
220 333 10 15 0.02304912 
702 388 11 15 0.022963671 
256 350 11 14 0.022863097 
338 282 29 39 0.022855274 
645 335 18 24 0.022844106 
695 342 11 13 0.022813147 
842 319 8 11 0.022654915 
703 395 11 14 0.022651363 
822 295 10 13 0.022631861 
727 373 12 14 0.02261707 
16 218 13 18 0.022615988 
274 395 20 27 0.022419918 
692 418 13 18 0.022413183 
654 359 11 13 0.0224092 
473 349 21 25 0.022373633 
654 346 9 13 0.022347527 
325 245 57 72 0.022337157 
555 357 13 18 0.022314973 
726 340 11 14 0.02229026 
984 349 11 14 0.022280151 
239 309 10 13 0.02213916 
86 360 15 22 0.022080954 
974 340 9 13 0.02208014 
893 315 11 14 0.02207878 
524 383 15 18 0.022067862 
462 46 12 14 0.022067284 
831 386 21 27 0.022066366 
415 332 11 14 0.022056976 
960 367 22 28 0.02201033 
429 323 13 15 0.021972066 
464 175 24 33 0.021953903 
430 463 24 29 0.021866897 
710 361 19 28 0.021824995 
587 350 12 15 0.021817591 
858 319 8 10 0.021761322 
939 404 16 21 0.021759236 
433 348 15 17 0.021754466 
232 333 11 13 0.021741787 
460 388 16 18 0.021728493 
989 452 32 39 0.021704819 
788 366 13 17 0.021613773 
1003 351 20 27 0.021610271 
53 387 33 41 0.021565437 
801 120 61 81 0.021520136 
416 325 10 14 0.021504132 
31 343 47 59 0.02149983 
80 303 9 11 0.021477038 
563 385 16 20 0.021446947 
470 178 14 18 0.021416977 
333 324 12 15 0.021409616 
332 351 22 28 0.021398664 
739 372 13 16 0.021374974 
904 438 19 30 0.021368012 
282 395 13 16 0.021351697 
837 358 9 12 0.021325244 
620 348 10 14 0.021282315 
742 438 17 21 0.021265795 
920 387 24 29 0.02124046 
54 -2 10 10 0.021231936 
980 364 13 18 0.021228809 
876 390 12 15 0.02122273 
102 357 14 17 0.021216743 
838 451 24 31 0.021206139 
12 351 16 21 0.02120378 
431 267 11 17 0.021173226 
799 381 10 13 0.021108318 
71 360 15 20 0.021085545 
852 416 26 33 0.021075992 
706 352 19 24 0.021063542 
125 404 36 48 0.021019768 
701 404 12 15 0.020988645 
669 364 13 15 0.02093757 
438 317 11 13 0.020898817 
961 481 28 39 0.020883113 
986 428 35 49 0.020863462 
778 362 19 26 0.02086031 
684 377 23 29 0.020740729 
253 324 16 17 0.020740177 
566 355 13 17 0.020708896 
775 337 20 26 0.020689063 
344 369 15 19 0.020688657 
816 311 9 11 0.020618826 
775 387 13 17 0.020608565 
1015 315 8 13 0.020605557 
896 340 10 12 0.02057054 
547 377 23 29 0.020541444 
225 325 9 12 0.020515086 
870 373 10 12 0.020459035 
818 302 8 11 0.020457828 
571 389 13 18 0.020401642 
232 358 11 13 0.020355003 
688 342 9 11 0.0203396 
809 340 10 14 0.02033031 
854 381 12 14 0.020191548 
560 348 10 13 0.02013777 
436 276 9 14 0.0200836 
689 436 15 19 0.02002963 
211 383 23 30 0.020012707 
