2_Demonstration_Demonstrators_2_378
329
100 455 66 85 0.99899095 
810 485 58 71 0.9984156 
155 268 37 41 0.998228 
483 209 30 38 0.9978477 
538 256 32 43 0.9976428 
202 404 56 65 0.99752456 
215 498 70 81 0.99741435 
609 328 51 58 0.9973992 
939 395 59 68 0.99638534 
645 260 39 46 0.995704 
396 238 32 38 0.9952378 
99 207 33 35 0.9934335 
308 274 34 42 0.9927931 
220 245 36 41 0.9926305 
672 332 47 53 0.9926057 
191 190 26 32 0.991479 
494 519 74 67 0.9908214 
414 191 31 35 0.9902171 
509 361 40 49 0.9899226 
711 405 35 46 0.98850864 
648 441 44 57 0.98734367 
433 307 37 45 0.98656267 
553 375 36 46 0.98511815 
435 465 59 66 0.9847044 
265 360 51 59 0.98439944 
502 299 41 46 0.9820358 
764 317 37 40 0.9815708 
598 420 44 52 0.97947294 
155 205 28 32 0.97341657 
358 224 31 37 0.9708464 
868 335 29 32 0.9695002 
326 465 47 51 0.9671253 
572 239 26 30 0.962487 
735 285 29 35 0.96026886 
602 270 28 34 0.9557574 
329 221 25 32 0.9551634 
104 139 22 27 0.95065516 
90 298 42 48 0.94414186 
371 291 34 41 0.9439985 
960 153 18 25 0.94239825 
159 170 24 28 0.9152741 
209 137 21 24 0.9110131 
92 250 31 37 0.9037272 
948 230 22 30 0.89646727 
619 242 24 30 0.88721454 
19 207 29 31 0.88302445 
345 195 22 26 0.87416893 
909 357 28 33 0.8536368 
755 421 41 52 0.84799075 
309 170 22 27 0.83937114 
753 368 40 44 0.8244454 
499 427 44 55 0.7981696 
138 305 24 36 0.74928415 
892 208 18 23 0.7091912 
649 501 54 58 0.70412195 
0 304 28 59 0.6480512 
146 201 25 33 0.62024784 
525 363 41 52 0.5638851 
927 212 22 26 0.54738456 
136 196 22 30 0.4845064 
928 174 17 20 0.48240447 
283 280 22 28 0.47198406 
1010 134 14 22 0.44927755 
694 492 51 56 0.41922024 
294 196 22 27 0.3888627 
725 456 39 45 0.3609028 
265 226 31 39 0.35807073 
897 408 40 53 0.34500194 
787 391 32 44 0.27034026 
183 375 37 49 0.24129753 
760 392 49 61 0.24092287 
722 418 49 58 0.23897816 
921 398 48 61 0.22729956 
689 2 33 29 0.22640392 
648 467 55 68 0.21655552 
1003 218 19 24 0.20557094 
933 265 16 20 0.2006297 
842 393 38 45 0.17711408 
645 294 35 42 0.17352755 
911 132 13 16 0.1636947 
874 447 33 42 0.16083819 
743 300 42 47 0.15642688 
389 332 39 50 0.15073648 
734 401 52 62 0.14756882 
558 320 23 31 0.14753686 
296 277 28 34 0.1409956 
571 475 30 39 0.13686043 
843 281 15 21 0.12934546 
151 220 31 38 0.12654328 
924 102 10 14 0.12363954 
11 217 27 33 0.119525276 
947 339 16 20 0.11419115 
48 187 25 31 0.113638945 
280 431 34 49 0.11263728 
930 306 15 18 0.1117378 
633 334 44 52 0.10756361 
996 82 13 17 0.10232919 
990 96 14 17 0.100099064 
630 246 17 22 0.09980665 
884 438 44 59 0.09914113 
940 113 13 16 0.09875591 
482 323 24 34 0.09676847 
858 307 44 55 0.095902026 
222 170 15 20 0.093557104 
857 393 43 57 0.08641538 
611 249 23 28 0.08603588 
995 91 13 17 0.084248856 
933 220 24 28 0.08408041 
878 334 40 46 0.08149558 
103 421 58 79 0.076163836 
244 146 15 19 0.07499644 
279 289 25 34 0.07441279 
169 181 17 23 0.073766574 
333 200 25 30 0.07373837 
234 215 23 28 0.07373378 
774 378 38 44 0.07331657 
336 381 28 35 0.07215066 
17 277 30 42 0.07143475 
227 184 21 31 0.07132671 
461 205 22 31 0.06905092 
283 228 25 32 0.06889816 
267 219 17 22 0.068444274 
266 431 29 39 0.06676682 
-3 120 41 56 0.06639329 
312 412 37 47 0.06162598 
159 187 26 36 0.061345972 
293 366 33 43 0.05491686 
216 178 25 33 0.05410394 
650 356 26 38 0.053482763 
207 444 56 69 0.053406943 
143 158 21 26 0.052394077 
901 139 24 33 0.052289795 
274 217 28 37 0.051549524 
920 105 11 14 0.051417753 
325 391 43 53 0.051290907 
177 191 27 35 0.050522838 
546 232 20 23 0.049848847 
911 76 11 15 0.048067033 
737 267 33 38 0.04779667 
379 297 42 52 0.04713209 
160 325 27 37 0.04689269 
287 211 27 36 0.046338446 
517 234 15 20 0.04586208 
390 349 42 60 0.045838922 
39 195 26 32 0.045776393 
730 505 47 57 0.04569135 
340 215 35 44 0.04546921 
1002 234 22 31 0.045228634 
888 405 32 42 0.044846565 
873 360 22 29 0.04479959 
11 231 19 24 0.043848056 
891 462 43 63 0.0425785 
953 344 14 19 0.042577177 
976 341 26 32 0.04221971 
301 372 46 59 0.041788112 
39 215 18 24 0.040969677 
672 0 56 46 0.040345266 
14 209 18 23 0.040304482 
144 321 20 28 0.04020569 
924 179 19 24 0.04014843 
506 199 18 22 0.03990997 
293 414 43 56 0.03966502 
708 465 50 60 0.039601717 
256 407 46 61 0.0390239 
317 438 47 56 0.03865432 
909 34 14 18 0.038203146 
378 269 46 57 0.038057607 
553 467 41 50 0.03799089 
324 209 26 32 0.037958384 
32 270 26 38 0.03723678 
563 245 25 35 0.0370313 
281 203 24 32 0.036903523 
342 400 27 34 0.036761884 
18 137 15 20 0.03651634 
112 133 16 19 0.036336485 
403 253 32 40 0.03602095 
203 185 25 31 0.035157397 
2 184 43 55 0.034917396 
227 204 26 32 0.034295462 
269 153 14 17 0.034116603 
118 199 26 31 0.034007236 
45 169 27 35 0.033583462 
672 501 61 62 0.033316024 
697 409 34 43 0.03315859 
235 196 16 23 0.033014476 
715 513 34 46 0.03292871 
293 231 24 34 0.032625265 
-2 206 10 21 0.032560203 
429 283 28 33 0.032510612 
305 428 43 52 0.032456674 
1002 194 15 19 0.03228511 
692 324 36 48 0.03207386 
152 238 31 36 0.03198369 
921 353 24 32 0.031883765 
315 479 49 58 0.031826068 
835 405 27 37 0.0317581 
413 303 40 52 0.031754043 
943 234 15 20 0.031741567 
238 185 24 32 0.031284884 
10 134 25 34 0.030743362 
148 180 22 30 0.030599266 
854 307 29 38 0.03046487 
901 152 15 20 0.030450633 
731 371 48 58 0.030131767 
861 345 24 30 0.029944729 
280 379 51 63 0.029404763 
639 433 37 50 0.029377826 
931 167 16 19 0.029365677 
585 405 45 56 0.029266218 
496 216 26 33 0.029250743 
943 433 38 46 0.029077899 
167 200 25 34 0.028626444 
351 190 16 20 0.028418345 
386 229 25 35 0.028357262 
97 218 39 46 0.028353037 
898 346 28 35 0.028346904 
918 178 15 17 0.028250922 
714 351 26 36 0.028168282 
978 243 15 18 0.027877035 
0 198 21 32 0.027770918 
903 133 13 16 0.027381174 
990 117 14 17 0.027359314 
293 440 41 52 0.027114853 
220 381 66 83 0.026885644 
997 198 24 30 0.026869984 
682 266 24 33 0.026710207 
940 120 15 17 0.026642907 
610 271 40 50 0.026540378 
89 265 38 50 0.026412765 
936 109 13 17 0.026379272 
677 522 33 39 0.026255049 
255 437 45 55 0.026199404 
28 276 37 55 0.026073636 
495 312 31 40 0.026034676 
672 453 79 95 0.025979554 
497 450 32 45 0.025970016 
876 401 27 37 0.025837997 
603 290 33 39 0.025792168 
848 458 48 68 0.02566128 
864 250 16 19 0.025582716 
79 254 29 43 0.02547261 
603 311 44 56 0.025413645 
428 505 57 64 0.025390089 
230 437 54 61 0.025242623 
501 196 15 19 0.025229234 
266 272 25 34 0.025171222 
964 139 15 18 0.025025345 
759 332 39 47 0.0249091 
490 423 30 38 0.024748748 
665 73 35 38 0.024669047 
946 115 13 15 0.024494153 
816 272 36 50 0.024348427 
59 116 14 16 0.024168864 
740 346 76 85 0.024161752 
387 256 31 39 0.024095016 
917 356 41 50 0.024080481 
214 171 14 18 0.024013383 
546 394 36 44 0.023940457 
885 488 31 41 0.02391112 
256 509 52 64 0.023802327 
173 182 24 33 0.023475334 
832 281 22 31 0.023460556 
637 424 72 89 0.023449669 
891 355 29 37 0.023424575 
302 175 17 21 0.023283122 
227 168 22 28 0.02325442 
261 156 12 15 0.02321237 
869 358 17 22 0.023211313 
746 515 47 58 0.023065457 
970 149 14 19 0.022937188 
284 193 24 29 0.02291289 
151 176 17 21 0.02284604 
99 396 59 67 0.02282967 
292 216 16 21 0.022765264 
973 132 13 17 0.022749793 
630 523 56 56 0.022716165 
861 382 28 35 0.022670748 
43 273 15 22 0.022661073 
959 232 17 23 0.022650179 
424 293 30 40 0.022531295 
6 281 32 54 0.02247306 
285 511 46 56 0.022455774 
134 153 22 29 0.022438874 
521 305 29 37 0.02241848 
330 185 24 30 0.02231697 
940 28 16 19 0.022240013 
926 249 22 29 0.022191178 
315 195 22 31 0.022091068 
901 365 18 23 0.022046713 
456 438 69 85 0.022008209 
853 483 52 70 0.021827146 
523 268 38 51 0.021789871 
691 509 31 37 0.021746725 
915 30 14 17 0.021746656 
137 176 22 27 0.021638418 
228 230 30 39 0.021577932 
938 343 26 33 0.02157774 
244 219 28 34 0.021568714 
54 130 14 18 0.021542946 
660 308 42 54 0.021378167 
505 226 26 32 0.021376489 
1005 98 13 17 0.021350617 
261 198 24 31 0.021327721 
625 496 89 90 0.021319538 
456 488 73 87 0.02122107 
93 252 18 23 0.021155603 
906 124 23 29 0.021130094 
741 463 34 45 0.021095335 
19 123 15 21 0.021026855 
299 189 14 16 0.021022208 
516 439 50 58 0.021017386 
776 325 44 52 0.020972282 
233 236 39 49 0.020927386 
916 76 11 14 0.020910637 
293 156 14 18 0.020884227 
883 319 16 19 0.020848602 
344 376 42 55 0.020841125 
217 193 25 33 0.020818442 
451 201 25 31 0.020697089 
813 234 31 37 0.020630568 
267 195 16 19 0.02060896 
986 213 22 28 0.020556025 
401 320 28 38 0.020519616 
290 300 33 39 0.020410597 
699 417 44 57 0.02033404 
115 221 29 36 0.020291552 
657 7 59 60 0.020267975 
1008 230 15 23 0.020229058 
1003 82 13 17 0.020175511 
