2_Demonstration_Political_Rally_2_90
139
537 274 53 72 0.9986442 
787 379 22 28 0.94762576 
919 376 13 18 0.4867525 
235 380 14 17 0.36306792 
154 359 15 19 0.31230643 
24 313 11 15 0.22917639 
299 364 10 13 0.2033733 
42 370 14 17 0.19706404 
876 429 16 21 0.17685756 
408 420 8 12 0.16830356 
196 333 10 14 0.16727369 
341 382 9 12 0.16392195 
875 379 11 16 0.15959822 
300 359 11 13 0.1531698 
747 456 14 20 0.10863566 
872 384 20 31 0.10453721 
112 357 15 19 0.10202761 
290 389 10 14 0.095179565 
1009 387 14 22 0.09413425 
317 372 12 14 0.09090772 
200 353 12 16 0.08764675 
795 176 16 20 0.080272935 
326 357 11 13 0.07815982 
956 420 31 43 0.07642353 
3 326 14 19 0.072202064 
326 364 11 14 0.06407581 
209 0 426 469 0.06358532 
917 332 11 15 0.060606904 
296 372 9 12 0.057132497 
63 322 11 14 0.055611465 
230 344 15 19 0.054496363 
203 369 14 18 0.05410065 
956 325 10 14 0.05311903 
327 397 12 13 0.052152354 
70 296 16 19 0.05146821 
608 28 417 493 0.05104875 
356 314 11 14 0.04912563 
29 407 14 20 0.04843268 
304 381 9 11 0.047645133 
23 323 12 18 0.04537883 
231 366 11 15 0.044888724 
761 316 10 15 0.04441184 
326 327 8 11 0.04406606 
323 372 11 14 0.044016425 
342 317 9 11 0.042834308 
325 333 9 11 0.041695725 
358 424 13 16 0.041452408 
154 314 13 16 0.041033812 
374 372 10 13 0.04066928 
322 326 8 11 0.04058459 
260 356 10 14 0.040208083 
295 382 8 11 0.040063206 
-1 402 11 19 0.039914556 
288 384 10 12 0.039625373 
213 382 14 18 0.038722403 
722 433 16 19 0.03780728 
281 310 11 13 0.037498694 
304 399 10 12 0.036746453 
45 324 10 13 0.035870377 
259 380 12 14 0.035256743 
952 329 10 15 0.034877595 
916 366 12 16 0.03447762 
20 309 20 25 0.034380157 
909 294 11 13 0.03417949 
171 388 13 17 0.034055747 
199 351 20 27 0.03399122 
276 397 10 13 0.033708513 
152 346 22 30 0.033602785 
845 401 16 19 0.033023987 
273 392 9 12 0.03254795 
236 315 11 14 0.03209896 
343 326 8 11 0.032095198 
235 248 15 17 0.031982105 
358 380 10 12 0.03154927 
219 338 16 18 0.03146386 
212 333 26 29 0.030931756 
230 372 15 19 0.030924493 
249 302 11 13 0.029954245 
12 325 11 16 0.029495524 
220 382 12 15 0.029421264 
301 296 15 20 0.029386127 
330 403 12 15 0.028959557 
876 407 13 18 0.028451396 
254 396 10 13 0.02795226 
308 405 10 12 0.02794585 
8 320 18 29 0.027584555 
248 333 10 14 0.026798602 
161 361 14 17 0.026531663 
332 365 9 12 0.026408335 
337 326 8 11 0.02638811 
402 421 10 12 0.026296977 
999 352 24 42 0.026248852 
368 373 10 13 0.026041826 
392 358 9 13 0.02591187 
13 312 20 29 0.02555475 
22 405 14 20 0.025157245 
293 394 11 13 0.024847303 
337 316 9 12 0.024832366 
244 556 30 33 0.024705565 
375 378 11 14 0.024671618 
889 334 8 10 0.024664622 
271 334 11 13 0.024648566 
336 388 10 14 0.02451424 
327 350 11 14 0.023786915 
738 444 22 32 0.023765057 
892 438 21 29 0.023708943 
148 303 21 30 0.023622354 
252 306 12 16 0.023407612 
999 387 25 32 0.023356892 
357 414 12 14 0.023024717 
310 420 13 16 0.022894619 
995 464 30 49 0.02287957 
279 316 12 15 0.02278371 
765 311 12 15 0.022344343 
349 380 11 13 0.022038983 
40 348 10 13 0.021925177 
94 339 13 15 0.021896226 
940 406 12 15 0.021780878 
192 337 12 16 0.021740766 
302 372 10 12 0.021529393 
820 377 15 19 0.02151917 
324 377 11 15 0.021441154 
731 433 14 19 0.021404784 
293 359 19 23 0.021195285 
211 354 15 18 0.021160427 
204 376 15 19 0.021149632 
303 442 14 17 0.020809013 
367 380 9 12 0.020807263 
910 396 13 17 0.020779122 
366 349 9 12 0.02060201 
284 303 12 14 0.020573854 
1003 368 21 39 0.020483838 
15 317 12 16 0.020476332 
332 356 11 15 0.020361522 
738 441 14 20 0.020349212 
214 332 15 17 0.020221433 
391 353 9 11 0.020188145 
336 311 10 12 0.020131102 
380 372 11 14 0.02007658 
