2_Demonstration_Protesters_2_352
107
589 189 42 55 0.98389256 
130 464 34 51 0.9813721 
678 530 46 72 0.92584056 
139 412 33 46 0.91310275 
67 227 11 14 0.7720451 
425 473 39 64 0.56837684 
820 499 32 48 0.5274036 
672 234 14 18 0.4777305 
460 616 46 64 0.42390653 
924 505 35 53 0.3136909 
604 633 51 62 0.30047452 
356 606 66 67 0.25747553 
945 503 39 59 0.164903 
382 614 62 66 0.15294524 
-6 516 39 69 0.13921139 
178 431 16 20 0.13530041 
667 509 44 74 0.13259254 
706 543 45 63 0.12385154 
151 221 10 14 0.09523514 
815 477 33 55 0.09334127 
933 206 10 13 0.091973506 
124 427 46 55 0.079457894 
411 620 65 67 0.07231468 
54 487 33 51 0.07089509 
69 482 27 47 0.06396961 
77 470 29 50 0.062349673 
721 137 16 21 0.06122859 
9 373 9 12 0.060141623 
964 508 47 67 0.057499286 
605 235 33 40 0.055655643 
928 209 11 14 0.05309691 
959 498 39 49 0.052645225 
338 455 59 71 0.0469913 
404 463 67 97 0.041538488 
540 273 27 39 0.039209403 
118 431 31 32 0.038339555 
394 614 30 47 0.03761346 
86 444 27 35 0.03685929 
435 597 78 98 0.03605978 
719 563 52 63 0.034654044 
38 262 12 16 0.033034146 
254 367 10 12 0.032626867 
642 541 86 107 0.0319887 
108 446 46 58 0.031883385 
30 500 45 70 0.031075472 
343 140 9 12 0.031014355 
415 235 10 12 0.030946802 
399 326 12 15 0.030622197 
87 445 44 57 0.030539433 
960 268 9 12 0.030223612 
925 234 11 14 0.029492501 
97 433 12 18 0.029347906 
147 463 32 46 0.029104112 
920 206 12 14 0.028699614 
822 505 50 64 0.028547179 
389 229 10 12 0.028541561 
91 448 15 22 0.028191213 
147 223 9 11 0.027760532 
272 369 8 10 0.027649507 
967 213 9 11 0.027309088 
162 420 14 20 0.027072918 
336 139 10 12 0.026950832 
366 136 11 12 0.026518237 
603 619 91 90 0.0263245 
381 274 10 14 0.026194932 
242 510 27 40 0.026098702 
561 197 16 19 0.025892198 
471 30 9 13 0.025707131 
686 549 84 101 0.025681198 
781 31 12 18 0.025631819 
281 383 9 11 0.025611214 
101 426 29 38 0.02495629 
63 221 20 22 0.024912618 
722 150 15 21 0.024808522 
574 2 16 17 0.024453808 
297 367 9 11 0.023716446 
342 134 10 12 0.023688866 
934 234 11 13 0.023589678 
770 119 15 18 0.023584237 
215 541 36 41 0.023471989 
51 183 12 14 0.023202341 
408 230 9 11 0.02319432 
656 220 23 29 0.023147723 
74 324 13 19 0.023147503 
633 116 42 54 0.023132376 
123 501 33 41 0.022971114 
14 240 9 12 0.022842577 
53 510 31 43 0.02279693 
300 503 43 62 0.022744505 
96 443 13 19 0.022373483 
63 257 11 14 0.022358906 
40 326 10 13 0.022326216 
349 134 9 11 0.02220958 
390 221 11 14 0.022015369 
44 266 12 15 0.02195927 
300 375 10 13 0.021898404 
21 261 12 16 0.021897389 
385 134 9 12 0.021201458 
663 229 23 27 0.020985823 
326 260 10 12 0.02076884 
644 188 28 36 0.02073063 
463 166 13 15 0.020667125 
940 234 10 13 0.020582339 
636 84 24 34 0.020508077 
390 134 9 11 0.020428669 
430 0 9 10 0.020420607 
726 137 23 32 0.020237874 
