2_Demonstration_Protesters_2_531
3769
170 510 18 23 0.9899059 
116 508 19 25 0.98927337 
494 446 16 22 0.98779756 
605 329 16 20 0.9866203 
977 434 18 23 0.9855032 
155 473 16 20 0.98002553 
694 322 15 19 0.97883314 
739 331 15 19 0.9770362 
643 478 18 23 0.9759161 
617 433 19 24 0.9756579 
40 285 13 17 0.9734554 
124 538 19 24 0.97339666 
751 362 15 19 0.9725768 
365 582 21 26 0.97254926 
233 489 17 22 0.9711639 
190 432 16 21 0.9666117 
356 300 15 20 0.96121866 
793 392 15 19 0.96116436 
570 308 14 16 0.95919466 
927 540 21 27 0.95637554 
972 219 13 17 0.9536632 
91 278 14 18 0.9536343 
312 490 19 24 0.9535583 
844 412 17 22 0.95307547 
12 567 21 26 0.95222706 
455 510 19 24 0.9520899 
455 321 12 16 0.95125103 
471 281 13 18 0.9487713 
1001 578 21 27 0.9477278 
606 244 12 16 0.9424456 
121 474 16 20 0.9421703 
11 411 17 22 0.94040656 
465 480 18 22 0.93937624 
134 301 15 17 0.939129 
627 388 15 19 0.937951 
282 499 18 23 0.9373958 
503 227 12 16 0.9373799 
348 447 17 22 0.9366392 
651 315 16 19 0.9352745 
917 483 19 24 0.93419033 
134 250 12 16 0.934169 
584 492 19 22 0.93406415 
903 364 15 18 0.9311456 
278 327 15 19 0.9289074 
497 284 14 18 0.9282028 
60 491 17 22 0.92793864 
20 435 16 20 0.9263287 
747 171 12 16 0.92534393 
861 178 14 18 0.92084503 
82 459 18 24 0.92074394 
959 315 14 17 0.9175251 
346 411 18 22 0.9166501 
655 263 15 19 0.91256493 
614 303 16 20 0.91241413 
404 476 19 23 0.91227484 
161 642 21 25 0.9105226 
785 485 19 24 0.91015774 
879 537 18 26 0.9097464 
600 455 20 24 0.9085332 
848 196 11 15 0.907862 
933 262 13 17 0.90630955 
990 264 13 17 0.90588623 
962 420 16 20 0.90561795 
749 488 16 21 0.9050282 
677 197 14 17 0.9037547 
70 313 14 19 0.9000724 
398 506 17 21 0.8997688 
827 403 15 18 0.89850247 
21 362 16 21 0.8978928 
205 188 12 15 0.89491487 
895 406 17 23 0.89369583 
841 263 15 19 0.89335054 
272 466 16 20 0.89273036 
1005 223 15 19 0.8923836 
822 230 13 17 0.89081055 
959 238 12 17 0.8905163 
115 322 13 17 0.88964576 
415 444 16 20 0.8884196 
479 427 15 18 0.88795435 
667 234 13 17 0.8861064 
246 371 16 18 0.88310647 
682 475 16 21 0.88267905 
976 300 12 15 0.88208294 
766 537 21 24 0.8776226 
226 649 21 28 0.87725747 
584 328 14 18 0.87704194 
126 218 12 15 0.8746524 
867 463 17 23 0.87120914 
411 522 21 25 0.8699134 
411 157 10 13 0.86967844 
476 314 13 17 0.86175346 
517 462 18 22 0.86162496 
900 264 12 16 0.85923994 
243 228 12 15 0.85448277 
368 242 12 15 0.8506982 
422 338 11 15 0.8497697 
636 237 11 14 0.8481722 
246 473 17 21 0.8439016 
33 163 12 15 0.8427041 
497 194 12 15 0.83724725 
340 214 10 13 0.836853 
570 547 17 24 0.8364426 
429 415 16 19 0.8337779 
95 240 12 16 0.83322084 
796 267 12 17 0.8318715 
564 278 13 17 0.83011454 
592 261 13 17 0.82828045 
48 371 16 20 0.82484955 
296 384 16 20 0.8210803 
989 390 18 21 0.8204507 
766 225 13 17 0.8163267 
539 218 13 16 0.81609094 
889 190 13 16 0.8104494 
53 316 12 16 0.8067905 
264 573 18 22 0.8062696 
237 285 12 16 0.8055184 
828 189 11 13 0.80519277 
141 405 19 24 0.8009291 
700 412 16 20 0.7988488 
95 422 15 22 0.7958783 
680 388 16 19 0.7942612 
23 243 12 15 0.79361516 
742 109 10 13 0.7923361 
70 205 12 15 0.79220843 
154 285 14 17 0.790144 
451 237 13 15 0.7836844 
749 420 19 23 0.7807362 
716 269 14 18 0.78033113 
868 248 12 16 0.77876765 
874 141 11 14 0.7784011 
637 214 10 14 0.7769462 
280 434 16 20 0.7707063 
664 355 13 16 0.7668897 
997 320 14 18 0.7643223 
454 205 11 14 0.7634767 
335 511 19 22 0.76289606 
834 312 15 19 0.7614888 
941 222 14 16 0.7613561 
106 581 19 26 0.7603352 
294 651 20 26 0.754431 
584 288 11 15 0.7530791 
783 436 18 23 0.7510116 
810 357 16 19 0.74578923 
677 141 9 12 0.74359256 
264 276 13 16 0.7423829 
376 425 16 19 0.73942566 
794 118 11 14 0.7376531 
709 300 13 16 0.7339357 
787 568 17 22 0.7333827 
398 251 14 18 0.7332814 
758 321 12 16 0.73197645 
698 142 10 14 0.72416836 
659 51 11 14 0.72078884 
713 117 10 13 0.7205198 
877 229 14 16 0.719302 
588 205 12 15 0.7061483 
847 361 15 19 0.7055953 
684 172 10 13 0.7006164 
200 298 14 16 0.69918597 
957 180 12 15 0.6972989 
275 184 10 13 0.6949962 
742 72 11 13 0.69397485 
814 85 10 14 0.69390607 
474 405 14 17 0.69111884 
810 258 12 15 0.6904788 
502 315 12 16 0.6897215 
681 245 14 18 0.6854092 
777 286 12 14 0.68185383 
320 174 12 15 0.67637324 
775 260 12 16 0.6739804 
731 199 12 15 0.67090386 
321 225 12 15 0.6707024 
308 212 11 14 0.6705205 
897 308 13 17 0.66223955 
907 187 12 15 0.65989596 
412 230 11 14 0.65960145 
433 116 9 12 0.65583956 
678 14 11 13 0.6509619 
583 245 10 14 0.6478768 
484 148 10 12 0.64751095 
773 445 20 26 0.6452725 
882 234 12 15 0.64277345 
991 165 12 14 0.63875896 
896 298 14 17 0.63128 
248 309 12 15 0.6297908 
61 257 13 17 0.6259731 
355 156 11 14 0.62377095 
617 359 15 19 0.62127954 
345 286 12 14 0.6172856 
24 519 17 20 0.6169565 
212 269 12 15 0.61601233 
773 121 9 12 0.6127264 
889 381 15 19 0.60929775 
650 391 18 22 0.60814846 
356 223 12 14 0.60737944 
927 332 10 13 0.60353404 
387 118 10 12 0.6034493 
127 382 12 16 0.6004648 
668 420 17 20 0.6003037 
185 211 11 14 0.5988827 
236 183 11 15 0.59559596 
902 79 8 11 0.59348243 
709 168 11 13 0.590148 
871 224 13 17 0.5801163 
423 132 9 11 0.57512313 
334 86 10 12 0.57504296 
469 373 12 15 0.5746818 
990 182 12 15 0.5706011 
417 278 15 18 0.5670681 
667 544 15 23 0.5605795 
687 447 13 19 0.5604407 
230 250 11 15 0.5583506 
943 94 9 12 0.5582088 
633 411 15 19 0.55207527 
676 280 16 19 0.5498501 
842 331 15 19 0.54839236 
-1 607 13 22 0.5483156 
347 340 14 17 0.54810494 
822 132 10 11 0.54481626 
0 324 9 15 0.540288 
456 221 12 14 0.53755724 
426 210 11 14 0.53639954 
757 119 9 12 0.53614026 
141 620 20 26 0.5309815 
679 119 9 12 0.5288236 
268 155 9 12 0.5285676 
787 325 13 16 0.52538645 
437 116 9 11 0.5214816 
76 158 11 13 0.52067745 
716 88 10 12 0.5203422 
99 214 11 14 0.5167989 
759 93 10 13 0.5129765 
898 170 12 16 0.503892 
735 25 8 10 0.50300753 
203 311 13 18 0.5021805 
411 197 12 15 0.501203 
805 23 10 13 0.4997357 
724 246 12 15 0.49842408 
540 318 12 14 0.49560767 
526 303 12 15 0.4935812 
536 320 11 14 0.4908819 
755 405 16 20 0.48955417 
245 118 8 11 0.48845416 
379 259 13 17 0.48754844 
800 289 13 16 0.4871452 
278 227 10 14 0.48644486 
518 319 11 14 0.47968218 
988 340 12 14 0.47651187 
516 566 19 22 0.47614983 
814 106 10 13 0.47377846 
745 249 12 14 0.47192547 
381 207 10 12 0.47035024 
660 117 9 12 0.46805996 
988 566 13 17 0.46714035 
760 151 9 12 0.46284825 
346 70 8 11 0.45590535 
151 325 11 15 0.4550501 
607 116 10 13 0.45292443 
622 111 10 13 0.4528151 
39 354 13 17 0.43956375 
864 120 11 13 0.4375693 
329 242 11 14 0.4355797 
897 78 8 11 0.43470535 
518 93 8 10 0.43238506 
582 94 9 12 0.43023568 
357 137 8 11 0.42607576 
423 302 13 16 0.42597434 
457 138 11 13 0.4253645 
766 95 9 12 0.42411998 
732 233 11 15 0.41268268 
338 649 15 21 0.411846 
553 179 10 12 0.41128096 
350 110 9 13 0.4070804 
48 229 11 14 0.40220746 
780 86 10 12 0.39803287 
994 161 15 17 0.39442655 
847 87 9 11 0.39396062 
175 239 10 12 0.39056692 
621 191 10 12 0.3861591 
798 189 11 14 0.38377985 
535 213 14 17 0.38255253 
499 370 12 15 0.381603 
371 381 14 17 0.38136166 
814 77 10 14 0.379865 
126 197 9 11 0.37583745 
47 316 12 16 0.37230662 
200 254 11 15 0.37229457 
1 348 15 18 0.37097883 
288 163 10 12 0.36617193 
656 111 11 13 0.3652208 
365 93 9 12 0.36413103 
295 117 8 11 0.3635542 
894 110 9 12 0.3617946 
592 183 9 12 0.35460222 
612 117 10 12 0.35285813 
166 347 12 16 0.3505275 
390 194 11 13 0.3502729 
173 221 11 14 0.3466484 
280 142 9 11 0.34136412 
445 84 9 11 0.34129605 
598 230 11 14 0.34041205 
344 395 12 15 0.33527955 
471 350 10 13 0.3351161 
328 142 10 12 0.3344792 
640 32 8 10 0.3343381 
637 95 10 12 0.33327943 
715 300 13 17 0.33323732 
545 120 8 11 0.33019617 
440 112 9 11 0.32905304 
670 21 9 12 0.32885835 
975 87 9 12 0.32850602 
810 434 18 21 0.32753736 
185 167 8 11 0.32334867 
269 63 8 11 0.3228524 
53 190 12 16 0.32252848 
296 143 8 11 0.31940535 
226 128 9 10 0.31904462 
333 140 10 12 0.31695688 
277 386 13 15 0.31581035 
1001 27 10 14 0.3139035 
160 189 11 13 0.31213123 
638 190 9 12 0.31189373 
648 79 9 12 0.31065866 
259 260 11 14 0.31055817 
44 397 14 17 0.3099443 
213 260 12 14 0.307629 
135 455 15 19 0.30666777 
37 316 13 16 0.3052216 
396 140 11 13 0.3048797 
758 330 13 16 0.30462667 
23 475 13 18 0.30461952 
663 361 16 20 0.30206656 
893 165 14 17 0.3016157 
0 287 8 15 0.30118895 
1004 103 10 11 0.29977074 
161 142 10 13 0.29814515 
2 499 13 16 0.2925637 
690 32 8 10 0.2915154 
354 476 17 22 0.29138783 
758 88 9 12 0.29063702 
725 303 11 14 0.2906026 
846 109 12 14 0.28521493 
456 354 12 15 0.28383687 
636 61 9 11 0.28283846 
241 156 10 12 0.28266886 
939 162 13 15 0.28204086 
962 181 12 16 0.281404 
598 113 12 15 0.28057235 
261 324 12 15 0.2796487 
685 119 11 13 0.2790517 
838 111 10 13 0.2777234 
861 76 9 11 0.27740452 
232 142 9 11 0.27300406 
151 514 15 19 0.27276894 
413 377 18 21 0.26944202 
294 165 10 12 0.26879984 
1012 419 11 14 0.26847598 
389 122 10 13 0.26794776 
574 72 9 11 0.2671606 
11 206 11 14 0.26709002 
912 104 9 11 0.26591176 
625 48 8 10 0.26580065 
320 112 8 10 0.26212922 
329 31 8 10 0.26135102 
938 0 9 10 0.2604911 
972 149 11 14 0.26032278 
572 118 9 11 0.25824746 
632 190 10 13 0.25800553 
820 145 14 16 0.2562648 
925 337 14 18 0.25587344 
705 24 8 11 0.25461584 
62 184 11 13 0.25393727 
688 35 9 11 0.2532456 
56 258 11 14 0.2516152 
367 173 9 12 0.25094548 
198 127 8 10 0.24996567 
793 151 10 12 0.24981332 
664 22 10 13 0.24970469 
318 78 7 10 0.24872728 
966 109 10 13 0.24858771 
112 104 8 11 0.2468715 
781 78 9 11 0.24667501 
847 242 14 15 0.24559155 
850 145 15 18 0.24345648 
296 187 9 11 0.2432957 
550 120 8 10 0.24248664 
513 120 8 10 0.24172083 
79 124 11 13 0.2412308 
590 111 12 14 0.24083489 
454 211 13 15 0.23941834 
253 324 12 15 0.23907618 
272 87 8 11 0.23815244 
856 165 12 14 0.23589972 
301 101 8 10 0.23261929 
995 646 17 22 0.2322404 
374 126 9 11 0.23047808 
683 13 10 13 0.2301333 
566 7 7 10 0.22974567 
472 101 8 12 0.22946683 
818 356 16 18 0.22913298 
631 21 9 11 0.22886302 
493 127 10 12 0.22789869 
301 167 9 11 0.22692424 
280 106 10 13 0.22598977 
568 55 9 11 0.2247149 
229 220 9 12 0.22409055 
809 86 10 13 0.22296976 
44 52 8 11 0.22070251 
473 96 8 10 0.21961012 
633 55 9 12 0.21951096 
496 182 9 12 0.21812822 
610 5 8 11 0.21570344 
389 109 8 10 0.21545468 
621 86 9 11 0.2139921 
59 314 14 18 0.21394105 
22 614 21 27 0.21368983 
597 205 11 14 0.21269986 
693 120 8 11 0.21269633 
459 349 13 15 0.21224998 
510 135 9 11 0.21054478 
705 111 8 11 0.20951709 
391 105 7 9 0.20857686 
565 483 16 21 0.20845349 
641 124 10 13 0.20821735 
913 22 8 11 0.2078443 
210 120 7 10 0.20672339 
711 16 9 11 0.20616855 
284 387 12 15 0.20445186 
228 133 10 11 0.2039138 
446 102 8 11 0.20386662 
176 131 9 11 0.20239717 
934 159 12 16 0.20101644 
445 377 13 17 0.199149 
576 102 10 13 0.19891867 
320 57 7 9 0.19826837 
68 254 12 16 0.19662724 
164 182 10 13 0.19526014 
86 118 10 13 0.19379821 
365 87 9 12 0.19170538 
552 89 8 9 0.19113308 
880 274 13 16 0.19073036 
245 324 14 18 0.19068213 
718 17 8 10 0.18934894 
304 96 8 10 0.18888807 
517 24 7 9 0.18882918 
454 230 11 14 0.18789864 
958 37 9 11 0.18717007 
592 77 8 10 0.18707488 
853 108 10 12 0.18640654 
629 341 13 16 0.18520112 
667 431 17 22 0.18505003 
317 255 11 14 0.1841209 
261 622 10 13 0.18411773 
205 260 13 15 0.18365306 
1 187 10 16 0.18360446 
392 136 10 12 0.18343109 
430 190 9 12 0.1833706 
519 506 14 17 0.18330908 
609 53 9 11 0.18323725 
999 61 10 14 0.18321866 
874 443 15 18 0.18285921 
5 60 10 13 0.18230042 
630 195 10 13 0.18210755 
903 82 11 12 0.18157047 
548 213 12 16 0.18048768 
153 331 14 18 0.18034026 
845 528 13 19 0.17894223 
311 93 8 10 0.17893596 
958 32 8 10 0.17762874 
498 102 8 10 0.17727493 
981 119 9 11 0.17727211 
446 240 14 17 0.17642875 
886 585 12 16 0.1742839 
910 277 10 14 0.17416674 
159 278 13 15 0.17411864 
369 72 8 10 0.17331003 
430 84 8 10 0.17201728 
736 76 10 13 0.17084976 
784 93 9 11 0.17035529 
868 447 21 26 0.17013161 
761 0 9 9 0.1700536 
979 45 10 12 0.16988339 
670 92 9 11 0.16967896 
705 13 8 10 0.16917305 
444 490 15 20 0.16903271 
502 104 8 10 0.16900526 
471 73 7 10 0.16899544 
286 110 9 12 0.16879787 
229 102 9 10 0.1681491 
392 88 8 10 0.16765074 
766 215 12 15 0.16751723 
965 102 10 12 0.16682495 
963 6 9 10 0.16635162 
959 22 8 10 0.1657993 
477 194 10 14 0.16563186 
404 278 11 14 0.16554634 
646 206 9 11 0.16505797 
645 10 11 14 0.16493247 
106 266 11 14 0.16459732 
425 112 8 11 0.16434859 
673 15 11 13 0.16370326 
714 435 19 22 0.16318375 
726 47 9 11 0.16276662 
967 282 11 14 0.16240913 
513 109 8 10 0.16230866 
445 110 8 11 0.1611984 
224 215 10 13 0.16116436 
884 210 12 16 0.16015598 
616 68 9 10 0.15946372 
886 99 10 12 0.15935934 
788 204 12 16 0.15916204 
855 171 15 18 0.15858309 
918 107 9 12 0.15844452 
710 113 10 12 0.15822639 
525 70 9 11 0.1578705 
367 39 7 8 0.15785082 
400 88 8 10 0.15730378 
455 156 10 14 0.15695402 
646 119 10 12 0.15668932 
971 278 13 15 0.1564205 
388 250 14 17 0.15542161 
181 128 8 10 0.15521215 
85 301 11 15 0.15496078 
894 1 9 10 0.15480106 
386 112 8 10 0.1521459 
836 290 14 17 0.15141658 
524 77 9 11 0.14966695 
710 190 11 14 0.14966299 
245 100 9 12 0.1495123 
361 49 8 9 0.14930852 
550 141 9 11 0.14787793 
538 100 9 12 0.1466721 
695 46 9 12 0.1458549 
715 123 10 13 0.14564933 
906 268 12 15 0.14564274 
125 282 16 18 0.14557631 
795 111 12 15 0.14535113 
635 341 12 16 0.14513712 
140 147 9 12 0.144754 
463 110 7 9 0.14460818 
75 224 11 14 0.14391206 
546 29 8 10 0.1436801 
80 299 11 15 0.14323422 
16 404 16 19 0.14285319 
347 290 15 17 0.14180626 
287 204 9 13 0.14156625 
418 573 15 21 0.14094295 
502 87 7 9 0.14018698 
1001 53 9 13 0.13993134 
377 57 7 9 0.13963953 
623 284 11 14 0.13939129 
815 73 8 10 0.1393476 
517 140 9 11 0.1393462 
29 258 10 14 0.13918175 
86 308 12 15 0.13900928 
709 20 10 12 0.13889931 
775 165 11 13 0.13889456 
477 95 8 10 0.1387866 
914 17 8 9 0.13854085 
774 95 9 10 0.13849427 
510 38 9 12 0.1383239 
246 95 9 11 0.13797584 
890 1 9 10 0.13776496 
353 139 10 12 0.13771014 
857 77 9 11 0.136691 
646 184 8 10 0.1366296 
727 286 12 15 0.13603252 
89 62 9 12 0.13559993 
505 132 9 12 0.13534333 
826 355 13 17 0.13514873 
711 45 9 11 0.13493344 
460 88 8 9 0.13453566 
977 13 8 11 0.13421442 
848 104 9 11 0.13362479 
781 20 10 13 0.13287151 
904 181 11 15 0.13261577 
221 172 9 12 0.13191238 
17 155 12 15 0.1318989 
939 171 12 14 0.13184114 
132 279 11 13 0.13108231 
426 448 14 19 0.13104133 
660 139 11 14 0.13042141 
337 80 9 12 0.12992068 
302 227 11 14 0.12972407 
435 436 11 15 0.12954158 
559 73 7 9 0.12938142 
384 122 11 13 0.1291859 
1013 377 10 15 0.12916237 
835 465 14 17 0.12909563 
951 63 8 11 0.12877476 
264 118 8 11 0.12870564 
820 301 11 16 0.12860756 
290 115 9 13 0.12857199 
190 165 8 10 0.12843634 
341 402 17 21 0.1283164 
197 278 11 14 0.12818171 
567 31 7 9 0.12813751 
571 476 12 17 0.1281173 
0 526 10 14 0.12791279 
488 117 9 11 0.12751691 
993 5 9 12 0.12743191 
174 228 10 11 0.12739654 
918 23 9 11 0.12737197 
571 488 15 20 0.12720516 
589 254 12 15 0.12706481 
300 255 11 14 0.12703833 
944 365 12 15 0.12660192 
287 140 9 12 0.12654133 
703 87 9 11 0.12599428 
703 8 8 11 0.1259591 
703 93 8 11 0.12588277 
743 46 9 11 0.12581952 
406 332 10 14 0.12530775 
244 152 10 12 0.1252816 
764 452 22 28 0.12514465 
456 118 8 10 0.1249203 
674 548 17 24 0.12486705 
763 275 11 15 0.12484674 
781 164 10 13 0.12481265 
367 151 10 12 0.12477449 
848 80 10 11 0.12449715 
210 94 8 10 0.12433668 
963 311 11 14 0.12428979 
632 37 8 10 0.12426039 
168 237 10 13 0.12395873 
1007 107 10 12 0.12345398 
544 62 9 10 0.123044096 
703 186 11 15 0.1230055 
264 80 7 10 0.123001285 
87 315 12 16 0.1226736 
170 23 8 10 0.122511424 
960 15 9 11 0.1224385 
303 136 9 11 0.122160286 
29 322 11 15 0.12195757 
583 89 9 11 0.121941894 
304 48 8 10 0.121560335 
488 80 8 9 0.12127396 
907 575 17 20 0.1205121 
670 304 15 19 0.12046881 
511 140 10 12 0.119977534 
350 379 12 14 0.119487114 
567 92 9 11 0.1194516 
662 28 10 12 0.1192129 
484 469 13 17 0.119211584 
819 478 15 21 0.118897416 
605 96 9 11 0.11875262 
58 295 11 14 0.118717045 
769 220 14 18 0.11848076 
870 107 10 12 0.11839309 
473 310 12 16 0.11814448 
925 515 16 20 0.11777303 
117 173 9 12 0.11754666 
846 142 13 16 0.11739155 
780 243 12 14 0.1173773 
534 141 8 11 0.117335804 
269 431 17 23 0.117205106 
430 112 10 13 0.11698805 
960 386 12 17 0.116925925 
407 152 12 14 0.116921276 
663 71 11 13 0.11668506 
368 78 7 10 0.11623476 
568 123 10 12 0.116007745 
779 15 10 13 0.11592044 
236 205 11 14 0.11576084 
758 53 8 11 0.115565024 
981 15 9 10 0.11530382 
531 301 11 14 0.11507848 
72 244 10 13 0.114712164 
977 40 9 12 0.11458578 
436 284 12 15 0.11450559 
756 173 11 14 0.11447431 
333 410 12 16 0.11445989 
1005 54 10 12 0.11437359 
583 13 8 10 0.11408287 
781 299 12 15 0.113912225 
374 167 8 11 0.113809824 
630 47 8 10 0.11374705 
667 377 14 19 0.11368024 
782 73 8 10 0.11341536 
549 7 8 9 0.1130554 
613 214 12 18 0.11264618 
592 28 9 10 0.11259372 
687 100 10 12 0.11236126 
528 212 12 16 0.112348616 
319 168 10 13 0.11217547 
498 411 10 15 0.11200457 
636 308 12 15 0.11184375 
842 87 9 12 0.11162758 
617 112 10 14 0.11039157 
899 148 14 15 0.110283904 
2 449 15 21 0.110243015 
915 433 16 21 0.11007686 
543 78 7 9 0.10999934 
331 88 8 11 0.10982687 
790 163 12 15 0.10930431 
894 102 10 12 0.109259285 
837 254 14 16 0.10918713 
270 324 15 17 0.10916527 
189 515 12 15 0.10905091 
925 306 11 15 0.10905065 
0 157 9 15 0.10879044 
536 97 8 9 0.10857465 
519 137 8 10 0.10844359 
726 229 14 17 0.108435094 
639 577 14 17 0.10830803 
366 349 10 14 0.10829543 
256 256 11 14 0.10825858 
424 68 8 10 0.10825729 
838 136 10 13 0.108127296 
692 36 10 11 0.10806626 
622 70 8 10 0.107882835 
777 70 8 11 0.10781021 
164 194 10 13 0.107679926 
533 526 15 21 0.107555375 
75 309 13 18 0.10735131 
967 95 10 11 0.10715207 
334 308 12 17 0.10686666 
143 91 10 12 0.10661535 
313 113 7 10 0.10656778 
747 190 12 15 0.1064237 
339 86 9 11 0.106203794 
481 111 8 10 0.10616967 
425 102 8 9 0.10590258 
978 7 8 11 0.105628386 
644 31 8 11 0.10524686 
680 177 11 14 0.105226584 
360 53 7 10 0.10483302 
272 119 8 11 0.104732364 
948 339 12 16 0.10470346 
44 367 14 17 0.10468791 
313 73 7 10 0.10468383 
656 102 10 12 0.10459122 
497 85 8 9 0.10451783 
519 415 10 13 0.1043677 
25 317 11 14 0.104124375 
827 472 19 25 0.10406554 
177 6 10 11 0.103834316 
623 173 9 11 0.10340798 
93 117 9 13 0.10332908 
391 71 7 10 0.103078045 
799 0 9 9 0.103015155 
762 300 13 15 0.10277146 
527 134 8 11 0.10276667 
84 123 10 13 0.10276508 
832 114 10 13 0.10238541 
688 96 9 11 0.101879165 
429 124 10 12 0.10183995 
273 48 8 10 0.10152805 
865 40 9 11 0.10148871 
808 78 10 12 0.101339586 
730 78 9 12 0.101308174 
797 38 12 14 0.10117952 
247 44 10 13 0.101029426 
184 219 11 14 0.10073679 
345 65 8 11 0.100625284 
878 206 13 17 0.100609966 
616 47 9 11 0.10018584 
301 422 13 17 0.099998556 
694 94 10 11 0.09983876 
309 277 11 14 0.09975998 
606 84 10 12 0.09973637 
477 468 14 17 0.09970386 
117 336 11 16 0.09962239 
600 100 10 11 0.0993491 
283 228 10 14 0.09929959 
788 94 9 12 0.09884347 
633 30 9 12 0.098733224 
727 85 8 12 0.098204635 
716 147 12 14 0.098086976 
287 76 8 11 0.09777217 
1004 60 10 14 0.0977708 
485 111 9 11 0.09776738 
998 86 8 10 0.09769607 
480 89 7 9 0.09751179 
521 71 9 11 0.09739463 
598 30 8 10 0.0970496 
251 228 10 14 0.096998475 
163 341 13 18 0.096775815 
255 359 12 14 0.09673978 
840 93 9 11 0.09652662 
930 285 13 16 0.09638645 
941 4 9 11 0.09628942 
740 53 10 12 0.09628923 
301 189 9 12 0.09624604 
731 24 8 10 0.096111946 
77 131 10 13 0.09565583 
341 76 9 11 0.09544891 
465 41 7 10 0.09543046 
343 174 11 14 0.09535926 
638 209 10 12 0.09518713 
396 222 11 16 0.09508156 
373 293 11 15 0.09481977 
352 198 10 12 0.09470513 
252 364 14 18 0.09465256 
818 85 11 13 0.094452254 
221 326 10 13 0.094286144 
398 198 10 13 0.09423397 
673 117 10 14 0.09412145 
991 0 8 10 0.09411518 
908 462 12 15 0.0940374 
407 154 17 21 0.09380096 
804 267 12 16 0.09366084 
453 361 13 16 0.09351128 
635 301 12 15 0.09333288 
222 167 9 12 0.09313454 
333 126 8 10 0.09308376 
586 56 7 10 0.09285844 
573 109 9 10 0.092771605 
312 89 7 9 0.09251317 
326 251 13 16 0.0924636 
342 335 14 19 0.09241513 
835 507 16 22 0.092345454 
357 381 11 13 0.09230389 
863 44 11 13 0.09230349 
28 252 10 15 0.0922294 
401 80 6 8 0.09207373 
172 310 12 15 0.0920242 
598 79 9 11 0.09197964 
141 108 9 12 0.091924995 
253 220 10 13 0.09173194 
357 111 9 11 0.09159453 
817 10 9 11 0.0915903 
418 133 10 11 0.09155299 
332 250 12 16 0.09132633 
519 575 18 23 0.09110595 
576 229 10 13 0.09110147 
633 241 13 16 0.091076 
312 8 8 10 0.09090616 
943 21 9 11 0.09083771 
868 325 14 18 0.090707205 
116 309 12 16 0.09065345 
702 385 14 17 0.09063554 
130 215 12 14 0.09055777 
399 283 11 15 0.090400815 
661 539 16 22 0.090382345 
438 303 11 13 0.09030267 
13 92 10 14 0.09028983 
329 136 10 13 0.09020258 
783 100 11 13 0.09005717 
94 417 14 17 0.089549884 
891 152 22 26 0.08936911 
800 28 11 12 0.08931902 
560 88 8 11 0.089206606 
678 383 13 18 0.08901027 
480 498 13 18 0.089009166 
730 5 7 10 0.08898156 
534 135 8 10 0.08876964 
671 47 10 12 0.08866876 
928 23 8 11 0.08855673 
1009 259 10 15 0.08831866 
632 134 10 12 0.08810423 
88 57 8 11 0.0879369 
757 310 13 18 0.08781916 
523 318 12 15 0.087782174 
157 335 14 18 0.08772505 
1010 124 11 15 0.08771025 
119 236 11 14 0.08754151 
4 150 11 15 0.087301135 
766 165 11 15 0.08716969 
445 302 11 14 0.087160684 
1012 117 11 15 0.08709772 
936 225 13 16 0.08707699 
125 225 12 15 0.087045915 
766 0 9 10 0.08703646 
661 481 13 17 0.086922474 
504 172 11 14 0.0869146 
180 239 10 13 0.0869141 
385 33 6 9 0.08688327 
430 102 8 9 0.086740345 
189 260 11 15 0.08659302 
261 270 13 16 0.086555615 
887 163 13 16 0.086415246 
1000 49 9 11 0.08634062 
328 73 6 9 0.086220056 
775 100 9 11 0.08609033 
927 222 11 15 0.0860704 
254 213 9 13 0.0859722 
264 190 9 11 0.08590573 
812 403 16 18 0.08588952 
737 103 11 13 0.085855275 
253 266 13 17 0.085655525 
575 133 9 11 0.0856306 
799 143 10 12 0.085482664 
278 118 9 12 0.08538006 
731 362 15 18 0.085377485 
392 94 8 10 0.085376 
241 46 9 11 0.08518148 
470 125 9 11 0.08481869 
566 182 9 12 0.084797546 
425 80 8 11 0.084656775 
337 55 8 10 0.08459822 
668 71 10 11 0.084485196 
966 126 10 14 0.083915524 
481 144 10 13 0.083845094 
527 65 7 8 0.08370946 
729 69 8 11 0.0836452 
800 79 9 12 0.083611235 
964 293 12 15 0.08359137 
768 6 9 12 0.08355893 
379 386 11 15 0.08351648 
568 39 8 9 0.083390914 
299 540 17 21 0.08310329 
328 347 11 14 0.08307807 
759 598 13 18 0.08301792 
872 136 10 15 0.08292062 
348 37 8 11 0.0828216 
300 369 13 16 0.08245397 
72 123 10 15 0.082279004 
246 112 9 12 0.08221929 
862 103 10 12 0.08209348 
652 77 10 13 0.08196367 
944 15 8 11 0.08172061 
277 48 8 10 0.08169995 
254 8 9 12 0.08148574 
300 139 10 12 0.08133811 
598 286 10 13 0.08119101 
364 220 12 15 0.081134215 
124 181 10 13 0.081068404 
473 231 8 12 0.08086678 
407 125 8 10 0.08085818 
967 261 12 15 0.08079078 
640 184 9 12 0.080747895 
709 60 10 13 0.080739275 
511 29 9 10 0.08055536 
510 125 9 11 0.080504626 
70 115 11 14 0.080387734 
827 133 11 13 0.080134235 
961 2 9 11 0.08009295 
365 47 7 9 0.08004657 
567 1 8 10 0.07999627 
529 12 9 11 0.07999131 
860 143 12 14 0.07982394 
630 17 9 11 0.079670236 
948 370 11 15 0.079511225 
913 27 10 11 0.07950181 
71 131 10 14 0.07935157 
965 144 12 14 0.07912669 
229 79 9 12 0.07911437 
327 119 9 11 0.079091914 
405 91 9 12 0.07891936 
407 120 8 10 0.0788063 
687 21 9 12 0.07878042 
208 124 9 11 0.078752354 
785 211 12 15 0.07868081 
342 279 13 17 0.07834156 
1005 440 16 19 0.078324206 
28 314 15 19 0.07827779 
319 95 8 11 0.07803197 
537 126 8 10 0.07799765 
615 64 8 10 0.077829145 
796 154 12 15 0.07776291 
761 227 12 16 0.077669166 
710 0 9 9 0.07766795 
341 151 10 13 0.07763239 
679 168 13 15 0.07761592 
26 358 14 18 0.077504314 
717 196 10 12 0.07741971 
310 195 9 12 0.077414684 
606 220 12 15 0.07715583 
628 325 11 14 0.07706944 
717 189 11 13 0.077037595 
298 97 8 10 0.07703519 
375 119 10 12 0.077010535 
335 149 9 12 0.076836884 
800 393 15 20 0.07683136 
480 15 7 9 0.07662774 
896 230 9 14 0.07658924 
621 204 11 13 0.076587535 
899 287 13 15 0.0764815 
375 263 13 17 0.07640342 
247 0 9 11 0.07629836 
278 52 8 11 0.07621495 
526 218 11 14 0.076191366 
335 210 17 21 0.07618242 
158 388 13 16 0.07605507 
696 86 9 12 0.07589484 
480 72 7 9 0.075887136 
173 22 9 12 0.07587669 
457 111 8 10 0.0757329 
361 80 8 10 0.07571416 
374 251 13 17 0.0756545 
561 77 7 9 0.07547783 
193 160 8 11 0.07542209 
199 246 11 13 0.075419836 
368 32 7 10 0.07529218 
167 215 11 12 0.07516894 
651 255 15 18 0.074963406 
304 71 7 10 0.07482185 
952 54 8 11 0.07477186 
198 160 8 10 0.074726254 
256 184 9 11 0.07463916 
826 195 12 15 0.074589215 
805 44 10 13 0.07456344 
686 109 10 11 0.074536666 
383 151 9 11 0.07444888 
789 101 9 12 0.074378215 
518 110 8 11 0.074340306 
348 389 12 14 0.07430779 
624 16 8 11 0.07417794 
558 110 8 10 0.07381182 
881 101 8 12 0.07371519 
296 253 11 15 0.073607974 
543 72 8 10 0.07350795 
475 172 11 16 0.073445894 
225 252 11 15 0.073394954 
505 108 7 9 0.07337521 
993 68 9 12 0.073345095 
472 30 7 9 0.07309136 
679 52 8 12 0.07282818 
1003 158 10 14 0.072826974 
1000 108 10 13 0.07276875 
487 48 9 10 0.07273183 
327 158 9 12 0.07267654 
510 148 10 13 0.07255103 
253 46 9 11 0.07254136 
498 355 14 17 0.07247447 
758 45 9 12 0.07225227 
636 423 18 22 0.07220622 
807 92 9 11 0.072155625 
822 204 11 15 0.072061606 
804 184 11 14 0.07199417 
903 101 10 12 0.07198094 
632 211 18 22 0.07197564 
721 559 17 22 0.07185274 
417 128 9 10 0.071738616 
307 425 15 18 0.071724445 
584 166 8 11 0.07168104 
616 195 12 13 0.07168056 
1012 346 11 14 0.071642466 
794 572 17 20 0.07149927 
758 39 10 12 0.0712827 
584 61 7 9 0.07124403 
373 72 8 10 0.071231 
820 77 11 14 0.07097008 
121 191 11 12 0.07096529 
694 99 9 12 0.07091696 
908 84 9 12 0.07082295 
272 572 17 20 0.070729315 
185 172 8 11 0.07057839 
225 243 13 16 0.07050006 
445 250 13 16 0.07047009 
16 533 12 16 0.070424125 
168 134 9 10 0.07017073 
616 38 8 10 0.07015122 
488 72 8 9 0.070059225 
703 102 8 10 0.070018 
289 172 9 12 0.07000362 
918 6 9 11 0.069924876 
461 362 14 16 0.06984054 
302 119 8 9 0.06979808 
295 136 9 11 0.069792666 
507 311 13 16 0.06972174 
813 304 15 20 0.06970959 
520 302 13 16 0.06952943 
782 328 15 18 0.069493875 
411 413 12 15 0.06947717 
752 121 10 13 0.06945315 
501 405 13 16 0.069388345 
399 62 7 10 0.06936611 
791 197 11 14 0.06929507 
343 629 14 16 0.06928916 
559 120 7 10 0.06927259 
717 212 12 15 0.06926994 
374 143 10 11 0.06923703 
773 235 10 14 0.06918245 
795 205 12 15 0.06899819 
335 378 11 15 0.06887339 
731 28 9 11 0.06884319 
404 347 10 14 0.06881096 
517 520 13 19 0.068778664 
591 39 9 11 0.06874025 
971 266 13 16 0.068652555 
864 95 9 11 0.06859234 
966 298 13 16 0.06858441 
508 405 10 13 0.06856402 
740 23 8 10 0.0685563 
390 49 7 9 0.068508826 
129 24 8 10 0.06841425 
569 77 8 10 0.068206035 
764 156 10 13 0.06816858 
543 339 12 16 0.0680266 
174 159 9 11 0.0680023 
965 590 14 20 0.06792417 
805 157 12 14 0.067883536 
386 48 7 10 0.06740816 
295 172 9 12 0.067391045 
623 341 14 18 0.06726402 
766 112 10 11 0.06721319 
919 303 13 16 0.06713898 
990 101 10 12 0.06702936 
121 180 9 12 0.06701892 
793 517 15 18 0.06698792 
709 206 13 15 0.066883296 
505 25 7 9 0.06663587 
162 282 13 16 0.0666087 
631 139 12 14 0.06659948 
430 293 11 15 0.06652215 
925 401 14 17 0.06633397 
927 252 11 15 0.06627189 
201 194 11 14 0.06620977 
400 203 10 13 0.06619359 
354 346 15 16 0.06618963 
895 74 9 11 0.06605186 
804 193 11 15 0.065961204 
678 218 12 15 0.0659187 
914 5 9 11 0.06590788 
19 527 15 19 0.06588915 
438 30 7 9 0.06586752 
795 324 12 15 0.06577471 
799 61 9 12 0.065621905 
368 167 10 13 0.06551781 
252 135 10 12 0.06550754 
641 236 13 16 0.065438956 
517 46 11 12 0.06540477 
958 232 11 15 0.065396406 
672 102 9 11 0.06539307 
665 0 10 9 0.06532088 
953 242 12 15 0.0652926 
540 163 11 14 0.06514101 
324 110 9 10 0.06496269 
375 78 8 9 0.06483169 
281 71 8 10 0.06477987 
793 0 10 9 0.06477326 
93 143 10 13 0.06474483 
441 81 9 11 0.064722255 
512 105 7 10 0.06471445 
216 158 8 10 0.06470984 
428 283 13 17 0.064681225 
858 641 13 18 0.06461662 
405 339 11 16 0.06448533 
654 406 14 19 0.0644008 
871 62 8 11 0.06437579 
637 132 11 13 0.06436935 
621 182 9 12 0.06430637 
662 124 10 12 0.06430575 
493 119 9 12 0.06422656 
983 -1 10 9 0.064225316 
628 115 10 13 0.06421169 
393 53 8 10 0.06419553 
669 76 9 11 0.06411425 
950 16 9 10 0.064112 
34 359 19 24 0.064063385 
385 87 7 10 0.064053826 
884 317 14 16 0.06404013 
566 471 12 14 0.06403101 
151 29 8 10 0.06382792 
743 16 8 10 0.06376896 
137 144 9 13 0.06373015 
135 363 11 13 0.063698724 
328 92 9 11 0.06363989 
675 238 14 17 0.06361201 
248 214 10 13 0.06357898 
748 301 12 15 0.06352315 
419 636 30 38 0.06346534 
712 40 8 10 0.063378885 
976 116 10 13 0.06332276 
357 198 10 12 0.06322866 
546 314 11 15 0.06318033 
672 277 15 17 0.06315068 
720 182 9 12 0.06313399 
726 190 10 12 0.06302172 
4 65 11 16 0.06298026 
28 309 13 15 0.0629421 
364 294 12 16 0.06288415 
1006 346 12 17 0.0628564 
342 372 12 15 0.0628328 
48 260 11 13 0.06280327 
879 291 12 16 0.06277911 
702 70 10 12 0.06275763 
922 394 15 18 0.06271653 
357 160 12 14 0.062691234 
347 359 15 18 0.06263906 
570 111 8 11 0.062623 
374 149 11 14 0.062549606 
574 39 8 10 0.06251969 
760 112 10 12 0.06247973 
583 200 12 14 0.062469237 
321 103 9 10 0.062467534 
816 142 12 14 0.062461477 
214 124 9 11 0.062437963 
734 308 12 15 0.06232311 
219 269 11 14 0.062318496 
747 71 9 12 0.06230339 
673 201 12 16 0.06227824 
592 231 12 14 0.062273145 
639 314 11 14 0.062230285 
805 308 13 18 0.06220669 
982 388 14 19 0.062186677 
981 52 10 12 0.062183358 
614 123 10 13 0.062129702 
821 30 9 11 0.06209171 
102 190 8 11 0.062075272 
991 384 14 17 0.061849225 
95 188 9 13 0.061758704 
871 22 8 11 0.061755788 
736 94 9 10 0.061738003 
967 30 9 10 0.06172691 
325 164 10 12 0.06169212 
469 45 8 10 0.061634455 
527 128 9 10 0.0616202 
1015 325 9 13 0.061525382 
586 182 8 11 0.061467197 
371 373 14 17 0.0614597 
4 436 12 15 0.061457504 
585 40 7 9 0.0613901 
632 205 12 14 0.06123677 
853 154 15 18 0.061185554 
765 270 13 15 0.0611809 
584 79 8 10 0.061137956 
423 16 8 10 0.06113389 
589 140 11 12 0.06111062 
101 587 18 24 0.060990416 
373 220 11 14 0.060929183 
356 216 12 15 0.06090257 
335 155 10 13 0.06087189 
709 68 11 12 0.060866192 
16 518 13 16 0.06086581 
51 223 13 18 0.060814813 
339 634 18 22 0.060770556 
70 110 9 12 0.06076446 
598 38 9 11 0.06071254 
545 87 8 9 0.060645223 
663 182 11 13 0.06058256 
211 494 12 16 0.060563482 
878 14 7 10 0.060511846 
629 401 17 22 0.060384862 
389 291 11 14 0.060361 
542 300 10 13 0.0603287 
271 54 10 12 0.06026431 
901 236 10 13 0.06019625 
798 315 12 15 0.060177006 
94 80 9 10 0.06007417 
0 221 9 16 0.05992412 
558 206 12 15 0.05985178 
351 152 11 14 0.05983886 
747 111 10 13 0.059797898 
177 164 9 11 0.059764206 
361 173 10 12 0.059721608 
651 379 17 22 0.059680562 
623 78 9 11 0.059670832 
754 92 10 13 0.05966639 
254 206 9 11 0.05958865 
287 29 8 11 0.059525818 
256 118 8 10 0.059511885 
446 385 11 15 0.059503667 
975 376 11 13 0.05947264 
1012 255 11 15 0.059451412 
232 47 8 10 0.059430588 
222 259 10 13 0.05938277 
829 491 16 20 0.059304498 
259 465 22 27 0.059169464 
388 204 12 14 0.058972172 
950 307 12 16 0.058965 
20 291 10 14 0.05892767 
742 282 13 16 0.05888756 
979 244 12 15 0.058779962 
655 343 12 14 0.058768883 
631 70 9 11 0.058761355 
551 12 8 10 0.058757354 
829 284 14 17 0.058729827 
600 84 9 11 0.058708113 
419 440 12 15 0.058600813 
234 252 12 14 0.05858361 
283 394 13 17 0.05856298 
826 504 23 33 0.058560852 
734 458 24 32 0.058553044 
533 206 13 17 0.058448125 
471 120 9 11 0.058412444 
496 253 12 15 0.058388714 
273 142 10 11 0.05837021 
552 136 9 11 0.05817929 
223 39 7 10 0.05808112 
461 343 12 14 0.05807293 
112 329 13 16 0.05803584 
513 5 7 9 0.058008745 
934 21 9 11 0.057990722 
391 164 10 14 0.057930887 
966 155 12 15 0.05792766 
357 117 8 10 0.057926644 
135 102 10 13 0.057926126 
947 165 11 14 0.057889994 
532 308 11 15 0.057816308 
608 68 9 11 0.05780427 
47 156 11 14 0.057748217 
709 52 12 15 0.057735246 
403 650 13 19 0.057697475 
439 341 10 14 0.057694454 
472 148 10 12 0.057641126 
937 102 10 13 0.057622164 
429 195 11 14 0.057610154 
598 198 12 16 0.05760293 
216 28 8 11 0.05759128 
360 243 11 14 0.05756885 
0 342 11 18 0.05747987 
926 110 9 11 0.05745136 
583 135 9 12 0.05742806 
717 172 10 13 0.05740282 
758 163 12 16 0.05739668 
111 235 11 15 0.05726482 
562 29 8 9 0.057187837 
886 54 10 13 0.057140563 
241 290 12 15 0.05709117 
342 142 9 11 0.057048526 
489 372 10 14 0.057032675 
831 252 12 14 0.05700772 
117 102 10 14 0.05700472 
741 470 23 30 0.05699129 
375 60 8 10 0.05696645 
182 279 10 12 0.05695119 
503 81 8 10 0.056933794 
465 105 8 10 0.056925394 
944 39 8 10 0.056924388 
782 200 12 15 0.056898233 
140 247 10 14 0.05687669 
931 272 14 16 0.056867752 
537 119 8 10 0.05685467 
254 274 13 16 0.056823242 
643 212 11 13 0.056769125 
624 39 9 10 0.056718156 
508 171 10 13 0.056650907 
271 181 18 21 0.05644051 
760 14 8 10 0.056360886 
465 76 8 10 0.0563563 
486 209 13 17 0.056349073 
1015 196 9 14 0.05631655 
190 268 10 12 0.0562688 
466 61 7 10 0.056214925 
1012 425 11 15 0.05620841 
544 181 9 11 0.056189116 
4 318 11 14 0.056111883 
545 140 9 11 0.05610507 
673 123 9 13 0.05594279 
313 258 11 15 0.055918064 
124 235 12 15 0.05591582 
973 132 10 12 0.055880316 
562 0 8 10 0.055879842 
589 165 9 10 0.05585055 
904 23 8 11 0.055842645 
332 339 13 17 0.05582907 
656 96 8 11 0.05582271 
854 116 11 13 0.055792622 
638 268 13 18 0.05578657 
52 523 16 21 0.0557712 
464 350 20 24 0.05568847 
135 404 14 18 0.055633895 
943 29 9 10 0.05557506 
166 254 11 13 0.055470664 
693 204 10 14 0.055465143 
697 71 9 11 0.05545183 
973 181 12 15 0.05531391 
159 5 9 11 0.055292718 
241 87 9 11 0.05528534 
982 316 11 15 0.05527202 
97 31 7 10 0.055145126 
985 179 12 16 0.055067718 
552 123 9 11 0.055028692 
142 453 20 24 0.055027686 
679 104 9 11 0.055008687 
326 104 7 9 0.05500602 
951 172 11 16 0.05496904 
620 291 14 16 0.05496109 
553 112 8 10 0.054913104 
231 98 8 10 0.054830775 
914 188 12 15 0.054776546 
166 29 8 11 0.05476189 
217 166 9 11 0.05475127 
495 81 8 10 0.05474109 
646 266 13 17 0.05473469 
678 110 10 12 0.054718636 
127 101 11 13 0.054642417 
678 269 13 16 0.05464222 
558 124 9 11 0.054616187 
230 165 10 12 0.054584652 
912 220 10 13 0.054513615 
673 109 8 12 0.054506186 
708 363 14 18 0.054494113 
935 108 9 11 0.05438882 
917 221 12 15 0.054361135 
391 158 10 13 0.054349326 
656 220 9 12 0.054322004 
765 294 12 15 0.054298617 
725 92 8 11 0.054294135 
458 13 7 10 0.054279428 
959 299 12 16 0.054245017 
245 348 10 13 0.054153893 
313 54 8 10 0.05414842 
591 300 12 16 0.0540938 
421 197 11 15 0.05405628 
453 148 13 15 0.054023296 
118 243 10 13 0.053978894 
953 37 10 11 0.05396428 
113 166 10 14 0.053957094 
793 63 8 11 0.053949993 
925 117 11 13 0.05394596 
878 69 9 12 0.05390972 
598 175 10 12 0.053887893 
995 572 21 24 0.053875145 
137 94 9 11 0.053799156 
386 71 8 10 0.05368973 
110 48 8 10 0.053649176 
904 53 10 13 0.053592116 
246 40 9 11 0.053555034 
497 98 7 9 0.05355285 
632 184 10 11 0.053548034 
7 267 13 16 0.053535648 
249 13 9 12 0.05351147 
222 158 8 11 0.05348893 
726 40 10 10 0.053472456 
774 170 11 15 0.053449865 
978 305 12 16 0.05342628 
962 96 10 12 0.05342458 
263 196 10 13 0.053415097 
278 301 12 14 0.053401664 
901 117 11 13 0.053324416 
0 90 7 14 0.053267106 
879 282 14 17 0.0532631 
366 374 12 16 0.05319074 
608 62 9 11 0.05313189 
320 74 7 10 0.053131714 
373 95 9 11 0.053114116 
400 159 10 13 0.053048465 
222 238 12 14 0.05301322 
94 172 11 14 0.052959908 
716 370 12 15 0.052954458 
453 443 13 16 0.052932315 
88 174 11 15 0.05291906 
1013 110 9 12 0.052909873 
774 62 10 12 0.052874666 
288 63 7 9 0.052871183 
649 54 9 11 0.05286958 
984 102 9 11 0.052789625 
960 45 9 11 0.052774485 
110 122 10 13 0.052759495 
656 45 19 23 0.05266063 
189 308 13 15 0.052656405 
932 298 14 20 0.052593976 
948 460 12 16 0.052569505 
446 142 11 12 0.05253057 
759 80 9 11 0.052515224 
75 318 13 18 0.05249522 
627 297 19 24 0.05247016 
289 22 8 11 0.052438088 
574 491 21 26 0.052392572 
572 283 11 15 0.052375387 
365 155 10 13 0.052355226 
137 624 15 21 0.052347176 
959 165 11 14 0.0523407 
781 27 10 12 0.05232103 
504 71 7 9 0.05223836 
583 174 9 11 0.05221253 
753 46 9 11 0.052081943 
527 86 9 10 0.052081406 
878 78 9 12 0.05194155 
59 229 12 15 0.051913038 
743 363 13 17 0.051911224 
477 101 9 11 0.051873717 
367 98 9 12 0.05186849 
200 131 9 10 0.051835764 
628 331 13 17 0.05181202 
646 293 12 16 0.051789522 
565 289 12 14 0.05177352 
927 86 8 11 0.05169595 
95 365 12 17 0.05169215 
902 1 9 10 0.05166822 
830 54 9 11 0.051632106 
2 532 12 15 0.05160272 
1007 412 15 18 0.051567655 
341 55 8 10 0.051553477 
647 253 12 15 0.051539026 
211 352 16 19 0.051497784 
686 132 10 14 0.051493894 
899 255 13 16 0.05146233 
68 648 13 19 0.051457237 
376 211 11 14 0.051432215 
743 40 8 10 0.05142615 
967 46 9 11 0.051404145 
984 205 9 12 0.051304355 
278 147 10 11 0.051203076 
881 96 10 12 0.051188912 
112 180 9 11 0.05118421 
282 78 8 10 0.051171314 
65 644 13 17 0.05111582 
933 594 18 22 0.050974235 
952 110 10 12 0.05092623 
674 10 17 22 0.050910227 
452 371 12 16 0.050894964 
481 63 7 8 0.050828964 
609 495 16 20 0.050811857 
296 56 7 9 0.050809246 
367 197 10 12 0.050776586 
543 96 8 9 0.05075008 
336 9 8 9 0.050729617 
93 180 9 13 0.05072824 
527 94 8 10 0.05071397 
433 426 14 16 0.05071024 
608 29 8 10 0.050701786 
311 46 8 10 0.050690006 
446 96 9 10 0.050641965 
382 293 11 15 0.050606873 
50 78 8 12 0.05058617 
640 86 11 14 0.05058489 
76 79 9 11 0.050565332 
345 348 23 27 0.050524645 
534 157 13 16 0.05052353 
567 348 14 15 0.05051809 
557 301 11 13 0.050515838 
377 30 7 9 0.050483152 
576 167 9 11 0.05047312 
709 243 12 17 0.050444037 
934 356 11 14 0.050417174 
928 290 12 16 0.05038022 
253 93 8 11 0.05037984 
312 156 9 11 0.05035274 
935 87 11 13 0.050326057 
974 31 8 9 0.050322816 
891 370 19 23 0.05032017 
107 348 12 15 0.05028908 
968 63 9 11 0.050246973 
289 182 9 12 0.050232444 
96 166 10 14 0.050212193 
105 426 13 18 0.050200082 
73 161 11 15 0.05017393 
740 307 14 16 0.050165836 
383 54 7 10 0.05013555 
890 338 17 21 0.050122134 
696 76 10 11 0.05011984 
861 117 18 23 0.05011018 
441 371 12 16 0.050092544 
752 148 11 13 0.050069675 
275 86 9 12 0.050067686 
665 94 9 11 0.05005861 
422 157 10 13 0.05003306 
585 188 9 12 0.050021492 
470 41 7 8 0.050006818 
965 465 12 18 0.049964473 
68 266 11 14 0.04996205 
462 118 9 11 0.049941327 
870 268 12 15 0.049941227 
597 69 9 11 0.04989953 
851 86 10 11 0.049870115 
506 29 8 9 0.049829498 
174 39 9 11 0.049826242 
742 63 10 11 0.04979824 
264 32 8 10 0.04976931 
967 68 10 11 0.049713384 
5 162 10 15 0.049700856 
478 1 7 9 0.04967023 
760 245 11 15 0.049635988 
394 64 7 9 0.049601853 
248 205 10 13 0.049598344 
1007 374 12 15 0.049590547 
868 44 9 12 0.049586505 
273 223 11 13 0.04956048 
495 65 8 9 0.049549434 
460 157 11 13 0.049533695 
719 46 10 12 0.049491685 
727 63 9 12 0.049467526 
878 357 12 15 0.04943676 
976 53 10 11 0.049432628 
477 167 10 13 0.0494159 
140 399 16 18 0.049338527 
0 539 12 18 0.049327232 
788 357 13 17 0.0493002 
429 157 10 11 0.04927619 
215 325 12 15 0.049256336 
909 192 13 15 0.049243584 
312 269 11 15 0.049224745 
405 140 10 13 0.049152445 
320 158 8 11 0.049147185 
305 208 11 14 0.049118638 
151 221 9 12 0.04911506 
384 78 7 10 0.04906821 
11 607 21 29 0.0490632 
43 280 12 15 0.04905418 
360 100 9 11 0.049009457 
622 103 10 12 0.048930224 
206 134 8 10 0.048915625 
673 135 10 14 0.048837725 
994 342 13 16 0.04882309 
575 31 8 10 0.048808064 
566 164 10 12 0.048776 
958 53 9 11 0.04873584 
428 275 12 16 0.048698768 
348 372 13 16 0.048654296 
566 12 8 10 0.048618946 
472 108 9 10 0.048595816 
709 113 17 22 0.048569545 
662 101 9 11 0.04853028 
871 78 9 12 0.048464824 
246 274 12 16 0.048440043 
679 86 8 11 0.048431955 
430 71 7 9 0.04840242 
588 95 9 12 0.048393305 
871 85 9 11 0.04837584 
97 282 12 15 0.048337545 
832 101 9 10 0.048337225 
350 104 10 13 0.048253585 
102 207 11 14 0.04823893 
918 420 16 20 0.04821281 
701 293 15 18 0.048198882 
622 243 11 15 0.048172496 
585 31 7 10 0.04815244 
518 229 11 14 0.0481057 
436 277 12 15 0.048086435 
953 21 8 11 0.048052024 
836 297 14 18 0.047999818 
505 149 9 12 0.04798471 
91 320 12 17 0.047919363 
844 251 14 17 0.04789375 
586 116 9 12 0.04788114 
183 229 9 11 0.047873158 
512 55 9 10 0.04781495 
718 111 10 12 0.047766875 
188 421 12 15 0.04767905 
295 21 8 12 0.04766625 
181 370 14 18 0.047664642 
814 28 10 12 0.047661047 
607 23 8 11 0.04764061 
296 78 7 10 0.047610004 
507 232 12 15 0.04751888 
598 149 10 13 0.047440793 
591 176 9 12 0.047433063 
931 327 12 15 0.04741128 
717 294 13 16 0.047355697 
574 46 9 10 0.047243793 
518 157 9 12 0.047232524 
106 47 7 10 0.04722424 
374 101 9 11 0.04721095 
304 78 7 9 0.047201425 
997 347 13 16 0.04718836 
366 213 10 13 0.04712995 
333 446 19 25 0.04712695 
828 140 12 15 0.04712561 
89 238 12 15 0.04708146 
589 55 9 11 0.04708102 
160 479 16 20 0.047048215 
249 324 19 24 0.04704366 
305 52 8 10 0.047041968 
704 52 11 14 0.04703169 
965 14 9 11 0.046985425 
45 148 10 13 0.046975028 
996 381 13 15 0.046841744 
517 149 9 11 0.046832245 
820 210 12 14 0.046816606 
330 9 7 9 0.04681052 
205 347 15 19 0.04680067 
576 235 10 14 0.046761394 
864 23 9 12 0.046744645 
599 165 10 12 0.04674226 
334 258 11 15 0.046732474 
327 26 9 11 0.046727113 
560 157 10 14 0.046716645 
974 109 10 13 0.04671077 
832 96 9 11 0.046701644 
320 205 11 14 0.046695996 
197 70 9 12 0.046649296 
200 340 12 16 0.04663717 
855 93 8 10 0.04663193 
151 40 7 10 0.046611626 
516 252 13 14 0.046559867 
284 401 13 16 0.04653132 
505 38 8 11 0.046478864 
247 123 9 11 0.046448093 
805 140 12 14 0.046434913 
452 481 19 25 0.046409924 
631 7 8 10 0.046385407 
1009 232 14 18 0.046329893 
373 197 12 15 0.0463177 
947 159 11 13 0.04631696 
692 467 13 17 0.046217415 
630 75 9 11 0.04619243 
632 97 12 14 0.04616673 
935 14 9 11 0.046152797 
965 349 13 15 0.046117492 
702 360 15 18 0.046110205 
695 111 9 11 0.046004668 
943 506 14 18 0.04599381 
385 134 8 11 0.04596504 
161 206 9 12 0.04593414 
256 112 8 10 0.04591518 
910 164 10 14 0.045895863 
424 150 10 12 0.0458947 
600 223 11 13 0.045865983 
208 151 8 10 0.045858636 
883 593 24 29 0.04582193 
1016 77 8 13 0.045718614 
711 144 10 12 0.045575008 
174 13 10 12 0.045552887 
429 112 17 22 0.045547623 
908 437 19 24 0.045540802 
990 219 12 16 0.045520037 
600 13 7 10 0.045512658 
512 156 10 12 0.04548121 
485 310 11 15 0.045431685 
66 187 11 15 0.045369886 
446 116 9 11 0.0453371 
780 252 12 15 0.045334715 
647 73 10 12 0.04532154 
919 85 9 12 0.045204815 
559 474 14 17 0.045190338 
959 131 11 15 0.04516101 
201 184 11 12 0.045141377 
615 78 10 12 0.045051344 
204 246 12 14 0.0450484 
375 131 10 12 0.04503703 
997 371 14 15 0.044976085 
206 102 8 10 0.044948768 
574 189 10 13 0.044875957 
975 81 9 10 0.044826213 
617 84 9 12 0.044822358 
866 588 13 17 0.044817742 
483 505 13 17 0.044809498 
374 155 10 13 0.04480632 
821 92 10 12 0.04480248 
224 109 7 9 0.044780307 
429 355 11 13 0.04471351 
305 385 14 19 0.04471145 
466 71 9 11 0.0446895 
582 140 11 13 0.044673663 
783 108 10 11 0.04463007 
1005 48 9 12 0.04462629 
334 12 8 10 0.04461333 
37 259 11 14 0.04456788 
542 195 12 14 0.044538062 
568 141 9 12 0.044514205 
352 222 19 23 0.044490807 
980 277 12 14 0.04448858 
311 167 9 11 0.0444863 
409 47 8 10 0.04447666 
893 141 16 19 0.044475432 
878 109 9 11 0.044462003 
781 278 12 15 0.044458866 
149 387 16 18 0.04443723 
302 277 12 15 0.044434156 
429 151 11 12 0.044421636 
192 121 8 10 0.04442101 
199 238 11 14 0.04438323 
0 504 12 18 0.044374537 
575 140 11 13 0.0443602 
673 148 10 13 0.04431648 
596 305 12 14 0.044270217 
892 212 11 15 0.044245612 
528 112 8 10 0.044241633 
352 127 9 11 0.044234823 
287 37 8 10 0.044219904 
455 81 8 9 0.04419025 
841 237 10 13 0.04416874 
879 84 9 10 0.044155005 
447 148 11 13 0.044126183 
975 102 9 11 0.044117868 
297 38 8 10 0.044101883 
69 275 11 14 0.04408591 
141 294 13 16 0.044057876 
758 61 9 11 0.044049103 
783 219 11 15 0.044022057 
304 160 9 11 0.043970685 
303 64 8 9 0.043967985 
479 30 7 9 0.043955106 
620 218 12 17 0.043921873 
834 188 12 15 0.04391758 
230 240 12 15 0.043874484 
295 412 11 14 0.043873724 
907 262 11 15 0.043864854 
192 254 12 14 0.04382348 
916 277 11 13 0.043819904 
734 0 9 10 0.043803304 
348 173 12 15 0.043763824 
212 340 16 17 0.043758363 
1006 96 9 11 0.04370492 
3 546 15 19 0.043668315 
756 540 22 26 0.043591622 
748 277 12 15 0.043565862 
40 140 11 14 0.04351383 
950 115 11 13 0.04342408 
969 88 11 13 0.043394748 
750 143 10 12 0.043323644 
766 30 9 11 0.04330862 
537 78 9 10 0.043229885 
540 206 14 17 0.04322624 
730 290 12 15 0.043206003 
694 138 18 22 0.043195844 
339 300 15 17 0.04317648 
661 57 12 13 0.04313872 
386 103 8 10 0.043130454 
815 172 11 13 0.043115523 
594 187 12 13 0.043107044 
704 0 10 10 0.04308555 
464 125 10 12 0.043080606 
960 285 12 15 0.043077294 
296 71 8 10 0.043036193 
645 155 12 15 0.04301389 
739 236 12 16 0.04300829 
779 264 13 16 0.043005552 
208 158 8 10 0.042992044 
940 493 13 18 0.042975515 
103 30 8 10 0.042957023 
718 80 10 13 0.04295267 
835 512 21 29 0.04289903 
3 182 12 18 0.042873032 
240 112 10 12 0.042812582 
372 172 10 12 0.04280871 
550 187 11 13 0.042790845 
110 338 13 15 0.042782284 
191 150 9 10 0.042732067 
606 377 14 19 0.042719144 
471 25 7 9 0.042691838 
913 228 11 13 0.042632688 
1009 651 14 20 0.042604975 
809 72 9 11 0.042592496 
734 278 13 16 0.042586148 
743 194 10 15 0.042586036 
514 89 8 11 0.042566888 
423 206 17 22 0.04254967 
783 317 14 17 0.042510502 
264 113 8 10 0.04250612 
776 325 11 16 0.042476237 
641 431 14 19 0.042474743 
225 45 8 10 0.04246492 
560 14 7 10 0.04241914 
968 53 8 11 0.042373307 
934 235 11 14 0.042365026 
366 395 12 15 0.04236277 
276 307 13 15 0.042271532 
982 123 10 12 0.042259622 
942 305 14 18 0.04224137 
150 87 9 12 0.04224052 
589 156 12 14 0.042225484 
725 257 12 14 0.042204343 
856 123 11 14 0.04217663 
529 116 8 11 0.042156547 
466 561 17 22 0.042132623 
723 449 16 20 0.042096112 
446 347 12 15 0.042095616 
442 143 9 12 0.042092476 
53 232 12 15 0.042084996 
575 64 8 9 0.042084098 
767 141 9 11 0.042077202 
731 301 12 16 0.04202375 
839 38 9 11 0.042007733 
11 353 19 24 0.04198903 
314 41 7 9 0.04196674 
1006 34 10 12 0.04194088 
999 151 12 15 0.041909628 
584 47 7 9 0.041889817 
284 299 11 14 0.041874044 
41 238 10 13 0.041868404 
850 267 11 16 0.041858852 
876 241 13 16 0.041858383 
982 61 9 11 0.041837823 
448 25 7 8 0.041836236 
407 135 9 11 0.041802347 
980 382 11 15 0.04176316 
373 322 11 15 0.041745204 
960 114 12 14 0.04174192 
645 245 11 13 0.041726176 
648 47 9 10 0.041720595 
303 126 9 10 0.041720107 
556 211 12 16 0.041718144 
446 366 13 17 0.041701946 
336 387 11 15 0.04168931 
680 36 11 12 0.041686594 
647 2 9 11 0.041677706 
809 102 11 13 0.04165303 
981 6 9 12 0.04161821 
288 56 7 10 0.041581027 
494 377 12 15 0.041549142 
488 14 8 10 0.041540783 
936 177 11 14 0.041508082 
202 103 7 11 0.041426674 
838 244 12 14 0.041412953 
480 76 9 11 0.04141253 
459 444 11 15 0.041332655 
384 156 9 12 0.041331105 
541 333 12 14 0.04130363 
727 108 9 12 0.041286632 
13 605 13 19 0.041282274 
519 101 8 10 0.041240435 
316 212 12 15 0.04122601 
318 41 6 8 0.04122526 
418 70 7 10 0.04118119 
351 161 12 14 0.04117335 
384 63 7 10 0.04117248 
227 353 15 23 0.041139014 
352 203 11 13 0.04113131 
54 265 13 16 0.04112947 
563 205 12 15 0.041122828 
607 141 10 12 0.041076045 
751 307 12 16 0.04107429 
334 502 16 18 0.04106733 
50 401 14 17 0.0410648 
369 117 9 11 0.041058302 
720 228 11 14 0.04105152 
148 519 22 28 0.04104873 
545 2 7 9 0.041032955 
511 320 12 16 0.04100434 
382 347 11 14 0.040910184 
599 64 9 10 0.040901452 
1017 86 8 11 0.0408872 
454 32 7 8 0.04087826 
511 412 11 14 0.040877134 
495 70 7 9 0.040854853 
623 237 12 15 0.04078287 
358 387 11 14 0.040773198 
150 24 8 10 0.040768113 
281 165 10 11 0.040758412 
916 202 13 16 0.040741067 
119 283 12 15 0.040739205 
931 346 13 17 0.0407345 
416 96 7 10 0.040719293 
604 205 10 14 0.04068475 
647 20 9 11 0.040638003 
719 39 9 11 0.040615153 
400 109 8 11 0.04055815 
373 365 12 15 0.04052711 
-1 412 9 15 0.040508203 
414 333 14 17 0.040501516 
608 190 10 13 0.0404891 
4 73 11 15 0.0404889 
41 60 9 13 0.040478054 
646 197 10 13 0.040458005 
821 152 14 17 0.04045407 
990 255 12 17 0.040450815 
159 231 9 11 0.0404205 
175 152 8 10 0.040412486 
535 109 9 11 0.040386025 
215 143 8 10 0.040360305 
75 413 12 18 0.0403577 
796 162 13 16 0.040342666 
487 238 10 13 0.040266294 
759 235 10 13 0.040245123 
96 158 10 13 0.040222116 
511 189 10 12 0.04021257 
189 228 10 12 0.04016725 
661 220 10 14 0.04015262 
409 71 7 10 0.040134806 
966 341 11 14 0.040094018 
403 247 12 15 0.04006773 
575 258 11 15 0.040053084 
754 87 9 11 0.040002927 
166 101 9 13 0.039997477 
722 276 12 16 0.039989006 
77 99 9 12 0.039983716 
963 430 15 20 0.039958328 
399 56 7 10 0.039939765 
54 573 13 17 0.0399097 
491 148 11 14 0.03989694 
296 63 8 9 0.0398547 
646 36 8 11 0.03984598 
296 124 8 10 0.03983724 
493 141 10 12 0.039836656 
716 556 16 21 0.039772797 
842 105 19 24 0.03975715 
51 105 11 16 0.03975066 
183 348 12 15 0.039728034 
958 246 12 16 0.039705534 
838 364 20 26 0.03967685 
407 229 18 23 0.03966286 
475 489 14 18 0.039639782 
143 220 10 12 0.039626587 
124 405 13 19 0.039626207 
724 221 12 14 0.039550338 
658 22 10 12 0.039547384 
502 93 8 10 0.03954552 
471 57 7 8 0.039539423 
868 95 10 11 0.03948532 
1011 458 13 19 0.03945963 
624 64 8 10 0.03945059 
606 174 9 11 0.039433416 
461 227 10 12 0.039416842 
384 164 11 14 0.03939303 
282 320 13 16 0.039387103 
891 395 18 20 0.039370596 
703 47 10 12 0.039355785 
373 189 11 13 0.039347015 
288 14 9 11 0.039343648 
830 78 9 12 0.0393293 
870 232 14 17 0.039319206 
397 389 12 15 0.039293464 
606 196 10 12 0.039291155 
629 294 11 15 0.039272703 
863 29 8 10 0.03925508 
903 92 11 13 0.039255064 
737 16 8 10 0.03921012 
470 61 8 9 0.039198957 
341 135 9 12 0.039196104 
248 51 10 13 0.039189845 
823 284 12 14 0.039179657 
480 116 9 11 0.03914045 
702 77 9 11 0.039101593 
948 530 14 17 0.03908131 
474 0 7 9 0.03905483 
319 198 11 13 0.039029196 
481 56 8 9 0.03902718 
970 428 19 22 0.03900521 
407 111 9 10 0.03900096 
562 54 9 11 0.03898062 
123 428 15 19 0.03896412 
208 341 23 27 0.038960982 
451 268 14 16 0.038935937 
45 162 11 15 0.038932335 
885 218 12 15 0.038926475 
391 148 9 11 0.03892501 
91 309 12 15 0.038914856 
751 101 9 11 0.03891194 
643 310 16 19 0.0388938 
519 27 9 11 0.03886845 
822 293 12 16 0.038862724 
253 165 10 13 0.038844153 
991 118 9 12 0.03880688 
905 28 8 10 0.038749747 
692 172 10 13 0.03874202 
128 258 11 14 0.038741935 
999 135 10 13 0.03873161 
764 87 10 13 0.038683746 
709 82 18 23 0.038676433 
391 31 7 9 0.038647532 
1001 95 10 11 0.038632274 
734 84 9 12 0.038627997 
463 91 9 11 0.0386277 
685 140 10 13 0.038587276 
443 341 12 14 0.038576573 
692 346 15 18 0.038523376 
229 462 13 17 0.038514033 
469 467 14 17 0.038488198 
385 427 14 18 0.0384582 
638 24 8 10 0.03843689 
318 452 15 20 0.038414523 
966 22 8 10 0.038404685 
76 114 18 24 0.03840261 
337 48 8 9 0.038382575 
505 141 10 12 0.03838178 
719 467 11 17 0.038332853 
525 174 11 13 0.038324766 
517 455 15 17 0.038314912 
325 56 8 10 0.03831322 
526 180 10 12 0.038294725 
973 142 11 14 0.038291544 
841 102 8 10 0.03825162 
9 348 14 18 0.038246077 
336 396 12 15 0.038241323 
425 181 10 14 0.03820825 
335 268 12 17 0.038177583 
393 78 7 9 0.03817675 
689 477 15 21 0.038157072 
76 239 11 14 0.038149867 
647 61 8 10 0.038142886 
342 46 8 10 0.03809027 
732 253 10 15 0.03806931 
642 5 10 12 0.03804796 
916 364 12 15 0.03804041 
357 373 11 15 0.038020715 
398 125 9 11 0.038002513 
201 268 10 13 0.038001932 
902 108 10 13 0.03797173 
122 214 12 16 0.037970517 
232 182 19 22 0.03795021 
817 132 11 14 0.03794697 
523 522 14 20 0.037937965 
442 102 8 10 0.037926532 
555 565 15 18 0.0379128 
742 96 9 10 0.037881814 
670 39 10 11 0.037873518 
366 204 11 13 0.037840657 
118 277 12 15 0.03783196 
983 68 9 12 0.037791215 
303 234 11 13 0.03777265 
489 103 8 10 0.037733965 
820 109 10 12 0.03772825 
744 0 9 8 0.03771087 
56 184 18 22 0.037705142 
590 148 12 15 0.037687235 
880 53 9 11 0.037674088 
380 469 16 19 0.03767009 
558 141 10 11 0.037667885 
918 0 9 10 0.037644688 
877 324 12 16 0.037643306 
964 163 11 13 0.037595157 
701 138 10 12 0.037572507 
807 520 13 17 0.037523486 
63 245 11 13 0.037522227 
229 316 11 14 0.03751746 
991 12 9 12 0.037506144 
519 2 7 9 0.037493955 
992 187 13 16 0.037491474 
258 363 12 15 0.037483037 
534 149 11 12 0.03743773 
852 249 13 16 0.037429053 
993 62 11 14 0.037411302 
581 356 15 18 0.03740273 
100 149 10 12 0.037374817 
630 147 13 15 0.03735679 
288 435 14 17 0.037338644 
3 475 12 15 0.03728831 
422 139 11 12 0.03728633 
319 46 8 9 0.03727279 
763 307 14 16 0.037261058 
911 61 9 12 0.03723953 
767 180 9 12 0.0372282 
835 416 23 27 0.037218783 
73 100 9 12 0.037217803 
247 21 9 11 0.037201453 
346 33 8 11 0.037185542 
489 179 10 13 0.037108023 
494 198 13 17 0.037103552 
142 231 9 11 0.037084065 
666 86 10 13 0.037043955 
446 414 11 15 0.037033916 
751 13 8 11 0.037020553 
89 33 7 9 0.037019085 
975 70 9 10 0.036981646 
264 133 9 12 0.03697798 
313 62 7 9 0.03696754 
868 576 14 18 0.03696108 
997 426 15 18 0.036930975 
887 60 9 11 0.036915492 
638 294 12 15 0.03691017 
851 191 12 15 0.03689961 
627 186 18 23 0.03687584 
385 94 7 10 0.036873218 
128 244 13 16 0.036849506 
516 528 15 20 0.0368393 
265 124 9 12 0.03682775 
350 214 12 15 0.03682676 
642 469 16 21 0.036805723 
253 52 9 12 0.03679708 
949 473 15 19 0.036791805 
551 25 8 10 0.036742285 
336 180 11 14 0.03672735 
190 174 8 10 0.036722694 
976 62 9 10 0.03671313 
143 212 11 15 0.03668779 
232 120 8 10 0.03667457 
385 141 9 10 0.036665488 
246 89 9 10 0.03662971 
110 205 9 12 0.036609013 
900 584 20 27 0.036574077 
409 25 6 9 0.036563598 
207 112 9 10 0.03655766 
143 277 11 14 0.03652483 
751 229 12 15 0.036514025 
449 29 8 10 0.036501378 
948 87 11 13 0.036486123 
773 355 14 18 0.036480334 
647 140 11 13 0.036456045 
230 83 10 11 0.03645519 
753 0 8 9 0.0364405 
465 378 12 15 0.036430478 
397 317 11 15 0.03642146 
951 186 13 16 0.036415078 
144 7 8 10 0.036409024 
246 311 19 23 0.036406144 
600 23 9 10 0.036400855 
656 133 12 15 0.036365986 
351 242 11 15 0.036361065 
694 286 12 17 0.036333796 
182 300 11 14 0.0363242 
295 419 13 16 0.03630266 
61 235 11 14 0.03630088 
809 76 19 22 0.036298003 
954 315 13 16 0.036290497 
304 209 17 23 0.036242418 
708 29 10 11 0.036221057 
238 467 12 15 0.036215145 
962 148 11 14 0.036197588 
384 38 7 8 0.03619725 
459 237 11 14 0.036172967 
653 12 10 13 0.036164705 
952 47 8 10 0.03616332 
399 435 11 15 0.036151413 
617 174 9 11 0.036088187 
976 315 11 15 0.036072053 
1013 366 12 16 0.036068298 
950 402 14 17 0.0360264 
597 156 11 13 0.036007777 
918 37 10 11 0.03599646 
744 178 12 15 0.03598122 
814 275 11 14 0.03596238 
189 102 9 11 0.03593861 
302 23 8 11 0.03593286 
549 347 12 16 0.035928965 
168 164 9 11 0.035918355 
107 574 16 19 0.03590292 
217 112 7 9 0.03590283 
929 157 12 16 0.035894644 
789 86 9 12 0.035865538 
775 54 10 12 0.03586249 
948 131 13 17 0.035838127 
414 47 9 10 0.035822023 
830 45 10 12 0.035778597 
983 156 11 14 0.03575463 
429 268 12 15 0.035717618 
981 109 10 12 0.035680518 
663 38 10 11 0.035675317 
416 117 9 11 0.035632465 
486 366 11 15 0.03562432 
302 340 10 14 0.035592455 
415 300 13 16 0.035577662 
1007 182 10 13 0.035554897 
651 6 10 13 0.035550896 
879 30 8 10 0.035540096 
240 369 15 19 0.035536572 
143 236 9 12 0.035517633 
341 92 9 11 0.035494756 
300 183 9 12 0.035476174 
838 172 12 14 0.035453428 
487 195 11 15 0.035442524 
886 330 14 19 0.0354288 
821 71 9 12 0.03540889 
880 46 8 11 0.03539287 
519 6 8 10 0.035387248 
835 500 14 20 0.035364334 
691 387 14 18 0.03534655 
548 206 13 16 0.035335377 
894 179 11 15 0.035291307 
255 39 9 11 0.035285372 
394 189 11 15 0.03527086 
655 57 11 12 0.035264015 
820 547 14 17 0.03523192 
889 77 10 12 0.03522319 
510 196 11 15 0.03522097 
852 261 11 15 0.035165574 
790 170 11 15 0.035132747 
584 157 10 13 0.035112053 
839 62 9 11 0.03510942 
607 148 10 13 0.03510712 
529 140 9 12 0.035092715 
527 191 10 12 0.035047673 
161 101 9 13 0.035042796 
615 31 8 10 0.03504089 
210 24 7 10 0.035011504 
364 227 11 15 0.034962058 
883 583 20 27 0.03495892 
986 164 11 14 0.034913547 
469 254 11 13 0.03490107 
334 39 8 9 0.034897987 
705 205 11 14 0.034895893 
44 134 11 13 0.034894325 
802 576 13 18 0.034893814 
831 40 9 11 0.03488576 
193 69 8 12 0.034859136 
827 372 13 16 0.034846585 
440 24 7 9 0.034813914 
590 101 10 12 0.034807745 
513 62 7 9 0.0347925 
462 13 7 10 0.034786765 
806 61 9 12 0.034769047 
248 140 11 13 0.03473536 
385 198 10 14 0.034734257 
254 257 19 23 0.03469679 
334 332 14 18 0.03466897 
974 126 11 13 0.03465497 
239 475 19 25 0.03464677 
102 172 10 14 0.03464555 
201 121 8 10 0.0346415 
263 150 18 22 0.034634065 
706 403 15 18 0.034630753 
263 37 8 10 0.034610294 
671 172 10 12 0.034608066 
185 101 9 12 0.03460289 
170 16 8 11 0.034591846 
742 212 11 14 0.034586433 
359 24 8 10 0.034586202 
215 7 8 11 0.03456478 
248 252 10 14 0.034559935 
918 172 11 13 0.034545384 
882 444 13 18 0.034537505 
981 374 11 13 0.034532115 
949 283 12 15 0.034520537 
208 142 8 10 0.034484845 
101 355 12 15 0.034467492 
131 197 10 12 0.03444922 
607 166 9 11 0.034436468 
163 272 11 13 0.03443614 
239 163 10 12 0.034415267 
174 111 8 11 0.034412544 
372 348 10 14 0.034398813 
13 483 13 17 0.03439329 
781 305 13 16 0.034381047 
664 475 20 26 0.034375265 
296 277 11 16 0.034365732 
708 180 12 16 0.0343163 
536 88 7 9 0.03428315 
87 187 13 15 0.03426195 
525 419 11 14 0.034254543 
323 141 9 12 0.03424047 
433 24 7 8 0.0342151 
190 237 10 13 0.03418715 
437 188 10 13 0.03412241 
165 148 9 12 0.03410114 
418 101 8 10 0.03408007 
489 131 10 13 0.034071818 
592 62 8 9 0.034058772 
172 340 14 18 0.034058075 
484 322 10 14 0.03405209 
911 204 12 15 0.034022614 
512 72 7 9 0.03401155 
133 29 7 10 0.033983395 
994 168 14 18 0.033982646 
602 228 12 15 0.033960633 
521 513 15 20 0.033946484 
916 180 11 15 0.03394492 
542 206 22 27 0.033931464 
488 65 8 9 0.033903845 
-3 622 14 24 0.03388307 
765 115 18 22 0.033856496 
495 309 13 15 0.03383518 
390 510 19 24 0.03379746 
589 459 13 16 0.033761922 
456 44 8 11 0.033754293 
909 149 10 14 0.033743363 
451 259 15 18 0.03372802 
630 251 13 16 0.033719175 
649 110 11 13 0.033708204 
456 39 8 10 0.03370689 
487 172 10 15 0.033694576 
281 204 10 14 0.033668023 
7 201 19 25 0.033664312 
718 280 13 16 0.033663563 
616 13 9 11 0.033656128 
168 243 11 13 0.033654127 
911 70 8 11 0.033632174 
184 150 8 10 0.033621144 
329 405 11 15 0.03361623 
560 164 9 11 0.033595867 
742 388 15 19 0.03359025 
592 527 27 30 0.033567857 
621 124 10 14 0.03354845 
691 457 14 17 0.033542752 
367 111 8 11 0.033531427 
944 63 10 12 0.033520788 
430 406 13 15 0.033483513 
575 147 11 13 0.033456948 
800 70 9 11 0.033446964 
446 437 12 15 0.033437543 
741 28 8 11 0.033426918 
167 314 12 16 0.033391096 
235 501 17 21 0.03338447 
78 268 10 13 0.03338019 
87 531 13 18 0.03335991 
760 211 12 17 0.033339035 
11 262 14 16 0.03333158 
779 337 15 20 0.03333026 
252 305 11 15 0.033324618 
817 205 10 15 0.03331551 
573 395 13 17 0.03327283 
532 296 11 13 0.03326876 
775 286 18 23 0.033236995 
326 212 12 15 0.033171386 
782 172 11 14 0.033145964 
806 149 11 13 0.033122454 
358 260 14 17 0.03312062 
790 181 12 16 0.033116117 
21 285 11 14 0.033098806 
803 296 15 19 0.033086523 
365 266 13 18 0.03307811 
572 354 13 17 0.033073775 
567 47 10 12 0.033048473 
192 244 10 12 0.03303883 
169 230 9 11 0.033029567 
367 142 9 11 0.033017725 
602 7 8 11 0.033016928 
855 309 13 17 0.032982215 
282 30 9 11 0.0329476 
604 441 22 25 0.032945 
744 6 10 11 0.032912455 
368 324 10 14 0.032901607 
748 647 11 18 0.032898955 
561 40 8 10 0.03288489 
542 492 12 15 0.032883063 
861 50 11 14 0.03287179 
256 89 8 9 0.032866273 
345 114 9 11 0.032865454 
480 143 17 22 0.03285043 
694 137 12 14 0.03283869 
553 71 8 10 0.032834154 
996 204 12 13 0.032825436 
369 64 8 10 0.032819923 
304 111 8 10 0.03280651 
232 278 10 14 0.03277689 
450 155 11 13 0.032767456 
305 89 8 9 0.032765426 
226 252 18 24 0.03272687 
968 224 12 15 0.032717537 
963 380 14 19 0.03270246 
85 132 10 12 0.03269957 
887 298 11 15 0.032698434 
557 103 9 11 0.032697603 
1013 299 11 14 0.032680023 
623 90 10 14 0.032671694 
206 213 10 12 0.032661203 
569 132 10 12 0.032626085 
688 45 10 14 0.032625586 
274 111 8 9 0.032597683 
265 69 8 11 0.032569077 
14 118 9 14 0.03256667 
626 1 8 10 0.03255439 
551 147 9 12 0.03255104 
33 522 13 18 0.032547902 
582 72 8 10 0.032546747 
543 136 9 10 0.03253678 
301 148 10 13 0.03253605 
235 245 12 14 0.032532327 
591 84 9 11 0.032526184 
494 334 11 13 0.032506563 
176 175 9 10 0.032487996 
247 29 9 11 0.032459393 
824 53 9 12 0.03244085 
966 374 11 13 0.032378882 
689 86 8 11 0.03236011 
418 228 12 15 0.032354124 
920 62 10 12 0.0323451 
703 194 11 14 0.03233538 
400 1 8 9 0.03233043 
991 96 9 11 0.03231631 
978 0 9 10 0.03230356 
790 70 8 10 0.03230333 
821 102 10 12 0.032302618 
832 259 12 14 0.032301005 
418 451 18 22 0.03226692 
537 309 19 23 0.03225753 
899 594 14 21 0.032238226 
3 517 14 17 0.03223581 
1008 215 12 16 0.03222756 
57 25 7 9 0.03220795 
47 100 11 16 0.032200016 
908 362 19 22 0.03218902 
862 290 12 16 0.032177955 
558 356 11 15 0.032175936 
872 69 9 12 0.032169033 
760 29 11 13 0.032166585 
693 221 13 15 0.032156736 
446 294 10 13 0.032148685 
966 38 9 11 0.032147706 
215 151 8 10 0.03214586 
151 586 12 17 0.03213501 
190 300 12 14 0.032118805 
607 134 10 11 0.032112 
120 253 9 12 0.032108642 
1014 129 9 14 0.032101184 
805 124 12 15 0.03208475 
638 441 15 21 0.032074053 
894 95 10 13 0.032073796 
811 420 16 19 0.03205836 
27 449 14 17 0.032048102 
175 284 10 14 0.032023314 
669 28 10 11 0.03201579 
13 160 12 16 0.031989243 
956 467 16 21 0.03197811 
539 549 14 16 0.03195266 
841 204 10 13 0.031896647 
358 235 12 15 0.03189127 
405 269 12 15 0.031888574 
571 54 10 11 0.031884648 
855 284 13 16 0.03186687 
998 354 13 17 0.031860393 
251 473 21 27 0.031859033 
752 455 25 32 0.031857237 
208 165 9 11 0.031846736 
492 474 13 16 0.03183839 
430 64 8 10 0.03182378 
584 259 12 16 0.031805925 
933 117 10 12 0.031789746 
426 336 11 15 0.03176442 
23 180 12 16 0.031746738 
229 331 12 16 0.031731617 
942 346 13 16 0.031730708 
46 94 8 12 0.03169963 
65 131 10 13 0.031697836 
867 185 11 15 0.031665467 
255 276 20 25 0.031636573 
162 30 8 10 0.031626645 
70 62 8 11 0.031616274 
813 181 12 15 0.03158296 
1000 222 13 16 0.03157733 
710 249 13 18 0.03157336 
934 588 16 17 0.03155267 
144 284 12 14 0.03152524 
903 194 11 13 0.031524636 
711 79 10 11 0.03149448 
160 254 11 14 0.031466655 
895 21 9 12 0.031456858 
191 86 8 11 0.03145558 
1013 385 10 15 0.031436797 
181 356 14 18 0.031429272 
57 40 7 9 0.031424202 
466 25 7 9 0.03141609 
233 158 10 12 0.031414468 
227 322 13 17 0.031401593 
614 132 9 12 0.031398542 
480 39 7 8 0.031362828 
598 142 10 12 0.031360418 
64 46 7 9 0.031344302 
758 206 12 15 0.031334884 
423 96 9 10 0.031327475 
896 74 17 21 0.031318687 
104 24 7 10 0.031314854 
788 556 22 29 0.031309333 
409 54 8 10 0.031308707 
830 61 9 11 0.03129951 
840 31 8 10 0.03127417 
816 508 24 31 0.031267826 
542 470 12 15 0.031241573 
-1 579 10 16 0.031211581 
958 62 9 11 0.031210471 
464 363 19 24 0.031199826 
641 0 9 9 0.031193983 
396 181 10 13 0.031190164 
469 344 11 14 0.03118544 
198 334 11 14 0.031182328 
400 119 9 12 0.031165393 
887 30 9 11 0.031147478 
447 211 12 14 0.031132814 
512 507 12 16 0.03112529 
182 307 12 16 0.03112112 
582 148 12 14 0.03111094 
161 236 10 13 0.0310945 
824 61 9 11 0.031082949 
653 292 14 16 0.031077992 
1 291 12 16 0.03106175 
521 16 7 9 0.031049507 
215 381 12 15 0.031046756 
495 0 8 9 0.031015756 
126 94 10 13 0.03098496 
754 495 13 17 0.03097278 
667 382 19 25 0.030939247 
821 276 14 17 0.030933712 
349 65 8 11 0.030923225 
183 94 9 10 0.030899111 
296 86 8 10 0.030892788 
182 255 12 14 0.030887498 
240 0 10 10 0.03086782 
1000 286 10 14 0.030806841 
780 346 15 19 0.030766822 
431 96 8 10 0.030758273 
670 180 10 14 0.030751484 
521 64 8 9 0.030746715 
788 308 13 16 0.030744389 
719 218 12 15 0.030723328 
724 212 12 15 0.030712074 
976 633 23 31 0.030709717 
673 437 19 24 0.03070617 
789 108 20 25 0.030696325 
353 95 8 10 0.030695887 
511 516 13 18 0.030691193 
934 532 20 26 0.030676994 
558 150 11 12 0.030671874 
231 53 8 10 0.030669391 
812 45 10 13 0.030667253 
255 315 20 26 0.030666089 
232 226 11 13 0.030653816 
236 195 12 14 0.030647585 
240 329 13 17 0.03063112 
145 323 13 17 0.030624062 
898 386 13 17 0.030619433 
199 211 10 13 0.030618072 
845 551 13 19 0.030605871 
805 0 9 9 0.030605325 
495 350 13 15 0.030599812 
793 44 9 13 0.030576015 
982 198 12 14 0.030561164 
169 109 8 12 0.03054214 
575 183 9 11 0.030529927 
406 300 12 16 0.030488886 
565 354 14 17 0.030485589 
910 135 11 13 0.030473351 
451 251 14 16 0.030451933 
873 14 8 12 0.030447705 
726 165 11 13 0.030447552 
122 86 9 12 0.03044393 
736 116 11 14 0.03043323 
558 134 8 10 0.030423747 
231 109 9 10 0.03040692 
456 92 9 11 0.03038693 
190 23 7 10 0.0303708 
659 290 15 16 0.030365152 
910 213 12 16 0.030362582 
721 458 16 21 0.030339727 
527 297 11 14 0.030330338 
49 85 8 11 0.030300817 
181 29 9 11 0.030299772 
790 292 12 16 0.03026236 
418 79 8 9 0.030259958 
155 498 13 17 0.030248895 
160 137 10 12 0.030246327 
624 361 15 19 0.030216822 
407 417 12 16 0.030213412 
504 65 6 8 0.030199725 
49 38 8 10 0.030196534 
754 114 17 21 0.030185888 
182 401 13 16 0.030179368 
617 21 7 10 0.030150352 
534 507 12 16 0.030145146 
314 172 9 12 0.030135795 
134 237 10 13 0.030118711 
502 418 12 14 0.03011493 
304 196 10 12 0.030100359 
474 190 9 14 0.030100169 
248 269 12 15 0.030088421 
375 475 12 17 0.030083753 
674 414 14 18 0.030011628 
176 64 9 11 0.030003833 
488 96 7 9 0.029991042 
816 439 16 21 0.02999059 
598 44 11 14 0.029956924 
330 13 7 9 0.029950825 
437 220 11 14 0.029929437 
528 55 8 9 0.029923573 
823 38 10 11 0.029917851 
735 68 17 22 0.029902421 
459 460 13 17 0.02988349 
474 288 13 16 0.029875515 
664 174 10 12 0.029872261 
459 330 12 15 0.029859336 
224 97 8 10 0.029854551 
391 182 11 15 0.029851506 
152 392 19 23 0.029827295 
299 46 8 10 0.029796282 
398 102 8 11 0.029791199 
218 213 10 12 0.02977878 
216 13 9 10 0.02976693 
607 122 10 13 0.02976021 
224 229 10 12 0.029748853 
695 25 9 11 0.029747145 
586 110 10 13 0.029740885 
223 179 10 13 0.02973782 
655 71 10 13 0.02973206 
308 379 14 18 0.029730076 
654 181 10 13 0.029712731 
618 107 18 23 0.029711446 
44 612 14 17 0.029708767 
559 45 9 12 0.029685078 
895 61 8 11 0.029665764 
607 157 10 13 0.02965161 
844 291 12 17 0.02964358 
888 71 9 11 0.029640663 
646 164 11 13 0.029638363 
183 160 10 13 0.029638005 
127 205 10 13 0.02963792 
64 123 10 15 0.029616699 
958 203 11 16 0.029616041 
579 14 8 10 0.02960808 
640 77 11 13 0.029604163 
237 297 13 17 0.02959728 
134 377 21 24 0.029583102 
429 440 19 22 0.029566709 
793 53 8 12 0.029565668 
496 109 9 10 0.029562097 
375 86 9 10 0.029560164 
520 219 11 15 0.029555937 
817 232 13 16 0.029552734 
374 330 11 15 0.029544737 
744 140 10 13 0.02946881 
237 386 13 17 0.02943608 
511 419 12 15 0.029425757 
110 53 8 10 0.029418254 
787 380 15 17 0.029397225 
470 156 10 13 0.029372325 
629 276 12 16 0.029358633 
852 349 13 15 0.029355431 
567 252 11 15 0.029354779 
924 362 12 15 0.029344918 
318 186 12 14 0.02933884 
736 124 9 12 0.029329222 
166 177 9 11 0.029324628 
911 489 16 19 0.029311964 
360 61 8 10 0.02930569 
297 221 11 15 0.0292853 
317 6 10 11 0.029272761 
176 28 9 12 0.029246548 
37 331 11 14 0.02924558 
696 -1 10 10 0.029241178 
750 7 9 11 0.029224353 
751 156 12 14 0.029201113 
359 126 8 11 0.02920076 
231 63 8 10 0.029192992 
719 69 10 12 0.029162047 
796 597 14 18 0.029149964 
904 60 9 11 0.029130979 
513 461 13 17 0.029111061 
549 64 8 9 0.029110339 
466 30 7 8 0.029103782 
381 219 12 15 0.029103171 
887 346 13 17 0.029071005 
154 191 9 11 0.029068893 
87 37 8 10 0.029067669 
219 347 13 18 0.029055934 
721 6 8 10 0.029054567 
877 22 8 10 0.029041408 
335 164 9 13 0.029029433 
573 341 12 15 0.029023636 
292 204 11 15 0.029023422 
225 140 10 12 0.029007506 
901 124 11 12 0.029003391 
933 213 11 14 0.029000072 
103 195 10 12 0.02899926 
219 387 13 16 0.02899745 
247 163 10 13 0.028984074 
998 116 10 12 0.028982617 
639 154 12 16 0.028977672 
414 253 10 14 0.028960468 
680 78 9 11 0.028947556 
421 270 14 18 0.028941004 
528 102 8 10 0.02893758 
720 1 9 9 0.028935896 
454 403 11 15 0.028914642 
143 1 8 10 0.028914489 
174 331 13 17 0.028901752 
342 235 11 14 0.0289001 
995 251 14 17 0.02889237 
413 325 12 14 0.028884096 
830 71 10 11 0.02887259 
777 28 9 12 0.02887163 
422 163 9 13 0.028858788 
967 145 18 22 0.028851444 
500 375 12 17 0.028807936 
478 238 10 12 0.0288049 
924 559 14 19 0.028802646 
30 330 12 15 0.028794413 
448 127 9 10 0.028792452 
273 104 10 11 0.028778708 
83 571 15 21 0.02874866 
230 174 11 12 0.028737914 
53 284 12 16 0.028727934 
615 93 9 12 0.028709931 
911 464 20 26 0.028697474 
488 31 7 10 0.028683674 
326 62 8 9 0.028679973 
726 134 11 12 0.028678166 
652 245 12 15 0.028677814 
4 482 14 17 0.028671065 
652 205 10 12 0.028635932 
818 306 20 27 0.0286199 
431 396 10 13 0.028607922 
910 324 12 16 0.028575135 
373 228 12 15 0.028574513 
646 132 10 13 0.028572075 
536 72 9 10 0.028565114 
479 243 10 13 0.028556919 
902 499 13 19 0.028550792 
328 76 8 10 0.028547581 
933 243 12 15 0.028530812 
784 212 20 25 0.028494101 
961 141 11 15 0.028481543 
390 372 10 14 0.028479287 
383 286 13 15 0.028478893 
121 93 10 13 0.02847793 
645 94 9 12 0.028471606 
240 51 9 11 0.02845534 
959 69 10 12 0.028454185 
150 213 10 13 0.02843289 
901 245 11 13 0.028428892 
839 212 12 15 0.028428538 
482 47 8 10 0.028427985 
526 47 9 11 0.028421024 
708 238 11 15 0.028419835 
895 46 10 12 0.028418878 
735 47 10 12 0.028413488 
268 421 13 16 0.028400486 
857 29 8 10 0.028389757 
612 564 17 21 0.028386788 
272 301 11 13 0.028335564 
128 116 11 13 0.028331645 
205 333 13 14 0.0283049 
494 555 13 18 0.028301008 
94 194 10 13 0.028297115 
517 52 10 11 0.028285109 
560 23 8 10 0.028276775 
826 297 20 23 0.028274545 
960 157 12 15 0.028266825 
536 22 7 10 0.02826124 
140 364 11 14 0.028258685 
247 172 10 12 0.028256187 
903 446 21 26 0.028233942 
169 158 9 12 0.02823349 
81 39 8 9 0.0282005 
253 0 9 11 0.028200228 
667 459 14 15 0.028199261 
903 212 12 15 0.028185843 
576 90 17 22 0.028162142 
390 389 11 14 0.028154435 
991 365 12 14 0.02814955 
106 101 11 14 0.028148226 
327 306 13 19 0.028141735 
437 228 12 15 0.028120715 
459 199 12 15 0.02811751 
309 227 12 14 0.0281145 
517 380 13 18 0.028113255 
557 238 13 16 0.028109405 
1013 203 11 15 0.028108312 
615 167 9 12 0.028077262 
64 117 11 14 0.02800567 
611 247 12 16 0.02800484 
550 176 18 22 0.028000874 
753 332 21 24 0.027999524 
718 52 11 13 0.027988542 
600 0 8 9 0.027984189 
798 52 11 14 0.027982809 
18 239 19 24 0.027973874 
866 226 12 15 0.027967911 
311 245 9 12 0.027964287 
551 2 8 9 0.027959866 
935 55 9 12 0.027944475 
694 298 12 15 0.027943144 
766 79 9 10 0.027921636 
-3 319 15 24 0.027914817 
158 165 9 11 0.027903734 
165 382 11 16 0.027902331 
840 54 8 11 0.027892588 
281 38 9 10 0.027867354 
77 139 11 13 0.02786051 
64 41 6 9 0.027841745 
952 -1 9 9 0.027839841 
878 63 10 12 0.027829448 
430 219 11 13 0.027822176 
752 40 10 12 0.027815176 
243 188 11 13 0.027793434 
836 182 12 14 0.027786767 
110 197 10 12 0.02777565 
111 158 9 12 0.027772527 
331 81 18 22 0.027767442 
664 4 10 12 0.02776181 
880 116 10 13 0.027761662 
317 464 15 18 0.027758691 
943 458 21 28 0.02775775 
46 267 12 14 0.027729206 
417 111 9 11 0.027729005 
829 428 14 18 0.027702833 
1007 131 10 13 0.02769089 
57 183 11 14 0.027690174 
667 311 20 25 0.0276894 
990 213 11 15 0.027671572 
89 420 13 18 0.02766758 
820 161 15 18 0.027656872 
486 190 11 14 0.027649665 
371 393 12 15 0.027646258 
217 237 10 13 0.02763736 
533 427 10 14 0.0276348 
494 176 10 13 0.0276322 
876 524 22 29 0.027627505 
174 301 12 16 0.027626676 
264 57 10 12 0.027605573 
863 594 14 19 0.027604366 
146 29 9 10 0.027595734 
821 259 11 15 0.027568819 
152 196 9 12 0.027559912 
238 176 10 13 0.02755939 
975 324 12 13 0.027543748 
552 79 8 9 0.027538467 
553 104 8 10 0.027524935 
919 80 9 11 0.027521364 
461 163 10 13 0.027520992 
427 348 11 15 0.02750857 
205 612 14 16 0.027502812 
831 84 9 12 0.027496498 
274 564 18 21 0.027488485 
497 22 7 10 0.027479704 
166 410 12 17 0.027442405 
761 4 10 12 0.027438354 
608 112 17 22 0.027434127 
774 5 9 11 0.027416818 
88 85 8 12 0.027388994 
617 101 9 11 0.027386604 
781 179 12 15 0.027370177 
133 229 10 12 0.027367588 
891 580 13 19 0.02736627 
388 211 11 13 0.027355544 
381 333 12 16 0.027353492 
248 6 10 12 0.027342442 
901 48 11 13 0.027290734 
815 293 10 15 0.027285423 
878 196 13 16 0.027279614 
236 259 11 13 0.027263563 
557 185 10 13 0.027248625 
143 123 9 12 0.027244821 
835 480 13 17 0.027230456 
488 40 7 9 0.027229363 
973 340 11 14 0.027226346 
618 347 19 23 0.02721048 
827 155 12 15 0.027190644 
453 420 12 15 0.027182138 
623 250 11 14 0.027177583 
449 133 9 11 0.027175589 
781 410 14 18 0.027150257 
216 101 8 11 0.027122319 
791 263 12 16 0.02712202 
160 176 8 10 0.027095063 
149 380 14 16 0.027092258 
519 213 11 15 0.0270813 
822 253 11 14 0.027075257 
377 49 7 8 0.027072756 
39 47 19 24 0.027057514 
151 280 12 15 0.027041877 
981 93 9 12 0.027038138 
61 347 12 14 0.02703561 
670 323 13 16 0.027034676 
287 210 11 13 0.027026536 
646 173 10 12 0.027025735 
69 283 12 14 0.027022285 
143 205 10 14 0.027019976 
8 97 12 18 0.027008023 
136 49 7 9 0.026981797 
856 61 9 11 0.026969127 
351 75 9 11 0.02696783 
191 109 8 11 0.026965816 
59 578 14 19 0.026954116 
753 62 8 11 0.02694869 
86 260 12 14 0.026944175 
837 573 13 16 0.026926968 
535 44 9 12 0.0269243 
926 535 16 20 0.026905704 
840 44 9 12 0.026892804 
760 219 13 17 0.026868833 
509 502 11 15 0.026858186 
95 208 12 15 0.026855508 
981 213 12 16 0.02683808 
278 495 14 18 0.026830606 
438 213 10 13 0.0268244 
455 343 11 15 0.026823025 
86 270 13 15 0.02679777 
731 490 15 18 0.026787162 
1007 266 11 15 0.026777817 
786 370 16 18 0.026771797 
278 61 9 11 0.02674467 
286 235 10 13 0.026733706 
919 45 10 11 0.02672411 
27 409 12 17 0.026706368 
867 256 14 17 0.02670485 
375 24 7 9 0.026695594 
112 242 11 14 0.026694775 
919 247 11 15 0.026665578 
421 393 12 15 0.026664149 
399 212 10 14 0.026639178 
879 162 14 16 0.026637178 
158 156 10 13 0.02661415 
575 195 12 14 0.026611703 
606 292 11 14 0.026610993 
471 245 10 12 0.026589632 
1005 448 17 22 0.026588824 
64 55 6 9 0.026578644 
989 204 13 15 0.026567494 
958 339 11 15 0.026555497 
551 354 11 15 0.026546514 
399 6 8 10 0.026538013 
784 149 12 13 0.02653652 
288 86 9 11 0.026535504 
495 247 10 11 0.026523892 
814 154 13 17 0.02651133 
399 72 7 9 0.026508434 
927 104 10 12 0.026488353 
509 427 12 15 0.02647666 
713 201 19 24 0.02646916 
887 184 12 15 0.026455125 
836 590 15 17 0.026452703 
301 40 9 10 0.026444 
896 16 9 11 0.026427438 
568 543 14 18 0.02641969 
52 289 19 23 0.026413264 
768 62 10 12 0.026404312 
224 84 9 11 0.02639155 
454 126 10 10 0.026389735 
170 37 8 11 0.026384098 
1009 640 15 23 0.026380096 
918 340 19 26 0.02637433 
72 71 8 9 0.026372883 
723 145 15 19 0.026370948 
185 361 16 20 0.026333448 
641 14 9 11 0.02633275 
698 7 10 12 0.026324889 
201 109 8 10 0.026315296 
774 1 8 10 0.026304357 
916 196 11 15 0.02629775 
542 174 10 12 0.026292337 
879 170 11 15 0.026255801 
812 162 15 18 0.026239837 
375 110 10 12 0.026204271 
321 544 19 22 0.026201058 
78 84 9 12 0.02618057 
400 32 7 8 0.026170667 
295 30 9 11 0.026163435 
413 405 11 15 0.02615506 
457 61 7 10 0.02615091 
728 102 9 12 0.026138317 
218 37 8 11 0.026132148 
858 364 12 15 0.026101755 
886 116 11 13 0.026088659 
700 339 12 15 0.026050836 
824 183 13 16 0.02604492 
453 284 12 14 0.026037488 
398 322 12 16 0.026036473 
909 94 11 13 0.026014848 
544 25 9 10 0.026007414 
127 305 15 17 0.02599874 
254 126 8 10 0.025990617 
613 2 10 11 0.025982443 
612 367 15 19 0.02597696 
849 337 15 18 0.025975272 
300 324 11 15 0.025970213 
156 486 15 20 0.02597016 
907 339 14 17 0.025967667 
389 171 12 15 0.025961889 
271 177 11 12 0.025943687 
617 205 10 13 0.025939398 
744 124 9 12 0.025937293 
20 253 19 24 0.025935156 
480 7 7 10 0.025922427 
428 388 11 15 0.025917318 
821 172 12 14 0.025913369 
430 364 12 14 0.025911896 
980 149 11 16 0.025900487 
408 449 15 18 0.025892572 
382 246 13 17 0.025890384 
567 235 11 15 0.025890127 
834 398 15 18 0.02588568 
337 73 8 10 0.025881842 
77 261 10 14 0.02587469 
578 173 9 11 0.025873672 
561 64 7 8 0.025866915 
511 78 8 9 0.025859574 
174 253 9 12 0.025854904 
846 394 13 17 0.025848258 
717 153 12 15 0.025841879 
840 196 11 14 0.025830531 
759 145 10 12 0.025817282 
575 -1 9 9 0.025805546 
806 132 12 15 0.025798192 
199 229 10 13 0.025797717 
255 31 8 10 0.025793515 
534 451 9 13 0.025790194 
797 103 10 11 0.025784085 
590 12 9 11 0.025783738 
941 358 12 15 0.025777211 
441 461 242 249 0.025774186 
248 199 9 12 0.025773535 
885 375 14 18 0.02573263 
654 174 10 12 0.025729103 
815 38 9 11 0.025725828 
806 103 20 24 0.025712615 
271 134 10 12 0.025704803 
783 123 9 13 0.025695974 
843 310 12 16 0.025694886 
109 212 10 15 0.025693491 
933 205 11 15 0.02569215 
576 475 19 24 0.025690816 
823 23 9 13 0.025662728 
407 1 8 9 0.02566112 
910 156 9 13 0.025660858 
605 284 12 14 0.02565859 
131 427 13 17 0.025644451 
39 377 13 18 0.025628487 
759 293 13 17 0.025569906 
861 130 12 15 0.025565213 
993 78 9 12 0.025528794 
278 357 12 15 0.025519721 
639 46 8 11 0.02548729 
998 635 22 31 0.0254778 
874 570 15 19 0.025466071 
415 141 10 11 0.025461799 
58 529 13 17 0.025451636 
630 331 19 24 0.025443869 
707 144 19 23 0.025433475 
903 304 19 23 0.025406638 
60 570 13 18 0.025394091 
153 165 9 12 0.025389174 
731 241 13 16 0.025379837 
944 44 9 12 0.025349565 
236 230 19 22 0.02534118 
811 264 13 16 0.02533888 
859 313 16 19 0.025320163 
33 284 13 15 0.025310783 
109 220 11 14 0.025283175 
396 468 22 28 0.025275808 
420 127 18 22 0.025273558 
262 184 10 11 0.025263581 
900 537 14 21 0.025263496 
398 15 7 9 0.025257448 
156 284 21 25 0.025252433 
847 121 11 14 0.025236648 
928 212 10 14 0.025232077 
337 61 8 10 0.025228923 
629 258 14 16 0.02522313 
560 363 11 15 0.025216158 
448 333 10 14 0.02521046 
912 1 9 10 0.025197105 
86 387 13 16 0.025188476 
321 24 8 10 0.025186155 
760 90 16 21 0.025185924 
838 356 13 16 0.025185278 
479 23 7 9 0.025167434 
995 398 14 18 0.025165431 
747 541 14 18 0.025161667 
855 51 12 15 0.025158536 
494 46 9 11 0.025156451 
271 450 12 15 0.025151398 
567 147 11 13 0.025130915 
952 318 20 23 0.025130806 
518 164 10 14 0.025127172 
775 280 12 16 0.025102701 
438 123 10 11 0.025098931 
288 94 9 10 0.025077617 
447 189 9 13 0.025051126 
325 199 11 13 0.025033927 
926 61 10 13 0.025027743 
853 461 22 28 0.025016414 
366 437 14 17 0.025000427 
430 235 13 16 0.024992311 
830 244 11 13 0.02498745 
321 134 9 12 0.024973104 
218 255 18 23 0.0249729 
702 304 15 17 0.02494699 
543 111 8 10 0.024946598 
309 133 9 11 0.024941633 
188 310 20 24 0.024939418 
205 229 11 13 0.024918908 
357 180 10 13 0.024901398 
660 411 12 16 0.024885613 
640 407 18 24 0.024876198 
995 196 12 16 0.024871927 
981 79 9 11 0.024865383 
103 116 11 15 0.024860749 
672 135 18 23 0.024857707 
918 270 11 14 0.02484888 
767 250 10 13 0.024836333 
885 357 11 16 0.024824105 
332 435 14 18 0.0248222 
315 426 13 18 0.024798747 
830 451 23 29 0.024790261 
896 83 10 11 0.024788812 
189 292 13 16 0.024788156 
533 196 12 14 0.024784926 
192 276 11 15 0.02477491 
239 69 9 11 0.024770834 
670 61 10 12 0.024768317 
694 196 11 15 0.024761816 
996 244 13 16 0.024756528 
791 143 11 14 0.024732914 
344 127 8 10 0.024731368 
497 31 7 9 0.024730807 
190 93 8 11 0.02470361 
415 52 9 12 0.024699887 
133 205 10 13 0.024696162 
338 315 12 15 0.024686916 
703 168 18 21 0.024684954 
127 107 11 13 0.02467971 
701 392 16 20 0.02466915 
559 481 16 21 0.024664344 
11 148 20 25 0.024662161 
123 290 20 23 0.024661478 
788 22 10 13 0.02464593 
73 48 7 9 0.024643928 
821 398 17 21 0.024643002 
909 475 19 25 0.024634166 
647 469 20 25 0.024632001 
755 151 18 22 0.02463185 
884 239 12 16 0.024601063 
127 165 9 12 0.024580412 
135 396 13 17 0.024542293 
999 14 9 12 0.024542028 
970 413 15 18 0.024538124 
993 108 10 12 0.024533322 
133 375 12 15 0.024532156 
393 15 8 10 0.02452232 
308 372 13 16 0.024499068 
221 339 13 17 0.024495283 
1016 93 7 10 0.02449068 
783 140 11 13 0.024476431 
669 5 12 13 0.024471365 
600 53 10 12 0.024458192 
62 285 12 14 0.024457162 
294 195 11 14 0.024444817 
797 170 13 16 0.024436345 
519 126 9 10 0.02443382 
223 121 8 10 0.024427176 
88 195 11 14 0.024418393 
505 119 8 10 0.024410699 
734 223 10 13 0.02439247 
413 260 12 15 0.024386829 
-1 491 19 27 0.024366613 
245 223 18 24 0.024354026 
536 40 8 10 0.02433533 
974 163 11 14 0.024331745 
102 156 10 13 0.02433161 
871 53 9 12 0.024327135 
371 641 13 18 0.024326144 
566 175 9 11 0.024324842 
191 46 8 11 0.024312831 
361 512 220 224 0.024311045 
599 252 10 13 0.024279874 
366 134 10 12 0.024277305 
239 308 13 16 0.024274757 
11 535 19 24 0.024270376 
867 175 12 17 0.024265675 
116 270 11 14 0.02425241 
524 493 12 15 0.02424976 
493 15 7 10 0.024243262 
671 165 10 13 0.024241345 
847 211 10 15 0.024210403 
259 78 8 11 0.02420961 
160 178 17 23 0.024207074 
679 93 8 11 0.024182698 
530 570 15 18 0.024178015 
368 53 8 10 0.024168521 
1005 15 9 10 0.024155797 
753 323 12 17 0.0241544 
695 212 10 13 0.024154205 
805 171 12 14 0.024142697 
103 323 12 17 0.02413884 
929 14 10 12 0.02413663 
40 155 20 26 0.02411092 
918 67 10 12 0.024068512 
486 277 11 15 0.024062354 
848 152 12 15 0.024058165 
653 369 21 27 0.024048159 
1015 69 8 13 0.024043826 
270 82 8 10 0.024040693 
399 236 11 15 0.02403856 
23 489 10 14 0.024038373 
862 321 15 18 0.02403744 
536 62 8 10 0.02402591 
815 53 9 12 0.024014048 
847 71 9 11 0.024000412 
903 16 8 10 0.023998154 
502 499 13 18 0.023978157 
449 227 20 23 0.023966841 
776 300 12 15 0.023958921 
254 234 10 13 0.023947407 
277 277 10 15 0.023929114 
1012 330 12 16 0.023923164 
497 40 8 9 0.023920894 
176 69 8 11 0.023919214 
439 243 14 17 0.023903387 
146 407 23 28 0.02389941 
420 313 12 16 0.023897575 
448 45 8 10 0.023895647 
638 68 9 11 0.023888974 
839 78 11 13 0.023885615 
1013 241 11 16 0.023869028 
813 196 13 16 0.02386421 
334 322 13 16 0.023833308 
104 16 7 9 0.023828832 
242 40 9 12 0.02382164 
783 134 10 12 0.023820572 
744 257 12 16 0.023818536 
567 25 8 9 0.023818348 
255 157 10 11 0.023806589 
200 150 8 11 0.023789115 
1012 405 13 19 0.023764957 
480 134 9 10 0.023755457 
214 183 10 12 0.02375502 
45 243 11 13 0.023752803 
344 103 10 12 0.023745013 
793 485 21 26 0.023742221 
362 479 15 19 0.023733389 
351 235 12 16 0.023701362 
272 382 14 18 0.0236907 
399 146 11 13 0.023664128 
96 47 8 10 0.023660108 
552 165 9 11 0.023656787 
658 465 20 26 0.023628458 
680 114 17 22 0.023624336 
930 488 14 20 0.023592735 
112 283 11 14 0.02358929 
973 173 13 16 0.02358756 
314 277 12 15 0.023571447 
315 284 12 15 0.023560714 
462 147 11 14 0.023557842 
624 157 9 13 0.023539541 
941 292 12 16 0.023538375 
894 219 11 14 0.0235374 
517 38 9 11 0.023533102 
164 603 14 16 0.023526073 
322 443 21 27 0.023486344 
869 292 12 16 0.023480231 
869 438 15 18 0.023478033 
317 358 12 15 0.023459304 
971 35 21 24 0.023433506 
702 228 12 15 0.023429519 
362 29 9 10 0.02342608 
942 366 19 23 0.023421144 
895 40 8 9 0.023419201 
41 146 10 13 0.023417087 
712 131 10 13 0.02341326 
890 226 19 24 0.02340944 
86 112 11 14 0.023407279 
437 482 19 26 0.02340554 
5 244 11 14 0.02337233 
416 86 7 10 0.02336614 
260 337 14 18 0.02336281 
614 157 10 12 0.023346964 
54 276 11 13 0.02334225 
801 152 21 23 0.023333691 
487 300 11 14 0.02333252 
144 11 9 12 0.023315616 
366 286 13 16 0.023315506 
822 241 13 15 0.023311924 
733 192 12 14 0.02330381 
419 16 7 10 0.023302296 
425 413 13 16 0.023293572 
437 197 9 12 0.023267942 
991 237 23 29 0.023260195 
286 7 9 11 0.023251178 
494 441 13 16 0.023247989 
341 244 11 15 0.023242485 
678 60 9 12 0.023241526 
552 158 10 12 0.02323782 
57 45 8 10 0.023237715 
322 29 8 11 0.023221571 
960 348 11 14 0.02321518 
637 251 12 15 0.0232071 
1010 435 13 17 0.023204923 
257 370 13 18 0.023199566 
543 56 9 11 0.023195507 
455 466 14 17 0.023188896 
438 396 9 12 0.023175348 
279 175 10 12 0.023171643 
110 189 9 12 0.023168407 
71 152 12 14 0.023166582 
214 46 9 11 0.023165531 
109 301 13 16 0.023143005 
407 405 12 16 0.02314234 
106 54 7 9 0.023130491 
683 190 13 16 0.023128044 
768 69 10 12 0.02312558 
183 418 13 16 0.023120001 
300 358 14 19 0.023113064 
749 291 12 16 0.023110488 
787 299 12 14 0.023106564 
86 147 11 14 0.02310196 
53 85 9 11 0.02308515 
82 156 12 14 0.023054253 
751 28 9 11 0.02305303 
156 317 15 18 0.023036325 
576 200 20 25 0.023026649 
862 426 12 18 0.02301887 
930 388 13 16 0.022999229 
294 15 9 13 0.02298936 
525 31 8 10 0.022988623 
692 440 20 24 0.022974972 
186 380 12 14 0.022969706 
1000 33 11 13 0.022969546 
824 45 10 13 0.022960227 
520 172 10 13 0.02294281 
720 236 12 16 0.022929 
696 155 11 14 0.022923341 
334 366 13 16 0.022922955 
66 209 11 15 0.02291824 
724 587 14 19 0.02291458 
328 48 7 9 0.022907441 
104 109 12 14 0.022893066 
918 150 10 14 0.022888986 
132 191 10 13 0.022888849 
312 1 8 9 0.02287608 
577 22 8 11 0.022873491 
574 269 11 13 0.022866378 
863 106 19 22 0.022863425 
221 122 19 22 0.022863034 
420 291 15 17 0.022855768 
644 230 12 14 0.022852883 
220 641 39 44 0.022848444 
725 171 11 14 0.022840355 
871 28 9 11 0.02283571 
949 101 10 11 0.022834618 
684 497 13 17 0.02283449 
528 195 11 13 0.022826511 
901 133 13 15 0.02282102 
592 -1 8 8 0.022800606 
315 250 17 22 0.022800287 
367 421 11 15 0.02279019 
81 54 7 9 0.022788402 
288 148 9 11 0.022787904 
-2 359 11 19 0.02278765 
150 244 9 13 0.02278595 
949 150 11 14 0.022762198 
168 128 8 10 0.02276049 
214 89 8 10 0.022755614 
724 389 12 17 0.022747533 
783 117 11 14 0.022742026 
973 475 13 17 0.022736931 
944 244 11 14 0.02272656 
72 93 9 13 0.02271386 
511 182 10 12 0.02270881 
774 487 22 26 0.02270869 
463 253 11 14 0.022706565 
316 385 16 20 0.022706458 
454 103 9 12 0.022704167 
301 332 10 14 0.022694997 
181 77 10 12 0.022685517 
339 252 12 15 0.022684537 
10 456 14 19 0.022682255 
888 85 9 11 0.022681572 
281 575 16 23 0.022667198 
454 427 11 14 0.022663543 
971 467 12 16 0.02266331 
607 38 9 10 0.022637118 
630 0 9 10 0.022624185 
568 186 11 14 0.0226228 
926 247 10 14 0.022619229 
453 133 19 21 0.02261503 
679 30 11 13 0.022602364 
950 261 11 15 0.022598878 
872 363 12 17 0.022588348 
1013 60 9 14 0.022585431 
535 54 9 11 0.022564547 
699 467 13 18 0.022559026 
-2 599 11 18 0.022555117 
558 198 11 16 0.022554465 
805 51 12 13 0.022552267 
354 395 21 26 0.022551645 
791 78 8 11 0.022551434 
497 222 12 15 0.022549596 
353 56 8 10 0.02251919 
942 468 13 18 0.02251072 
350 130 19 24 0.022504564 
781 478 15 18 0.02248278 
271 30 8 11 0.022472352 
404 353 12 16 0.022459053 
941 314 14 16 0.022448048 
407 497 23 28 0.022431735 
2 332 12 15 0.022423308 
94 248 12 15 0.022420935 
888 147 12 15 0.022416297 
775 109 9 11 0.022415126 
155 296 13 17 0.022413785 
462 9 8 9 0.02241148 
757 282 13 16 0.022402465 
736 37 10 12 0.022399822 
864 471 15 19 0.022391923 
360 211 19 23 0.022391347 
315 475 15 19 0.022389973 
881 387 12 16 0.022366995 
782 6 10 10 0.022359598 
354 23 7 9 0.02234888 
972 348 12 15 0.02234887 
151 205 10 13 0.022334294 
630 155 12 14 0.022321684 
960 261 11 15 0.022315567 
916 651 14 17 0.022314183 
982 19 10 12 0.022304343 
391 136 19 22 0.022299802 
904 39 8 9 0.022291895 
677 445 20 24 0.022287931 
172 182 11 13 0.02227369 
5 427 11 16 0.022267772 
164 471 21 28 0.022261783 
663 16 11 14 0.022258727 
100 547 16 21 0.022258619 
638 283 12 15 0.022247856 
664 165 9 12 0.022230232 
28 457 12 16 0.022228025 
628 173 11 12 0.02220242 
4 311 12 15 0.022196773 
313 181 10 12 0.022191498 
711 259 13 16 0.022183841 
775 177 12 16 0.022176575 
430 545 12 16 0.02216144 
911 229 105 132 0.022156853 
109 69 9 12 0.02215453 
302 30 8 11 0.022151658 
183 62 10 12 0.022148332 
638 260 13 16 0.022142867 
505 56 7 9 0.022134766 
984 475 23 29 0.022131082 
264 173 8 11 0.022121364 
295 268 10 14 0.022116149 
75 252 11 15 0.02209406 
932 509 15 18 0.022084681 
110 253 10 12 0.02208289 
65 486 15 20 0.022080583 
857 23 9 11 0.022069873 
508 364 11 16 0.022066772 
479 156 9 11 0.022055835 
975 385 13 19 0.022045452 
864 267 11 14 0.022040995 
548 226 12 15 0.022035202 
900 442 15 19 0.02203061 
693 464 22 30 0.022025391 
207 321 12 15 0.022024084 
629 572 12 16 0.022010004 
279 157 9 12 0.022010002 
274 395 21 25 0.02200762 
583 -1 9 9 0.022000693 
208 54 9 11 0.021984534 
144 47 8 9 0.02198176 
293 247 9 13 0.021981034 
400 48 8 10 0.02197162 
295 213 10 13 0.021970613 
612 141 11 12 0.021955667 
975 198 11 14 0.021949107 
580 468 14 17 0.021937685 
103 396 11 15 0.021935789 
640 173 11 12 0.021931296 
727 116 9 13 0.021922404 
918 326 13 15 0.021919664 
878 180 11 14 0.021905676 
990 124 9 12 0.021898378 
262 288 13 17 0.02189357 
151 45 8 10 0.021888724 
827 202 14 16 0.021883963 
845 299 12 16 0.021883573 
295 331 10 14 0.0218729 
528 149 9 12 0.021869501 
79 49 7 8 0.021865748 
892 444 14 19 0.021864098 
809 514 21 26 0.021859601 
927 79 9 11 0.02185337 
284 306 12 15 0.021844385 
935 27 9 12 0.021842154 
417 517 15 20 0.021837438 
62 555 13 16 0.021835944 
70 239 19 23 0.021834202 
114 578 24 27 0.02183289 
805 117 10 15 0.021830002 
465 56 8 10 0.021829497 
415 211 11 13 0.021815151 
767 187 10 13 0.021810258 
551 44 10 13 0.02180802 
624 131 10 12 0.021802332 
315 266 13 16 0.021792095 
129 451 12 17 0.021789277 
551 300 11 14 0.021773374 
496 323 11 14 0.021772947 
103 181 9 12 0.021772373 
829 162 13 17 0.021765806 
152 157 10 13 0.02175641 
518 189 10 13 0.021748867 
341 65 18 23 0.021744948 
829 268 12 15 0.021729631 
357 190 10 13 0.021724178 
368 190 11 13 0.021712855 
839 272 14 17 0.02169923 
927 206 11 14 0.02169169 
871 6 10 12 0.021688735 
988 309 20 25 0.021683116 
271 162 10 13 0.021682331 
144 199 9 11 0.021677379 
537 1 7 8 0.021669334 
807 16 9 11 0.021661349 
353 354 14 16 0.021658245 
276 423 14 18 0.02164877 
908 54 10 14 0.021641063 
11 61 10 13 0.021629397 
460 243 11 14 0.021625774 
382 471 22 28 0.021582816 
375 340 11 16 0.021581022 
737 104 18 22 0.021575924 
964 251 13 16 0.021564944 
911 395 14 17 0.021561882 
460 451 12 17 0.02154515 
130 411 20 26 0.0215294 
372 355 11 14 0.021523973 
343 104 19 24 0.021523938 
790 252 10 13 0.021522818 
737 61 9 11 0.021521358 
742 595 14 19 0.021517023 
670 157 10 12 0.021506554 
782 226 11 15 0.021506332 
528 156 11 14 0.02150119 
973 251 14 18 0.021496885 
134 447 13 17 0.021487596 
0 59 18 27 0.021477845 
919 411 14 18 0.021469053 
409 378 12 15 0.021455184 
588 177 20 23 0.021451218 
843 642 13 16 0.0214319 
408 62 7 11 0.021410659 
109 29 8 10 0.021409545 
518 406 11 14 0.021399014 
471 143 9 12 0.021389827 
361 147 18 22 0.02137587 
183 428 15 20 0.021371234 
182 69 11 13 0.02136098 
747 394 15 19 0.021355817 
264 102 8 11 0.021354819 
391 38 7 9 0.021345764 
685 219 13 16 0.02131378 
436 259 14 17 0.021305935 
203 605 14 16 0.021301122 
387 267 13 16 0.021293566 
873 462 21 28 0.02129054 
406 78 7 9 0.02128518 
6 89 20 31 0.021272495 
895 518 23 32 0.021269219 
388 380 10 14 0.021252602 
93 56 9 10 0.021242071 
653 188 10 13 0.021224894 
878 8 9 10 0.021216871 
469 90 18 23 0.021214647 
504 45 7 10 0.021211084 
887 38 9 11 0.021179108 
821 269 13 17 0.021172086 
327 267 11 15 0.021159055 
191 283 12 15 0.021153416 
825 118 9 11 0.02113414 
578 308 12 16 0.02113028 
21 70 9 12 0.021129796 
654 459 13 16 0.021126602 
866 314 15 20 0.021115838 
997 158 20 23 0.02107021 
910 172 11 15 0.02106523 
908 528 14 20 0.021061009 
653 165 9 12 0.021048253 
669 268 14 17 0.021045687 
642 113 17 22 0.021042237 
191 144 8 10 0.021027735 
750 22 9 11 0.021026243 
701 156 11 14 0.02102003 
289 111 17 23 0.021013016 
22 276 11 13 0.020997876 
423 220 10 12 0.020991873 
535 329 11 15 0.020982388 
576 6 8 11 0.020954685 
161 125 8 10 0.02094955 
1004 140 10 13 0.020944955 
510 504 20 25 0.020943236 
718 394 13 17 0.020927398 
182 85 9 12 0.020909375 
182 511 20 24 0.020907441 
791 4 10 11 0.020906508 
94 377 13 19 0.020884776 
806 635 14 17 0.020884013 
982 29 10 12 0.02087787 
710 5 10 12 0.020867927 
511 483 12 16 0.020861924 
255 199 10 13 0.020850595 
512 43 10 12 0.020848367 
661 215 10 13 0.020834858 
806 427 17 20 0.020832922 
645 341 12 16 0.020824932 
830 211 12 14 0.020816488 
444 284 12 15 0.020814367 
435 269 13 15 0.020810513 
749 598 23 33 0.02079836 
361 71 8 11 0.02079764 
801 93 10 12 0.020794248 
996 1 10 11 0.020779293 
536 172 11 13 0.020776046 
453 179 11 13 0.020764736 
10 500 12 15 0.020755215 
908 317 11 14 0.020754626 
548 196 12 14 0.0207485 
829 172 13 15 0.020746617 
215 61 10 12 0.020715928 
56 372 14 18 0.020715907 
163 333 11 16 0.020714307 
193 273 19 23 0.020713937 
269 404 13 17 0.020705415 
720 80 18 24 0.02069779 
437 182 11 13 0.020697644 
183 109 9 11 0.020694707 
414 268 13 16 0.020692416 
926 5 11 12 0.02068832 
133 342 13 16 0.020687504 
883 615 23 31 0.020687353 
727 247 18 23 0.02068373 
55 340 12 15 0.020676836 
1014 52 9 14 0.020664893 
700 177 19 24 0.020662751 
163 545 14 18 0.020654164 
733 260 11 14 0.020649578 
21 175 21 27 0.020647392 
30 278 12 14 0.020643191 
176 363 13 17 0.020639736 
402 568 24 31 0.020637896 
224 196 10 13 0.020631872 
960 277 12 14 0.02063052 
66 113 18 24 0.020630037 
306 7 8 10 0.020629102 
343 495 20 26 0.020628188 
926 45 8 11 0.020615024 
628 166 12 13 0.020613423 
638 216 18 23 0.020612843 
398 643 14 19 0.020608163 
587 544 18 22 0.020597544 
659 309 15 18 0.020596832 
453 554 24 28 0.020594709 
631 126 11 12 0.020589277 
350 326 12 15 0.02058845 
245 461 14 16 0.020587094 
710 158 12 14 0.020583464 
430 165 11 12 0.020562423 
375 234 21 27 0.020558672 
288 245 10 13 0.020552423 
849 406 15 18 0.020549357 
151 642 22 29 0.020539623 
827 554 13 19 0.020536678 
382 227 11 15 0.020531269 
174 233 18 24 0.020522477 
873 538 15 21 0.020511886 
881 -1 8 8 0.020511784 
296 161 17 23 0.020507656 
839 69 9 12 0.020506047 
887 47 10 12 0.020497562 
693 349 21 25 0.020496624 
742 268 13 15 0.02049498 
896 362 14 16 0.020488022 
797 348 12 15 0.020479837 
992 495 25 30 0.020472338 
416 23 7 9 0.020468196 
452 412 12 16 0.020467598 
486 153 11 13 0.020458212 
583 125 9 11 0.02045579 
759 70 9 11 0.020442175 
350 189 11 14 0.020427193 
362 168 110 129 0.020417964 
446 516 20 26 0.020416677 
276 225 19 22 0.020409653 
730 442 15 18 0.020405885 
744 148 12 15 0.020398503 
1015 36 9 12 0.020393131 
79 171 13 16 0.020389238 
660 198 20 27 0.020387398 
684 289 12 16 0.020369867 
731 449 16 19 0.020368837 
359 239 19 23 0.020368753 
143 61 9 11 0.020357514 
768 54 9 11 0.020354148 
16 476 12 16 0.02034813 
781 405 11 15 0.020347945 
764 465 14 20 0.020332962 
829 222 11 15 0.020330882 
511 444 11 14 0.020324443 
700 459 12 17 0.020316696 
894 331 21 25 0.020312168 
434 451 13 17 0.020310955 
806 401 14 18 0.020308431 
853 218 12 16 0.020306932 
311 127 8 11 0.02030361 
519 295 11 13 0.020298975 
449 198 10 13 0.020294338 
908 497 13 17 0.02029146 
924 123 13 15 0.020291323 
188 341 12 16 0.020287206 
172 504 14 17 0.020286184 
941 324 13 15 0.020284608 
816 62 9 11 0.020283425 
222 30 8 11 0.020277593 
605 428 14 16 0.020265715 
335 137 20 23 0.020264205 
65 62 8 10 0.02025982 
400 38 7 9 0.020258758 
1008 65 9 13 0.020256933 
230 38 9 11 0.020244863 
773 345 15 20 0.02024428 
740 205 10 13 0.020240497 
320 149 10 13 0.020239556 
295 339 12 14 0.02023864 
56 245 11 13 0.020219736 
735 133 10 12 0.020213263 
701 285 13 15 0.020192811 
960 355 12 15 0.020189313 
63 92 11 12 0.02018588 
624 32 9 10 0.020179488 
326 136 18 23 0.020177666 
277 136 17 23 0.020166228 
667 467 14 18 0.020162562 
154 460 14 16 0.020151747 
943 107 10 13 0.020150393 
157 308 13 16 0.020143652 
85 221 13 15 0.020140965 
870 348 13 16 0.020135239 
704 276 14 16 0.020116478 
104 39 7 9 0.020114126 
265 433 14 19 0.020107701 
71 138 10 13 0.020100921 
533 8 8 10 0.020090155 
796 356 14 17 0.020057388 
183 23 9 11 0.020043015 
733 140 11 15 0.02000871 
742 133 10 12 0.020007368 
941 254 11 15 0.020006374 
