2_Demonstration_Protesters_2_362
99
238 359 59 103 0.9929512 
808 405 71 77 0.97314453 
417 493 14 19 0.79097086 
879 520 27 34 0.69191027 
452 508 13 16 0.57229084 
384 521 13 16 0.5652183 
866 535 24 29 0.3029047 
398 495 11 13 0.20388074 
722 507 16 17 0.20272784 
678 508 15 23 0.12936112 
332 -70 408 523 0.12717076 
982 477 8 11 0.11865824 
695 503 11 13 0.086973764 
390 542 14 18 0.0869492 
344 13 10 12 0.08622383 
391 7 112 115 0.08225891 
313 329 18 23 0.07472997 
1012 422 11 17 0.07310303 
868 507 47 53 0.071408965 
528 44 12 15 0.07015709 
362 275 388 471 0.06808924 
447 503 14 18 0.06144146 
415 554 12 16 0.060770564 
852 540 33 33 0.060545634 
701 530 11 16 0.057202645 
402 497 12 16 0.054829326 
360 493 10 13 0.054742295 
876 528 17 24 0.051070344 
460 556 14 22 0.049899265 
364 494 10 12 0.049760323 
363 540 12 17 0.045685794 
654 517 9 12 0.044806026 
121 206 49 67 0.044035647 
975 502 9 11 0.040601797 
820 33 13 17 0.038739607 
696 560 28 36 0.03732382 
372 514 17 20 0.037259806 
700 502 11 13 0.03661627 
403 487 19 25 0.036602635 
990 502 10 11 0.03639152 
890 520 30 38 0.0361559 
322 439 16 20 0.035250165 
335 421 13 18 0.035211872 
441 506 12 15 0.034423355 
646 493 10 12 0.032810934 
375 517 20 25 0.03267674 
238 398 35 56 0.032390457 
949 475 13 14 0.032106552 
335 426 45 63 0.032006666 
462 549 11 16 0.031940114 
709 562 15 19 0.031862583 
370 24 215 259 0.0317928 
618 438 26 35 0.031712186 
447 477 11 14 0.031121997 
167 238 51 76 0.030739754 
984 502 8 10 0.029638285 
710 506 25 29 0.02908824 
973 510 11 12 0.029010784 
195 348 76 110 0.028560188 
966 493 10 12 0.027656885 
720 499 26 31 0.027455231 
407 555 11 15 0.027091604 
310 44 14 15 0.026747085 
342 18 11 12 0.026505994 
314 526 36 52 0.026464153 
398 468 12 15 0.026266176 
246 386 80 109 0.026096016 
531 38 11 15 0.025823487 
426 497 13 17 0.025150625 
958 500 10 12 0.024791634 
1005 591 14 17 0.024647603 
391 102 247 318 0.024287382 
450 499 22 27 0.02406013 
323 426 25 33 0.023938335 
974 494 11 14 0.023450574 
294 424 54 75 0.023240468 
933 512 10 12 0.022751266 
837 416 64 69 0.02271158 
396 503 14 18 0.022618491 
397 552 12 16 0.02251018 
925 533 12 17 0.02249721 
935 476 12 14 0.02241546 
1006 474 11 15 0.022236664 
872 532 32 40 0.022110907 
998 502 9 11 0.021967389 
-28 386 210 231 0.021877471 
984 511 9 12 0.02163058 
711 509 11 14 0.021404844 
982 572 12 15 0.021107193 
392 498 14 17 0.020788476 
544 410 12 14 0.020754308 
510 235 13 14 0.020669512 
229 313 94 135 0.020626608 
684 502 14 18 0.020547763 
140 225 53 72 0.020292329 
847 541 54 58 0.020256469 
389 513 20 25 0.020193085 
365 513 14 19 0.020063888 
331 419 22 29 0.020027371 
