2_Demonstration_Political_Rally_2_816
138
508 43 91 114 0.9984333 
796 557 62 74 0.99817777 
231 431 64 77 0.9947826 
702 495 53 69 0.9825252 
153 409 48 57 0.9755045 
590 118 62 75 0.9716205 
688 467 34 45 0.89741737 
89 454 89 130 0.8810217 
764 436 29 37 0.7189454 
719 432 29 35 0.6247332 
937 450 35 43 0.41287777 
946 580 54 69 0.4115298 
626 189 167 241 0.3346599 
691 478 49 66 0.3259199 
946 480 45 61 0.3185802 
650 482 45 70 0.2588527 
834 501 44 55 0.25314498 
905 498 33 42 0.20454262 
834 479 31 38 0.19068678 
786 429 28 36 0.17659299 
459 83 19 21 0.17114384 
48 303 58 69 0.13898876 
674 486 50 72 0.13802898 
792 485 27 37 0.13577677 
96 431 55 84 0.13251442 
551 81 87 107 0.11003398 
151 220 11 15 0.10450748 
912 387 24 33 0.078232996 
226 115 135 170 0.076840065 
167 210 12 15 0.07649991 
686 428 21 27 0.07158023 
913 489 45 59 0.070400715 
211 361 29 36 0.06993874 
452 429 105 153 0.06939438 
779 438 25 33 0.0653371 
351 332 52 68 0.056185823 
922 393 17 22 0.050726607 
314 -5 54 58 0.05035847 
630 101 53 75 0.049955796 
843 564 48 65 0.04989788 
76 227 27 34 0.04877964 
190 212 12 16 0.045340154 
378 397 172 224 0.044427726 
907 391 17 24 0.044141043 
493 522 121 134 0.043684725 
819 523 51 63 0.043031305 
187 415 43 53 0.042709596 
735 621 45 57 0.04226842 
349 492 60 99 0.04051935 
210 419 48 59 0.039955672 
623 466 75 108 0.039094795 
700 451 42 54 0.03871621 
576 531 103 139 0.03798077 
824 516 34 42 0.037727013 
228 347 26 33 0.037461963 
949 410 15 18 0.037355028 
281 448 50 73 0.037260354 
992 459 24 31 0.03725273 
171 205 12 15 0.037100755 
179 179 12 15 0.035082687 
932 457 77 96 0.03391991 
328 369 26 39 0.033785254 
165 197 15 17 0.033772767 
280 368 25 33 0.03334872 
759 547 27 49 0.032845862 
754 446 46 55 0.03272947 
135 176 208 204 0.031661883 
668 503 31 46 0.031446557 
921 567 44 59 0.031147847 
618 513 82 119 0.031118933 
439 181 29 45 0.030471638 
157 213 12 15 0.030206066 
127 249 13 16 0.029956672 
195 364 48 53 0.029934203 
139 203 12 16 0.029886989 
826 470 29 36 0.029557543 
156 370 55 61 0.029312138 
211 393 32 38 0.029142411 
129 419 56 72 0.029141279 
290 469 55 70 0.028813308 
798 437 20 25 0.028772999 
772 545 49 60 0.028666224 
167 179 10 13 0.028652225 
809 478 35 48 0.028474974 
145 221 11 14 0.028373273 
116 231 10 11 0.028309267 
78 502 110 142 0.028141528 
230 359 28 36 0.027947092 
104 434 35 51 0.027613092 
881 446 26 32 0.027028078 
292 332 27 35 0.026887676 
1001 414 24 36 0.026885774 
857 543 46 59 0.026851906 
713 443 28 37 0.026714787 
356 444 89 168 0.026630899 
764 594 49 67 0.02646733 
647 116 31 44 0.026143191 
287 417 32 43 0.02613397 
132 179 11 14 0.026036702 
971 394 14 18 0.025950871 
646 261 216 229 0.025744544 
143 191 9 13 0.025427476 
292 382 16 23 0.025416393 
305 347 40 53 0.025387967 
1004 407 17 23 0.025138667 
590 66 94 117 0.024812572 
322 357 44 60 0.024661006 
74 405 94 125 0.024607558 
77 504 59 89 0.024429567 
176 449 46 62 0.024261666 
158 344 58 61 0.02410148 
340 348 93 117 0.024049556 
261 261 15 16 0.023987062 
174 404 39 50 0.023681236 
238 165 78 75 0.023344524 
753 426 29 37 0.022892985 
325 358 14 21 0.022524785 
695 429 18 21 0.022416411 
987 449 24 31 0.022411259 
752 158 109 143 0.022349475 
172 186 15 17 0.022051938 
793 471 25 35 0.02191159 
643 551 51 72 0.021550724 
373 329 37 45 0.021512387 
923 464 49 64 0.021403916 
285 339 27 40 0.021290692 
652 91 60 77 0.021161985 
286 343 15 19 0.02111962 
170 219 13 15 0.021058794 
994 568 30 42 0.020748938 
883 442 18 22 0.020699631 
218 363 46 52 0.020502755 
547 138 335 376 0.020500856 
108 275 13 16 0.020134576 
844 488 31 40 0.020120917 
333 391 15 21 0.020119028 
127 205 13 16 0.020110423 
197 351 35 42 0.020042444 
