2_Demonstration_Political_Rally_2_406
93
507 699 59 72 0.9994072 
629 621 121 159 0.9977991 
259 593 91 123 0.99659365 
490 581 24 32 0.9946386 
557 611 40 57 0.98934805 
125 589 21 29 0.9825832 
746 337 14 17 0.958456 
139 559 21 28 0.93871796 
803 630 135 155 0.9346549 
253 548 19 24 0.92170787 
67 552 22 27 0.76247615 
392 627 32 42 0.4013152 
165 656 26 42 0.2712362 
325 543 21 30 0.26817992 
208 626 23 27 0.2627212 
373 618 55 77 0.24333167 
245 612 32 46 0.2056634 
750 563 89 96 0.16602832 
-1 630 86 138 0.108794875 
986 263 37 73 0.08594315 
809 360 9 11 0.08342001 
195 627 15 20 0.07969179 
164 606 16 21 0.075536914 
246 596 29 42 0.073570915 
0 585 15 23 0.063467756 
336 596 83 110 0.06172296 
220 619 25 35 0.060710527 
792 701 58 64 0.058506224 
233 615 29 40 0.05723865 
775 13 60 73 0.054105237 
789 321 13 16 0.053821802 
734 356 10 12 0.05293251 
742 371 11 15 0.05089275 
740 640 95 128 0.049196184 
1 578 17 21 0.04787186 
951 640 74 139 0.04660058 
800 390 10 13 0.042292096 
807 341 9 12 0.041673023 
249 605 56 77 0.039477345 
174 639 27 43 0.038572002 
101 618 13 18 0.038557984 
186 630 24 34 0.03831201 
494 676 59 71 0.037225757 
812 365 8 11 0.035789195 
473 185 31 37 0.035143018 
1013 124 10 16 0.033790875 
723 374 11 13 0.033538654 
261 647 36 51 0.033298537 
251 635 17 25 0.032543916 
734 365 11 13 0.032287538 
401 625 20 26 0.031736407 
251 581 24 35 0.030885456 
798 383 11 14 0.03079314 
759 356 10 14 0.030540496 
489 583 39 49 0.030319909 
790 330 11 15 0.03023381 
182 641 37 52 0.030151848 
779 12 90 114 0.029522737 
687 159 10 12 0.02867612 
798 667 76 92 0.028463343 
106 656 30 49 0.0284477 
255 627 19 26 0.02844652 
857 316 10 15 0.02707569 
806 325 9 12 0.02704675 
74 602 15 18 0.026636824 
1010 203 12 16 0.02661591 
514 622 42 55 0.026599862 
619 184 25 32 0.026231294 
798 333 10 13 0.02595479 
252 579 15 21 0.025714343 
43 642 51 75 0.025213813 
691 165 14 16 0.025097389 
386 23 411 513 0.02503294 
726 365 12 14 0.024301864 
799 339 11 14 0.024138065 
721 380 10 14 0.024006974 
258 595 30 41 0.023883715 
69 667 15 18 0.023726242 
860 359 10 12 0.023707418 
187 610 24 32 0.023682868 
203 680 30 35 0.023561087 
367 595 52 71 0.023233829 
822 311 8 11 0.023182461 
828 691 13 15 0.022844143 
747 366 12 16 0.021779465 
791 564 74 84 0.021378646 
197 655 41 55 0.021344868 
679 172 26 31 0.02123499 
506 652 50 60 0.021211825 
28 582 15 19 0.021180334 
789 418 11 16 0.020396361 
204 639 14 19 0.02005347 
759 1 55 65 0.020023933 
