2_Demonstration_Demonstration_Or_Protest_2_471
48
586 285 63 81 0.99886876 
170 171 91 118 0.99822456 
748 225 72 88 0.9972632 
431 455 28 37 0.96530104 
82 152 67 101 0.8729991 
616 450 24 32 0.73864084 
471 460 23 32 0.7386282 
653 334 36 47 0.717669 
413 516 27 34 0.69554937 
397 222 45 50 0.6123412 
219 413 34 44 0.5571402 
436 274 37 48 0.54756814 
49 115 113 157 0.48986655 
374 519 25 34 0.4540465 
816 448 26 30 0.39725104 
451 511 26 36 0.39693847 
588 495 24 28 0.35000652 
491 196 23 31 0.13295785 
495 168 39 58 0.11364898 
240 485 32 46 0.113423504 
-23 90 178 230 0.09572862 
457 237 14 18 0.09219597 
572 356 31 35 0.08570698 
570 336 48 58 0.06686965 
468 237 24 28 0.065789826 
706 169 23 33 0.06559591 
346 173 26 31 0.06428933 
510 151 29 42 0.050515264 
336 175 42 50 0.038801607 
621 496 23 29 0.038579974 
141 22 28 43 0.036846876 
123 146 90 134 0.031517714 
408 259 57 63 0.031302385 
451 507 18 22 0.031028194 
499 191 18 24 0.030667257 
205 482 27 38 0.030626556 
648 349 46 58 0.02809756 
228 205 37 48 0.026250461 
478 279 42 54 0.025039926 
514 153 18 24 0.024659442 
11 145 112 141 0.02303164 
850 136 62 60 0.02231415 
478 464 25 35 0.022125969 
474 506 29 42 0.021730136 
534 236 16 19 0.020673443 
504 146 48 72 0.020295352 
622 492 15 18 0.020197028 
156 220 15 24 0.02015737 
