2_Demonstration_Protesters_2_563
60
818 309 105 126 0.9994185 
819 186 32 39 0.99891436 
876 206 60 81 0.9989042 
564 221 28 36 0.99797803 
668 165 30 39 0.9978362 
725 237 64 97 0.9975545 
632 184 26 35 0.99742055 
228 254 37 47 0.9973515 
390 189 70 94 0.9951449 
100 240 82 103 0.9911097 
301 233 25 30 0.9903217 
236 214 24 31 0.98253804 
667 252 48 64 0.9713463 
772 198 28 32 0.88009083 
6 162 55 116 0.46653056 
626 53 15 19 0.113140784 
632 444 57 51 0.09368266 
556 320 18 21 0.08194323 
-12 192 80 137 0.0794215 
176 267 32 41 0.074296735 
177 208 27 33 0.07410656 
633 451 31 36 0.060848992 
525 289 30 42 0.058657695 
61 219 83 121 0.04791658 
678 321 16 19 0.047316797 
552 340 12 16 0.047072697 
110 18 13 19 0.043442897 
578 412 18 21 0.04168165 
267 515 30 47 0.035391502 
976 204 34 39 0.03478213 
517 0 45 48 0.03438567 
323 399 61 60 0.03275836 
675 314 26 32 0.03250808 
775 205 35 47 0.0322626 
75 293 13 16 0.031768728 
660 470 47 55 0.031383026 
71 337 30 40 0.031068696 
503 163 47 54 0.030566487 
498 181 31 38 0.029471796 
589 23 47 61 0.027049014 
618 425 61 56 0.026456067 
788 249 33 41 0.025779223 
524 270 33 41 0.025608297 
972 168 48 68 0.02510912 
272 509 48 69 0.02428318 
608 58 17 19 0.023396943 
717 492 61 62 0.02316328 
598 56 25 30 0.023156589 
518 139 46 55 0.023096848 
395 342 110 160 0.02300338 
339 336 191 251 0.022531489 
604 44 26 32 0.022066634 
640 257 40 52 0.021835444 
546 178 26 34 0.021483388 
685 118 18 21 0.021358231 
680 274 53 69 0.020882353 
501 186 18 22 0.020783693 
478 273 42 56 0.020452302 
609 363 32 37 0.020278592 
286 495 103 143 0.020060223 
