2_Demonstration_Political_Rally_2_18
302
864 448 18 25 0.9829562 
66 338 17 21 0.9729384 
41 447 19 24 0.9694735 
146 385 19 23 0.96869296 
485 361 18 21 0.9685931 
242 421 19 25 0.96348023 
363 428 16 21 0.9622305 
315 437 21 26 0.95993257 
767 419 17 21 0.95919025 
501 448 19 24 0.9569507 
271 393 21 29 0.95618063 
165 332 20 26 0.9486259 
481 403 16 20 0.93272525 
132 295 19 24 0.931577 
529 394 18 24 0.92760885 
172 451 19 24 0.9250985 
27 310 18 24 0.92071736 
11 353 21 25 0.91273284 
353 342 20 26 0.90271014 
314 261 18 23 0.9025076 
622 455 19 24 0.9005685 
380 437 19 23 0.89821154 
25 260 15 18 0.89498675 
222 273 19 26 0.890317 
21 458 21 27 0.8792067 
236 310 19 23 0.8789631 
102 239 18 24 0.87713116 
169 259 17 25 0.85956514 
156 409 19 23 0.8572169 
452 294 16 21 0.85580844 
422 426 18 23 0.83914614 
261 202 22 28 0.83749294 
913 433 17 22 0.82993567 
96 446 21 24 0.82167125 
442 459 20 26 0.81565034 
57 260 12 16 0.7793784 
185 306 17 21 0.7753264 
297 327 21 31 0.74103963 
545 434 15 19 0.69114673 
227 250 17 21 0.63388836 
186 224 18 23 0.6338104 
37 235 16 22 0.60315675 
88 265 18 21 0.59549695 
0 467 11 18 0.57141215 
77 320 16 20 0.55674773 
154 302 18 23 0.49416485 
227 364 20 26 0.45437622 
462 489 17 22 0.45337933 
81 288 18 23 0.4378025 
398 390 13 17 0.42354435 
41 423 19 22 0.41246435 
38 337 15 18 0.40263206 
276 266 18 21 0.3826686 
331 200 16 22 0.3308555 
20 426 20 26 0.32441342 
343 276 11 14 0.29969296 
298 316 19 27 0.29137844 
83 426 18 21 0.28489065 
372 375 12 17 0.2798543 
100 313 11 14 0.27474305 
381 395 15 19 0.26816818 
1 257 10 16 0.24063921 
438 412 16 20 0.22939894 
369 304 15 21 0.20345098 
368 430 20 24 0.1992136 
297 440 18 26 0.18097842 
895 554 14 18 0.17794386 
130 428 15 21 0.1737406 
187 384 13 16 0.17008513 
338 385 15 20 0.16600813 
368 345 16 20 0.16239911 
304 241 13 18 0.15780185 
427 362 15 20 0.15769689 
436 366 13 17 0.13534354 
27 301 15 21 0.13469984 
144 296 22 27 0.13152602 
444 369 12 16 0.12518424 
251 348 14 17 0.11887845 
0 211 11 17 0.11145961 
163 219 16 20 0.11109557 
123 248 13 18 0.110453255 
390 291 15 20 0.106010534 
46 283 13 17 0.10538801 
635 483 22 30 0.09502506 
401 472 17 20 0.09325904 
423 367 13 18 0.09142325 
113 242 18 27 0.08765048 
54 498 24 35 0.08580212 
106 284 14 19 0.084926456 
443 298 22 28 0.08374268 
339 399 13 17 0.07965277 
386 360 15 20 0.0783467 
230 376 22 29 0.0765958 
185 277 16 19 0.07517054 
26 269 16 24 0.073793836 
229 359 15 18 0.07319263 
542 557 31 48 0.073191695 
229 428 14 19 0.07113597 
511 497 13 17 0.07011947 
443 312 14 17 0.067257866 
470 561 14 17 0.06365014 
636 482 13 18 0.062465627 
282 248 15 19 0.058797374 
106 445 22 28 0.058353778 
83 276 21 28 0.058091152 
178 265 21 27 0.058054402 
414 362 14 18 0.057459243 
283 298 13 16 0.05735981 
462 476 14 19 0.057289414 
172 256 13 16 0.05584217 
245 335 20 25 0.055401936 
754 486 14 16 0.05510752 
174 426 12 18 0.05463585 
158 260 22 27 0.053265918 
4 326 14 19 0.05223069 
87 389 11 15 0.05133069 
212 364 14 17 0.050964728 
612 567 46 48 0.050683197 
353 456 17 20 0.050538555 
494 386 13 16 0.05051076 
119 429 22 28 0.050392408 
375 364 20 25 0.04917897 
460 467 14 20 0.048578095 
637 564 57 50 0.0473418 
349 367 14 18 0.046140827 
425 411 20 26 0.04607645 
350 576 26 33 0.045923747 
449 452 14 20 0.045030568 
30 377 16 19 0.04497051 
379 324 14 18 0.043702845 
388 428 13 16 0.04355555 
469 387 12 16 0.04352661 
116 400 14 18 0.0423361 
421 356 15 21 0.042219445 
147 392 23 29 0.04206933 
351 252 12 15 0.041678146 
332 481 21 29 0.04135637 
341 272 18 25 0.040880293 
950 545 12 17 0.04066451 
372 276 13 17 0.04035914 
26 421 15 20 0.03972647 
636 514 14 20 0.039485503 
991 593 31 49 0.039333697 
243 314 21 28 0.039239027 
283 445 21 27 0.039177105 
371 319 16 21 0.039084863 
638 566 13 17 0.038977627 
516 565 14 17 0.038712677 
262 274 13 16 0.038469534 
56 447 21 25 0.03840039 
290 239 21 26 0.038100395 
378 294 21 27 0.03711765 
194 379 14 18 0.036954872 
290 572 39 49 0.03679004 
111 397 13 17 0.03652123 
281 258 15 22 0.03651135 
43 238 19 26 0.036349814 
149 311 17 22 0.03594135 
284 566 30 42 0.03590987 
88 431 18 21 0.035306428 
390 419 14 17 0.035233624 
168 222 19 24 0.035131495 
188 215 15 19 0.035057455 
16 259 21 28 0.035049472 
196 370 14 18 0.034977205 
151 443 24 29 0.03470824 
252 360 13 18 0.034626342 
63 466 14 19 0.03453198 
542 460 14 17 0.034130327 
389 389 15 18 0.033798 
278 294 14 17 0.033545975 
387 284 17 19 0.033403102 
326 185 23 32 0.03321215 
68 430 22 26 0.033095896 
-1 264 12 21 0.032713693 
450 372 12 16 0.032703977 
266 198 15 20 0.03258931 
477 388 12 16 0.03239636 
151 318 23 32 0.032061502 
269 268 20 24 0.032010246 
324 398 24 30 0.031938605 
334 475 14 18 0.031736363 
274 452 16 21 0.0314713 
631 470 22 30 0.0313223 
198 468 14 18 0.031307228 
376 346 21 28 0.031216519 
445 446 15 19 0.031166224 
71 315 16 20 0.030773256 
428 350 15 20 0.030628804 
-3 411 11 20 0.030476358 
172 384 14 18 0.03042495 
642 492 18 28 0.030371157 
397 477 16 21 0.030323004 
430 370 22 26 0.030209724 
385 400 15 19 0.0301976 
466 456 16 19 0.030182019 
634 563 23 30 0.030088386 
124 419 17 22 0.029753076 
9 317 23 28 0.02957178 
380 404 22 26 0.02956585 
132 431 20 27 0.02934239 
308 435 19 24 0.029254537 
248 354 14 17 0.028999927 
282 522 14 19 0.028989354 
501 382 12 16 0.02887141 
163 407 20 27 0.028860413 
388 297 21 27 0.028830932 
331 214 15 20 0.028827427 
458 456 19 24 0.028794648 
423 405 13 18 0.028710827 
148 442 15 21 0.028678235 
96 309 18 23 0.02864564 
340 481 25 33 0.028479144 
560 558 47 54 0.028201796 
222 364 15 18 0.028133035 
333 179 14 19 0.02806321 
26 319 23 29 0.027805874 
461 313 11 15 0.02777778 
395 283 15 18 0.02773367 
280 324 22 28 0.027643079 
90 339 14 18 0.027417438 
319 589 41 55 0.027046729 
-5 470 19 33 0.026900034 
299 276 13 16 0.02672149 
81 336 20 26 0.026718458 
74 297 419 482 0.026675997 
261 371 13 19 0.026225295 
242 347 416 513 0.02610909 
207 364 12 17 0.026019856 
523 436 15 17 0.025871921 
285 377 15 18 0.025830816 
229 390 14 18 0.025761008 
59 433 21 28 0.025688794 
74 474 18 22 0.025422756 
1010 559 15 23 0.0253248 
914 423 17 20 0.025309794 
334 172 12 16 0.02527509 
0 518 12 20 0.02514559 
311 572 28 38 0.025060028 
147 327 16 20 0.024982056 
576 567 47 54 0.02496326 
302 430 15 19 0.024909655 
404 465 22 25 0.024824401 
181 371 23 27 0.024820898 
44 262 20 26 0.024819184 
137 367 21 27 0.02470134 
27 339 22 27 0.024577232 
429 393 13 17 0.024387002 
433 356 15 18 0.024339901 
61 255 21 26 0.02428913 
181 387 22 29 0.02420551 
266 370 15 18 0.024173673 
-2 363 10 17 0.024054606 
900 430 23 26 0.024048172 
408 362 13 18 0.023881124 
355 480 24 30 0.023678534 
396 410 13 18 0.023555826 
130 242 16 20 0.023441723 
340 358 21 28 0.023376774 
514 560 40 51 0.023334933 
-1 504 10 20 0.023329569 
327 575 26 36 0.023279952 
307 317 24 32 0.023265189 
343 374 20 27 0.02321077 
893 465 14 18 0.023149127 
508 419 14 18 0.023012368 
397 401 14 18 0.022981953 
77 423 17 20 0.022760713 
116 457 14 18 0.022593265 
395 426 12 17 0.022509722 
346 394 14 19 0.022320466 
50 236 14 18 0.022262165 
327 355 12 18 0.022102263 
367 281 13 16 0.021966672 
893 552 24 30 0.021945594 
499 567 41 51 0.021935824 
235 388 18 22 0.021870585 
134 415 21 28 0.021755086 
347 386 13 18 0.021671958 
97 243 14 18 0.021609545 
490 429 14 17 0.021473711 
165 252 16 21 0.021340057 
220 357 15 17 0.021305276 
169 430 22 29 0.021243166 
357 303 17 22 0.021103548 
642 478 15 20 0.02107904 
406 274 14 20 0.020947248 
662 467 13 16 0.02086491 
202 241 15 19 0.020772051 
4 336 24 30 0.020768667 
203 366 19 26 0.020756233 
440 370 20 26 0.020690322 
230 348 14 17 0.020648206 
428 403 14 18 0.020515572 
435 386 14 18 0.020490345 
107 252 15 21 0.020412425 
317 279 14 18 0.020253716 
247 175 11 15 0.020234989 
782 490 13 15 0.020225832 
253 179 13 16 0.020210791 
389 379 14 17 0.020076899 
431 300 42 48 0.020036507 
