2_Demonstration_Demonstrators_2_595
34
274 134 182 218 0.9926528 
661 98 78 87 0.99133474 
164 356 393 449 0.33220872 
430 338 239 288 0.29007834 
198 471 239 264 0.16283819 
315 650 31 29 0.13754228 
217 2 292 411 0.08698211 
371 176 372 487 0.06710224 
69 524 32 44 0.06473344 
15 333 63 78 0.06411862 
223 602 32 46 0.05128137 
835 475 173 229 0.049614362 
695 -4 70 64 0.047536664 
45 518 52 74 0.047061253 
413 84 100 162 0.043265063 
673 4 16 18 0.04321991 
18 545 31 38 0.041823685 
434 89 64 83 0.039874557 
747 125 181 283 0.039174754 
42 448 19 21 0.037349436 
909 515 123 143 0.037062548 
226 583 56 71 0.03704114 
920 615 100 130 0.03636754 
483 224 216 324 0.032337416 
624 144 362 516 0.029598875 
401 147 90 152 0.027910512 
329 46 222 295 0.027622038 
12 321 100 126 0.02599427 
962 660 58 83 0.025108466 
211 547 95 118 0.023631146 
253 617 148 121 0.022419248 
-4 466 182 249 0.021818247 
853 645 233 229 0.021639293 
808 732 37 39 0.020738183 
