2_Demonstration_Political_Rally_2_695
648
584 365 32 43 0.9982772 
765 555 55 73 0.9947413 
495 375 34 40 0.991996 
325 472 37 45 0.9917896 
405 371 34 45 0.9867498 
4 384 28 35 0.9859136 
805 225 23 28 0.98462784 
440 342 30 38 0.9753277 
45 239 27 31 0.9665676 
424 469 37 46 0.957595 
215 317 24 29 0.92576975 
21 122 14 18 0.9083577 
0 18 15 17 0.8884399 
169 210 18 25 0.8442241 
683 182 22 25 0.8406022 
883 478 27 33 0.81873906 
143 130 11 15 0.8093744 
112 363 23 31 0.79414433 
272 249 17 21 0.792566 
301 424 31 35 0.77731067 
965 637 54 56 0.754913 
9 432 37 45 0.74942476 
190 223 22 27 0.7318179 
504 474 25 30 0.7135171 
810 175 16 21 0.6092616 
19 228 15 19 0.5903278 
104 235 17 21 0.5837656 
527 446 34 37 0.56327444 
21 270 23 28 0.5614398 
135 391 35 46 0.5543716 
852 173 25 31 0.5493193 
657 200 21 30 0.5110408 
684 145 15 19 0.5064429 
407 297 24 30 0.49614793 
189 369 21 27 0.49566177 
68 61 12 14 0.48957548 
367 422 27 37 0.4876902 
226 345 32 49 0.46253073 
963 90 13 16 0.44301012 
184 452 43 50 0.43982354 
135 111 10 13 0.43108746 
163 259 16 21 0.43075752 
468 460 31 41 0.40950713 
653 122 12 16 0.39788893 
347 395 23 28 0.3939641 
60 420 15 19 0.36252683 
242 98 14 17 0.35060295 
126 118 10 12 0.32920754 
684 280 16 22 0.32593846 
59 133 14 18 0.32333374 
59 221 22 25 0.31705704 
813 290 23 33 0.31510293 
705 198 15 22 0.31444097 
211 268 19 22 0.30610386 
330 325 25 28 0.29571703 
314 532 37 48 0.2839603 
697 109 11 14 0.27786586 
346 317 27 34 0.26257846 
115 260 13 18 0.25739583 
100 62 11 12 0.2569653 
109 128 10 13 0.25526223 
120 124 11 14 0.2473777 
565 325 27 34 0.2439584 
488 621 24 34 0.2253991 
212 242 12 16 0.22341515 
41 211 12 16 0.21765599 
200 466 33 39 0.21144041 
144 275 16 20 0.19219033 
647 626 54 65 0.18196757 
17 385 26 33 0.17766033 
638 171 15 19 0.17307189 
906 529 48 70 0.17077698 
397 525 36 38 0.1704242 
113 83 11 14 0.16977322 
627 155 14 19 0.1671588 
268 159 14 16 0.16180892 
795 195 16 20 0.15929295 
23 602 39 33 0.15469046 
162 305 16 21 0.15284985 
174 444 39 44 0.15148103 
192 145 10 13 0.14483581 
789 448 25 32 0.13977179 
409 291 18 23 0.13916956 
286 196 14 18 0.1355065 
811 268 23 29 0.13333274 
-3 496 25 45 0.13285138 
681 140 13 16 0.13267772 
108 376 17 25 0.12887397 
608 202 17 21 0.12621784 
204 250 14 19 0.12485658 
325 259 23 30 0.12358489 
605 583 28 35 0.12341405 
516 457 41 47 0.11879591 
167 440 28 40 0.11776431 
481 464 32 39 0.11590303 
686 135 14 16 0.11530565 
259 207 15 20 0.114881024 
246 461 21 30 0.11477592 
28 129 11 14 0.11311599 
61 55 13 17 0.112378724 
126 143 11 13 0.111870654 
673 208 17 21 0.11125827 
68 228 18 22 0.110774264 
118 92 10 14 0.10970797 
112 70 10 12 0.10843728 
669 125 12 16 0.106289014 
86 134 11 14 0.106044255 
56 59 11 14 0.10557348 
546 322 15 18 0.10394134 
252 389 17 23 0.10362879 
694 127 12 15 0.10138323 
629 134 13 16 0.10076023 
718 288 13 18 0.09738417 
87 139 12 15 0.094756655 
9 222 25 31 0.09287849 
414 354 38 49 0.09285823 
205 240 15 20 0.09112816 
0 199 10 16 0.08945779 
221 216 15 20 0.08938489 
1007 101 12 16 0.08888634 
172 12 13 17 0.08747922 
129 111 11 13 0.08477232 
246 214 13 17 0.08423359 
63 63 12 15 0.08408342 
221 132 11 14 0.08372149 
596 106 10 14 0.08362019 
262 247 20 26 0.08352229 
631 127 8 11 0.08156872 
53 420 23 32 0.08139442 
247 195 13 16 0.08023901 
170 308 13 18 0.07994025 
88 213 12 15 0.079516694 
155 308 16 21 0.07823836 
331 273 15 21 0.07797554 
119 98 11 14 0.07750726 
724 139 16 19 0.07651186 
157 119 10 12 0.076101296 
307 332 15 18 0.075589955 
92 220 11 15 0.07557299 
201 231 16 20 0.07485612 
425 299 17 22 0.073953904 
558 624 29 35 0.073720686 
175 116 8 12 0.07264025 
501 303 14 18 0.07225801 
101 341 14 18 0.07222744 
958 128 13 16 0.071940966 
86 100 12 14 0.071724586 
129 275 24 32 0.07150207 
607 125 9 12 0.07082449 
39 133 10 13 0.07071942 
293 418 27 36 0.07066108 
274 284 22 32 0.07043124 
817 3 50 55 0.07009613 
84 355 14 19 0.069940284 
44 37 10 13 0.069822095 
199 118 10 12 0.06977125 
289 402 17 20 0.06965622 
233 460 28 35 0.06939948 
879 354 25 35 0.06892217 
614 126 9 12 0.068827555 
252 210 16 19 0.068187654 
147 127 11 14 0.06796142 
389 348 25 31 0.067937344 
545 629 58 53 0.06721576 
724 284 14 19 0.0669474 
138 116 12 14 0.06666358 
162 349 23 30 0.066422984 
182 266 22 30 0.0657982 
149 204 10 13 0.065723814 
202 27 15 18 0.06549906 
306 376 18 23 0.065385304 
654 104 10 14 0.06523543 
468 298 16 18 0.065013714 
812 488 25 32 0.06470752 
132 402 18 23 0.0642856 
20 285 24 31 0.064066775 
80 78 10 14 0.063721 
770 248 14 18 0.063391894 
464 298 13 17 0.06337013 
83 360 22 31 0.0633131 
587 180 13 16 0.06327991 
47 61 11 13 0.06196146 
628 199 12 16 0.061758272 
211 320 37 51 0.06141502 
171 254 16 22 0.06131313 
93 226 12 16 0.061276518 
126 131 10 13 0.061274942 
492 469 41 49 0.06118166 
770 173 14 18 0.06062275 
179 211 26 31 0.0605677 
660 119 11 14 0.060402315 
203 321 24 32 0.059969377 
149 257 23 28 0.059582308 
700 325 26 35 0.058907416 
119 29 10 13 0.057808343 
700 126 12 16 0.057641268 
148 267 14 19 0.057461273 
150 391 31 37 0.057443894 
395 353 28 36 0.05685919 
354 416 15 21 0.056602083 
73 364 25 32 0.056256186 
74 221 12 16 0.05613649 
52 114 14 18 0.056055162 
353 416 25 34 0.05565401 
244 244 23 29 0.055054184 
75 0 15 17 0.054744765 
74 61 11 14 0.054700844 
680 116 10 12 0.05433029 
126 101 9 12 0.054307945 
52 226 23 30 0.05385662 
756 177 13 17 0.05385195 
142 212 11 14 0.05359825 
243 375 24 35 0.053124044 
110 63 10 13 0.052670095 
256 148 9 13 0.052482296 
107 282 14 20 0.052377883 
287 428 37 47 0.051996298 
92 133 12 16 0.051697865 
639 528 14 18 0.05137788 
906 529 31 41 0.05134732 
48 116 11 14 0.05087313 
376 425 29 40 0.050203383 
584 132 11 15 0.049785472 
91 144 13 17 0.04936758 
7 131 11 14 0.049092587 
725 116 13 17 0.048618075 
758 114 14 20 0.048214365 
221 196 13 15 0.047594942 
77 371 15 20 0.046642523 
189 29 12 14 0.046609953 
196 236 19 24 0.046435874 
203 253 22 26 0.046337392 
151 375 28 35 0.046139248 
12 370 17 19 0.046030413 
111 278 21 32 0.045993842 
307 448 39 47 0.0459421 
44 332 16 19 0.0457819 
635 132 12 16 0.045747735 
324 331 17 20 0.045497447 
731 144 12 18 0.04546341 
688 476 43 65 0.045432936 
68 458 14 19 0.045195073 
252 194 16 19 0.045004617 
257 461 18 27 0.044985652 
43 138 14 17 0.044796027 
899 494 42 57 0.044672992 
624 132 22 27 0.044650063 
585 127 8 10 0.044483773 
319 260 14 19 0.04437386 
280 405 25 32 0.044346236 
59 126 13 15 0.04395766 
537 309 27 32 0.04362104 
94 13 11 15 0.04358357 
780 134 15 19 0.04335277 
776 430 36 56 0.043343566 
198 111 11 13 0.04315916 
151 419 47 52 0.043112908 
27 119 11 15 0.04277544 
960 117 22 26 0.04274192 
79 108 11 16 0.042421903 
981 55 24 29 0.042358078 
249 133 10 12 0.042290486 
248 141 10 13 0.04191698 
793 170 26 32 0.041563835 
601 124 9 12 0.041363146 
103 229 15 19 0.040935166 
700 113 12 15 0.040735617 
581 158 10 13 0.040677447 
973 115 17 21 0.040571403 
777 141 47 63 0.0401867 
754 322 16 22 0.040115952 
723 466 31 41 0.040018056 
174 356 24 30 0.039895404 
264 156 23 27 0.0398045 
320 428 17 22 0.03978963 
21 198 14 18 0.039615214 
687 126 12 15 0.039173905 
39 43 10 14 0.039143786 
64 84 9 13 0.03909114 
238 217 14 20 0.039086867 
214 462 31 41 0.038928676 
669 181 23 32 0.038786955 
686 110 11 14 0.038606815 
204 19 17 19 0.038300537 
750 130 11 16 0.038165543 
209 246 17 20 0.03814997 
483 623 60 54 0.03811773 
5 354 14 16 0.038023703 
454 348 20 26 0.03797958 
761 537 42 58 0.03776688 
168 119 9 12 0.037574247 
228 131 11 14 0.03749808 
597 79 11 15 0.037479382 
167 265 27 31 0.037380587 
88 18 11 15 0.037152834 
624 125 9 11 0.037074946 
406 24 8 11 0.036972065 
46 67 11 14 0.036962334 
91 342 23 27 0.0368039 
259 274 15 20 0.036775827 
863 334 38 48 0.03666576 
165 39 10 12 0.03663493 
199 255 12 18 0.036505736 
178 204 16 19 0.036313225 
742 124 12 16 0.036279853 
225 320 27 33 0.03607552 
167 124 8 11 0.03596603 
154 341 25 31 0.035951585 
732 171 13 19 0.035906915 
726 109 12 15 0.03580244 
149 274 21 28 0.035737686 
824 66 51 58 0.035553113 
183 37 11 13 0.03552447 
33 391 16 21 0.035497252 
292 261 24 31 0.035434287 
282 281 16 23 0.03534258 
61 214 13 17 0.035201278 
66 132 12 17 0.035126083 
429 445 47 59 0.035049297 
649 129 11 15 0.034878504 
117 255 19 28 0.034839656 
670 480 43 69 0.034719903 
116 373 43 57 0.034492027 
670 119 11 14 0.034485914 
640 185 13 16 0.034480397 
859 409 13 17 0.03430166 
620 489 48 65 0.034087438 
68 214 12 16 0.033932712 
639 194 13 17 0.033916585 
681 210 16 19 0.033865307 
80 132 12 15 0.033860732 
56 220 13 18 0.033790406 
734 108 10 15 0.03378509 
640 202 23 29 0.033572573 
178 10 17 20 0.0334052 
254 129 12 15 0.033370554 
3 400 42 54 0.03328929 
650 512 13 17 0.033016257 
672 147 10 14 0.03296638 
96 57 11 14 0.03289458 
59 410 24 32 0.032752868 
679 133 11 16 0.032674175 
162 390 20 23 0.032439273 
694 279 23 28 0.032353513 
287 248 25 29 0.032308318 
709 470 44 66 0.032189142 
633 203 16 22 0.032164644 
478 601 28 51 0.032012526 
313 326 22 27 0.0320084 
818 225 25 33 0.03185827 
93 237 20 26 0.031811647 
156 404 29 37 0.03171293 
333 1 11 11 0.031668175 
156 205 12 15 0.03156791 
245 224 14 18 0.031541083 
166 190 12 13 0.031535964 
94 124 12 15 0.031506915 
237 282 13 18 0.031474672 
555 325 24 30 0.031470153 
58 116 14 17 0.031436533 
42 216 15 19 0.0313856 
31 274 17 21 0.03133989 
83 402 14 18 0.031203128 
157 157 11 14 0.031106345 
178 252 15 21 0.03109915 
612 163 11 15 0.031057118 
635 175 22 28 0.030782742 
38 431 29 37 0.030769803 
78 388 23 30 0.030715173 
206 301 39 50 0.03070312 
194 266 15 24 0.030665606 
744 513 25 35 0.030601257 
712 488 17 22 0.030529125 
820 276 26 36 0.030419182 
669 110 11 14 0.030252237 
83 106 13 16 0.030183014 
638 634 41 47 0.030177722 
643 506 25 31 0.029993178 
55 123 12 15 0.029989988 
385 333 25 31 0.029882623 
2 16 22 29 0.029815817 
103 287 13 17 0.029745191 
741 322 25 31 0.029732995 
130 262 24 30 0.029663827 
131 148 11 13 0.029592358 
435 298 15 19 0.029540248 
841 54 48 61 0.029434849 
100 349 23 29 0.029417444 
463 40 10 11 0.029281463 
156 253 17 22 0.02925788 
680 151 14 17 0.029235441 
268 274 23 32 0.02920736 
14 601 64 62 0.02917788 
89 224 20 26 0.029158967 
415 302 27 36 0.029152261 
3 197 12 15 0.029123353 
792 82 28 34 0.029099947 
624 133 11 15 0.029063875 
57 360 38 50 0.0290329 
205 0 11 12 0.028980361 
308 253 13 17 0.028869106 
770 524 31 35 0.02871301 
639 127 9 13 0.02869165 
152 117 11 13 0.028675107 
648 119 13 16 0.028662086 
803 494 29 36 0.02857213 
11 289 18 22 0.0285021 
196 321 16 22 0.028491924 
59 57 21 25 0.028490283 
133 107 19 24 0.02845629 
716 241 15 19 0.02844281 
589 138 10 14 0.028407604 
120 146 13 16 0.0283742 
598 497 53 62 0.02836092 
582 184 16 19 0.02813984 
797 386 15 19 0.028118303 
126 367 16 22 0.028094495 
649 121 19 26 0.02803118 
80 102 10 13 0.027974026 
216 43 13 16 0.027960168 
89 376 17 21 0.027900917 
663 109 10 13 0.027893772 
355 330 18 24 0.027846513 
181 116 9 12 0.027689332 
550 641 34 35 0.027659584 
144 206 10 13 0.02758683 
464 608 54 62 0.027562317 
70 93 9 12 0.027549753 
590 126 9 11 0.027517313 
45 93 10 14 0.027478449 
119 119 18 24 0.027428035 
69 86 9 12 0.027409023 
102 382 15 21 0.027276563 
321 336 23 28 0.027272098 
239 198 13 15 0.027091324 
569 641 31 37 0.026972547 
262 147 12 15 0.026893714 
854 343 25 32 0.026892139 
638 108 9 11 0.026878508 
664 126 20 26 0.026788827 
259 377 38 53 0.026610516 
169 139 11 13 0.02649333 
591 91 12 16 0.026487432 
734 246 13 18 0.02645556 
185 3 17 17 0.02627169 
934 566 29 36 0.026163101 
222 190 13 14 0.026143108 
84 216 21 25 0.026141696 
586 170 15 18 0.026128633 
279 243 19 23 0.026094679 
788 528 32 37 0.026086736 
600 202 28 34 0.026047125 
1 391 14 23 0.026025828 
846 408 24 34 0.025995348 
544 450 19 21 0.025945507 
302 440 31 38 0.025745926 
37 127 10 12 0.025743475 
12 199 22 26 0.025559178 
39 50 10 14 0.025534714 
93 383 22 31 0.025527349 
757 515 24 36 0.025483118 
826 274 47 60 0.025447533 
701 482 27 37 0.02542771 
300 252 14 18 0.025427256 
232 106 10 14 0.02542196 
709 148 13 17 0.02532721 
738 527 39 52 0.025292095 
163 277 23 28 0.025273958 
147 209 12 18 0.025258517 
143 625 53 63 0.025119156 
684 115 12 15 0.025117468 
107 222 15 18 0.025109809 
435 603 55 67 0.025065035 
20 218 21 26 0.025016692 
1011 105 11 16 0.024917431 
470 91 14 16 0.02491208 
57 234 28 32 0.02485652 
145 399 20 27 0.024840413 
628 118 10 12 0.024823368 
706 289 17 21 0.024817817 
631 109 9 12 0.024804901 
709 117 11 14 0.02476928 
440 50 11 14 0.024699388 
622 197 14 18 0.02463856 
111 100 12 15 0.024461498 
180 372 26 35 0.024440734 
256 156 10 14 0.024433928 
614 132 9 11 0.024359759 
730 472 41 56 0.02435096 
860 466 40 51 0.024337066 
200 33 11 14 0.024331655 
661 139 12 16 0.024310762 
729 281 16 19 0.02428315 
304 261 22 30 0.024209885 
233 100 11 15 0.024196405 
269 151 11 13 0.024186268 
123 404 28 36 0.024133015 
208 345 27 38 0.024127014 
44 343 15 20 0.024070624 
251 91 11 13 0.024019213 
255 392 20 30 0.024012096 
65 92 10 12 0.023944553 
155 363 26 31 0.023859965 
723 503 42 57 0.02385883 
40 116 10 13 0.02385846 
634 155 12 17 0.023791896 
215 128 11 13 0.023762729 
40 217 41 50 0.023714583 
93 290 13 16 0.023652831 
77 214 11 14 0.023600483 
716 156 15 19 0.023598162 
500 299 23 28 0.023558587 
692 111 19 22 0.02348115 
889 479 43 55 0.023455787 
77 18 14 16 0.023395943 
749 176 16 20 0.023335962 
325 255 15 19 0.023196097 
190 155 12 15 0.023116596 
133 105 11 13 0.023099734 
639 189 22 29 0.023049941 
302 335 15 19 0.02294068 
851 425 16 22 0.02292065 
290 382 26 33 0.022915876 
442 623 65 69 0.022882087 
676 124 12 16 0.022846239 
51 443 15 21 0.022824673 
732 114 12 17 0.022751825 
137 125 12 15 0.022694722 
30 84 11 14 0.022669815 
32 444 29 39 0.022653101 
355 430 33 41 0.022628374 
236 235 13 17 0.022584995 
860 351 15 19 0.022561062 
6 424 30 36 0.022549272 
78 406 15 19 0.022537518 
443 296 14 19 0.022512676 
590 100 19 26 0.022499308 
10 371 25 32 0.022488605 
601 599 44 61 0.022439925 
220 39 13 15 0.02240807 
152 376 14 18 0.02231773 
644 149 11 13 0.022226177 
884 352 16 22 0.022199893 
21 112 12 14 0.022160733 
732 315 15 19 0.022156369 
547 319 25 29 0.022150733 
220 271 22 26 0.022142243 
96 67 10 13 0.022130243 
44 225 16 19 0.022120265 
339 393 39 46 0.022057204 
187 259 13 18 0.022020604 
720 118 22 29 0.021996794 
101 275 23 31 0.021987779 
707 283 45 57 0.021955606 
172 135 11 14 0.021941582 
495 357 28 39 0.021932144 
484 351 15 20 0.021913027 
104 344 17 22 0.021910189 
154 289 23 32 0.021890044 
293 449 29 37 0.021872742 
181 198 13 15 0.021870635 
267 460 30 39 0.021865536 
400 28 9 12 0.021855555 
28 42 14 19 0.02184796 
164 421 26 35 0.021836378 
530 298 44 50 0.021831045 
749 496 39 53 0.021766637 
132 141 9 12 0.021755908 
124 94 10 14 0.021703118 
102 118 11 15 0.021632165 
238 357 28 38 0.021630645 
616 200 21 26 0.021617737 
460 335 26 34 0.021611223 
854 259 14 17 0.021590268 
60 108 12 15 0.02157623 
739 178 14 19 0.021568017 
636 515 23 31 0.021545298 
613 120 11 13 0.021495651 
850 409 37 52 0.021475917 
7 83 11 15 0.021446565 
717 144 16 19 0.021439882 
422 379 26 33 0.02141103 
474 341 23 31 0.021350097 
77 68 11 13 0.021324906 
11 77 12 14 0.021315694 
604 83 11 14 0.021287754 
303 339 23 27 0.02128 
166 5 13 15 0.02127299 
567 127 9 10 0.021256283 
227 196 12 14 0.021233594 
42 503 41 54 0.021226559 
616 4 11 13 0.02121489 
101 221 13 17 0.021201925 
599 371 28 39 0.02119392 
71 34 12 15 0.021178307 
457 423 30 37 0.021166814 
238 102 12 16 0.021134017 
193 7 25 28 0.021088865 
497 632 18 25 0.021087661 
407 51 11 14 0.021078385 
317 549 17 22 0.021064507 
131 257 17 22 0.021047689 
37 509 28 32 0.021026531 
407 286 15 19 0.021025924 
54 66 11 14 0.020992573 
104 109 10 13 0.020956764 
655 137 12 16 0.020947788 
184 0 12 12 0.020919757 
70 269 13 17 0.020892816 
245 202 14 18 0.02089117 
371 411 16 19 0.020890797 
49 210 23 29 0.020885741 
739 116 14 18 0.020884704 
716 324 29 38 0.020870306 
23 85 11 15 0.020870091 
93 36 10 13 0.020746281 
778 419 27 42 0.020703644 
113 230 13 16 0.020665942 
266 456 15 23 0.020654911 
140 300 25 31 0.020653822 
599 132 9 12 0.02053732 
0 228 11 20 0.020526096 
145 314 24 29 0.020524638 
84 234 13 18 0.020516811 
697 240 22 27 0.020513237 
664 146 10 14 0.02048136 
120 357 18 22 0.020470347 
-1 206 12 20 0.02043417 
410 395 19 22 0.020420946 
591 158 11 14 0.020412587 
228 189 12 14 0.020401105 
765 202 14 17 0.020397922 
732 164 13 18 0.020391338 
828 221 23 30 0.020374626 
85 138 22 28 0.020362357 
754 516 15 22 0.02030899 
588 164 12 14 0.020237593 
163 290 16 21 0.020223338 
100 139 11 14 0.020218434 
766 123 84 113 0.020191418 
234 345 18 25 0.020176403 
332 340 17 22 0.020140257 
116 282 25 39 0.020127846 
251 277 23 29 0.02011052 
984 92 10 13 0.020076036 
455 454 32 42 0.020073138 
667 279 29 34 0.020068059 
237 366 41 57 0.020019371 
