2_Demonstration_Demonstration_Or_Protest_2_360
723
857 600 59 70 0.99809176 
682 561 25 32 0.99117166 
951 582 53 65 0.98868865 
617 593 27 36 0.98620844 
653 619 48 54 0.98131883 
512 600 39 52 0.96780413 
776 586 28 33 0.9635121 
582 555 23 29 0.9075777 
785 624 33 38 0.87475514 
560 648 49 52 0.8239711 
475 575 28 37 0.8167391 
780 551 22 28 0.77670634 
614 550 22 26 0.7616185 
664 543 17 21 0.7199618 
504 556 17 23 0.6878126 
520 530 11 14 0.6728338 
809 584 32 37 0.6549117 
797 532 14 16 0.56905407 
555 569 23 28 0.56664693 
538 543 15 18 0.5524128 
372 558 13 18 0.5096023 
321 565 15 18 0.507203 
216 574 25 30 0.39280522 
647 571 14 19 0.3910731 
858 521 18 22 0.35017177 
581 525 9 10 0.33396065 
701 452 60 91 0.31864783 
772 589 43 54 0.31333092 
903 517 11 13 0.3119875 
957 520 26 36 0.30443686 
85 648 25 32 0.30099356 
397 562 11 14 0.28837234 
66 607 18 22 0.27133518 
350 539 9 12 0.26400912 
142 571 14 18 0.25928307 
6 533 12 16 0.25253817 
755 570 18 25 0.24754758 
608 534 10 13 0.23755853 
105 599 17 20 0.22832087 
537 516 9 12 0.22666423 
485 538 10 13 0.22044311 
809 296 187 200 0.2106824 
338 526 8 11 0.20466816 
637 542 10 12 0.19668017 
340 557 11 13 0.19440003 
62 546 10 14 0.18735276 
437 577 12 16 0.18686347 
193 631 48 57 0.18526772 
417 549 10 14 0.18514597 
310 551 10 13 0.18285377 
100 549 12 14 0.18202753 
596 535 12 15 0.17740454 
76 569 21 29 0.1759605 
95 549 11 14 0.16826417 
38 639 14 19 0.16669612 
631 533 10 13 0.16606985 
926 572 22 35 0.1644506 
526 511 10 12 0.15895727 
442 668 30 34 0.15492441 
638 515 12 15 0.15262483 
462 511 10 13 0.14255846 
142 603 26 33 0.13643089 
140 549 13 17 0.13399504 
566 509 8 10 0.1306564 
689 509 10 13 0.13063575 
191 640 29 39 0.13048546 
6 531 20 28 0.12960286 
329 543 8 11 0.12721163 
422 493 8 10 0.12506986 
349 510 9 11 0.12284911 
609 526 9 11 0.12167444 
604 538 12 16 0.12015955 
748 534 14 16 0.1199893 
773 517 10 12 0.11770999 
770 559 26 33 0.11635093 
768 578 28 34 0.11551889 
539 563 12 16 0.11466943 
576 615 30 34 0.11461735 
312 493 12 14 0.11305363 
76 581 15 20 0.112089075 
29 570 22 30 0.11091332 
638 545 12 16 0.11086452 
336 551 9 11 0.10919224 
383 547 10 12 0.10835946 
367 579 15 18 0.1076161 
578 520 8 11 0.10738454 
561 565 15 18 0.10662805 
814 517 11 13 0.10639591 
585 505 6 9 0.10456444 
590 510 8 10 0.10365666 
424 488 8 11 0.10357928 
39 540 11 14 0.102559395 
854 518 15 19 0.10240156 
367 542 9 11 0.10056106 
58 640 26 32 0.100446336 
374 541 11 12 0.10002567 
6 527 11 14 0.09858467 
568 505 8 10 0.09793579 
828 534 12 15 0.0962586 
135 657 14 19 0.09504651 
438 518 9 11 0.09463112 
29 569 15 19 0.09452624 
537 496 8 10 0.094082415 
116 558 11 15 0.09393477 
346 588 16 20 0.093877494 
95 517 8 10 0.092917606 
626 526 9 11 0.09264375 
410 511 7 10 0.09034053 
544 502 7 9 0.09016155 
435 476 11 13 0.09005305 
576 504 7 10 0.08967222 
542 512 9 11 0.08858397 
455 462 10 13 0.0884979 
681 578 27 35 0.087584175 
538 553 14 18 0.08746097 
24 525 10 13 0.085329354 
566 484 10 13 0.08517728 
580 534 10 12 0.08443997 
761 577 22 31 0.08439922 
679 530 15 18 0.08425866 
398 495 9 10 0.08420513 
218 414 22 44 0.08307949 
575 534 10 13 0.08292979 
30 533 9 12 0.08288855 
481 540 10 13 0.081767865 
596 586 13 17 0.0816441 
102 574 13 17 0.081620134 
551 504 8 9 0.08057489 
62 524 12 15 0.08042799 
89 549 10 13 0.079262525 
416 543 10 13 0.07899263 
579 539 13 15 0.078768164 
788 537 20 26 0.07757994 
254 560 12 13 0.07683434 
815 536 22 26 0.07598011 
376 525 7 10 0.074873194 
773 525 13 17 0.074554466 
502 551 14 18 0.073227316 
460 548 14 17 0.07294609 
445 574 12 16 0.072580546 
46 523 10 13 0.07135767 
980 558 33 40 0.07085371 
788 467 11 15 0.07052803 
391 512 7 10 0.070287995 
134 649 21 33 0.0701178 
475 556 11 14 0.06988153 
561 510 8 11 0.069865696 
360 525 8 10 0.06966032 
550 526 9 11 0.069460176 
379 557 12 17 0.06941001 
929 341 25 28 0.06912021 
319 558 11 13 0.069089405 
57 547 10 14 0.068645045 
416 494 8 10 0.06850011 
496 502 7 10 0.06836272 
823 585 20 23 0.06801369 
879 511 9 12 0.067741506 
464 492 7 10 0.067644 
385 512 7 9 0.067582816 
390 558 13 17 0.06716932 
343 518 9 11 0.067150734 
373 549 12 14 0.067082785 
2 540 10 16 0.06703574 
115 594 14 19 0.06694153 
408 518 8 10 0.06675226 
480 518 8 10 0.066345744 
944 497 13 16 0.06597312 
399 540 11 13 0.064325936 
317 534 9 11 0.064196676 
415 469 9 12 0.06415668 
452 545 13 18 0.06402302 
413 511 8 10 0.06401027 
29 527 9 11 0.064009845 
567 526 9 11 0.06397974 
598 600 16 20 0.06391556 
128 546 11 15 0.06390607 
726 13 250 262 0.063411824 
322 611 50 59 0.06330824 
683 426 102 137 0.06324571 
19 609 13 16 0.06320763 
455 531 10 12 0.0629788 
526 502 8 11 0.06282077 
359 540 9 13 0.062357213 
560 534 10 12 0.062153216 
65 642 39 48 0.06183448 
503 509 8 10 0.061458 
5 543 12 17 0.06081797 
305 557 11 14 0.060565602 
434 518 8 11 0.060533844 
432 558 10 13 0.060371477 
864 500 9 12 0.060334362 
469 534 10 11 0.060058374 
606 551 20 28 0.060057644 
566 532 10 14 0.059939105 
625 518 8 12 0.05969821 
911 578 28 36 0.059671737 
39 546 13 15 0.059442773 
399 549 12 14 0.058876395 
552 509 8 10 0.058855664 
885 519 9 10 0.05866061 
486 617 12 16 0.058068834 
377 536 8 11 0.057955302 
566 565 21 27 0.05785006 
41 523 9 12 0.05753584 
559 517 8 12 0.057511885 
435 603 18 22 0.05742342 
542 525 10 12 0.057292502 
89 573 22 29 0.05667211 
589 89 458 505 0.055808265 
647 533 10 12 0.05572329 
763 556 15 18 0.05556625 
398 502 8 9 0.05540341 
416 535 9 11 0.055207554 
497 509 7 9 0.05517671 
101 585 23 26 0.05515551 
119 609 13 18 0.05510908 
495 554 14 17 0.054985844 
33 561 23 28 0.05465835 
473 478 8 10 0.054544352 
316 526 9 10 0.05446913 
717 608 15 19 0.054417696 
441 535 9 12 0.054303132 
57 532 9 12 0.05399688 
897 512 10 12 0.053990033 
276 566 10 14 0.053748474 
438 557 10 14 0.05301669 
615 511 7 10 0.05291781 
421 565 12 15 0.05262429 
535 566 21 28 0.05255766 
575 509 9 10 0.05255571 
71 635 26 34 0.052269984 
391 542 10 13 0.05223407 
423 526 7 9 0.051978365 
968 562 51 66 0.051955435 
106 549 12 16 0.0516906 
374 519 8 10 0.05147967 
67 637 14 20 0.051274553 
836 479 9 10 0.051160417 
613 539 12 15 0.051155485 
105 501 8 10 0.050829355 
462 531 10 13 0.050492767 
360 519 9 10 0.050461184 
49 631 25 31 0.05042973 
179 633 31 40 0.05031768 
553 518 8 11 0.05024 
121 524 9 12 0.050235536 
599 511 9 11 0.050177537 
313 535 8 10 0.049726762 
422 49 385 461 0.04962094 
518 525 18 23 0.049456034 
68 564 11 13 0.049197905 
631 516 11 13 0.049168926 
5 517 10 13 0.049115617 
813 510 10 13 0.04906409 
391 527 9 10 0.048924185 
317 549 10 13 0.04892171 
37 536 11 13 0.048852768 
36 644 24 34 0.048805807 
19 540 11 16 0.04879485 
600 516 9 12 0.048781417 
467 550 13 15 0.048729926 
449 501 8 10 0.04860146 
391 517 8 9 0.048483 
405 540 11 12 0.04841507 
721 567 26 39 0.04830385 
96 547 21 26 0.048210785 
881 338 86 78 0.048143785 
395 555 19 24 0.048042167 
612 527 10 12 0.048030626 
646 526 9 12 0.047815345 
446 538 11 17 0.047786087 
49 647 29 37 0.047709115 
421 535 9 10 0.047463425 
351 516 8 10 0.04737467 
684 535 15 19 0.04715319 
926 530 11 14 0.0469581 
973 502 13 17 0.046957113 
550 488 8 10 0.046898387 
494 524 8 11 0.046808325 
424 519 7 10 0.046802357 
68 523 12 15 0.046678826 
462 487 8 11 0.04658833 
480 512 7 9 0.046557687 
481 493 8 11 0.04638892 
140 610 16 22 0.04631546 
457 486 9 11 0.04625097 
0 508 9 14 0.04610583 
426 379 15 18 0.046023894 
82 628 16 21 0.045939367 
157 540 11 13 0.045928456 
371 572 13 16 0.045816675 
369 519 8 10 0.045768663 
205 622 37 42 0.04569067 
633 510 10 13 0.04559555 
470 540 10 14 0.04547115 
567 516 8 11 0.045170028 
547 545 13 17 0.04516648 
766 525 13 17 0.045088768 
20 661 12 18 0.045072716 
545 487 8 10 0.04505983 
119 519 9 11 0.045054466 
601 596 23 31 0.045014035 
520 537 11 15 0.04490882 
503 502 9 11 0.044727482 
448 546 11 16 0.044650797 
369 548 10 12 0.044635464 
452 570 12 18 0.044506785 
386 485 8 11 0.044313066 
757 523 12 15 0.04415154 
751 525 12 15 0.043990444 
522 510 9 11 0.043989655 
525 546 12 15 0.043981887 
126 541 11 14 0.043802027 
306 609 13 17 0.043463387 
345 536 10 12 0.043100353 
562 486 9 12 0.042455662 
362 595 16 22 0.04235549 
16 518 10 12 0.04234025 
274 548 9 13 0.042312577 
393 503 8 9 0.042311795 
397 535 11 12 0.04224324 
366 537 8 10 0.04195292 
132 593 14 18 0.041890915 
390 549 10 12 0.04180994 
121 604 24 29 0.041766714 
444 516 10 12 0.04173381 
737 563 28 42 0.041541047 
393 494 8 10 0.04145384 
816 553 18 21 0.041329347 
132 543 14 18 0.04120736 
27 647 23 32 0.041137423 
522 503 8 10 0.041107096 
591 527 8 10 0.041048806 
755 532 14 17 0.040973924 
972 520 28 39 0.04094675 
663 509 10 13 0.040883377 
310 542 11 13 0.04075228 
693 511 12 15 0.040526804 
885 525 10 14 0.040514227 
348 594 22 28 0.04051215 
803 527 12 15 0.0405004 
487 495 7 10 0.040422644 
318 518 9 12 0.040340368 
390 486 8 11 0.0403215 
13 526 11 13 0.04022162 
743 539 14 18 0.040185943 
564 558 12 14 0.040042702 
323 560 11 13 0.039980292 
368 524 8 11 0.039870292 
208 664 33 41 0.039802637 
95 513 8 10 0.039568223 
36 557 16 18 0.03944978 
429 562 12 15 0.039420847 
957 526 17 21 0.039417837 
693 505 10 13 0.039405834 
597 557 20 27 0.039196193 
304 563 10 13 0.038976353 
153 571 15 18 0.038766336 
524 540 11 14 0.03876266 
491 540 10 13 0.03860961 
606 518 9 11 0.03858616 
73 605 16 20 0.038557757 
153 535 9 12 0.03845982 
246 560 22 27 0.03845313 
335 532 8 11 0.03833609 
834 533 12 15 0.038068395 
644 540 11 14 0.038019568 
109 553 13 18 0.037941366 
347 557 11 15 0.037768587 
400 488 8 11 0.037765805 
23 579 22 32 0.037606124 
559 525 9 11 0.037591394 
653 608 33 41 0.03735328 
106 578 13 17 0.03730497 
625 531 10 12 0.037237085 
446 485 9 11 0.037111953 
479 503 7 9 0.036934327 
478 550 10 13 0.036809493 
614 569 15 21 0.036729604 
408 492 9 10 0.036640268 
22 530 11 15 0.03659513 
48 512 8 9 0.036573596 
487 580 16 21 0.03651163 
607 510 9 12 0.03649783 
49 598 23 26 0.036400836 
586 597 23 28 0.036321763 
654 533 10 12 0.036294617 
541 533 12 14 0.03616818 
590 505 7 9 0.03616483 
509 501 9 10 0.03601674 
486 519 7 10 0.035909887 
120 532 10 13 0.035850026 
384 480 9 11 0.035663597 
935 491 11 15 0.035660475 
331 592 47 53 0.035653345 
812 559 16 19 0.035614017 
134 495 8 11 0.03531168 
654 542 21 26 0.035202358 
503 535 9 12 0.03514904 
126 590 12 17 0.035141688 
380 534 10 11 0.034986414 
431 576 23 29 0.034639627 
741 546 14 18 0.03463736 
471 504 8 10 0.03463282 
605 545 14 18 0.034503978 
390 573 13 19 0.0344947 
383 527 9 10 0.034373842 
135 612 28 36 0.03436556 
381 578 14 20 0.034178495 
585 496 7 9 0.03415921 
553 494 7 10 0.03397778 
633 542 19 25 0.033921566 
73 613 18 23 0.03386953 
83 605 13 16 0.033832625 
559 494 8 10 0.03382673 
511 485 8 10 0.03364387 
747 543 16 20 0.033634484 
608 502 7 9 0.03355698 
319 540 10 13 0.033459436 
495 497 8 10 0.033380296 
67 547 10 14 0.033310715 
657 111 52 72 0.03328157 
511 518 8 10 0.033274837 
393 533 9 12 0.033162884 
905 522 13 14 0.033102944 
407 525 8 10 0.033091795 
557 550 11 16 0.03300652 
384 516 8 10 0.032964114 
867 519 13 16 0.032940302 
71 572 12 18 0.032938667 
1 524 11 15 0.032911215 
623 512 8 10 0.03287437 
560 504 8 10 0.03286523 
601 504 7 9 0.032860193 
772 525 22 26 0.032797027 
415 475 9 11 0.03270897 
754 556 24 29 0.032544423 
735 541 12 16 0.032479823 
979 500 13 17 0.03242287 
33 581 25 34 0.032416232 
488 525 9 12 0.032144982 
133 639 13 19 0.03203724 
440 482 9 13 0.0318656 
528 487 7 9 0.031851344 
362 582 21 26 0.03179535 
790 552 18 22 0.03175465 
9 554 13 19 0.031750828 
535 534 10 12 0.03171336 
160 521 7 8 0.031520814 
656 564 23 29 0.031520598 
981 656 43 64 0.03151751 
446 553 12 17 0.031465247 
415 517 8 11 0.031389862 
135 632 24 37 0.03134233 
677 538 13 18 0.03127815 
147 568 14 18 0.03126938 
351 504 8 10 0.031213755 
847 359 72 87 0.03119292 
350 583 13 16 0.031163564 
567 166 129 160 0.031043112 
512 560 14 19 0.031025331 
503 524 9 11 0.03101929 
430 574 14 18 0.030976161 
168 527 8 11 0.030955892 
985 523 31 39 0.030926367 
648 503 8 10 0.030612322 
136 573 21 27 0.0305594 
272 556 12 14 0.030460628 
555 651 31 35 0.03042108 
412 544 19 24 0.030398048 
775 499 10 12 0.03039171 
551 532 10 12 0.030345432 
570 607 27 33 0.0303142 
400 518 8 10 0.029898874 
21 519 10 12 0.029777164 
595 533 20 25 0.029711936 
353 526 8 10 0.02963263 
510 511 8 10 0.029570231 
312 572 11 14 0.02956709 
943 603 54 75 0.029555717 
368 503 8 10 0.029501496 
155 548 25 29 0.029490063 
167 550 13 16 0.029379519 
142 549 21 28 0.029352631 
643 548 11 15 0.029301433 
315 498 12 15 0.029261442 
753 548 40 52 0.0292394 
461 526 11 12 0.029170694 
919 511 9 11 0.029093869 
711 580 26 32 0.028822476 
311 478 8 9 0.028769711 
591 517 9 11 0.028750546 
598 527 10 11 0.028450565 
268 582 15 18 0.02841063 
831 527 12 14 0.0283829 
400 510 7 10 0.028353328 
394 576 16 22 0.028226603 
589 591 16 20 0.028198294 
541 496 9 11 0.028164202 
589 578 22 28 0.02812885 
488 472 7 10 0.028120656 
52 577 13 18 0.028111815 
537 524 10 12 0.027961954 
878 525 12 16 0.027959831 
654 542 11 14 0.02794581 
510 496 9 10 0.02793363 
32 558 12 16 0.027921597 
223 552 10 12 0.0278473 
940 490 22 26 0.027749924 
504 519 8 10 0.027728839 
513 524 9 12 0.027625501 
149 549 11 15 0.027586093 
460 461 9 13 0.027562043 
149 597 14 17 0.027523378 
175 621 25 33 0.027464373 
848 523 21 28 0.027460627 
663 532 11 13 0.027429044 
129 598 26 31 0.027406741 
625 503 7 9 0.027275195 
565 611 14 18 0.027274512 
632 558 22 28 0.02726833 
32 539 10 13 0.027263846 
415 504 7 9 0.027239904 
439 523 9 11 0.027218115 
180 624 14 20 0.027217759 
270 570 14 17 0.027160259 
63 511 10 12 0.02712695 
788 523 21 26 0.027074063 
904 489 10 12 0.027017586 
519 571 13 16 0.026971005 
80 499 9 13 0.026959922 
274 581 15 19 0.02694102 
715 535 14 18 0.026877604 
109 502 9 10 0.02687165 
46 533 11 13 0.026779693 
103 532 9 11 0.026774934 
417 526 8 10 0.02676787 
488 512 7 8 0.026575442 
377 512 7 10 0.026553214 
142 520 8 10 0.02651903 
892 574 30 38 0.026487185 
606 530 18 22 0.026480561 
385 504 8 10 0.026450053 
606 577 12 19 0.026406199 
28 631 22 30 0.026329068 
51 588 14 18 0.026307689 
641 574 25 30 0.026259862 
258 563 14 17 0.026181573 
481 531 18 23 0.02618077 
168 533 9 11 0.02614917 
114 517 8 11 0.02612086 
700 525 22 29 0.02603753 
764 591 14 22 0.026002001 
449 495 7 10 0.025923813 
801 535 14 18 0.025920896 
31 520 9 11 0.025919275 
377 547 19 23 0.025906805 
124 644 24 31 0.025880344 
43 593 16 20 0.025850559 
591 494 8 10 0.02583846 
871 508 11 14 0.025833769 
404 555 13 15 0.025801146 
90 517 8 11 0.02577643 
503 541 11 13 0.025750704 
632 504 8 9 0.025749732 
680 547 23 30 0.025685694 
164 538 24 29 0.025672639 
96 596 22 27 0.025636481 
454 503 8 10 0.025609585 
78 520 8 11 0.025603192 
102 564 13 16 0.025580024 
705 566 27 35 0.02557675 
791 515 10 13 0.025446776 
140 620 39 52 0.025409382 
540 610 26 35 0.025375674 
449 544 21 29 0.02536102 
777 538 24 29 0.025354432 
263 577 25 32 0.025346067 
709 507 29 36 0.025333479 
649 496 7 10 0.025292112 
708 530 24 30 0.025283804 
64 594 22 28 0.025279613 
704 524 13 17 0.025274048 
121 616 24 31 0.025250904 
591 539 12 15 0.025223738 
967 507 13 17 0.02521441 
705 603 23 30 0.025155291 
661 597 28 34 0.02514455 
419 392 16 18 0.025100954 
463 505 10 12 0.025085274 
797 516 11 12 0.025065463 
404 548 13 15 0.024842063 
8 384 34 42 0.024733575 
828 555 14 17 0.024718784 
496 486 7 9 0.024702998 
247 569 13 16 0.024696302 
367 512 8 10 0.024689957 
134 500 9 11 0.024662718 
384 469 8 11 0.024657125 
869 486 9 12 0.024607847 
126 520 8 11 0.024515547 
359 511 9 12 0.024403414 
136 519 8 11 0.024394203 
448 666 20 21 0.024357487 
620 543 12 15 0.024332345 
84 568 13 16 0.024323793 
517 577 15 19 0.02429193 
57 539 20 24 0.024192126 
486 547 10 14 0.024172986 
14 529 20 25 0.024151599 
572 482 10 14 0.02410686 
614 517 10 11 0.024042714 
455 493 9 11 0.024030922 
464 549 20 26 0.023945753 
159 524 9 11 0.023904465 
418 373 17 20 0.023874646 
670 561 23 31 0.023718454 
457 515 10 13 0.023673419 
709 522 15 18 0.023672372 
691 531 15 19 0.023659473 
967 501 23 29 0.023654018 
869 494 10 13 0.023638375 
513 533 11 13 0.02360491 
525 571 13 16 0.02353719 
21 559 23 30 0.023507856 
176 517 8 10 0.023500476 
196 585 15 20 0.023389602 
559 556 12 16 0.023292128 
446 512 8 10 0.023272296 
628 531 19 22 0.023244632 
305 535 8 10 0.023150817 
468 509 10 11 0.023143537 
34 511 8 10 0.023105333 
799 502 9 11 0.023083145 
949 541 48 59 0.023027025 
102 526 9 12 0.02294949 
19 635 15 21 0.022927452 
670 516 10 12 0.022841135 
409 505 7 10 0.022838112 
601 586 15 20 0.022811728 
737 549 25 37 0.022787139 
576 562 13 19 0.022785716 
432 502 8 10 0.022709366 
51 625 15 18 0.022705339 
655 503 9 11 0.02269374 
884 542 12 15 0.022650825 
615 572 23 29 0.022627415 
817 569 26 32 0.022586068 
638 505 9 11 0.022581816 
489 479 8 9 0.022549419 
334 552 19 24 0.022515768 
453 565 23 32 0.022494035 
345 503 8 10 0.022453433 
475 114 238 284 0.022255572 
636 552 14 19 0.022247562 
858 429 11 13 0.02222328 
724 570 15 22 0.022198956 
90 558 24 30 0.022198753 
52 565 12 17 0.022150997 
154 606 30 39 0.022135576 
521 517 9 11 0.02212021 
899 515 22 26 0.022045804 
836 484 10 13 0.022008676 
68 597 14 18 0.021978352 
936 570 29 38 0.021950185 
88 526 9 12 0.021902006 
105 555 21 27 0.021859825 
644 509 10 13 0.021846335 
718 578 14 19 0.021813713 
328 536 8 12 0.021777727 
691 592 25 31 0.021753691 
455 479 10 11 0.021749161 
421 463 10 11 0.021736382 
908 501 10 13 0.021712093 
634 511 19 25 0.021556651 
478 574 15 21 0.021535289 
658 509 9 12 0.021474836 
441 569 19 26 0.021457896 
308 563 12 15 0.021375569 
173 527 10 12 0.02135973 
304 541 10 11 0.021298261 
16 645 24 33 0.021270907 
398 526 9 10 0.021157272 
935 511 10 13 0.02114238 
918 547 13 17 0.021135079 
391 468 9 11 0.021129383 
1013 507 10 17 0.0211202 
764 587 24 35 0.021106513 
42 574 16 22 0.021091836 
138 578 12 15 0.021085324 
912 611 45 66 0.021022242 
62 516 21 26 0.021011235 
61 611 17 23 0.020944376 
600 496 7 9 0.020779202 
42 603 40 49 0.020778362 
876 494 9 12 0.020762408 
627 548 14 18 0.020711545 
7 552 21 31 0.020682698 
668 531 14 17 0.020665778 
6 632 26 33 0.020635314 
275 551 97 121 0.020605601 
670 525 12 14 0.02059887 
425 501 8 10 0.02056625 
576 496 8 9 0.020546181 
993 529 20 23 0.020481952 
22 522 19 25 0.02045616 
383 464 9 12 0.02041097 
980 494 14 15 0.020367391 
724 540 12 15 0.020360487 
487 486 9 11 0.020353872 
14 604 21 27 0.020342737 
793 591 42 54 0.02029997 
700 585 25 31 0.020280074 
807 561 13 17 0.020255659 
895 532 10 12 0.020235222 
128 629 24 30 0.020223806 
115 630 21 29 0.020211115 
189 532 12 15 0.020200994 
438 501 9 10 0.020175898 
142 512 8 10 0.020118035 
303 551 18 24 0.020104347 
102 519 8 10 0.02004648 
311 579 26 32 0.020026693 
