2_Demonstration_Demonstration_Or_Protest_2_304
120
192 275 51 71 0.9980855 
763 289 103 116 0.996727 
303 385 36 46 0.9958275 
546 346 47 65 0.9951284 
372 362 36 44 0.98814654 
431 377 42 53 0.9851008 
260 382 41 53 0.9772107 
680 402 44 55 0.97704893 
523 346 47 65 0.967378 
78 384 33 44 0.9575082 
38 409 22 29 0.7884217 
610 369 26 35 0.64895004 
115 724 182 261 0.5845099 
920 380 29 42 0.51701236 
285 327 25 35 0.45839152 
722 393 35 48 0.31300887 
26 405 14 20 0.17607193 
869 654 55 62 0.1578851 
0 556 11 19 0.11000099 
100 659 47 59 0.106786616 
0 405 8 16 0.10057511 
768 590 71 75 0.06701124 
612 320 15 20 0.06603011 
705 343 28 33 0.06444443 
567 358 39 55 0.056396835 
604 313 26 34 0.054765914 
319 382 29 40 0.052867096 
924 383 43 57 0.05197743 
969 428 49 62 0.05145349 
770 50 14 17 0.05017734 
791 54 11 14 0.048526127 
562 295 17 23 0.048163977 
25 390 38 48 0.046105936 
262 305 38 53 0.045550417 
868 446 52 63 0.04527644 
639 365 15 19 0.042947564 
22 275 50 65 0.041980315 
1000 106 20 30 0.041779947 
0 398 8 15 0.040796965 
954 331 15 19 0.04008212 
233 297 31 43 0.03937554 
60 384 39 51 0.039311815 
663 355 13 17 0.038997088 
581 319 27 34 0.038927197 
329 283 24 35 0.03892459 
284 637 14 17 0.03755565 
53 570 34 38 0.036963925 
539 424 38 50 0.03685694 
19 579 347 452 0.035932593 
361 371 30 37 0.035136018 
148 266 15 21 0.034055978 
703 401 37 45 0.034021486 
200 675 64 96 0.03368 
46 393 13 18 0.03355722 
330 338 18 22 0.032839406 
923 370 15 19 0.031776715 
379 2 18 19 0.031012377 
637 0 10 10 0.030773975 
263 762 13 15 0.030366637 
264 212 9 13 0.030275865 
207 357 42 53 0.029764444 
159 617 29 38 0.029020721 
515 357 36 45 0.028965076 
33 352 25 32 0.027948199 
0 399 20 30 0.027656551 
50 402 14 21 0.027612705 
292 124 122 153 0.027304053 
660 32 10 12 0.027023757 
662 198 95 114 0.026989058 
9 398 23 29 0.026977476 
279 637 10 14 0.02694934 
28 398 13 18 0.026712213 
3 403 13 19 0.026253711 
244 397 46 58 0.026171643 
524 265 13 17 0.026077082 
169 299 28 35 0.025972152 
23 395 24 32 0.025687391 
952 41 26 31 0.02566099 
285 729 16 17 0.025095211 
117 642 50 68 0.024980087 
226 658 36 48 0.024707884 
989 420 32 39 0.024330325 
6 388 38 48 0.024112213 
177 657 34 41 0.024066329 
135 626 48 66 0.024050308 
28 456 17 21 0.02403133 
577 265 15 18 0.02379602 
679 699 115 154 0.02348231 
85 457 22 33 0.023351438 
509 252 14 16 0.023291606 
974 483 12 16 0.023238847 
369 333 46 59 0.023038037 
254 709 11 14 0.022920055 
781 67 14 20 0.02269871 
210 242 13 18 0.022692004 
809 977 57 55 0.022416161 
750 0 13 13 0.022267077 
195 653 59 74 0.022263367 
830 485 36 46 0.022254394 
11 392 14 20 0.022178803 
774 34 13 17 0.022089308 
462 368 27 38 0.021852536 
538 449 27 31 0.02182876 
998 716 28 43 0.021805834 
225 367 41 52 0.021189062 
35 384 27 35 0.02118566 
978 329 16 21 0.021014139 
220 361 20 23 0.020955233 
62 121 31 38 0.020920118 
782 61 12 16 0.020886697 
434 286 30 32 0.020749133 
46 404 25 33 0.020620013 
16 742 56 69 0.020552639 
116 608 86 110 0.02051702 
1004 21 13 18 0.020376699 
0 661 10 16 0.020270612 
280 669 11 13 0.020248543 
665 415 23 32 0.02022801 
764 12 16 20 0.020089444 
43 358 24 35 0.020004973 
