2_Demonstration_Demonstration_Or_Protest_2_395
130
872 335 56 83 0.978211 
797 477 138 164 0.7752023 
948 250 83 119 0.7366274 
457 294 184 227 0.6766517 
746 339 48 64 0.39197704 
76 19 46 74 0.27016792 
563 222 24 28 0.19375804 
828 323 24 28 0.14614564 
767 346 52 67 0.138174 
378 51 189 262 0.124359265 
906 263 50 75 0.11487591 
816 359 45 63 0.11399258 
534 335 105 157 0.110169195 
255 100 14 17 0.108414344 
816 500 86 105 0.10134825 
597 101 50 77 0.086330846 
868 249 87 124 0.08574347 
180 67 17 21 0.078203216 
337 88 13 17 0.07169465 
916 185 15 19 0.06966483 
811 275 25 35 0.068400845 
964 246 32 43 0.061766848 
275 105 18 22 0.059626594 
300 107 16 18 0.059470963 
964 115 54 86 0.058809485 
335 59 326 461 0.05766949 
332 580 39 45 0.057268262 
601 75 48 65 0.05686179 
885 224 48 70 0.055525128 
361 313 237 263 0.05182646 
676 452 76 116 0.05177491 
780 252 50 72 0.051675882 
916 177 27 35 0.051426046 
273 110 25 31 0.049264263 
942 237 59 90 0.048750114 
0 -1 51 91 0.048364833 
968 72 56 98 0.048338987 
433 218 52 70 0.047416605 
609 72 32 39 0.047155663 
52 22 51 79 0.046949383 
308 44 13 16 0.04497788 
291 78 15 19 0.04494912 
551 217 42 54 0.043187995 
563 286 52 68 0.04295242 
837 289 84 115 0.041674245 
794 345 50 64 0.04148252 
1011 273 11 17 0.040840093 
614 0 253 199 0.04036892 
895 229 92 125 0.039571494 
384 35 13 16 0.039547265 
559 104 47 74 0.038717642 
893 237 26 35 0.038520284 
728 310 82 113 0.03843191 
858 252 52 75 0.038229927 
308 147 108 149 0.03729166 
941 245 15 18 0.03702244 
464 214 52 72 0.036632154 
155 66 15 18 0.03589391 
898 254 16 21 0.035441168 
986 274 30 40 0.03523464 
836 266 16 23 0.034918204 
898 288 26 36 0.0347321 
828 332 28 38 0.034162752 
822 270 23 35 0.033748645 
780 362 35 37 0.033574883 
980 316 39 60 0.03283853 
845 271 22 32 0.032231934 
838 346 48 66 0.032069556 
772 327 82 105 0.032046746 
832 318 43 56 0.031899393 
153 81 16 18 0.031260114 
19 7 56 81 0.030817106 
938 241 25 30 0.030257048 
988 252 26 36 0.029382769 
916 280 30 42 0.029055756 
163 67 14 18 0.029028647 
796 243 14 20 0.028837608 
236 27 44 60 0.028723417 
850 321 52 71 0.028722737 
323 181 69 93 0.028636696 
467 80 102 164 0.028477367 
519 189 47 69 0.027984118 
334 124 30 31 0.02776884 
894 234 16 21 0.027352877 
429 136 116 161 0.026969552 
559 296 168 233 0.02604048 
907 125 95 108 0.02574661 
815 330 47 59 0.025737232 
661 206 51 60 0.025399588 
757 488 109 133 0.025347974 
859 313 19 24 0.02523253 
903 272 27 38 0.024925703 
925 303 14 19 0.024921162 
356 65 30 40 0.024880528 
908 259 28 39 0.024811504 
902 278 14 20 0.024739398 
977 259 30 37 0.024624286 
869 368 35 49 0.024495156 
873 194 94 127 0.024411889 
609 204 17 20 0.02434509 
914 162 54 63 0.024203066 
539 80 79 119 0.02399419 
836 365 29 44 0.023801522 
834 270 24 36 0.02370351 
212 84 16 20 0.02356825 
999 249 22 33 0.02355993 
704 221 94 129 0.023452684 
98 8 27 40 0.023225963 
845 311 32 37 0.022959586 
140 98 17 23 0.02279913 
601 39 52 59 0.022751821 
485 198 52 77 0.022679675 
853 225 27 39 0.022618257 
795 388 198 222 0.022595532 
950 244 31 39 0.02254791 
995 271 15 21 0.022406336 
326 100 150 171 0.022259604 
948 153 15 18 0.02220596 
951 264 14 19 0.022100372 
987 -4 37 39 0.021867575 
810 256 43 63 0.021866627 
547 95 32 39 0.021825299 
971 243 15 19 0.021535167 
935 160 29 32 0.021377368 
978 287 36 45 0.021034192 
607 128 47 70 0.02103013 
987 270 16 21 0.020807784 
785 234 83 115 0.02052735 
1000 264 23 35 0.020476874 
759 333 31 47 0.02005881 
