2_Demonstration_Political_Rally_2_382
20
382 488 146 178 0.99825877 
625 874 223 297 0.15109244 
302 846 440 480 0.14322801 
305 854 286 246 0.1276823 
318 722 202 270 0.09156638 
549 786 221 336 0.062469203 
-3 1241 50 87 0.048503466 
189 646 393 418 0.048243143 
110 2 413 470 0.045849748 
807 1164 123 141 0.045663856 
442 -5 129 146 0.045165565 
547 31 54 63 0.04343917 
13 405 208 220 0.036237504 
557 807 368 461 0.03508639 
236 221 390 461 0.033183884 
464 892 258 286 0.03117698 
26 463 119 141 0.02760353 
125 7 216 256 0.027497463 
88 777 354 470 0.022961907 
843 1164 78 86 0.020422876 
