2_Demonstration_Political_Rally_2_611
17
171 171 148 186 0.99560153 
49 312 430 417 0.34892398 
14 412 266 252 0.3261917 
288 130 385 487 0.28936422 
255 467 397 485 0.16943341 
158 522 253 231 0.09680656 
637 595 456 545 0.09130989 
171 191 222 284 0.0881008 
452 -30 322 482 0.056151032 
386 299 207 270 0.047046546 
421 569 203 279 0.036120273 
40 554 20 22 0.028347505 
690 211 27 36 0.026762621 
499 6 222 235 0.026759382 
0 292 22 31 0.026025295 
689 162 27 36 0.024009215 
99 481 218 232 0.022666467 
