2_Demonstration_Demonstrators_2_163
67
560 181 96 129 0.99817145 
840 286 36 42 0.9813618 
888 263 38 48 0.9793284 
194 265 57 68 0.9793036 
552 291 26 34 0.8835515 
316 188 90 117 0.7161952 
96 262 31 41 0.6518744 
17 243 23 32 0.41596988 
36 157 17 21 0.22155268 
40 259 22 33 0.14406908 
28 248 27 40 0.11028953 
11 239 38 52 0.06697719 
300 219 67 89 0.060198154 
-2 293 20 32 0.056699347 
471 53 27 37 0.056095473 
34 304 19 24 0.05339314 
765 219 27 33 0.049240775 
540 267 41 59 0.041335974 
77 256 46 59 0.041277546 
326 198 125 162 0.040757254 
29 160 15 19 0.039406203 
371 530 33 36 0.039391387 
228 436 39 44 0.038068168 
423 630 205 313 0.03794646 
307 31 35 39 0.037503567 
99 281 18 26 0.037142053 
778 218 24 31 0.036534898 
4 248 29 39 0.03524404 
126 302 12 20 0.035016075 
29 139 14 18 0.03419225 
361 555 353 469 0.033693228 
306 7 97 120 0.033492174 
616 536 56 67 0.03318214 
468 0 17 19 0.03217274 
473 54 44 56 0.031131953 
27 129 14 17 0.03080678 
335 593 129 136 0.03022291 
232 431 62 69 0.029447207 
21 730 28 35 0.028630847 
21 116 12 15 0.02851065 
36 149 13 19 0.028503923 
348 215 46 57 0.028485648 
804 443 30 40 0.026471695 
132 311 14 19 0.026050685 
19 236 16 21 0.025760792 
230 411 69 57 0.0253936 
249 828 25 33 0.024622116 
278 188 15 20 0.024300687 
242 429 40 39 0.023934348 
850 266 42 55 0.023595098 
37 291 27 37 0.023532998 
-1 311 31 45 0.023481762 
306 19 63 73 0.023084164 
0 544 11 20 0.022851657 
48 250 45 60 0.022540782 
22 106 13 16 0.022347225 
472 779 127 174 0.022126034 
865 161 36 46 0.021876298 
151 266 47 62 0.021336183 
22 123 13 17 0.021258956 
75 490 30 39 0.021182565 
86 519 14 18 0.021094667 
26 142 22 28 0.020973846 
10 631 15 26 0.020699963 
497 529 31 37 0.020132124 
360 526 53 58 0.02012369 
454 44 45 58 0.020013392 
