2_Demonstration_Political_Rally_2_791
178
394 348 65 81 0.9987692 
401 134 62 85 0.9979017 
647 272 70 91 0.997837 
779 364 67 89 0.9966023 
589 33 75 93 0.9965745 
543 298 72 88 0.996128 
204 410 76 93 0.99571276 
20 543 37 45 0.9895643 
994 519 25 32 0.9804788 
859 522 25 32 0.96150124 
321 468 28 32 0.9536878 
39 467 24 29 0.9464969 
488 540 38 41 0.9454064 
332 540 37 44 0.94311446 
959 511 24 27 0.93674713 
924 493 21 27 0.926191 
960 429 22 28 0.874257 
59 439 17 23 0.78265613 
390 523 37 37 0.5392972 
304 415 58 81 0.5324597 
1003 410 18 26 0.46854872 
674 520 46 54 0.3650284 
476 41 60 75 0.34335876 
717 519 51 52 0.273853 
973 390 22 26 0.2491845 
626 467 47 59 0.23340209 
127 524 26 30 0.22076106 
1004 490 20 32 0.21966776 
76 390 22 29 0.20829372 
35 414 25 33 0.18671784 
698 514 29 45 0.18096302 
825 549 30 35 0.16983013 
15 509 23 31 0.14263754 
269 27 99 133 0.1382881 
936 253 38 47 0.1367572 
82 513 25 30 0.12773919 
1013 464 11 19 0.124793865 
57 14 58 93 0.1221938 
618 483 32 41 0.12002791 
84 473 16 23 0.11936372 
12 16 110 189 0.11811302 
651 487 30 37 0.11546549 
1011 472 14 25 0.10310593 
352 530 45 47 0.102771066 
373 532 31 35 0.100823924 
82 476 26 32 0.09482498 
857 496 22 30 0.093086705 
892 495 14 19 0.086007856 
297 362 89 126 0.07719266 
474 519 25 31 0.076520264 
23 315 15 18 0.07541125 
662 536 37 41 0.07045539 
995 503 25 32 0.06999878 
994 346 16 21 0.068274245 
947 329 12 16 0.066085875 
475 312 43 56 0.063857034 
737 534 35 41 0.06062058 
29 457 28 36 0.059352063 
485 529 32 37 0.059112594 
625 501 19 23 0.05896999 
970 429 21 30 0.05855778 
73 363 15 19 0.05832211 
45 518 29 32 0.057939984 
59 521 28 32 0.05476099 
943 552 25 31 0.053975366 
110 519 23 32 0.05295498 
706 461 17 23 0.052170634 
961 337 15 20 0.05204687 
640 462 31 39 0.05200731 
999 430 24 29 0.05197879 
37 395 14 18 0.051766057 
587 480 22 31 0.050226238 
40 428 17 21 0.049511768 
986 443 16 22 0.04937811 
985 389 15 19 0.0478177 
-1 286 21 45 0.04712716 
57 31 37 51 0.04564305 
109 439 48 69 0.045550127 
91 521 25 31 0.0453307 
891 221 26 30 0.045001462 
983 201 23 32 0.0447562 
396 481 33 40 0.04390539 
887 515 15 22 0.043666072 
766 122 16 19 0.042244546 
699 463 22 34 0.042136658 
115 514 15 21 0.042052235 
103 455 14 21 0.04205206 
0 496 15 21 0.04164126 
1006 477 18 30 0.0412741 
967 395 14 19 0.040464386 
998 401 17 22 0.04019667 
974 517 23 29 0.039925907 
617 446 85 104 0.03987967 
669 430 16 20 0.039801184 
854 517 43 51 0.039191727 
289 200 49 53 0.037334513 
1006 338 15 21 0.03673196 
690 480 14 21 0.03665942 
93 478 27 37 0.036634296 
61 358 23 27 0.036406465 
362 345 79 104 0.036026534 
926 489 13 17 0.036005285 
612 468 24 33 0.035933703 
66 435 25 30 0.035385735 
937 346 16 21 0.0350913 
451 488 17 21 0.034805316 
868 515 24 32 0.034531187 
1004 445 17 24 0.034119383 
91 456 45 59 0.033778224 
28 451 16 19 0.033736877 
500 51 38 49 0.033564825 
966 377 26 31 0.03324669 
659 501 89 89 0.032953814 
987 434 15 21 0.032245006 
36 402 17 23 0.032224037 
980 305 14 17 0.032110013 
696 506 57 60 0.031113757 
877 307 22 32 0.030440817 
333 370 15 18 0.030417446 
48 3 34 40 0.0301028 
650 488 54 64 0.028830117 
776 -1 34 30 0.028621553 
957 368 17 22 0.028177636 
812 540 12 17 0.028138442 
957 420 13 17 0.028088767 
347 506 18 21 0.027992673 
472 522 15 20 0.027975598 
30 430 23 31 0.027618283 
948 535 28 34 0.027379898 
110 517 14 19 0.027285613 
11 330 14 18 0.027140522 
90 422 81 108 0.027061148 
129 441 54 70 0.026517885 
9 306 14 20 0.026414555 
953 261 17 21 0.026350264 
118 513 27 36 0.025987126 
923 538 18 21 0.025702547 
38 512 25 30 0.025669442 
944 332 23 30 0.02531674 
947 472 14 19 0.025289599 
330 397 30 36 0.025084738 
327 377 35 39 0.024441795 
936 247 25 34 0.024439229 
409 487 30 41 0.024121558 
913 504 27 32 0.023919754 
442 11 96 122 0.02384524 
58 542 31 34 0.023632895 
1014 370 11 18 0.02320144 
132 502 33 40 0.023091113 
639 475 14 19 0.022970421 
312 386 31 38 0.02294982 
440 488 25 35 0.022729311 
478 364 45 60 0.022594834 
946 248 28 32 0.02250959 
268 406 76 102 0.022361962 
618 473 15 20 0.022353934 
68 522 41 46 0.022161756 
452 196 42 58 0.021920675 
980 482 16 19 0.02188345 
83 460 14 17 0.021700537 
709 529 34 47 0.021630222 
75 434 15 19 0.021481473 
833 563 20 24 0.021106837 
67 569 18 20 0.021068439 
74 529 16 21 0.02091858 
776 212 11 16 0.020839186 
80 489 28 34 0.020737525 
102 528 27 39 0.02070009 
935 257 13 17 0.020641277 
136 409 80 104 0.020589815 
908 493 23 30 0.02036429 
89 499 29 35 0.020335117 
978 413 25 31 0.020324541 
961 370 22 29 0.020293506 
742 -1 37 34 0.020167088 
465 67 53 73 0.020160748 
895 483 12 17 0.020033624 
312 429 31 39 0.020032378 
