2_Demonstration_Protesters_2_901
234
517 648 70 94 0.9887474 
581 172 34 46 0.9849813 
281 358 52 58 0.9389596 
445 343 57 60 0.8922692 
415 355 35 51 0.8564958 
-1 310 80 119 0.77616835 
679 336 43 51 0.7469638 
831 95 45 61 0.66583586 
901 664 89 134 0.62203753 
792 352 48 54 0.5809887 
302 677 54 70 0.5067577 
328 740 47 58 0.43095678 
581 367 33 40 0.4141341 
390 349 46 59 0.40730998 
590 362 44 53 0.37725395 
365 349 48 68 0.35607743 
663 348 39 42 0.34965593 
150 328 58 83 0.33233398 
962 523 55 81 0.3142722 
46 40 228 228 0.26329464 
868 73 46 75 0.21697536 
527 456 37 48 0.21481408 
605 374 55 64 0.20232573 
431 576 141 204 0.19886646 
163 286 94 151 0.18765704 
680 626 131 179 0.18517421 
71 624 57 71 0.18087159 
284 355 80 95 0.17948754 
9 199 186 276 0.16432966 
585 364 97 119 0.15452848 
721 192 45 60 0.14125794 
479 640 88 123 0.14023076 
494 337 35 47 0.12508656 
269 668 58 65 0.12363693 
300 688 78 102 0.11739415 
864 9 115 146 0.11044003 
432 354 38 50 0.10743703 
-3 563 45 83 0.10612655 
429 481 65 84 0.10502616 
94 612 48 66 0.10240607 
341 542 49 75 0.09719533 
219 516 33 57 0.09355209 
628 250 42 50 0.088223666 
957 640 33 43 0.08768541 
541 188 31 41 0.08709755 
3 184 48 70 0.08603654 
843 69 23 29 0.08414392 
749 122 49 74 0.08364587 
933 498 30 45 0.0833917 
278 603 37 42 0.082396135 
91 317 94 131 0.081939675 
841 674 104 137 0.08101204 
542 494 107 110 0.07798277 
540 467 59 70 0.076049596 
302 343 50 68 0.07520185 
894 505 45 58 0.07484645 
447 670 94 119 0.07310036 
248 121 23 29 0.072340645 
20 616 55 79 0.07171995 
12 743 54 95 0.07137406 
229 1 36 30 0.070054986 
949 695 71 109 0.069821864 
335 333 43 65 0.068935335 
713 711 110 126 0.0687888 
-7 298 134 210 0.066335864 
970 555 53 87 0.066018134 
4 -49 244 193 0.06268807 
401 703 116 121 0.06107068 
208 707 118 125 0.06084217 
915 507 29 37 0.060783062 
820 106 37 47 0.059944212 
909 284 102 157 0.059067648 
-7 663 87 162 0.058188252 
80 223 113 129 0.057926726 
499 469 95 113 0.057488605 
38 313 69 97 0.057311747 
198 35 62 75 0.056579188 
255 682 93 118 0.055937957 
322 324 30 43 0.054586824 
34 135 204 238 0.05397177 
894 -2 41 28 0.05369619 
340 351 50 76 0.053437687 
884 523 49 66 0.053139158 
145 342 39 52 0.052799046 
747 307 51 66 0.05242651 
103 265 112 149 0.05201019 
258 336 81 97 0.051382195 
113 604 45 63 0.050753977 
124 112 120 145 0.05058318 
406 740 66 70 0.049820166 
9 601 152 234 0.049654033 
533 727 35 44 0.04914489 
1 186 31 45 0.04879388 
51 624 92 122 0.047886703 
733 148 51 77 0.047596537 
513 463 61 71 0.047496904 
-82 176 299 469 0.047123697 
615 364 31 41 0.04681929 
958 498 52 73 0.046701383 
664 719 108 112 0.046429787 
270 679 33 42 0.046046853 
56 252 115 156 0.046041846 
666 350 56 76 0.045793567 
47 614 50 66 0.045562714 
472 337 40 50 0.045264315 
742 529 52 68 0.044579864 
446 474 92 112 0.043831553 
553 182 30 42 0.04357877 
695 203 27 38 0.04347176 
742 104 78 119 0.042808816 
774 121 46 63 0.04273086 
230 738 72 75 0.042489514 
287 385 38 46 0.040671032 
270 358 37 49 0.04064541 
324 520 85 116 0.040539533 
747 364 46 52 0.040425666 
834 70 70 100 0.04041593 
229 118 22 27 0.03992485 
855 133 179 295 0.039517406 
650 238 41 54 0.039269228 
363 333 29 41 0.039141797 
116 339 56 80 0.03849136 
353 740 48 64 0.038454697 
871 98 28 47 0.03785492 
2 255 48 77 0.037851404 
458 657 62 85 0.037743036 
514 703 62 78 0.037096616 
243 651 55 75 0.036768004 
416 344 85 105 0.036426716 
563 494 39 51 0.035819523 
958 616 47 76 0.035637237 
321 370 58 80 0.035459295 
626 373 31 40 0.03509177 
598 554 58 68 0.034846887 
701 288 46 62 0.03474319 
235 455 45 62 0.034637053 
814 350 47 59 0.034530964 
378 682 50 70 0.034470502 
158 420 57 79 0.034440033 
374 725 60 76 0.0343349 
655 678 193 190 0.033145078 
952 500 28 48 0.0330242 
449 492 39 48 0.03208528 
72 269 72 95 0.031971287 
612 227 26 33 0.031466123 
782 671 114 140 0.031361524 
639 384 31 40 0.031171482 
260 641 55 65 0.031122377 
571 377 35 47 0.031006375 
726 653 72 102 0.030698756 
144 363 106 136 0.03045272 
361 695 54 74 0.030358525 
328 692 93 115 0.029834256 
377 347 80 106 0.029802473 
4 586 57 92 0.029494036 
542 330 41 56 0.029202221 
401 570 120 153 0.028924942 
861 583 146 187 0.02892277 
795 89 79 103 0.02886166 
812 483 184 210 0.028645204 
389 493 96 130 0.028622905 
690 314 51 67 0.02861573 
784 216 31 36 0.028272033 
571 360 31 43 0.028156219 
193 264 67 97 0.027985627 
927 544 94 128 0.02761866 
-1 166 83 114 0.027586872 
773 629 89 139 0.027456554 
62 105 138 144 0.027284203 
576 376 58 68 0.027053544 
26 779 37 50 0.026508564 
175 53 105 136 0.026448272 
772 326 75 88 0.026333807 
132 340 35 47 0.02632726 
-11 -15 348 400 0.026111625 
735 296 80 105 0.02609885 
361 702 100 120 0.025862921 
629 349 80 104 0.025773276 
514 338 28 41 0.0256528 
214 663 85 125 0.025598126 
320 393 38 45 0.025573188 
78 597 78 109 0.02548243 
542 420 116 128 0.025427869 
531 193 25 40 0.025164858 
145 654 102 138 0.025156321 
528 312 42 58 0.025013527 
912 513 18 25 0.024783766 
369 546 64 84 0.024703272 
105 169 111 110 0.024638796 
772 323 182 294 0.024545552 
814 129 15 21 0.024303516 
360 526 105 135 0.0242625 
67 669 126 158 0.024089057 
544 428 54 69 0.02402801 
794 211 34 35 0.023899643 
3 277 67 101 0.023586234 
504 442 55 68 0.023364834 
227 33 17 21 0.023159606 
826 459 110 146 0.023053298 
41 671 72 99 0.023027414 
869 119 100 141 0.02298738 
786 131 27 37 0.022934964 
737 52 171 230 0.022802172 
775 490 103 123 0.022686183 
350 365 32 44 0.02245052 
768 396 17 21 0.022396252 
303 391 39 48 0.022396132 
880 63 62 106 0.022239592 
830 741 80 81 0.022230044 
987 592 30 45 0.02207663 
753 762 69 81 0.022030815 
557 476 65 77 0.02199864 
162 171 71 80 0.021882247 
863 78 33 50 0.021873329 
342 680 29 46 0.021801146 
826 640 88 120 0.021782888 
489 619 37 49 0.021712454 
749 194 48 63 0.021560235 
208 313 92 125 0.021527085 
31 290 197 294 0.021452056 
316 631 105 138 0.020993019 
637 362 26 34 0.020921456 
5 214 58 79 0.020868508 
241 614 49 68 0.02085774 
88 617 180 245 0.020695223 
811 117 30 41 0.020622509 
866 499 95 120 0.020470073 
7 636 61 96 0.020349303 
230 511 54 75 0.020340964 
457 314 81 101 0.020331139 
249 351 45 62 0.020267341 
542 634 81 122 0.020213079 
987 704 17 23 0.02009216 
699 192 39 52 0.02008113 
