2_Demonstration_Protesters_2_476
103
275 386 39 51 0.98671305 
410 378 42 52 0.98400635 
767 357 26 31 0.96668756 
187 413 26 34 0.92922 
196 359 29 37 0.9193664 
685 384 21 27 0.9031036 
112 385 46 54 0.69365567 
99 313 35 42 0.5830231 
18 344 24 36 0.41563484 
584 402 25 33 0.40054756 
329 383 26 31 0.29226068 
452 380 24 35 0.28210413 
619 396 15 22 0.14060315 
389 418 22 28 0.115547985 
763 330 39 53 0.08561439 
325 395 32 38 0.08292928 
122 242 32 36 0.075673476 
883 385 17 22 0.07507285 
222 343 10 12 0.06442738 
146 338 15 18 0.064243086 
257 364 26 33 0.06324795 
134 387 41 51 0.062219907 
86 387 29 37 0.058940884 
198 338 11 13 0.058452636 
613 376 14 20 0.05794403 
491 402 24 27 0.056785416 
260 377 29 37 0.056158565 
920 374 22 29 0.05551989 
881 378 16 20 0.05072054 
594 373 14 20 0.049603507 
193 335 9 11 0.048998058 
97 340 50 61 0.048987884 
204 338 11 13 0.04678459 
253 373 23 35 0.046718813 
200 412 26 37 0.044977646 
625 400 15 23 0.044936746 
60 410 43 53 0.044570234 
124 270 42 47 0.042350158 
378 420 23 30 0.0420958 
264 359 19 22 0.040436372 
592 397 27 33 0.039915323 
129 328 24 32 0.03990062 
64 325 10 13 0.039200846 
92 370 47 56 0.039038643 
667 396 16 21 0.03881578 
236 376 15 18 0.038347762 
789 477 16 20 0.036840938 
239 339 12 14 0.03671509 
610 397 23 32 0.035819262 
334 407 28 35 0.035478905 
181 385 42 51 0.03520704 
174 408 28 36 0.034945995 
22 364 15 23 0.034939215 
135 332 12 18 0.034416307 
26 338 14 20 0.033421624 
601 369 23 29 0.032452002 
636 393 13 19 0.031839646 
863 439 24 34 0.031400964 
613 353 14 17 0.030485926 
139 331 25 30 0.030056734 
609 382 24 30 0.02992767 
358 401 25 29 0.029851336 
631 357 11 15 0.029668821 
388 393 25 34 0.029498214 
376 405 27 32 0.029126385 
390 401 14 18 0.029025171 
672 350 10 13 0.02887165 
131 290 32 38 0.028669132 
125 424 30 35 0.028342431 
644 338 12 15 0.027988937 
751 36 230 292 0.027909297 
355 448 13 19 0.02769897 
88 401 47 56 0.027605345 
938 468 26 32 0.026365729 
527 473 30 36 0.026158005 
182 342 10 12 0.025665961 
445 432 27 37 0.02564908 
213 352 25 31 0.025493776 
231 360 14 19 0.025424194 
365 430 24 30 0.025387552 
677 372 17 19 0.02478041 
572 410 22 33 0.024459798 
69 325 11 15 0.024241133 
541 88 381 492 0.023804165 
313 393 27 38 0.023772301 
344 385 18 21 0.023255872 
180 359 27 35 0.022727774 
630 424 26 35 0.022305373 
192 347 26 34 0.022052405 
151 531 26 32 0.021654883 
520 288 42 59 0.021644348 
618 371 15 21 0.021611746 
166 341 9 12 0.021435421 
381 309 14 17 0.020834966 
252 350 26 33 0.020613043 
694 637 25 29 0.0205619 
158 396 29 38 0.02048237 
554 515 26 42 0.020412358 
192 339 11 13 0.0203791 
380 443 39 52 0.020372452 
23 329 14 20 0.020230943 
176 341 10 11 0.020124463 
619 381 114 134 0.020004284 
