2_Demonstration_Protesters_2_293
226
287 432 58 77 0.9992567 
222 525 89 107 0.9981851 
453 433 57 79 0.99711645 
792 452 59 83 0.99523324 
88 347 43 67 0.99505264 
857 455 83 96 0.9905663 
540 458 74 98 0.9904813 
565 410 46 61 0.9872758 
842 597 64 98 0.98246413 
163 376 39 55 0.981343 
479 365 44 52 0.92297703 
729 519 49 88 0.85452163 
354 363 33 48 0.84798115 
412 480 41 74 0.7713703 
675 357 28 37 0.75496954 
407 340 28 35 0.64649045 
609 388 31 46 0.5911546 
247 456 43 59 0.5284328 
52 311 33 42 0.49503532 
841 398 53 54 0.46752784 
597 321 15 20 0.32128638 
346 507 59 81 0.29882708 
597 282 25 31 0.2941242 
569 328 25 30 0.29334617 
43 372 32 52 0.28242812 
46 325 33 48 0.28066948 
812 451 74 98 0.27030692 
586 328 15 23 0.23997685 
-4 420 43 93 0.2277995 
549 358 30 36 0.20672189 
586 395 43 60 0.20248908 
666 460 47 55 0.18774892 
566 179 26 34 0.1850953 
341 314 17 24 0.1827904 
103 287 20 29 0.18257253 
438 309 24 30 0.17584372 
422 463 50 78 0.1630534 
877 325 11 15 0.16175771 
-5 375 34 73 0.15350437 
754 281 21 32 0.14938623 
350 289 26 31 0.13888358 
753 613 65 84 0.13295849 
442 270 14 18 0.13001324 
739 517 77 111 0.12717934 
624 322 38 53 0.10278681 
117 274 13 18 0.09661715 
747 488 56 86 0.08887978 
279 362 12 18 0.08878077 
584 291 22 32 0.08852659 
629 460 42 59 0.085645385 
867 400 36 44 0.085090205 
184 327 41 51 0.08329204 
397 348 15 21 0.08294954 
673 556 64 87 0.07653064 
136 364 28 39 0.07643915 
317 347 15 18 0.07577596 
722 419 43 62 0.07549527 
824 408 53 64 0.070832804 
596 309 24 31 0.06878148 
139 381 15 24 0.06670798 
771 266 14 18 0.066600434 
305 340 26 30 0.06634497 
871 323 12 17 0.06564589 
259 421 13 15 0.06432685 
419 454 34 63 0.063975655 
682 445 47 61 0.062332876 
668 538 53 74 0.0617755 
718 532 34 61 0.06138755 
299 354 13 16 0.05955891 
369 491 53 80 0.059535883 
753 564 63 95 0.059505705 
284 326 48 57 0.059371807 
803 379 12 18 0.058682557 
589 288 36 49 0.057474058 
173 334 34 42 0.056720786 
344 302 23 33 0.055734087 
837 401 33 33 0.054382518 
667 247 15 17 0.054125737 
275 323 11 16 0.05397753 
654 457 30 40 0.053703103 
606 456 45 68 0.05205175 
33 367 28 48 0.05116402 
164 291 17 22 0.050122045 
76 267 14 19 0.050058305 
108 272 22 31 0.050054204 
837 403 19 22 0.049683653 
792 374 23 32 0.048064005 
780 331 14 18 0.046978954 
586 376 16 20 0.046111513 
437 259 22 27 0.045045096 
665 479 53 67 0.04475442 
738 418 49 70 0.044124227 
602 276 16 19 0.043682225 
416 323 38 47 0.043482024 
111 276 13 17 0.04324121 
463 361 13 17 0.041257963 
645 367 33 42 0.041251443 
411 332 19 25 0.04059132 
712 494 55 76 0.040560875 
638 328 43 56 0.040005162 
502 372 30 40 0.039678216 
652 228 29 36 0.038550086 
844 334 10 14 0.03839539 
-3 225 25 40 0.03837561 
893 315 13 17 0.037442785 
266 516 82 110 0.037377127 
116 257 14 16 0.036656804 
519 119 30 41 0.036552176 
810 340 22 30 0.036548592 
-5 406 83 135 0.036479928 
277 366 22 32 0.03591933 
52 300 27 35 0.03577576 
259 438 44 62 0.034784146 
602 328 14 19 0.034343895 
47 404 50 67 0.034299076 
110 359 32 47 0.03404766 
-2 362 15 25 0.03368205 
112 295 15 22 0.033446863 
711 433 33 46 0.03342261 
91 280 25 30 0.03312418 
562 346 27 33 0.032957304 
646 471 46 60 0.032767337 
369 375 33 41 0.03225315 
-2 440 29 53 0.03221592 
596 301 39 52 0.03216609 
120 353 41 61 0.032091983 
762 338 13 18 0.03123009 
0 225 13 24 0.03119633 
675 296 18 21 0.030977063 
284 376 13 20 0.030740835 
556 326 26 32 0.030683719 
642 219 27 34 0.030659202 
443 325 17 21 0.030586578 
765 427 63 85 0.030575274 
608 318 40 53 0.03046675 
761 405 50 73 0.030257232 
633 337 17 23 0.030133305 
817 345 13 17 0.029966628 
59 360 45 62 0.02991946 
92 244 11 15 0.029758137 
873 600 62 87 0.029644404 
622 386 31 45 0.02939178 
730 398 32 53 0.029092232 
543 412 52 67 0.029023722 
34 302 44 59 0.02844552 
369 370 17 26 0.027907202 
667 446 36 47 0.02788469 
249 418 26 30 0.02774738 
691 545 82 108 0.02771918 
174 357 43 58 0.027596915 
146 366 31 43 0.027573578 
685 317 15 19 0.027560273 
275 310 84 104 0.027550064 
652 345 43 55 0.027512856 
426 310 38 48 0.026946366 
620 386 16 26 0.026821993 
38 341 29 52 0.026807258 
652 314 14 17 0.026756085 
826 400 27 34 0.026397452 
476 553 60 65 0.026311932 
627 368 42 59 0.026278196 
587 420 32 43 0.02612857 
732 576 62 103 0.026074607 
684 341 37 57 0.025902877 
844 339 12 18 0.025815401 
573 355 25 32 0.025675848 
786 334 12 16 0.025520848 
771 386 44 62 0.025482602 
924 252 24 28 0.025008503 
582 331 23 33 0.024989728 
448 319 16 20 0.024752768 
805 335 10 14 0.02461252 
391 347 15 20 0.024490522 
809 404 25 33 0.024462285 
461 357 22 30 0.024447147 
50 669 17 18 0.024360081 
637 316 13 18 0.02432804 
724 413 27 44 0.024311367 
845 420 59 77 0.024247969 
646 473 27 37 0.02411337 
634 275 16 18 0.024065623 
707 323 42 58 0.024064317 
2 302 18 23 0.024031574 
363 284 13 16 0.023921069 
158 342 12 17 0.02368407 
516 75 29 35 0.023670387 
484 435 46 67 0.02354921 
479 291 10 13 0.023417447 
-2 372 21 48 0.02298415 
540 313 13 16 0.022721212 
627 284 25 31 0.022478187 
646 306 24 29 0.022444835 
598 328 23 30 0.022406284 
192 161 176 238 0.022371229 
151 384 34 42 0.022363473 
206 328 28 34 0.02229607 
839 361 87 112 0.022243757 
162 299 16 22 0.022138463 
265 467 39 51 0.022127172 
799 418 57 77 0.022115123 
929 308 32 40 0.02209878 
589 379 26 35 0.022032576 
855 340 12 17 0.021983938 
578 307 24 34 0.02198016 
756 332 22 31 0.021968188 
574 238 14 16 0.021961827 
791 190 11 13 0.02187782 
650 480 16 24 0.021838058 
240 451 35 47 0.02180921 
568 313 27 33 0.021763572 
539 366 31 39 0.021742152 
294 347 26 29 0.02147817 
768 260 14 16 0.0212636 
637 291 27 32 0.021118052 
761 275 21 33 0.020884167 
595 376 15 20 0.020843899 
330 295 46 60 0.020784643 
404 348 18 25 0.02066228 
64 306 18 21 0.020593444 
833 565 39 46 0.02054095 
997 147 26 43 0.020465793 
162 308 49 61 0.020416174 
379 345 21 31 0.020167088 
881 312 21 27 0.020048458 
219 331 15 19 0.020014526 
637 568 108 117 0.020008449 
