2_Demonstration_Demonstration_Or_Protest_2_604
145
403 134 56 69 0.99599034 
655 121 59 107 0.99120706 
273 28 92 131 0.985025 
817 393 136 180 0.97063833 
11 177 24 31 0.9401788 
97 162 42 62 0.93608546 
38 128 17 21 0.7611358 
538 135 21 27 0.6543864 
814 107 160 266 0.6431684 
166 170 24 32 0.492771 
13 134 12 14 0.40203395 
35 209 18 24 0.3160724 
756 12 205 280 0.30794582 
554 135 76 124 0.28531304 
71 133 14 19 0.2703103 
777 1 65 99 0.26570532 
101 129 16 20 0.23429078 
517 97 14 16 0.19194889 
792 232 213 288 0.18383437 
475 190 18 22 0.177465 
84 123 14 18 0.17093243 
584 142 89 117 0.15853891 
460 321 78 76 0.15681356 
701 106 31 41 0.14582917 
3 225 25 40 0.13124014 
286 78 93 119 0.1292625 
86 124 23 30 0.11761392 
253 286 54 72 0.11726492 
73 127 20 27 0.110797375 
108 85 22 27 0.108236305 
77 130 43 54 0.092681706 
770 -21 116 160 0.07942941 
782 6 40 57 0.07664515 
339 154 32 45 0.07235013 
689 96 47 73 0.06892483 
309 185 27 34 0.06725013 
421 463 43 67 0.060055178 
468 153 15 20 0.059867274 
77 179 14 18 0.058804866 
616 56 32 40 0.057371803 
7 137 14 17 0.05511375 
560 92 11 15 0.05454033 
493 10 13 15 0.052912883 
39 205 26 29 0.052287005 
6 162 26 35 0.050589085 
403 370 59 69 0.045603268 
510 132 86 119 0.043364327 
684 104 33 45 0.043361504 
73 177 25 30 0.04329675 
3 152 16 21 0.042566147 
91 577 24 30 0.04204052 
475 106 13 15 0.041734368 
709 95 28 35 0.04082295 
707 4 87 105 0.038896516 
46 184 27 32 0.03733604 
43 154 15 19 0.037204657 
802 177 30 36 0.036956217 
478 101 13 15 0.036933325 
463 155 24 31 0.036741644 
125 103 29 34 0.036298487 
691 513 51 64 0.03610863 
143 138 15 20 0.03592901 
741 114 15 18 0.035748523 
477 11 12 16 0.035208605 
50 424 16 20 0.035169158 
770 99 27 32 0.034576267 
493 27 11 15 0.03448692 
471 30 11 15 0.034019984 
706 47 52 66 0.033806413 
2 141 22 28 0.03359638 
33 131 13 17 0.03353888 
363 0 35 29 0.032608755 
190 217 187 281 0.032497894 
28 114 12 15 0.03200917 
144 144 17 22 0.031804353 
543 123 27 37 0.030820783 
238 302 107 158 0.030449262 
63 179 24 31 0.0304251 
47 129 14 19 0.030424116 
314 167 28 31 0.030352985 
763 74 43 56 0.029879823 
161 151 41 52 0.029807152 
723 18 17 21 0.02965662 
220 254 94 117 0.029321479 
420 335 96 90 0.028575353 
471 186 15 20 0.028475381 
117 176 31 44 0.028326264 
797 135 113 158 0.028251655 
11 154 14 18 0.028122814 
29 147 14 17 0.027966373 
521 92 14 18 0.02754006 
13 391 49 77 0.027151769 
156 50 101 123 0.027129717 
851 436 84 103 0.026874274 
652 19 46 54 0.025870789 
319 186 30 38 0.025743186 
437 458 51 72 0.025737962 
38 119 12 16 0.025699267 
660 84 79 118 0.025516756 
714 91 18 23 0.025419598 
504 164 50 70 0.025136169 
596 92 16 21 0.025009569 
451 153 42 56 0.02499143 
445 14 15 19 0.024854092 
629 143 90 130 0.024698116 
655 29 24 33 0.024398783 
484 449 56 79 0.024294583 
67 192 14 20 0.02405761 
486 11 14 17 0.02385891 
31 138 14 17 0.023535684 
727 110 26 32 0.023219528 
19 162 25 34 0.023164358 
134 76 27 30 0.023077162 
62 121 13 17 0.023065882 
351 372 88 109 0.022984248 
484 187 26 34 0.022865422 
51 98 15 18 0.022856673 
32 138 24 28 0.022740243 
102 74 52 62 0.022561464 
462 248 101 118 0.022425307 
581 77 13 17 0.022377385 
420 159 35 46 0.022134718 
91 116 14 18 0.021946266 
304 141 54 67 0.02188828 
0 189 24 34 0.021746079 
68 126 14 17 0.02148833 
82 117 12 15 0.02142703 
374 136 47 66 0.021382717 
734 510 95 126 0.021158783 
272 348 116 151 0.021149654 
469 174 25 32 0.021071972 
-17 122 88 109 0.021039555 
763 176 15 19 0.020838689 
341 123 50 69 0.020692967 
117 89 27 32 0.020625914 
517 147 14 16 0.020550063 
373 434 55 78 0.020510197 
73 128 74 106 0.020404054 
469 178 14 20 0.020389294 
-3 147 41 57 0.020353967 
332 406 84 112 0.020266876 
507 115 17 20 0.020247964 
515 191 17 23 0.02012963 
779 180 16 22 0.020119898 
147 172 25 33 0.02008862 
