2_Demonstration_Demonstration_Or_Protest_2_114
50
360 125 85 140 0.99795663 
116 292 92 132 0.99665135 
581 279 75 103 0.9936469 
767 371 48 66 0.988228 
499 322 33 62 0.98198617 
824 121 24 29 0.93306804 
903 119 28 41 0.78257984 
933 129 35 46 0.5489775 
911 234 36 40 0.41279015 
493 645 18 22 0.2253628 
767 355 14 18 0.18146943 
472 637 13 15 0.12075969 
912 120 37 50 0.098953806 
741 291 13 16 0.09660499 
796 162 107 144 0.09206451 
805 182 64 92 0.08683387 
814 223 26 35 0.08245161 
834 218 191 270 0.0749926 
762 352 23 31 0.06353434 
797 126 53 70 0.06330146 
801 109 154 245 0.06091841 
748 330 11 15 0.05896694 
805 112 44 52 0.056317233 
546 424 41 53 0.053718578 
513 344 50 56 0.0523867 
620 74 125 133 0.05221138 
746 292 15 18 0.047635995 
991 65 32 53 0.041801907 
739 292 25 29 0.038824964 
872 52 26 35 0.037850622 
229 460 30 33 0.037408177 
935 98 52 73 0.036085118 
497 311 27 46 0.03383579 
903 128 17 25 0.033294093 
962 78 47 67 0.031441245 
742 688 50 61 0.031008625 
493 639 12 13 0.030288601 
213 446 50 56 0.02914069 
516 331 35 44 0.027322691 
765 362 30 45 0.027074026 
736 287 12 15 0.026730394 
758 356 13 18 0.024988486 
957 123 56 79 0.02344863 
749 285 14 16 0.022931637 
533 350 36 37 0.022744535 
528 368 35 37 0.02230535 
467 633 21 25 0.022200763 
804 159 54 76 0.021408148 
755 293 12 16 0.021014469 
791 129 86 122 0.020914242 
