2_Demonstration_Demonstrators_2_196
1872
182 724 11 15 0.91838014 
341 332 12 16 0.78889954 
87 717 11 14 0.7577208 
90 497 14 18 0.63204145 
598 324 13 16 0.5845264 
63 366 10 14 0.5544074 
641 630 12 15 0.55325633 
34 734 12 17 0.5398243 
445 308 12 17 0.53519994 
831 678 9 13 0.53405076 
739 621 10 13 0.5143955 
294 460 12 16 0.5097678 
941 654 14 19 0.4894943 
577 392 23 27 0.4736863 
407 321 12 17 0.4194666 
87 369 12 16 0.38511208 
65 484 11 14 0.3731542 
108 665 13 16 0.35286924 
621 533 25 34 0.3444315 
209 694 10 13 0.33059305 
479 641 10 15 0.30857936 
445 606 12 16 0.30323526 
196 498 12 15 0.2981583 
435 267 12 15 0.29650834 
925 629 11 14 0.29277045 
144 475 16 18 0.2878283 
368 440 9 13 0.28327727 
390 247 11 14 0.28322136 
184 295 9 12 0.28043595 
157 743 12 15 0.27295044 
523 544 16 21 0.27293247 
320 311 9 12 0.27118137 
337 338 10 15 0.26959944 
174 476 12 16 0.26615703 
161 452 10 14 0.26602608 
324 342 11 14 0.2632899 
297 350 7 10 0.2599549 
516 373 14 17 0.25644878 
160 446 10 12 0.25462705 
622 204 13 16 0.25331125 
755 610 16 19 0.2528782 
635 670 13 17 0.25050536 
151 720 10 13 0.24995427 
225 482 12 16 0.249649 
371 711 13 17 0.24446113 
222 436 10 14 0.24396521 
766 646 12 16 0.23946433 
179 358 9 11 0.22534773 
720 500 10 14 0.22158596 
202 683 10 14 0.21704014 
24 484 9 13 0.21578304 
349 631 13 19 0.21576196 
325 395 9 13 0.21484219 
278 484 10 13 0.20955424 
277 577 11 16 0.20626454 
627 610 11 15 0.20421809 
806 653 12 15 0.20280257 
318 708 10 14 0.20211068 
901 635 10 13 0.20196761 
481 574 23 29 0.1987212 
885 652 13 18 0.19781825 
405 330 12 18 0.19669572 
0 506 9 15 0.19624363 
258 294 8 12 0.19554693 
302 300 9 11 0.1942855 
531 340 12 17 0.19421503 
464 471 12 14 0.19256374 
201 677 9 14 0.19139531 
172 397 13 18 0.18988395 
91 446 9 11 0.18660766 
159 359 10 14 0.18556589 
735 627 12 15 0.18520837 
127 650 10 15 0.18472843 
92 336 10 14 0.18406214 
56 498 10 14 0.18039407 
405 262 10 13 0.18031931 
676 693 13 18 0.17992689 
521 523 11 15 0.17980354 
460 375 11 14 0.1796877 
55 668 10 11 0.17944165 
42 200 17 22 0.17941712 
534 78 10 12 0.17602329 
357 535 9 12 0.17287685 
123 335 12 15 0.16921715 
21 366 12 16 0.1649007 
250 342 8 12 0.16487393 
412 613 10 12 0.16483974 
228 430 10 14 0.1623834 
484 315 13 18 0.16144334 
459 478 23 29 0.16027561 
633 670 22 30 0.15974991 
764 735 9 11 0.1577607 
303 413 10 13 0.15611374 
232 630 9 12 0.15606205 
343 295 9 11 0.15574938 
229 435 11 15 0.15462844 
386 488 8 12 0.15455599 
109 350 9 12 0.15438052 
308 681 13 18 0.15413323 
374 280 9 12 0.1533601 
177 365 9 11 0.1512965 
838 669 12 16 0.15127711 
408 622 9 13 0.14967903 
181 351 8 11 0.14919557 
456 378 12 16 0.14878127 
377 32 8 10 0.14712825 
67 531 12 15 0.14699905 
627 524 22 29 0.14622839 
150 343 7 9 0.14582682 
293 317 9 12 0.14405696 
892 644 11 14 0.14344732 
461 77 9 11 0.14211231 
221 470 11 13 0.14102162 
143 364 8 11 0.13876222 
148 639 10 12 0.13862222 
581 637 22 28 0.13704564 
45 549 9 13 0.13616683 
300 350 8 11 0.13610956 
485 574 12 17 0.13542424 
583 551 11 13 0.13526268 
750 631 11 13 0.13406427 
520 603 13 17 0.13318041 
69 480 10 13 0.13292612 
751 524 11 15 0.13236208 
742 615 12 14 0.1321397 
1005 328 15 20 0.13205422 
477 78 9 11 0.1310996 
31 572 9 12 0.13071965 
60 489 13 16 0.13050997 
103 711 11 16 0.12975942 
135 692 14 17 0.12928736 
310 422 9 12 0.12830698 
192 464 8 11 0.12721337 
188 581 12 17 0.12635016 
154 336 7 9 0.12593192 
382 32 7 10 0.12426977 
512 377 14 18 0.124125205 
125 711 9 13 0.123019226 
415 80 7 10 0.121110715 
411 556 9 12 0.11927293 
478 605 10 12 0.11921495 
618 444 10 14 0.1191755 
272 461 9 12 0.11843694 
79 547 11 15 0.11798153 
104 517 12 15 0.1179597 
20 228 21 28 0.11689651 
72 444 8 11 0.11596693 
867 157 12 14 0.1157025 
235 508 11 15 0.115413 
414 626 11 15 0.11518295 
174 472 10 13 0.11500115 
143 219 10 12 0.114792824 
690 620 14 18 0.11463493 
192 695 9 13 0.11389189 
710 633 11 16 0.11291763 
445 597 11 14 0.112823494 
838 161 8 10 0.11179239 
4 563 11 13 0.111473456 
919 652 13 16 0.111388616 
913 571 24 36 0.111026764 
529 54 9 12 0.11096273 
896 637 10 13 0.1103636 
111 373 10 14 0.109618805 
835 674 12 16 0.10950711 
269 426 11 14 0.10924374 
46 556 9 12 0.10879119 
492 458 12 18 0.10861452 
216 443 9 12 0.108499244 
218 438 9 13 0.10804703 
699 538 16 20 0.107953176 
597 660 11 16 0.10761228 
587 649 15 22 0.10714513 
199 693 9 13 0.10680077 
111 295 10 13 0.10667635 
682 715 12 16 0.10589802 
190 375 7 9 0.10589242 
0 513 10 16 0.10510617 
293 420 10 13 0.10486641 
119 483 10 12 0.10422072 
295 345 8 10 0.104161166 
924 164 11 14 0.10350873 
256 475 10 14 0.102973826 
406 312 11 16 0.102113105 
393 563 10 13 0.10203377 
240 605 9 12 0.10202932 
256 302 8 9 0.10112944 
557 469 10 13 0.10062814 
134 510 10 13 0.100253396 
605 662 12 14 0.099332124 
526 451 10 12 0.09884588 
43 235 16 20 0.09871424 
249 295 8 10 0.09854129 
429 414 12 16 0.09851591 
101 572 10 12 0.097178966 
300 512 13 16 0.097059086 
311 271 9 11 0.09612263 
247 423 8 12 0.09546525 
581 391 12 16 0.09545897 
55 477 9 12 0.09545047 
280 285 11 13 0.09475551 
137 445 8 11 0.09452434 
1009 181 8 12 0.0941591 
917 636 13 15 0.09356462 
914 730 14 21 0.09351688 
583 571 11 14 0.0930879 
133 647 10 14 0.09285202 
295 415 9 12 0.092729144 
801 150 8 11 0.092052594 
519 368 12 15 0.0917755 
32 391 10 12 0.091623604 
416 634 12 15 0.09110261 
612 659 14 17 0.09042529 
509 582 10 14 0.09041364 
686 739 16 21 0.090269715 
348 723 11 15 0.09015978 
908 164 9 11 0.0898663 
94 397 9 11 0.08937509 
352 535 10 13 0.089245506 
230 548 9 13 0.089208424 
252 507 10 14 0.08869718 
344 621 12 17 0.088594064 
576 397 14 18 0.08796128 
923 660 11 14 0.087952755 
301 681 14 19 0.08787049 
414 447 11 13 0.08769163 
79 477 10 14 0.087588 
825 652 10 14 0.087475345 
249 717 11 15 0.087451704 
671 708 23 30 0.086626366 
304 419 11 14 0.08600606 
489 584 14 18 0.08581617 
368 363 11 16 0.08579666 
831 163 10 12 0.08574515 
250 277 8 10 0.085167155 
164 235 11 14 0.08475444 
756 627 12 15 0.084748976 
295 428 9 12 0.08461134 
382 514 12 17 0.0842564 
423 674 21 28 0.083387 
85 711 19 25 0.08310748 
749 609 15 18 0.08289281 
63 361 9 13 0.082854286 
432 79 7 9 0.08277962 
295 312 9 10 0.08228948 
437 478 9 12 0.08173731 
200 673 8 11 0.08151272 
708 205 12 14 0.0813118 
509 714 45 52 0.08063166 
62 661 9 12 0.08060852 
149 589 13 16 0.080501355 
157 334 8 11 0.08006783 
412 621 11 15 0.07999993 
611 493 12 15 0.07983533 
701 620 13 17 0.07981327 
265 381 8 10 0.07963819 
105 662 10 14 0.07963787 
488 348 10 14 0.07960204 
240 296 8 10 0.07933455 
201 366 8 10 0.07924775 
747 714 13 18 0.07920349 
79 501 10 14 0.07919248 
149 381 10 12 0.07880086 
148 374 10 13 0.07865221 
319 304 8 10 0.0784636 
229 442 10 14 0.07831092 
116 373 10 12 0.07816302 
231 522 12 16 0.07777556 
420 421 13 17 0.077707216 
214 717 10 14 0.07741047 
910 635 12 16 0.07715652 
650 593 15 17 0.07704868 
631 661 10 14 0.076828495 
159 442 9 11 0.07656655 
352 301 9 13 0.076515734 
97 567 10 13 0.07651008 
518 550 16 23 0.076367564 
278 430 8 12 0.07636456 
171 476 9 14 0.07618088 
178 214 8 12 0.07558772 
826 698 15 18 0.07555581 
619 653 13 16 0.07551322 
148 413 10 13 0.07544124 
554 439 14 18 0.07542189 
707 669 11 16 0.075392336 
335 487 9 11 0.075346716 
438 595 13 16 0.07472545 
160 213 9 13 0.07429103 
784 613 12 16 0.07409579 
336 492 9 12 0.07392475 
87 453 10 13 0.07366027 
247 653 10 12 0.073551804 
235 183 11 13 0.07339841 
481 102 8 11 0.07289671 
452 603 11 15 0.07283206 
582 442 10 16 0.07279889 
695 693 11 15 0.07279493 
205 308 8 11 0.07260267 
693 542 21 27 0.07257211 
1012 179 9 13 0.07207578 
621 409 12 18 0.07191591 
15 590 9 12 0.071821205 
29 492 10 13 0.0717977 
179 481 12 16 0.07179342 
167 383 8 11 0.071744956 
22 567 10 12 0.0717043 
181 364 9 11 0.0710732 
256 611 11 16 0.07100454 
341 508 9 12 0.07090075 
304 409 8 10 0.06968139 
398 643 11 14 0.06954223 
477 612 11 15 0.06952396 
312 426 10 12 0.069402345 
232 684 11 15 0.06922762 
961 649 24 33 0.06893199 
428 402 13 17 0.068864495 
112 450 10 13 0.068654604 
143 489 14 18 0.06862834 
877 539 9 12 0.06849854 
812 629 12 17 0.06847837 
24 661 9 12 0.06845871 
217 326 7 10 0.06797448 
151 348 8 10 0.06780507 
628 418 11 17 0.06775096 
461 84 9 11 0.06765354 
201 361 8 10 0.06759801 
902 668 11 14 0.06736271 
403 338 12 18 0.06727828 
342 299 10 13 0.067225195 
182 343 8 10 0.066921666 
486 103 7 9 0.06691974 
459 449 17 20 0.066596866 
584 587 13 16 0.06655014 
89 723 13 17 0.06620266 
607 125 9 11 0.06610382 
581 563 12 16 0.06578032 
343 538 10 13 0.0654536 
274 254 6 8 0.06521245 
390 271 9 13 0.065140516 
623 603 13 17 0.06495476 
479 740 12 14 0.06481718 
293 382 9 11 0.06478473 
73 389 10 13 0.06476934 
189 238 9 12 0.06474956 
721 101 8 10 0.064686365 
169 376 7 10 0.064586334 
174 637 11 14 0.06429556 
301 28 9 11 0.064132184 
815 166 10 12 0.06412674 
948 713 15 18 0.06399639 
793 750 16 18 0.0639281 
320 345 11 15 0.06389527 
87 310 9 11 0.06382138 
580 426 13 18 0.063764304 
372 461 11 15 0.063623294 
368 738 11 15 0.06354889 
670 694 21 28 0.06353741 
528 118 8 10 0.0631369 
163 748 13 17 0.06310673 
250 722 13 18 0.06304839 
165 459 9 13 0.062883 
236 515 12 16 0.06286824 
499 750 14 15 0.062281784 
887 645 13 19 0.06214208 
728 650 10 13 0.06191234 
432 595 11 14 0.06186527 
199 349 8 10 0.06180559 
239 565 10 14 0.061744705 
520 38 9 13 0.06158381 
143 644 10 13 0.061296392 
183 325 8 10 0.0612799 
821 749 14 17 0.06124218 
356 303 9 11 0.06076766 
141 427 11 14 0.06075903 
254 288 8 11 0.060661286 
336 501 9 14 0.060613923 
29 621 9 12 0.06044013 
218 321 7 9 0.060408466 
751 141 8 9 0.06040272 
595 635 12 16 0.06032811 
277 452 11 14 0.060325015 
69 489 11 14 0.060116857 
16 542 9 13 0.060076073 
324 356 11 14 0.060058057 
335 537 9 14 0.060048234 
461 459 15 18 0.060028132 
754 597 15 17 0.05978987 
336 518 9 14 0.05977655 
793 94 8 11 0.059423637 
876 175 12 15 0.05937306 
430 544 22 30 0.059234455 
756 688 15 18 0.05921461 
904 181 9 11 0.059083495 
68 658 11 14 0.05906112 
566 590 10 15 0.05892261 
709 641 11 17 0.058728483 
445 589 10 13 0.05872534 
270 659 14 19 0.058660325 
273 455 9 13 0.058538985 
302 310 8 10 0.05852707 
811 173 12 14 0.05844261 
814 103 8 10 0.058427457 
14 710 10 11 0.05837286 
54 388 11 14 0.05814546 
15 547 9 12 0.058134932 
548 381 11 15 0.058095943 
824 164 9 11 0.05803799 
763 618 11 15 0.057823636 
4 508 10 14 0.0576924 
148 220 10 12 0.057658996 
201 309 8 11 0.057397023 
794 126 8 11 0.057380803 
813 751 13 16 0.057199527 
295 605 9 13 0.056975883 
430 102 8 11 0.056771886 
501 424 11 16 0.056533758 
126 349 10 13 0.05651563 
235 438 10 13 0.056332503 
68 230 15 17 0.056264102 
806 151 8 9 0.05626254 
164 494 10 14 0.05625703 
356 627 13 20 0.055870846 
390 534 9 12 0.055617485 
482 321 11 16 0.055594776 
484 619 13 17 0.05553208 
854 716 9 12 0.05540905 
858 749 13 17 0.05539681 
449 347 11 16 0.05529107 
363 649 12 15 0.055278458 
942 649 10 13 0.054861233 
65 527 11 14 0.054799594 
195 506 13 16 0.054466665 
313 276 9 11 0.054243784 
340 556 11 13 0.054022 
335 523 9 14 0.053986654 
567 476 9 12 0.05385902 
358 307 9 12 0.053663667 
244 572 11 16 0.05356001 
298 303 8 10 0.053513423 
158 328 7 10 0.05320808 
349 222 10 13 0.053194053 
37 501 10 12 0.053172506 
247 646 10 13 0.05312481 
435 533 11 13 0.05306901 
559 644 12 16 0.05304673 
256 390 9 11 0.052972093 
269 693 12 16 0.0527477 
889 165 9 10 0.052661005 
287 388 10 12 0.052632913 
341 659 15 18 0.052454304 
504 687 12 15 0.052360583 
430 316 11 13 0.052314773 
132 541 11 16 0.052276585 
414 424 13 16 0.05206203 
358 607 11 14 0.05188423 
333 611 11 14 0.051853616 
271 21 9 11 0.05176366 
824 159 9 11 0.05174273 
629 588 11 14 0.05167086 
864 648 14 19 0.05165799 
148 726 15 19 0.051633768 
233 311 7 9 0.05153411 
986 736 24 28 0.05151296 
125 367 9 11 0.051486604 
287 301 9 11 0.05147346 
223 319 6 9 0.051245313 
103 342 10 12 0.05116164 
80 411 8 11 0.051008936 
164 500 12 15 0.050973885 
445 87 9 10 0.05077246 
429 95 8 10 0.05075611 
296 356 9 11 0.05063804 
116 452 9 12 0.050599143 
956 741 14 20 0.05049785 
317 428 9 12 0.050431695 
359 236 8 11 0.050246745 
239 494 9 11 0.050210953 
262 471 8 12 0.050204005 
816 151 8 10 0.050059825 
486 32 7 10 0.050017808 
297 25 9 11 0.05001502 
640 484 11 13 0.050001882 
160 220 9 11 0.049975436 
224 311 7 9 0.049915843 
94 358 9 13 0.049850047 
21 542 9 14 0.049849413 
337 326 11 13 0.049779184 
670 458 14 18 0.04962629 
15 566 9 12 0.04956642 
32 396 11 14 0.049492486 
86 423 9 13 0.049471978 
638 624 12 17 0.049285818 
478 579 14 19 0.049236618 
47 470 8 12 0.049225774 
846 159 8 10 0.048984047 
325 620 13 17 0.04898115 
167 388 10 12 0.04881709 
118 242 11 14 0.04874866 
453 142 10 11 0.04874656 
194 628 9 13 0.04869353 
325 656 15 19 0.048616987 
991 625 32 46 0.048611272 
180 639 10 12 0.048562843 
22 740 12 17 0.04837456 
150 387 10 13 0.048243675 
0 237 9 15 0.048172243 
572 596 11 14 0.04813828 
545 675 24 29 0.048006587 
436 484 12 17 0.047907207 
341 502 10 13 0.047818404 
166 213 10 12 0.047802217 
237 539 12 16 0.04775085 
234 319 7 10 0.047717143 
307 414 11 14 0.047704563 
846 166 10 12 0.047691844 
286 452 13 16 0.047688063 
425 72 7 9 0.047659043 
421 659 12 15 0.04760073 
112 213 10 12 0.04755879 
517 589 9 11 0.047481608 
271 685 10 12 0.04747306 
126 357 8 10 0.047358073 
212 688 11 15 0.047288943 
532 471 10 12 0.047264203 
341 493 9 12 0.047076743 
344 613 9 12 0.047053423 
15 364 13 16 0.047024246 
11 682 14 19 0.0470218 
27 366 11 14 0.047021315 
388 510 12 16 0.046971723 
388 384 14 18 0.04695056 
71 715 8 13 0.046815142 
38 524 10 14 0.04673658 
183 335 7 10 0.04672607 
230 541 11 16 0.04655428 
775 629 10 14 0.046483215 
425 87 8 10 0.046434253 
309 594 13 16 0.0463666 
414 551 11 14 0.046314914 
442 86 7 10 0.04630766 
543 365 11 13 0.046231583 
384 534 9 12 0.046222456 
668 644 12 16 0.046168253 
29 256 14 18 0.046110183 
65 371 12 15 0.045966413 
438 557 14 20 0.045886166 
217 287 8 10 0.04582482 
369 700 24 31 0.0458201 
311 443 11 14 0.045751315 
120 367 10 13 0.045719836 
208 349 7 9 0.045601916 
144 421 10 14 0.045592718 
77 396 8 11 0.045445926 
661 638 11 15 0.04543941 
264 422 12 15 0.04525629 
294 323 9 12 0.045058724 
597 438 9 12 0.044946507 
581 696 13 17 0.044924214 
113 468 10 14 0.044889852 
437 132 10 11 0.04483524 
166 221 9 11 0.044831626 
917 639 20 25 0.044797458 
41 543 9 13 0.04475989 
301 639 10 13 0.044706505 
15 491 10 14 0.04470239 
446 583 10 13 0.044681948 
582 593 13 16 0.044580046 
925 676 13 19 0.04458002 
0 276 12 19 0.04438371 
45 612 12 18 0.04436085 
11 676 13 16 0.044349696 
697 100 8 11 0.04434932 
130 738 15 19 0.044331487 
676 602 12 17 0.044325855 
557 382 11 16 0.044291258 
176 219 8 11 0.04420951 
55 471 10 12 0.044139836 
408 573 10 12 0.044129364 
463 338 13 17 0.04410615 
80 747 11 15 0.04404792 
432 72 7 9 0.043999813 
86 695 10 13 0.043978423 
950 682 12 17 0.04395339 
544 373 11 14 0.043900553 
61 471 10 12 0.043862943 
223 489 12 15 0.043810736 
201 303 8 11 0.043791693 
525 39 9 12 0.043746714 
807 751 13 15 0.0436716 
768 660 10 14 0.0436715 
4 244 12 16 0.043661185 
525 532 11 13 0.04355338 
311 23 9 11 0.04322864 
2 559 10 14 0.043153223 
159 353 9 9 0.043117706 
900 600 15 19 0.043081697 
136 396 10 12 0.043066937 
294 408 9 11 0.04304838 
80 428 10 14 0.04299016 
137 483 10 13 0.042956322 
336 430 9 13 0.042855613 
512 120 7 10 0.042783685 
260 542 11 14 0.04275706 
847 171 11 14 0.042735185 
199 382 8 10 0.042719077 
461 603 10 14 0.04268398 
250 287 8 11 0.042670142 
314 312 8 10 0.04261248 
472 636 12 16 0.042562786 
145 349 8 10 0.042499717 
191 507 11 14 0.04248752 
312 468 9 11 0.042477783 
920 159 10 12 0.042429347 
622 597 11 15 0.042424697 
679 488 13 17 0.042393837 
72 413 8 12 0.0421545 
617 403 20 30 0.042144977 
127 204 10 13 0.041970357 
633 387 11 15 0.041911747 
70 421 9 12 0.04178575 
227 470 11 13 0.041730218 
542 419 12 15 0.041720107 
263 413 10 13 0.04171361 
580 417 17 22 0.041707184 
314 677 13 18 0.041682035 
473 617 12 16 0.041633647 
750 137 8 10 0.04158393 
351 605 11 14 0.04157708 
969 644 27 35 0.041403517 
412 698 13 16 0.041331924 
732 533 12 15 0.041195877 
289 414 11 13 0.041160602 
430 747 10 13 0.04112129 
919 630 21 25 0.04111535 
389 370 12 16 0.041102357 
888 159 9 11 0.041078337 
125 479 9 13 0.041028187 
808 732 10 13 0.041024685 
310 514 12 15 0.041017853 
189 591 13 18 0.040978123 
24 622 9 12 0.040967744 
222 326 7 10 0.04093018 
89 303 8 11 0.0408699 
839 663 10 12 0.04086081 
705 551 14 19 0.040847085 
636 663 12 16 0.040787112 
398 370 12 16 0.040772453 
313 535 9 11 0.040747814 
23 690 11 14 0.040711794 
249 301 7 9 0.04070779 
990 706 27 33 0.04070347 
238 311 7 9 0.040690903 
284 365 10 12 0.04063157 
453 283 12 14 0.040566478 
285 294 10 11 0.04038432 
216 334 7 9 0.040367763 
213 451 10 15 0.04036456 
83 721 24 30 0.040243067 
384 541 10 11 0.040239487 
741 633 13 15 0.040237647 
430 86 8 10 0.04017492 
527 112 7 10 0.04011632 
348 665 12 19 0.04004607 
636 687 16 21 0.04002773 
716 521 16 19 0.04001673 
276 458 12 16 0.039982423 
100 707 21 28 0.03993413 
349 295 8 12 0.039908037 
577 574 10 13 0.039836716 
369 443 12 15 0.03975251 
184 321 8 9 0.039712712 
7 571 10 14 0.039649867 
695 141 9 10 0.039567582 
549 365 10 12 0.039542988 
177 342 8 11 0.039527643 
360 643 11 16 0.039521467 
629 517 14 18 0.039494842 
64 654 11 14 0.039490968 
24 628 8 12 0.039482374 
587 425 12 17 0.039480448 
324 316 10 12 0.03947328 
902 78 9 11 0.039386272 
45 605 12 14 0.039313205 
114 669 12 15 0.039312325 
39 531 9 12 0.03930907 
232 453 9 12 0.039268013 
24 570 11 14 0.03925652 
502 603 10 13 0.039204307 
909 651 13 15 0.039203193 
366 550 11 14 0.039188784 
337 300 10 13 0.039168928 
88 412 9 12 0.039127313 
84 580 12 15 0.039108448 
110 327 8 11 0.03908938 
442 552 12 19 0.038975675 
989 190 11 14 0.038937464 
262 398 10 12 0.038906433 
735 617 16 22 0.038850527 
903 160 12 14 0.038808 
968 110 7 9 0.03876623 
894 173 11 12 0.038742863 
390 676 12 14 0.038706575 
97 685 9 13 0.038662188 
136 429 9 13 0.038571075 
992 175 8 10 0.038568083 
723 664 13 15 0.038557544 
224 305 7 9 0.03854127 
194 589 11 14 0.038535383 
488 463 12 18 0.03850372 
855 159 10 10 0.038501576 
129 183 9 12 0.038444884 
326 336 11 13 0.03842266 
958 659 13 20 0.038420532 
271 541 10 14 0.038410053 
189 301 9 11 0.038404904 
204 672 10 13 0.038350906 
196 698 11 13 0.038337052 
230 425 10 12 0.038141273 
805 621 11 14 0.038141146 
808 167 8 11 0.038136113 
109 561 13 16 0.03812174 
486 97 8 10 0.038103886 
206 493 11 13 0.038095206 
771 650 10 14 0.03803637 
200 345 7 9 0.03799368 
103 326 9 12 0.037970174 
538 642 14 20 0.03795196 
80 471 9 12 0.03794891 
124 733 15 19 0.03791921 
479 550 12 15 0.037902076 
1009 175 9 13 0.037874408 
664 517 26 30 0.037859794 
319 336 9 11 0.037848245 
29 661 10 13 0.037810043 
401 267 10 14 0.037786875 
745 141 8 10 0.037771404 
878 158 9 11 0.03776186 
371 732 12 16 0.03775209 
903 661 13 15 0.037744995 
207 253 7 10 0.037739296 
15 670 9 12 0.0377333 
133 502 11 14 0.037701547 
198 513 12 14 0.0376962 
766 707 13 20 0.037692428 
167 342 8 10 0.037668604 
462 318 13 16 0.0376474 
105 367 9 12 0.037644755 
655 636 11 14 0.03758546 
713 149 9 11 0.03756743 
281 268 7 10 0.037527934 
253 575 14 19 0.037519075 
431 292 10 12 0.03746958 
512 125 7 9 0.037448898 
470 741 11 12 0.037442073 
485 593 14 16 0.03739897 
311 300 8 12 0.037357505 
234 325 7 10 0.037316374 
431 490 12 16 0.037311528 
349 386 10 14 0.037270043 
235 689 12 16 0.03725846 
375 476 10 13 0.037247825 
525 342 13 20 0.037218288 
463 742 11 13 0.0372066 
115 299 10 13 0.037191387 
59 669 10 12 0.037174176 
637 201 13 16 0.037063725 
102 581 13 17 0.03702101 
726 97 8 10 0.0369831 
277 568 20 30 0.03693421 
134 686 12 15 0.03691598 
606 517 42 54 0.036880784 
229 676 11 16 0.036864784 
716 733 11 14 0.036846828 
240 279 7 9 0.036840335 
817 158 9 10 0.036810916 
710 650 10 15 0.03680025 
163 532 13 18 0.03677965 
909 401 18 23 0.036723454 
713 740 14 15 0.0367142 
621 644 12 16 0.03661945 
628 630 20 24 0.036556453 
777 749 11 15 0.036455322 
449 285 10 14 0.03645058 
86 525 10 13 0.0364101 
76 230 13 16 0.036407415 
337 294 10 12 0.03637506 
436 527 11 13 0.0363255 
242 726 21 28 0.036296807 
192 278 9 11 0.036237072 
484 566 11 15 0.036221854 
238 320 8 10 0.036195043 
703 635 12 17 0.036194034 
640 133 9 10 0.036172435 
302 532 8 12 0.036141444 
576 548 21 27 0.036134608 
66 163 14 17 0.03604252 
918 486 50 52 0.035976376 
38 426 10 14 0.035908684 
92 451 10 13 0.03584449 
583 306 12 15 0.03582858 
121 646 10 14 0.035828345 
54 716 11 15 0.035791807 
214 189 9 11 0.035773788 
173 476 20 26 0.035757363 
237 456 10 12 0.035687394 
199 328 7 10 0.035672136 
238 325 7 10 0.035653926 
279 326 9 11 0.035615258 
925 666 11 15 0.035533514 
628 617 13 17 0.03550186 
295 681 14 18 0.035473116 
121 198 9 12 0.035465296 
141 397 9 11 0.035431974 
908 183 11 13 0.03542101 
240 229 12 15 0.03541981 
517 598 20 27 0.035418056 
831 151 7 10 0.035327386 
687 555 13 17 0.035315648 
236 501 11 15 0.035303712 
374 467 10 14 0.035300523 
491 309 11 15 0.035264477 
328 613 12 15 0.035261407 
194 219 9 12 0.035243638 
312 540 10 12 0.035207126 
194 349 8 11 0.035203055 
348 326 10 13 0.03519706 
520 119 8 10 0.035082072 
957 688 13 17 0.035060063 
734 601 11 15 0.03504421 
15 748 11 15 0.03501291 
520 345 12 17 0.0349186 
613 325 9 12 0.034851827 
33 498 10 14 0.03484268 
843 672 12 15 0.03481893 
464 524 11 15 0.034807265 
660 572 15 18 0.034789998 
614 347 10 14 0.034732055 
255 309 8 10 0.034708925 
36 453 10 13 0.03469952 
309 295 9 11 0.034685947 
942 691 11 15 0.03465044 
280 366 9 12 0.034636416 
313 317 8 11 0.034602515 
351 611 9 13 0.034558248 
532 445 10 14 0.03455668 
824 694 13 16 0.034500476 
482 33 8 9 0.034485366 
573 642 24 32 0.034438346 
102 468 9 12 0.03438934 
945 657 22 28 0.03438778 
169 484 9 13 0.034361154 
411 80 7 10 0.03435248 
24 248 25 29 0.034323458 
615 450 12 16 0.034240123 
312 461 9 13 0.0341303 
576 432 13 18 0.034101777 
118 683 13 15 0.034097113 
530 78 9 12 0.03409609 
110 638 9 12 0.034089655 
617 406 11 17 0.03407648 
372 243 11 14 0.034074824 
629 383 25 36 0.034048535 
761 645 12 15 0.03402289 
239 577 13 17 0.033936184 
329 654 20 25 0.033889547 
297 285 8 11 0.0338782 
240 645 10 12 0.033849802 
108 519 13 19 0.0338179 
903 652 13 17 0.033778153 
216 349 8 10 0.03376845 
40 518 10 14 0.033759218 
319 28 11 14 0.033709835 
192 622 9 12 0.033691518 
95 693 11 14 0.033628132 
132 676 11 14 0.033618838 
1000 183 9 12 0.03358275 
31 615 9 13 0.03357737 
240 302 8 9 0.033571765 
823 151 9 10 0.033571478 
399 87 8 10 0.033558942 
94 411 9 13 0.03350217 
184 381 8 11 0.033424705 
94 405 10 13 0.033396397 
432 273 11 14 0.03339358 
294 434 10 12 0.033368833 
552 493 8 11 0.03332527 
41 468 10 14 0.033322707 
626 209 13 16 0.033313468 
410 605 10 13 0.033306256 
491 501 12 15 0.033244245 
351 525 10 12 0.033190034 
103 332 10 13 0.033168897 
144 725 12 16 0.03312256 
704 596 10 14 0.033113033 
299 467 10 12 0.0331056 
216 343 7 10 0.03310035 
43 734 11 15 0.032996453 
396 560 9 12 0.03298167 
533 119 9 11 0.032957215 
177 335 8 11 0.032956906 
367 449 12 16 0.03295175 
212 695 12 16 0.03293748 
583 486 9 12 0.032896325 
246 415 10 12 0.032866046 
388 123 12 14 0.03271724 
88 377 10 14 0.032683842 
123 628 12 19 0.032664 
151 678 10 13 0.03262815 
63 435 10 14 0.03261884 
200 333 8 10 0.032610998 
627 199 14 17 0.032566313 
573 477 9 11 0.032551512 
308 74 12 14 0.032532148 
342 427 10 14 0.032500822 
205 360 9 11 0.032433085 
116 674 13 17 0.032421917 
457 109 8 11 0.032381896 
78 677 11 14 0.032364856 
424 78 8 10 0.03229494 
302 409 19 26 0.032248363 
253 428 10 13 0.03220251 
671 480 13 17 0.032184098 
845 731 10 13 0.03217378 
190 647 10 13 0.032166343 
102 557 13 16 0.03216548 
197 222 9 11 0.03210773 
92 310 10 12 0.032100152 
22 582 10 12 0.032097597 
254 514 9 14 0.032068264 
464 127 8 10 0.03205965 
127 382 10 14 0.03201168 
192 368 7 10 0.031967737 
552 110 7 10 0.031966083 
376 707 14 19 0.031956423 
93 439 10 13 0.031951293 
342 31 10 12 0.031945396 
790 160 9 9 0.031915586 
143 595 13 15 0.031910475 
127 570 12 16 0.031889405 
846 630 25 29 0.031884678 
807 693 10 14 0.03187907 
368 597 9 12 0.031869818 
168 684 10 14 0.03180667 
566 303 11 13 0.031799268 
893 165 10 12 0.031792656 
137 366 9 11 0.031723663 
885 636 13 16 0.0317199 
234 293 9 11 0.031718858 
93 430 10 12 0.031684045 
247 515 10 14 0.031668775 
408 452 12 15 0.031637054 
541 637 28 36 0.03162295 
652 665 12 16 0.031618483 
344 226 10 13 0.031556964 
245 541 12 15 0.031556245 
999 174 8 10 0.031535897 
702 529 20 27 0.03151122 
396 378 12 17 0.031499077 
368 101 7 10 0.03149586 
472 111 8 10 0.031474203 
87 574 12 15 0.031459853 
902 174 10 12 0.03143336 
4 501 10 14 0.03139333 
222 350 8 10 0.03136988 
158 645 9 12 0.031339854 
675 515 19 22 0.0313095 
14 510 10 13 0.031296458 
272 311 8 9 0.031278536 
247 493 9 13 0.03125538 
217 358 7 10 0.031232713 
420 444 11 15 0.031216292 
846 661 10 13 0.031204851 
77 483 10 13 0.031169184 
392 38 7 9 0.031137235 
93 302 9 12 0.031131033 
223 427 18 24 0.03112202 
774 605 11 14 0.031117741 
469 348 11 15 0.03109694 
452 291 13 15 0.031082718 
30 227 25 30 0.031072 
191 396 10 13 0.031041607 
745 135 9 11 0.031034788 
412 282 12 14 0.031006651 
950 672 15 21 0.030998375 
311 327 8 11 0.03096851 
80 587 12 17 0.030964985 
103 676 12 15 0.030947275 
32 645 9 13 0.030940209 
777 677 9 13 0.03092606 
117 731 14 20 0.030893367 
80 454 9 12 0.030891655 
272 303 8 10 0.030881975 
333 435 11 14 0.03087442 
759 143 7 9 0.030857382 
134 388 11 14 0.03083721 
184 644 9 12 0.030819219 
504 126 7 9 0.030809326 
119 221 9 12 0.030793617 
377 532 9 13 0.030769818 
711 745 15 18 0.030752301 
112 236 11 15 0.030743362 
384 25 7 9 0.030734383 
151 364 10 13 0.030723613 
136 438 8 12 0.030718919 
255 381 10 11 0.030709945 
288 405 10 13 0.030701486 
148 419 11 14 0.0306928 
116 378 11 14 0.030624108 
169 637 10 14 0.030594297 
828 743 12 15 0.030587742 
7 591 9 12 0.03056892 
724 493 13 18 0.030557273 
303 333 9 10 0.030513436 
1013 138 10 14 0.030492663 
69 382 12 15 0.030478828 
785 159 8 11 0.030469824 
608 500 11 14 0.030466493 
353 16 8 11 0.03041663 
934 697 11 16 0.030396402 
414 642 13 16 0.030362708 
229 670 11 14 0.030346636 
0 470 8 14 0.030325731 
922 573 14 19 0.030320423 
620 203 22 26 0.030313006 
461 492 17 21 0.030306013 
107 588 12 15 0.03029288 
108 413 13 15 0.030263165 
292 388 11 12 0.030260734 
713 630 13 15 0.030259568 
430 602 12 16 0.030210603 
198 486 10 12 0.030209456 
253 271 8 10 0.030198239 
0 702 9 13 0.03018643 
842 749 17 18 0.030157708 
370 283 11 14 0.030154634 
745 707 11 15 0.030152988 
243 565 11 16 0.030150132 
141 436 10 13 0.030130222 
239 414 10 12 0.030104004 
245 586 12 15 0.030100003 
231 461 9 12 0.030052733 
357 213 11 13 0.030050784 
328 294 8 10 0.030034447 
132 382 11 15 0.030033084 
126 200 10 12 0.029993003 
165 506 12 17 0.029991925 
169 469 10 14 0.02997228 
127 372 8 11 0.029938206 
369 32 7 10 0.029935943 
79 553 13 17 0.029899094 
12 233 21 28 0.02989622 
781 607 11 14 0.029870097 
329 533 11 14 0.02984657 
811 657 12 17 0.029837674 
254 455 11 14 0.029833257 
174 558 13 16 0.029812293 
20 358 12 16 0.029803451 
159 341 9 10 0.029766116 
443 716 15 20 0.029764444 
105 372 10 13 0.029753808 
957 732 14 22 0.029732466 
317 421 10 14 0.029713303 
70 537 13 15 0.029657856 
644 666 14 19 0.029652514 
120 327 9 12 0.029624077 
887 173 10 12 0.029588915 
773 635 12 16 0.029583659 
109 343 10 14 0.029575732 
30 727 12 18 0.029547552 
263 405 11 14 0.029472752 
574 124 11 12 0.02942033 
573 302 11 13 0.029358055 
409 84 8 11 0.02934667 
767 638 11 16 0.029342353 
743 603 12 15 0.029277598 
1014 188 9 13 0.029248841 
47 702 9 12 0.029222846 
522 110 8 9 0.029212607 
589 540 14 18 0.029193135 
302 317 8 11 0.029177371 
148 427 11 14 0.029168513 
446 594 19 26 0.029152634 
447 92 8 10 0.029140847 
635 554 12 16 0.029140411 
763 692 11 15 0.0291327 
13 357 12 16 0.029096352 
5 229 9 12 0.0290542 
268 375 11 13 0.029018562 
247 445 9 12 0.029000577 
252 674 12 16 0.029 
701 101 8 10 0.028971573 
362 443 11 15 0.028964799 
646 744 14 18 0.028961368 
248 501 12 15 0.028929146 
192 327 7 9 0.028921619 
645 707 10 16 0.028913017 
335 288 8 10 0.0289042 
162 -67 428 480 0.028874716 
794 634 14 16 0.02885005 
825 683 11 13 0.028847724 
885 180 11 14 0.028831614 
143 408 9 13 0.028829616 
214 493 10 12 0.028800488 
343 421 12 15 0.028790172 
199 374 8 10 0.028777687 
943 685 12 16 0.028760895 
390 77 8 10 0.028759735 
40 588 11 14 0.028719317 
116 214 10 13 0.02871928 
620 530 18 23 0.028704539 
178 402 12 15 0.028659798 
895 723 10 15 0.028652199 
735 573 13 17 0.02864248 
62 507 9 12 0.028624654 
540 679 16 20 0.028603204 
231 380 11 12 0.028589312 
38 651 11 14 0.028584115 
301 344 9 12 0.028572144 
253 337 9 11 0.028547099 
752 590 12 16 0.028542355 
95 316 10 12 0.028536152 
63 455 10 13 0.028500205 
272 270 7 10 0.028436301 
369 230 9 11 0.028390842 
118 414 9 13 0.028379735 
101 277 11 14 0.02834666 
520 104 8 10 0.028345197 
370 137 15 20 0.028341187 
558 474 11 13 0.028333135 
254 482 10 13 0.028246693 
765 700 11 16 0.028228454 
718 719 12 15 0.028223837 
375 94 8 10 0.02820762 
420 623 10 13 0.028189994 
231 396 11 13 0.028162606 
296 533 10 14 0.02815921 
150 239 9 11 0.02811478 
664 693 42 52 0.02811244 
691 604 12 14 0.028103532 
671 101 8 10 0.028075386 
847 715 11 14 0.028075218 
253 348 9 11 0.0280679 
156 452 19 25 0.028064376 
758 737 12 16 0.028058333 
717 148 11 13 0.028027358 
301 287 8 11 0.028007641 
794 121 7 10 0.027998824 
526 677 12 15 0.027993113 
240 420 10 13 0.027965887 
974 355 11 14 0.027962504 
47 511 9 13 0.027937528 
529 85 10 11 0.027928848 
31 725 20 27 0.027927324 
612 155 15 17 0.027917664 
839 693 11 14 0.027913932 
341 242 9 13 0.027885577 
155 593 13 16 0.02784849 
406 643 12 14 0.027830796 
147 556 15 17 0.027791873 
350 562 12 16 0.027760653 
463 109 7 11 0.02775288 
148 245 10 12 0.027745618 
230 571 12 15 0.027739877 
252 660 12 16 0.027718678 
398 478 9 12 0.02771491 
159 389 9 12 0.027713208 
367 370 11 16 0.027687903 
237 395 11 14 0.027668878 
178 717 20 24 0.027667504 
624 589 11 14 0.027662957 
1001 433 25 41 0.027614625 
679 724 25 31 0.02760543 
587 564 11 16 0.027574688 
192 309 9 11 0.02756986 
745 625 18 22 0.027555974 
72 501 10 14 0.027547335 
757 634 11 14 0.02750373 
527 45 10 13 0.027480908 
63 716 10 13 0.027469868 
36 728 12 17 0.027445536 
944 713 12 16 0.027416468 
224 375 8 11 0.027395235 
121 357 9 12 0.027388135 
331 620 13 17 0.027386183 
380 520 12 16 0.02734091 
740 597 11 16 0.027318208 
622 607 19 23 0.027298633 
237 531 11 16 0.027295409 
614 660 23 27 0.027295073 
555 634 26 31 0.027292106 
280 435 9 12 0.027289433 
151 395 10 13 0.027273502 
207 297 8 9 0.027265975 
783 734 10 12 0.027240392 
193 343 8 10 0.027236734 
113 475 11 13 0.027228242 
479 626 13 17 0.027213255 
545 112 7 9 0.027211094 
557 359 9 12 0.027202334 
208 390 9 11 0.027172951 
967 103 8 11 0.027162816 
158 420 11 14 0.027162546 
400 310 20 27 0.027150778 
463 690 12 16 0.027146503 
814 698 9 14 0.027125899 
750 617 14 17 0.027112674 
740 541 15 17 0.027077612 
70 452 10 13 0.02706654 
106 380 10 13 0.027064217 
294 377 9 11 0.02702559 
127 671 10 13 0.027020069 
478 355 9 13 0.027007723 
24 403 10 15 0.026999662 
912 579 15 20 0.02698299 
384 63 8 10 0.026981235 
128 188 9 11 0.026961658 
237 623 10 14 0.026958367 
956 659 24 33 0.02694754 
496 127 8 10 0.026939923 
455 136 9 11 0.026939863 
14 558 9 12 0.026934683 
793 150 7 9 0.026930742 
222 359 8 9 0.026923599 
200 175 8 11 0.02690877 
565 702 41 54 0.02690566 
232 366 10 11 0.026900519 
14 216 42 52 0.026895748 
997 188 10 13 0.02687392 
250 311 7 9 0.026870264 
269 366 11 13 0.026857046 
41 610 21 29 0.026831739 
202 500 12 14 0.02682933 
88 439 10 14 0.026816767 
1010 93 10 12 0.02681363 
22 499 11 13 0.026792582 
207 486 9 12 0.026783582 
989 730 13 15 0.026780738 
582 579 12 17 0.026771741 
303 326 8 11 0.02675819 
174 277 9 11 0.026757805 
984 183 8 10 0.026751323 
600 509 10 13 0.026743 
70 460 9 11 0.026710324 
274 285 8 11 0.026691694 
197 680 18 23 0.026690528 
318 691 11 15 0.026674105 
288 325 9 11 0.02666139 
703 602 11 15 0.026660461 
364 606 12 15 0.026659748 
371 453 11 15 0.026645385 
853 166 11 13 0.026630169 
477 73 10 13 0.02662856 
591 436 10 14 0.026587393 
184 232 9 11 0.02657695 
370 358 14 18 0.02656264 
481 37 8 9 0.026480228 
854 724 10 13 0.026477512 
21 668 10 13 0.026438318 
96 326 10 12 0.026424332 
53 709 11 15 0.026388446 
184 693 10 14 0.026386175 
289 452 19 25 0.026376624 
118 491 13 16 0.026355458 
380 670 13 16 0.026349725 
491 346 13 17 0.02634937 
194 468 11 14 0.026330711 
142 629 13 18 0.026327161 
725 724 9 13 0.026302228 
169 751 13 15 0.02629937 
460 93 10 10 0.026295034 
607 130 10 13 0.026288578 
572 447 239 242 0.026279118 
395 658 15 18 0.02622523 
23 731 12 17 0.026210189 
432 107 8 11 0.026199158 
431 259 20 25 0.026189707 
635 381 14 19 0.026174566 
671 598 12 16 0.026168618 
192 381 8 10 0.026141325 
9 148 9 12 0.026136246 
998 326 16 19 0.02612848 
977 709 25 32 0.026110819 
925 567 9 11 0.026106028 
127 500 12 15 0.026078735 
695 80 8 9 0.026024327 
373 555 11 15 0.026014281 
384 276 10 14 0.026006259 
359 317 10 13 0.025997387 
261 300 8 11 0.025982896 
245 597 9 13 0.025973538 
490 575 13 18 0.02594761 
342 682 11 16 0.025926847 
504 110 8 9 0.025916314 
101 317 9 12 0.025909333 
906 581 24 31 0.025898129 
861 719 9 12 0.02586457 
246 406 9 12 0.025854396 
703 141 8 10 0.025847888 
257 254 8 9 0.025810959 
701 709 11 15 0.025794543 
887 188 13 15 0.025776517 
691 732 14 20 0.025736347 
313 343 10 13 0.02571336 
110 332 9 12 0.025681209 
70 253 11 15 0.025680453 
757 748 11 15 0.025674812 
391 54 8 10 0.025669107 
-3 506 17 27 0.025637692 
57 533 10 13 0.025636323 
143 196 9 12 0.025608584 
200 318 8 10 0.025596544 
864 163 12 14 0.025578914 
157 404 12 14 0.025566455 
969 623 42 57 0.02551505 
111 735 24 29 0.025494251 
232 389 11 13 0.025435006 
908 632 19 25 0.02540933 
755 705 20 27 0.025408601 
94 461 11 13 0.025402509 
293 397 9 12 0.02539492 
322 700 12 15 0.025392642 
827 644 14 18 0.02539238 
92 709 13 17 0.02538127 
289 309 9 11 0.025374291 
247 658 12 15 0.025373498 
49 241 16 21 0.02536267 
286 270 8 9 0.025349028 
925 688 15 19 0.025328184 
406 550 20 25 0.02532056 
892 159 12 13 0.02531627 
350 674 11 18 0.025311511 
518 125 8 10 0.025282647 
509 722 28 34 0.025260799 
411 329 11 16 0.025227793 
452 301 12 16 0.025221467 
549 405 9 12 0.02521651 
192 390 10 13 0.025204908 
448 32 7 10 0.025200874 
310 130 28 33 0.025199343 
428 383 16 20 0.025189642 
150 407 11 14 0.02518476 
102 271 10 12 0.02518463 
94 283 11 14 0.025168393 
311 333 9 10 0.025159763 
895 180 11 12 0.02512971 
8 548 10 13 0.025125127 
559 487 8 10 0.02511622 
520 78 8 10 0.025094405 
335 309 9 12 0.0250503 
125 329 9 11 0.025043853 
60 378 14 17 0.025037456 
415 246 9 12 0.025026388 
675 445 11 12 0.02501881 
884 613 10 13 0.025015749 
269 546 10 15 0.024997102 
891 634 19 23 0.024989808 
664 117 8 11 0.024986882 
935 111 8 10 0.02498655 
48 463 9 12 0.024962353 
579 715 15 20 0.024930155 
49 706 9 13 0.02491144 
421 433 14 17 0.024908105 
278 255 6 8 0.024907874 
124 643 18 25 0.024899317 
174 373 9 10 0.024879245 
408 71 8 9 0.024854366 
326 299 10 13 0.024837561 
54 557 10 13 0.024834031 
679 590 11 13 0.024810754 
951 111 8 10 0.024809804 
30 605 9 12 0.024760699 
473 602 10 15 0.024751673 
272 527 8 11 0.024743762 
784 165 9 12 0.024711344 
352 214 11 14 0.024676187 
381 468 9 14 0.024673961 
145 238 9 12 0.024667516 
581 384 10 13 0.024664896 
22 276 12 15 0.024661254 
532 161 12 14 0.02460852 
258 532 10 13 0.02460584 
233 271 7 9 0.024552032 
992 88 8 10 0.024544116 
258 567 23 28 0.02453767 
247 485 10 12 0.024537385 
50 202 14 19 0.024524108 
366 626 12 18 0.024523443 
421 546 13 17 0.024521342 
692 735 26 33 0.02451629 
18 734 20 27 0.024512528 
544 119 8 10 0.024482617 
77 445 9 12 0.024482263 
167 350 9 10 0.024470821 
304 596 10 14 0.024461396 
284 447 12 15 0.024455253 
807 633 13 16 0.024447607 
134 672 10 12 0.024444584 
674 526 24 29 0.024435693 
404 621 19 24 0.024387896 
476 638 18 23 0.024383651 
744 522 13 16 0.024382595 
754 565 13 16 0.02434489 
85 544 10 13 0.02430964 
885 684 11 14 0.024288315 
185 701 9 12 0.024274334 
158 651 10 14 0.024208581 
22 636 9 14 0.024196133 
440 581 11 13 0.02418522 
478 364 11 14 0.024182698 
369 96 7 9 0.02416585 
517 519 19 24 0.024161467 
460 547 12 15 0.024153065 
113 484 9 13 0.024145702 
287 396 11 14 0.024133325 
365 434 18 24 0.024128173 
434 394 15 20 0.024115248 
567 504 10 12 0.024103845 
662 530 25 30 0.02409248 
53 451 12 15 0.0240766 
77 437 9 12 0.024050089 
725 530 14 18 0.024046255 
563 444 13 16 0.024025807 
178 326 9 11 0.0240231 
614 87 9 10 0.024012003 
192 334 7 10 0.02400637 
207 229 9 12 0.024002166 
166 365 9 12 0.023998817 
139 626 22 28 0.023980167 
50 669 10 12 0.023978304 
583 508 11 13 0.023967892 
298 295 8 11 0.023954764 
863 700 10 13 0.023945868 
35 571 10 14 0.023940759 
730 628 11 16 0.02392866 
217 311 8 9 0.023925576 
183 219 8 11 0.023916526 
613 388 9 13 0.023877978 
190 288 8 9 0.02387777 
45 686 12 15 0.023860887 
87 331 18 24 0.023853147 
32 653 10 14 0.023820696 
261 454 11 15 0.023810318 
174 430 9 11 0.02380772 
985 188 10 14 0.023792356 
783 150 8 10 0.023787716 
659 714 26 30 0.023783255 
224 555 10 14 0.023778932 
439 302 13 16 0.023766069 
135 213 11 14 0.023762545 
426 100 9 11 0.023749512 
740 528 21 26 0.023744704 
51 179 12 14 0.023734577 
327 430 10 13 0.023733834 
81 694 11 13 0.023728836 
137 372 9 12 0.023723653 
766 725 10 14 0.02371485 
708 614 12 16 0.023711096 
927 103 9 10 0.023706833 
84 476 11 14 0.023705017 
776 620 10 15 0.023680408 
928 641 22 27 0.023676697 
800 157 9 11 0.02364155 
476 483 13 17 0.02362628 
112 462 10 14 0.023618225 
200 237 8 12 0.023616185 
141 651 12 15 0.023615418 
216 294 8 10 0.023607118 
256 525 10 13 0.023603568 
627 594 13 17 0.023593659 
328 279 9 10 0.02352965 
382 104 10 11 0.023521407 
967 87 8 10 0.023506736 
48 475 10 14 0.023494568 
40 614 10 14 0.0234826 
314 516 11 15 0.023476329 
834 104 7 9 0.023460113 
684 732 15 20 0.023443338 
1005 682 12 18 0.02343745 
225 398 9 11 0.023413325 
559 112 8 9 0.023402594 
533 124 10 11 0.023397768 
900 640 14 18 0.023395725 
976 175 8 9 0.023388242 
236 634 11 14 0.023386868 
133 341 9 12 0.023385148 
56 484 11 13 0.023383569 
638 704 13 18 0.023379922 
265 22 8 11 0.02334789 
413 268 10 13 0.023313584 
208 318 8 10 0.023284147 
233 264 7 9 0.023274032 
252 710 11 14 0.023266163 
230 529 12 17 0.023262687 
243 211 12 14 0.023247913 
13 534 10 14 0.023197189 
806 144 8 10 0.02319242 
291 570 13 20 0.023177171 
623 415 22 32 0.023163173 
821 508 26 36 0.023153879 
509 525 13 16 0.023144562 
405 526 12 17 0.023133168 
157 413 11 14 0.023119753 
390 32 7 9 0.023109132 
631 388 91 125 0.023097193 
671 537 24 29 0.023086546 
908 669 11 14 0.023071542 
21 676 11 15 0.023069782 
120 349 10 14 0.023062427 
22 724 11 15 0.023054676 
71 428 10 14 0.023053072 
627 658 20 26 0.023035515 
967 182 9 11 0.023021728 
49 662 10 12 0.023009002 
878 151 10 13 0.022993552 
467 333 12 15 0.02297533 
60 243 12 18 0.022967031 
822 658 11 14 0.022964174 
116 230 11 15 0.022962196 
379 691 15 18 0.022944044 
17 485 11 15 0.022931779 
520 70 8 10 0.022925176 
595 716 12 15 0.022921331 
348 654 11 16 0.022914268 
672 96 8 10 0.022911366 
458 103 8 11 0.022859924 
718 589 14 19 0.022851087 
341 715 19 26 0.02283847 
686 632 14 19 0.022829417 
574 471 9 12 0.022802439 
440 93 8 10 0.022785962 
351 495 8 11 0.022785515 
840 119 8 9 0.022784553 
551 103 8 10 0.022780487 
524 737 16 16 0.022779783 
67 359 11 13 0.022779154 
8 532 11 14 0.022770388 
872 87 8 9 0.022767812 
128 554 12 18 0.022765158 
509 648 13 17 0.022743793 
358 619 12 16 0.022742616 
222 344 8 10 0.022741148 
630 448 12 18 0.022737658 
353 22 7 10 0.022732228 
351 500 8 11 0.022728859 
296 281 8 10 0.022726059 
287 437 9 11 0.022724533 
920 565 9 12 0.022724265 
566 581 11 14 0.022714762 
281 292 10 12 0.02270608 
4 658 13 16 0.022690717 
234 278 7 9 0.022686046 
191 319 8 9 0.022674844 
222 287 8 10 0.022673525 
340 516 10 13 0.022663523 
662 536 13 17 0.022657698 
236 725 11 15 0.02264723 
232 335 8 10 0.022607733 
719 144 9 10 0.022592211 
949 700 12 15 0.022565803 
297 642 11 14 0.022552092 
280 301 9 11 0.022550972 
54 673 13 15 0.022546055 
59 677 12 14 0.022521973 
589 443 10 13 0.022521636 
181 412 11 15 0.02250201 
528 640 23 35 0.022489808 
834 133 8 12 0.022485172 
265 270 8 10 0.022479119 
417 72 7 9 0.022472534 
256 325 8 11 0.022438427 
363 533 12 15 0.022407878 
702 661 12 16 0.022402758 
309 408 9 11 0.022397146 
704 87 8 9 0.022390792 
600 651 22 27 0.022384232 
200 297 8 10 0.022380626 
431 485 20 26 0.022380307 
612 126 9 11 0.022378486 
470 116 9 10 0.022367826 
469 323 11 15 0.02236718 
113 499 10 14 0.022361731 
157 677 11 13 0.022346685 
875 642 22 27 0.022303896 
661 396 33 41 0.02229664 
281 405 9 12 0.022289148 
563 625 16 18 0.022281023 
296 337 8 9 0.022272632 
596 540 13 16 0.022271274 
37 237 28 34 0.02225653 
645 348 10 14 0.022252314 
384 54 8 10 0.022238899 
526 333 22 27 0.022235792 
51 645 12 15 0.022226552 
217 431 10 14 0.022223953 
19 587 12 15 0.022213995 
12 365 20 25 0.022213627 
976 183 8 10 0.022212764 
68 519 11 14 0.02221181 
253 495 11 14 0.022209233 
391 365 21 27 0.022208966 
273 534 9 12 0.02220758 
80 724 11 14 0.022201441 
988 712 15 20 0.022198703 
970 703 43 55 0.022188235 
281 320 8 10 0.022180423 
252 666 13 18 0.022177411 
251 655 10 14 0.022170454 
847 726 10 13 0.022161655 
902 84 10 13 0.022155408 
88 504 12 15 0.022139555 
323 692 12 15 0.022138724 
189 421 10 12 0.02210852 
45 645 13 15 0.022097228 
360 405 10 13 0.022095129 
196 476 11 14 0.02209179 
358 343 11 14 0.022090808 
481 96 9 11 0.022075234 
590 214 12 16 0.022068482 
701 669 19 24 0.02202625 
231 504 11 14 0.022011327 
412 346 12 17 0.022007698 
216 263 7 10 0.022005528 
255 263 7 10 0.022000888 
603 328 12 15 0.021994673 
567 124 10 12 0.021978112 
226 630 11 14 0.021970417 
94 245 13 16 0.021967195 
156 732 12 16 0.02196366 
941 173 13 14 0.021960583 
237 476 11 14 0.021937028 
811 673 13 16 0.02193089 
774 722 9 14 0.021927772 
391 64 7 8 0.021915197 
752 741 11 13 0.02191447 
919 622 13 16 0.021911472 
97 677 10 16 0.021904081 
36 494 11 14 0.021893026 
784 79 7 10 0.02188752 
2 272 21 28 0.021855319 
930 635 12 16 0.021848464 
562 635 15 19 0.021848459 
254 376 10 12 0.021840492 
588 714 13 18 0.021834778 
59 362 18 22 0.021827105 
265 278 7 10 0.021825105 
712 497 25 28 0.021821948 
478 349 11 14 0.021813255 
367 261 11 14 0.021812819 
802 593 15 22 0.021797912 
453 342 13 16 0.02179216 
713 100 9 11 0.02178611 
350 288 9 11 0.021785744 
840 732 11 14 0.021777641 
316 524 10 14 0.02177136 
800 166 9 11 0.021759968 
440 79 8 10 0.021758795 
372 589 12 14 0.021753697 
319 619 13 18 0.021746248 
143 389 10 13 0.02173582 
217 246 7 10 0.021694971 
621 649 22 28 0.021694388 
194 495 21 24 0.021684596 
54 653 11 13 0.021670774 
557 493 8 10 0.021664638 
125 494 10 14 0.021636488 
277 29 10 11 0.02163143 
342 320 9 12 0.021625923 
183 652 12 15 0.021624679 
326 400 11 14 0.02160368 
437 292 10 12 0.021601738 
264 459 10 13 0.021598125 
838 740 15 18 0.021588665 
1014 100 9 12 0.021576723 
241 652 10 13 0.021576714 
151 461 11 13 0.021569073 
301 523 11 15 0.021564323 
215 373 10 12 0.021545881 
251 684 12 16 0.021535695 
700 581 11 14 0.021530949 
184 290 9 11 0.021527171 
90 395 9 12 0.021519851 
172 500 12 15 0.021489237 
423 414 20 25 0.021484775 
454 465 23 31 0.021481978 
236 226 21 28 0.021472048 
120 205 9 11 0.021428367 
361 31 7 9 0.021427315 
361 437 12 14 0.021412797 
216 304 7 9 0.02141098 
560 374 9 13 0.021403192 
567 485 8 11 0.021397086 
154 573 237 233 0.02139445 
14 150 8 11 0.021370959 
368 237 10 15 0.021369262 
750 568 12 16 0.021355405 
332 389 10 13 0.021348936 
602 320 14 17 0.021334939 
479 127 10 11 0.021326946 
302 427 10 12 0.02132619 
253 644 9 13 0.021321176 
264 254 8 9 0.02131866 
461 104 9 10 0.021298295 
374 606 11 14 0.02129521 
209 287 7 9 0.021293433 
341 707 11 14 0.021279661 
583 406 19 22 0.02127142 
631 442 23 31 0.02126053 
23 387 11 14 0.021257596 
142 228 10 12 0.02125493 
146 585 20 26 0.021225903 
269 398 9 12 0.021221288 
358 605 22 28 0.021211613 
360 39 8 10 0.021200156 
429 323 12 15 0.021189744 
63 236 13 17 0.021189386 
552 463 11 13 0.021175638 
661 675 12 18 0.021154398 
172 391 11 14 0.021152062 
641 529 13 19 0.021145876 
73 547 12 15 0.02113445 
356 527 11 15 0.021133259 
631 627 13 15 0.021132618 
137 219 11 14 0.021130497 
388 667 15 17 0.021129787 
434 380 13 18 0.02112377 
127 658 9 13 0.021113155 
404 353 13 19 0.021102592 
527 461 10 13 0.02106969 
360 324 10 13 0.021056827 
357 15 9 11 0.021055242 
342 563 12 15 0.021041982 
134 229 11 13 0.021037454 
528 345 20 28 0.02102606 
207 236 9 11 0.020982876 
655 643 12 15 0.020975303 
751 150 10 12 0.020974794 
846 654 10 12 0.020973569 
329 288 8 9 0.020956786 
318 469 9 12 0.02095674 
521 451 11 14 0.020954818 
376 101 8 11 0.020953497 
682 531 14 17 0.020949526 
125 221 9 12 0.020944176 
229 747 13 17 0.020941148 
463 135 8 10 0.020941041 
244 740 15 21 0.020915294 
241 207 11 12 0.020910867 
1000 110 9 11 0.020909874 
682 692 13 18 0.020902067 
234 287 8 12 0.020868858 
360 549 11 15 0.020856561 
834 127 8 10 0.020845398 
708 659 12 17 0.020839438 
255 547 12 14 0.020831065 
127 436 11 13 0.020829674 
302 570 12 16 0.020829307 
798 120 8 10 0.02082253 
86 740 12 17 0.020820128 
559 118 9 11 0.020810585 
16 715 11 14 0.020805812 
39 436 10 14 0.02079403 
407 611 19 24 0.020790102 
588 516 13 15 0.020783762 
926 109 10 10 0.02078016 
284 534 13 16 0.020779688 
17 620 10 14 0.020767754 
87 361 11 15 0.020766111 
209 445 11 13 0.020762617 
161 229 11 15 0.020762278 
508 599 11 14 0.020761093 
898 747 14 17 0.020750698 
616 434 19 29 0.020742085 
483 555 12 16 0.020724671 
238 485 10 14 0.02072456 
382 460 11 14 0.020720322 
102 510 11 15 0.020717954 
154 453 11 14 0.020717569 
272 327 7 11 0.020714916 
231 505 18 25 0.020693853 
46 532 9 13 0.02069283 
863 88 8 9 0.0206837 
290 342 9 12 0.020683084 
588 509 10 12 0.020664787 
51 604 13 16 0.020659346 
960 111 8 10 0.020657543 
732 627 21 24 0.02065311 
556 669 17 19 0.020647777 
599 461 10 13 0.02064152 
742 641 12 16 0.020632748 
80 360 21 26 0.020622509 
781 643 11 16 0.020617306 
311 702 22 27 0.02061565 
408 564 12 14 0.020613719 
316 450 11 16 0.020613216 
665 112 8 10 0.020604003 
592 195 11 13 0.020602943 
806 159 9 9 0.020593911 
337 238 10 13 0.020590892 
289 466 11 14 0.020589208 
366 378 12 15 0.020581922 
296 599 9 13 0.020554172 
560 579 12 14 0.020553868 
0 187 9 14 0.020552563 
635 443 12 17 0.020544164 
243 233 12 16 0.020521384 
304 71 12 14 0.020515606 
238 288 8 10 0.020508697 
334 681 14 18 0.020507712 
214 390 9 12 0.0205032 
353 617 21 27 0.020502863 
310 372 11 14 0.020489836 
391 444 11 13 0.02048617 
142 714 21 26 0.020482412 
455 47 9 10 0.020478193 
191 474 11 15 0.02046324 
110 288 10 13 0.020454036 
157 638 10 13 0.02045238 
341 35 10 13 0.020442573 
199 556 10 13 0.020441756 
78 495 10 12 0.020427288 
493 694 10 13 0.020423708 
712 86 8 10 0.020419354 
376 62 8 11 0.020418309 
678 611 22 30 0.020401223 
152 740 21 25 0.02038621 
118 724 13 17 0.020385325 
302 506 20 25 0.02038056 
271 642 11 14 0.02037998 
501 609 12 15 0.020379614 
1002 614 17 21 0.02037264 
96 658 10 13 0.02036911 
828 631 16 20 0.020362698 
37 667 11 15 0.0203114 
454 386 13 18 0.02030256 
433 471 10 14 0.020292245 
223 366 8 10 0.020289758 
990 183 10 12 0.02027456 
183 208 8 11 0.020262394 
263 327 9 11 0.020260837 
38 461 9 13 0.020247446 
207 459 11 14 0.020243842 
931 675 13 17 0.020243183 
1015 195 9 13 0.020232514 
173 691 10 14 0.020222377 
201 228 9 12 0.020215835 
253 288 18 24 0.020209963 
627 654 12 17 0.020205818 
52 550 11 14 0.020198409 
197 621 11 14 0.020198287 
852 171 11 14 0.02019471 
947 630 42 56 0.020193983 
85 440 19 24 0.020193696 
80 525 10 13 0.020188889 
373 258 10 14 0.0201843 
300 454 13 16 0.020174585 
734 544 12 16 0.02016234 
758 149 9 11 0.020153908 
218 436 18 24 0.020141715 
790 165 10 11 0.02013943 
1 716 9 14 0.020138083 
467 530 12 15 0.020110818 
344 606 11 14 0.02010448 
367 25 9 10 0.020101653 
124 244 10 13 0.020098409 
7 707 10 13 0.020092675 
503 579 12 16 0.02008729 
296 525 10 15 0.020065209 
93 293 11 14 0.02005869 
984 175 8 10 0.020052845 
261 619 10 15 0.02004619 
755 530 12 17 0.020045321 
101 250 10 14 0.020020049 
401 622 11 16 0.020001391 
