2_Demonstration_Demonstration_Or_Protest_2_159
105
820 338 98 118 0.99895144 
669 383 31 39 0.99739575 
267 375 55 61 0.99636495 
585 346 50 66 0.99161947 
562 392 25 34 0.94490814 
424 182 46 56 0.94283396 
176 163 39 47 0.9294464 
289 196 22 30 0.8364334 
215 417 17 22 0.6700054 
529 419 26 32 0.60243237 
943 301 85 129 0.49063423 
703 104 33 37 0.47762597 
464 377 20 30 0.44003606 
324 400 26 40 0.35436606 
219 391 15 19 0.35287702 
508 79 21 25 0.29941598 
240 395 24 35 0.2365959 
736 66 47 47 0.21395561 
204 415 21 27 0.20874535 
222 383 22 27 0.18328471 
405 382 12 20 0.17423286 
182 435 24 36 0.13025141 
474 376 17 28 0.0925243 
294 383 45 54 0.08438242 
382 401 12 16 0.08081002 
405 372 25 33 0.0781399 
511 173 43 56 0.07200901 
396 372 23 35 0.07077721 
883 312 86 130 0.06841969 
773 321 39 55 0.06778081 
145 521 33 41 0.06685994 
203 411 14 17 0.06568017 
380 371 24 32 0.065367416 
164 503 135 167 0.06408375 
709 365 24 31 0.062356487 
435 379 18 21 0.05949961 
524 379 11 15 0.059197664 
490 335 37 49 0.05645272 
451 373 24 31 0.054992124 
201 386 10 15 0.051619362 
232 391 22 29 0.05128214 
316 22 44 62 0.050911292 
173 395 12 17 0.049170878 
536 403 12 16 0.044232786 
385 395 14 17 0.0440134 
522 166 33 38 0.04356552 
177 190 34 40 0.04135449 
414 375 30 32 0.038287055 
383 360 12 17 0.038153242 
446 362 23 33 0.03762845 
375 399 12 15 0.036589883 
718 90 52 51 0.03487007 
589 370 51 68 0.03453236 
566 143 27 35 0.034418132 
516 387 11 16 0.03440558 
379 354 24 33 0.0329651 
510 95 15 20 0.032803975 
458 389 26 32 0.032786734 
508 69 16 19 0.032408614 
173 419 12 18 0.03130042 
244 382 14 20 0.030754652 
180 476 25 39 0.03046851 
445 368 15 21 0.03031497 
366 398 12 15 0.029584533 
146 448 15 19 0.028979944 
80 471 26 32 0.028475992 
234 383 16 20 0.027429204 
395 340 44 52 0.027383363 
768 367 40 46 0.026518237 
199 417 16 21 0.025276873 
179 389 13 16 0.025153415 
719 363 17 18 0.02485288 
136 435 21 29 0.024710683 
175 210 47 57 0.024564875 
471 349 37 49 0.024314936 
165 403 13 17 0.024140596 
377 396 21 25 0.024115566 
1005 132 12 15 0.023950048 
652 247 55 66 0.0232167 
224 384 12 15 0.023139298 
192 440 16 24 0.023052394 
699 367 23 31 0.022555148 
202 400 22 26 0.022394126 
221 406 23 29 0.022299444 
452 359 14 24 0.022205593 
664 362 16 19 0.022181418 
199 233 48 60 0.02197924 
228 371 27 38 0.021939402 
639 34 12 19 0.021904752 
508 393 15 18 0.021687057 
654 359 25 33 0.021665895 
387 344 29 38 0.021657009 
454 366 35 46 0.02142917 
170 426 26 36 0.021413784 
163 410 14 18 0.021383934 
152 516 42 62 0.021145307 
653 389 30 37 0.021118395 
782 331 96 113 0.021097451 
337 403 15 22 0.020978794 
702 356 11 14 0.020684343 
365 403 22 30 0.02054084 
205 431 15 21 0.020302465 
911 272 140 233 0.020089732 
673 523 36 43 0.020016594 
484 370 25 33 0.020004813 
