2_Demonstration_Demonstrators_2_314
170
414 255 28 34 0.9410637 
256 266 26 31 0.9216069 
68 323 31 48 0.89989287 
66 227 25 35 0.6009922 
479 304 23 32 0.59415305 
112 263 23 27 0.54099196 
530 253 16 21 0.5409443 
3 318 21 29 0.53579414 
602 364 44 64 0.37748128 
662 252 45 54 0.34070605 
201 270 27 32 0.285823 
380 277 22 33 0.28246704 
22 386 39 60 0.2513978 
490 298 23 36 0.22674344 
573 306 28 35 0.21066745 
336 292 16 21 0.18456443 
403 252 27 34 0.18329576 
535 254 20 24 0.17989106 
55 485 55 63 0.1796022 
896 384 48 55 0.17895831 
238 394 33 44 0.1778368 
973 419 52 88 0.15228075 
227 311 23 31 0.14994073 
467 307 28 35 0.14595386 
319 361 43 56 0.14096744 
546 260 14 18 0.13407305 
510 272 22 28 0.1280748 
763 295 58 73 0.12668243 
365 418 53 53 0.12225276 
52 293 37 46 0.1219996 
531 315 34 37 0.117013365 
133 303 26 33 0.11678099 
107 57 204 137 0.114432536 
704 370 60 102 0.09582996 
648 275 28 35 0.08752938 
768 380 97 113 0.08422195 
103 298 36 37 0.08333508 
608 384 56 70 0.07769345 
288 465 55 62 0.07531285 
392 267 24 33 0.07476401 
65 289 26 32 0.0742449 
820 522 191 234 0.07393677 
515 253 25 29 0.07006229 
40 379 47 65 0.061675712 
141 263 15 21 0.060263507 
1 272 14 21 0.059740927 
569 281 15 19 0.0581165 
986 701 43 75 0.056882616 
439 446 86 103 0.052333906 
637 273 27 35 0.051978152 
491 362 29 36 0.051886547 
254 409 27 43 0.05099485 
15 280 15 20 0.05087699 
9 396 34 47 0.05046699 
51 212 44 53 0.049418315 
596 258 16 18 0.049296595 
732 296 17 21 0.049146097 
3 257 14 20 0.046867084 
179 243 17 19 0.045050494 
378 400 49 54 0.04501473 
83 485 47 64 0.044622716 
398 263 17 24 0.0443311 
41 287 28 36 0.04361829 
94 302 26 32 0.0430979 
191 274 27 35 0.042658515 
149 15 172 126 0.042484704 
764 301 16 19 0.041995276 
657 269 34 41 0.041408047 
103 263 40 47 0.040870983 
175 330 45 53 0.040785428 
185 683 114 106 0.040387988 
500 294 22 35 0.040288266 
130 265 15 21 0.039938353 
226 404 33 37 0.038989387 
-2 337 12 22 0.03881069 
270 271 23 30 0.038576342 
664 390 92 139 0.03855214 
88 305 39 49 0.038411822 
504 281 22 32 0.037689436 
235 267 24 32 0.037648626 
248 388 40 53 0.03745747 
578 288 39 49 0.037012402 
728 295 27 35 0.036139045 
-3 426 49 73 0.03535337 
375 373 52 54 0.03513068 
796 66 26 35 0.03510789 
762 295 30 36 0.03332703 
172 247 16 20 0.03330084 
187 343 46 53 0.032835048 
12 327 23 33 0.032195795 
10 277 24 32 0.032100633 
162 265 41 49 0.03201267 
62 413 29 35 0.031395867 
660 259 13 17 0.031055443 
599 262 23 26 0.030891929 
245 258 26 35 0.030609138 
217 271 18 25 0.030569982 
394 335 29 33 0.030527148 
46 310 43 54 0.030480435 
610 265 14 18 0.029840345 
260 314 16 21 0.029749576 
653 281 15 21 0.029602136 
635 281 16 20 0.02929252 
201 287 25 32 0.029009346 
6 451 47 69 0.028352423 
678 267 37 43 0.028252749 
77 225 49 55 0.027808389 
154 276 25 31 0.027804786 
253 425 44 56 0.027615419 
90 242 46 52 0.027559748 
564 287 16 22 0.027539525 
508 237 16 19 0.027506502 
472 472 71 71 0.026673865 
134 610 212 218 0.026620492 
721 336 86 106 0.026258023 
424 263 27 33 0.026194653 
116 250 29 34 0.025798138 
78 301 25 35 0.025636807 
509 288 12 19 0.025632622 
269 307 16 22 0.025495447 
265 403 29 37 0.025274122 
26 401 54 72 0.02522964 
472 434 57 78 0.025179958 
259 430 17 26 0.025104096 
167 377 373 468 0.024898948 
545 297 27 32 0.024895389 
160 297 45 54 0.024747688 
583 268 12 16 0.024646413 
284 295 30 33 0.024299374 
527 302 29 37 0.024230007 
638 286 31 36 0.024094725 
660 272 16 23 0.024084644 
0 329 13 21 0.023715243 
0 467 28 39 0.02370006 
630 392 60 74 0.023631373 
43 188 15 21 0.023302482 
221 443 43 56 0.023263864 
720 365 109 137 0.023234632 
206 516 13 16 0.023124138 
25 198 208 224 0.023077155 
257 256 20 23 0.022802051 
36 185 25 36 0.022711894 
409 241 19 19 0.02250674 
596 381 89 116 0.02249674 
217 303 25 32 0.022461543 
235 404 18 23 0.022443114 
505 240 24 29 0.022178156 
401 389 33 41 0.022050949 
673 398 32 47 0.021876318 
590 660 128 130 0.02179948 
265 258 24 33 0.021611627 
52 406 55 66 0.02160958 
432 264 16 21 0.021209715 
641 233 78 94 0.021159895 
250 438 27 37 0.02108713 
436 273 16 19 0.021008158 
655 266 13 17 0.020864183 
146 281 39 50 0.02081565 
667 265 15 21 0.020674018 
132 244 13 17 0.020673314 
159 356 28 41 0.020552168 
594 643 74 77 0.020400362 
250 273 22 27 0.02039039 
629 276 16 21 0.020378698 
266 410 49 58 0.020368341 
654 254 25 31 0.020167338 
588 266 16 20 0.020135596 
342 408 54 61 0.020044561 
281 274 15 20 0.020029744 
603 253 14 17 0.020024635 
