2_Demonstration_Political_Rally_2_22
125
72 383 106 130 0.9994437 
573 473 57 71 0.9978948 
452 381 23 29 0.9115504 
860 401 54 79 0.8888883 
425 439 25 31 0.81503695 
570 413 31 35 0.52310747 
248 110 57 71 0.386791 
524 362 30 47 0.38513145 
203 92 50 61 0.37797555 
378 330 58 91 0.27414823 
359 177 22 32 0.17211786 
750 350 47 63 0.15245566 
996 386 26 34 0.14956786 
977 332 27 36 0.1481389 
765 367 28 38 0.119647615 
828 494 203 240 0.100823596 
952 317 24 30 0.10004902 
568 420 41 49 0.09933517 
220 97 59 69 0.09862048 
417 214 27 36 0.094367556 
570 432 50 63 0.083164275 
788 226 31 37 0.082250275 
686 170 44 54 0.06706029 
554 371 30 41 0.0633092 
449 368 49 63 0.059906695 
595 306 11 16 0.055548206 
505 359 41 61 0.052166846 
377 176 16 20 0.050314575 
525 621 63 70 0.048907284 
323 192 24 31 0.047606267 
-2 244 10 18 0.04508612 
1008 398 15 22 0.04359486 
844 292 14 17 0.043302838 
908 318 13 17 0.04120061 
1004 214 11 15 0.041027855 
624 399 43 58 0.04072198 
844 289 28 36 0.040681988 
598 449 52 72 0.04054586 
419 164 13 15 0.040083066 
394 426 16 18 0.03955145 
728 320 87 115 0.037628997 
409 178 17 19 0.037159063 
882 316 15 19 0.036906324 
0 413 9 13 0.036309816 
886 330 26 31 0.035780482 
765 232 54 67 0.03493886 
469 500 45 56 0.034926765 
552 399 44 55 0.034673337 
48 179 10 12 0.034160927 
343 230 12 16 0.032603968 
356 217 12 16 0.03252415 
532 372 38 45 0.032178 
642 404 43 64 0.032145098 
897 327 24 33 0.032122646 
980 328 39 56 0.032093477 
406 351 53 74 0.031981826 
537 484 53 63 0.03119345 
543 228 11 16 0.03105018 
787 377 43 60 0.03101302 
429 429 38 51 0.030942297 
876 315 24 32 0.030196428 
135 327 11 13 0.03019279 
908 297 12 15 0.029879766 
306 187 13 17 0.029821385 
884 334 15 21 0.029618828 
32 182 9 13 0.028761711 
107 221 16 20 0.028373057 
777 377 16 20 0.027963346 
198 98 32 38 0.027349217 
927 307 10 14 0.02712055 
447 173 13 15 0.02710054 
613 293 12 16 0.026860315 
525 213 10 13 0.026550272 
903 316 22 28 0.026526831 
589 345 12 16 0.026452558 
386 416 28 31 0.026273899 
758 215 94 120 0.02615098 
12 285 47 61 0.025685309 
806 387 37 50 0.025440013 
762 263 54 67 0.025253622 
419 156 14 16 0.025201065 
839 294 42 55 0.024851415 
595 289 12 18 0.024771899 
37 181 9 12 0.02474678 
394 198 23 32 0.024743374 
552 100 84 109 0.024243386 
61 281 10 15 0.02418339 
486 227 11 14 0.02405568 
565 418 17 23 0.02403352 
369 182 19 23 0.023921663 
800 314 44 61 0.023813423 
369 287 91 118 0.02370953 
429 297 50 58 0.02369854 
367 364 10 15 0.023555137 
189 73 79 101 0.02345365 
396 172 15 18 0.023427099 
572 148 94 112 0.023093786 
99 281 16 21 0.0230234 
449 278 45 50 0.02290947 
587 213 11 15 0.02250148 
499 440 44 55 0.022439148 
100 265 14 16 0.022391299 
69 254 9 13 0.022387506 
607 316 13 18 0.022307504 
471 362 50 68 0.022304563 
507 181 15 19 0.022261497 
450 426 13 15 0.022199284 
401 197 14 17 0.022174845 
437 406 11 15 0.021739362 
447 293 29 32 0.021724658 
3 232 43 57 0.021676254 
406 172 15 18 0.02156902 
564 394 27 40 0.021385616 
799 232 18 22 0.021319991 
615 415 40 59 0.021236444 
556 89 52 68 0.021162853 
942 319 11 14 0.021065056 
440 441 17 22 0.020894058 
347 167 26 35 0.020752788 
355 170 40 49 0.02074144 
524 375 18 28 0.020652208 
479 228 11 13 0.02060384 
588 283 22 32 0.020554323 
190 164 11 13 0.020416334 
379 204 15 18 0.020060306 
