2_Demonstration_Protesters_2_65
49
561 254 57 83 0.999371 
729 216 75 102 0.99245244 
268 274 36 44 0.98897904 
319 293 34 46 0.98507684 
935 316 44 67 0.9832481 
276 316 37 45 0.9034076 
125 298 29 37 0.8637172 
165 272 32 49 0.68194926 
63 305 26 34 0.20791377 
135 337 45 66 0.20447786 
289 300 44 52 0.18243788 
993 277 29 39 0.10504335 
928 251 31 40 0.10238179 
100 326 18 26 0.0929525 
373 307 26 34 0.078581385 
683 229 81 102 0.06347141 
202 346 45 59 0.062419903 
158 264 28 39 0.061450202 
669 266 63 79 0.056973692 
940 336 55 70 0.05634291 
106 301 39 51 0.055728592 
441 328 30 35 0.050660856 
487 76 196 274 0.040577587 
926 273 28 37 0.037413463 
186 283 30 39 0.03733049 
172 343 44 63 0.03635115 
59 295 47 58 0.03441727 
89 305 39 54 0.032681983 
93 311 24 34 0.03235599 
201 369 49 63 0.031258382 
782 372 56 66 0.030176926 
302 287 34 44 0.029477976 
221 341 45 59 0.028614962 
437 307 55 60 0.027081862 
76 308 28 38 0.027037814 
170 0 65 64 0.026454963 
256 418 24 30 0.025622478 
925 333 36 55 0.025027057 
964 486 31 45 0.02493143 
101 409 48 77 0.024783645 
125 313 46 69 0.02413745 
322 313 33 43 0.024012942 
68 290 15 19 0.023745399 
381 308 40 49 0.023426281 
284 280 34 40 0.023423528 
87 281 27 37 0.022835666 
345 299 29 35 0.022349255 
102 357 81 112 0.022028007 
923 297 29 43 0.020677375 
