2_Demonstration_Demonstrators_2_41
120
203 185 51 64 0.99805707 
823 493 46 60 0.99216264 
405 184 37 48 0.99075925 
382 351 108 186 0.990639 
634 445 38 52 0.97348547 
954 499 42 61 0.9690707 
255 90 33 40 0.9614586 
561 545 17 20 0.6553592 
826 341 13 16 0.20495081 
887 511 13 18 0.17957294 
844 332 14 16 0.12570246 
142 550 8 10 0.1147092 
883 504 23 31 0.11417626 
340 390 118 178 0.107315466 
138 542 9 12 0.08587634 
874 535 27 33 0.07847482 
758 431 28 38 0.07839553 
851 23 29 42 0.07748476 
724 500 22 30 0.071971856 
739 360 15 19 0.06397683 
737 377 15 20 0.06291854 
879 539 13 17 0.06260597 
868 505 30 37 0.06260163 
805 404 13 16 0.0588454 
691 257 13 17 0.05777191 
451 212 17 20 0.057501882 
691 331 13 17 0.05734014 
293 433 150 196 0.053575095 
713 505 24 31 0.051976137 
85 537 9 12 0.04986193 
456 360 27 40 0.04842618 
936 452 24 29 0.047804967 
1009 548 15 21 0.046611138 
81 541 11 13 0.04648227 
885 508 36 52 0.045703568 
566 483 11 14 0.044596232 
716 292 13 18 0.043549545 
516 548 11 14 0.04312419 
523 514 15 20 0.04291789 
724 445 12 18 0.040021043 
542 486 12 14 0.03918498 
903 512 35 49 0.037550274 
144 484 10 12 0.036403526 
446 231 37 49 0.036276806 
593 292 12 16 0.036241483 
717 282 13 16 0.035730273 
446 216 15 19 0.03554752 
486 499 12 15 0.034529723 
137 547 10 12 0.034523286 
838 338 13 16 0.034484874 
132 595 13 16 0.033732276 
574 594 10 14 0.032833498 
622 269 12 15 0.032600872 
842 510 32 42 0.032186523 
717 513 14 18 0.032157842 
835 347 13 17 0.03182404 
718 261 14 16 0.030838031 
159 526 10 13 0.030654723 
574 260 23 31 0.03020573 
569 596 10 13 0.03009484 
996 547 16 20 0.029943809 
653 333 12 15 0.029641915 
624 318 11 14 0.029176097 
905 445 9 12 0.029132023 
818 341 23 27 0.029058816 
573 248 11 12 0.02884761 
546 492 12 14 0.028704673 
829 340 23 30 0.028350003 
526 549 11 16 0.028143838 
893 498 26 40 0.027971791 
574 254 13 15 0.027766567 
150 543 9 11 0.027454784 
716 556 12 14 0.027209878 
561 484 11 14 0.027108047 
818 418 15 18 0.027076727 
708 469 12 14 0.026677122 
566 489 13 16 0.025698809 
722 274 17 21 0.02559482 
887 468 11 13 0.02558341 
838 328 23 29 0.025546778 
71 520 9 10 0.025362829 
128 591 12 15 0.025354102 
764 453 14 20 0.025082799 
823 337 12 14 0.02507763 
723 266 16 17 0.02465728 
-143 -69 460 491 0.024472045 
752 507 24 35 0.024200415 
406 307 97 166 0.023965694 
828 336 13 15 0.02392937 
95 555 9 12 0.023662766 
804 409 23 28 0.023516148 
-1 48 212 253 0.023478832 
112 550 9 11 0.023145486 
684 266 13 17 0.023035685 
926 506 42 58 0.02283989 
759 507 13 17 0.022789543 
163 556 10 15 0.022754919 
501 214 38 46 0.0227211 
135 509 10 13 0.022665676 
616 345 24 29 0.022589242 
710 516 15 18 0.02252824 
979 450 13 17 0.022485474 
682 277 14 18 0.022272393 
991 598 12 14 0.021957459 
886 333 12 14 0.021938777 
64 518 10 12 0.021929411 
566 508 14 17 0.021780886 
960 466 49 64 0.021700567 
854 443 11 14 0.021644898 
161 550 9 13 0.02102271 
848 318 10 13 0.020996915 
957 432 18 19 0.020781253 
900 542 14 20 0.02070794 
747 558 13 15 0.020702235 
886 481 12 15 0.020572687 
811 32 106 164 0.02050662 
529 515 15 18 0.020347243 
725 455 13 17 0.020239094 
553 546 12 15 0.020218179 
496 510 10 13 0.020079266 
