2_Demonstration_Protesters_2_369
76
533 369 110 145 0.9990758 
262 441 112 131 0.99691737 
966 202 55 105 0.9826232 
641 352 50 59 0.96576023 
614 305 27 37 0.9656721 
187 80 45 59 0.9260234 
612 272 18 23 0.632958 
659 310 33 40 0.53552127 
913 146 44 59 0.41752356 
277 297 14 18 0.30837044 
638 264 13 18 0.20665924 
630 256 14 18 0.20653915 
926 121 48 61 0.19816603 
66 280 129 124 0.18915363 
696 277 21 31 0.15338044 
198 367 179 193 0.13057944 
89 323 74 83 0.12753087 
79 67 45 61 0.10984637 
119 268 125 142 0.10296636 
421 55 14 18 0.08380383 
332 291 42 59 0.07153284 
787 327 37 52 0.05979941 
984 231 42 65 0.052507482 
284 302 15 21 0.04662978 
701 225 15 20 0.04646823 
312 301 23 34 0.045181304 
746 276 48 64 0.04483286 
617 345 49 72 0.04302668 
564 190 14 19 0.042694595 
725 402 85 130 0.04135622 
623 297 27 35 0.040778067 
124 283 198 229 0.040086642 
780 309 28 43 0.039788548 
422 97 158 282 0.039090145 
624 262 20 26 0.039085403 
929 95 51 62 0.0366226 
1002 78 21 31 0.036309797 
918 289 45 68 0.036240518 
998 53 26 37 0.034862462 
599 346 33 44 0.034223963 
598 310 33 43 0.03355867 
111 311 36 41 0.03307556 
706 275 14 21 0.032952785 
156 388 17 20 0.031122236 
731 256 54 68 0.031079508 
975 48 12 16 0.028960316 
705 270 25 35 0.027443787 
630 291 14 18 0.027425287 
771 287 30 38 0.027425148 
654 300 12 16 0.027189411 
687 284 22 28 0.027182318 
716 209 104 101 0.026757669 
591 347 86 107 0.026533391 
605 277 17 20 0.02644335 
311 304 14 22 0.025192197 
651 306 24 33 0.025134439 
272 299 12 16 0.024493754 
394 -3 52 41 0.024475364 
640 236 10 13 0.024247887 
771 288 47 61 0.02421198 
670 362 34 46 0.024210453 
-12 519 124 166 0.02412144 
624 273 15 20 0.024048965 
665 253 10 14 0.023487514 
479 290 147 177 0.023445675 
661 299 14 17 0.023111278 
457 51 11 14 0.022458216 
147 309 74 86 0.022188561 
323 294 35 41 0.022145865 
601 258 27 35 0.021910494 
405 439 54 72 0.021832172 
709 314 14 20 0.021817813 
654 276 11 13 0.021614647 
962 75 16 21 0.021125095 
605 330 47 67 0.020265566 
622 310 46 57 0.020147407 
