2_Demonstration_Demonstration_Or_Protest_2_162
70
525 181 29 40 0.99752444 
685 113 148 188 0.99221826 
608 155 28 36 0.9915724 
236 125 155 175 0.98847777 
94 222 26 34 0.988361 
441 144 47 51 0.98078465 
0 216 27 38 0.7288919 
553 184 22 30 0.37962073 
626 259 31 39 0.3595151 
424 0 52 56 0.29481876 
542 178 25 37 0.12851192 
603 195 21 28 0.12616646 
150 224 24 30 0.09376597 
920 198 10 14 0.08272041 
957 213 10 14 0.08084327 
973 151 12 15 0.07946577 
489 192 18 23 0.05768 
424 222 45 54 0.056321386 
925 197 12 16 0.05547817 
0 0 41 69 0.047666967 
999 153 13 16 0.047646713 
197 264 53 51 0.047270007 
277 13 26 33 0.047023956 
974 160 14 18 0.045191005 
226 214 13 17 0.04403992 
958 195 12 16 0.043017834 
957 174 11 14 0.04229389 
592 218 27 32 0.039551064 
367 4 31 36 0.038718656 
626 264 50 54 0.038095366 
464 447 59 56 0.037657715 
942 221 11 14 0.036961775 
675 493 135 179 0.036833376 
69 242 16 20 0.036616713 
152 199 11 13 0.035062525 
563 186 21 31 0.034746207 
949 298 11 14 0.033285692 
932 197 12 16 0.03303691 
191 205 11 13 0.032691117 
399 8 35 39 0.032404456 
622 67 15 18 0.031040138 
580 222 27 34 0.030394783 
185 265 34 33 0.029705666 
148 264 24 29 0.029695278 
963 197 13 16 0.02910105 
197 212 10 12 0.027873233 
154 217 20 22 0.027369583 
192 284 64 65 0.027221886 
969 154 13 16 0.027180677 
958 205 11 15 0.026691042 
639 154 14 21 0.02581846 
225 84 111 160 0.02554411 
971 226 12 14 0.025216132 
157 203 12 14 0.02502723 
585 240 103 117 0.024539037 
996 162 14 18 0.02445268 
132 262 24 28 0.024298698 
485 199 18 23 0.022286076 
502 289 47 57 0.02190585 
25 87 397 439 0.021835184 
387 5 31 39 0.021704001 
564 177 371 504 0.021642873 
342 -1 57 52 0.021615671 
401 206 48 65 0.021420384 
589 219 16 19 0.021380866 
975 145 10 13 0.020983098 
373 195 51 67 0.020920135 
949 219 11 16 0.020766975 
974 204 11 14 0.020174518 
876 119 25 29 0.020039804 
