2_Demonstration_Protesters_2_542
78
602 168 69 92 0.9987936 
16 98 60 86 0.99543864 
922 99 16 20 0.81068355 
856 86 17 23 0.79198164 
299 172 74 127 0.18666977 
204 343 57 54 0.16614676 
509 125 12 14 0.1240511 
282 237 207 243 0.08966511 
774 78 11 14 0.08753831 
215 151 8 12 0.0827506 
198 133 10 13 0.073158614 
216 156 9 11 0.06604113 
436 140 14 16 0.05955846 
256 295 26 29 0.05653936 
239 125 11 14 0.053766906 
264 285 11 15 0.05116746 
766 94 12 16 0.04553493 
955 710 56 60 0.044250157 
171 330 123 112 0.043086138 
767 70 11 13 0.041904975 
191 141 9 12 0.04187973 
452 119 16 20 0.040500212 
-1 552 97 175 0.03948165 
854 115 10 13 0.038568668 
135 159 7 10 0.03777682 
312 238 52 79 0.037308984 
194 133 9 14 0.036124673 
209 150 9 11 0.035924215 
910 254 11 13 0.035728887 
489 132 12 17 0.03379845 
238 167 8 11 0.03335586 
191 149 8 10 0.033150975 
22 17 13 16 0.03292589 
200 150 8 10 0.032729015 
871 156 10 12 0.03237651 
465 116 25 30 0.031599224 
199 139 10 13 0.030806242 
768 75 12 14 0.029856775 
298 167 52 76 0.029499305 
286 113 15 17 0.029170288 
226 96 109 103 0.028829264 
907 88 21 28 0.02812441 
145 143 8 10 0.027935287 
597 363 124 149 0.027762176 
515 125 12 15 0.027758574 
753 118 9 12 0.026970295 
772 94 12 17 0.026076647 
319 210 98 120 0.025901746 
271 149 11 12 0.02552941 
224 178 9 13 0.025432337 
454 115 25 28 0.024591574 
265 292 16 20 0.024343986 
500 114 24 29 0.024298396 
769 85 10 12 0.024272257 
1012 99 12 16 0.024238693 
200 158 8 10 0.0239882 
24 5 12 14 0.023879869 
976 107 11 15 0.023867141 
548 126 11 14 0.023618178 
186 151 7 9 0.022870481 
774 62 9 13 0.02273231 
591 10 15 18 0.022621535 
705 111 8 11 0.022616114 
544 130 9 13 0.022377564 
173 700 74 59 0.022251248 
846 88 21 27 0.022207545 
768 64 10 13 0.02202324 
568 141 11 14 0.021959629 
459 139 13 15 0.021943908 
285 107 15 16 0.021793377 
734 326 13 17 0.021773443 
215 144 9 11 0.0216772 
209 157 8 10 0.021619285 
772 69 11 15 0.021518169 
475 121 25 28 0.02105514 
442 139 12 14 0.020878416 
215 102 10 13 0.020627754 
223 134 9 12 0.020537406 
