2_Demonstration_Political_Rally_2_224
33
777 250 67 94 0.998041 
104 176 71 100 0.99648005 
603 118 82 109 0.99562895 
897 260 58 89 0.99108595 
340 97 73 101 0.98473155 
769 552 46 56 0.1826292 
454 300 52 65 0.113038026 
823 248 51 70 0.08058782 
895 541 55 62 0.070234254 
934 266 51 84 0.06938857 
698 192 29 36 0.059231255 
202 299 26 34 0.054817636 
514 385 25 33 0.05385439 
20 220 341 475 0.04127096 
997 553 27 51 0.036939297 
843 256 50 72 0.035833783 
959 175 9 11 0.030396052 
876 260 51 76 0.029354664 
955 180 13 15 0.028673097 
764 550 31 44 0.027285129 
1014 397 10 16 0.026943045 
88 323 208 296 0.024912016 
413 149 45 62 0.024471564 
434 165 16 18 0.024356497 
949 175 24 29 0.02387033 
412 118 48 66 0.023825657 
955 224 14 17 0.022432277 
950 180 13 17 0.02204796 
905 552 33 39 0.021435881 
1001 208 21 35 0.021416426 
437 118 48 60 0.020579774 
469 289 57 63 0.020572772 
965 178 11 14 0.020157315 
