2_Demonstration_Protesters_2_92
256
260 427 59 83 0.9912184 
244 301 29 36 0.9872414 
737 353 60 68 0.98182964 
826 330 33 46 0.9496597 
344 332 23 30 0.9054986 
427 301 16 22 0.8823085 
648 301 20 27 0.8211892 
790 470 48 60 0.75843817 
314 315 24 37 0.7388606 
935 313 23 35 0.72844666 
91 521 66 124 0.7191953 
380 313 24 34 0.5993541 
493 319 29 35 0.5773703 
200 328 21 30 0.5141958 
91 297 14 18 0.5081766 
690 343 33 39 0.4686682 
323 324 21 32 0.37535033 
589 328 14 19 0.36655784 
279 341 29 34 0.31885174 
-1 388 49 96 0.24400409 
187 291 13 17 0.22806987 
927 364 27 46 0.22078511 
856 414 48 70 0.22021058 
463 296 24 32 0.19029298 
0 310 33 53 0.1895847 
121 312 17 20 0.18629554 
89 293 11 16 0.1626959 
90 298 20 28 0.16116476 
699 339 46 57 0.15757583 
981 297 31 39 0.15197171 
938 462 15 21 0.15069619 
182 283 13 17 0.14039725 
99 440 36 45 0.137542 
462 599 29 32 0.1298477 
137 376 27 38 0.12827013 
658 300 26 30 0.12629434 
293 393 29 40 0.12495986 
937 317 34 48 0.11911872 
-16 398 87 127 0.11352459 
165 305 12 17 0.1072463 
719 494 33 41 0.10435148 
147 303 12 15 0.10126841 
-17 568 98 116 0.099192366 
63 421 67 79 0.09786229 
78 345 24 36 0.09199273 
141 316 11 17 0.08706885 
486 571 15 19 0.08666539 
392 319 17 23 0.08381474 
331 322 30 42 0.083705634 
486 330 14 19 0.083579965 
278 325 24 34 0.08278572 
979 376 43 57 0.081096604 
477 644 30 34 0.080938995 
824 339 55 70 0.07986914 
143 307 11 17 0.077120125 
56 347 42 49 0.07582923 
632 480 17 21 0.072004564 
103 428 49 72 0.07188947 
532 458 12 18 0.071849175 
120 382 33 43 0.06660498 
459 530 15 20 0.064975694 
174 301 11 16 0.063434936 
944 322 19 29 0.061999243 
609 425 18 22 0.061907236 
820 355 28 44 0.061559964 
287 433 57 80 0.061336156 
720 336 55 68 0.061014697 
188 419 51 74 0.06041631 
945 452 23 34 0.060278453 
628 466 23 30 0.059902944 
17 415 104 112 0.058930058 
969 302 29 38 0.0567001 
194 512 58 75 0.0547632 
375 312 13 21 0.053970944 
763 577 59 75 0.053264067 
99 327 17 20 0.05252834 
362 555 14 18 0.052491024 
131 314 13 17 0.052456446 
564 346 11 15 0.052424707 
149 285 11 16 0.050688036 
8 321 49 65 0.050197855 
109 309 22 28 0.049412064 
411 307 16 20 0.048388846 
49 345 32 34 0.048209533 
30 281 15 18 0.047632035 
34 351 48 65 0.04680803 
583 324 14 21 0.046446305 
181 295 13 19 0.045417927 
198 320 18 24 0.044776402 
620 389 16 20 0.044652373 
660 427 51 71 0.044480357 
-14 489 67 113 0.043860804 
269 394 47 67 0.04257161 
277 365 45 58 0.042249255 
208 429 46 71 0.041627906 
839 368 58 75 0.041483864 
916 721 59 56 0.04125481 
640 303 15 21 0.040903695 
954 321 15 25 0.040720362 
9 299 32 40 0.040155407 
36 415 170 193 0.04001802 
957 334 14 24 0.039488703 
603 420 18 22 0.039189737 
87 408 81 111 0.038868945 
98 293 12 15 0.038273983 
913 357 27 39 0.038066827 
-9 540 64 102 0.037308574 
593 335 14 18 0.037016712 
908 456 39 57 0.0369892 
412 317 14 21 0.036866456 
188 453 64 82 0.036496107 
936 439 38 52 0.036283124 
594 669 65 56 0.036011416 
770 691 55 55 0.035915006 
480 332 13 17 0.0358491 
542 436 11 14 0.035132058 
723 466 44 56 0.03505327 
166 293 11 14 0.034904953 
290 325 33 37 0.034793667 
824 296 16 19 0.034713194 
231 440 62 78 0.034436755 
142 277 11 13 0.034396093 
956 312 26 36 0.03413992 
176 284 12 16 0.033901665 
116 300 23 26 0.033803422 
836 317 36 48 0.03356088 
116 503 91 134 0.03348088 
166 466 96 114 0.03331965 
671 304 20 23 0.03269759 
165 330 12 18 0.0323343 
597 290 12 15 0.032210015 
404 305 17 20 0.03187902 
176 291 12 17 0.03172979 
661 530 44 57 0.031625614 
640 396 81 114 0.031448312 
504 588 12 16 0.03142059 
499 292 25 32 0.031305414 
772 577 35 46 0.030839747 
92 288 13 18 0.030804034 
570 88 8 10 0.03066312 
986 598 39 60 0.030537467 
219 290 13 17 0.030452248 
125 278 10 12 0.030314857 
479 389 49 71 0.030218745 
272 345 42 51 0.030002115 
113 207 9 12 0.02971411 
187 669 65 78 0.029558362 
117 442 27 36 0.029537687 
578 651 108 93 0.029455898 
688 354 15 19 0.029394489 
869 429 50 74 0.02934744 
419 302 19 29 0.029177915 
110 306 13 20 0.02914154 
487 300 27 36 0.029001964 
63 255 10 13 0.02855718 
367 318 22 33 0.02839531 
813 723 47 50 0.028310612 
157 330 11 17 0.028281368 
607 533 24 35 0.027928574 
877 732 31 34 0.027902437 
557 94 9 11 0.027855624 
486 489 11 16 0.027852213 
934 445 22 31 0.027732063 
620 439 15 22 0.027598403 
313 444 49 72 0.027574833 
150 278 10 13 0.027441718 
915 354 13 21 0.027400952 
123 293 12 15 0.027348062 
0 0 12 18 0.026702628 
170 296 18 25 0.026620151 
380 309 16 23 0.02646668 
478 307 27 35 0.026308833 
923 333 37 56 0.026091564 
114 449 17 23 0.026058136 
453 500 11 14 0.025934761 
204 283 13 16 0.025886897 
455 532 24 33 0.025850028 
134 250 11 14 0.025807152 
276 322 14 23 0.025800727 
535 166 9 11 0.02566298 
543 429 11 14 0.025618445 
147 324 13 18 0.025467858 
738 557 110 126 0.025466384 
411 620 16 21 0.025366059 
955 322 45 63 0.0253449 
435 299 23 29 0.025300097 
264 311 16 22 0.025257893 
125 285 10 13 0.025198424 
616 293 13 16 0.025129963 
21 555 101 125 0.025034264 
421 458 9 14 0.025029175 
553 95 9 10 0.024645 
779 710 54 54 0.024640629 
888 449 47 69 0.024596509 
725 439 50 62 0.024295628 
823 343 17 24 0.024106117 
166 306 22 31 0.024087526 
620 283 14 17 0.02400177 
-4 465 164 205 0.023960963 
619 381 15 19 0.023927296 
119 276 10 12 0.023848465 
152 376 19 28 0.023691481 
502 531 14 18 0.023635998 
140 252 10 13 0.023612902 
907 351 23 34 0.023462214 
948 716 56 59 0.02311984 
136 277 11 13 0.023118377 
478 344 12 18 0.023061864 
979 399 31 41 0.022994982 
188 278 13 17 0.022830917 
878 722 50 52 0.022805605 
429 362 12 16 0.022760173 
634 409 26 30 0.022613894 
988 389 18 22 0.022337113 
981 258 13 16 0.022310136 
128 395 19 26 0.022180365 
893 354 12 18 0.022085926 
89 353 16 24 0.021885237 
160 239 8 10 0.021850599 
641 294 36 45 0.021844018 
903 478 26 36 0.021749038 
822 360 16 23 0.021702562 
542 126 8 11 0.021653138 
553 102 9 11 0.0216187 
331 301 14 22 0.02155043 
569 78 8 11 0.021533826 
941 359 43 63 0.021483192 
159 302 20 26 0.021477977 
537 629 9 13 0.021457324 
821 415 29 42 0.021418748 
529 102 8 11 0.021298187 
485 318 46 59 0.021258837 
341 316 12 19 0.021173859 
147 373 17 24 0.021086505 
492 293 42 53 0.02107439 
1 449 80 97 0.0210054 
481 303 16 21 0.020933306 
394 298 17 21 0.020882124 
588 315 23 33 0.0208491 
692 349 17 22 0.020832095 
191 338 14 19 0.020828556 
667 291 30 39 0.020803412 
115 442 14 19 0.020766428 
608 432 24 30 0.020753669 
448 356 13 17 0.020701382 
598 323 21 27 0.020627754 
400 320 16 20 0.020570697 
612 340 15 18 0.02055228 
51 347 17 20 0.020457238 
143 291 13 15 0.02036507 
73 534 114 170 0.020327704 
569 93 8 10 0.020227857 
156 364 14 18 0.020086749 
235 309 27 33 0.020078477 
61 371 49 67 0.020056646 
597 694 71 60 0.020050345 
