2_Demonstration_Demonstration_Or_Protest_2_102
446
424 606 23 34 0.9694699 
979 511 18 25 0.9538218 
672 543 19 26 0.8842688 
759 575 16 22 0.77219975 
1004 499 13 19 0.6533242 
773 540 15 18 0.5470112 
78 606 24 29 0.5257513 
954 487 16 22 0.4569466 
403 607 18 27 0.41377184 
266 583 19 25 0.40150777 
332 543 15 18 0.3782302 
284 538 16 21 0.35248598 
685 515 12 16 0.28767014 
770 491 14 18 0.2784657 
799 529 14 17 0.24834916 
772 439 11 14 0.24735908 
756 529 15 19 0.24517828 
784 553 14 19 0.22207423 
244 590 15 21 0.21356446 
444 490 12 17 0.20757289 
61 645 14 19 0.19330712 
813 574 15 22 0.19131225 
314 579 12 16 0.18645678 
228 511 14 18 0.16207007 
778 545 18 22 0.15961441 
862 540 14 19 0.15931752 
559 609 28 34 0.15888904 
770 463 14 19 0.15641737 
776 514 12 16 0.15006413 
630 590 15 21 0.13612822 
606 588 14 16 0.1349062 
362 538 14 17 0.1342444 
386 613 25 26 0.12536053 
702 553 16 22 0.12344163 
381 611 15 20 0.120825544 
962 491 13 16 0.11986581 
779 535 13 16 0.11762691 
571 615 17 21 0.11452675 
0 636 7 15 0.11374768 
899 493 22 28 0.11303063 
737 487 24 29 0.11160937 
701 541 14 18 0.10957306 
397 510 20 25 0.10646675 
221 511 15 19 0.10256139 
541 602 33 36 0.10185561 
797 515 14 18 0.09733799 
665 364 16 21 0.096868925 
702 514 13 15 0.09630809 
460 580 24 27 0.094279505 
633 558 9 12 0.09229686 
917 438 10 12 0.09149829 
727 533 12 16 0.088955656 
184 497 24 31 0.08821144 
14 667 13 16 0.08789306 
836 493 23 29 0.087250516 
306 313 25 28 0.08555247 
235 466 13 18 0.084794745 
217 468 14 18 0.083508335 
659 411 12 16 0.0830952 
1011 530 12 19 0.08299941 
220 562 31 34 0.08290097 
701 597 13 18 0.08258828 
667 604 13 18 0.082014486 
843 525 11 15 0.08065757 
421 509 13 16 0.07982756 
325 490 24 30 0.07849736 
652 575 25 29 0.0779086 
439 578 14 20 0.077180214 
999 503 12 17 0.076992415 
784 539 19 26 0.07691145 
410 605 14 21 0.07604913 
898 426 11 15 0.07593395 
419 485 11 14 0.07492652 
706 545 13 19 0.07465371 
228 589 26 30 0.07431638 
910 462 11 13 0.07411494 
333 559 15 20 0.07392356 
781 494 11 15 0.07359966 
825 414 9 12 0.072943114 
788 498 11 15 0.07244467 
632 563 11 14 0.07235227 
364 548 14 18 0.07119814 
230 574 26 31 0.0699278 
708 510 12 15 0.06890323 
986 508 14 20 0.06868379 
234 515 13 16 0.06797392 
840 577 22 32 0.06683582 
280 613 12 16 0.06519078 
910 469 12 15 0.06486194 
667 469 11 14 0.06481605 
909 513 13 16 0.06439406 
799 492 13 16 0.06406383 
441 580 20 27 0.063944906 
269 547 11 15 0.06349668 
597 596 14 19 0.06251416 
772 339 18 23 0.062303957 
886 503 15 19 0.060827885 
991 388 11 15 0.060056854 
274 83 72 90 0.058643363 
560 624 25 30 0.058196638 
717 554 12 17 0.058098633 
691 422 14 18 0.058094274 
691 516 13 16 0.057953965 
732 613 15 19 0.057564054 
899 523 13 17 0.05730836 
620 661 17 21 0.054718133 
610 591 16 19 0.05455416 
956 506 13 18 0.054053124 
365 486 14 19 0.05355385 
824 572 25 32 0.05351764 
820 442 15 20 0.05344032 
836 445 12 16 0.052968062 
669 476 10 13 0.05267092 
779 509 14 18 0.052494816 
317 636 11 14 0.05242907 
736 472 23 27 0.05160365 
796 537 14 18 0.05118039 
739 555 14 19 0.05114226 
681 668 16 17 0.051113233 
716 513 14 19 0.050940588 
361 517 11 14 0.050851602 
1002 476 11 13 0.049784992 
836 583 16 22 0.049711537 
389 382 11 15 0.04941324 
652 315 14 18 0.049193174 
259 462 15 18 0.048787218 
45 515 10 13 0.048722737 
927 468 11 14 0.048640493 
255 526 10 14 0.04813264 
600 589 22 26 0.046769407 
476 415 11 14 0.046350863 
788 530 19 25 0.046217315 
907 501 18 22 0.046189055 
205 543 42 55 0.046143007 
972 493 12 14 0.046085577 
901 515 12 16 0.045806773 
204 560 16 21 0.04563898 
995 568 15 19 0.04562015 
319 644 11 15 0.04547242 
86 583 13 16 0.0454587 
451 584 25 31 0.04539067 
304 491 12 16 0.04511415 
703 534 12 16 0.04500475 
630 571 12 16 0.044983227 
762 526 14 18 0.044978097 
827 421 10 13 0.0448609 
53 636 12 16 0.044717453 
724 547 16 21 0.044710703 
223 511 24 29 0.044651404 
267 597 16 22 0.04454697 
949 420 11 15 0.044020753 
848 435 12 14 0.043978367 
949 493 17 22 0.043939482 
781 406 12 14 0.04353451 
708 530 12 16 0.043219756 
620 647 23 32 0.042448055 
246 554 12 17 0.042441003 
436 483 22 28 0.042229272 
928 437 9 12 0.04216169 
703 594 21 28 0.04206403 
814 493 12 15 0.04175045 
63 525 15 18 0.04140347 
829 449 12 16 0.040532857 
835 553 18 23 0.04047908 
220 530 13 17 0.040470988 
726 508 12 17 0.04024472 
644 438 11 17 0.03931618 
175 470 12 15 0.039211515 
731 549 15 20 0.03891622 
589 656 14 20 0.038778786 
317 629 12 15 0.038561836 
915 452 11 13 0.038486905 
235 600 15 19 0.038399827 
619 588 21 26 0.038165476 
768 344 25 34 0.038061585 
752 536 12 17 0.037776228 
90 585 16 19 0.03755289 
839 530 14 17 0.03680123 
972 500 16 19 0.036700137 
848 406 9 12 0.036470056 
786 505 18 25 0.036377486 
415 490 13 15 0.036219366 
973 487 10 12 0.036209755 
68 612 25 29 0.036052406 
689 529 24 28 0.035967052 
227 493 13 16 0.035865154 
316 653 13 16 0.03575162 
183 448 9 12 0.0356291 
275 608 22 26 0.03561121 
667 359 13 16 0.035471775 
687 542 23 29 0.035325613 
893 421 19 26 0.035250735 
794 544 14 19 0.035136085 
779 520 14 18 0.034887597 
815 562 21 33 0.03480257 
817 436 11 14 0.034177262 
176 451 9 13 0.033422697 
637 581 21 28 0.033412203 
709 522 13 17 0.033401314 
770 577 14 19 0.033176236 
855 544 14 20 0.033089183 
681 509 12 16 0.033011746 
431 424 10 12 0.032989036 
790 579 15 20 0.03289395 
725 374 17 20 0.03252206 
83 591 23 28 0.032411978 
825 558 24 29 0.032194525 
703 523 13 14 0.032013413 
677 526 24 31 0.031955145 
629 581 13 18 0.031930044 
234 553 15 20 0.031858824 
971 540 12 15 0.031784546 
735 490 16 19 0.03177369 
612 630 41 51 0.03176779 
775 495 19 24 0.031703036 
62 634 24 31 0.031696882 
284 525 17 20 0.031542704 
414 437 10 12 0.031434603 
906 404 9 12 0.031427074 
195 485 14 17 0.031202422 
219 519 16 20 0.03106711 
862 501 13 18 0.031007191 
801 510 14 16 0.030953096 
1005 536 13 20 0.030695045 
667 593 14 21 0.030683096 
894 514 13 17 0.03062899 
911 455 11 14 0.030539244 
654 499 10 14 0.030321794 
630 643 14 20 0.030263437 
635 569 14 18 0.029758342 
370 554 13 17 0.029688293 
432 590 23 34 0.029671362 
519 641 42 46 0.02938727 
437 423 9 11 0.0293288 
876 444 11 15 0.029253587 
376 613 24 31 0.029138703 
804 496 14 16 0.02906085 
828 522 14 18 0.029052613 
222 499 15 20 0.028996624 
960 492 20 25 0.028929787 
670 558 28 33 0.028916713 
669 482 10 14 0.02877756 
407 435 11 14 0.028721627 
791 523 13 18 0.028709592 
727 501 11 15 0.028707517 
601 582 10 13 0.028688176 
216 534 26 32 0.028653733 
403 532 12 18 0.028599877 
221 523 26 33 0.0285792 
887 405 8 11 0.028482514 
533 617 49 52 0.028424323 
869 476 12 16 0.028259905 
902 459 11 14 0.0282544 
600 589 12 16 0.028159432 
605 597 23 28 0.028128143 
991 500 12 17 0.02810336 
599 604 22 29 0.028047698 
666 580 16 24 0.028022641 
269 69 52 64 0.02800736 
680 509 19 26 0.02799589 
767 537 15 19 0.02796133 
247 591 24 29 0.02791708 
750 569 19 26 0.027915515 
319 542 11 14 0.027708914 
741 521 24 29 0.027679307 
980 500 14 19 0.027659584 
6 659 11 17 0.027600387 
996 396 10 14 0.027589416 
90 605 16 22 0.027533604 
822 523 13 18 0.027369201 
331 529 16 19 0.027242856 
556 556 13 17 0.027166884 
245 578 22 30 0.026878621 
285 643 13 19 0.026844516 
397 604 17 24 0.026814671 
843 537 14 19 0.026809385 
74 649 16 21 0.026802277 
292 506 13 17 0.026581507 
804 405 12 15 0.026481407 
727 617 16 21 0.026464688 
656 405 13 17 0.026422169 
6 511 11 14 0.026415488 
438 452 12 16 0.026296072 
80 582 12 14 0.026230076 
353 534 12 15 0.02621667 
320 549 11 14 0.02594781 
746 554 15 18 0.025809245 
254 464 15 19 0.02580703 
599 -108 447 477 0.02570507 
421 520 11 16 0.025700927 
857 543 25 30 0.025696814 
420 501 14 18 0.025619533 
803 652 12 16 0.025489982 
451 616 15 21 0.025486195 
601 602 15 19 0.025434831 
23 613 11 14 0.025426764 
768 436 20 23 0.025405291 
916 468 11 15 0.02536632 
906 522 14 16 0.025359193 
419 458 14 16 0.025321765 
733 622 14 19 0.025303748 
846 442 12 16 0.025229301 
462 493 12 16 0.025169024 
277 445 11 15 0.02515735 
18 672 13 16 0.025097335 
226 560 19 22 0.025082609 
671 516 11 14 0.025029687 
782 429 11 13 0.025004458 
276 478 15 19 0.024981126 
163 513 12 16 0.024912762 
838 372 12 16 0.024895867 
782 -4 57 65 0.024853213 
313 632 11 13 0.02479418 
414 406 10 13 0.024624841 
740 469 16 18 0.024617668 
889 490 24 33 0.024603268 
878 610 13 16 0.024570711 
210 556 26 33 0.024510475 
981 452 10 13 0.024439426 
358 542 16 20 0.024420068 
456 389 10 13 0.024369674 
598 527 9 12 0.024338996 
594 650 17 22 0.024313007 
925 442 11 14 0.02430021 
841 480 19 22 0.024260806 
815 431 10 14 0.02420961 
309 576 21 27 0.024191728 
421 438 11 12 0.024183145 
843 579 48 62 0.024056591 
133 539 11 14 0.024033163 
960 576 17 19 0.02397174 
620 600 13 18 0.02396681 
375 469 10 12 0.023943897 
723 523 14 18 0.023701916 
669 463 10 14 0.023655385 
800 420 10 13 0.023632059 
571 627 24 30 0.023562448 
455 600 24 31 0.023468062 
183 503 15 19 0.023442237 
934 469 11 14 0.023335619 
332 522 15 18 0.023269877 
700 518 21 25 0.023266993 
843 547 14 20 0.02325571 
473 578 15 20 0.023241416 
894 526 14 19 0.023222096 
967 420 8 10 0.02302683 
30 511 8 11 0.022905719 
452 314 11 15 0.022900842 
530 607 28 32 0.022900261 
768 360 25 31 0.022845402 
801 559 26 36 0.022748213 
847 412 11 14 0.022713639 
958 421 9 12 0.02270837 
12 516 10 12 0.022697128 
487 460 10 14 0.02263705 
780 578 14 21 0.022615919 
365 633 14 19 0.02250369 
487 413 10 12 0.022497324 
611 583 13 16 0.022487521 
443 479 14 17 0.022480486 
635 579 14 21 0.022410853 
248 532 11 16 0.022388522 
837 469 12 16 0.022351084 
822 428 14 17 0.022313558 
466 572 18 22 0.022312181 
730 538 13 17 0.022278706 
240 549 21 27 0.02220363 
731 563 22 30 0.022187207 
643 557 12 15 0.02217966 
838 519 20 25 0.022069776 
819 493 12 15 0.02202076 
679 522 12 16 0.02198473 
965 506 15 21 0.021966627 
779 436 11 15 0.021952419 
896 509 20 26 0.021927599 
689 507 20 27 0.02189628 
837 459 11 15 0.021888677 
388 461 14 16 0.021887055 
445 636 14 19 0.021874141 
646 549 10 13 0.021858275 
230 544 15 20 0.021818148 
291 79 33 35 0.021797266 
610 610 14 19 0.02179531 
1011 504 11 17 0.0217617 
991 486 9 12 0.02166201 
228 561 44 52 0.021647954 
648 543 9 12 0.021647444 
416 595 25 35 0.021616278 
888 400 8 10 0.021602789 
380 580 12 16 0.021588141 
910 398 9 13 0.021584313 
999 462 8 10 0.021582205 
208 510 46 56 0.021529678 
265 72 34 41 0.021478841 
725 434 13 17 0.021424493 
795 538 25 33 0.021412548 
229 606 17 21 0.021395776 
722 356 25 31 0.021307528 
223 542 27 33 0.021259617 
822 395 14 16 0.021141967 
485 523 20 30 0.021124713 
22 501 9 11 0.021107405 
453 484 12 14 0.02106182 
756 563 22 27 0.021045495 
596 643 13 17 0.021005198 
235 529 14 17 0.021000454 
535 611 16 19 0.020977652 
668 436 12 17 0.020947414 
811 530 13 17 0.020938007 
67 518 13 15 0.020881217 
663 350 10 14 0.020850958 
916 461 10 13 0.020841617 
1014 454 9 12 0.020832878 
198 505 25 32 0.020827338 
789 438 11 13 0.020797666 
220 538 13 17 0.02075109 
884 619 11 16 0.020731373 
861 486 23 33 0.020718627 
707 554 21 27 0.020691145 
847 418 13 16 0.020663166 
784 496 18 25 0.020649808 
797 579 13 19 0.02064974 
654 406 20 26 0.020636162 
653 341 12 14 0.02063243 
486 388 12 16 0.020621754 
807 429 9 11 0.020524288 
340 602 13 19 0.020522868 
54 499 11 15 0.02050228 
381 621 30 34 0.020498743 
742 626 13 15 0.020487014 
585 637 22 29 0.020476826 
307 673 14 16 0.020470822 
591 590 11 15 0.020419996 
214 373 10 13 0.020386392 
42 511 10 13 0.020378226 
964 554 16 20 0.020363716 
728 499 21 27 0.020360662 
927 629 11 14 0.02023313 
851 560 14 21 0.020210052 
714 560 12 17 0.020201556 
1011 593 14 21 0.020201461 
910 412 9 13 0.020143993 
115 445 15 21 0.020132415 
951 347 11 16 0.020050861 
427 565 13 16 0.020034837 
882 505 24 30 0.020009052 
