2_Demonstration_Demonstration_Or_Protest_2_430
145
109 240 53 65 0.9984181 
487 130 60 91 0.9968246 
349 181 46 59 0.9962424 
285 207 52 71 0.9940171 
678 114 56 94 0.9836109 
858 219 46 57 0.9776587 
609 130 45 60 0.9595216 
237 218 31 37 0.9034495 
762 148 44 58 0.8695195 
357 512 61 69 0.7133211 
654 118 32 44 0.5244542 
131 376 48 52 0.50798297 
425 466 65 97 0.48124325 
16 361 54 73 0.4181472 
17 263 30 35 0.38548917 
384 505 59 78 0.3794894 
658 106 52 67 0.30006415 
859 169 43 50 0.26318508 
761 114 40 56 0.21830973 
408 506 63 83 0.21075533 
859 157 31 39 0.20820682 
821 482 35 42 0.20790792 
285 519 63 63 0.13833706 
810 131 22 31 0.136756 
169 172 37 49 0.12737484 
860 188 47 55 0.12476501 
724 76 13 15 0.12147807 
540 43 15 22 0.11338471 
500 93 33 38 0.11031367 
433 230 42 55 0.10014746 
447 500 72 90 0.099801935 
658 92 32 33 0.09759968 
728 44 10 16 0.09515957 
464 468 65 96 0.09253719 
497 499 67 80 0.09049934 
237 431 36 44 0.09042239 
15 269 46 52 0.08650086 
438 538 36 44 0.07617731 
403 182 46 58 0.07343883 
380 183 49 62 0.06973723 
991 331 29 41 0.06681755 
619 503 55 72 0.06537413 
-1 136 35 74 0.06311299 
191 414 51 53 0.062221043 
797 511 44 61 0.059127796 
683 104 32 46 0.058860846 
316 520 72 62 0.05616393 
35 302 32 37 0.0560728 
109 373 50 57 0.05597639 
611 110 35 47 0.05375803 
20 289 54 66 0.053283934 
769 511 50 66 0.052569155 
198 216 13 19 0.052556656 
800 143 26 37 0.050851908 
336 486 93 115 0.04999998 
824 466 36 41 0.0489375 
811 117 37 49 0.04791798 
86 364 41 55 0.04614636 
52 309 26 34 0.044089075 
182 257 31 41 0.04320521 
8 317 77 104 0.041204568 
742 157 31 45 0.039750684 
33 279 15 20 0.0362719 
114 214 32 37 0.036026105 
7 267 27 38 0.03578795 
385 291 31 39 0.035601716 
82 370 28 38 0.035585646 
699 105 29 47 0.035015702 
13 187 29 40 0.034667104 
708 96 32 45 0.03421662 
210 440 48 50 0.034125093 
807 139 15 21 0.033276226 
65 314 18 24 0.03319894 
806 492 42 61 0.033133384 
636 111 35 49 0.033088386 
716 77 24 29 0.03295956 
-3 168 42 74 0.032646347 
179 191 18 24 0.03192958 
562 322 17 21 0.031765968 
62 216 15 18 0.031449903 
376 451 91 123 0.031141736 
776 112 30 40 0.030949341 
422 188 45 56 0.030765956 
786 456 27 34 0.030744158 
361 107 15 20 0.029419139 
497 348 39 49 0.029269809 
244 412 32 43 0.029141128 
29 309 15 18 0.029012028 
396 301 17 23 0.028470151 
822 511 51 61 0.028233064 
184 195 25 35 0.028203206 
236 158 77 108 0.027988167 
219 411 52 54 0.027925506 
648 102 33 42 0.027894938 
550 323 15 18 0.02782654 
22 364 79 102 0.02768258 
117 455 36 42 0.027553396 
220 223 31 38 0.027524257 
278 482 61 80 0.026885955 
786 145 33 45 0.025941856 
88 377 13 19 0.02575871 
536 55 24 35 0.025720498 
165 243 38 50 0.025595626 
58 307 16 21 0.025342615 
270 228 13 17 0.025303042 
346 415 99 137 0.02508303 
331 428 14 16 0.02492053 
229 225 16 20 0.024864683 
444 448 68 89 0.024596162 
480 103 46 60 0.024276488 
184 414 29 47 0.024202237 
653 83 27 31 0.024166914 
215 418 33 35 0.02398492 
196 456 50 53 0.023910658 
534 36 14 19 0.023686305 
477 110 28 44 0.023629826 
538 371 62 83 0.023622975 
994 347 18 27 0.023621086 
202 489 107 90 0.023500193 
40 12 12 14 0.023328697 
500 293 15 21 0.023115048 
805 455 43 54 0.023065748 
404 24 11 17 0.022732409 
759 106 31 43 0.022698205 
55 390 48 70 0.022665286 
793 473 27 36 0.022463974 
115 387 55 70 0.022239355 
242 262 15 18 0.022084044 
121 359 75 88 0.021976523 
497 487 36 53 0.021967506 
35 308 17 20 0.021891525 
357 410 14 16 0.021870514 
277 228 10 14 0.02186532 
732 51 10 14 0.021833412 
625 107 32 39 0.021823656 
182 166 48 60 0.021776335 
311 429 26 34 0.021549098 
406 213 50 60 0.021489073 
126 444 47 63 0.021443764 
351 101 11 18 0.021275915 
140 411 53 71 0.021110954 
751 129 71 91 0.020541498 
156 233 27 41 0.020342462 
732 83 16 19 0.020335725 
0 383 58 74 0.020020846 
