2_Demonstration_Protesters_2_221
440
517 206 57 78 0.9991823 
709 368 49 89 0.99617046 
691 95 32 50 0.9950405 
5 197 48 88 0.9925372 
384 55 39 47 0.9922007 
571 144 51 66 0.99154353 
203 115 59 72 0.98739314 
132 57 33 38 0.98683095 
831 124 30 52 0.98280716 
723 55 33 38 0.97465384 
738 173 53 80 0.9725946 
281 325 55 87 0.96499777 
221 515 91 65 0.9600644 
120 12 27 35 0.95965785 
744 144 52 77 0.9483303 
911 105 34 54 0.94624555 
408 129 34 54 0.9451665 
960 69 28 35 0.94439995 
415 272 53 93 0.9326838 
988 153 34 58 0.92790926 
462 85 36 50 0.9183989 
673 55 31 41 0.9159509 
655 94 23 35 0.9106571 
311 12 31 42 0.89974463 
121 99 33 44 0.88651395 
714 5 30 31 0.8683992 
236 76 34 45 0.8519581 
346 115 27 36 0.83873326 
88 178 26 55 0.8305795 
13 18 25 34 0.8277352 
175 13 20 27 0.8238889 
920 184 35 55 0.81436753 
851 170 45 57 0.7970233 
135 249 51 61 0.76887476 
297 127 30 39 0.75641346 
902 307 59 74 0.717476 
426 31 23 34 0.6991271 
-3 111 25 54 0.69892263 
403 220 67 93 0.6736059 
783 325 57 74 0.65106875 
594 -1 17 19 0.6414505 
720 210 35 45 0.6228342 
315 3 26 29 0.61673516 
547 71 29 43 0.58795786 
441 64 32 38 0.53832924 
42 4 24 27 0.5327497 
83 339 29 59 0.53031725 
189 124 45 61 0.50488013 
0 85 24 53 0.45978484 
742 144 34 52 0.45500252 
158 134 22 30 0.45409417 
893 45 28 38 0.452378 
736 107 26 40 0.41343668 
227 86 55 62 0.3835613 
235 5 25 30 0.3523389 
863 206 50 60 0.30941892 
149 61 25 32 0.28992513 
506 42 26 32 0.28944984 
64 298 54 78 0.28120777 
813 92 25 29 0.2646544 
620 227 44 54 0.26069364 
430 19 32 40 0.24334683 
480 137 34 46 0.24097699 
837 139 47 61 0.24069637 
511 85 23 28 0.23580328 
641 250 26 34 0.2286701 
151 289 54 65 0.22707228 
179 133 33 47 0.22386365 
987 2 29 25 0.22373621 
431 69 30 38 0.22171119 
178 320 90 112 0.21505314 
443 0 34 30 0.20560569 
243 0 25 29 0.19577952 
524 0 24 24 0.19007349 
108 235 60 78 0.18935975 
225 73 31 41 0.18798567 
239 311 84 108 0.18725112 
89 189 43 64 0.1806487 
750 131 31 47 0.17320362 
416 306 35 70 0.16995962 
931 173 45 63 0.16751342 
688 337 57 92 0.16717197 
677 243 23 30 0.1625368 
865 178 51 61 0.15777412 
18 335 43 68 0.15438741 
744 57 23 33 0.15317214 
163 310 58 75 0.14904505 
277 222 57 84 0.14886141 
80 352 50 71 0.14821652 
185 3 22 26 0.14649789 
5 22 23 34 0.14598326 
974 167 49 77 0.1455492 
851 0 15 14 0.13715868 
255 0 19 20 0.13228507 
890 300 47 66 0.13091849 
628 -1 18 16 0.130052 
159 311 32 40 0.11882897 
557 41 24 33 0.11741202 
121 1 22 25 0.1164013 
92 222 53 75 0.114630416 
922 -1 21 20 0.11149275 
23 -3 47 55 0.1106752 
348 55 21 28 0.1085673 
694 0 48 50 0.10647061 
439 11 30 35 0.10483457 
259 24 18 22 0.10349769 
299 172 23 30 0.10299266 
182 107 27 38 0.1023122 
980 38 29 35 0.10007091 
681 307 51 79 0.099578075 
372 13 28 35 0.0975929 
482 -1 15 15 0.09635221 
299 22 32 40 0.09596749 
417 21 27 36 0.09362024 
895 323 29 50 0.09244314 
522 18 16 21 0.092178725 
401 231 35 54 0.091996565 
847 6 22 29 0.091593266 
417 263 42 54 0.09145145 
230 11 17 25 0.091335535 
385 10 18 23 0.08897041 
777 360 50 77 0.08700491 
236 28 25 33 0.08591004 
3 219 79 106 0.08421184 
156 258 41 46 0.083271615 
666 4 24 29 0.08220861 
976 237 49 82 0.0810538 
-3 359 22 44 0.07877582 
365 7 25 31 0.07816515 
939 198 56 79 0.07767599 
59 0 18 20 0.07664048 
555 59 28 43 0.07636748 
154 125 43 53 0.07505724 
1000 0 21 20 0.07477097 
72 177 33 50 0.07471896 
950 -1 50 44 0.07451914 
685 247 30 35 0.07104783 
958 57 44 58 0.07068111 
242 285 63 90 0.06942152 
972 200 52 79 0.06917653 
720 109 29 38 0.067576446 
217 68 25 42 0.0666287 
37 302 57 86 0.06620878 
311 250 29 46 0.06601741 
844 74 26 31 0.06576873 
831 172 43 60 0.06557088 
777 -1 20 20 0.06538917 
715 66 27 37 0.065232344 
72 253 81 106 0.064826176 
512 33 26 33 0.06305018 
-3 263 50 70 0.062200405 
948 137 31 43 0.06136796 
136 251 82 97 0.060169354 
846 1 16 19 0.058146775 
251 82 31 37 0.057077043 
179 95 26 35 0.05705 
182 367 67 88 0.05564986 
628 175 31 41 0.05560627 
690 1 31 31 0.055330086 
303 124 21 25 0.05396061 
728 0 27 28 0.053119846 
890 327 55 70 0.05271571 
43 268 60 85 0.05239054 
386 189 29 42 0.051358644 
751 51 15 20 0.051167283 
432 35 31 47 0.051040765 
139 112 43 55 0.050472718 
752 84 24 37 0.050385933 
867 9 25 30 0.050186582 
532 5 22 29 0.050008517 
163 323 19 25 0.05000127 
-1 32 13 23 0.04913522 
302 138 32 45 0.048781615 
259 259 88 125 0.04844687 
134 304 52 69 0.047400814 
963 137 52 68 0.04706415 
1 10 15 19 0.046907477 
686 114 19 27 0.046803717 
495 137 27 38 0.046458557 
398 210 35 53 0.046132714 
284 10 15 19 0.045986015 
116 89 27 40 0.04593805 
509 66 29 38 0.04540999 
855 71 25 31 0.044222765 
125 80 40 52 0.044167075 
417 0 19 19 0.04390051 
511 445 71 87 0.043899395 
416 65 30 39 0.043849975 
404 43 32 39 0.04365139 
11 343 74 105 0.04343553 
667 69 24 36 0.04333276 
637 136 29 41 0.04329919 
181 5 14 18 0.043296196 
500 88 25 35 0.043111887 
386 39 34 43 0.04297483 
746 99 27 42 0.04261552 
651 337 73 109 0.04254266 
482 454 109 128 0.042512972 
902 31 26 40 0.04241074 
456 0 22 17 0.042354885 
620 128 34 43 0.041199595 
663 97 29 37 0.040677298 
470 514 73 65 0.040301558 
678 250 44 55 0.040099982 
525 427 48 62 0.040089816 
678 285 50 66 0.040014226 
341 131 30 41 0.039987437 
321 79 23 30 0.039833922 
0 7 42 58 0.03967489 
371 -1 16 15 0.03946448 
842 132 34 38 0.038746107 
682 295 29 42 0.038741168 
971 2 35 30 0.03871778 
170 0 38 42 0.03827043 
48 340 54 81 0.038262144 
681 62 43 55 0.03825588 
900 189 37 47 0.038233023 
227 4 17 21 0.03819507 
725 126 24 36 0.037489697 
81 424 64 82 0.037300684 
574 2 24 24 0.036948767 
673 5 29 35 0.03691981 
987 78 18 24 0.036678746 
168 78 27 38 0.03656149 
925 128 50 64 0.036488418 
639 160 28 42 0.036343116 
316 2 16 17 0.036265 
199 399 61 82 0.036085583 
639 470 56 72 0.035885133 
59 143 26 33 0.03571123 
746 0 17 19 0.035567205 
74 198 35 61 0.035523605 
627 33 14 22 0.035462905 
83 227 31 46 0.035179447 
245 28 29 37 0.035006545 
478 71 41 52 0.03496783 
731 178 37 51 0.034815885 
810 0 17 19 0.03472953 
156 72 30 40 0.034650113 
69 370 48 73 0.034600932 
339 28 15 21 0.03457236 
398 6 40 46 0.034302928 
219 149 53 70 0.03389723 
819 1 12 13 0.03373741 
947 155 51 68 0.03365638 
413 346 57 72 0.033484656 
735 124 30 47 0.033439282 
478 32 25 33 0.03339748 
179 18 28 32 0.033379063 
221 -1 16 16 0.033225734 
110 192 31 45 0.033220813 
734 157 28 38 0.03310434 
276 0 18 19 0.03305981 
682 225 30 35 0.032856405 
798 -1 25 25 0.03278835 
364 21 24 35 0.032661095 
125 203 49 64 0.03260507 
887 304 30 46 0.032420635 
636 35 14 21 0.03233261 
348 -2 15 15 0.031964537 
104 26 23 30 0.031771462 
38 409 15 18 0.031396173 
166 64 24 35 0.03138749 
379 22 31 36 0.03130233 
596 84 29 37 0.031192038 
427 144 33 39 0.031108974 
465 142 29 42 0.031069977 
3 287 18 24 0.030702405 
869 165 36 49 0.030682508 
22 -1 14 13 0.030573836 
584 118 54 69 0.030543644 
604 16 16 20 0.030509712 
569 13 28 33 0.030372318 
991 33 26 34 0.030323355 
591 200 59 69 0.030268874 
945 74 27 38 0.030252973 
569 55 33 42 0.030114852 
200 188 33 40 0.03004619 
185 518 78 63 0.029780775 
475 105 44 56 0.029726641 
732 206 42 53 0.02958591 
42 219 70 107 0.029533386 
293 31 25 32 0.029440999 
467 68 29 38 0.029372925 
266 2 15 18 0.029250452 
660 -1 18 21 0.029011399 
932 0 32 33 0.02885424 
709 31 46 52 0.02875522 
493 41 26 33 0.028684152 
394 245 28 44 0.028576253 
342 152 25 33 0.028482573 
598 161 53 62 0.028472556 
47 132 42 53 0.028449658 
772 72 15 20 0.028432013 
0 346 40 64 0.028360033 
923 323 60 76 0.028283706 
735 376 50 77 0.028192151 
658 84 16 20 0.028054401 
531 76 27 36 0.027975658 
129 20 27 35 0.027771326 
563 161 35 42 0.027755436 
360 113 25 38 0.027646886 
226 265 54 78 0.02763787 
357 1 24 33 0.027606484 
178 73 17 23 0.027511893 
620 179 49 60 0.027445974 
318 330 60 74 0.027367545 
548 47 25 35 0.026950104 
5 306 48 77 0.026728079 
948 317 53 73 0.026663402 
675 75 29 43 0.026564319 
182 167 31 43 0.02640844 
751 16 25 31 0.026307521 
190 97 30 36 0.026270652 
605 458 85 106 0.0262518 
707 53 24 35 0.026244793 
852 310 182 234 0.026238933 
374 198 50 75 0.026202325 
624 39 24 34 0.026135264 
548 3 14 16 0.026103279 
843 0 42 42 0.026031148 
900 0 26 26 0.025833528 
223 423 57 69 0.025722107 
179 57 26 37 0.025717068 
394 138 31 39 0.025696788 
1009 6 15 21 0.025645338 
38 415 100 154 0.025627198 
239 486 67 75 0.02561798 
940 153 31 42 0.025594274 
356 51 24 33 0.025527144 
718 417 130 145 0.025525881 
555 132 50 63 0.025464348 
33 356 78 117 0.02545772 
205 209 34 45 0.025456583 
857 11 15 20 0.025418801 
881 266 48 66 0.025255732 
9 485 57 92 0.025139682 
922 165 33 45 0.025055524 
167 344 61 80 0.02488234 
885 187 36 42 0.02483929 
717 62 20 24 0.024784442 
714 87 29 39 0.02456359 
977 53 31 39 0.024509521 
560 6 45 56 0.024481243 
664 101 40 57 0.0244087 
790 294 59 77 0.024248932 
663 241 39 49 0.024229925 
493 45 38 48 0.024212684 
234 10 38 45 0.024179365 
1 227 35 65 0.024145158 
833 50 23 32 0.024134615 
684 126 30 43 0.02412743 
686 36 27 37 0.02411818 
940 135 17 23 0.024108602 
924 116 31 38 0.024076901 
101 212 37 50 0.023898378 
217 389 36 42 0.023846403 
754 59 24 34 0.023749795 
838 112 31 45 0.023747185 
700 20 25 33 0.023697503 
7 110 44 63 0.023692122 
44 43 16 21 0.02366186 
882 55 28 33 0.023655163 
248 239 65 92 0.023565192 
195 78 44 53 0.02354255 
21 14 15 18 0.02352978 
675 84 19 26 0.02349963 
234 18 19 26 0.02339728 
925 232 49 65 0.023367682 
770 192 33 47 0.023289943 
3 373 55 83 0.023244413 
68 363 34 50 0.023024002 
193 14 17 21 0.023006976 
41 22 27 36 0.022964662 
125 192 32 45 0.022886556 
825 107 29 45 0.022830829 
438 1 17 18 0.022780057 
628 0 25 29 0.022759106 
190 363 36 39 0.022757988 
932 126 30 38 0.022653488 
609 3 17 17 0.022562297 
477 324 37 49 0.022539241 
935 75 43 59 0.022493353 
46 32 15 21 0.022492068 
777 46 25 33 0.022439873 
310 19 19 28 0.022431323 
374 1 27 27 0.022423204 
3 461 28 49 0.022342747 
426 1 17 19 0.022341298 
483 27 15 20 0.022292225 
616 24 24 30 0.022185775 
925 243 16 23 0.02217673 
68 221 35 54 0.022171715 
869 21 43 49 0.022088207 
739 33 15 19 0.022031618 
85 313 33 47 0.02201676 
644 122 40 53 0.021915885 
642 53 16 22 0.021905018 
712 187 70 92 0.02190315 
184 45 28 37 0.021829268 
83 179 74 105 0.021805976 
920 200 48 68 0.02178307 
118 71 27 35 0.021781452 
705 210 29 42 0.021526577 
320 264 30 42 0.02150043 
354 108 18 22 0.021483053 
723 162 28 36 0.02148283 
901 120 33 46 0.02145985 
962 109 49 65 0.021454357 
247 81 21 29 0.021390706 
972 513 48 67 0.021377007 
45 230 30 44 0.021331927 
556 -2 15 14 0.021266807 
155 221 61 72 0.02110952 
99 262 45 51 0.021078996 
175 249 59 79 0.020982686 
584 17 15 20 0.020772133 
931 238 29 39 0.020756492 
605 72 28 36 0.020721367 
865 68 16 20 0.02071318 
891 432 136 156 0.020604745 
540 63 28 37 0.020593032 
727 24 28 34 0.020555552 
103 199 20 33 0.020488836 
3 17 15 21 0.020430893 
696 426 12 17 0.020378023 
408 214 46 58 0.020361485 
649 150 29 36 0.020351036 
554 37 41 58 0.020328116 
980 -7 45 46 0.020272132 
229 37 25 36 0.020269059 
212 205 17 22 0.020198131 
872 231 38 50 0.020188535 
0 76 47 67 0.020187408 
193 0 17 17 0.020143874 
421 42 18 28 0.02012242 
641 42 14 20 0.020097528 
162 48 25 34 0.020096892 
185 77 29 37 0.020076904 
748 68 24 35 0.020058086 
