2_Demonstration_Demonstration_Or_Protest_2_140
1038
330 518 16 21 0.9892306 
953 635 25 34 0.9867415 
202 539 16 20 0.9788969 
757 577 14 20 0.9768523 
842 628 25 34 0.9758232 
530 490 15 20 0.97555566 
803 644 16 20 0.9688084 
769 541 16 21 0.9655388 
765 626 15 19 0.9600691 
741 548 17 20 0.9560641 
635 486 14 18 0.9534464 
412 561 18 21 0.9486696 
546 526 16 19 0.94295734 
955 589 17 22 0.9365666 
331 606 20 24 0.9310305 
638 383 13 16 0.9304842 
785 561 15 18 0.92992616 
302 606 15 21 0.9275508 
138 585 17 23 0.9224295 
493 474 15 19 0.92076284 
559 500 15 19 0.92042947 
806 568 15 21 0.90251726 
832 541 15 18 0.89915574 
520 573 19 24 0.8934268 
598 379 14 17 0.89018375 
615 525 19 24 0.888214 
157 545 13 17 0.88466394 
246 607 14 21 0.877783 
298 517 16 19 0.8760657 
456 396 11 15 0.8753072 
778 521 13 16 0.8599383 
548 475 13 17 0.846072 
762 597 13 17 0.8435316 
560 355 10 13 0.8364356 
375 631 20 25 0.8283058 
382 477 12 15 0.8220843 
524 528 12 15 0.807947 
703 462 13 17 0.8006053 
739 394 11 15 0.7818848 
431 620 16 19 0.76792455 
712 574 13 15 0.7650635 
681 476 14 17 0.7581053 
625 626 18 22 0.75662243 
280 526 14 16 0.75015664 
591 457 14 18 0.7285009 
556 387 11 15 0.7277663 
629 469 14 18 0.7071327 
363 602 18 22 0.69466364 
449 484 15 18 0.67528826 
181 617 14 17 0.6610117 
303 556 18 22 0.6547413 
643 460 13 16 0.6424295 
511 500 14 20 0.64138013 
545 397 10 14 0.6251962 
687 416 13 16 0.6138328 
575 328 12 16 0.6117101 
512 386 12 15 0.60746664 
723 473 14 18 0.5993617 
670 317 11 15 0.5887632 
570 534 18 22 0.5808099 
721 254 9 11 0.57982194 
686 502 13 17 0.57863 
246 561 17 22 0.5740841 
914 601 15 19 0.57188606 
230 463 17 21 0.55936164 
802 302 11 13 0.54799396 
610 434 13 16 0.54197305 
377 509 15 20 0.5368178 
622 380 10 13 0.5357073 
459 532 13 16 0.5332192 
859 602 15 17 0.53301466 
694 357 11 15 0.5281539 
553 418 10 14 0.52050716 
565 468 11 14 0.48285496 
231 485 14 17 0.47728464 
905 639 27 30 0.46972016 
594 574 24 28 0.44283527 
711 389 10 13 0.43777114 
896 279 9 12 0.43468386 
569 284 11 14 0.43113974 
761 256 9 11 0.41880313 
743 240 8 10 0.41839793 
524 621 23 28 0.4180393 
412 478 17 20 0.40230042 
490 532 15 20 0.3910254 
853 264 8 11 0.38082328 
692 267 10 15 0.37097818 
721 312 10 12 0.3578534 
185 653 17 18 0.3569829 
421 499 21 27 0.35367957 
220 620 14 17 0.35292754 
853 214 10 13 0.35122412 
654 203 10 13 0.35118228 
858 287 9 12 0.34113267 
411 653 20 21 0.3335184 
673 365 12 16 0.329783 
872 238 7 11 0.3245811 
913 178 10 13 0.32275417 
823 272 8 11 0.29885927 
919 639 24 28 0.29305595 
531 298 10 14 0.2874754 
667 246 11 15 0.28700054 
362 548 15 20 0.26996005 
451 643 17 21 0.265366 
162 594 13 18 0.25626475 
695 238 9 13 0.24770316 
700 590 13 18 0.24318387 
378 573 14 18 0.24231614 
861 323 9 13 0.23599105 
987 639 15 19 0.23491281 
720 248 9 12 0.23158425 
678 388 11 15 0.2264375 
653 600 14 19 0.22441906 
799 240 7 9 0.22082876 
721 628 16 20 0.21580859 
838 96 11 14 0.21486941 
388 616 15 18 0.2136661 
769 236 9 10 0.21037632 
466 388 15 19 0.20911448 
860 292 9 11 0.20575577 
572 429 12 15 0.2049852 
785 263 9 11 0.20301974 
842 239 9 10 0.20192964 
670 541 15 19 0.2012475 
842 142 9 12 0.19886126 
686 196 9 12 0.19744267 
655 331 12 17 0.1956633 
650 556 16 19 0.19460644 
448 609 11 15 0.19446674 
825 247 8 11 0.19069369 
830 247 8 11 0.18786956 
525 374 11 13 0.18373209 
691 446 12 14 0.18175903 
870 188 10 13 0.18109089 
800 263 9 11 0.17968723 
167 515 11 13 0.17933999 
880 284 8 11 0.17572595 
485 632 16 19 0.17490011 
686 448 13 17 0.1660794 
702 216 7 9 0.16490822 
671 390 10 14 0.16383703 
609 652 20 21 0.1604552 
521 275 10 12 0.15597984 
937 225 8 9 0.15565565 
570 443 13 16 0.15499398 
595 568 18 21 0.14942394 
653 269 11 15 0.14909579 
524 272 11 13 0.14892218 
678 299 10 13 0.14587031 
648 205 10 13 0.14450392 
787 317 10 13 0.14365572 
433 588 11 15 0.14332804 
603 310 10 13 0.14113665 
925 310 11 13 0.13763414 
888 228 8 11 0.13751443 
647 530 15 18 0.13631156 
626 611 14 18 0.13601625 
570 435 13 16 0.13492417 
282 415 17 20 0.13316527 
793 239 8 10 0.1329582 
572 280 12 16 0.13225044 
204 588 10 14 0.13158154 
668 449 12 16 0.13131337 
597 548 16 19 0.12750581 
828 278 10 13 0.12730448 
782 245 8 10 0.12476202 
748 301 9 12 0.124183394 
832 222 8 10 0.12283306 
541 256 8 10 0.122699544 
822 172 8 10 0.120980226 
615 279 11 15 0.120122135 
526 255 8 10 0.11982391 
839 244 9 11 0.11959994 
685 382 10 13 0.1181212 
688 355 12 15 0.117948316 
715 387 12 16 0.116312206 
592 380 13 17 0.11580816 
933 287 12 15 0.11521295 
910 579 14 18 0.11495718 
629 462 13 16 0.11474277 
695 652 15 18 0.112183556 
774 239 8 10 0.111639604 
849 266 10 12 0.11138885 
763 260 10 11 0.11061189 
674 321 12 16 0.110367276 
778 246 8 10 0.10689182 
751 286 9 11 0.10474816 
887 278 9 12 0.10448503 
744 175 8 10 0.1014369 
743 602 12 15 0.10088597 
781 214 8 10 0.10052863 
737 184 7 10 0.09974785 
804 297 11 12 0.09857079 
634 466 14 18 0.09813173 
692 539 14 17 0.09680102 
658 640 24 25 0.09623534 
757 206 8 11 0.09329493 
677 445 14 16 0.09308557 
685 349 12 15 0.091747865 
516 383 11 14 0.09167369 
784 241 7 10 0.09128244 
469 587 11 14 0.09120615 
800 215 8 10 0.09114456 
730 232 7 9 0.09079575 
735 390 19 23 0.090588376 
809 159 8 11 0.08982236 
594 554 21 25 0.08927315 
687 285 10 15 0.08914402 
702 229 9 12 0.08902407 
358 608 16 21 0.088941 
799 244 8 10 0.08864544 
917 211 11 15 0.08792202 
680 214 8 11 0.08786053 
794 232 7 10 0.08666531 
686 523 16 19 0.08541024 
832 283 10 13 0.08539946 
789 263 9 11 0.08393361 
703 221 8 10 0.08388025 
411 529 16 20 0.08384612 
929 637 17 22 0.0837464 
739 238 8 10 0.083704956 
638 214 10 13 0.08301148 
581 310 11 15 0.08297878 
510 262 8 12 0.08253959 
288 596 22 31 0.08187374 
657 561 15 18 0.081828065 
736 270 8 11 0.0814134 
871 234 8 11 0.08114744 
825 231 7 9 0.079152904 
574 309 19 25 0.0787641 
699 237 10 13 0.0780675 
660 537 20 27 0.07793636 
510 576 16 20 0.07760523 
688 238 9 12 0.07747072 
179 475 11 13 0.07737248 
222 580 10 13 0.077361025 
725 249 8 10 0.077265844 
846 136 10 13 0.077028506 
717 183 8 10 0.07693003 
783 255 8 10 0.076234676 
750 294 9 12 0.07498841 
825 573 23 29 0.07457338 
805 279 9 12 0.07440707 
744 181 9 10 0.07332888 
596 279 11 15 0.073252946 
749 313 10 15 0.07319742 
702 483 12 16 0.07208892 
889 271 8 10 0.07159744 
779 208 8 11 0.07154896 
735 232 8 10 0.07085801 
809 620 14 18 0.07078192 
436 114 13 16 0.07012346 
372 500 16 20 0.06931774 
695 167 8 10 0.069267124 
475 524 13 17 0.06926294 
893 271 10 14 0.069205105 
177 615 25 29 0.06919783 
877 239 8 10 0.069174066 
636 218 11 15 0.06859132 
557 350 18 23 0.06844096 
934 278 9 11 0.06822063 
833 217 8 10 0.06795011 
816 294 9 12 0.06780862 
607 247 10 13 0.06773537 
214 578 12 15 0.06767682 
933 638 24 29 0.06743805 
894 215 9 11 0.06736183 
742 213 8 11 0.06716477 
815 200 7 9 0.0666854 
854 210 10 12 0.06666178 
825 240 7 10 0.066619314 
641 207 10 11 0.06568515 
515 494 14 17 0.06463054 
494 429 11 14 0.064477555 
725 395 11 15 0.06421422 
536 261 8 10 0.06412218 
651 587 15 20 0.06409661 
838 217 8 10 0.06396913 
713 245 9 12 0.063850045 
849 219 10 12 0.063163385 
941 229 8 10 0.06303387 
995 642 14 17 0.06290289 
563 246 11 14 0.06277391 
961 216 6 8 0.06237654 
688 275 10 15 0.062312678 
689 352 19 24 0.062275045 
841 301 7 9 0.061916795 
752 280 8 10 0.061659057 
773 233 8 10 0.061342478 
848 283 9 12 0.06125023 
823 214 8 11 0.060675286 
806 216 7 10 0.060650006 
622 619 16 20 0.060606174 
783 311 11 15 0.060541514 
705 150 8 12 0.0604185 
967 216 8 10 0.060190145 
699 214 8 10 0.06012794 
678 496 18 25 0.059854127 
380 597 14 19 0.05959491 
748 240 9 10 0.059503295 
816 319 9 12 0.059314027 
833 185 7 9 0.059164554 
681 221 9 10 0.059128873 
702 156 9 11 0.059080377 
406 534 14 18 0.058720868 
741 206 9 12 0.0582375 
961 232 7 9 0.057222754 
767 216 7 10 0.057055183 
822 150 8 10 0.056968268 
799 233 7 9 0.056887534 
932 271 10 11 0.056776732 
873 284 9 12 0.056748115 
821 319 9 11 0.05586646 
788 311 12 14 0.055511326 
954 215 7 9 0.055177193 
855 606 21 25 0.055125013 
216 626 10 14 0.054996934 
866 189 9 12 0.05474707 
672 213 10 12 0.054725677 
587 522 15 18 0.05391477 
928 231 8 9 0.053900227 
757 535 11 14 0.053526253 
718 621 12 18 0.0534498 
875 577 14 18 0.053289305 
765 656 12 14 0.05328642 
685 253 10 12 0.053278413 
583 230 8 11 0.053226683 
695 173 9 11 0.052995473 
461 555 13 18 0.052760452 
337 363 12 14 0.052568253 
518 349 12 16 0.0524593 
549 388 20 24 0.051961754 
741 200 9 11 0.051952932 
863 280 9 12 0.05170691 
629 378 20 22 0.05170346 
302 581 14 18 0.05146891 
813 158 9 11 0.050846312 
590 565 17 20 0.050803356 
910 609 15 17 0.050786722 
561 250 11 15 0.05042564 
432 488 22 27 0.05041854 
602 567 21 27 0.050257154 
647 211 9 12 0.050110854 
816 205 9 11 0.05009978 
998 214 8 12 0.050026234 
550 411 18 23 0.049980152 
767 174 8 9 0.049874302 
778 252 9 10 0.049583066 
840 196 9 11 0.04950127 
603 384 12 15 0.04948651 
807 245 8 10 0.04941445 
592 211 11 15 0.049203362 
719 239 7 10 0.049179092 
882 603 14 18 0.048961252 
382 617 14 17 0.04888168 
678 308 10 14 0.048866592 
882 223 7 10 0.04870463 
856 246 8 10 0.048447747 
492 611 15 18 0.04822053 
686 223 8 10 0.04821464 
841 176 7 10 0.048206188 
983 264 7 9 0.048146956 
734 264 8 10 0.04791873 
527 260 9 12 0.047863156 
738 213 8 11 0.047848992 
142 612 11 17 0.047620766 
824 190 8 9 0.04759909 
825 223 8 9 0.047480963 
724 341 10 12 0.04726474 
792 561 18 24 0.04720158 
712 626 28 36 0.04703629 
750 175 8 10 0.046986576 
936 206 7 9 0.046943568 
830 229 8 10 0.046544056 
823 206 8 11 0.04649368 
570 320 21 23 0.046359457 
754 261 8 10 0.04612744 
481 534 24 29 0.04595342 
356 616 12 18 0.045898233 
853 134 10 13 0.045618515 
864 184 9 11 0.045234676 
806 319 9 11 0.045225874 
790 549 12 14 0.045110982 
290 412 18 20 0.045087185 
620 282 12 15 0.045065075 
592 242 10 14 0.044971928 
867 238 8 10 0.044970907 
783 222 7 9 0.044746038 
846 146 11 14 0.044733852 
783 302 8 11 0.04470129 
554 356 11 14 0.044697605 
685 514 16 20 0.044458974 
215 595 11 15 0.04432696 
816 300 9 11 0.0441716 
297 442 27 33 0.04416356 
674 384 20 25 0.044121098 
666 576 25 30 0.04411957 
711 230 8 11 0.04407172 
597 245 10 13 0.04402779 
760 169 7 9 0.0440149 
881 175 9 10 0.044009622 
789 269 9 10 0.04384114 
763 574 11 15 0.043779537 
961 222 7 9 0.043778718 
227 581 12 15 0.0437647 
817 246 9 11 0.043664098 
688 263 12 16 0.043581363 
952 244 8 11 0.043572273 
567 289 11 14 0.043443993 
685 215 8 10 0.043384515 
774 388 15 20 0.04338236 
742 234 8 10 0.043370504 
145 609 23 31 0.043235283 
893 220 9 11 0.043153506 
821 325 9 11 0.043110546 
698 363 11 14 0.043040812 
775 294 8 10 0.042893957 
633 476 14 17 0.04281904 
737 223 7 9 0.042771865 
879 245 8 9 0.042625602 
783 288 8 10 0.042517766 
684 593 13 17 0.04248074 
902 601 12 16 0.042430703 
724 388 11 16 0.04231813 
593 341 10 14 0.042210408 
711 190 8 11 0.042159203 
284 545 11 16 0.042154428 
749 181 8 10 0.04160231 
758 628 19 25 0.04155842 
791 157 8 10 0.041307095 
800 325 8 11 0.041300967 
528 524 15 19 0.041220784 
584 460 12 15 0.041186433 
380 586 14 19 0.04116274 
338 634 14 16 0.041082855 
693 562 15 17 0.040837534 
727 260 8 11 0.04082186 
630 278 11 15 0.040794216 
228 587 12 16 0.040736914 
807 221 8 9 0.04067678 
437 615 12 16 0.040633667 
685 317 12 15 0.040600043 
578 284 13 14 0.0405492 
590 657 16 18 0.040539123 
682 358 20 24 0.04052412 
208 544 13 17 0.040511705 
768 169 7 9 0.040446658 
339 490 14 16 0.040321752 
838 613 13 16 0.04022483 
831 190 8 10 0.040149756 
587 308 14 17 0.040091947 
792 246 8 9 0.04004633 
719 232 8 9 0.039996 
205 637 11 14 0.039822545 
350 386 11 15 0.03981091 
744 307 12 16 0.03979103 
734 277 10 12 0.039779518 
770 149 9 11 0.039688516 
827 271 10 12 0.0396667 
592 325 11 15 0.039490875 
694 440 12 14 0.039397903 
355 560 15 18 0.039393708 
440 479 22 26 0.03906869 
516 355 12 16 0.039006103 
768 221 7 9 0.038999252 
725 335 10 13 0.03896256 
655 220 9 12 0.03885567 
605 406 11 15 0.03883568 
566 305 16 21 0.03875991 
621 384 12 15 0.038754713 
761 174 6 9 0.038629457 
881 230 8 10 0.03858327 
485 213 10 13 0.03849982 
822 301 9 11 0.03844387 
623 443 11 14 0.038427833 
800 283 9 11 0.03829793 
710 213 9 11 0.038182285 
845 243 10 11 0.03815646 
952 158 8 10 0.038143605 
838 253 8 10 0.038109284 
760 249 8 10 0.038058635 
794 215 7 10 0.03795643 
861 213 9 12 0.037925366 
768 294 9 11 0.037836906 
544 429 11 14 0.037821043 
206 581 12 16 0.03780424 
791 278 8 10 0.0377983 
724 505 14 18 0.037770372 
750 245 8 9 0.03775076 
222 587 12 17 0.037667044 
799 297 18 22 0.03763023 
928 239 8 10 0.03758548 
163 477 11 13 0.037539247 
759 294 8 11 0.037486218 
680 144 7 9 0.037444666 
729 224 7 9 0.037402432 
680 251 10 13 0.0373412 
742 190 8 9 0.037340727 
505 412 11 15 0.037327737 
822 295 9 11 0.03723064 
823 282 10 13 0.037224293 
688 229 9 12 0.03719349 
504 240 8 11 0.037078533 
747 541 13 16 0.03702523 
450 105 8 11 0.03690113 
872 215 8 9 0.03686338 
139 651 17 20 0.036862202 
838 284 8 12 0.03680241 
791 198 8 10 0.036777034 
669 493 13 18 0.036677442 
694 136 7 10 0.036642592 
502 419 13 16 0.036551774 
976 249 7 8 0.036389828 
626 374 14 16 0.036217675 
512 286 9 12 0.036214337 
685 457 12 15 0.036194656 
895 240 8 10 0.036147825 
743 222 7 9 0.036123272 
839 232 9 10 0.03583608 
932 603 15 20 0.03575324 
221 563 11 15 0.03567892 
832 197 8 10 0.035620205 
743 502 12 15 0.0354988 
619 437 11 14 0.03546525 
791 174 7 9 0.035445593 
668 267 14 16 0.035441287 
414 485 23 29 0.035415146 
900 283 9 12 0.03537612 
1013 515 10 15 0.035232805 
475 528 20 24 0.035058327 
670 262 20 26 0.035041578 
696 208 9 11 0.03502953 
313 641 23 26 0.035026275 
831 240 8 10 0.035020243 
909 172 18 23 0.034967523 
581 443 13 16 0.03496173 
933 295 13 17 0.034956448 
448 111 10 13 0.034922883 
712 136 8 10 0.03491717 
916 574 13 15 0.03486075 
799 257 9 11 0.034836683 
709 141 10 13 0.03482716 
777 220 8 10 0.03479727 
218 613 22 27 0.034763798 
864 246 8 10 0.034730103 
711 617 14 19 0.034707792 
865 232 9 11 0.034676142 
680 207 9 11 0.03463734 
857 183 8 10 0.034603413 
953 207 6 9 0.034550358 
418 525 13 18 0.034516025 
887 245 9 10 0.03445444 
888 238 9 11 0.034396324 
321 324 9 12 0.034363747 
407 475 15 20 0.034357455 
694 141 8 10 0.03433508 
832 159 8 11 0.03425217 
782 321 12 15 0.03423707 
707 564 21 25 0.034235094 
808 232 7 9 0.034223758 
706 593 12 17 0.034195654 
696 231 10 13 0.034179356 
475 546 13 16 0.034073405 
686 244 10 12 0.034039814 
491 619 15 17 0.03389777 
759 200 9 11 0.033863507 
720 223 7 9 0.033781894 
469 537 23 28 0.033758298 
493 421 12 16 0.033669442 
385 506 15 20 0.03362997 
277 596 24 29 0.033554595 
776 288 8 10 0.033502832 
574 460 11 15 0.033416152 
135 567 9 13 0.033402167 
840 296 7 10 0.033306055 
701 268 12 16 0.03329034 
823 266 9 11 0.033215635 
792 168 7 10 0.033183716 
686 203 9 12 0.033140548 
633 182 8 11 0.03310731 
543 391 17 23 0.033103857 
739 173 7 10 0.032794308 
773 532 13 16 0.032560013 
786 174 8 9 0.032557283 
799 166 8 10 0.032478195 
707 270 11 13 0.03241529 
822 532 13 16 0.032407843 
465 527 19 24 0.032391194 
688 594 24 29 0.03220355 
373 599 21 26 0.032176666 
696 180 9 10 0.03215373 
662 245 20 25 0.03199799 
518 626 15 20 0.03195267 
345 606 21 26 0.031909473 
87 604 10 16 0.031785004 
856 230 8 10 0.031761322 
945 206 7 9 0.0317072 
913 500 10 13 0.031705808 
622 227 11 14 0.031703617 
653 210 10 14 0.031607516 
817 165 9 12 0.031516217 
446 618 11 15 0.031511944 
804 262 8 11 0.03150056 
637 189 9 12 0.03146033 
702 262 10 13 0.03145217 
365 497 16 19 0.031372286 
855 255 9 11 0.031193132 
262 421 11 13 0.031129386 
524 290 20 24 0.031022653 
669 238 11 15 0.031015974 
594 586 24 29 0.03096831 
807 164 9 10 0.030950522 
175 550 13 16 0.030948276 
726 348 10 12 0.030940667 
833 294 8 10 0.030849578 
726 294 9 12 0.03083336 
562 499 21 26 0.030811891 
640 198 9 11 0.030709717 
741 295 19 25 0.03059052 
581 452 13 16 0.03053669 
737 247 8 9 0.030484708 
752 169 7 9 0.030470911 
903 613 24 28 0.030448651 
776 301 9 10 0.030441554 
767 535 13 16 0.030438572 
912 231 7 9 0.03038854 
264 428 11 14 0.030383348 
741 270 9 11 0.030383319 
134 611 12 18 0.030378139 
153 594 23 28 0.030362371 
704 395 10 13 0.030312378 
969 262 7 10 0.030301185 
470 548 13 15 0.030225221 
806 239 7 10 0.030197782 
148 653 14 17 0.030187877 
903 215 9 11 0.030160315 
384 638 18 22 0.030142747 
166 520 14 17 0.029988926 
73 344 11 13 0.029967744 
683 342 12 14 0.029967137 
822 310 9 12 0.029945223 
177 628 29 34 0.029935444 
766 300 9 12 0.0299352 
816 231 7 9 0.029888483 
729 174 8 10 0.029887458 
800 159 8 11 0.029854504 
785 231 7 9 0.029833352 
759 586 17 20 0.029811287 
823 199 8 10 0.029806072 
697 159 8 10 0.029764773 
768 190 9 10 0.029736735 
735 255 8 9 0.02962121 
857 189 9 11 0.029565778 
139 545 12 16 0.029556606 
375 476 21 25 0.029518586 
752 223 7 9 0.029507006 
799 209 7 10 0.029447379 
644 412 13 18 0.02942375 
660 222 10 12 0.029416937 
862 254 9 11 0.029402202 
839 181 7 10 0.029338652 
434 593 13 17 0.02928196 
759 300 9 12 0.029268853 
959 237 8 11 0.029251829 
816 222 7 10 0.02920474 
690 165 8 10 0.029186588 
504 286 9 11 0.0291663 
902 632 46 45 0.02912404 
509 380 20 24 0.02899138 
846 295 8 10 0.028861895 
807 153 9 10 0.028778952 
414 503 17 21 0.028756937 
817 151 8 11 0.028743261 
689 142 8 10 0.028719466 
854 281 17 23 0.028709464 
921 198 7 9 0.028649377 
270 420 12 14 0.028627148 
792 223 7 9 0.028612955 
935 247 7 10 0.028604474 
815 311 9 11 0.028589487 
469 538 13 16 0.028570717 
134 572 12 16 0.028506974 
927 207 8 10 0.028493065 
782 293 9 11 0.028431863 
975 603 14 19 0.028424634 
678 245 11 14 0.028351434 
806 612 12 16 0.028300555 
587 443 13 16 0.028284617 
210 584 21 26 0.028198803 
663 182 8 11 0.028164981 
598 601 16 19 0.028151289 
644 549 18 22 0.028058838 
865 195 9 12 0.02799545 
902 197 8 11 0.027962912 
758 278 8 10 0.027923357 
520 515 21 25 0.027919305 
720 347 10 13 0.02789424 
616 628 23 27 0.027890578 
206 593 11 14 0.027866477 
716 584 14 17 0.027853705 
672 297 12 15 0.027849328 
714 252 10 12 0.027814003 
323 643 15 19 0.027775798 
920 230 8 10 0.027751595 
636 526 23 27 0.027717268 
703 209 7 10 0.027712567 
796 109 13 16 0.027702179 
766 269 9 12 0.027625998 
690 292 11 14 0.027616093 
581 460 22 24 0.027579794 
637 226 12 15 0.027555352 
973 215 7 10 0.02753366 
419 471 14 17 0.02748021 
889 216 8 11 0.027420538 
897 198 7 10 0.027399562 
928 245 8 11 0.027369685 
686 362 12 15 0.02736118 
446 588 13 17 0.027340788 
379 501 14 19 0.027320983 
761 231 8 11 0.027301854 
420 478 22 28 0.027269835 
929 199 7 8 0.02726694 
880 215 8 11 0.027160296 
677 313 22 27 0.027156487 
816 190 8 10 0.027122213 
927 322 12 14 0.027050702 
628 455 12 15 0.027046138 
683 277 20 29 0.02701543 
904 221 8 10 0.026851181 
713 237 9 12 0.026756879 
768 158 8 10 0.026651429 
718 248 17 22 0.026608491 
656 183 9 11 0.026607547 
712 176 9 11 0.02654939 
511 362 11 15 0.02653491 
489 459 11 16 0.026491527 
844 301 9 12 0.026489878 
892 577 13 17 0.02648767 
711 209 8 9 0.026475377 
525 248 10 13 0.026416026 
726 631 27 31 0.026407821 
386 471 13 17 0.026383957 
704 198 7 9 0.026346428 
846 259 20 23 0.02632735 
209 571 12 15 0.02631228 
282 518 16 20 0.026301827 
685 406 13 17 0.026208881 
679 158 7 10 0.026175465 
561 284 12 14 0.026121609 
456 484 14 17 0.026098656 
548 426 12 15 0.026093522 
760 269 9 11 0.02605025 
661 267 14 17 0.026028374 
752 272 7 9 0.025967492 
681 150 7 10 0.02596582 
816 239 8 10 0.025938505 
561 468 20 23 0.025912244 
670 308 20 26 0.025882443 
592 269 11 13 0.025863146 
752 231 8 9 0.025851984 
629 410 14 18 0.025809256 
654 228 11 14 0.025779108 
282 609 16 19 0.025688138 
976 268 8 10 0.025662491 
785 522 12 17 0.025660574 
775 185 7 9 0.025652502 
974 549 11 12 0.025644187 
574 276 21 26 0.025623042 
689 158 8 11 0.02560792 
872 222 7 9 0.025598835 
719 215 7 10 0.025597695 
655 190 9 10 0.025577884 
630 269 11 13 0.025554378 
719 392 11 16 0.025542228 
925 214 8 10 0.025540497 
684 309 10 12 0.025531173 
674 603 27 35 0.025528936 
774 169 8 9 0.025509708 
396 547 14 19 0.025507415 
734 430 10 12 0.02550406 
1000 246 8 11 0.025459923 
193 648 27 27 0.025441065 
716 306 18 23 0.025416331 
504 291 10 12 0.02540986 
650 576 23 29 0.025380274 
774 189 7 10 0.025368134 
475 581 13 16 0.025357448 
680 237 10 13 0.025340179 
768 288 8 11 0.025322748 
728 236 8 10 0.025290921 
759 133 12 16 0.025263136 
752 574 13 17 0.025256496 
504 324 10 13 0.025251884 
687 149 7 10 0.025238076 
624 235 10 14 0.025235873 
855 280 10 13 0.02520103 
615 387 11 14 0.025175503 
708 585 14 19 0.02517037 
516 567 17 20 0.02516115 
805 270 9 11 0.025140667 
673 584 25 30 0.025136214 
889 192 7 8 0.025136152 
566 447 13 17 0.02511134 
746 636 16 22 0.025014991 
662 306 20 27 0.024994902 
517 284 10 13 0.024812112 
516 363 13 17 0.02470694 
400 539 21 26 0.024665894 
591 218 12 15 0.024594756 
799 144 8 9 0.02457712 
685 259 20 25 0.024514876 
131 607 22 30 0.024451373 
824 182 7 11 0.024435896 
871 269 10 12 0.024413845 
664 323 11 15 0.024388304 
673 293 20 25 0.024356669 
455 389 19 23 0.024345985 
769 596 12 16 0.024325822 
845 196 8 11 0.024235683 
671 328 11 14 0.024228249 
881 167 8 10 0.024187962 
965 220 9 11 0.024134105 
729 269 8 11 0.024057256 
800 220 8 10 0.024025371 
733 506 13 16 0.024025235 
905 232 7 8 0.024013607 
1000 254 8 10 0.02398642 
293 644 14 20 0.023971772 
879 198 9 11 0.023963453 
452 115 10 14 0.023921102 
964 556 15 17 0.023870472 
914 209 9 13 0.023862973 
673 158 7 10 0.023812538 
694 463 20 24 0.02380292 
833 592 15 19 0.023781044 
761 212 8 11 0.02366062 
897 205 8 11 0.023660237 
832 631 25 32 0.023635888 
816 262 9 12 0.0236345 
864 598 14 16 0.023619926 
810 198 7 10 0.023606863 
888 157 9 12 0.023603888 
728 168 8 9 0.023565467 
544 481 12 16 0.02354199 
671 134 9 11 0.023528945 
743 262 9 11 0.023524323 
710 380 20 26 0.023506148 
173 649 24 27 0.02347434 
146 581 14 18 0.023429777 
982 269 8 10 0.023379734 
913 220 8 11 0.02337717 
836 604 13 16 0.023364615 
275 530 21 27 0.023335403 
523 531 22 27 0.02330299 
959 245 9 10 0.02329834 
936 253 8 11 0.023291219 
744 255 8 10 0.023274763 
591 332 11 15 0.023252018 
831 263 8 10 0.023251837 
762 191 8 10 0.023227237 
707 476 13 18 0.023186985 
793 182 7 10 0.023135396 
697 468 11 14 0.023129301 
801 319 8 12 0.023095539 
225 485 13 15 0.023087777 
685 374 11 14 0.023078246 
665 654 19 20 0.023078166 
743 169 8 11 0.02307027 
856 197 9 10 0.023041064 
367 514 16 19 0.023011032 
297 638 25 29 0.022999387 
573 335 15 17 0.02298147 
790 255 8 10 0.022967925 
517 293 11 14 0.022962019 
661 227 10 13 0.022956138 
230 571 11 16 0.022919983 
992 263 6 9 0.022876998 
744 308 20 26 0.02287697 
547 435 13 16 0.022870613 
849 157 10 12 0.022853736 
786 157 8 10 0.022828288 
816 286 8 11 0.022789836 
610 412 13 17 0.022781363 
286 650 14 18 0.022776403 
855 239 8 11 0.022774635 
928 192 8 9 0.022716884 
413 472 13 17 0.022713019 
558 293 12 14 0.022698926 
19 652 14 16 0.022679217 
871 302 9 12 0.022611173 
225 624 14 17 0.02259689 
953 200 7 10 0.02259379 
832 93 21 25 0.022593549 
214 565 13 16 0.022523189 
512 84 8 11 0.022503326 
561 387 12 15 0.022493757 
725 301 11 14 0.022461208 
817 143 8 10 0.022382088 
875 189 9 11 0.02234772 
748 655 15 19 0.022299087 
632 301 12 15 0.022285571 
840 166 8 10 0.022282671 
694 196 9 12 0.022271905 
953 221 8 10 0.022270534 
796 613 23 28 0.022213643 
758 251 18 23 0.022211397 
510 452 13 16 0.022118147 
969 256 7 9 0.022102116 
710 221 9 11 0.0220962 
469 578 21 26 0.022077259 
484 406 13 15 0.022063509 
395 643 13 19 0.022040404 
943 255 9 10 0.022030476 
508 508 17 21 0.021970272 
493 458 22 28 0.021955984 
817 183 8 10 0.021938864 
611 277 21 25 0.021923896 
835 616 22 30 0.021886712 
372 519 13 18 0.021864135 
578 622 18 24 0.021857925 
671 220 10 11 0.02185056 
900 597 21 26 0.021831606 
96 270 10 12 0.021826204 
928 165 9 12 0.021820948 
488 468 14 18 0.021812288 
841 269 9 11 0.02180226 
369 560 21 27 0.021759784 
571 287 14 17 0.021756278 
238 570 13 16 0.021750346 
583 242 11 14 0.021740984 
511 291 10 13 0.021739108 
891 274 17 22 0.021729512 
915 89 13 16 0.021726895 
187 534 13 16 0.021719523 
853 155 10 14 0.021686861 
705 143 10 13 0.021667454 
767 246 9 10 0.021665301 
650 197 18 22 0.021656659 
887 599 19 25 0.021647848 
131 571 19 26 0.021632846 
893 230 8 9 0.021631705 
872 206 9 11 0.021612685 
846 210 19 24 0.021589834 
168 604 45 57 0.021588208 
486 455 20 27 0.021561986 
601 403 11 15 0.0215286 
776 270 9 10 0.021463102 
737 169 8 9 0.021451065 
312 130 12 15 0.02142368 
499 434 13 16 0.021418603 
591 274 21 26 0.021415524 
869 503 12 14 0.021400759 
682 191 10 13 0.021393083 
703 254 10 12 0.021380492 
839 317 8 12 0.021345088 
336 484 13 16 0.021325821 
798 638 16 21 0.021309357 
621 588 21 29 0.021276606 
776 310 11 13 0.021233607 
386 603 12 17 0.021201113 
660 201 9 12 0.021188693 
236 611 20 26 0.02118687 
565 240 11 14 0.021162584 
565 380 11 15 0.021157436 
921 606 17 21 0.021153033 
929 223 7 9 0.021124398 
761 238 8 10 0.021102188 
721 200 8 10 0.021101294 
880 205 9 10 0.021084024 
704 382 11 15 0.021082237 
602 499 14 19 0.02103881 
839 326 8 11 0.021034116 
662 175 8 11 0.021028334 
862 269 9 12 0.021025367 
761 222 8 9 0.020999786 
636 453 21 27 0.020997914 
623 245 12 15 0.02099509 
294 406 13 14 0.020993652 
689 125 8 11 0.020978222 
833 301 7 10 0.020943072 
517 300 13 15 0.02092673 
815 253 10 11 0.020923028 
518 368 19 24 0.020908644 
367 523 12 15 0.02088714 
863 221 8 11 0.020885127 
653 234 11 15 0.020857086 
535 389 11 14 0.020843305 
799 523 13 15 0.02084236 
121 599 22 30 0.02083636 
675 266 12 16 0.020810988 
958 461 12 14 0.020799726 
862 262 9 12 0.020766428 
586 318 21 27 0.020709872 
922 314 11 14 0.02068681 
857 320 11 14 0.020674035 
701 350 12 15 0.020643894 
300 598 15 21 0.020631796 
492 581 12 15 0.020624451 
157 534 11 15 0.020620681 
823 546 13 16 0.0206175 
844 620 15 20 0.02061188 
705 192 7 10 0.020609671 
202 524 15 17 0.020609299 
582 356 10 13 0.020563934 
468 515 24 29 0.020553567 
663 189 8 10 0.020552194 
726 199 9 12 0.02054451 
690 609 16 21 0.020520642 
586 537 21 27 0.02051535 
914 583 26 30 0.020491024 
696 460 12 15 0.02045223 
298 586 20 27 0.02043912 
887 198 7 10 0.020432303 
911 652 20 22 0.020427484 
860 654 17 20 0.020425308 
885 577 12 17 0.020419398 
646 593 17 22 0.020394132 
423 195 12 16 0.020391954 
1014 110 10 15 0.020390492 
720 206 9 11 0.020389872 
697 222 8 10 0.020359553 
631 207 9 11 0.020292478 
445 596 14 18 0.020288877 
711 197 7 10 0.020287806 
596 305 20 24 0.020236209 
900 625 27 33 0.020232663 
468 492 13 17 0.020213628 
620 570 13 18 0.020212594 
396 101 13 15 0.020198787 
222 589 22 26 0.020173397 
217 576 20 24 0.020133978 
902 239 9 11 0.020132972 
870 293 9 11 0.02008375 
695 482 13 16 0.02007042 
531 650 17 19 0.020068508 
910 238 8 10 0.020067217 
817 214 8 11 0.020052476 
677 532 14 18 0.020047853 
