2_Demonstration_Political_Rally_2_763
46
671 187 55 69 0.99868876 
437 197 48 64 0.9983537 
526 155 90 123 0.9983524 
800 246 70 96 0.9974509 
289 105 87 114 0.99602616 
741 218 47 56 0.9941888 
248 145 51 71 0.98843366 
486 223 52 76 0.9709508 
643 229 24 32 0.9234874 
503 188 71 101 0.35538983 
258 126 73 94 0.2915614 
147 126 34 42 0.21692622 
21 25 102 171 0.08600134 
135 106 12 16 0.06733846 
404 198 43 57 0.06291037 
94 84 10 13 0.058629822 
648 205 45 59 0.051755976 
1 19 195 225 0.049835768 
388 191 42 51 0.049319178 
234 101 7 11 0.045486342 
139 148 14 17 0.04465753 
127 180 59 67 0.043951645 
150 136 17 22 0.038590632 
634 213 41 58 0.036841504 
145 130 56 57 0.036164083 
117 94 9 12 0.03354875 
112 209 70 67 0.031004813 
175 93 9 12 0.030862667 
168 94 8 10 0.028956499 
87 70 9 12 0.028784113 
279 273 117 152 0.028758071 
409 133 45 60 0.028051173 
399 171 44 62 0.02704571 
865 136 103 137 0.026907876 
0 82 42 82 0.02413402 
87 136 109 128 0.024010494 
154 179 42 48 0.02365321 
755 339 19 22 0.023233626 
368 41 50 66 0.023036692 
433 135 35 50 0.021710621 
67 61 95 121 0.02157974 
140 134 25 32 0.021118479 
131 101 21 27 0.020615717 
548 25 59 77 0.020563236 
153 85 8 10 0.020494154 
180 138 24 30 0.020057052 
