2_Demonstration_Protesters_2_54
356
20 210 22 28 0.98393214 
333 65 15 20 0.98048866 
417 98 16 24 0.9751526 
520 68 15 20 0.9474772 
172 162 15 20 0.9466733 
296 86 13 16 0.92255306 
16 164 18 21 0.9029034 
312 144 17 20 0.88906497 
393 72 14 21 0.88664037 
600 142 17 21 0.8781411 
677 124 18 22 0.87478733 
225 165 17 21 0.86286 
149 209 21 25 0.7493464 
441 135 16 22 0.7242866 
525 139 17 20 0.722909 
810 107 14 17 0.69855225 
548 57 15 18 0.69444305 
686 161 16 18 0.6416015 
362 80 13 16 0.6162215 
74 101 10 13 0.5557266 
86 58 10 12 0.5137732 
871 138 15 19 0.45740625 
327 108 13 16 0.331987 
173 51 9 11 0.27167094 
409 266 24 29 0.2402633 
205 103 16 20 0.22953865 
142 169 15 19 0.2226891 
457 163 16 20 0.21042666 
132 123 10 14 0.19636118 
145 61 8 10 0.19621785 
398 271 16 19 0.19130163 
632 182 11 17 0.18925428 
807 112 13 17 0.18296231 
755 182 12 15 0.1758432 
101 84 11 15 0.16100511 
457 317 16 19 0.1605752 
429 225 14 17 0.14911069 
822 139 13 17 0.14251249 
525 148 17 22 0.13635811 
32 134 9 12 0.12531221 
145 55 10 12 0.11596182 
280 55 7 10 0.11331229 
94 78 13 16 0.11275328 
645 138 13 17 0.11235381 
620 164 15 18 0.11107206 
78 77 11 13 0.10900141 
543 91 11 14 0.10168057 
85 67 12 14 0.10129282 
371 149 11 14 0.09837285 
331 103 15 19 0.09794146 
444 332 14 17 0.09097524 
591 107 12 14 0.0880333 
430 138 15 19 0.08698056 
711 187 10 14 0.08415062 
348 104 12 17 0.081004806 
500 111 16 21 0.080731966 
671 15 12 16 0.07963112 
55 91 10 13 0.077088125 
342 331 11 16 0.07561038 
154 159 22 29 0.07367285 
661 108 15 20 0.07297485 
539 120 14 18 0.07168369 
108 86 10 14 0.071245976 
806 180 12 14 0.0712249 
279 60 8 11 0.06998978 
75 106 12 14 0.06780804 
781 141 9 13 0.06643567 
0 393 11 20 0.06531285 
329 62 13 19 0.064541824 
221 157 17 21 0.06130142 
947 51 13 16 0.06106135 
173 85 12 14 0.057619628 
151 61 8 11 0.057340167 
429 361 12 16 0.055634294 
59 299 11 18 0.055110447 
49 72 10 15 0.054198198 
82 56 10 12 0.05414001 
15 292 12 15 0.053474892 
192 123 10 14 0.053094335 
91 56 10 12 0.052756026 
345 227 22 29 0.052334286 
267 187 14 17 0.051597364 
666 114 20 25 0.050837297 
716 182 10 13 0.050706968 
307 240 17 20 0.050595418 
86 75 13 15 0.050045744 
166 156 16 23 0.049884625 
486 309 9 12 0.049650535 
347 329 14 20 0.04945014 
159 63 9 11 0.049314737 
178 158 14 19 0.047964897 
597 132 17 22 0.04785382 
866 125 24 28 0.0476939 
354 230 18 21 0.0474071 
565 177 12 17 0.04615141 
236 123 14 17 0.0460688 
418 178 15 17 0.045857888 
605 115 12 15 0.045069616 
272 123 10 15 0.044582043 
827 97 15 18 0.044169206 
333 230 21 28 0.043784216 
175 77 10 12 0.0436569 
378 56 16 19 0.04284101 
263 30 11 14 0.04228764 
628 16 389 481 0.041879788 
647 128 20 26 0.041782517 
260 86 11 14 0.04125098 
231 114 13 16 0.041221566 
71 96 18 22 0.040872186 
128 117 11 16 0.04053373 
540 140 13 17 0.04042834 
799 118 12 14 0.040280208 
477 333 11 14 0.039700598 
625 276 10 13 0.03940532 
13 101 9 12 0.039368223 
191 116 11 14 0.03928345 
47 54 8 11 0.03919948 
160 69 9 10 0.03911684 
261 179 15 18 0.03872718 
491 77 15 19 0.038460217 
265 69 8 10 0.038147073 
182 70 8 11 0.038088556 
206 96 13 15 0.0380187 
331 284 12 15 0.037978128 
0 118 10 16 0.037711337 
328 72 12 15 0.03757529 
122 211 15 22 0.03750494 
307 267 18 21 0.037495423 
605 130 21 26 0.037402365 
297 56 8 10 0.037313715 
469 281 13 17 0.037282296 
292 178 23 27 0.037123073 
76 198 17 21 0.036968466 
82 55 19 22 0.0366751 
430 145 22 28 0.03661885 
322 176 15 19 0.036533345 
538 144 20 26 0.036260586 
297 62 9 10 0.036146503 
495 309 9 11 0.03608214 
251 144 16 20 0.03591745 
340 105 12 17 0.035702527 
262 108 12 16 0.03550352 
332 145 15 20 0.035503127 
678 164 24 27 0.034905232 
355 304 15 19 0.034893792 
47 108 10 12 0.034890376 
287 29 8 11 0.034552533 
48 60 8 12 0.03430719 
450 132 14 21 0.034186773 
418 277 16 21 0.03417398 
517 310 9 12 0.03413784 
689 163 21 27 0.03409714 
144 69 8 10 0.034043442 
312 30 8 11 0.033666305 
303 36 10 13 0.03361365 
0 77 8 13 0.033597827 
839 210 11 16 0.033560794 
821 165 10 12 0.033219356 
95 188 10 15 0.033126336 
518 132 17 21 0.032847606 
401 73 15 21 0.03243205 
60 92 11 14 0.03218446 
279 78 11 14 0.03215481 
361 76 23 25 0.032073233 
244 122 14 17 0.032025944 
296 149 22 25 0.031795673 
309 134 16 20 0.031744897 
749 239 10 13 0.031627428 
7 101 10 12 0.03161049 
70 132 10 14 0.03158497 
557 85 15 20 0.031555895 
87 80 14 18 0.03155147 
31 128 10 13 0.03154343 
401 125 24 30 0.031262662 
728 237 10 12 0.031048749 
128 210 23 29 0.0309449 
752 175 10 13 0.030915884 
319 36 10 12 0.030663101 
873 122 17 20 0.03064487 
349 62 12 15 0.030641096 
52 77 9 12 0.030550387 
484 206 14 17 0.03051517 
321 107 12 15 0.030503677 
647 304 8 11 0.030415047 
466 321 13 16 0.03037342 
30 60 11 13 0.030341594 
318 89 12 16 0.030171668 
546 86 15 18 0.030127311 
842 199 25 34 0.030039987 
257 139 16 20 0.029956346 
336 331 11 16 0.029792866 
177 133 9 12 0.029746667 
368 62 23 28 0.029549051 
195 149 14 17 0.029235143 
595 102 13 15 0.029083146 
182 85 10 13 0.029073633 
46 127 10 12 0.028649861 
396 105 13 17 0.028561361 
540 132 14 17 0.028506873 
30 92 9 11 0.028302755 
651 146 14 17 0.028095413 
80 70 11 14 0.028094936 
15 95 8 11 0.028062621 
459 311 14 16 0.028029624 
424 139 13 19 0.028006326 
615 169 15 18 0.027964171 
798 124 11 14 0.027858334 
190 110 10 14 0.027649775 
23 92 10 11 0.027589388 
182 133 9 11 0.027569918 
273 62 8 11 0.027474998 
344 123 12 16 0.027372591 
280 154 22 27 0.027300471 
791 188 11 13 0.027262103 
1 110 8 13 0.027241832 
469 299 13 14 0.027105961 
550 358 9 11 0.027049216 
611 117 13 16 0.027006926 
319 76 12 15 0.027001904 
150 78 9 11 0.026982533 
613 122 14 18 0.02694699 
190 85 9 12 0.026926968 
134 130 10 13 0.026901904 
554 55 13 17 0.026859531 
820 99 15 17 0.026846621 
765 165 10 13 0.026802665 
256 81 9 12 0.026682314 
59 189 15 18 0.02660118 
710 194 12 16 0.026548574 
599 121 22 27 0.026464602 
381 75 22 26 0.026441338 
284 258 11 15 0.02643258 
789 132 10 13 0.026274668 
287 70 9 11 0.026187908 
165 70 10 11 0.026136873 
312 24 8 10 0.026126126 
661 124 21 27 0.025935134 
290 90 12 15 0.025902623 
433 125 22 29 0.025789762 
55 294 13 18 0.025779583 
404 137 23 30 0.025649915 
54 99 10 13 0.025636582 
17 124 9 12 0.025487553 
420 230 21 27 0.025476493 
543 351 8 11 0.025458604 
7 95 9 11 0.02529175 
495 324 9 12 0.025204955 
396 171 13 16 0.025131974 
151 70 9 10 0.025113868 
293 241 15 19 0.02503781 
783 172 12 14 0.024892274 
277 131 10 14 0.024884352 
340 154 16 19 0.024809787 
38 127 9 13 0.024696242 
648 287 8 11 0.024695748 
176 72 10 12 0.024615683 
496 276 10 12 0.024588516 
502 310 9 11 0.02451491 
414 173 14 18 0.024460817 
387 59 14 17 0.024412861 
110 131 11 14 0.024392905 
757 156 12 16 0.024376335 
176 126 9 12 0.024361806 
500 148 14 19 0.024297712 
460 135 17 22 0.02426748 
480 308 10 12 0.02418777 
536 91 14 17 0.024166247 
424 219 14 18 0.024046805 
28 84 11 14 0.023997128 
513 310 9 13 0.023945145 
199 84 10 12 0.02390621 
337 218 22 31 0.023704547 
21 74 12 15 0.02369047 
608 294 9 11 0.02368192 
265 63 8 10 0.023605667 
512 74 12 16 0.023481378 
25 132 9 13 0.023440747 
534 275 9 12 0.023350157 
671 126 16 20 0.023340832 
135 75 10 12 0.023278607 
487 291 10 13 0.023277283 
302 56 9 10 0.023177637 
471 366 10 14 0.023129804 
50 348 14 19 0.023104504 
342 92 12 15 0.02307917 
493 173 11 14 0.02296385 
267 34 13 15 0.022939805 
182 77 8 11 0.022829194 
512 316 9 11 0.02282138 
413 160 13 18 0.022817118 
22 125 10 12 0.022780392 
260 101 13 16 0.02277997 
785 136 8 11 0.022752877 
426 265 15 20 0.022606356 
358 71 13 17 0.022469288 
200 101 13 15 0.022450643 
168 76 10 12 0.022412457 
320 60 10 14 0.02222882 
270 70 8 10 0.02222232 
0 83 9 14 0.022221666 
421 252 13 17 0.022207845 
600 294 9 11 0.022110257 
411 74 16 20 0.022011932 
799 108 13 17 0.0220115 
323 106 20 25 0.021957448 
285 62 8 10 0.021956207 
269 117 11 15 0.021878332 
14 107 11 14 0.021860896 
135 168 16 21 0.02183105 
607 301 9 11 0.021828465 
5 108 11 14 0.021816557 
168 85 11 13 0.021734454 
38 93 9 11 0.021697884 
228 156 21 26 0.02166825 
437 117 13 15 0.021614172 
354 215 16 22 0.021587044 
817 135 22 27 0.021457186 
807 185 12 15 0.021402108 
279 252 13 18 0.021374382 
16 133 9 12 0.021349221 
678 300 8 12 0.021330558 
632 301 11 13 0.021306653 
853 106 13 15 0.021299008 
681 118 15 19 0.021278942 
613 293 9 11 0.021263577 
60 227 12 15 0.021225542 
259 233 14 17 0.021205923 
286 124 13 16 0.021198858 
150 48 9 13 0.021197539 
463 300 10 12 0.021179358 
232 244 11 13 0.02107806 
181 157 22 28 0.02107571 
13 199 35 46 0.02101866 
303 106 11 15 0.021011788 
937 47 25 31 0.020776056 
275 55 8 10 0.020721868 
399 275 29 34 0.020708727 
196 115 12 17 0.020701801 
150 85 10 11 0.020678243 
678 156 14 18 0.020587213 
182 63 8 11 0.020554027 
156 131 12 14 0.020550197 
4 121 10 14 0.02049524 
251 123 12 16 0.020491512 
93 89 14 17 0.02044607 
405 172 11 15 0.020373078 
189 92 10 13 0.020355342 
554 64 13 18 0.020324992 
159 55 10 12 0.020255618 
0 93 9 12 0.020231823 
280 69 10 12 0.02023171 
28 77 10 12 0.020174267 
406 154 15 21 0.02015625 
126 142 10 12 0.020132037 
778 146 11 15 0.020102005 
0 103 9 12 0.020007357 
