2_Demonstration_Political_Rally_2_741
82
577 482 40 54 0.9868526 
738 476 15 21 0.558967 
201 474 31 37 0.54845023 
123 500 28 49 0.537864 
78 492 39 53 0.16024542 
869 496 51 59 0.13964744 
879 459 28 35 0.13554034 
758 450 13 17 0.122076206 
732 451 11 16 0.12143041 
752 445 11 14 0.10034666 
767 474 13 20 0.098697126 
703 451 12 17 0.07687678 
725 447 13 20 0.06465316 
672 433 11 16 0.06192018 
107 511 31 40 0.06057211 
952 506 39 47 0.060033754 
830 455 10 12 0.057554573 
891 462 17 19 0.0559925 
788 485 24 28 0.054964367 
837 483 12 17 0.052314788 
796 496 15 19 0.04885902 
857 468 84 107 0.048704732 
102 614 22 30 0.04784692 
66 474 43 60 0.0477409 
718 447 14 20 0.046867233 
656 437 11 13 0.046240762 
949 550 28 35 0.045894124 
811 650 17 21 0.045470465 
745 480 15 19 0.044602554 
781 440 16 20 0.043556254 
862 461 30 36 0.04353201 
725 475 16 21 0.043132365 
811 442 15 18 0.041736025 
830 481 12 16 0.040596765 
739 452 12 16 0.038410302 
774 470 23 29 0.03690147 
821 459 13 15 0.035915196 
908 499 45 55 0.035496015 
758 480 14 18 0.03523367 
946 523 40 48 0.034020763 
773 469 14 19 0.0333037 
727 450 20 27 0.032797948 
209 467 41 47 0.032448635 
805 553 50 74 0.031976283 
89 506 38 48 0.03167082 
884 522 30 39 0.031560548 
22 781 64 98 0.031483725 
860 431 15 17 0.030470148 
285 430 71 63 0.030469133 
714 437 18 21 0.030239424 
568 413 51 52 0.030041533 
835 453 11 13 0.029040523 
236 406 49 57 0.029020013 
263 410 50 58 0.028681383 
571 451 50 62 0.02766807 
734 470 14 21 0.026991664 
756 448 22 28 0.026907071 
895 437 11 15 0.026072998 
780 464 16 20 0.02585731 
692 467 14 19 0.025792973 
784 529 85 115 0.025141206 
491 744 32 53 0.02442735 
88 526 30 35 0.02359324 
709 454 15 18 0.023458106 
103 752 89 117 0.022887943 
783 487 13 19 0.02285595 
948 453 11 13 0.022755465 
788 417 191 225 0.021800352 
209 113 196 274 0.021523032 
692 425 13 16 0.021199524 
724 438 13 19 0.02108648 
962 550 25 33 0.020874672 
932 485 52 58 0.020873317 
352 452 11 14 0.0207679 
824 468 21 29 0.02071561 
52 121 390 549 0.020345066 
886 508 48 58 0.020339118 
758 549 24 38 0.020332694 
1 687 11 19 0.020261718 
819 460 22 28 0.020171553 
207 410 51 57 0.02011253 
639 438 11 14 0.02001821 
