2_Demonstration_Protesters_2_1033
42
314 202 53 73 0.99757475 
108 46 88 111 0.9965552 
416 315 28 36 0.97571886 
357 267 33 43 0.89838135 
494 343 26 37 0.79103416 
271 401 52 56 0.19770746 
548 418 10 12 0.17546578 
427 402 18 22 0.16615905 
835 422 11 15 0.147289 
513 91 426 530 0.10026971 
808 429 8 12 0.07498891 
800 465 9 12 0.055005364 
101 342 61 67 0.054676145 
784 429 8 11 0.048019536 
561 428 11 13 0.044694487 
50 361 83 77 0.04378575 
482 368 17 21 0.040578693 
0 346 136 123 0.03865098 
815 455 10 13 0.03704705 
559 423 9 13 0.03440719 
14 317 171 210 0.034226295 
134 341 59 74 0.03332119 
68 46 15 19 0.032626417 
202 465 40 48 0.03198436 
644 182 16 20 0.029912403 
801 429 9 12 0.028949335 
485 352 25 31 0.028034274 
355 556 17 19 0.027031878 
421 309 41 52 0.026258105 
812 429 10 13 0.026151782 
854 423 13 18 0.02534959 
238 373 91 109 0.023711344 
485 255 47 61 0.023528876 
193 391 97 120 0.023114031 
861 444 13 16 0.022728987 
399 469 93 109 0.022635562 
162 339 59 78 0.022072967 
789 428 10 12 0.021981258 
0 25 93 128 0.021541212 
804 462 11 14 0.021075105 
120 247 59 66 0.020551013 
368 269 47 56 0.020456385 
