2_Demonstration_Protesters_2_748
34
299 233 22 30 0.98497677 
747 248 23 31 0.9774574 
125 194 23 29 0.44517982 
427 175 61 81 0.2674213 
450 155 51 74 0.19688623 
617 178 95 142 0.1916894 
795 266 119 167 0.11512915 
581 122 167 250 0.10896796 
403 187 91 111 0.10519946 
624 476 67 78 0.089899674 
130 265 17 21 0.057836507 
800 179 185 274 0.05581236 
490 23 387 490 0.051934116 
745 245 36 50 0.045247365 
702 162 190 238 0.04321224 
510 263 28 31 0.032611217 
11 233 15 20 0.031626567 
854 274 90 136 0.031235918 
114 279 24 27 0.030244948 
440 221 32 42 0.030036246 
908 325 10 12 0.029880501 
122 268 22 26 0.02966374 
498 268 40 48 0.029387843 
470 158 32 48 0.028320162 
370 221 93 114 0.027003257 
826 298 68 95 0.025929088 
158 262 13 17 0.024971072 
971 388 48 76 0.023601953 
206 271 11 15 0.023076275 
325 192 14 20 0.022603892 
259 293 14 19 0.021788813 
321 185 24 33 0.021662712 
442 179 38 49 0.020389782 
399 219 32 35 0.02022513 
