2_Demonstration_Demonstrators_2_195
63
322 189 59 82 0.9985758 
686 70 107 120 0.99334645 
281 218 32 49 0.94802773 
389 189 68 102 0.94457096 
50 223 17 20 0.37072492 
162 256 75 74 0.2842895 
223 140 57 83 0.22937827 
353 400 164 245 0.19404 
520 16 18 22 0.1558103 
922 243 51 77 0.14798248 
991 41 23 30 0.13250422 
254 140 49 72 0.12730476 
73 267 12 14 0.10931527 
217 176 59 84 0.10027406 
731 100 100 125 0.086783744 
396 156 14 17 0.08515697 
43 225 26 32 0.07496731 
602 69 19 23 0.071640596 
526 123 15 19 0.069507845 
467 166 34 45 0.068615034 
787 151 63 76 0.06376402 
918 218 79 126 0.062273823 
152 219 108 134 0.059118103 
428 458 114 157 0.058130886 
250 347 316 404 0.056062218 
851 20 31 39 0.051680755 
889 43 25 33 0.05078925 
278 147 41 57 0.04954828 
529 533 121 174 0.04877244 
246 211 49 69 0.04482489 
461 5 47 55 0.041190583 
924 164 53 78 0.040377963 
967 25 14 17 0.040323928 
189 195 88 119 0.035774007 
123 593 169 188 0.034082964 
292 218 16 24 0.033342823 
57 220 14 18 0.03306728 
506 149 23 33 0.03124905 
861 40 95 138 0.030432515 
10 357 13 20 0.029867772 
851 121 54 81 0.029209606 
865 173 25 29 0.028527917 
312 38 25 31 0.028452834 
474 490 112 156 0.027688337 
628 112 13 17 0.026832238 
901 56 52 71 0.026823018 
763 129 103 128 0.026608672 
693 116 35 41 0.025716312 
241 346 63 56 0.02563953 
604 206 370 523 0.025220627 
520 5 18 19 0.024976052 
603 244 12 14 0.024662228 
832 85 95 126 0.02415702 
407 167 85 117 0.023606814 
930 183 64 99 0.02344061 
202 274 34 35 0.022073286 
882 43 50 69 0.021645216 
940 19 15 16 0.021346316 
10 279 49 81 0.021334898 
37 234 30 38 0.021246413 
920 72 26 36 0.020741588 
11 259 14 19 0.020483397 
252 250 14 21 0.020161157 
