2_Demonstration_Demonstration_Or_Protest_2_450
210
185 264 56 90 0.98815 
290 350 23 29 0.9225535 
582 271 30 60 0.91408724 
813 358 10 13 0.31769168 
908 329 11 15 0.3115412 
854 357 11 14 0.29591963 
456 372 50 52 0.22667263 
130 612 153 269 0.21186519 
813 380 13 17 0.21007453 
958 340 10 13 0.20881784 
983 341 10 13 0.1943419 
433 335 31 42 0.1802513 
862 357 11 14 0.18004274 
726 324 14 23 0.16388638 
956 335 11 12 0.13955729 
814 370 14 18 0.13756043 
399 312 22 37 0.12793249 
869 350 12 14 0.123852946 
899 346 11 14 0.11429581 
812 361 14 18 0.10990116 
580 280 54 72 0.109202355 
1012 358 10 14 0.108343124 
952 484 11 14 0.09722257 
991 358 10 12 0.09294749 
773 322 13 21 0.086680055 
628 429 124 143 0.08636718 
863 350 11 15 0.08514606 
876 372 14 17 0.08406888 
976 420 10 14 0.07560287 
624 263 41 61 0.07244131 
963 341 10 12 0.070395015 
836 356 11 14 0.06991883 
716 330 27 36 0.069551975 
887 419 13 16 0.067766115 
30 382 10 13 0.06704242 
929 379 13 19 0.06421974 
31 388 12 16 0.060921907 
959 345 11 14 0.05991362 
0 400 12 18 0.059683677 
759 340 11 13 0.059679095 
22 379 10 13 0.058960784 
432 407 49 62 0.05894089 
953 338 11 14 0.058358993 
394 304 22 32 0.05798382 
453 398 52 64 0.05788146 
992 190 10 12 0.057607137 
439 339 50 53 0.05647265 
808 362 12 14 0.054475676 
780 323 12 17 0.05332918 
327 355 24 32 0.05320844 
494 332 28 34 0.053100254 
1007 397 11 14 0.05177682 
924 424 16 19 0.051106513 
420 418 37 44 0.049395323 
965 334 10 12 0.048997816 
165 292 67 86 0.048828643 
419 313 41 48 0.047355656 
749 332 12 16 0.046334486 
1000 343 9 12 0.04612533 
757 333 12 16 0.046071924 
730 317 15 23 0.045520656 
799 333 8 12 0.04541874 
949 362 12 16 0.04497899 
47 383 13 15 0.044835255 
988 341 10 12 0.044803392 
957 327 11 13 0.04469417 
999 351 9 11 0.043400154 
839 379 14 16 0.0433051 
385 356 341 474 0.04303664 
998 356 10 14 0.04202847 
790 345 15 21 0.041155934 
43 379 22 28 0.040854797 
758 315 11 15 0.040838525 
716 316 20 30 0.04017192 
487 565 11 19 0.039859295 
990 363 12 14 0.039561406 
926 323 14 17 0.039152652 
340 337 13 16 0.03902335 
409 317 30 40 0.038932335 
1006 426 14 17 0.038699444 
902 320 11 15 0.03835529 
818 365 14 17 0.037362672 
31 374 225 286 0.036707036 
767 330 12 17 0.036345538 
965 347 9 12 0.036156654 
807 353 11 14 0.035716537 
838 363 10 13 0.03568948 
418 631 31 51 0.035119787 
950 380 11 16 0.03437868 
796 353 12 17 0.034153253 
790 331 11 14 0.03384031 
976 311 9 10 0.03360635 
854 343 11 13 0.03358033 
576 313 60 79 0.033198588 
606 269 41 65 0.032965742 
831 348 13 15 0.03288296 
764 339 10 14 0.032732707 
870 377 14 17 0.032627724 
789 326 10 14 0.032529943 
358 370 203 250 0.03246197 
893 341 20 25 0.03188441 
322 375 17 21 0.030951386 
324 331 11 14 0.030899845 
766 317 12 17 0.03081245 
338 346 16 23 0.030762257 
958 381 12 17 0.030563677 
430 403 102 147 0.030481061 
759 346 11 14 0.03046323 
987 468 14 17 0.030457597 
287 347 40 45 0.030289523 
499 335 17 21 0.03020967 
500 432 17 22 0.029869098 
468 355 53 53 0.029830242 
14 421 12 16 0.02974222 
446 603 13 17 0.02960537 
933 325 10 14 0.029493533 
496 433 27 35 0.029445102 
459 305 16 22 0.029331896 
965 528 16 19 0.029278092 
348 491 14 23 0.029143754 
32 382 21 27 0.028899483 
685 293 28 37 0.02876541 
829 342 12 14 0.028617855 
796 340 11 15 0.02856278 
913 330 14 17 0.028024796 
438 11 429 488 0.027896063 
830 333 9 11 0.027845532 
830 326 10 11 0.027400255 
715 315 13 21 0.027114484 
88 491 303 446 0.027056547 
867 362 13 15 0.026942238 
926 317 12 15 0.026723597 
848 362 11 14 0.026600404 
978 341 9 13 0.0265589 
942 332 12 15 0.026186194 
798 434 11 15 0.026092498 
895 322 12 15 0.02575673 
775 487 28 40 0.025690261 
965 435 11 14 0.025682783 
885 310 11 13 0.025568038 
991 350 9 11 0.02554051 
964 382 10 14 0.025532829 
808 385 13 16 0.0253227 
298 360 85 119 0.025320373 
965 325 10 14 0.025290737 
818 357 13 16 0.025280282 
321 366 26 34 0.02520741 
952 327 11 14 0.025072834 
910 363 14 17 0.025069132 
312 357 25 30 0.024695748 
927 374 12 17 0.024596436 
990 183 10 12 0.024468463 
729 335 15 22 0.024107588 
369 303 17 24 0.023998596 
973 243 12 15 0.023728829 
655 265 42 58 0.02365239 
1006 322 10 14 0.023509149 
968 244 11 14 0.023436287 
807 332 9 13 0.023431616 
923 447 18 21 0.023089303 
461 484 13 17 0.023027869 
951 348 11 14 0.022979403 
855 310 8 11 0.022950932 
826 341 9 12 0.022888005 
439 301 27 31 0.02285903 
941 413 12 15 0.02280772 
824 326 9 11 0.022807434 
517 355 13 17 0.022713779 
715 308 13 18 0.02270603 
982 223 12 14 0.022693856 
974 228 11 12 0.022689218 
818 379 11 14 0.022680204 
849 350 12 16 0.022674205 
969 229 9 11 0.022516409 
399 213 12 15 0.022474166 
437 318 28 34 0.022242881 
321 326 11 14 0.022197627 
38 382 11 14 0.022147818 
984 197 9 11 0.022124784 
996 189 11 15 0.022103986 
862 326 9 12 0.022037154 
409 426 59 70 0.021977928 
158 705 71 97 0.02194932 
309 340 14 17 0.02178474 
877 342 11 15 0.021778489 
907 320 13 16 0.021746924 
757 323 13 17 0.02166118 
800 319 8 10 0.021492498 
883 377 13 17 0.021431308 
874 347 12 16 0.021399751 
799 327 9 11 0.02132329 
578 337 33 41 0.021232925 
955 428 15 16 0.021228975 
956 364 11 15 0.021135274 
446 370 40 41 0.021109993 
20 383 124 192 0.020969778 
860 276 10 14 0.02076857 
895 332 13 16 0.020744381 
845 374 12 15 0.020506892 
497 312 100 104 0.020497993 
838 385 15 18 0.020439653 
30 377 9 12 0.020391556 
215 897 48 55 0.020305892 
869 405 12 14 0.020267028 
732 322 39 47 0.020183045 
1014 379 10 15 0.02013336 
472 427 36 46 0.020132897 
975 334 10 14 0.020123212 
851 349 19 23 0.020098535 
986 514 16 21 0.020018917 
