2_Demonstration_Protesters_2_912
377
835 327 28 34 0.9950198 
879 333 24 31 0.9893477 
144 432 25 33 0.98383707 
42 348 14 19 0.97139996 
997 350 22 30 0.94936985 
719 279 28 39 0.9306223 
252 339 17 20 0.8632605 
480 310 24 31 0.84836197 
935 337 22 27 0.82109463 
168 363 17 21 0.8176234 
525 317 14 19 0.77153456 
648 348 12 16 0.66661537 
950 309 12 15 0.6023615 
756 355 12 17 0.5859584 
787 335 16 20 0.5470725 
548 315 16 20 0.53408957 
349 348 20 25 0.48684427 
842 378 15 19 0.46875423 
618 323 13 17 0.4606258 
405 480 14 22 0.44617364 
368 325 12 15 0.3891203 
513 338 17 24 0.35774833 
327 408 13 20 0.35531348 
597 320 22 30 0.341685 
803 296 24 28 0.32337165 
64 349 11 14 0.2745749 
512 308 9 14 0.24041875 
919 341 11 16 0.23958972 
608 319 20 25 0.2391414 
325 342 11 15 0.23035087 
653 326 12 16 0.22450265 
192 338 11 15 0.22297414 
266 393 19 31 0.21042155 
292 317 12 15 0.20886226 
439 314 10 14 0.208477 
113 368 23 26 0.20344019 
395 308 8 12 0.2011289 
300 345 14 18 0.18926673 
288 316 11 14 0.18203071 
463 315 22 30 0.17948146 
391 302 9 12 0.16598956 
780 343 20 27 0.15221632 
648 332 14 17 0.15156011 
573 295 10 13 0.13922088 
811 283 12 14 0.12802811 
526 293 11 14 0.12309643 
335 332 11 12 0.12296167 
340 331 11 13 0.122672155 
637 323 10 13 0.121924184 
903 298 25 33 0.11917689 
654 318 12 14 0.1187146 
715 366 14 17 0.115507714 
231 372 24 33 0.113463335 
260 396 16 25 0.11302848 
645 337 19 24 0.102782644 
683 312 14 16 0.10226262 
900 319 14 18 0.10169012 
295 309 11 14 0.10048142 
644 549 15 20 0.095178455 
946 305 20 25 0.09467384 
366 321 19 24 0.093800336 
204 346 14 18 0.09316153 
329 300 9 12 0.09085812 
495 280 8 10 0.09064519 
642 530 16 20 0.08690794 
943 307 15 17 0.07984907 
274 398 21 30 0.07925226 
268 317 11 14 0.07901184 
392 269 8 11 0.07642222 
385 301 8 12 0.074698165 
709 282 23 32 0.07322414 
375 308 8 11 0.07071282 
516 335 12 17 0.07024294 
393 316 8 11 0.06933303 
661 318 10 13 0.069183 
388 285 10 12 0.06885818 
444 308 11 16 0.06878335 
383 278 9 11 0.06864592 
346 302 8 12 0.06590899 
374 321 11 14 0.0655358 
388 293 11 15 0.06546724 
327 336 11 13 0.0629449 
360 302 8 11 0.06213496 
177 362 14 18 0.062085535 
923 336 19 26 0.061870314 
283 406 16 23 0.06123204 
897 307 22 28 0.060299564 
454 320 23 30 0.06008642 
410 316 10 13 0.05998147 
417 303 9 11 0.059358757 
179 524 15 16 0.059130084 
489 279 8 11 0.058534257 
198 344 14 18 0.057194773 
515 308 13 16 0.057147577 
659 323 12 16 0.055931687 
351 307 9 12 0.055544816 
809 293 17 19 0.055353995 
709 289 14 20 0.05487585 
621 293 10 14 0.052411478 
660 363 14 18 0.052182823 
181 356 12 16 0.05180742 
304 293 9 11 0.05136619 
542 319 15 18 0.051339943 
280 315 11 14 0.051025745 
200 355 12 16 0.050778218 
796 320 15 18 0.05038 
790 338 20 29 0.049938653 
811 323 14 19 0.049818605 
239 388 24 31 0.049410686 
792 529 14 19 0.0493659 
775 331 11 13 0.04923383 
302 307 9 12 0.04892817 
631 337 10 15 0.047466204 
542 281 11 14 0.047424387 
360 319 10 12 0.047378372 
556 310 14 19 0.047344383 
312 307 9 12 0.04698848 
382 325 10 13 0.04676603 
422 308 8 12 0.046489198 
531 294 11 14 0.045887124 
412 325 10 12 0.04575721 
889 425 14 18 0.045711637 
723 276 18 21 0.04550574 
516 302 12 15 0.045403916 
390 278 9 12 0.045317184 
269 334 12 16 0.04508957 
391 264 8 10 0.043914385 
357 366 14 18 0.043730434 
288 301 8 11 0.043617383 
848 385 16 19 0.04290567 
520 321 13 17 0.04273466 
307 353 12 16 0.04221666 
330 340 21 28 0.04199331 
661 330 11 15 0.04180564 
366 303 9 12 0.04133177 
414 310 10 12 0.040676184 
549 324 16 21 0.040572204 
509 313 12 15 0.0403043 
416 296 8 10 0.040265437 
567 299 11 13 0.039802693 
481 280 8 10 0.039405286 
362 323 11 14 0.03932873 
871 389 13 17 0.039194666 
640 347 22 26 0.03900744 
376 492 16 19 0.038962796 
50 348 12 17 0.03871699 
367 477 10 13 0.038674913 
689 314 14 16 0.038262006 
937 260 10 14 0.03819164 
512 272 9 11 0.03812158 
310 293 9 10 0.037953462 
617 300 9 13 0.037546836 
630 324 11 15 0.037502915 
802 345 15 19 0.03728991 
286 276 11 13 0.037278034 
433 292 10 12 0.03709845 
974 309 11 15 0.037011057 
183 349 13 17 0.03699769 
798 299 15 20 0.036996122 
295 303 10 12 0.036798745 
328 293 11 14 0.03676782 
239 331 10 13 0.036608923 
917 392 12 16 0.036254227 
500 315 10 15 0.036242668 
510 287 9 12 0.036163013 
230 386 22 30 0.036009245 
184 339 13 15 0.035825692 
502 286 10 12 0.0355222 
342 319 10 12 0.035498254 
130 371 13 19 0.03541547 
476 360 16 20 0.035398304 
396 303 9 12 0.035139576 
122 366 16 19 0.035097983 
520 291 11 15 0.034743503 
550 277 11 14 0.034670286 
291 403 15 20 0.03459622 
518 287 10 13 0.034569312 
574 317 18 27 0.034477603 
653 327 20 24 0.034293473 
518 271 9 11 0.03423034 
995 397 26 31 0.034193426 
335 311 8 11 0.034155037 
189 363 13 17 0.03375874 
551 283 10 13 0.033613574 
565 320 13 18 0.03354805 
858 298 17 20 0.033474024 
342 347 16 22 0.033376236 
633 318 11 14 0.033289574 
829 334 24 32 0.033196766 
188 355 12 16 0.03316541 
321 345 12 17 0.033041317 
232 399 12 18 0.03291159 
379 277 9 12 0.032830894 
693 283 11 14 0.032737523 
608 276 9 12 0.032721262 
397 271 9 10 0.032697722 
527 275 10 12 0.03252478 
217 388 20 28 0.032105677 
802 316 22 26 0.032071754 
777 346 14 19 0.031845357 
5 641 13 18 0.031834826 
189 345 13 17 0.031555902 
669 316 13 16 0.031545512 
413 462 10 14 0.031372406 
299 316 10 14 0.031296033 
342 368 12 15 0.031129265 
511 277 9 11 0.030947547 
536 275 11 14 0.030847104 
388 339 14 17 0.030846996 
437 287 10 12 0.030797716 
870 308 10 14 0.030758308 
382 308 9 11 0.030615112 
668 309 13 15 0.030531764 
674 311 22 26 0.030527525 
337 316 10 11 0.030304711 
349 341 13 17 0.030097108 
587 320 18 24 0.03007562 
197 348 20 26 0.030021077 
198 362 13 15 0.029732369 
591 271 8 10 0.029630058 
592 286 9 11 0.02948773 
730 229 22 26 0.029383484 
344 308 10 12 0.029277423 
707 365 24 30 0.029230652 
862 322 13 17 0.02913203 
646 288 12 16 0.02912084 
280 285 11 13 0.029006349 
559 301 11 13 0.028772281 
598 302 13 15 0.028620398 
408 279 7 10 0.02858211 
559 295 9 12 0.02844082 
680 294 11 13 0.028383154 
580 294 10 14 0.028274175 
651 508 13 17 0.02826712 
360 297 7 9 0.028169893 
894 406 13 16 0.028029237 
279 426 14 18 0.027998693 
350 297 8 10 0.027943233 
368 308 9 11 0.02793196 
349 365 14 18 0.027918426 
433 316 10 12 0.027864194 
653 286 11 14 0.027863985 
749 353 21 26 0.027754901 
339 432 13 19 0.02759466 
519 277 8 10 0.027384272 
638 313 10 12 0.027336257 
967 392 25 29 0.02717448 
392 456 11 14 0.027094765 
412 331 12 15 0.027063264 
888 337 25 30 0.027025858 
992 336 35 48 0.026983758 
306 342 12 17 0.026960505 
389 326 12 15 0.026935667 
359 308 8 12 0.02691577 
288 270 10 12 0.026906159 
759 346 21 28 0.02682509 
869 314 13 17 0.026682483 
478 284 10 12 0.02668057 
628 508 13 16 0.026666323 
401 488 12 17 0.026324036 
109 364 36 43 0.026183331 
319 292 9 12 0.026084766 
259 335 12 16 0.0260518 
324 535 10 14 0.02598665 
246 376 25 33 0.025814993 
612 346 13 16 0.025635399 
299 403 13 18 0.025538286 
649 358 23 27 0.025488235 
463 316 13 20 0.025467977 
582 285 9 11 0.025385087 
213 392 15 20 0.025306895 
318 301 9 12 0.025197897 
557 284 8 12 0.02497037 
267 381 13 19 0.0249527 
291 307 19 23 0.024794811 
637 330 19 25 0.024694538 
397 315 9 12 0.024552213 
416 263 7 10 0.024543846 
448 299 11 16 0.024542863 
531 311 13 16 0.02432577 
407 293 9 10 0.024319643 
384 271 10 12 0.02418116 
981 395 29 34 0.024175923 
347 334 12 15 0.024122613 
172 516 24 27 0.024091763 
587 313 39 44 0.024064261 
599 292 11 14 0.023960205 
607 262 8 10 0.023806037 
557 279 9 12 0.023767626 
614 272 8 11 0.023661783 
328 286 10 12 0.023497624 
303 388 13 16 0.02342796 
600 277 9 11 0.023401089 
379 486 13 16 0.023323022 
323 332 21 25 0.02327542 
661 358 11 14 0.023240214 
936 306 13 17 0.02319606 
311 362 11 16 0.023187218 
398 292 8 12 0.023178197 
319 334 11 14 0.023149982 
597 287 10 12 0.023116082 
390 372 13 16 0.023105048 
575 285 10 12 0.023046162 
341 338 13 18 0.022943085 
661 347 12 15 0.022846395 
954 339 13 19 0.02283266 
601 263 7 9 0.022832617 
596 307 16 21 0.022723265 
945 336 21 28 0.022594916 
355 342 13 17 0.022577325 
375 460 10 12 0.022569805 
351 318 10 12 0.022481462 
803 276 23 26 0.022434413 
399 517 13 16 0.022426728 
789 324 21 27 0.022414956 
416 279 7 10 0.0224046 
382 318 9 12 0.022302845 
371 336 13 17 0.022275247 
792 278 10 13 0.022238763 
582 365 11 14 0.022157092 
805 327 16 20 0.02207624 
503 310 11 15 0.022071587 
285 283 10 13 0.022062244 
437 337 13 19 0.022007292 
946 334 15 18 0.02200642 
574 271 9 12 0.022005556 
664 310 10 14 0.021961259 
1010 408 13 18 0.021951776 
359 279 10 11 0.021888424 
552 293 10 12 0.021846505 
316 308 9 12 0.021819182 
776 339 13 17 0.021731185 
669 303 12 14 0.021700744 
438 309 21 27 0.021699717 
351 478 10 14 0.021674193 
376 319 20 28 0.021639789 
797 279 12 15 0.021596411 
645 513 14 17 0.021593023 
360 286 9 11 0.021554258 
431 539 11 14 0.021506976 
320 344 23 31 0.021505136 
357 326 22 28 0.0214919 
592 278 7 10 0.021406382 
662 293 9 12 0.021403046 
575 277 11 13 0.02132961 
632 526 22 27 0.021285333 
679 300 11 13 0.021278406 
687 284 12 14 0.021218782 
344 296 8 11 0.021207506 
81 122 58 76 0.02120264 
622 287 10 13 0.021199012 
300 336 11 15 0.02114314 
507 578 15 21 0.021121988 
997 375 28 40 0.021089867 
805 333 22 29 0.020938206 
381 408 12 14 0.02083406 
927 292 11 15 0.020828227 
909 346 15 18 0.02079438 
565 309 11 16 0.020785956 
468 336 14 20 0.020770315 
410 486 13 18 0.020644028 
455 323 14 19 0.020594757 
476 347 11 14 0.020544834 
287 338 12 15 0.020448588 
388 288 20 27 0.02043628 
959 379 24 31 0.020327125 
360 352 14 21 0.020313507 
605 362 12 15 0.02029742 
457 272 8 10 0.020233873 
592 293 10 12 0.020206748 
407 287 8 10 0.020169267 
205 330 15 18 0.02013428 
568 284 9 12 0.02010979 
218 432 26 37 0.020100757 
310 476 15 17 0.020059066 
294 340 14 19 0.020023502 
189 261 96 120 0.02001792 
