2_Demonstration_Demonstrators_2_546
199
944 168 25 37 0.9886121 
322 198 27 37 0.79981893 
802 200 27 34 0.7639302 
477 170 14 21 0.48369902 
891 152 14 18 0.34725937 
222 160 22 27 0.33678788 
987 153 11 16 0.31914875 
380 187 15 20 0.26633292 
357 134 13 17 0.2541455 
816 155 22 29 0.24948359 
604 152 24 32 0.22556593 
199 197 12 16 0.20953321 
148 187 14 19 0.20810775 
690 129 16 18 0.19479829 
326 133 11 14 0.17614266 
887 140 11 13 0.15751033 
433 183 15 23 0.1522459 
444 149 15 16 0.14622793 
304 226 12 17 0.13840207 
314 209 26 31 0.13571319 
250 135 23 31 0.13425732 
948 148 9 13 0.12304708 
493 172 14 20 0.117863685 
109 272 24 30 0.10971601 
986 161 13 19 0.106381886 
676 131 13 17 0.102532744 
387 130 15 19 0.09989872 
227 154 16 21 0.09678255 
841 178 14 17 0.092084594 
440 151 25 29 0.091200836 
282 172 15 21 0.09034689 
174 210 12 19 0.08234329 
164 203 11 16 0.08092975 
897 218 12 17 0.07928272 
416 161 12 16 0.07660566 
943 153 11 16 0.075558156 
821 152 12 17 0.074708976 
351 131 13 17 0.07386188 
854 196 15 18 0.07221219 
461 222 13 19 0.07177292 
421 158 11 15 0.06977168 
414 140 11 16 0.068741664 
108 279 14 19 0.068361476 
331 132 11 13 0.06810657 
347 132 22 27 0.06787716 
154 185 14 20 0.067524545 
325 139 14 17 0.06310469 
420 131 12 17 0.06205148 
308 221 15 21 0.060641393 
913 249 15 18 0.057802975 
435 172 25 35 0.057787273 
887 147 15 19 0.057617914 
145 192 12 17 0.054440074 
131 133 230 275 0.05357495 
672 155 23 30 0.05308745 
170 187 22 33 0.052899305 
674 125 11 16 0.05183076 
661 170 12 17 0.05178193 
999 180 12 16 0.05178084 
275 164 12 14 0.05119922 
395 131 11 17 0.051159844 
448 221 13 18 0.05038988 
814 203 20 24 0.0495596 
568 108 11 16 0.0486047 
530 158 15 19 0.04856322 
680 130 23 26 0.048542075 
158 196 13 17 0.04485357 
819 165 25 32 0.044406455 
750 139 24 29 0.0436744 
341 140 14 18 0.04280955 
838 183 15 20 0.041796025 
331 140 14 18 0.041766904 
214 153 24 28 0.041669283 
191 190 21 27 0.04018198 
481 167 15 18 0.039802454 
186 186 13 19 0.03921491 
9 335 203 284 0.037811533 
963 216 49 74 0.037730843 
974 156 13 16 0.03719349 
941 151 23 33 0.036954686 
876 180 15 19 0.03663911 
121 275 24 30 0.036538307 
708 186 64 84 0.036439087 
259 141 13 19 0.036296185 
440 153 14 16 0.036198657 
223 196 11 16 0.035878565 
997 156 12 16 0.03552873 
900 224 13 19 0.035398662 
519 180 12 16 0.03475952 
877 155 13 16 0.034450527 
310 183 48 58 0.0342917 
616 440 26 35 0.03426452 
931 265 13 17 0.03425831 
774 165 12 16 0.034146033 
131 202 13 18 0.034101475 
477 297 12 17 0.03382928 
907 179 13 16 0.033555508 
681 463 14 17 0.033347376 
265 224 27 30 0.033198744 
981 149 20 24 0.032760523 
106 269 11 16 0.03275438 
601 290 24 32 0.032710887 
974 158 22 28 0.032537747 
849 204 21 27 0.032367174 
979 201 13 17 0.03193647 
674 172 16 22 0.03171002 
590 151 42 59 0.031547006 
264 293 32 47 0.031271167 
948 165 17 25 0.030274648 
316 221 15 20 0.030204091 
413 153 19 26 0.029961009 
969 178 15 19 0.029830867 
234 143 22 28 0.029776111 
798 202 17 24 0.029734906 
470 101 10 14 0.029732134 
704 140 31 33 0.02970643 
266 162 23 29 0.0294117 
342 132 12 15 0.029254092 
939 154 44 56 0.028687758 
168 208 13 20 0.028599475 
843 190 22 26 0.028578065 
327 196 19 24 0.028577039 
534 259 25 36 0.028495906 
214 149 14 19 0.028440239 
139 174 20 25 0.028381484 
244 136 20 24 0.027967805 
498 113 14 19 0.027826015 
989 247 29 40 0.027582532 
898 171 23 28 0.027355278 
226 199 121 155 0.027124537 
1005 172 12 18 0.02707491 
268 174 23 28 0.026921224 
291 228 26 30 0.026815593 
478 170 27 33 0.02680293 
695 153 29 35 0.026749335 
445 223 26 36 0.02657693 
488 107 22 30 0.026557792 
804 158 24 29 0.026552029 
637 164 14 18 0.026437776 
269 168 14 17 0.026407002 
422 178 22 31 0.026372662 
1004 157 10 15 0.026368603 
381 134 17 21 0.026284764 
747 141 16 18 0.02605119 
128 192 22 29 0.02577653 
307 220 28 33 0.025586253 
270 159 11 16 0.025260722 
376 203 25 33 0.025130361 
989 153 20 26 0.024899924 
946 183 81 118 0.024807328 
600 159 15 22 0.024670172 
180 189 13 21 0.024454553 
571 113 13 17 0.024021883 
918 174 12 14 0.024012186 
668 168 16 22 0.02389852 
161 199 18 26 0.023659438 
461 220 21 31 0.023472873 
635 419 14 17 0.023369111 
538 289 14 17 0.023343746 
229 196 12 17 0.02329918 
588 158 13 19 0.023224924 
951 182 28 35 0.023133941 
295 225 15 18 0.023116276 
761 143 17 23 0.02307062 
620 442 15 20 0.022913406 
476 189 86 118 0.022813099 
582 151 24 32 0.022725498 
368 187 26 34 0.022513948 
296 196 47 56 0.022176208 
692 155 14 17 0.022168677 
979 237 27 40 0.022090172 
411 141 19 27 0.022070691 
130 274 15 19 0.022038972 
427 163 12 18 0.021832222 
693 131 27 29 0.021736484 
548 158 11 15 0.021718528 
589 177 12 17 0.021615904 
260 150 14 20 0.021603057 
989 218 13 18 0.021383971 
270 118 8 11 0.021292962 
61 39 403 461 0.021291632 
387 216 15 22 0.021234242 
744 177 49 61 0.021066846 
683 155 14 18 0.021037757 
144 193 23 30 0.02095 
477 221 11 18 0.02094846 
330 180 48 59 0.020914728 
616 159 15 20 0.02071657 
986 197 23 30 0.020530608 
907 236 13 17 0.020385597 
203 155 39 50 0.020332433 
671 134 15 20 0.020302419 
320 139 12 15 0.020240728 
880 126 9 11 0.020193337 
967 150 12 13 0.020109158 
214 166 23 31 0.020080414 
1005 250 16 22 0.02007421 
407 132 13 17 0.020045357 
675 460 24 27 0.020045143 
