2_Demonstration_Protesters_2_646
87
340 258 104 129 0.9968207 
653 220 73 93 0.99595463 
333 184 21 30 0.9866057 
469 209 82 100 0.98423845 
982 222 39 51 0.98353934 
592 178 22 30 0.9675052 
230 197 47 57 0.96279824 
390 179 17 22 0.9156387 
815 347 66 81 0.66138244 
561 211 47 64 0.6436746 
283 172 16 21 0.54373354 
448 161 55 68 0.43406743 
115 174 27 34 0.331288 
87 184 22 28 0.30909276 
187 184 21 26 0.24780561 
452 181 64 79 0.15317386 
373 182 12 16 0.13642605 
132 199 16 20 0.11320835 
449 132 48 54 0.10983815 
89 195 22 31 0.10230944 
18 79 46 65 0.09551168 
396 176 21 27 0.09543343 
519 26 25 31 0.09327623 
478 346 32 47 0.0787718 
413 180 14 20 0.0725533 
124 186 25 32 0.059126806 
848 349 56 82 0.05695096 
547 193 50 65 0.052888975 
513 217 56 73 0.04953846 
38 88 29 43 0.046337742 
543 47 34 42 0.044580523 
95 179 17 23 0.042495966 
97 144 15 19 0.04239883 
234 185 36 42 0.040908605 
242 172 30 33 0.037831448 
744 194 14 17 0.037141055 
247 164 15 18 0.03610735 
494 115 46 58 0.03575592 
455 330 49 68 0.034828335 
531 16 15 17 0.03410506 
580 218 33 46 0.033788998 
213 203 32 41 0.03367493 
433 170 47 65 0.03311918 
141 193 25 31 0.032462817 
383 179 15 20 0.03229911 
426 1 14 17 0.032199807 
423 126 45 56 0.03215628 
274 173 23 30 0.032054972 
138 164 16 18 0.031612784 
-8 67 87 146 0.03041607 
375 139 11 13 0.02983255 
419 130 30 38 0.029601896 
387 201 17 21 0.029409857 
222 277 42 50 0.029405931 
217 248 204 225 0.028385792 
382 274 73 90 0.027968032 
285 154 14 17 0.027506433 
412 140 27 38 0.027359404 
403 291 40 50 0.027211925 
537 189 29 36 0.02708043 
581 173 36 48 0.026070012 
556 96 45 57 0.025901059 
408 75 31 37 0.025569709 
65 175 38 54 0.02529537 
160 168 26 31 0.0249841 
123 167 29 31 0.024794025 
-2 73 48 71 0.024481943 
336 108 12 14 0.024311304 
404 170 22 29 0.024226287 
312 359 29 35 0.024187582 
21 96 30 38 0.023803169 
464 135 55 66 0.023284135 
431 184 30 40 0.022863938 
874 -1 29 26 0.022734104 
913 288 44 59 0.022572123 
382 139 10 13 0.021955911 
18 140 85 134 0.021883553 
290 166 14 19 0.021834869 
5 170 46 89 0.021604808 
542 225 56 70 0.021143535 
333 122 13 17 0.020972654 
437 186 15 20 0.020678926 
77 185 24 33 0.020419938 
563 -1 47 43 0.020331854 
771 331 123 136 0.020302987 
156 87 46 65 0.020149017 
388 164 15 17 0.020048724 
