2_Demonstration_Demonstration_Or_Protest_2_364
25
468 287 131 184 0.9994949 
207 316 127 205 0.99761415 
673 338 119 199 0.99536586 
406 298 11 15 0.33513898 
704 305 157 264 0.17101692 
1004 621 16 23 0.08492305 
131 272 159 239 0.08417993 
434 473 18 21 0.079016685 
828 -2 41 37 0.068307936 
776 278 199 295 0.06257105 
525 290 131 209 0.052327223 
986 619 14 18 0.05232074 
604 51 148 167 0.046254255 
-1 349 35 61 0.03904328 
-11 73 209 328 0.036433153 
973 625 12 16 0.028061101 
613 301 138 229 0.026681831 
400 292 20 25 0.026370108 
389 298 14 16 0.025898552 
379 307 16 19 0.025331363 
428 11 114 138 0.0250962 
355 302 16 21 0.025077451 
639 113 132 144 0.024260927 
399 295 12 15 0.02190889 
270 303 169 224 0.02007374 
