2_Demonstration_Protesters_2_817
70
291 562 32 39 0.99853027 
379 546 35 39 0.93560505 
523 90 31 32 0.7910626 
174 625 22 31 0.7089998 
338 565 45 49 0.1629535 
295 607 43 62 0.12170464 
351 553 49 53 0.11304184 
582 157 60 68 0.10380843 
544 622 53 49 0.078062855 
374 554 15 19 0.0757839 
539 554 18 21 0.07038885 
553 99 16 19 0.061120883 
189 625 27 34 0.05340511 
517 105 55 60 0.052846402 
194 594 26 35 0.051521223 
509 177 27 36 0.050432794 
336 580 27 32 0.04632154 
180 578 13 17 0.04560656 
329 577 46 59 0.044755522 
481 188 26 28 0.04334602 
533 87 16 18 0.04273185 
545 631 28 32 0.0399226 
544 133 28 32 0.039908245 
528 108 33 38 0.039171368 
499 185 27 33 0.03872382 
467 156 130 155 0.03693709 
457 168 235 216 0.034732133 
434 596 26 31 0.034167398 
570 114 15 16 0.03361549 
550 585 14 18 0.033178307 
468 180 27 33 0.03181036 
584 150 37 43 0.031766124 
361 555 28 32 0.031089475 
371 539 28 39 0.030835293 
381 564 17 22 0.030701162 
516 182 14 20 0.030626625 
500 89 99 97 0.029558282 
532 614 13 16 0.029202176 
538 92 28 30 0.028557463 
525 93 18 22 0.028076973 
558 141 103 119 0.02773983 
523 127 54 69 0.0268145 
172 614 40 50 0.026566789 
497 169 52 64 0.026120685 
300 560 42 56 0.025779042 
535 626 27 34 0.024975773 
758 352 13 16 0.02491615 
693 521 69 63 0.024908256 
184 621 53 56 0.024781145 
322 571 16 21 0.024717985 
550 600 61 60 0.024680967 
491 582 117 131 0.023873134 
77 666 18 19 0.023724325 
217 640 50 54 0.02364695 
519 97 15 19 0.02356383 
518 617 60 58 0.023397041 
483 163 13 15 0.022629412 
181 593 43 57 0.022610102 
494 605 27 32 0.02210338 
194 588 17 19 0.022025082 
459 166 47 57 0.021970468 
494 192 73 90 0.021552753 
322 548 45 54 0.021405684 
485 214 31 33 0.02122386 
96 517 39 38 0.021215964 
499 120 105 128 0.021179538 
500 164 13 17 0.020929344 
314 603 28 44 0.020438574 
336 586 15 20 0.020154424 
226 668 17 17 0.020086395 
