2_Demonstration_Demonstrators_2_231
84
490 417 117 172 0.9992337 
39 462 56 66 0.99860305 
923 424 45 57 0.99508935 
227 456 48 65 0.9733427 
255 475 49 52 0.9067674 
980 418 17 21 0.78423625 
135 463 21 26 0.424944 
92 463 21 26 0.41448668 
745 228 11 14 0.2311965 
902 437 14 18 0.22445945 
874 322 12 16 0.20455936 
180 620 47 60 0.192007 
874 290 15 19 0.15044926 
747 256 11 14 0.12854044 
898 436 22 28 0.11094064 
816 184 13 17 0.10677612 
747 317 14 18 0.102089226 
1012 432 12 21 0.09166187 
22 836 14 16 0.07403569 
870 354 17 21 0.073752455 
271 2 27 33 0.071367495 
874 423 13 15 0.06832857 
871 392 14 17 0.064896755 
110 467 12 16 0.06420518 
969 259 10 12 0.058314066 
316 386 163 297 0.053845562 
383 396 134 223 0.05189438 
22 758 10 13 0.04735251 
359 461 10 15 0.04613813 
783 239 12 17 0.045757975 
345 426 11 16 0.042474404 
532 174 112 130 0.042194124 
978 535 48 90 0.041612897 
952 554 24 33 0.039008573 
80 464 32 40 0.037172798 
132 477 15 21 0.037134748 
665 437 8 11 0.03464251 
757 175 11 14 0.034570545 
17 837 10 14 0.034162063 
1007 370 14 17 0.033729102 
894 467 25 36 0.033553544 
857 172 40 50 0.03326752 
382 260 99 123 0.032589108 
782 470 10 12 0.032191575 
117 467 12 17 0.03125302 
39 794 12 15 0.031003054 
720 476 8 13 0.030846631 
120 459 37 46 0.029631784 
884 186 11 15 0.028631138 
814 145 10 14 0.028534539 
826 0 18 20 0.02853444 
943 545 43 69 0.0280923 
893 474 14 18 0.02761192 
6 835 9 13 0.027581623 
866 176 25 31 0.02729572 
213 27 406 395 0.02544155 
984 220 29 31 0.02509716 
19 829 23 28 0.024870636 
832 144 9 13 0.024824558 
308 252 108 133 0.02468792 
119 415 10 13 0.024589991 
735 473 10 12 0.024579424 
101 459 24 31 0.024454098 
23 8 186 231 0.024129365 
152 92 12 15 0.024068255 
876 167 11 14 0.023799928 
891 445 21 32 0.023522876 
824 415 8 10 0.023312751 
652 481 41 58 0.023309404 
27 831 14 18 0.02326966 
969 421 24 33 0.023255214 
563 201 66 75 0.023163768 
994 232 15 19 0.022882888 
155 468 13 18 0.02274798 
741 223 18 24 0.022684634 
381 346 23 33 0.022572692 
424 260 65 82 0.022531703 
965 440 24 32 0.021948291 
132 251 28 33 0.021935642 
481 129 179 206 0.021668904 
103 452 39 48 0.021327697 
103 26 157 198 0.020839112 
132 743 47 56 0.020058112 
896 437 14 18 0.02004921 
