2_Demonstration_Demonstration_Or_Protest_2_578
811
940 318 28 38 0.99833703 
667 294 28 37 0.99768054 
568 307 24 31 0.9926157 
322 319 24 33 0.9887186 
748 251 17 21 0.98234665 
147 322 21 27 0.9822552 
854 335 27 32 0.9808913 
254 333 22 28 0.97246474 
810 231 15 19 0.9668633 
502 302 23 31 0.96553785 
70 308 21 28 0.95684135 
577 278 18 22 0.95095265 
779 350 23 28 0.9414293 
882 248 16 20 0.9268101 
960 225 14 16 0.9082257 
705 213 11 13 0.9027449 
421 307 21 26 0.8801474 
983 232 13 17 0.8584951 
1 312 17 20 0.843457 
547 221 13 15 0.8294521 
230 271 14 18 0.82128716 
211 354 22 27 0.77856505 
385 250 12 17 0.7490551 
907 223 9 12 0.6273208 
93 269 11 14 0.55742484 
293 218 12 15 0.55155355 
613 221 11 14 0.5450852 
584 249 14 18 0.5141487 
495 274 14 17 0.44608137 
748 226 12 16 0.42716455 
497 259 14 17 0.42138478 
627 182 10 14 0.41748407 
807 204 10 13 0.37591082 
668 188 9 12 0.35557276 
698 248 16 19 0.34877118 
710 173 9 12 0.32625467 
575 215 10 12 0.28845206 
543 200 10 12 0.26510063 
495 265 15 18 0.25180835 
670 204 9 13 0.24282186 
267 194 14 16 0.2359443 
313 220 10 13 0.22972184 
744 222 11 14 0.22647054 
582 150 9 11 0.22485438 
961 199 8 12 0.22114678 
873 167 7 9 0.22010317 
800 203 10 13 0.21839267 
768 176 8 11 0.21413252 
559 188 9 12 0.21238752 
809 132 10 13 0.2088097 
29 198 10 13 0.20577967 
830 143 9 10 0.20455314 
713 229 11 15 0.19620544 
885 207 8 10 0.19213317 
837 158 9 11 0.18828212 
967 191 9 10 0.18789224 
469 322 21 29 0.18610641 
748 183 8 10 0.18610275 
729 189 8 11 0.18075083 
323 166 12 15 0.17540604 
834 158 8 10 0.17459285 
712 168 8 11 0.17326172 
556 483 143 174 0.16933884 
663 205 9 12 0.16872343 
808 126 10 13 0.16661952 
968 181 9 10 0.1663957 
749 174 8 10 0.16577342 
743 197 9 12 0.16058241 
742 134 8 11 0.1585755 
706 172 9 11 0.15297887 
965 196 9 12 0.1526799 
813 191 10 12 0.15252864 
789 173 10 12 0.14704493 
812 206 10 13 0.14605033 
304 249 11 13 0.14349864 
998 195 9 12 0.13756973 
549 199 10 13 0.13656786 
646 134 9 12 0.1365389 
520 196 8 10 0.13442373 
639 140 9 12 0.1333548 
846 189 9 12 0.13069744 
933 183 8 10 0.1301411 
590 188 10 14 0.1279603 
383 228 10 13 0.12671834 
847 175 9 11 0.12454279 
660 222 10 13 0.123693496 
696 132 9 12 0.12021539 
886 212 9 11 0.12001675 
895 158 8 10 0.11991546 
746 189 8 11 0.11727776 
612 156 10 13 0.11524432 
4 202 12 16 0.11263379 
630 204 10 13 0.11183146 
655 124 8 12 0.111339584 
580 154 10 13 0.11120284 
521 192 7 10 0.11094192 
918 599 14 18 0.10951787 
411 559 17 21 0.1070164 
669 198 10 13 0.10567165 
735 167 9 10 0.10435492 
789 151 10 12 0.10230694 
730 185 7 9 0.10217061 
657 211 9 13 0.101638176 
476 297 15 20 0.10155071 
878 167 8 9 0.10000536 
621 219 11 16 0.099783674 
768 143 7 9 0.09950338 
734 184 8 10 0.098864056 
831 150 9 10 0.09838846 
167 236 9 13 0.09561381 
785 150 9 11 0.09367006 
487 184 8 10 0.09228228 
864 158 8 10 0.09131011 
551 165 8 10 0.091273576 
814 173 9 11 0.091076896 
361 252 12 15 0.09076633 
396 229 11 13 0.09043239 
847 181 9 11 0.08999013 
801 145 7 9 0.08980738 
828 120 10 12 0.08970923 
833 264 10 16 0.089535885 
974 191 8 11 0.08847769 
472 134 9 12 0.088475205 
985 240 13 17 0.08834214 
584 144 8 11 0.08740891 
45 219 11 14 0.086719416 
905 142 8 10 0.08649881 
614 116 11 15 0.08595108 
521 143 8 11 0.08558289 
516 536 13 16 0.0855555 
710 117 11 13 0.08544558 
718 167 8 9 0.0843425 
951 175 9 10 0.08422185 
767 192 8 10 0.08357476 
560 202 11 14 0.08187656 
712 159 8 9 0.08175295 
664 197 10 14 0.08050824 
929 182 8 10 0.078565784 
726 1 51 86 0.07775318 
790 167 9 11 0.07763444 
207 249 14 18 0.07702059 
710 220 9 12 0.077006064 
768 196 8 11 0.07689664 
734 143 9 12 0.07665644 
758 274 11 14 0.076065935 
537 204 9 11 0.07565017 
865 152 8 10 0.07517312 
855 140 9 11 0.07510852 
1015 206 8 11 0.074946366 
824 151 8 11 0.0748671 
775 135 8 10 0.07473723 
769 136 7 10 0.07399065 
975 176 8 11 0.07361672 
0 224 17 32 0.07311741 
904 217 10 13 0.07274068 
737 198 9 13 0.07224512 
663 150 8 11 0.07217832 
528 168 8 10 0.07202095 
520 181 8 11 0.07127818 
952 228 10 13 0.071168356 
742 126 8 11 0.071079925 
807 181 10 12 0.071026646 
695 157 7 10 0.07090326 
773 258 13 17 0.0708668 
760 235 10 14 0.070723385 
700 132 10 11 0.070493676 
960 176 8 10 0.070275865 
729 167 8 10 0.07000455 
645 159 10 12 0.06986756 
829 99 11 13 0.069657356 
701 207 18 23 0.06902896 
871 160 8 10 0.06862349 
733 189 9 9 0.067884564 
133 277 15 17 0.06777292 
797 606 15 15 0.06748605 
825 134 9 11 0.066225804 
557 141 10 12 0.06598846 
568 175 8 11 0.06580024 
807 141 9 10 0.0655432 
735 172 10 12 0.06534389 
814 157 10 11 0.06521784 
743 117 9 13 0.06497803 
503 150 9 10 0.0647825 
750 168 8 9 0.06460722 
776 142 8 10 0.06459403 
888 168 7 8 0.06429594 
935 175 8 10 0.06417912 
744 140 8 11 0.063411444 
755 229 11 15 0.063355185 
807 159 9 11 0.063322596 
869 149 9 11 0.06244106 
889 159 8 10 0.062362496 
968 176 8 10 0.062237427 
744 168 8 11 0.061908767 
849 134 9 12 0.061902452 
671 142 11 12 0.061793637 
816 152 9 10 0.061545406 
823 174 9 11 0.061230652 
879 173 8 10 0.060836796 
864 95 9 11 0.060665656 
750 158 8 10 0.06064659 
678 148 9 11 0.060641415 
358 235 11 15 0.060551167 
783 128 8 11 0.06037074 
933 189 9 10 0.06021947 
719 135 8 11 0.059800647 
852 231 12 13 0.059210673 
745 152 8 10 0.0589595 
279 221 10 13 0.058631912 
813 167 10 12 0.058580015 
896 152 7 10 0.058566064 
612 148 12 16 0.058495503 
887 174 8 11 0.058245853 
772 175 9 11 0.058185745 
628 176 10 13 0.05797486 
527 173 9 12 0.057873324 
50 306 15 22 0.057746965 
582 173 8 10 0.057610955 
702 127 10 12 0.057398107 
10 319 15 20 0.057330184 
526 199 8 10 0.057292912 
808 175 9 11 0.05705965 
751 141 8 10 0.056889072 
705 157 8 10 0.05687008 
858 159 7 10 0.056772582 
767 151 7 9 0.056368444 
740 202 10 13 0.05602179 
494 199 8 11 0.055725127 
125 303 22 27 0.05532609 
871 143 8 10 0.0552182 
997 182 10 12 0.05503712 
139 276 12 15 0.05502807 
854 175 9 11 0.05456559 
329 187 11 15 0.05442699 
969 160 8 10 0.054308876 
748 196 10 13 0.054222956 
791 212 10 13 0.054041333 
550 131 12 16 0.053972293 
444 368 17 20 0.053726528 
925 259 11 15 0.053191107 
839 153 8 10 0.053137757 
872 173 8 9 0.053136975 
710 178 9 12 0.053029306 
706 250 13 16 0.052512884 
749 152 8 9 0.052382197 
944 174 8 10 0.05232689 
799 149 9 11 0.052153796 
579 212 12 14 0.051752932 
437 228 11 14 0.05167266 
360 268 12 16 0.051582865 
730 148 9 12 0.05104566 
284 174 11 15 0.050809875 
735 160 7 9 0.05046436 
718 160 7 9 0.050186023 
950 180 9 12 0.04992099 
454 212 8 12 0.04989473 
533 557 27 31 0.049351364 
896 206 8 11 0.04926302 
690 159 7 10 0.04918398 
774 190 9 12 0.04883644 
568 134 9 12 0.04883618 
664 156 8 11 0.04864009 
822 191 9 11 0.04863574 
131 521 14 17 0.04851331 
286 211 21 24 0.048175987 
741 269 11 14 0.047995053 
525 191 8 10 0.047982033 
495 168 8 10 0.047782537 
8 517 29 36 0.047753084 
952 168 7 10 0.047689028 
536 142 8 12 0.047675565 
595 188 11 15 0.047587324 
847 104 9 11 0.04715034 
583 183 10 13 0.04707337 
832 236 9 13 0.046849195 
963 203 11 14 0.046767116 
478 301 20 28 0.04638714 
654 274 11 15 0.046363812 
695 152 8 10 0.04625972 
793 197 10 12 0.046185184 
785 156 9 12 0.045528676 
665 142 8 11 0.045163866 
614 162 9 13 0.045110732 
697 173 8 11 0.04507522 
829 136 9 12 0.044981558 
299 215 12 14 0.04412293 
649 125 9 11 0.044059522 
717 116 10 14 0.0440591 
614 353 16 21 0.043902915 
710 123 11 14 0.04378125 
824 182 9 11 0.043490294 
554 189 9 11 0.043477263 
156 537 16 18 0.043475658 
554 182 10 12 0.043273818 
901 261 13 18 0.04324709 
774 181 9 11 0.043064617 
552 138 11 14 0.043054346 
639 145 10 14 0.042928323 
762 175 8 10 0.042835444 
630 197 10 14 0.04275511 
512 198 9 11 0.042257335 
745 158 8 9 0.04213375 
711 152 8 10 0.042115457 
1012 242 12 17 0.042056292 
865 165 9 10 0.042052817 
13 327 13 18 0.042002603 
983 180 8 12 0.04199921 
688 166 9 11 0.04188847 
879 181 9 11 0.04175465 
657 149 9 11 0.04173265 
487 202 10 13 0.041730728 
456 194 11 15 0.041600186 
962 191 9 11 0.04143914 
808 164 10 12 0.041353896 
934 198 8 11 0.041125376 
855 180 9 11 0.040991567 
774 167 8 10 0.040953398 
671 148 10 12 0.040900532 
766 211 12 15 0.04080806 
212 265 13 19 0.040752802 
742 215 8 11 0.04071384 
886 181 10 12 0.040522136 
968 165 8 10 0.040519267 
709 226 19 24 0.040342346 
327 230 10 12 0.040293355 
600 204 11 15 0.040237058 
629 102 9 11 0.040103093 
921 213 9 11 0.039985187 
905 166 7 9 0.039929364 
768 167 9 10 0.0398739 
553 221 12 15 0.03984274 
376 13 11 15 0.039835196 
478 156 9 11 0.039769333 
928 153 7 9 0.039648872 
2 217 13 23 0.039596427 
911 168 7 9 0.039582517 
487 151 9 11 0.039521735 
611 141 12 14 0.03945955 
761 189 10 12 0.03937243 
0 210 12 23 0.03935732 
627 251 12 15 0.03930483 
510 219 10 14 0.039275248 
764 274 12 15 0.03916067 
830 182 9 11 0.03907378 
761 141 7 10 0.039043542 
929 189 9 11 0.038931083 
945 182 8 11 0.038729396 
125 228 11 14 0.038625058 
445 227 11 15 0.03858016 
855 166 8 9 0.038465973 
695 167 9 11 0.03840809 
817 229 13 17 0.038345773 
920 181 8 11 0.038244847 
826 124 10 13 0.038208194 
564 199 10 13 0.03814929 
920 176 8 10 0.038095463 
847 167 9 10 0.037940826 
974 232 19 22 0.037782125 
712 132 8 12 0.03761599 
576 173 9 11 0.03742135 
854 190 10 12 0.037417255 
279 226 11 14 0.03722044 
807 150 9 10 0.037148416 
588 149 10 12 0.037122987 
839 163 9 12 0.037119884 
954 203 10 13 0.03701174 
973 156 10 12 0.036887057 
994 191 11 12 0.036802683 
504 142 9 11 0.03680176 
885 200 10 13 0.03675185 
953 151 7 9 0.0367016 
471 292 14 18 0.03652375 
782 144 8 10 0.036482602 
702 190 9 12 0.036412533 
188 203 12 15 0.03633356 
851 118 12 15 0.036290232 
1016 199 8 11 0.0362081 
869 125 9 12 0.036172606 
824 157 8 10 0.036127687 
308 245 11 15 0.036028046 
640 124 9 10 0.03601987 
993 181 9 12 0.03589635 
623 178 18 22 0.035758343 
958 151 7 9 0.035508614 
761 181 9 11 0.03543331 
573 243 15 19 0.03540981 
841 174 9 11 0.035343837 
832 164 9 11 0.03528961 
582 168 8 10 0.035278805 
511 142 8 10 0.035244342 
699 238 12 16 0.035229944 
521 149 8 10 0.035228487 
841 181 9 11 0.035158828 
119 271 11 15 0.035060477 
744 111 9 12 0.035005156 
792 179 9 11 0.03499458 
944 229 10 12 0.034990624 
38 178 13 16 0.034933556 
455 243 12 15 0.03479538 
759 160 8 9 0.034771014 
823 167 10 12 0.03472096 
388 240 22 27 0.03470305 
857 149 9 11 0.03469409 
569 214 11 13 0.03464597 
945 168 8 10 0.034512985 
773 195 10 13 0.034484047 
903 219 16 21 0.034473255 
849 140 10 12 0.034470186 
670 157 8 11 0.03419847 
189 262 14 18 0.03415324 
609 225 11 14 0.03412521 
975 212 11 13 0.03409161 
310 226 12 16 0.034065653 
646 85 8 11 0.033889554 
960 167 8 9 0.033758935 
841 109 9 11 0.03366919 
886 135 7 10 0.033652555 
182 243 12 16 0.03365222 
271 217 11 15 0.033629827 
576 142 9 12 0.03359991 
526 180 9 12 0.03359884 
827 141 8 11 0.03359879 
343 165 9 13 0.03359465 
391 225 11 14 0.033582542 
558 147 9 12 0.03348939 
447 211 9 13 0.033454947 
759 165 8 10 0.0334415 
928 176 8 10 0.03340408 
588 142 10 11 0.033385094 
717 172 9 12 0.033296466 
577 167 8 10 0.033295553 
510 229 10 13 0.033239026 
599 173 9 12 0.033212006 
871 134 9 11 0.033160355 
558 106 12 15 0.03315052 
879 95 10 11 0.03306462 
768 159 8 9 0.033018593 
909 141 8 10 0.032982577 
800 157 9 12 0.032970045 
239 220 12 15 0.032948703 
173 230 9 12 0.032927655 
902 160 8 10 0.032892693 
585 116 12 15 0.032842577 
909 217 10 12 0.03262005 
896 166 7 9 0.03259765 
639 93 8 10 0.032493684 
676 205 11 13 0.032407433 
813 182 10 12 0.032354064 
466 91 12 16 0.032349076 
847 194 10 14 0.032289546 
552 175 9 11 0.032261286 
598 150 11 14 0.032228727 
616 93 10 12 0.03218299 
359 243 13 17 0.032076966 
667 260 14 19 0.03204965 
221 277 21 29 0.032047473 
76 255 12 13 0.03199377 
863 175 10 11 0.031967252 
991 361 27 38 0.031835604 
826 297 237 277 0.031817354 
911 175 8 9 0.031814963 
546 165 9 11 0.031804353 
772 205 10 13 0.03178522 
353 235 11 13 0.031726908 
118 368 13 17 0.03169947 
926 236 11 14 0.03145862 
830 175 9 11 0.031259757 
171 200 12 16 0.031220876 
799 173 10 13 0.031199617 
801 124 9 12 0.031128269 
799 165 9 11 0.030988296 
982 190 9 10 0.030968873 
821 196 9 12 0.030880878 
760 136 8 10 0.030858416 
1013 210 10 14 0.030828452 
926 213 10 12 0.030804485 
123 284 24 26 0.03078875 
482 291 15 19 0.030757481 
760 196 10 12 0.030732792 
975 242 13 16 0.030703261 
527 204 10 11 0.030381475 
528 159 8 9 0.030293146 
903 206 8 10 0.030164914 
606 102 10 12 0.030125069 
847 149 10 12 0.030086488 
761 150 8 9 0.03003802 
440 211 11 13 0.030014249 
495 173 8 10 0.029951468 
688 151 8 11 0.029914966 
791 260 13 17 0.029873617 
564 180 10 12 0.02985058 
469 245 11 15 0.02982975 
566 140 9 12 0.029752027 
861 180 10 12 0.02969433 
641 163 9 12 0.029688293 
598 182 10 13 0.029658644 
452 221 11 15 0.029591536 
454 325 14 18 0.029584898 
559 177 9 12 0.029538589 
737 212 10 13 0.029505024 
56 227 11 15 0.02945568 
905 137 8 10 0.029429585 
775 159 7 10 0.029380802 
299 286 19 22 0.029357512 
936 169 8 9 0.029196734 
806 108 9 11 0.028970284 
608 163 10 13 0.028955981 
920 134 8 10 0.028929474 
730 159 8 10 0.02891363 
317 226 10 13 0.028876428 
936 153 7 9 0.02878968 
764 299 14 18 0.028788453 
526 127 9 11 0.028716164 
224 268 15 19 0.028646711 
47 309 380 442 0.028643552 
641 86 8 11 0.028639952 
717 125 11 13 0.028624853 
880 160 8 10 0.028612915 
206 199 12 19 0.028558772 
609 212 19 25 0.028555557 
921 143 6 8 0.028519979 
488 174 9 10 0.028501116 
396 244 13 16 0.028493956 
366 231 9 12 0.028435504 
1009 206 10 12 0.028426824 
25 202 11 14 0.028408708 
752 274 12 15 0.028391922 
221 291 15 20 0.028353404 
568 167 8 10 0.028351488 
286 226 10 13 0.028299998 
597 197 11 13 0.028202055 
525 142 9 12 0.028114056 
756 246 12 15 0.028097216 
903 182 9 10 0.028042784 
815 110 9 10 0.02796281 
656 141 9 12 0.027951425 
719 141 8 10 0.02785829 
792 205 11 14 0.027855601 
688 114 11 14 0.027823934 
866 100 9 11 0.027816867 
542 150 7 10 0.027427277 
905 95 8 9 0.027372027 
792 145 9 11 0.027348207 
845 158 10 11 0.027308105 
537 150 8 10 0.027272293 
861 190 9 12 0.027256165 
864 142 8 12 0.027238613 
880 149 8 12 0.027235826 
885 102 10 11 0.027193792 
463 228 10 13 0.027164102 
863 54 7 10 0.027135715 
494 183 9 11 0.027077314 
704 151 9 11 0.026965328 
644 103 11 13 0.026929392 
677 102 11 12 0.026918361 
590 541 81 88 0.026905978 
662 123 10 14 0.026892275 
405 545 24 29 0.026872827 
896 229 10 13 0.02685638 
729 173 8 11 0.026842829 
894 213 9 11 0.026824512 
504 204 9 12 0.026816018 
495 150 8 11 0.02678994 
132 321 14 21 0.026685076 
139 315 23 29 0.026650514 
273 194 13 17 0.02660868 
627 219 12 15 0.02657257 
812 223 13 15 0.026537836 
854 195 9 13 0.026507765 
366 221 10 12 0.026488759 
205 252 21 27 0.026451522 
716 244 12 16 0.026443185 
799 120 9 11 0.026366832 
87 265 19 22 0.026268465 
619 115 11 15 0.026225913 
145 397 31 33 0.026211219 
698 212 11 14 0.026190177 
853 110 9 12 0.026112644 
950 188 10 11 0.026102956 
898 144 7 9 0.026099293 
661 235 13 17 0.026026838 
728 194 11 13 0.025937026 
904 175 8 10 0.02588534 
629 209 11 15 0.025885068 
766 245 11 14 0.025873194 
933 215 9 12 0.025859622 
796 209 13 15 0.02583396 
655 157 9 11 0.025796762 
398 269 12 16 0.025761869 
493 299 23 29 0.025746292 
58 347 17 23 0.025742693 
848 235 13 16 0.025720105 
464 540 17 19 0.025711184 
426 45 49 61 0.025649847 
799 180 10 13 0.025613401 
598 125 9 12 0.025567219 
14 180 12 13 0.02554044 
551 260 11 14 0.025500298 
161 235 11 15 0.02541766 
520 203 9 12 0.025408015 
726 135 8 10 0.025400542 
485 279 20 25 0.025352158 
695 181 8 11 0.025327519 
886 188 10 12 0.025321964 
704 180 9 12 0.025316393 
397 224 12 13 0.025304941 
52 221 11 15 0.025300242 
503 198 10 13 0.025265532 
525 214 11 14 0.025149794 
139 217 13 16 0.025122823 
349 197 9 13 0.025067298 
47 277 11 14 0.025060222 
953 144 8 9 0.025048945 
446 274 13 17 0.025030477 
896 199 8 10 0.025018848 
621 150 10 13 0.025009876 
190 173 10 11 0.024998857 
846 204 10 13 0.024991727 
275 174 21 25 0.024912205 
776 150 8 10 0.024819039 
377 229 10 13 0.02478436 
631 95 10 11 0.024781981 
301 227 12 16 0.024771135 
157 220 9 12 0.024707247 
764 237 10 14 0.024554474 
760 206 10 13 0.0245282 
869 119 10 12 0.02449265 
959 210 12 16 0.024469402 
488 168 8 10 0.024415193 
545 158 9 11 0.024382751 
696 189 9 13 0.024327967 
663 183 18 24 0.024320254 
652 132 10 13 0.024305107 
856 61 8 10 0.024298234 
63 346 22 30 0.024274416 
967 602 13 16 0.024265468 
761 212 11 13 0.024254678 
439 260 12 16 0.024227345 
591 210 11 15 0.024190484 
735 273 13 17 0.024116922 
690 135 8 11 0.024114393 
919 258 13 17 0.024089096 
172 235 11 14 0.024046395 
510 204 9 11 0.024033949 
1002 601 14 17 0.024028322 
776 118 7 9 0.02400329 
197 396 30 35 0.024002414 
149 237 12 14 0.02398549 
792 118 9 10 0.02397609 
893 175 9 11 0.023920594 
932 237 11 14 0.023909412 
870 100 11 13 0.023671735 
504 157 9 10 0.023637317 
782 118 8 9 0.023615122 
325 275 11 16 0.023595722 
929 196 9 12 0.023565624 
74 290 14 17 0.023521109 
1016 190 9 12 0.023458408 
99 524 12 14 0.023453811 
640 118 10 13 0.023443015 
702 166 20 24 0.023423795 
945 188 8 11 0.023420654 
504 214 11 14 0.023394067 
640 107 12 14 0.023389917 
53 203 11 13 0.023349063 
896 222 10 12 0.023331538 
964 213 12 15 0.023278302 
143 142 61 58 0.023259763 
556 134 11 14 0.023257079 
607 213 12 17 0.023239423 
886 230 11 13 0.02316373 
957 572 16 18 0.023160454 
960 159 8 10 0.023158954 
94 540 12 15 0.023155134 
52 276 13 15 0.023154132 
19 314 13 17 0.023151722 
532 174 9 11 0.023142828 
427 282 15 18 0.023136053 
276 212 14 17 0.0230854 
963 230 14 17 0.023063384 
236 289 14 20 0.023042394 
895 190 8 10 0.02300015 
790 126 9 12 0.022989897 
791 191 10 12 0.022988077 
229 271 21 31 0.022949368 
504 230 10 13 0.022924986 
479 166 9 11 0.022895344 
624 203 11 14 0.022878228 
881 212 10 12 0.022811636 
783 230 9 12 0.022796718 
347 290 13 15 0.022792023 
481 188 10 12 0.022770727 
39 284 11 15 0.022708137 
696 196 10 12 0.022700606 
981 175 10 13 0.02264161 
276 189 12 15 0.0226384 
919 190 9 10 0.02263212 
160 197 10 14 0.022609033 
39 215 12 15 0.022594707 
40 186 10 13 0.022584248 
437 266 12 16 0.022560159 
839 102 10 13 0.022550857 
579 220 10 12 0.02252512 
944 222 9 13 0.02250752 
20 181 10 13 0.022504678 
510 159 8 9 0.022466388 
688 172 9 11 0.022446891 
879 141 9 11 0.022410622 
911 181 9 11 0.022402178 
746 8 39 55 0.02239109 
798 265 11 15 0.022367196 
902 109 9 11 0.022354268 
375 246 19 25 0.022341793 
895 182 8 10 0.02230761 
565 108 10 13 0.022302262 
837 273 11 16 0.022270164 
329 254 10 13 0.022267034 
543 141 9 11 0.022228967 
24 190 10 13 0.02222681 
568 148 8 11 0.02221326 
533 182 9 12 0.022195704 
495 159 7 9 0.022183727 
180 276 13 17 0.022178669 
308 235 12 15 0.022174522 
526 132 10 13 0.0221416 
490 283 22 29 0.022112435 
657 226 11 15 0.022104057 
655 165 8 11 0.02207471 
547 171 384 475 0.02207285 
910 136 8 10 0.022037795 
863 238 10 13 0.021987649 
902 191 10 11 0.021985712 
889 152 7 10 0.021970363 
802 609 15 16 0.021951806 
349 203 10 14 0.021880737 
890 246 12 15 0.02184362 
535 219 11 14 0.021834299 
56 299 23 30 0.021816535 
460 325 15 19 0.021790186 
1012 101 11 15 0.021788295 
767 341 39 51 0.02177848 
944 153 7 8 0.021683982 
880 134 9 12 0.021575103 
627 226 12 16 0.021570645 
31 150 8 10 0.02156056 
150 230 10 13 0.021550024 
415 548 18 21 0.021542493 
687 141 8 10 0.021534625 
700 229 13 16 0.02150963 
936 157 8 9 0.02149144 
281 178 11 16 0.021452531 
567 229 11 14 0.02144304 
902 198 9 11 0.02140996 
512 166 8 9 0.021404406 
62 312 17 22 0.0214027 
859 250 15 19 0.021363413 
710 163 19 24 0.021346686 
910 206 10 11 0.021277096 
631 491 130 159 0.021267118 
751 101 9 11 0.021260345 
390 234 13 15 0.02122409 
582 206 12 15 0.021196846 
41 278 10 13 0.021173934 
622 110 11 14 0.021131877 
974 251 14 17 0.021126699 
238 194 10 14 0.021119429 
333 252 13 16 0.02111723 
544 192 9 10 0.021112222 
312 164 11 15 0.021079881 
916 591 13 18 0.021068605 
164 197 14 18 0.021032711 
657 199 10 14 0.021028647 
188 242 11 15 0.021028498 
97 403 243 230 0.021004787 
887 220 9 12 0.020978885 
663 165 9 11 0.020966306 
929 169 7 8 0.020953858 
862 196 9 12 0.020921059 
503 166 8 10 0.020884756 
228 157 16 19 0.020839904 
696 101 9 11 0.020783767 
503 191 9 11 0.020767104 
1014 267 11 15 0.02074013 
720 181 8 11 0.020729795 
503 174 7 10 0.020677222 
922 151 7 10 0.02067192 
814 142 9 10 0.020623479 
679 136 10 12 0.020545667 
14 190 9 12 0.020540418 
951 235 10 13 0.020507826 
910 245 12 14 0.020450644 
535 189 8 10 0.020424511 
928 157 8 9 0.020422252 
429 476 126 145 0.02038382 
521 136 8 11 0.020375805 
436 166 11 16 0.020359382 
670 252 12 17 0.020337919 
903 149 9 10 0.020293852 
790 237 10 13 0.02023495 
8 309 17 20 0.02023348 
364 236 9 14 0.02019588 
618 209 19 26 0.020168856 
21 52 49 75 0.020164464 
495 141 10 11 0.020134822 
655 182 10 14 0.02013256 
99 533 13 15 0.020120302 
333 166 10 13 0.020072464 
789 53 12 17 0.020052226 
668 193 20 26 0.020036751 
881 188 10 12 0.020019392 
696 255 14 18 0.020005777 
