2_Demonstration_Political_Rally_2_64
252
634 457 30 37 0.9970694 
789 259 24 30 0.9165419 
853 383 26 34 0.90781 
586 394 27 31 0.7939761 
714 338 16 20 0.7170871 
706 337 17 21 0.67536426 
522 355 16 19 0.44409788 
525 282 14 18 0.4299636 
558 293 11 13 0.40272334 
544 458 17 20 0.38692313 
638 397 14 22 0.29943463 
275 340 172 232 0.2744356 
582 323 16 19 0.27044082 
635 296 8 10 0.2589431 
701 334 14 20 0.21287866 
260 220 12 15 0.20301394 
221 228 16 20 0.19298054 
766 356 14 17 0.18568744 
519 359 13 18 0.18377008 
608 463 13 17 0.17732221 
628 421 14 18 0.17646836 
510 361 12 17 0.15583166 
714 497 172 221 0.1398874 
269 428 13 15 0.13722776 
653 356 14 16 0.13512696 
553 286 10 13 0.12417079 
697 339 12 15 0.11617798 
538 365 15 18 0.10352356 
308 135 14 19 0.10289213 
502 363 10 15 0.09020281 
206 191 8 11 0.08288839 
864 380 24 33 0.08233082 
910 249 11 14 0.08195176 
528 357 21 25 0.079179466 
636 299 9 12 0.07906593 
174 262 10 12 0.075924195 
502 393 11 14 0.07550603 
582 359 13 16 0.06995441 
715 382 14 17 0.06946283 
676 341 12 15 0.06942385 
877 381 12 18 0.06682889 
529 317 13 17 0.066372745 
799 262 23 28 0.065644905 
305 127 23 30 0.06543232 
638 392 10 15 0.065346666 
614 351 11 14 0.06343607 
630 396 12 18 0.062622726 
496 363 10 14 0.06079341 
671 378 11 16 0.060388245 
671 340 10 13 0.055883158 
639 347 11 14 0.05541362 
896 339 10 16 0.054625705 
499 445 14 17 0.05307033 
213 251 13 15 0.05277184 
329 204 9 11 0.0523019 
374 187 12 16 0.05194672 
622 400 13 18 0.05088672 
292 356 10 12 0.050345004 
508 435 12 15 0.05014868 
225 192 8 9 0.04965839 
721 344 15 18 0.049056835 
182 215 11 15 0.048768215 
530 274 14 18 0.048671767 
678 430 15 22 0.048645746 
573 347 10 12 0.048183855 
572 476 14 17 0.047447667 
143 236 11 13 0.046572916 
693 345 13 17 0.04576232 
189 218 11 14 0.043840177 
639 309 9 13 0.043764558 
198 204 9 12 0.043634713 
543 404 12 17 0.04351712 
631 390 10 15 0.043470725 
243 148 11 14 0.043417078 
681 423 17 21 0.042877134 
677 417 16 20 0.0423248 
523 247 15 20 0.04223667 
658 351 11 13 0.041948233 
639 390 24 32 0.041832402 
900 340 13 18 0.04154011 
566 364 11 13 0.041337527 
622 322 10 15 0.041012995 
623 316 10 14 0.04070079 
495 355 10 16 0.04052872 
588 356 13 16 0.039975487 
875 406 17 21 0.03988544 
197 219 11 13 0.03975874 
184 190 9 12 0.039716996 
239 63 98 112 0.039712038 
591 350 11 13 0.0390345 
669 335 10 13 0.038642902 
547 448 25 31 0.03848198 
561 364 11 14 0.038118355 
215 232 14 17 0.037783716 
645 355 15 19 0.037764844 
256 213 13 17 0.03693047 
198 256 11 15 0.036262874 
701 379 12 15 0.03623915 
760 361 13 18 0.035252854 
643 405 15 21 0.03504069 
625 404 20 27 0.034823563 
494 370 11 15 0.034706317 
220 10 51 69 0.034432527 
518 134 9 11 0.034158964 
357 373 246 256 0.034110434 
486 372 12 15 0.034108303 
226 219 15 18 0.034013383 
502 431 12 15 0.03396189 
793 409 16 20 0.03394758 
607 356 10 14 0.033753112 
725 408 14 17 0.033690955 
334 77 9 12 0.032962397 
220 7 91 116 0.032938767 
254 215 21 25 0.032922883 
826 354 15 18 0.032826692 
629 317 9 11 0.03247285 
192 164 9 12 0.031974837 
232 197 9 11 0.03156567 
686 341 12 15 0.031414196 
770 351 15 18 0.031306285 
496 357 19 26 0.030658875 
243 173 12 15 0.030569024 
550 314 13 17 0.030096775 
667 436 15 20 0.029892758 
549 345 11 14 0.029570889 
821 349 24 31 0.029385999 
500 401 13 17 0.029314063 
630 382 9 13 0.029250799 
844 389 25 32 0.02902045 
168 189 8 11 0.02873009 
632 347 10 13 0.028565751 
350 431 12 17 0.028305974 
648 353 22 28 0.028216666 
188 191 11 12 0.028200196 
188 120 12 16 0.02802167 
330 419 26 36 0.027721792 
499 431 21 25 0.027696166 
654 343 9 10 0.027686276 
819 264 17 23 0.027609283 
149 236 11 12 0.027534962 
315 79 11 13 0.027514055 
187 6 56 81 0.027509086 
597 356 10 13 0.027503438 
524 316 22 27 0.027276622 
576 362 11 14 0.027266243 
356 372 12 14 0.02724168 
156 220 9 12 0.02719805 
525 341 14 16 0.027154667 
932 183 16 20 0.027108686 
624 311 8 12 0.027040975 
333 206 9 11 0.027011182 
502 348 10 14 0.026939403 
555 481 26 29 0.026915275 
924 181 13 15 0.02688809 
509 275 12 16 0.026754228 
46 126 13 16 0.026720861 
495 434 11 14 0.026668206 
619 355 10 14 0.026595946 
578 356 22 26 0.026498787 
350 371 12 15 0.026285252 
287 134 12 15 0.026278691 
204 214 10 12 0.026152898 
640 315 9 12 0.026021602 
868 359 13 18 0.026017938 
874 375 22 33 0.025899911 
838 393 15 18 0.025881127 
182 246 8 11 0.02586256 
583 398 18 22 0.02556646 
484 378 13 17 0.025479542 
222 242 11 16 0.025057763 
152 215 11 14 0.024974566 
129 222 9 11 0.024889931 
119 223 8 10 0.024877839 
341 429 23 29 0.024822397 
673 346 10 14 0.024821391 
319 220 9 12 0.02478676 
290 139 13 16 0.02461829 
293 361 10 15 0.024497185 
547 371 11 14 0.02449046 
79 111 96 113 0.024474572 
462 421 12 16 0.024395224 
220 258 11 14 0.024215076 
440 342 9 11 0.02411239 
554 452 15 18 0.024075154 
146 163 390 454 0.024013031 
340 150 10 13 0.023892015 
630 324 11 15 0.023878995 
255 207 11 12 0.023799257 
861 425 33 40 0.023752674 
530 461 22 26 0.023719426 
489 427 10 13 0.023579987 
182 182 11 13 0.02349673 
325 371 13 15 0.023308203 
586 388 17 19 0.023237593 
558 453 23 30 0.023223864 
295 421 15 17 0.023218928 
564 298 10 13 0.02316628 
939 284 24 36 0.022917299 
647 342 9 12 0.022768952 
722 334 15 20 0.022705482 
509 492 16 19 0.022670705 
174 182 9 11 0.02258721 
488 321 229 239 0.022585284 
313 119 17 18 0.022572193 
518 460 13 17 0.02256318 
782 264 18 23 0.022430401 
175 189 9 11 0.022278313 
231 92 12 14 0.022265267 
550 282 19 25 0.022257794 
643 350 13 15 0.022236923 
621 349 11 14 0.022208206 
318 182 9 13 0.022103155 
548 394 11 15 0.022047373 
217 301 8 11 0.022019466 
625 375 9 12 0.021921612 
340 118 11 15 0.02188235 
561 474 27 28 0.021874879 
428 102 10 12 0.02178587 
565 387 13 19 0.021754105 
167 182 8 11 0.021743389 
564 459 14 19 0.02170092 
64 119 13 19 0.021673998 
111 223 8 10 0.021662844 
917 403 14 16 0.021648826 
652 346 19 24 0.021616776 
494 409 13 17 0.021313246 
176 256 11 13 0.02131179 
724 383 12 15 0.021301795 
313 181 10 13 0.021295942 
552 298 11 14 0.021263273 
316 291 13 14 0.02122856 
587 381 14 16 0.021179443 
245 236 13 15 0.021140106 
118 230 9 10 0.021109747 
543 396 12 16 0.021042496 
515 234 23 31 0.02099794 
209 237 23 29 0.020992827 
711 340 27 31 0.020955063 
340 412 10 14 0.02090392 
325 386 13 16 0.02087434 
230 191 9 11 0.020862473 
529 348 15 18 0.020856751 
159 187 9 12 0.020844944 
296 222 8 11 0.020700969 
285 237 11 13 0.02055542 
623 408 13 19 0.02053172 
302 301 10 12 0.02049526 
477 441 13 16 0.02046689 
495 395 13 15 0.020394964 
194 219 107 125 0.020387447 
631 289 18 24 0.020348184 
502 382 9 14 0.020230593 
