2_Demonstration_Political_Rally_2_329
478
932 283 59 78 0.99941075 
125 230 47 59 0.99851567 
746 396 91 117 0.99843866 
138 347 58 68 0.9983931 
924 212 31 38 0.9981857 
802 206 38 46 0.9980761 
648 235 36 45 0.9977344 
306 311 68 83 0.9973103 
268 197 40 49 0.99698085 
615 207 26 36 0.99629325 
464 240 37 43 0.99597883 
129 176 30 37 0.9947798 
196 194 35 41 0.99418676 
770 176 24 32 0.9940416 
879 161 28 34 0.9926051 
478 314 83 102 0.99095225 
851 224 24 35 0.9885416 
833 183 26 31 0.9872922 
866 337 61 71 0.98715127 
694 329 41 43 0.9800591 
-2 188 36 48 0.975748 
479 137 15 19 0.9019221 
500 144 17 20 0.8474845 
844 128 13 17 0.84273213 
59 169 17 22 0.8222128 
968 147 10 14 0.80089265 
956 192 21 26 0.78133327 
567 146 13 18 0.7629676 
302 184 23 29 0.6946277 
28 147 13 16 0.6617052 
973 227 24 31 0.6566355 
947 143 12 15 0.65526724 
333 179 25 29 0.61994797 
70 133 9 12 0.6074219 
768 130 11 14 0.5693903 
781 117 10 14 0.5521442 
50 135 12 14 0.5481851 
783 140 9 12 0.5467545 
999 172 13 17 0.5375132 
864 137 11 15 0.4474512 
542 152 13 17 0.43435046 
617 358 31 39 0.3982618 
112 155 10 14 0.386283 
612 158 10 12 0.36855018 
61 201 26 45 0.3249132 
44 198 31 45 0.3186115 
668 191 22 25 0.30646676 
892 110 16 21 0.2852924 
371 191 17 22 0.26500958 
900 145 15 18 0.23317675 
72 154 10 14 0.22977442 
745 125 11 14 0.22364028 
742 131 10 14 0.22011165 
110 161 15 20 0.2183645 
532 125 10 13 0.21529818 
558 128 8 10 0.20085828 
997 137 11 15 0.19825636 
111 130 11 14 0.1921821 
73 209 33 43 0.18968466 
6 116 10 15 0.1753635 
513 118 8 11 0.17502485 
892 79 11 15 0.17055275 
660 193 15 17 0.16161354 
554 127 8 11 0.15449542 
798 147 14 17 0.14806643 
91 149 14 17 0.14722942 
986 223 18 26 0.14118607 
41 109 8 12 0.14022982 
788 139 10 12 0.13788715 
717 193 12 15 0.13739587 
533 120 9 11 0.13603777 
495 125 11 13 0.1333249 
428 205 15 20 0.13014229 
66 128 10 12 0.12006623 
502 117 9 11 0.11821107 
135 108 10 13 0.117422916 
960 245 39 47 0.114798576 
804 134 9 12 0.10948455 
608 119 9 12 0.109336995 
364 181 14 18 0.102977075 
976 235 37 54 0.102508046 
76 134 9 11 0.10197693 
799 141 11 14 0.10176015 
1012 150 10 14 0.09953736 
31 109 9 11 0.09826747 
-2 212 28 43 0.09729578 
26 118 7 11 0.096066386 
781 234 21 29 0.09438363 
971 144 11 13 0.093413 
701 203 13 15 0.0932105 
552 110 8 10 0.092760466 
734 151 10 13 0.09243501 
732 164 11 13 0.09210913 
584 249 23 31 0.09139881 
709 197 12 13 0.09106496 
22 195 40 52 0.08758316 
863 145 14 19 0.0858866 
1 78 8 13 0.084984615 
592 127 7 10 0.08371774 
998 185 13 17 0.08367387 
668 206 17 21 0.083181456 
601 124 9 11 0.08307821 
543 126 8 11 0.08287308 
540 192 10 13 0.08226436 
612 118 10 13 0.08114018 
748 121 10 13 0.08009781 
990 126 10 13 0.07936538 
468 155 13 17 0.07901511 
586 111 8 11 0.07874749 
462 133 10 13 0.078409165 
94 119 9 11 0.07814526 
850 130 13 16 0.07732329 
79 128 9 10 0.0761996 
913 78 10 13 0.07401409 
469 135 19 25 0.07301539 
487 162 11 14 0.0706802 
995 222 14 19 0.07061659 
558 173 10 11 0.07054303 
76 150 12 15 0.06857242 
1001 245 26 44 0.06687398 
742 138 10 13 0.065003365 
79 111 7 10 0.06491668 
823 190 29 37 0.06461189 
815 170 13 17 0.06458774 
918 148 11 14 0.06456687 
525 167 8 11 0.06416889 
786 144 20 24 0.06389392 
568 120 7 9 0.061892346 
975 133 9 12 0.06162108 
12 133 10 12 0.06114503 
917 244 23 29 0.060517322 
894 151 22 26 0.05999553 
570 234 15 19 0.059806146 
782 146 13 15 0.059776254 
862 129 10 13 0.059325874 
582 199 11 13 0.059250455 
521 156 10 14 0.05921618 
513 256 27 32 0.05884436 
173 229 29 39 0.058734313 
534 210 13 16 0.058389813 
231 237 25 30 0.05819201 
519 101 8 11 0.057737503 
517 192 11 13 0.057431914 
590 118 9 10 0.05690116 
88 119 10 12 0.056497365 
116 128 10 13 0.055902205 
77 161 11 15 0.055223014 
1008 154 11 15 0.05460742 
486 125 11 13 0.054514322 
585 127 8 10 0.05440856 
510 192 12 14 0.053783696 
574 126 9 10 0.053765263 
815 119 9 13 0.053299688 
113 167 16 21 0.053058058 
599 149 9 12 0.053023346 
420 191 23 28 0.05289988 
583 132 9 12 0.052350197 
777 139 11 14 0.052304246 
325 185 18 22 0.052282132 
566 125 9 11 0.05215005 
560 120 8 10 0.051566094 
497 119 10 13 0.051342256 
10 140 12 16 0.049934 
519 148 10 13 0.04904349 
48 127 9 12 0.048990805 
906 143 13 16 0.048761178 
589 238 22 28 0.048756633 
11 126 10 12 0.048535954 
492 164 11 13 0.048520222 
24 125 8 11 0.048468392 
402 185 14 20 0.048052832 
1003 166 12 17 0.047577538 
964 143 18 24 0.047543112 
78 141 9 12 0.04733423 
561 95 7 9 0.04686945 
95 111 8 10 0.04675648 
543 132 10 12 0.046253998 
619 210 37 46 0.046237536 
378 197 16 23 0.045932155 
30 116 8 11 0.045863636 
462 139 11 16 0.045654498 
590 150 9 11 0.044937007 
535 100 8 11 0.044395532 
539 156 10 13 0.044270232 
729 156 9 13 0.04394172 
870 165 23 28 0.043845367 
612 103 10 12 0.043703463 
991 130 12 15 0.043589205 
845 121 12 16 0.043572254 
13 145 11 15 0.04349464 
787 117 10 15 0.043304045 
518 111 9 12 0.042893946 
609 109 11 12 0.042016413 
494 83 9 13 0.04199774 
895 351 39 46 0.041426364 
66 149 11 13 0.04130061 
559 111 7 9 0.041146792 
492 77 10 13 0.041072812 
681 196 15 17 0.040959552 
507 165 12 15 0.040884495 
68 163 13 17 0.040849656 
737 274 36 47 0.040766783 
68 151 19 24 0.04063384 
553 120 8 9 0.040483333 
934 139 12 16 0.040414043 
932 164 15 17 0.040377326 
830 132 12 14 0.040220104 
129 102 9 12 0.04015442 
907 154 14 19 0.03977617 
52 128 10 13 0.039582662 
553 104 7 10 0.039511956 
70 139 10 12 0.039454605 
62 128 19 23 0.039416015 
967 171 12 14 0.038648173 
63 118 9 10 0.038593348 
586 117 7 10 0.038094867 
728 170 10 14 0.038084988 
512 94 8 11 0.038053747 
846 77 12 15 0.037939113 
608 152 11 14 0.037912816 
552 131 11 12 0.037645355 
63 140 10 12 0.037595484 
135 114 10 13 0.037576098 
528 110 8 10 0.03742661 
525 172 10 12 0.037222266 
529 129 11 14 0.037180286 
936 135 9 12 0.037160303 
924 148 11 14 0.03709882 
562 147 11 14 0.036934014 
982 131 10 13 0.0369169 
511 123 9 12 0.036802765 
790 220 30 39 0.036625125 
867 153 14 18 0.036391526 
49 169 25 39 0.035740364 
560 142 10 13 0.035457764 
101 119 9 10 0.035208352 
781 153 13 16 0.035091788 
689 338 51 66 0.03502191 
777 148 11 14 0.034983624 
547 111 8 10 0.0349078 
102 164 24 29 0.034813687 
36 144 10 12 0.03472882 
609 163 11 14 0.03465515 
556 228 22 28 0.03452693 
501 157 21 27 0.03443865 
73 110 9 12 0.034315966 
63 111 8 11 0.03429714 
514 210 14 16 0.034253962 
766 135 12 16 0.03411047 
464 145 12 18 0.034080956 
543 120 8 10 0.03402087 
68 167 23 27 0.03401965 
942 174 22 26 0.03380988 
649 168 7 10 0.033639237 
541 162 12 15 0.033516128 
486 118 10 12 0.03309488 
470 87 9 11 0.03296637 
740 154 11 16 0.032899085 
960 146 12 16 0.032894354 
508 200 24 31 0.032873977 
590 156 9 11 0.032848153 
525 148 10 12 0.032841112 
802 168 17 20 0.03279402 
355 186 24 32 0.032776896 
575 121 7 8 0.03257462 
99 151 19 24 0.032378025 
64 156 11 13 0.032281455 
577 230 23 27 0.032205194 
492 120 19 24 0.032197803 
119 167 27 35 0.032190315 
908 123 12 15 0.03206878 
40 116 8 11 0.031929776 
537 196 11 13 0.031893983 
730 151 9 13 0.031753365 
79 116 9 11 0.03171752 
888 74 19 26 0.03169254 
956 142 11 16 0.03159854 
973 177 14 16 0.031553056 
491 147 22 27 0.031430718 
779 136 18 22 0.031414013 
700 207 17 20 0.031378247 
983 148 10 13 0.031327996 
536 180 10 13 0.031209694 
656 191 13 16 0.031109693 
544 101 8 10 0.031018386 
-4 465 41 78 0.030934753 
881 177 21 25 0.030602735 
705 193 21 23 0.030531507 
549 239 13 18 0.030467765 
519 171 10 13 0.030228546 
104 164 12 15 0.030133681 
23 152 13 16 0.030082176 
775 112 18 24 0.030012397 
801 152 14 17 0.029724129 
86 143 11 15 0.02966912 
518 95 8 11 0.029655905 
541 181 10 12 0.029652806 
504 192 10 12 0.029604713 
666 324 15 20 0.02960048 
11 118 10 13 0.02959062 
542 173 8 11 0.029556818 
119 88 7 9 0.029527863 
576 132 11 12 0.029437276 
730 144 19 28 0.029326268 
39 106 8 11 0.029309155 
584 150 10 13 0.02924049 
101 111 9 10 0.029215839 
502 101 9 11 0.02918897 
26 111 9 11 0.028884841 
904 303 60 84 0.028831279 
660 209 18 21 0.028728627 
946 513 23 28 0.028694982 
553 96 7 9 0.02850318 
30 125 9 11 0.028501024 
821 125 9 12 0.02837748 
111 121 9 11 0.02831113 
559 103 7 9 0.028286496 
722 194 12 15 0.028163131 
109 137 13 17 0.028100723 
862 168 15 20 0.02798965 
524 204 25 29 0.027941134 
513 101 9 10 0.027856842 
661 200 16 20 0.027823728 
680 159 9 11 0.027689483 
24 144 12 16 0.027670044 
100 148 13 17 0.027626934 
478 161 12 15 0.027555156 
537 149 12 15 0.027538462 
45 117 9 11 0.027419047 
225 232 22 28 0.027334556 
534 112 8 9 0.027279599 
639 160 8 10 0.027239662 
500 132 13 14 0.027082494 
549 142 11 12 0.027070044 
915 187 17 20 0.02703329 
837 227 14 20 0.026989875 
712 187 21 25 0.026960049 
542 88 7 9 0.026827034 
448 186 12 15 0.026749691 
532 250 14 18 0.026704594 
558 180 10 11 0.026693283 
901 118 14 19 0.02668369 
694 197 14 18 0.026645493 
588 174 11 13 0.02662031 
591 95 8 11 0.026585443 
95 94 9 11 0.026543902 
114 89 7 10 0.026543021 
638 164 9 11 0.026519615 
494 156 12 16 0.026489109 
113 94 8 10 0.02642396 
339 198 16 21 0.026390126 
889 109 12 17 0.02632316 
559 156 10 14 0.026298001 
775 111 12 15 0.026255848 
115 151 11 15 0.026253961 
479 96 8 10 0.026213475 
787 163 15 18 0.026209127 
104 125 10 12 0.02620029 
933 141 20 25 0.026191216 
126 131 10 13 0.026168225 
60 357 15 19 0.026115464 
471 94 9 11 0.02609338 
411 219 17 20 0.025993327 
1014 187 11 16 0.025854072 
566 173 9 12 0.025731768 
340 218 16 21 0.025710631 
137 97 9 12 0.025681334 
490 129 20 25 0.025663363 
934 83 9 12 0.025641635 
71 117 10 12 0.02557978 
539 250 13 17 0.0255343 
480 101 10 11 0.025532946 
1014 179 10 16 0.025515137 
662 232 30 40 0.025469419 
538 86 7 10 0.025426641 
473 155 21 26 0.025415016 
59 174 25 37 0.025284262 
600 141 9 12 0.02527159 
915 162 14 17 0.02509345 
528 101 8 12 0.025053576 
731 274 15 20 0.02495691 
31 134 10 11 0.02485461 
567 112 8 9 0.024819102 
601 217 24 31 0.024781398 
536 95 9 11 0.024769157 
352 177 23 28 0.024745872 
543 95 7 10 0.02471571 
951 178 23 27 0.024633506 
222 242 14 18 0.024550157 
647 205 23 27 0.024541926 
5 445 54 95 0.024375541 
526 179 10 12 0.02434489 
523 250 17 19 0.02433338 
129 107 10 12 0.024272466 
961 155 12 15 0.024073575 
133 146 14 17 0.024026075 
789 174 23 31 0.02401209 
741 161 12 16 0.023801517 
56 118 8 11 0.023711054 
957 222 38 48 0.023626663 
496 101 11 11 0.02362098 
966 126 10 13 0.023591224 
96 103 8 10 0.023583084 
736 142 9 13 0.023462985 
40 127 8 10 0.02345774 
543 143 11 13 0.02343857 
646 128 8 10 0.023404222 
590 132 9 11 0.023303611 
510 188 22 27 0.02322766 
981 139 11 15 0.023222772 
88 110 8 10 0.023176791 
536 173 10 12 0.02317574 
851 134 20 23 0.023053436 
120 185 28 38 0.023030696 
92 179 16 18 0.02302193 
824 168 25 30 0.022989146 
632 359 21 26 0.022810604 
917 82 11 14 0.022789583 
913 144 19 24 0.022722442 
799 129 10 12 0.022666495 
542 244 13 18 0.022629054 
567 92 8 10 0.022615975 
118 94 9 10 0.022604665 
572 232 40 50 0.02253811 
590 101 10 12 0.022526864 
602 237 13 17 0.02249349 
598 174 9 13 0.022445701 
902 492 28 33 0.022428157 
868 163 14 20 0.022346456 
777 149 21 25 0.022264365 
512 144 21 24 0.022251287 
575 94 7 10 0.022232449 
40 133 8 11 0.022210237 
314 185 16 21 0.022174098 
480 126 11 13 0.02213727 
487 156 21 26 0.02213722 
567 198 9 11 0.022061756 
504 21 10 12 0.022061009 
552 181 10 11 0.02200292 
469 133 12 16 0.02198739 
87 134 10 13 0.021980409 
496 95 9 10 0.021921773 
28 159 16 20 0.021887675 
93 161 12 15 0.021638865 
382 201 23 27 0.021627376 
78 105 8 11 0.0216244 
942 203 25 33 0.021623945 
550 164 12 15 0.021622151 
554 171 9 12 0.02156508 
833 219 24 33 0.021494748 
561 197 9 12 0.021439992 
1006 141 10 13 0.021406721 
653 205 13 16 0.021318493 
76 170 12 16 0.021255717 
530 261 17 22 0.021230906 
897 104 14 17 0.021173898 
184 154 24 30 0.021016661 
94 86 8 12 0.020973189 
583 175 11 12 0.020916207 
915 155 13 17 0.02088755 
536 150 23 29 0.020756599 
578 110 8 10 0.020687772 
782 217 13 17 0.020638142 
527 142 10 14 0.020636784 
1005 133 10 15 0.020631416 
921 192 18 21 0.020613005 
97 137 21 26 0.020458743 
510 133 11 13 0.020438833 
608 152 19 23 0.020394988 
22 133 9 11 0.020388188 
568 88 7 10 0.020369256 
695 210 25 31 0.020321162 
479 125 19 24 0.020301312 
495 192 10 11 0.020244965 
526 118 19 25 0.02020248 
456 141 12 16 0.02015732 
807 128 9 12 0.020136723 
386 195 17 20 0.020127885 
