2_Demonstration_Demonstrators_2_545
229
65 431 31 41 0.9853081 
291 434 27 36 0.96626997 
255 404 23 32 0.960112 
402 403 19 23 0.95257133 
417 457 23 31 0.9466787 
254 498 37 47 0.9388059 
149 416 29 38 0.9386876 
58 492 46 63 0.91677994 
211 381 16 20 0.8591658 
880 438 25 39 0.7762072 
792 410 21 32 0.6568427 
363 419 17 24 0.6223775 
836 369 24 29 0.54765886 
381 208 452 528 0.4616915 
191 412 23 30 0.4312402 
99 392 26 32 0.38634217 
741 327 14 18 0.33603346 
114 348 14 19 0.32441556 
46 322 17 20 0.28546113 
387 297 14 19 0.25193807 
42 374 25 33 0.24202517 
917 347 18 21 0.23158522 
125 304 17 20 0.2130274 
354 293 12 15 0.19918545 
158 323 13 16 0.18941446 
308 293 13 17 0.17247275 
174 349 13 15 0.16547942 
724 392 14 20 0.1587343 
463 266 47 65 0.1575394 
786 348 14 18 0.15017329 
416 141 205 249 0.14631234 
822 291 15 17 0.14055021 
637 251 54 68 0.13766304 
917 378 41 59 0.12868823 
437 354 12 15 0.12351462 
84 307 13 15 0.12345355 
791 484 44 50 0.117525816 
761 351 16 22 0.11642532 
690 296 14 20 0.10717476 
265 352 16 19 0.103841156 
428 365 13 16 0.09949848 
897 312 16 19 0.09811827 
99 342 20 26 0.09612218 
11 348 20 28 0.088577665 
413 358 12 16 0.0869769 
296 385 401 406 0.08557799 
43 361 17 22 0.08511827 
858 331 14 19 0.081525095 
741 302 11 14 0.078667715 
275 259 13 16 0.073914796 
950 400 83 109 0.072463766 
922 406 29 39 0.0712433 
741 286 10 13 0.070985965 
93 342 17 23 0.06826909 
338 352 16 21 0.0679947 
421 294 11 15 0.0677628 
480 245 62 80 0.06721382 
421 364 13 17 0.06569157 
514 276 246 341 0.065520436 
151 298 21 27 0.065032735 
741 293 10 11 0.06440399 
774 277 12 14 0.062269762 
125 328 17 19 0.06178913 
322 300 14 17 0.06103156 
253 297 14 21 0.060346987 
318 305 16 20 0.059470028 
45 485 78 106 0.058356095 
148 292 17 20 0.056164574 
830 370 17 23 0.054837804 
422 297 14 19 0.0546498 
917 287 15 20 0.05450525 
360 534 28 34 0.053861625 
303 267 12 15 0.05197802 
151 493 52 64 0.050194908 
852 298 13 16 0.04925861 
204 246 15 17 0.04903847 
468 219 110 116 0.046933852 
114 390 23 29 0.04681499 
443 271 47 59 0.045556724 
41 348 21 28 0.045159217 
348 364 14 17 0.04381155 
832 196 21 33 0.043741994 
875 304 16 21 0.043268204 
473 393 414 474 0.04308553 
910 141 42 58 0.042436358 
350 46 310 412 0.042250685 
332 221 22 28 0.042097725 
271 496 32 43 0.04178289 
-3 219 84 124 0.041535597 
893 293 22 28 0.041442625 
324 514 113 128 0.041357767 
295 354 23 27 0.04108941 
675 297 12 18 0.040762 
287 356 14 18 0.040601477 
383 371 13 17 0.04044766 
349 294 20 25 0.039413616 
82 379 17 22 0.039301123 
58 298 16 20 0.039155915 
769 278 10 12 0.038988806 
239 250 13 17 0.03817344 
708 300 12 14 0.037606727 
342 339 15 17 0.03751479 
388 354 15 21 0.037311785 
865 417 39 54 0.03719122 
813 172 49 63 0.03668457 
939 372 51 73 0.036580637 
307 493 36 50 0.036509227 
358 233 13 20 0.036306303 
203 323 15 19 0.036005415 
730 463 45 65 0.03473106 
289 495 36 53 0.03458091 
179 352 13 16 0.034577344 
755 402 13 17 0.034558445 
460 290 16 21 0.034296524 
322 445 246 245 0.033859164 
847 316 23 30 0.033706374 
733 260 11 13 0.033327278 
908 353 24 30 0.032731313 
44 245 15 18 0.03250277 
920 212 28 33 0.032113336 
450 246 81 117 0.03200342 
725 309 11 14 0.03161987 
819 121 53 81 0.031476077 
911 388 31 41 0.031000765 
748 275 11 14 0.03063069 
92 383 23 29 0.030548641 
309 303 14 19 0.03044308 
899 300 23 29 0.030236403 
655 266 31 40 0.030169042 
371 199 25 35 0.030035151 
205 384 21 29 0.02948906 
843 126 44 72 0.029469123 
904 289 24 31 0.029269008 
405 306 14 18 0.029175589 
767 343 19 26 0.02916967 
394 300 13 17 0.028693654 
850 338 23 31 0.028687354 
459 282 28 38 0.02842052 
772 321 12 16 0.028417706 
277 252 14 18 0.028351368 
437 306 13 17 0.028336573 
687 303 12 19 0.02823088 
773 291 12 14 0.02817769 
813 300 14 17 0.02817609 
434 359 14 19 0.028029794 
355 286 14 16 0.027920555 
195 406 17 21 0.027738608 
317 346 15 20 0.027506549 
764 341 15 20 0.027352566 
291 504 15 25 0.027244814 
883 303 20 26 0.027243149 
780 340 16 20 0.027212633 
243 394 25 32 0.027116977 
930 418 17 25 0.027008312 
306 261 15 18 0.02678597 
46 297 12 17 0.02676941 
292 307 14 17 0.026753226 
136 420 22 32 0.026548374 
129 310 17 20 0.026432391 
345 250 16 22 0.026120018 
773 341 13 17 0.025584837 
335 315 13 15 0.02555808 
245 320 12 16 0.025542902 
342 291 12 16 0.025521377 
913 297 23 32 0.025502965 
152 322 13 17 0.025331123 
284 251 13 18 0.025283275 
162 317 13 17 0.025221512 
398 306 12 15 0.024840595 
302 295 15 21 0.024635315 
-14 -9 399 414 0.024614338 
189 300 11 14 0.0245813 
101 378 27 34 0.024391236 
934 259 27 40 0.024364619 
703 339 13 17 0.024211073 
348 422 23 29 0.024193056 
9 95 39 64 0.024114063 
315 508 50 67 0.024056956 
768 283 11 14 0.023673927 
236 369 16 20 0.023626864 
388 374 13 18 0.023501601 
862 319 23 30 0.023475204 
117 274 12 17 0.023165582 
909 283 17 21 0.022985686 
273 267 12 14 0.022881696 
95 252 13 16 0.022877537 
37 260 14 19 0.022857733 
353 534 63 70 0.022817144 
799 300 10 13 0.02253533 
363 239 14 21 0.022402842 
101 317 14 17 0.022275783 
950 242 13 19 0.022137156 
792 301 10 12 0.022109145 
750 22 179 258 0.021977473 
957 245 12 17 0.021917358 
477 288 14 22 0.021912254 
119 335 21 26 0.021864595 
670 288 21 30 0.021681234 
803 471 28 39 0.021559536 
971 266 16 21 0.021546118 
907 349 40 54 0.021487828 
431 295 22 30 0.02138944 
396 347 14 17 0.021345697 
155 284 14 19 0.021338796 
173 245 13 15 0.021310352 
845 303 23 28 0.02129253 
782 417 16 21 0.021242226 
453 220 16 23 0.021228489 
262 359 15 18 0.021190813 
429 303 13 19 0.021090895 
437 292 13 17 0.021019313 
850 365 26 32 0.020985633 
800 399 39 53 0.020953154 
798 293 10 13 0.020886878 
798 285 11 13 0.020875929 
177 406 24 33 0.020780029 
365 290 12 16 0.02065497 
252 313 13 17 0.02055228 
42 329 24 31 0.020551426 
867 270 17 21 0.02047187 
315 293 14 18 0.020416867 
191 319 22 28 0.020395963 
752 472 46 58 0.02032718 
845 395 46 61 0.02032516 
339 322 13 16 0.020314077 
921 296 16 21 0.020303018 
358 414 16 19 0.020298716 
357 166 15 22 0.020206356 
420 446 16 18 0.020016242 
