2_Demonstration_Demonstrators_2_470
29
479 287 184 247 0.99980015 
450 141 120 144 0.9987538 
623 29 78 125 0.99567056 
878 122 92 145 0.99532914 
20 164 309 398 0.986416 
398 53 84 109 0.96194404 
418 75 99 137 0.2210273 
561 63 28 38 0.13885252 
50 68 112 124 0.10586629 
819 199 45 64 0.066420265 
649 56 90 123 0.06227357 
5 85 228 305 0.059373207 
833 135 100 122 0.045614332 
689 84 86 121 0.040553547 
646 70 171 226 0.035179026 
41 7 54 68 0.030460786 
885 81 139 219 0.030166036 
31 10 90 131 0.02996177 
6 368 147 204 0.028763331 
709 109 363 491 0.02817362 
553 60 48 62 0.025650164 
908 536 105 149 0.02515507 
444 81 64 84 0.024828412 
918 625 51 65 0.024586765 
796 163 86 110 0.024003323 
301 21 29 38 0.023861915 
576 54 45 62 0.021890597 
842 1 29 31 0.020170968 
14 163 128 197 0.020029664 
