2_Demonstration_Demonstrators_2_486
50
552 405 66 87 0.9991036 
376 384 88 126 0.997003 
1000 273 18 24 0.91381085 
145 460 54 57 0.76849663 
936 329 34 54 0.67795813 
25 260 14 18 0.59233785 
282 381 34 49 0.38561064 
865 230 27 35 0.29683325 
179 285 29 38 0.28962246 
697 445 57 63 0.19912107 
197 422 36 44 0.14503573 
19 61 14 18 0.10303535 
149 478 32 36 0.08177575 
212 325 15 18 0.05491415 
88 300 9 12 0.05419621 
989 339 37 58 0.047966298 
975 90 12 15 0.047380503 
176 428 54 62 0.047121525 
422 312 25 32 0.045487925 
722 443 58 65 0.043063242 
270 128 23 30 0.041308504 
223 309 15 16 0.04069753 
321 458 42 53 0.0384885 
209 419 16 20 0.03737014 
813 108 17 20 0.03542725 
936 316 28 43 0.034100804 
956 332 38 57 0.033811092 
194 386 26 28 0.0334349 
830 302 13 15 0.03279955 
258 431 43 57 0.032396622 
794 293 18 19 0.03213804 
204 300 14 18 0.031897727 
277 448 45 54 0.030861096 
607 42 363 481 0.030492328 
267 319 14 17 0.03029664 
34 259 15 19 0.029434584 
749 459 53 54 0.029378477 
26 40 16 18 0.026511986 
132 323 11 13 0.024575887 
98 18 15 18 0.024470659 
202 412 17 21 0.023933768 
19 34 16 21 0.023133315 
14 32 13 21 0.02306772 
985 150 29 38 0.022929227 
102 119 12 14 0.022363389 
221 315 15 18 0.021842824 
973 338 31 40 0.021458175 
511 191 11 15 0.020561056 
718 126 231 291 0.020180402 
179 345 14 18 0.02010758 
