2_Demonstration_Protesters_2_881
29
42 296 27 32 0.99383754 
332 285 31 48 0.96132696 
764 79 211 189 0.5323325 
360 236 373 384 0.333386 
361 128 283 349 0.20540334 
798 117 230 306 0.16198958 
695 118 204 251 0.07048886 
419 11 334 419 0.06996727 
439 343 187 181 0.05964641 
960 67 58 79 0.057664674 
628 199 106 174 0.057514988 
20 318 14 18 0.05435766 
724 49 403 517 0.051263828 
514 125 346 401 0.047221355 
858 11 122 123 0.04530809 
740 142 113 143 0.04004012 
365 38 303 231 0.03783533 
697 166 53 78 0.035282753 
16 316 12 17 0.03320843 
693 184 35 53 0.030257776 
846 50 153 172 0.028172186 
18 313 23 30 0.025619796 
675 421 58 64 0.024732236 
988 144 35 47 0.022359604 
381 114 154 148 0.022191936 
591 -2 347 400 0.020991577 
574 272 28 35 0.020806072 
963 94 61 93 0.020502709 
698 133 46 61 0.020214219 
