2_Demonstration_Demonstration_Or_Protest_2_687
3802
132 546 16 20 0.9844902 
398 449 14 17 0.97325903 
187 506 15 19 0.9698336 
229 499 12 17 0.963677 
879 376 13 18 0.96114737 
645 519 16 21 0.9591192 
407 365 11 14 0.9590428 
811 475 15 19 0.9589889 
485 514 14 18 0.95724875 
443 526 19 24 0.95531917 
75 397 14 18 0.950541 
535 513 13 18 0.9490868 
585 507 15 19 0.9462032 
843 325 13 17 0.9461873 
710 369 15 20 0.9418344 
368 434 13 17 0.9359504 
962 630 19 24 0.9337899 
420 482 15 18 0.9308516 
196 442 11 16 0.92789173 
77 323 12 17 0.9259352 
598 459 13 18 0.92233515 
472 347 12 16 0.91859984 
576 421 11 15 0.91787153 
765 541 15 20 0.91200817 
161 481 15 21 0.9111548 
502 405 12 15 0.9063443 
739 413 14 19 0.90017 
437 453 15 19 0.9000959 
463 395 10 13 0.9000122 
670 363 11 14 0.8991734 
701 483 16 20 0.89835674 
755 510 15 20 0.89734393 
701 309 11 15 0.89582324 
34 490 16 21 0.8953324 
817 355 12 16 0.89301604 
478 293 13 16 0.8916355 
525 260 13 17 0.8891938 
605 489 14 18 0.88287497 
781 433 13 16 0.88149583 
84 454 13 17 0.8776464 
671 388 10 14 0.87468565 
652 317 11 14 0.8705923 
428 400 14 19 0.86938655 
251 546 15 22 0.8683517 
151 454 12 16 0.86577773 
581 370 12 15 0.8644298 
678 409 15 19 0.8598004 
820 402 13 17 0.85873854 
385 358 11 14 0.8571779 
19 420 14 17 0.85418427 
518 466 11 15 0.852672 
766 575 16 21 0.8518466 
763 347 11 15 0.845124 
793 455 15 19 0.8418235 
686 532 18 23 0.83605194 
504 342 11 15 0.83489937 
380 333 9 13 0.83265924 
260 448 12 17 0.8318034 
557 381 12 15 0.82996625 
490 459 12 15 0.82988125 
884 437 13 16 0.82817847 
376 565 17 19 0.8194755 
811 410 13 16 0.8058593 
280 534 14 17 0.78685045 
957 464 14 18 0.7843865 
873 309 11 13 0.78325254 
361 357 9 14 0.7825705 
446 310 11 14 0.7803652 
92 599 19 24 0.77696246 
359 464 11 16 0.7743657 
667 307 11 14 0.7693793 
590 293 9 12 0.767354 
200 472 14 17 0.76710397 
47 324 10 14 0.76649606 
825 448 14 18 0.76540154 
572 294 9 12 0.7596552 
738 296 10 13 0.75520223 
709 524 18 23 0.75092924 
620 354 13 16 0.74403375 
767 381 13 16 0.7404779 
271 324 11 14 0.74009776 
259 401 11 15 0.73861235 
911 322 11 15 0.73818517 
928 292 9 13 0.7375496 
763 304 13 18 0.73587 
562 484 12 16 0.7241881 
333 349 10 13 0.7205592 
364 533 13 18 0.71554506 
340 293 10 13 0.7117194 
732 449 23 28 0.71114486 
416 270 10 13 0.71046966 
524 398 10 13 0.71027946 
790 382 12 15 0.7079104 
176 405 12 14 0.70574206 
418 510 13 17 0.7013198 
210 411 12 16 0.6942681 
496 275 13 16 0.6933406 
898 414 13 18 0.6894034 
496 314 12 16 0.68755585 
945 295 9 12 0.6869093 
773 270 8 11 0.68538505 
743 270 9 12 0.68468237 
278 288 8 11 0.6841148 
557 311 9 12 0.68334556 
422 271 10 12 0.68158334 
304 317 10 13 0.6802295 
552 270 11 14 0.6746117 
316 357 10 14 0.67402095 
27 327 10 14 0.6711151 
768 413 11 15 0.6652011 
437 426 11 15 0.66192555 
749 322 12 14 0.6593615 
923 400 14 18 0.6585005 
88 229 11 14 0.6564726 
676 474 14 17 0.64655566 
902 332 10 13 0.64395314 
312 506 13 16 0.64247715 
529 358 10 13 0.63535017 
210 348 9 12 0.6335218 
233 356 10 12 0.6327766 
927 235 10 12 0.6295683 
97 361 12 17 0.62756044 
127 235 9 14 0.6243095 
334 313 10 12 0.61570644 
441 196 9 13 0.6100345 
829 294 8 10 0.60898745 
110 309 10 14 0.6084703 
41 490 17 22 0.60453314 
488 350 11 13 0.60166436 
158 261 9 13 0.5985537 
918 270 11 15 0.59715164 
92 509 13 19 0.59555376 
695 420 12 17 0.591867 
377 325 12 14 0.5862565 
541 342 11 15 0.58564264 
870 458 11 15 0.5802152 
156 359 10 14 0.5798445 
651 351 11 15 0.5740828 
933 336 11 14 0.5693549 
305 414 10 12 0.5675126 
799 304 10 12 0.5671986 
278 370 10 14 0.5552327 
720 261 9 12 0.5520055 
5 334 10 13 0.54332715 
249 317 10 13 0.53426915 
7 260 11 16 0.5306947 
450 276 10 13 0.52776635 
207 342 10 13 0.52741474 
204 334 9 12 0.52578163 
419 538 14 18 0.5240741 
436 290 10 12 0.5157595 
327 331 11 14 0.5153098 
869 213 10 12 0.5111142 
481 488 14 19 0.5073502 
99 292 10 14 0.5018803 
693 245 9 12 0.5011118 
673 327 11 14 0.5008469 
790 418 12 16 0.49928728 
751 268 11 14 0.49716347 
605 310 9 12 0.49570554 
537 384 9 13 0.4952228 
790 314 11 14 0.49504936 
464 302 10 13 0.48880237 
146 274 10 13 0.48187417 
231 352 9 11 0.4800829 
617 299 9 12 0.48000163 
594 215 8 11 0.47706333 
494 237 10 14 0.4745297 
421 302 9 12 0.4736951 
158 334 9 13 0.47108993 
763 497 16 20 0.46905333 
887 271 9 12 0.46662772 
343 264 9 10 0.46338868 
537 435 10 14 0.45674855 
118 340 10 13 0.4560516 
55 182 9 11 0.45458186 
971 361 11 15 0.45416453 
765 246 11 13 0.44859222 
616 117 8 11 0.44506133 
870 245 8 11 0.4433222 
744 112 8 10 0.43873784 
384 235 9 12 0.43857977 
335 414 11 14 0.43677473 
799 327 9 12 0.43655303 
615 528 15 19 0.4328546 
677 218 10 13 0.4321795 
615 405 10 13 0.43179154 
630 287 8 11 0.42481866 
183 289 10 13 0.4231915 
472 263 11 13 0.42256102 
156 183 11 14 0.4183303 
602 184 8 11 0.41643 
520 375 10 12 0.41560024 
821 220 9 12 0.41505954 
615 346 14 17 0.41502053 
973 108 9 12 0.41331685 
120 269 11 13 0.41301706 
930 632 23 31 0.41040975 
659 220 9 12 0.40762055 
724 285 10 13 0.4067201 
261 422 9 13 0.40635628 
840 212 10 12 0.40549013 
445 391 9 12 0.40361035 
548 347 9 13 0.40235206 
581 251 8 11 0.40171006 
861 263 9 11 0.40061697 
600 271 9 12 0.39738977 
309 339 10 12 0.39468753 
884 276 9 12 0.39369985 
388 395 11 15 0.38390887 
694 391 12 15 0.3821061 
398 280 9 10 0.38189507 
725 255 9 11 0.38161197 
364 301 10 12 0.37783355 
678 371 10 13 0.3757778 
527 230 9 10 0.3744495 
977 230 7 11 0.37296036 
336 388 11 15 0.37272033 
722 458 15 19 0.37156707 
461 246 10 13 0.36956736 
811 107 10 13 0.36130658 
664 175 8 11 0.36082488 
894 264 10 12 0.3608011 
221 375 9 11 0.36078224 
949 325 9 13 0.36037147 
946 247 8 11 0.35809007 
968 247 8 11 0.3560699 
638 403 10 13 0.35563168 
231 332 9 12 0.35369626 
33 183 9 11 0.35210362 
790 295 9 11 0.3517777 
143 475 10 15 0.35147363 
871 208 9 11 0.35110196 
605 270 9 12 0.346694 
663 254 10 13 0.34426028 
686 127 8 10 0.3439633 
50 489 15 21 0.34381714 
63 292 9 12 0.34231925 
657 252 9 13 0.34009805 
687 255 9 12 0.33970508 
686 284 10 12 0.3396825 
89 222 11 15 0.33363765 
825 373 11 15 0.33356547 
236 419 9 12 0.3330826 
690 151 8 12 0.33203864 
509 189 7 10 0.33052203 
671 410 13 18 0.32752323 
863 268 8 10 0.32700977 
369 264 9 11 0.32507068 
623 284 11 13 0.32263455 
286 270 9 11 0.3220177 
659 493 12 14 0.32192793 
749 247 9 11 0.32179126 
696 223 8 11 0.3177598 
410 398 12 16 0.31732097 
744 318 10 13 0.3097427 
500 271 12 15 0.30961514 
806 151 8 11 0.3092402 
297 381 10 14 0.30631846 
552 227 9 11 0.30324003 
991 411 10 14 0.30262402 
378 164 10 13 0.302573 
314 195 9 12 0.30247614 
677 182 10 13 0.30048865 
567 407 9 11 0.30040509 
774 135 9 12 0.2992737 
295 311 9 13 0.29897973 
856 240 7 10 0.29649392 
654 149 9 11 0.29585087 
674 366 11 15 0.29505685 
445 204 10 13 0.29445782 
556 274 10 13 0.29253957 
742 343 10 12 0.28720358 
536 191 8 10 0.28668925 
957 604 12 15 0.28430957 
710 230 8 11 0.28333393 
381 410 10 13 0.28139162 
151 324 10 12 0.28087953 
453 216 9 12 0.27944478 
1005 411 11 14 0.2793012 
860 351 12 15 0.27739352 
574 415 12 15 0.27474344 
932 293 10 13 0.27292386 
998 410 11 13 0.27230358 
479 208 9 10 0.27174133 
578 229 8 11 0.27070096 
792 299 10 13 0.27049085 
484 394 11 13 0.2702521 
408 309 10 12 0.2690361 
881 273 9 12 0.26724154 
789 351 9 12 0.26623783 
149 206 8 11 0.2646348 
966 144 7 10 0.2643392 
388 423 11 14 0.26425317 
940 353 11 14 0.26401922 
342 381 10 12 0.26391068 
967 319 8 12 0.26149154 
757 207 10 12 0.26090404 
409 248 9 11 0.25762916 
692 339 11 13 0.25676966 
374 287 8 11 0.25669146 
384 294 7 10 0.2548511 
53 247 9 12 0.25419307 
317 414 10 14 0.2531688 
870 219 9 13 0.25235644 
248 311 10 13 0.25168592 
574 311 10 13 0.25138253 
404 183 10 13 0.25090468 
755 264 11 13 0.24988095 
936 273 8 11 0.24957494 
421 159 8 12 0.24750425 
334 176 8 9 0.24726216 
784 268 9 11 0.2457766 
150 399 10 11 0.24562924 
617 256 9 10 0.24455816 
621 233 8 10 0.24334201 
949 370 10 13 0.24229984 
1011 464 12 18 0.24225935 
373 262 9 12 0.24175125 
805 326 11 14 0.24171874 
710 326 10 13 0.24147289 
975 103 9 12 0.24077286 
355 524 13 16 0.24041483 
812 176 9 12 0.23893234 
638 159 8 11 0.23808117 
504 259 11 14 0.23801638 
175 426 13 17 0.23524047 
218 187 10 13 0.2345003 
525 286 11 13 0.23409279 
836 174 8 11 0.23280671 
672 181 10 13 0.2314157 
726 219 10 13 0.22917369 
414 318 9 13 0.22906694 
378 159 9 12 0.2273786 
412 253 9 11 0.22723353 
476 228 12 14 0.22636037 
430 322 10 13 0.22623959 
937 254 9 12 0.22597432 
919 263 10 12 0.22591576 
112 167 10 13 0.22563984 
304 420 9 11 0.22562917 
936 349 11 16 0.22555472 
314 286 9 11 0.22445637 
41 436 14 17 0.22410746 
618 233 7 10 0.2240387 
254 283 9 12 0.2218717 
374 222 8 11 0.22179624 
427 271 9 10 0.22042865 
521 24 7 11 0.22032757 
961 78 8 11 0.21720329 
961 144 8 10 0.21703108 
351 311 8 10 0.21553992 
229 279 9 12 0.21492147 
213 468 14 17 0.21468197 
29 268 9 13 0.21433945 
447 166 8 12 0.21422084 
653 113 8 10 0.21374844 
472 103 8 10 0.21317488 
649 279 9 11 0.21157904 
1001 277 8 11 0.21096824 
322 244 9 12 0.20927535 
732 324 10 13 0.20892352 
576 366 12 16 0.20844918 
61 179 9 12 0.20736451 
314 279 8 10 0.20735861 
567 312 9 12 0.20709796 
389 122 11 14 0.20640141 
950 167 12 14 0.20604137 
160 444 10 13 0.2057394 
116 300 12 17 0.20519656 
265 148 8 10 0.20491776 
805 416 13 18 0.20426059 
559 151 7 10 0.20329937 
921 180 9 13 0.20311521 
540 431 11 15 0.20229994 
954 230 10 12 0.20222454 
941 252 9 12 0.2016596 
464 237 9 11 0.20161182 
792 192 8 11 0.20126471 
235 430 11 15 0.20117769 
813 589 11 14 0.20102273 
833 253 9 10 0.19949317 
312 438 12 14 0.19947039 
189 367 9 11 0.19931898 
605 422 11 15 0.19837052 
23 301 10 14 0.19727598 
307 141 8 11 0.19720282 
775 266 9 11 0.19718921 
496 229 10 13 0.19640647 
902 190 10 13 0.19636382 
834 150 8 11 0.195902 
569 86 8 10 0.19489636 
566 263 8 10 0.19470675 
473 150 8 11 0.19427855 
835 529 13 17 0.19425352 
728 325 9 13 0.19251253 
377 229 9 12 0.19177043 
457 364 9 13 0.1915689 
817 223 8 10 0.19026548 
622 293 9 13 0.1902229 
407 284 8 11 0.19016682 
304 301 8 9 0.18909432 
705 285 9 12 0.18906008 
720 215 10 13 0.18727449 
413 263 10 14 0.18710165 
397 141 8 11 0.1868961 
392 200 8 11 0.18542024 
584 156 8 10 0.18450704 
767 160 8 10 0.18416792 
351 184 8 10 0.18252575 
789 80 8 10 0.18178612 
949 318 10 12 0.18129608 
348 263 9 11 0.18119223 
589 109 9 11 0.18059485 
926 428 11 16 0.17972496 
795 419 13 17 0.17913066 
641 190 8 10 0.1788354 
393 285 8 11 0.17863162 
681 134 8 10 0.17851765 
480 144 8 11 0.17830919 
366 294 10 12 0.17732257 
558 291 10 12 0.1769611 
342 79 6 9 0.17625126 
496 224 8 10 0.17502229 
1008 196 8 10 0.17487083 
297 284 8 11 0.17453805 
1000 366 10 13 0.1740719 
215 310 9 11 0.17377348 
633 249 8 11 0.17343213 
157 324 12 14 0.17303877 
414 80 8 10 0.17265664 
671 272 8 11 0.17242455 
83 395 12 17 0.17193845 
784 190 8 10 0.17127447 
342 223 8 12 0.17080133 
845 320 11 13 0.17064688 
622 256 8 10 0.17062348 
347 331 10 13 0.17050213 
637 383 11 13 0.17037228 
285 327 9 11 0.16987011 
653 296 8 10 0.16971843 
641 474 12 17 0.16905318 
393 280 8 11 0.16789067 
222 308 9 11 0.1673075 
261 384 9 12 0.16690819 
581 181 9 11 0.1665611 
337 211 10 13 0.16557738 
183 85 8 10 0.16555609 
409 317 9 12 0.16531292 
617 284 10 13 0.16526112 
521 151 7 9 0.16482793 
733 134 8 10 0.16432521 
160 235 10 13 0.16399299 
686 79 8 10 0.16388664 
781 367 10 12 0.1635164 
232 453 11 14 0.16310574 
224 164 8 10 0.16278188 
614 149 7 10 0.16251372 
1006 269 8 11 0.16231297 
327 278 8 10 0.16213243 
760 158 7 10 0.16207045 
662 87 8 11 0.16183619 
27 261 12 15 0.1611317 
656 165 8 10 0.1611311 
383 392 12 15 0.1611227 
950 200 8 11 0.160829 
401 160 9 12 0.16041504 
57 61 9 13 0.16026072 
472 231 9 12 0.16012347 
941 143 8 11 0.1595828 
189 274 10 13 0.15938403 
686 132 8 11 0.15885952 
602 55 8 10 0.15878098 
931 430 12 16 0.15842514 
654 159 9 10 0.15777504 
311 86 7 8 0.15769202 
536 308 10 12 0.15766177 
318 291 8 11 0.15763344 
699 525 22 26 0.15746768 
183 165 9 11 0.15718076 
232 363 9 12 0.15681505 
845 213 10 12 0.15662201 
278 207 8 11 0.15614505 
888 159 8 11 0.15602396 
802 206 8 11 0.15559234 
593 271 8 11 0.15550856 
577 224 8 11 0.15497985 
782 175 8 11 0.15426973 
333 394 12 16 0.1530921 
657 92 9 13 0.15200186 
853 100 9 11 0.15164532 
918 79 8 11 0.15130483 
236 334 9 11 0.15129073 
639 310 9 12 0.15088677 
141 187 9 12 0.15027079 
586 287 9 12 0.15014683 
451 309 11 14 0.15005384 
231 391 9 13 0.14992648 
479 431 12 14 0.14955552 
68 229 11 15 0.1492366 
717 267 10 13 0.149218 
318 276 9 10 0.14899743 
440 164 10 13 0.14878543 
543 476 11 13 0.1487004 
433 456 13 18 0.14856717 
679 272 8 10 0.14800486 
327 422 10 13 0.14795786 
711 104 7 9 0.14772218 
511 151 8 10 0.14770822 
644 388 12 16 0.14732176 
952 270 9 11 0.14649852 
606 303 10 12 0.14556684 
413 84 9 11 0.14528972 
527 24 8 10 0.14512423 
465 30 8 11 0.14495406 
638 387 12 17 0.14479828 
573 135 8 10 0.14464194 
552 142 8 10 0.14458875 
150 84 9 13 0.14456055 
450 212 10 13 0.14431427 
328 151 8 11 0.143986 
959 149 8 9 0.14385156 
107 193 13 17 0.14381318 
725 318 10 12 0.14375967 
605 385 11 15 0.14342833 
269 150 7 9 0.14300786 
502 63 7 11 0.1427913 
744 192 9 12 0.14257002 
772 246 9 11 0.14230555 
584 62 8 11 0.1414278 
703 168 8 11 0.14083645 
184 250 12 15 0.14082967 
691 250 11 15 0.14018328 
736 318 10 12 0.13943061 
943 79 7 9 0.13894804 
680 93 8 10 0.13894151 
143 324 10 12 0.1380122 
626 355 12 15 0.13738969 
623 382 9 12 0.13726352 
458 251 11 13 0.13697354 
532 283 10 14 0.13690288 
647 285 9 11 0.13671339 
751 252 9 11 0.13584489 
577 356 9 11 0.13556992 
641 132 9 10 0.1353642 
604 436 12 15 0.13510318 
446 29 8 11 0.13500467 
109 149 9 12 0.1345153 
838 263 9 12 0.1344103 
607 314 10 12 0.13409843 
309 418 11 14 0.13390306 
681 276 10 12 0.13380048 
115 467 11 14 0.13377342 
1008 264 8 10 0.13363661 
902 271 8 11 0.13343199 
438 317 10 13 0.1329826 
957 333 9 12 0.1324298 
914 319 12 15 0.13215318 
422 306 10 12 0.13166945 
758 354 13 15 0.13141258 
806 272 7 10 0.13132417 
670 470 15 19 0.13129798 
580 311 10 12 0.13115732 
901 166 9 13 0.13110898 
1007 300 9 12 0.13073862 
681 89 7 9 0.13034983 
908 228 9 13 0.1297499 
921 292 10 13 0.12964104 
487 39 8 11 0.12930973 
705 278 8 11 0.12873963 
230 342 10 12 0.12839407 
329 175 9 10 0.12789284 
958 236 8 10 0.12723005 
583 177 7 8 0.12666342 
93 180 9 13 0.12653258 
632 72 7 9 0.12576738 
821 362 11 13 0.12517264 
337 207 9 10 0.12490716 
525 152 7 9 0.12476819 
761 237 11 13 0.124740936 
662 133 8 9 0.12451491 
253 264 9 10 0.12405936 
614 309 10 12 0.1240548 
897 164 9 13 0.12404835 
946 57 7 9 0.12384546 
616 277 11 13 0.12380603 
253 269 8 10 0.12371973 
789 271 7 10 0.12357935 
332 404 12 15 0.123422496 
421 296 10 12 0.123023756 
318 563 13 16 0.12300685 
630 144 8 10 0.122971 
504 158 7 9 0.122903876 
920 174 9 13 0.12263209 
804 304 9 11 0.12249589 
312 350 10 13 0.12246936 
920 131 12 16 0.12184354 
832 262 9 11 0.12118674 
504 69 8 11 0.12112599 
669 174 9 13 0.120928235 
421 46 8 10 0.12064373 
727 204 9 11 0.12049678 
542 309 9 12 0.120221704 
952 329 11 14 0.1200185 
1008 119 9 10 0.11978665 
647 232 8 11 0.11950093 
131 454 13 16 0.1194186 
710 406 12 17 0.11934856 
489 237 10 14 0.1193049 
360 318 9 11 0.11921668 
632 148 9 10 0.11904979 
523 463 11 15 0.1186423 
934 170 11 15 0.11829454 
741 174 9 13 0.11826922 
88 271 10 13 0.11817672 
909 47 8 11 0.11813548 
615 516 15 17 0.11805917 
256 387 10 12 0.11803691 
245 61 9 11 0.11798808 
527 157 7 10 0.11779907 
720 316 11 14 0.117745645 
88 392 11 13 0.11743196 
215 317 9 10 0.11729597 
320 176 8 9 0.11713728 
47 457 11 16 0.116879456 
240 119 7 10 0.11639125 
223 197 9 12 0.11607729 
645 236 9 11 0.11575771 
85 290 12 15 0.11529596 
637 253 8 10 0.11499008 
350 328 10 12 0.11469409 
328 157 9 11 0.114605494 
147 477 12 17 0.11446322 
185 81 8 9 0.11437417 
71 262 9 12 0.11421666 
422 239 10 12 0.11399817 
953 237 8 11 0.113648206 
599 176 8 11 0.113586724 
184 275 10 13 0.11337582 
321 152 8 10 0.113254406 
544 151 7 9 0.11317569 
503 302 11 13 0.11317351 
536 336 11 13 0.112731665 
479 612 9 12 0.11257408 
241 80 7 9 0.11192648 
462 260 10 12 0.11188663 
807 141 8 12 0.11177765 
647 301 9 10 0.11170481 
705 228 9 12 0.11170145 
541 191 7 9 0.111326635 
639 267 8 11 0.11128675 
783 371 10 13 0.11125754 
352 125 8 11 0.110746406 
469 297 13 17 0.110714085 
57 178 9 11 0.11053424 
0 336 11 15 0.110438235 
601 48 8 9 0.110238686 
956 608 16 20 0.10972799 
782 182 7 10 0.10954215 
651 117 7 10 0.10936467 
338 419 10 13 0.10908304 
856 114 10 13 0.10897471 
53 186 10 12 0.10840354 
536 196 7 10 0.10826657 
368 268 8 10 0.10789357 
168 383 10 13 0.107883476 
750 357 12 16 0.10779097 
686 414 13 18 0.10778761 
904 276 8 12 0.107620664 
646 348 20 23 0.10735549 
638 150 8 11 0.10722341 
943 419 11 15 0.106945276 
342 310 10 11 0.1068164 
976 176 8 11 0.10661315 
366 236 9 11 0.106500134 
554 38 9 11 0.10642203 
484 435 10 13 0.106389776 
895 158 9 12 0.106202036 
852 519 17 21 0.10615262 
678 143 8 10 0.105987236 
631 112 8 10 0.105200306 
414 309 9 11 0.10514667 
972 248 9 11 0.104995236 
822 438 12 17 0.10499203 
213 462 11 14 0.104627006 
132 430 12 17 0.10459467 
106 202 14 17 0.10459427 
639 287 8 11 0.104573935 
616 260 9 11 0.104560025 
145 115 9 13 0.10454427 
523 597 9 11 0.104462065 
23 323 18 23 0.10444016 
657 86 9 12 0.10441165 
165 235 9 13 0.10433185 
785 85 8 11 0.10432731 
328 337 12 14 0.10431453 
606 133 7 10 0.10425976 
878 438 15 19 0.10403969 
773 110 8 10 0.10394028 
726 199 8 11 0.10389619 
505 152 7 9 0.10386502 
237 397 9 12 0.10385205 
342 206 9 11 0.10318186 
486 87 8 11 0.10317263 
376 291 8 11 0.10289992 
345 96 8 10 0.10289776 
274 290 9 12 0.10286687 
477 235 11 13 0.10282769 
485 166 9 11 0.102430016 
809 224 8 10 0.10242183 
256 365 8 12 0.10233348 
1014 118 7 10 0.10213899 
125 262 11 14 0.10213344 
442 426 12 16 0.10203168 
878 205 8 11 0.101999834 
534 224 8 10 0.10177241 
845 521 17 22 0.10156151 
302 280 9 10 0.10106501 
935 519 10 14 0.10047875 
582 224 7 10 0.10022018 
437 397 13 16 0.10019405 
1001 272 9 11 0.10004691 
974 180 9 11 0.100006886 
894 237 9 10 0.09995125 
154 332 10 13 0.099559516 
647 206 8 10 0.09949851 
339 264 8 11 0.09946366 
424 244 10 13 0.09926141 
541 613 12 15 0.09924001 
383 79 8 9 0.098406844 
870 271 8 10 0.09815328 
375 279 8 10 0.09778038 
636 411 11 13 0.097678795 
801 277 8 10 0.097611606 
921 115 9 11 0.09749549 
720 175 9 12 0.09742117 
862 111 9 11 0.09726702 
333 505 13 17 0.09721296 
563 387 11 14 0.097173296 
534 317 10 13 0.09708098 
845 269 9 11 0.096999414 
337 200 8 9 0.0966383 
455 79 7 9 0.09659316 
519 133 7 9 0.09658184 
647 312 10 13 0.096447885 
102 298 11 16 0.09636468 
287 276 9 11 0.09628528 
271 236 8 11 0.09625004 
112 269 10 13 0.09601394 
857 507 15 18 0.0958593 
937 148 9 12 0.09580415 
535 346 10 13 0.095529765 
486 144 7 10 0.09550521 
701 404 13 15 0.09518892 
566 398 9 12 0.095077164 
526 70 8 10 0.095028676 
600 302 11 14 0.094763316 
711 292 9 12 0.094734 
585 55 7 10 0.09469065 
599 411 11 14 0.09457141 
950 56 7 9 0.09453684 
560 334 10 12 0.094483286 
591 57 7 8 0.09444127 
941 101 10 13 0.09439814 
709 277 9 10 0.094390675 
55 68 10 13 0.0943201 
536 467 11 14 0.0942517 
246 81 7 9 0.094197355 
306 138 7 9 0.09417281 
625 387 10 13 0.09399563 
287 167 8 10 0.09397757 
528 225 9 11 0.09389595 
140 333 11 13 0.09378962 
846 312 9 11 0.09371236 
865 244 9 11 0.09356236 
574 289 9 11 0.09348741 
866 181 8 11 0.09343711 
536 185 8 11 0.09342402 
457 46 9 12 0.09336364 
576 48 7 10 0.09331839 
532 229 9 11 0.09312516 
487 149 8 11 0.09297514 
488 410 10 13 0.092959896 
477 267 9 13 0.09291822 
961 73 8 10 0.092733145 
977 79 7 9 0.09270891 
359 278 7 9 0.09250126 
614 145 7 9 0.09245588 
613 315 9 12 0.09235012 
214 95 8 11 0.092258394 
676 300 10 12 0.092165954 
270 80 8 10 0.09214543 
336 269 9 10 0.09212967 
879 119 9 11 0.09205155 
366 307 9 12 0.09162751 
631 413 11 13 0.091468886 
488 275 11 14 0.09136841 
861 239 9 12 0.0913447 
637 248 9 10 0.091254435 
449 80 8 10 0.090985194 
71 178 10 14 0.09079444 
680 148 8 10 0.09056199 
105 307 12 16 0.090519704 
10 331 12 15 0.090502895 
621 280 10 13 0.090425394 
311 246 8 12 0.09033453 
27 254 13 16 0.090056725 
889 78 8 10 0.089961834 
567 159 7 9 0.089647435 
425 28 9 11 0.08957792 
376 80 8 9 0.08878196 
647 269 9 11 0.08876393 
594 173 7 10 0.08870239 
330 309 12 15 0.088552386 
311 81 8 9 0.0884995 
88 216 11 14 0.088472895 
137 183 8 12 0.08838305 
205 238 10 12 0.08810005 
615 124 9 10 0.087861195 
92 175 9 12 0.08780189 
544 94 8 10 0.087626666 
279 388 8 11 0.08709375 
497 69 7 10 0.08697694 
600 381 11 16 0.08687722 
924 270 11 15 0.08684938 
961 316 10 13 0.086808085 
44 127 8 11 0.08652326 
626 142 8 11 0.086343184 
519 290 11 14 0.08625438 
191 80 8 10 0.08618591 
531 190 9 12 0.086082466 
279 177 7 8 0.08598404 
220 474 11 15 0.08595316 
720 95 8 10 0.085903294 
180 408 11 14 0.08587965 
711 223 9 13 0.08570139 
943 365 12 16 0.08564413 
590 125 8 12 0.085580654 
226 332 9 12 0.085517466 
793 176 8 11 0.085352354 
361 436 12 16 0.08532206 
39 224 7 10 0.08516095 
264 96 8 10 0.08513532 
396 428 10 13 0.08503244 
578 152 8 10 0.084578454 
349 403 9 13 0.084333114 
510 317 9 12 0.08426987 
595 167 7 10 0.0840557 
703 333 12 14 0.08398915 
187 286 11 15 0.0839563 
506 183 10 13 0.083924875 
631 381 11 14 0.083783984 
385 93 8 10 0.08373973 
401 186 10 13 0.08370539 
839 220 10 12 0.083696686 
222 367 10 12 0.08367489 
110 180 13 16 0.083210364 
214 127 9 11 0.08319404 
58 57 8 10 0.083150804 
296 248 7 10 0.08304915 
65 261 9 13 0.08293745 
545 412 9 12 0.08237618 
597 405 11 13 0.0822052 
423 319 9 13 0.08219193 
351 175 8 10 0.08210297 
868 354 11 15 0.08209856 
265 255 8 10 0.08207283 
801 212 9 12 0.081974745 
647 128 8 10 0.08185859 
465 232 9 12 0.08174911 
627 493 11 14 0.081732474 
288 95 7 10 0.081603445 
343 74 7 9 0.08153857 
338 78 7 9 0.081461936 
234 522 13 17 0.081461295 
568 269 8 11 0.08130569 
79 291 12 14 0.08129712 
558 340 10 13 0.081132166 
975 113 10 13 0.08109171 
288 317 9 11 0.08107149 
824 239 8 9 0.08102458 
32 224 9 10 0.08079324 
610 149 8 10 0.08072113 
589 151 8 10 0.08071493 
263 176 7 10 0.08059571 
619 406 11 14 0.08053317 
608 230 8 11 0.080513835 
157 398 10 11 0.08019754 
950 61 8 10 0.0801283 
700 410 15 19 0.08007227 
163 322 11 13 0.08005534 
308 408 12 16 0.08004215 
586 365 11 14 0.080017805 
879 198 10 13 0.07993874 
695 217 9 12 0.07993278 
687 122 8 10 0.07978173 
223 236 9 12 0.07976097 
721 103 7 9 0.07971972 
677 380 11 14 0.07965611 
746 109 10 12 0.079550214 
247 301 9 13 0.079439506 
209 95 9 11 0.07931242 
888 87 8 10 0.07914257 
957 167 10 13 0.07913334 
521 130 6 8 0.07903379 
458 71 9 10 0.07898943 
542 302 9 12 0.07896131 
549 414 10 12 0.07894859 
523 229 8 11 0.07884812 
324 240 10 12 0.07858097 
557 230 8 11 0.0785801 
424 69 8 10 0.07857296 
526 393 10 12 0.07849555 
416 230 9 12 0.07846369 
788 426 12 16 0.07845623 
709 358 15 19 0.078370035 
1005 275 9 12 0.078209646 
935 71 7 9 0.07818752 
925 116 8 12 0.07814213 
52 461 10 14 0.077972576 
552 313 10 12 0.07780665 
453 167 9 12 0.07772667 
373 379 11 14 0.07770172 
694 400 13 17 0.07751387 
500 237 10 14 0.077465974 
193 137 7 9 0.07744318 
823 102 9 12 0.07742856 
361 296 9 12 0.07733303 
553 149 8 10 0.07725221 
445 447 11 15 0.07721503 
273 176 7 10 0.07709276 
398 136 8 11 0.07701574 
785 94 8 10 0.07698579 
313 292 8 11 0.07690625 
604 188 9 11 0.07661246 
955 613 23 29 0.07639101 
360 273 7 8 0.0763894 
830 299 9 12 0.076309584 
942 93 10 13 0.076197796 
601 125 9 13 0.07612115 
713 271 9 12 0.076073505 
537 88 8 9 0.076056324 
877 123 10 13 0.076021485 
308 593 16 20 0.0759745 
308 310 9 12 0.07560155 
175 101 8 11 0.075446926 
359 325 8 11 0.075251125 
625 136 9 9 0.07523671 
528 131 8 10 0.07522609 
520 309 9 13 0.07510439 
840 309 9 12 0.0749729 
448 171 9 12 0.07479758 
610 117 9 11 0.07474138 
537 94 7 10 0.07453032 
376 257 9 12 0.07446791 
505 410 12 15 0.07439633 
343 100 9 11 0.07421354 
711 87 8 10 0.074116424 
192 308 10 13 0.07391675 
655 80 7 10 0.0737442 
553 24 8 11 0.07370949 
352 120 8 11 0.07367563 
10 266 11 15 0.07351964 
655 128 8 10 0.07351231 
272 277 8 11 0.07318664 
97 61 9 13 0.073124066 
457 237 10 12 0.073041655 
270 145 7 10 0.073039405 
399 307 9 13 0.07303111 
726 104 7 9 0.07288783 
349 96 8 10 0.07288452 
557 358 10 12 0.07285523 
732 220 10 12 0.07269478 
456 358 10 14 0.072691314 
241 158 7 10 0.072588444 
594 389 10 12 0.072533056 
906 223 9 13 0.07252832 
850 238 8 10 0.072369695 
545 267 10 14 0.07234336 
296 254 7 9 0.072252974 
294 531 14 18 0.07225243 
794 181 8 10 0.07211057 
371 536 13 16 0.0721086 
484 345 17 22 0.07204572 
397 411 10 13 0.07199187 
808 293 8 10 0.07189046 
465 23 8 11 0.071844555 
79 253 11 14 0.071782336 
759 253 8 11 0.07177039 
952 49 7 8 0.0717036 
656 467 10 14 0.07165128 
790 103 8 10 0.07157573 
645 264 8 11 0.07147865 
216 80 7 9 0.07142325 
839 169 8 10 0.07142268 
201 442 12 17 0.07131173 
454 85 8 10 0.071138486 
288 248 8 10 0.07110777 
445 24 8 11 0.07110613 
912 300 10 13 0.07110005 
838 180 8 11 0.07109495 
226 203 9 11 0.0710899 
142 267 18 23 0.07108871 
892 348 11 13 0.07084498 
511 86 7 9 0.070827715 
168 406 9 12 0.07079085 
215 304 9 13 0.07067893 
715 589 11 13 0.070666306 
711 235 9 12 0.07058853 
905 52 8 11 0.07056341 
943 426 12 16 0.07055992 
104 270 10 13 0.070554905 
607 127 8 11 0.0705332 
77 270 10 12 0.07051283 
505 143 7 8 0.07030535 
585 270 8 11 0.07010407 
990 418 12 16 0.07006037 
117 375 12 14 0.070057526 
50 183 9 12 0.07005197 
686 86 8 9 0.07004374 
769 492 15 19 0.07002596 
158 292 11 15 0.06996495 
650 149 9 11 0.06996402 
535 31 7 9 0.06995532 
68 292 10 13 0.069895834 
145 397 10 13 0.069786206 
527 65 8 10 0.06978308 
912 276 11 13 0.069740735 
213 100 9 11 0.06972703 
798 127 8 11 0.069579266 
673 144 8 10 0.069557354 
238 113 8 9 0.06955564 
850 96 9 12 0.06947041 
630 136 8 9 0.069451 
592 210 9 12 0.06936374 
685 213 10 14 0.069320396 
799 198 8 11 0.06918568 
830 267 10 12 0.069073364 
210 134 7 10 0.06906595 
327 144 8 10 0.06904319 
123 273 11 15 0.06903152 
784 275 10 12 0.06887005 
602 132 8 11 0.06882188 
554 28 8 11 0.068712674 
228 309 9 11 0.0686395 
286 101 8 10 0.06847587 
598 160 8 10 0.06840943 
535 323 11 12 0.06838781 
586 127 8 10 0.06833385 
959 312 10 12 0.06825086 
303 118 8 11 0.06824169 
207 460 11 13 0.06805926 
311 253 7 10 0.0680208 
111 293 12 17 0.06792178 
200 80 7 10 0.06791269 
134 94 8 11 0.06790083 
277 319 11 15 0.067860745 
528 234 9 12 0.06783908 
716 333 10 12 0.067406915 
1014 546 10 16 0.06740519 
263 277 8 10 0.06730331 
897 152 8 10 0.06729729 
913 84 8 11 0.0672357 
465 294 11 14 0.06717502 
543 406 10 12 0.06716523 
246 57 7 9 0.06694002 
509 71 8 10 0.06693471 
888 73 7 9 0.06689032 
482 87 8 10 0.06682921 
158 284 11 14 0.06681457 
392 314 9 12 0.06674466 
936 95 10 12 0.06672101 
303 176 7 9 0.06658804 
511 144 7 9 0.06655501 
296 429 8 11 0.06650682 
549 265 12 15 0.06649956 
785 102 8 10 0.066485 
849 324 12 17 0.066480674 
700 222 10 13 0.06641251 
680 101 8 11 0.06640389 
337 299 9 12 0.06633385 
29 205 12 14 0.066308506 
305 80 7 9 0.06616753 
806 135 8 10 0.06592257 
185 325 9 12 0.065907694 
578 174 8 11 0.065870106 
575 277 8 10 0.06577308 
590 103 9 10 0.06574174 
961 53 7 10 0.0657141 
202 340 10 13 0.06568438 
297 303 8 10 0.06548994 
446 159 8 11 0.06546619 
953 149 9 10 0.0654251 
118 64 7 9 0.06539114 
310 453 12 16 0.06527312 
542 294 9 11 0.06514241 
997 246 9 11 0.06512989 
551 137 7 10 0.06512097 
575 388 10 14 0.065088555 
792 126 9 12 0.06508329 
523 71 7 10 0.06499824 
352 187 9 11 0.06492825 
918 299 10 13 0.06490748 
407 132 8 10 0.06478846 
816 287 8 11 0.06461574 
601 59 9 10 0.0645246 
432 109 9 12 0.06417978 
613 270 10 13 0.06412397 
429 172 9 12 0.06411008 
118 119 8 10 0.06405519 
152 70 7 9 0.06405418 
439 76 8 11 0.06397603 
1012 412 9 14 0.06389979 
140 382 9 13 0.063684955 
439 150 10 12 0.06364441 
833 179 8 12 0.063629955 
621 411 11 14 0.06360504 
319 181 8 9 0.063594036 
590 135 7 10 0.06345048 
693 286 9 12 0.06345011 
149 178 19 24 0.06341408 
548 476 11 15 0.0633796 
640 315 9 12 0.06336416 
734 292 17 21 0.063355446 
870 142 9 12 0.063135944 
663 168 8 11 0.06295881 
111 275 10 13 0.06293171 
592 96 8 10 0.06290163 
240 134 7 10 0.06284615 
343 278 9 10 0.06283465 
92 334 10 13 0.062826544 
304 246 8 11 0.062791064 
205 243 10 14 0.06278577 
715 409 14 18 0.06276661 
791 110 8 10 0.062605344 
115 172 10 12 0.06255766 
941 632 21 28 0.06253196 
630 387 12 15 0.06252396 
282 261 8 11 0.06252246 
932 232 9 11 0.06251478 
407 128 7 10 0.06248089 
30 227 9 11 0.062472597 
750 311 12 14 0.06243197 
365 318 9 12 0.062399086 
757 501 19 25 0.062014416 
569 298 10 12 0.06194951 
658 173 10 13 0.061844707 
707 315 12 15 0.061800946 
808 165 10 12 0.06179336 
592 276 8 11 0.061767913 
976 189 9 12 0.06172644 
791 276 8 11 0.06167824 
608 405 11 13 0.061676826 
595 293 10 13 0.06166687 
166 357 10 13 0.061647832 
199 85 8 10 0.061569456 
234 457 13 17 0.06152302 
585 104 8 10 0.06151179 
530 13 9 10 0.061408043 
332 151 9 11 0.06137334 
537 55 8 10 0.061326113 
321 156 8 10 0.061298613 
771 406 14 16 0.061269425 
941 271 9 11 0.061269112 
546 229 8 11 0.061206006 
974 252 9 11 0.061067253 
663 237 9 10 0.061030477 
383 87 7 9 0.061005056 
654 13 9 12 0.06095924 
620 119 9 10 0.060886603 
927 173 10 13 0.060886603 
824 289 9 11 0.06074016 
186 371 9 12 0.060661048 
328 272 8 10 0.060647614 
304 100 8 10 0.060495887 
774 72 7 9 0.060438585 
807 320 9 12 0.060212802 
1015 112 8 11 0.060190447 
44 265 12 16 0.06015336 
364 352 12 15 0.060140338 
325 527 13 15 0.060113452 
943 87 9 10 0.060080025 
877 465 11 15 0.060053505 
928 55 7 9 0.060046885 
589 61 8 10 0.059993997 
718 324 11 14 0.059971284 
286 287 9 10 0.059941545 
572 406 11 13 0.059898295 
448 101 7 10 0.05986127 
163 439 12 16 0.05969775 
1000 295 8 11 0.059613403 
236 362 10 13 0.059550013 
252 310 9 11 0.05945341 
942 289 17 22 0.05940826 
514 460 19 26 0.05939016 
279 279 8 10 0.059366126 
711 108 8 10 0.059365015 
775 429 14 17 0.059355285 
444 190 12 15 0.05931284 
270 96 8 10 0.059273712 
687 95 8 9 0.05918651 
7 480 13 17 0.05914059 
375 328 18 21 0.059100695 
550 304 10 13 0.05892504 
391 73 7 9 0.058886185 
688 102 8 10 0.058867507 
447 97 8 9 0.058796532 
543 88 7 9 0.058793716 
633 404 11 16 0.05877737 
725 110 8 10 0.05877677 
797 192 7 9 0.058701314 
792 132 9 13 0.058686696 
496 410 11 14 0.058680452 
86 331 11 13 0.058662836 
344 169 7 9 0.05863229 
870 157 9 13 0.058582008 
432 94 8 10 0.058543384 
846 264 9 11 0.05852491 
241 125 7 10 0.05847035 
422 457 12 17 0.058410376 
810 326 11 13 0.058382526 
805 213 8 11 0.05829536 
353 519 12 15 0.058245093 
929 69 8 10 0.058222335 
38 174 8 12 0.058222175 
549 95 8 10 0.058159616 
176 270 8 11 0.05808963 
914 79 8 11 0.05806555 
921 284 10 13 0.058059264 
495 150 8 10 0.058040284 
500 373 11 13 0.057924405 
952 108 8 11 0.057802923 
205 382 10 13 0.05779516 
591 157 9 11 0.05776288 
553 386 10 15 0.057700116 
850 388 11 13 0.057689175 
790 287 9 12 0.057637684 
935 370 10 14 0.057613935 
189 165 10 12 0.057606086 
163 333 11 13 0.057555076 
877 213 9 12 0.057509534 
198 367 9 12 0.05747932 
970 101 10 13 0.057415307 
95 289 11 14 0.057383616 
575 272 8 10 0.057364248 
88 501 13 17 0.057299305 
546 143 8 10 0.057282668 
606 62 8 10 0.05724884 
72 267 10 13 0.05708962 
733 214 10 14 0.057062056 
344 174 7 9 0.05702532 
439 96 8 9 0.05700769 
735 331 9 12 0.05695511 
486 32 8 12 0.056941617 
582 188 9 11 0.05693962 
320 73 6 8 0.056904975 
580 358 11 14 0.05680164 
745 106 8 10 0.056701295 
646 63 8 11 0.05669541 
290 310 9 13 0.056659676 
310 137 7 9 0.05664865 
878 239 9 11 0.05662595 
621 261 8 10 0.056595776 
609 294 9 12 0.056533787 
106 302 18 24 0.056480374 
701 340 12 15 0.05646827 
158 405 9 11 0.05645129 
152 482 12 18 0.056402773 
11 180 11 14 0.056389853 
313 273 8 10 0.05628954 
770 140 10 13 0.05615862 
166 212 10 13 0.056034733 
143 62 7 11 0.05603472 
144 78 9 12 0.056000233 
734 128 8 10 0.055977177 
344 328 9 12 0.055968978 
718 291 10 13 0.05594716 
686 290 11 13 0.05585357 
940 515 12 15 0.055690374 
581 236 9 10 0.055670787 
386 124 9 13 0.055593476 
102 68 9 13 0.055592645 
770 552 13 17 0.055568483 
494 303 12 16 0.055565037 
389 103 8 11 0.055551164 
687 220 9 13 0.055538822 
224 94 8 10 0.055534996 
477 127 8 10 0.055458568 
1010 449 14 22 0.055366352 
431 165 10 13 0.055195432 
709 301 9 12 0.055193514 
881 80 7 9 0.05501596 
190 103 8 11 0.054975178 
590 380 11 14 0.05497399 
246 321 11 13 0.05496532 
900 404 14 20 0.05496355 
282 103 7 10 0.054907676 
338 349 11 14 0.054867785 
454 283 10 12 0.0547719 
383 272 9 11 0.05475554 
918 72 8 9 0.054697912 
679 295 9 11 0.05450321 
788 405 11 13 0.05426078 
536 207 8 10 0.054149564 
208 80 7 9 0.054146226 
408 196 10 13 0.054121554 
760 233 10 12 0.05407712 
1006 416 13 18 0.054019086 
968 240 8 11 0.053961694 
470 404 9 14 0.053954136 
482 30 8 11 0.05395407 
853 215 9 11 0.053935118 
534 413 10 12 0.053925812 
863 342 11 15 0.05378769 
591 144 7 9 0.053616993 
345 134 9 11 0.05360674 
749 196 9 11 0.053511254 
160 208 10 12 0.05349394 
652 272 10 12 0.053477764 
632 117 7 9 0.053438917 
480 479 12 16 0.053403392 
871 276 9 11 0.053387158 
488 92 8 11 0.05338393 
693 346 13 17 0.053337608 
184 101 9 12 0.053280916 
959 325 9 12 0.05325499 
566 181 9 12 0.053166345 
389 294 8 10 0.0531625 
281 109 9 12 0.053099655 
970 181 8 11 0.053092968 
350 286 9 11 0.05305625 
816 239 7 9 0.052971702 
295 94 8 11 0.052967098 
586 133 8 11 0.052913718 
514 135 7 9 0.052907776 
262 222 8 11 0.052903257 
839 293 9 13 0.052868053 
591 264 8 10 0.052792702 
558 144 7 11 0.05276559 
981 222 9 11 0.05276464 
178 430 14 21 0.052759137 
664 143 8 11 0.052743107 
888 246 8 11 0.052690655 
558 238 8 11 0.052688766 
344 403 10 14 0.05266209 
384 242 10 13 0.052623473 
967 310 9 12 0.052609924 
978 45 7 9 0.05255711 
815 279 8 9 0.052529052 
900 158 10 12 0.05244475 
712 95 7 9 0.05236689 
376 71 7 9 0.05235041 
825 270 8 11 0.052298006 
541 481 12 15 0.052267477 
336 168 8 11 0.05226539 
266 324 11 14 0.05226506 
465 150 8 10 0.052175403 
279 379 10 13 0.0521512 
477 318 11 14 0.05211437 
886 110 8 10 0.0521094 
696 272 9 11 0.05208398 
138 326 11 14 0.05207139 
354 467 11 14 0.051966976 
360 420 10 13 0.051955067 
189 159 10 12 0.051949088 
662 470 11 15 0.051945638 
687 206 10 13 0.05189463 
224 282 10 13 0.051871084 
297 79 6 8 0.051853143 
913 71 7 9 0.051805068 
350 132 8 11 0.05178787 
596 398 11 14 0.05173922 
721 109 9 10 0.051675532 
359 309 10 13 0.051675517 
473 79 7 10 0.051611494 
968 304 8 10 0.051605403 
631 394 13 16 0.051540565 
757 153 9 10 0.05151049 
661 149 9 12 0.05146926 
907 328 12 16 0.05144196 
938 79 7 9 0.051434208 
897 188 11 15 0.05142634 
625 149 8 10 0.051400766 
462 38 8 9 0.051383756 
105 189 11 14 0.05138348 
792 304 18 21 0.051372223 
649 143 9 12 0.051324166 
655 285 8 10 0.051309288 
495 205 10 12 0.051263373 
833 216 8 10 0.05121079 
856 254 9 11 0.051200736 
296 117 9 11 0.051136434 
13 324 12 16 0.051116828 
57 77 8 11 0.051114038 
32 175 10 13 0.051074393 
433 77 8 10 0.051070035 
177 85 10 11 0.051011104 
432 72 7 10 0.051004414 
497 158 8 10 0.050964005 
38 205 9 12 0.050908923 
77 275 11 14 0.050853737 
528 88 7 8 0.050832417 
238 340 8 11 0.05082908 
936 87 8 10 0.05073852 
520 393 17 23 0.050685912 
565 70 8 11 0.050655466 
78 207 10 13 0.050643828 
802 155 9 12 0.050619915 
104 157 10 14 0.050517578 
456 370 10 13 0.050502885 
610 143 7 10 0.050472677 
558 46 8 11 0.050439425 
136 473 13 17 0.050297208 
799 132 9 12 0.050269384 
706 101 9 11 0.050251503 
234 77 7 9 0.050224222 
471 132 8 11 0.05021476 
359 161 7 9 0.050210636 
11 254 11 18 0.050184347 
286 109 8 12 0.050168034 
376 133 8 10 0.050158516 
701 347 12 15 0.05014239 
837 249 9 11 0.05011049 
343 199 9 11 0.050094172 
102 56 8 11 0.05007315 
213 133 8 10 0.050068706 
390 109 9 10 0.050026875 
78 285 12 14 0.049962625 
458 40 8 10 0.049951002 
57 117 9 12 0.04994366 
1005 124 9 11 0.049940582 
258 222 8 10 0.04992669 
921 55 8 10 0.049904674 
337 102 8 10 0.049896363 
871 73 7 8 0.049885903 
390 77 8 10 0.04983462 
6 239 10 13 0.04981582 
112 412 10 14 0.049803294 
640 184 9 11 0.04977949 
110 156 10 14 0.04974269 
520 390 12 14 0.049706552 
319 332 11 14 0.0496827 
150 80 8 10 0.04967819 
484 206 9 12 0.049661826 
846 230 7 10 0.04963574 
487 230 10 13 0.049586013 
456 303 12 14 0.0495695 
396 422 10 13 0.0495179 
346 183 8 11 0.049491107 
727 247 9 13 0.049416177 
510 308 10 15 0.049365632 
356 189 10 12 0.049360618 
584 277 9 11 0.049215294 
369 80 8 10 0.049190838 
478 71 7 10 0.04915959 
534 135 7 9 0.04915652 
473 128 8 10 0.0491217 
541 285 10 13 0.04905475 
831 93 8 10 0.049006056 
693 101 8 11 0.048999723 
665 383 18 24 0.048980057 
888 2 8 10 0.048975863 
198 195 10 14 0.04894247 
543 197 8 10 0.04890633 
775 371 10 12 0.048889987 
96 67 10 13 0.04888686 
301 311 17 23 0.04885711 
287 197 8 10 0.04883808 
437 141 9 13 0.048828583 
231 93 8 11 0.048801046 
312 353 17 22 0.048795715 
990 424 13 17 0.04878304 
630 281 10 13 0.048757505 
551 79 8 9 0.0486968 
974 149 9 11 0.04869496 
374 269 10 11 0.048673775 
137 141 8 11 0.048664246 
543 247 10 13 0.048630055 
385 102 9 11 0.048617642 
977 72 8 10 0.048602123 
1004 47 9 12 0.048562724 
519 206 8 11 0.04856201 
877 245 8 11 0.048535638 
641 303 9 12 0.048474815 
339 316 10 12 0.048460152 
959 189 8 11 0.048434258 
983 39 7 10 0.048424784 
928 63 8 10 0.048366908 
623 87 8 12 0.048319798 
605 413 10 13 0.048306033 
463 77 8 10 0.048284654 
111 509 12 15 0.048194207 
229 238 9 11 0.048140395 
720 117 10 12 0.048085343 
391 412 10 13 0.04804642 
521 156 8 11 0.048040338 
814 292 9 11 0.048024792 
119 553 12 16 0.047994312 
616 87 8 11 0.047992837 
982 44 8 11 0.04794589 
703 272 9 12 0.047917947 
409 260 11 14 0.04791127 
561 87 7 8 0.047859445 
206 454 10 13 0.047781825 
123 334 11 14 0.047780786 
831 88 8 10 0.047762778 
495 380 11 14 0.04773717 
657 179 11 15 0.04773585 
462 358 9 13 0.04766212 
832 109 8 10 0.04755536 
831 308 10 13 0.04749096 
503 166 8 10 0.047474515 
745 251 10 12 0.047363404 
845 294 10 12 0.04717401 
335 25 7 9 0.047025383 
520 79 8 10 0.046982963 
951 102 8 12 0.04694961 
534 379 18 23 0.04690249 
544 78 8 10 0.046784244 
949 179 12 14 0.046761733 
749 105 8 10 0.046753246 
312 118 8 10 0.04672051 
23 317 13 18 0.046649 
431 102 9 10 0.04664036 
950 92 8 11 0.046623457 
552 87 7 9 0.046596497 
215 86 8 9 0.04659156 
719 245 10 12 0.04658863 
540 441 11 14 0.046585497 
870 147 10 13 0.046537697 
910 52 8 11 0.04651668 
815 80 7 10 0.04650015 
601 314 11 13 0.046486914 
479 78 7 10 0.046473056 
565 597 10 13 0.04647303 
260 543 14 16 0.046436712 
537 37 7 10 0.04642608 
957 275 10 13 0.04640544 
352 315 9 12 0.046376877 
350 199 9 12 0.046371266 
951 313 9 11 0.04636839 
304 147 9 11 0.046360217 
223 328 9 11 0.04632128 
95 85 10 12 0.046300743 
0 329 18 23 0.04626069 
351 269 8 9 0.046246536 
746 457 13 18 0.046220608 
694 384 11 15 0.046218608 
952 613 13 17 0.04619268 
504 96 7 9 0.046183918 
204 438 11 14 0.046172515 
859 444 11 15 0.046124037 
839 110 8 10 0.04611678 
436 322 11 14 0.046116102 
348 293 10 12 0.046084706 
522 266 12 15 0.046065323 
295 262 8 11 0.046050824 
297 174 8 10 0.04600472 
510 157 8 10 0.0459515 
783 255 9 10 0.045925573 
647 70 8 10 0.045890704 
216 193 12 16 0.04583863 
442 310 18 21 0.045824032 
287 229 9 11 0.045758363 
295 87 7 9 0.045738567 
959 338 10 14 0.04569957 
1007 86 8 11 0.045652896 
533 404 10 14 0.045649163 
846 606 9 11 0.045636624 
258 150 7 10 0.04562839 
972 318 9 13 0.045569066 
739 111 9 11 0.045555655 
598 96 9 10 0.045530654 
951 264 8 11 0.04551645 
871 133 10 13 0.04548739 
865 72 7 9 0.04548126 
304 182 7 8 0.045456454 
670 314 11 15 0.045454934 
943 165 10 13 0.04544227 
609 346 11 14 0.045420304 
960 49 7 9 0.045419347 
487 158 8 11 0.045396037 
514 22 8 11 0.04538083 
351 63 8 10 0.045367718 
529 317 10 13 0.04534136 
576 379 11 14 0.045301005 
327 413 11 14 0.04529792 
896 55 7 10 0.045288477 
336 287 10 12 0.045272812 
956 270 9 12 0.0452396 
440 102 7 9 0.045227885 
557 223 8 11 0.04520668 
549 622 9 13 0.045188017 
756 314 12 16 0.045163147 
439 73 7 9 0.045149405 
686 73 8 10 0.045144442 
341 396 11 15 0.045123417 
525 101 10 12 0.04511417 
347 379 9 13 0.045107808 
338 74 7 9 0.04510499 
503 173 9 11 0.0450981 
506 87 7 9 0.045094747 
438 431 13 16 0.04502775 
597 220 9 11 0.045020927 
672 86 9 11 0.0450093 
924 262 10 13 0.044977948 
328 79 7 9 0.04496294 
139 62 7 10 0.044919766 
469 22 8 11 0.04490488 
807 276 7 10 0.04489904 
417 41 9 11 0.044881124 
870 22 8 10 0.044825345 
456 151 8 10 0.044801086 
480 22 9 11 0.044733796 
557 303 11 13 0.04473002 
518 316 9 12 0.044699907 
881 38 8 11 0.04469573 
479 405 9 12 0.04469473 
862 467 12 17 0.044663858 
250 285 8 10 0.044572026 
335 179 9 11 0.044556614 
597 442 12 16 0.044534393 
384 108 9 12 0.044486318 
567 289 10 12 0.044483002 
307 84 7 9 0.044460583 
224 445 10 13 0.044325367 
1016 277 8 11 0.04423206 
903 183 10 13 0.044218954 
397 199 9 12 0.04418245 
403 548 15 19 0.0441509 
796 315 11 14 0.044145048 
414 613 12 16 0.04412315 
800 286 8 11 0.044117454 
382 255 9 11 0.044111907 
882 31 7 10 0.044084966 
151 90 11 13 0.044084597 
825 301 9 12 0.044023897 
328 86 7 10 0.04394749 
784 356 10 13 0.043868423 
762 379 12 16 0.043856382 
345 189 8 10 0.043842368 
410 268 11 13 0.0438277 
582 483 15 18 0.04382216 
605 47 8 11 0.043779265 
824 87 8 11 0.043757986 
528 323 10 12 0.04373255 
772 301 10 13 0.043712113 
721 278 10 12 0.04370186 
406 142 10 13 0.043699488 
496 79 6 8 0.043697078 
621 92 9 11 0.043692123 
540 325 10 12 0.043667898 
316 443 10 14 0.04364544 
176 94 10 12 0.04363042 
152 340 10 12 0.043512482 
645 469 12 17 0.043493103 
265 229 9 12 0.04348327 
257 145 8 9 0.04343053 
622 374 10 14 0.043429222 
0 256 22 32 0.043429114 
569 141 9 10 0.043421805 
226 342 9 13 0.04337918 
389 352 11 14 0.04336754 
542 184 8 11 0.04336633 
826 263 8 11 0.04334673 
920 63 8 10 0.043334525 
98 120 8 10 0.043256145 
669 167 9 12 0.043248456 
577 235 9 10 0.043232787 
31 201 9 11 0.043208666 
37 261 13 16 0.043197837 
982 72 8 11 0.043187853 
373 440 11 15 0.043167595 
190 331 10 13 0.043142587 
288 191 7 10 0.043142434 
632 76 8 11 0.043075662 
266 450 11 15 0.042996842 
393 134 10 13 0.04294834 
435 408 13 16 0.042936247 
1001 125 8 11 0.04292462 
785 286 10 13 0.042895935 
131 230 11 15 0.042894375 
287 116 8 12 0.0428649 
846 220 9 12 0.042830702 
901 151 8 11 0.042808205 
831 103 8 10 0.04279856 
756 459 11 15 0.042793486 
252 302 10 13 0.04272089 
94 529 13 18 0.042712897 
262 286 10 12 0.042654872 
389 95 8 10 0.04264253 
871 15 8 10 0.04263917 
639 292 9 11 0.04263638 
328 167 9 10 0.0426205 
476 103 8 10 0.04260326 
69 223 11 14 0.042597216 
757 275 10 11 0.042558666 
359 441 10 14 0.042492528 
753 151 8 11 0.042472634 
949 287 10 13 0.042457175 
869 175 9 12 0.04243453 
858 267 9 11 0.04241686 
584 94 8 11 0.04241349 
871 163 8 12 0.042390008 
737 117 8 10 0.042389326 
609 266 9 11 0.042379305 
505 138 6 8 0.042372514 
458 260 8 12 0.04235961 
552 356 9 12 0.04235897 
667 475 21 25 0.042355724 
373 22 8 10 0.042348925 
404 649 11 19 0.04232231 
283 367 10 13 0.04230393 
935 47 6 9 0.042293645 
895 101 9 11 0.042233534 
664 370 11 14 0.04223263 
198 135 8 10 0.042218592 
662 102 8 9 0.042210426 
386 117 10 14 0.04219831 
309 303 9 10 0.042141147 
72 284 11 14 0.042076387 
163 363 11 14 0.042029094 
575 142 7 10 0.041925713 
1015 85 8 12 0.041836876 
93 274 10 13 0.041824028 
483 496 14 17 0.041809388 
317 497 11 14 0.041794863 
455 157 9 12 0.041782793 
223 429 9 12 0.041778926 
560 79 7 9 0.04167449 
567 93 9 11 0.041672003 
301 386 10 12 0.04163754 
660 350 11 14 0.04161496 
210 309 9 12 0.041581724 
17 455 11 14 0.041570157 
683 373 10 13 0.04155615 
355 461 11 14 0.041551065 
705 80 8 10 0.041549537 
456 391 11 14 0.04147477 
257 175 9 11 0.04146483 
305 336 10 13 0.04146068 
359 165 8 10 0.04145115 
488 80 8 8 0.041445646 
380 510 12 14 0.041428883 
224 117 9 11 0.04142643 
367 333 10 12 0.041425496 
462 166 9 12 0.041421544 
879 5 9 10 0.041417502 
521 146 6 9 0.04138826 
385 72 7 9 0.04138752 
241 295 9 12 0.041386515 
775 252 8 11 0.041380104 
609 207 9 12 0.04137318 
918 167 10 12 0.041354533 
889 237 8 11 0.04132424 
544 224 9 11 0.041313328 
542 38 7 10 0.041270364 
814 436 12 15 0.041270345 
802 220 8 11 0.041267987 
567 255 9 12 0.041257046 
350 302 9 12 0.04124009 
633 310 10 13 0.041216176 
601 427 11 15 0.04121399 
289 79 7 9 0.04119621 
247 158 7 10 0.041186914 
842 228 8 12 0.041181855 
413 390 12 16 0.041164123 
669 323 19 23 0.04114761 
521 225 8 9 0.041131668 
877 221 9 12 0.041000422 
33 111 9 13 0.040950965 
288 87 8 9 0.0409378 
168 351 9 11 0.04091364 
268 398 10 13 0.040912762 
480 94 8 10 0.04091162 
828 409 11 15 0.040903404 
913 294 10 14 0.040879484 
687 309 10 13 0.040842865 
295 166 8 11 0.04077796 
152 133 10 12 0.04077032 
511 111 9 11 0.04076708 
869 263 9 11 0.04076325 
897 170 10 14 0.040722318 
860 476 12 15 0.040721275 
46 230 8 10 0.040700443 
351 169 7 9 0.040699515 
749 349 11 15 0.040684424 
979 227 10 13 0.040675923 
232 88 7 10 0.040648717 
75 573 11 15 0.04064352 
103 118 7 10 0.04062037 
960 84 8 10 0.040573146 
560 62 9 11 0.040569887 
381 320 10 12 0.04055102 
831 220 9 11 0.040507924 
646 199 8 10 0.04046772 
264 181 7 9 0.04045449 
574 396 10 13 0.040437423 
375 151 10 12 0.040429678 
295 111 9 11 0.040400393 
862 334 12 15 0.040370982 
608 69 9 11 0.040369466 
895 342 10 13 0.0403167 
965 55 7 9 0.040274546 
567 366 11 13 0.0402728 
125 252 12 15 0.040241126 
416 235 10 13 0.040233307 
151 413 10 13 0.040223204 
151 354 18 23 0.040206537 
216 379 10 12 0.040197477 
63 267 10 13 0.04018762 
429 23 9 11 0.0401097 
541 316 10 12 0.040076926 
536 118 7 9 0.04007646 
854 279 9 11 0.04006956 
981 77 8 10 0.040065758 
418 267 16 21 0.040060103 
110 111 8 12 0.04001225 
327 284 9 10 0.040001992 
980 101 10 12 0.039929032 
517 181 10 12 0.039925512 
340 357 10 13 0.039919585 
565 372 13 15 0.03988882 
952 466 21 27 0.039883107 
319 80 7 9 0.039881688 
279 230 9 11 0.039876834 
774 117 8 10 0.039825313 
873 79 7 8 0.03981922 
77 261 10 12 0.039806884 
24 181 9 12 0.039783835 
479 6 8 10 0.039780483 
697 167 9 12 0.039766442 
269 260 9 11 0.039765295 
665 359 19 23 0.03974515 
241 84 8 10 0.03968303 
944 72 8 9 0.039669294 
615 198 8 10 0.03966261 
665 357 12 15 0.03966049 
901 425 14 20 0.039655752 
457 30 8 10 0.039654255 
398 126 9 11 0.039651696 
863 78 8 9 0.039635498 
200 72 7 9 0.039627403 
949 297 9 12 0.039589453 
265 80 8 9 0.039583948 
631 92 9 11 0.03956454 
871 251 9 11 0.039551668 
928 164 10 14 0.03954134 
277 331 9 12 0.039535694 
318 117 9 11 0.039535094 
859 483 14 17 0.039508384 
904 40 7 9 0.03949496 
724 311 11 14 0.039490297 
166 268 9 13 0.039483972 
144 70 8 10 0.039479688 
917 257 11 14 0.039466582 
121 245 11 13 0.039453305 
357 512 13 15 0.03943345 
486 171 9 12 0.039407384 
158 133 8 11 0.039364792 
559 412 10 13 0.039337963 
641 196 8 11 0.039296564 
817 217 10 12 0.039277986 
776 578 14 17 0.039264888 
496 341 12 15 0.039255917 
296 183 8 10 0.039209675 
785 299 11 13 0.039184783 
303 271 9 10 0.03912867 
207 166 9 11 0.039128173 
77 178 11 14 0.039119653 
218 366 10 13 0.039113976 
808 238 8 10 0.03910355 
911 0 8 9 0.03909368 
505 78 8 10 0.03909244 
724 175 10 13 0.039090488 
633 316 9 12 0.03905507 
743 286 10 12 0.03904899 
336 94 8 10 0.039034724 
928 287 18 24 0.039028026 
525 475 11 14 0.038994398 
655 207 9 10 0.03898829 
784 195 9 12 0.03898138 
704 237 9 12 0.038964428 
164 148 12 16 0.038962524 
383 142 9 11 0.03893196 
159 126 8 11 0.03891125 
454 444 10 13 0.03890665 
773 148 10 12 0.0389065 
537 80 7 9 0.038874924 
782 134 9 12 0.038867705 
928 158 11 12 0.03885056 
527 165 8 11 0.03883965 
815 246 9 11 0.038790986 
488 224 9 10 0.038750567 
535 483 12 15 0.038736403 
488 43 9 11 0.038731776 
705 95 8 10 0.038729742 
303 166 8 11 0.03871552 
207 86 8 10 0.03870198 
272 191 8 11 0.038697816 
649 157 9 12 0.038686246 
784 386 11 16 0.038675644 
942 30 9 11 0.038652565 
272 73 7 10 0.038629275 
767 263 17 23 0.03862883 
199 316 9 12 0.038577918 
824 93 9 11 0.038549416 
589 359 12 14 0.038530678 
393 396 14 17 0.038507976 
895 4 8 10 0.038494408 
270 255 8 10 0.038492486 
228 373 10 13 0.038485527 
863 87 8 10 0.038484436 
280 86 9 10 0.038453117 
387 231 10 13 0.038439076 
783 396 11 14 0.03842802 
333 383 19 24 0.038391307 
488 316 11 14 0.03839057 
237 403 10 13 0.03837126 
728 435 12 15 0.038341887 
1002 370 12 16 0.03833649 
329 198 8 10 0.038325977 
1001 120 8 11 0.038304295 
907 317 18 24 0.038294222 
327 95 8 10 0.038289666 
854 220 9 11 0.03828147 
568 349 9 13 0.038259055 
473 660 13 16 0.038252585 
62 295 13 17 0.038252555 
217 325 8 11 0.038251903 
150 125 10 12 0.03825154 
93 339 11 13 0.038247477 
901 132 10 13 0.038225744 
999 252 9 11 0.038205422 
880 110 10 12 0.038184863 
689 396 12 16 0.038183983 
384 395 19 24 0.038160454 
705 324 11 14 0.03814103 
611 428 11 14 0.038080785 
111 347 11 14 0.037992008 
664 63 9 10 0.037966102 
49 251 10 13 0.037958276 
727 227 9 12 0.037941378 
511 295 10 13 0.037932456 
726 117 8 11 0.037907787 
791 255 8 10 0.037870478 
369 277 10 12 0.037794188 
550 406 10 12 0.03778905 
510 267 10 14 0.0377649 
647 212 9 12 0.03774739 
495 165 9 11 0.03774584 
623 111 8 11 0.037679374 
847 22 7 10 0.037664507 
991 411 21 28 0.03762232 
280 199 7 10 0.037567757 
904 245 10 13 0.037554998 
281 95 8 10 0.037536286 
643 402 10 14 0.03753089 
789 118 9 10 0.037505638 
464 267 10 13 0.037479766 
40 318 12 16 0.0374732 
640 279 9 11 0.03746934 
71 579 11 15 0.03743892 
158 391 10 12 0.037428997 
815 126 9 12 0.037415616 
538 151 8 10 0.037404705 
448 271 17 23 0.037398525 
119 252 12 14 0.03739056 
606 39 9 11 0.03738041 
777 188 10 13 0.03736997 
592 79 9 11 0.03735397 
181 93 9 11 0.03733152 
432 87 8 10 0.03732329 
521 97 8 10 0.037319843 
862 257 8 10 0.03731762 
553 44 9 12 0.03728672 
671 209 21 26 0.03727328 
748 342 11 14 0.037265733 
620 522 21 25 0.037260942 
133 252 11 14 0.03721364 
895 133 9 12 0.037189063 
142 5 9 11 0.037187703 
190 358 10 13 0.037184436 
736 5 8 11 0.03717429 
943 260 9 11 0.03717201 
528 207 8 11 0.03711246 
256 85 8 10 0.03709935 
558 215 8 10 0.037091114 
335 288 18 23 0.037081428 
135 395 10 14 0.037070498 
301 284 9 11 0.037059333 
527 309 9 13 0.037026726 
749 287 9 11 0.03700905 
685 183 9 12 0.036990136 
380 224 11 13 0.036983293 
478 353 11 14 0.03696053 
614 381 11 14 0.036932744 
1013 195 8 12 0.03692411 
136 71 8 11 0.0369161 
428 275 10 11 0.036884487 
670 297 12 14 0.036861245 
635 4 11 12 0.036836706 
645 181 9 12 0.03683363 
934 157 11 13 0.03683251 
376 128 8 10 0.036808573 
272 198 10 12 0.036806382 
230 382 8 11 0.03679868 
552 292 10 12 0.036775388 
227 348 10 13 0.03673633 
418 162 10 13 0.036731314 
320 135 7 9 0.03671912 
280 255 8 9 0.03670132 
484 286 11 15 0.03668402 
652 342 13 15 0.036670912 
256 94 9 11 0.036656648 
206 343 18 22 0.036647104 
310 213 9 10 0.03661664 
751 263 18 23 0.036608133 
197 309 9 12 0.036607902 
494 94 8 10 0.036594152 
256 238 8 10 0.03658996 
214 220 9 12 0.03658838 
337 227 9 12 0.036580358 
708 166 10 12 0.0365545 
774 127 10 12 0.03654912 
331 410 18 23 0.036548916 
561 262 9 12 0.03653355 
1014 77 9 12 0.03650834 
697 313 13 16 0.03649155 
525 354 18 22 0.03644919 
303 207 9 10 0.036438517 
229 199 9 11 0.03640714 
256 80 7 10 0.036394972 
799 109 9 11 0.036350366 
445 151 9 12 0.036336605 
304 253 8 10 0.03629144 
342 364 10 12 0.036288943 
663 28 8 11 0.036265194 
265 205 8 11 0.03626112 
887 103 9 11 0.0362322 
527 95 9 11 0.036222186 
889 132 9 12 0.036213484 
794 332 10 13 0.036204565 
295 334 9 10 0.036187597 
801 452 13 16 0.036183767 
824 157 9 12 0.03618186 
537 143 7 10 0.036181085 
496 199 8 11 0.03616803 
761 117 9 12 0.036153734 
600 118 9 12 0.036126792 
688 142 9 12 0.03612345 
113 116 8 10 0.03606304 
790 95 8 10 0.03601771 
319 100 8 10 0.036002167 
798 245 8 11 0.03595351 
608 236 8 11 0.035939917 
494 473 10 14 0.0359291 
871 87 8 9 0.035896286 
669 260 10 11 0.035890657 
264 260 10 12 0.035890616 
634 269 9 11 0.035880066 
349 221 9 12 0.035875242 
352 277 9 11 0.035859108 
128 72 8 11 0.035827063 
704 290 11 13 0.035826504 
45 205 9 13 0.035812236 
749 329 11 14 0.035804573 
64 204 9 12 0.035799604 
153 256 17 23 0.03577484 
717 228 10 12 0.03575091 
302 427 10 12 0.035742473 
733 206 9 11 0.035728805 
886 37 8 11 0.035687525 
790 342 10 14 0.035673656 
165 339 10 12 0.035633296 
312 149 8 10 0.03561893 
696 29 8 11 0.03561827 
550 246 10 13 0.035596423 
415 285 8 11 0.035589706 
149 112 9 11 0.035562236 
718 88 8 10 0.035536755 
806 99 19 24 0.03553585 
566 175 9 10 0.035518125 
332 426 10 13 0.035517126 
525 378 10 13 0.035511605 
468 244 10 12 0.035481077 
688 334 11 14 0.03546022 
318 407 11 16 0.035452206 
944 311 9 12 0.0354478 
327 73 8 9 0.035436355 
464 128 8 10 0.03543628 
272 84 7 9 0.035418857 
120 124 9 12 0.035402965 
528 8 9 10 0.035329513 
474 207 9 11 0.035278745 
308 381 11 14 0.035267286 
940 275 10 13 0.035225578 
485 486 19 25 0.035201725 
663 229 9 12 0.03520124 
622 396 12 15 0.035195068 
237 444 11 15 0.0351814 
548 253 10 12 0.03514687 
774 318 9 12 0.035113327 
727 289 10 13 0.03508353 
655 214 18 24 0.035075616 
907 412 12 17 0.03504303 
549 199 8 10 0.03502847 
438 110 9 12 0.035028055 
544 340 16 21 0.035013247 
911 165 10 13 0.03501237 
70 188 10 13 0.034993384 
676 395 11 14 0.03498995 
346 126 8 10 0.03497208 
223 125 9 11 0.03494639 
145 452 12 17 0.03493139 
456 143 8 11 0.034928113 
231 447 10 14 0.034927726 
568 129 8 9 0.03490776 
926 79 8 11 0.034889802 
294 149 8 11 0.034859728 
311 497 12 16 0.03479405 
551 482 11 15 0.034792162 
941 332 10 14 0.034741092 
233 73 7 8 0.034740925 
528 215 8 10 0.034735233 
591 309 10 12 0.034714546 
949 251 9 11 0.03470971 
233 117 9 12 0.03462918 
894 63 8 10 0.034627482 
797 618 14 19 0.03459468 
886 187 11 14 0.03456914 
865 22 9 11 0.034554467 
717 398 13 16 0.034552928 
799 294 9 11 0.034547437 
824 278 8 10 0.034543112 
232 103 8 10 0.03453822 
470 189 9 12 0.034533806 
853 439 11 15 0.034502797 
711 80 8 10 0.03449436 
511 80 7 9 0.03449066 
232 125 8 11 0.034486603 
779 491 14 17 0.034483686 
164 154 11 17 0.034479443 
118 213 11 15 0.034477446 
760 24 9 12 0.034469064 
663 39 9 11 0.03446216 
812 150 9 12 0.034455057 
363 362 11 14 0.034449004 
327 230 9 12 0.034446754 
463 117 7 10 0.03441417 
534 238 8 10 0.034414016 
693 354 12 15 0.034382872 
721 205 9 12 0.034381922 
839 197 10 12 0.034380056 
936 260 9 11 0.034369376 
881 85 8 10 0.034357212 
134 414 9 12 0.034347173 
776 104 9 10 0.034339797 
638 220 10 12 0.034289975 
886 284 9 11 0.034277115 
870 301 19 24 0.03427133 
974 143 9 12 0.0342564 
313 182 7 9 0.034255356 
660 316 11 14 0.03424837 
38 342 10 14 0.034235936 
112 13 10 11 0.034219593 
233 405 10 13 0.03421704 
478 1 9 10 0.03420735 
327 181 8 10 0.034197662 
768 116 9 12 0.03418973 
54 239 10 13 0.0341772 
410 541 19 24 0.034174617 
1 204 7 12 0.034160294 
150 175 11 14 0.034154642 
112 406 10 13 0.034103204 
356 181 9 12 0.0340887 
271 362 20 25 0.034082305 
621 309 9 12 0.03406857 
559 244 9 11 0.034065165 
96 40 9 11 0.034036968 
920 185 11 14 0.034023263 
96 124 10 12 0.03401686 
469 30 8 11 0.034012653 
336 29 8 10 0.0339954 
981 117 9 12 0.03399195 
567 102 7 10 0.033970147 
626 70 9 11 0.03396882 
887 30 8 11 0.033965755 
151 353 11 13 0.0339353 
534 24 7 10 0.033928007 
183 258 10 14 0.033914674 
550 305 17 22 0.033913534 
570 222 8 11 0.03390809 
544 71 9 11 0.03390342 
695 259 9 12 0.033878837 
402 360 18 23 0.033874106 
581 405 11 13 0.0338568 
663 333 11 14 0.03384252 
886 174 10 13 0.033840176 
157 70 8 10 0.033824738 
815 228 8 10 0.033814345 
183 318 10 14 0.033800364 
382 150 9 11 0.033788446 
613 70 8 11 0.033772826 
141 388 10 14 0.033770658 
438 191 18 24 0.033765398 
405 429 11 14 0.033730082 
880 1 8 10 0.03370545 
304 454 11 16 0.03369322 
568 81 8 10 0.033689167 
367 559 22 26 0.033661645 
209 127 9 11 0.033649057 
289 73 7 9 0.033636373 
106 110 8 12 0.03363161 
247 398 11 14 0.033595596 
591 403 13 15 0.033587866 
690 239 10 13 0.033584144 
919 408 14 17 0.033557322 
294 198 8 10 0.033540536 
800 237 8 11 0.03353888 
37 116 10 13 0.033532545 
405 542 13 16 0.033530317 
375 514 12 16 0.033511437 
951 72 8 10 0.033506617 
961 32 8 10 0.033500444 
589 419 12 15 0.03349749 
40 452 14 19 0.03349466 
792 246 9 11 0.03347035 
644 189 9 11 0.033400018 
452 207 10 12 0.03337735 
959 182 9 12 0.033376895 
682 260 9 12 0.033376217 
161 260 13 16 0.033373807 
492 39 9 11 0.033347663 
296 101 8 10 0.033341773 
962 245 8 12 0.03332917 
422 41 8 10 0.033310864 
460 297 17 22 0.0333097 
572 482 12 18 0.033306785 
873 292 9 12 0.033302005 
233 111 8 11 0.033278096 
551 380 19 24 0.0332769 
584 207 8 10 0.033271827 
872 286 8 11 0.033233024 
104 413 10 15 0.033226922 
935 64 8 10 0.03322135 
775 77 9 11 0.03320799 
271 167 8 10 0.033206675 
719 250 17 23 0.033202805 
624 281 17 23 0.033183914 
628 362 11 14 0.033167567 
486 446 12 15 0.033156678 
967 95 10 11 0.03312398 
785 33 7 9 0.03311076 
329 398 11 15 0.03309472 
320 251 10 12 0.033077665 
123 232 17 22 0.033076126 
190 108 8 11 0.033056077 
396 572 14 21 0.033051822 
445 323 11 13 0.03304838 
175 440 11 17 0.033018835 
392 302 9 11 0.033002537 
483 296 12 15 0.03298767 
143 209 11 14 0.032963917 
590 411 13 16 0.03296277 
239 284 9 11 0.03296082 
514 130 7 8 0.032958716 
929 397 13 18 0.032953672 
765 295 11 14 0.0329448 
71 316 14 18 0.03294185 
98 514 12 16 0.03292572 
770 342 11 14 0.03291357 
313 176 8 9 0.03290439 
344 86 7 9 0.032879416 
464 16 9 11 0.032875855 
888 64 8 10 0.032865185 
551 157 8 10 0.032864768 
833 169 8 11 0.032853503 
790 461 15 18 0.032837864 
497 144 7 9 0.032836895 
218 159 8 11 0.032822676 
888 22 8 10 0.032817625 
966 349 11 14 0.032815915 
361 264 8 10 0.03279914 
726 94 9 12 0.0327939 
796 572 13 18 0.032752875 
566 165 8 10 0.03274614 
36 468 13 16 0.032732837 
14 415 14 20 0.03273208 
466 132 8 10 0.032716684 
108 166 21 24 0.032705728 
623 126 8 10 0.032682266 
4 172 16 21 0.032665808 
221 482 11 14 0.032663293 
235 350 10 13 0.032651115 
584 262 9 11 0.03264055 
839 20 10 12 0.03264041 
622 430 11 13 0.032623213 
336 134 8 10 0.032547045 
1000 407 18 24 0.032543775 
733 444 17 20 0.03253388 
999 150 9 11 0.03252657 
198 173 8 12 0.03252087 
547 436 11 14 0.03251663 
736 23 8 11 0.0325009 
960 252 9 11 0.032463204 
589 450 20 27 0.032451764 
638 391 17 22 0.032439798 
313 553 21 27 0.032427225 
500 320 12 14 0.03242719 
519 174 9 12 0.032416396 
1001 86 9 11 0.032401975 
328 118 7 10 0.032400336 
982 262 9 11 0.032400087 
170 103 8 11 0.03239838 
376 337 12 14 0.032380506 
729 127 8 10 0.03237701 
240 152 9 11 0.03237631 
553 285 11 14 0.032347348 
700 245 10 13 0.032322794 
706 479 22 26 0.03231336 
774 474 14 17 0.03225916 
740 380 13 17 0.032248553 
474 144 9 11 0.032241244 
569 231 8 10 0.032238636 
355 125 9 12 0.032237515 
847 381 12 16 0.032220006 
480 172 10 12 0.03220791 
248 238 8 9 0.032186087 
568 290 17 21 0.032169152 
1014 270 8 11 0.032149576 
825 399 13 17 0.032146506 
872 199 10 13 0.032140497 
943 180 10 14 0.03213392 
536 245 10 12 0.03211692 
692 154 10 12 0.032110818 
511 205 10 13 0.03209382 
166 624 12 16 0.032079764 
557 23 8 10 0.03207311 
855 36 8 11 0.032070834 
672 367 18 22 0.032068346 
262 216 9 10 0.03206153 
973 324 9 12 0.032044724 
561 156 8 10 0.032030284 
469 259 18 22 0.03200705 
936 247 9 12 0.032001548 
768 264 10 13 0.031987045 
197 276 10 14 0.03198373 
116 267 20 25 0.031941023 
956 371 11 14 0.031939514 
974 349 10 14 0.03192517 
382 571 23 29 0.03190547 
601 438 19 24 0.031901646 
96 77 9 12 0.031891227 
351 86 8 10 0.03189083 
887 152 8 11 0.031886593 
313 127 7 9 0.03188021 
496 57 9 12 0.031866547 
311 101 8 10 0.031849194 
359 414 9 13 0.031847734 
904 85 9 11 0.031846438 
479 364 10 13 0.031836078 
654 490 20 25 0.031831946 
223 420 11 13 0.03182113 
260 363 10 14 0.031796344 
279 192 7 9 0.0317792 
462 412 9 12 0.03176366 
320 96 8 10 0.03176127 
663 185 10 15 0.031749927 
808 471 13 16 0.031748477 
728 24 8 10 0.031701077 
907 188 10 14 0.031670894 
640 214 9 12 0.031667925 
846 437 12 15 0.03166314 
911 40 8 10 0.031662405 
149 158 10 13 0.0316612 
446 181 11 13 0.031636015 
661 340 11 13 0.031597942 
752 220 10 12 0.031597942 
632 163 9 12 0.031578496 
958 224 8 11 0.031569917 
272 247 9 11 0.031557456 
847 277 9 11 0.03155381 
353 461 20 26 0.031544153 
1000 319 9 12 0.031532265 
104 163 11 15 0.031517074 
970 630 23 29 0.031507816 
518 421 10 12 0.031502523 
255 158 9 10 0.031502493 
119 259 19 23 0.0314942 
884 308 11 14 0.031471666 
155 317 19 23 0.031461146 
358 175 9 11 0.031454198 
582 49 8 10 0.031452008 
593 47 9 9 0.03142542 
877 293 9 11 0.031399027 
360 78 9 11 0.031361073 
519 341 10 13 0.03133572 
316 454 11 15 0.031335216 
784 126 10 12 0.03133463 
150 370 10 13 0.031332437 
814 252 10 12 0.031319726 
45 131 9 12 0.0313054 
806 173 19 24 0.03130535 
801 322 18 22 0.03130326 
230 159 8 11 0.031295337 
673 133 9 11 0.03129413 
264 86 7 9 0.031279594 
535 290 10 14 0.03126974 
1008 92 10 12 0.031267453 
280 248 7 10 0.031234637 
550 541 12 15 0.031224852 
290 303 8 11 0.031220013 
208 353 10 13 0.031219918 
958 109 10 13 0.031218648 
651 395 10 13 0.0312073 
622 270 8 12 0.03119397 
424 390 10 13 0.03118745 
174 341 10 11 0.031157961 
407 64 8 9 0.031146118 
688 241 18 23 0.031139458 
922 231 11 14 0.031134192 
423 78 9 10 0.031133156 
641 63 9 11 0.031122113 
849 246 9 11 0.031120164 
614 78 8 11 0.03111249 
639 143 8 11 0.03109783 
228 165 8 10 0.031089548 
864 208 18 24 0.031075869 
881 158 9 12 0.031075317 
331 324 12 15 0.0310323 
840 156 9 11 0.031030884 
236 279 10 12 0.031026974 
547 429 13 15 0.031008571 
467 348 12 14 0.031007763 
901 357 12 15 0.031002332 
385 39 7 9 0.03100063 
280 182 7 9 0.03099838 
163 179 11 15 0.030994998 
600 40 8 11 0.030991197 
17 300 11 14 0.03099095 
786 309 11 14 0.030961623 
1009 111 9 12 0.030958947 
557 419 11 14 0.030956127 
966 268 11 13 0.030947056 
613 296 17 21 0.030939953 
88 195 10 13 0.030931048 
704 364 15 19 0.030924218 
953 143 9 12 0.030917274 
178 276 9 12 0.030885449 
766 24 8 11 0.030885179 
560 101 8 11 0.030882798 
911 181 10 12 0.030823857 
981 195 9 13 0.030809037 
571 442 12 16 0.03079894 
705 85 9 11 0.030791141 
0 198 9 13 0.030789526 
224 87 8 10 0.030786837 
472 97 7 10 0.030777542 
947 357 11 14 0.030768376 
473 213 8 11 0.030745026 
368 216 9 12 0.030740004 
879 191 10 12 0.030726755 
316 541 16 19 0.03072467 
936 310 10 12 0.030703051 
406 293 9 11 0.03069808 
768 275 10 12 0.030674111 
470 380 11 13 0.030661866 
46 212 8 12 0.030654646 
94 195 11 15 0.030649653 
541 55 8 11 0.030636927 
205 197 10 14 0.030628417 
985 32 7 10 0.030615443 
550 100 8 11 0.03060599 
612 421 11 14 0.030575223 
300 459 15 20 0.030569982 
839 190 9 12 0.030569289 
571 510 18 25 0.030523064 
838 422 12 15 0.030514065 
118 159 9 12 0.030510796 
472 55 7 11 0.0305056 
952 188 9 12 0.030497763 
797 175 9 12 0.030488167 
473 63 8 9 0.03046735 
648 93 10 12 0.030454842 
72 254 10 15 0.030451598 
930 48 7 9 0.03044478 
500 223 9 12 0.030442715 
424 94 8 10 0.03042571 
969 114 9 12 0.030414207 
425 487 15 18 0.030396577 
146 157 8 12 0.030393405 
189 413 10 13 0.030382495 
1014 308 10 14 0.030362155 
888 231 9 11 0.030355463 
839 286 9 12 0.03034725 
112 263 11 13 0.03034672 
688 354 11 15 0.03032329 
552 236 10 11 0.030308368 
560 95 8 10 0.030281913 
889 55 8 10 0.030261388 
778 264 19 23 0.030223545 
737 190 9 13 0.03021338 
952 360 19 24 0.030208949 
975 96 9 11 0.03020739 
345 140 9 11 0.03020603 
231 416 17 21 0.030182926 
902 94 9 11 0.030181484 
439 333 10 12 0.030171966 
612 387 11 14 0.03017172 
214 356 10 11 0.030163629 
646 173 9 12 0.030152952 
509 399 9 13 0.030146059 
373 310 9 12 0.030127453 
895 30 9 12 0.030091072 
959 302 9 11 0.03008728 
699 416 20 23 0.030076554 
665 412 12 15 0.030075494 
568 276 9 11 0.030068103 
408 22 8 10 0.030041048 
209 316 9 12 0.030040493 
443 293 10 12 0.030039815 
856 72 8 10 0.030008025 
741 212 10 13 0.029998338 
215 333 9 11 0.02998888 
229 303 9 11 0.029968202 
830 238 8 10 0.029960519 
153 254 10 14 0.029950736 
517 630 8 11 0.029943291 
765 487 13 17 0.029938165 
10 155 13 16 0.02992317 
984 405 13 17 0.029907174 
295 190 8 10 0.029886417 
660 248 11 14 0.029886194 
877 368 13 17 0.029879248 
280 115 10 12 0.029849283 
973 309 9 12 0.029846627 
863 453 12 16 0.029820098 
815 96 8 11 0.029811317 
200 202 9 13 0.029811008 
683 471 12 17 0.029805565 
414 141 10 12 0.02980277 
677 175 11 14 0.029792134 
230 329 18 23 0.029787146 
215 483 12 15 0.029752798 
897 327 12 15 0.029751625 
665 276 10 13 0.029750291 
895 182 10 14 0.029745743 
801 264 8 10 0.029738372 
652 462 11 15 0.029722722 
209 302 8 12 0.029709103 
822 430 10 14 0.029698664 
961 38 7 9 0.029686153 
692 509 13 16 0.029681947 
774 358 10 14 0.029667994 
531 264 13 15 0.029664403 
546 135 8 11 0.029658362 
376 169 11 14 0.029646099 
682 72 8 10 0.02963275 
589 254 9 11 0.029631346 
246 151 8 10 0.029619865 
91 234 11 14 0.029609177 
156 419 11 15 0.029608177 
814 272 9 11 0.029602842 
526 78 8 9 0.029602692 
510 324 10 12 0.029600218 
756 430 13 16 0.029591465 
296 293 10 11 0.029571513 
772 159 9 11 0.0295616 
597 209 9 11 0.029546041 
510 334 10 14 0.029533548 
693 143 10 13 0.029529283 
310 94 8 10 0.029525185 
776 325 10 12 0.029505175 
287 254 8 10 0.029504849 
806 444 11 14 0.029486986 
470 374 11 13 0.029485805 
326 356 10 12 0.029483944 
815 308 10 12 0.029480165 
887 214 8 10 0.029474903 
299 375 12 16 0.02943348 
676 308 10 14 0.029399399 
215 438 10 13 0.029396405 
478 411 10 12 0.029371994 
857 77 8 11 0.029341538 
320 167 8 10 0.0293302 
503 205 9 12 0.029309226 
582 284 19 23 0.029306535 
848 253 8 11 0.029277172 
608 224 8 11 0.029275268 
255 71 7 9 0.02927001 
198 166 8 11 0.029246017 
616 24 8 10 0.029231327 
265 235 9 11 0.029226625 
444 435 11 16 0.029185843 
248 356 10 13 0.029185498 
86 262 11 13 0.029167859 
129 173 9 12 0.02916495 
238 328 9 12 0.029149061 
439 170 11 13 0.029128881 
900 389 12 15 0.029121615 
464 469 12 15 0.029120727 
924 392 12 15 0.029116398 
326 292 10 13 0.029110417 
512 15 8 10 0.029108506 
378 399 18 24 0.029099315 
608 397 11 14 0.029093485 
838 144 10 12 0.029076025 
903 0 9 10 0.029056028 
39 212 8 12 0.02905486 
134 175 8 12 0.029051378 
389 21 9 11 0.029047389 
470 454 10 12 0.029020892 
928 404 20 25 0.029019356 
784 403 10 14 0.029009612 
345 605 22 29 0.029009612 
272 388 9 12 0.02900775 
760 572 14 19 0.0290001 
134 76 9 12 0.028998414 
535 476 13 15 0.028968956 
947 164 20 22 0.028955825 
135 405 9 12 0.028934143 
639 29 8 11 0.028927598 
327 262 9 10 0.028923867 
757 219 10 12 0.028919872 
979 174 10 13 0.028908545 
536 60 9 11 0.028898694 
902 141 9 10 0.028885454 
880 263 8 10 0.028857332 
871 101 9 13 0.028836654 
774 395 12 14 0.028832642 
165 79 10 12 0.028823702 
38 186 9 12 0.02882064 
426 14 9 10 0.028808843 
697 304 11 14 0.028806219 
968 102 18 25 0.028767325 
310 430 12 14 0.028762165 
366 397 9 12 0.028755313 
289 149 9 11 0.028736867 
455 247 17 22 0.028736481 
609 286 9 12 0.028725259 
878 102 9 12 0.02872458 
206 372 10 13 0.02871672 
473 436 10 13 0.028707117 
520 367 12 16 0.0286892 
894 72 8 10 0.028652204 
150 210 10 13 0.028642785 
1010 434 14 21 0.02863444 
255 101 10 11 0.028627725 
753 211 10 14 0.028610744 
135 386 11 15 0.02860692 
446 110 9 12 0.028606104 
231 245 8 11 0.028600201 
872 188 9 12 0.028595109 
760 294 10 13 0.028595077 
494 486 11 15 0.028586112 
910 101 10 12 0.028584376 
719 311 10 13 0.028579703 
296 73 7 9 0.028575048 
510 174 9 13 0.028521223 
647 315 20 24 0.028504029 
244 119 9 10 0.028496074 
575 117 8 10 0.028487844 
1006 423 15 20 0.028484663 
353 439 11 13 0.02845979 
883 71 7 10 0.028456852 
883 266 16 22 0.028452678 
433 285 17 22 0.028442271 
425 509 13 16 0.028434847 
951 223 10 14 0.028431164 
565 627 11 13 0.028419314 
880 149 8 11 0.028408736 
896 37 8 10 0.028397104 
278 236 9 10 0.028382096 
478 444 11 13 0.028377447 
638 23 8 11 0.028367857 
310 326 9 10 0.028364396 
512 95 7 9 0.02834116 
577 188 10 12 0.028331393 
656 474 11 16 0.02832542 
856 232 9 11 0.02832452 
424 102 9 11 0.02831869 
261 412 11 15 0.028318573 
608 84 10 13 0.028309686 
360 86 9 10 0.028305667 
463 143 8 11 0.02829461 
662 284 10 12 0.028277934 
529 196 10 11 0.028277567 
41 227 8 10 0.028274974 
671 62 8 11 0.02824843 
279 451 11 15 0.028246932 
534 157 8 10 0.028223054 
823 228 9 11 0.02822098 
39 291 11 15 0.028219536 
920 0 9 8 0.028208174 
111 293 20 27 0.028200176 
560 166 8 11 0.02819983 
593 190 8 10 0.028195366 
828 614 12 16 0.028187549 
575 129 8 10 0.02817511 
533 255 11 14 0.02817485 
854 284 9 13 0.028171903 
522 65 8 10 0.028162656 
680 120 9 12 0.028144926 
218 235 10 12 0.028123198 
839 302 9 12 0.02812163 
298 424 9 10 0.028115515 
479 111 7 9 0.028111484 
880 173 10 13 0.028099934 
370 23 8 10 0.028087346 
280 311 9 11 0.028087296 
199 150 9 11 0.028082555 
879 229 9 11 0.028079953 
649 7 9 12 0.028056676 
199 158 8 10 0.028048804 
108 662 10 11 0.02804773 
402 6 9 10 0.028046606 
904 236 9 12 0.028029794 
298 412 10 13 0.028025812 
511 389 8 11 0.028014906 
589 428 11 14 0.027995085 
247 94 8 11 0.027961915 
576 102 8 10 0.027959775 
471 289 11 14 0.027952125 
849 110 8 11 0.027944649 
996 474 12 15 0.02793607 
296 206 9 10 0.027935237 
168 220 11 14 0.027918968 
728 618 9 13 0.0279136 
480 275 10 13 0.027910281 
287 238 8 10 0.02790401 
737 29 8 10 0.027900986 
590 327 10 13 0.027888626 
584 85 8 10 0.027855309 
216 165 9 11 0.027854687 
792 565 11 15 0.027852092 
158 242 11 14 0.02785094 
481 13 9 12 0.02784627 
720 188 10 13 0.027807644 
944 362 18 25 0.027804391 
695 96 8 10 0.027803019 
381 261 9 12 0.027798483 
257 248 8 10 0.027794056 
133 23 8 10 0.0277524 
590 117 9 12 0.0277412 
840 277 9 12 0.027735678 
62 254 10 13 0.027733132 
95 187 11 15 0.02773263 
62 188 10 12 0.027714778 
542 62 8 10 0.027712839 
655 485 14 18 0.02770476 
551 364 10 13 0.02770444 
329 344 17 22 0.02770401 
447 235 11 13 0.027691068 
336 87 7 9 0.027681908 
834 451 12 16 0.027673306 
535 374 9 12 0.027670197 
790 264 7 10 0.02765354 
126 387 13 16 0.027641885 
462 287 10 12 0.027628854 
287 293 8 10 0.02762176 
741 264 17 22 0.027602697 
644 480 12 15 0.027594198 
60 70 9 12 0.027572967 
598 177 17 23 0.02754634 
743 334 10 13 0.027531411 
23 573 8 13 0.027522251 
493 430 10 13 0.027519243 
406 5 9 11 0.027517997 
879 285 9 11 0.02750388 
500 515 11 15 0.027483962 
975 261 10 12 0.02748314 
97 56 9 12 0.027465671 
733 245 10 13 0.027461711 
863 104 9 12 0.027455166 
303 262 8 10 0.0274502 
402 63 7 9 0.027449757 
322 496 21 27 0.027445568 
781 168 10 13 0.027440876 
305 454 21 27 0.027437167 
682 254 10 13 0.02743049 
740 103 19 25 0.02742624 
824 288 18 23 0.027415268 
694 110 9 11 0.02740633 
776 463 19 24 0.027403543 
952 77 8 11 0.027401676 
601 230 9 11 0.027391955 
656 227 9 12 0.027390966 
896 276 9 12 0.027389668 
815 204 9 12 0.027384311 
464 87 8 9 0.027368523 
383 422 20 23 0.0273675 
329 24 8 9 0.027364796 
260 438 12 16 0.02732694 
292 269 10 12 0.027319063 
904 79 8 10 0.027299017 
469 254 11 14 0.027295373 
336 277 8 11 0.027294436 
761 241 18 22 0.027287126 
716 238 10 13 0.02726871 
647 102 8 10 0.027264081 
958 294 9 12 0.027258396 
201 126 8 11 0.027255192 
93 -1 13 13 0.027250249 
565 339 10 13 0.027241731 
693 118 9 11 0.027238933 
133 258 11 14 0.02723865 
1001 299 9 13 0.027237555 
936 40 7 9 0.027221873 
492 228 19 23 0.027211688 
246 125 8 11 0.027193813 
608 324 11 13 0.027192872 
385 568 15 19 0.027192483 
667 271 9 12 0.027185615 
313 158 8 11 0.027168445 
651 77 8 10 0.027150296 
584 119 9 11 0.027149187 
946 47 8 9 0.02713939 
452 452 10 15 0.027123967 
760 110 9 11 0.027111707 
575 111 8 10 0.027101807 
559 55 8 11 0.027098339 
604 175 10 12 0.027080763 
496 366 10 13 0.02707672 
422 53 9 11 0.027066063 
847 197 10 12 0.027061023 
264 119 8 10 0.027051846 
873 6 9 11 0.027031416 
909 245 9 11 0.027029773 
888 341 12 15 0.027008824 
408 70 8 10 0.026978318 
517 429 11 13 0.026958495 
184 332 9 12 0.026956156 
828 367 11 14 0.026946597 
822 179 10 13 0.026931202 
328 101 8 10 0.026923565 
39 474 23 28 0.026922388 
466 391 11 14 0.026918422 
992 141 10 13 0.026913878 
235 391 11 13 0.026904514 
840 102 9 10 0.026901402 
47 464 13 18 0.026887726 
350 141 9 11 0.026884114 
732 429 12 15 0.026876515 
917 310 10 13 0.026862822 
864 275 10 12 0.026861088 
520 85 8 9 0.02683428 
296 341 10 11 0.02683235 
148 467 13 16 0.026832126 
143 55 7 11 0.026825901 
883 491 16 19 0.026821258 
216 278 10 12 0.026817081 
190 188 12 17 0.02681638 
462 276 10 13 0.026810406 
153 272 20 25 0.02679874 
670 117 9 10 0.026798092 
630 326 11 13 0.026796263 
224 112 9 11 0.026791267 
542 276 11 15 0.026790507 
1005 150 10 12 0.026788281 
575 93 8 11 0.026780447 
352 530 13 16 0.026776688 
415 23 9 11 0.026775455 
192 172 10 12 0.026768373 
662 23 9 11 0.026763022 
880 164 9 12 0.026756287 
121 69 7 10 0.026749313 
399 326 10 13 0.026743755 
912 23 7 10 0.026743341 
982 215 9 12 0.026740728 
990 404 18 23 0.026736444 
772 347 11 15 0.026734062 
560 110 9 11 0.026726449 
95 295 13 17 0.026713781 
325 415 17 24 0.026695227 
965 276 12 14 0.026674058 
255 199 8 11 0.02667171 
638 70 9 10 0.026664738 
981 348 11 15 0.026661273 
610 443 12 15 0.026658693 
1000 285 8 11 0.026651844 
801 231 8 10 0.026630292 
370 71 7 9 0.026623689 
327 135 8 10 0.026601303 
687 165 9 12 0.026572779 
35 252 13 15 0.026566392 
599 304 18 22 0.02655924 
319 85 8 9 0.026557315 
288 134 8 11 0.02655242 
361 230 10 13 0.026548343 
465 93 9 11 0.026542915 
528 38 8 10 0.026542634 
591 436 12 16 0.02653602 
269 540 13 16 0.026534477 
632 65 7 11 0.026532521 
974 235 9 11 0.026511652 
534 504 13 16 0.026509646 
185 71 7 10 0.026504429 
28 250 22 25 0.02650441 
649 164 9 11 0.02650122 
632 128 8 9 0.026467148 
960 347 12 15 0.02645462 
99 524 14 18 0.026446687 
798 339 11 14 0.02644082 
139 541 23 26 0.026434537 
585 213 10 12 0.026414812 
751 166 9 11 0.026412519 
110 96 8 11 0.026412511 
542 31 8 9 0.026406994 
492 388 12 13 0.026393605 
559 189 9 11 0.026391055 
693 292 9 11 0.026390022 
535 214 8 10 0.026381472 
480 157 9 11 0.02637667 
116 474 12 16 0.02637235 
472 410 10 13 0.026370015 
968 48 6 9 0.026367428 
752 94 8 11 0.026327293 
974 340 10 14 0.026318474 
439 300 12 14 0.026315678 
110 227 10 14 0.026303874 
568 118 7 10 0.02628335 
456 127 8 11 0.026282199 
1016 285 8 12 0.026270969 
399 87 8 10 0.026259469 
512 580 10 14 0.026255468 
221 461 12 15 0.026255025 
271 30 7 10 0.026247201 
591 333 11 13 0.026246533 
375 159 19 24 0.026245039 
264 165 9 10 0.02623241 
992 239 10 13 0.026230406 
684 480 11 16 0.026229218 
832 117 8 11 0.0262054 
831 155 8 11 0.026204806 
640 93 9 11 0.026203828 
249 69 8 10 0.026198266 
973 303 8 11 0.026194924 
437 136 10 12 0.026163172 
273 64 7 8 0.026162395 
478 64 8 10 0.026154598 
440 63 8 9 0.026143743 
794 322 11 14 0.0261431 
479 134 8 10 0.02613545 
444 403 10 14 0.026125288 
311 493 21 27 0.026124857 
26 307 12 15 0.026095036 
453 102 9 11 0.026074043 
254 109 9 11 0.026070314 
341 328 18 23 0.026062766 
560 181 10 12 0.026052415 
375 387 12 16 0.026044156 
910 236 8 13 0.026042415 
576 167 8 10 0.026036007 
178 292 10 14 0.026032245 
886 126 10 13 0.026016401 
271 182 8 9 0.025981748 
175 319 9 12 0.025979575 
399 149 10 11 0.025965266 
206 396 12 16 0.02594689 
848 15 8 11 0.025938278 
178 284 11 15 0.025936086 
657 100 9 10 0.02593015 
624 157 8 11 0.025906457 
551 270 18 22 0.025904946 
273 283 15 21 0.025891164 
238 247 9 11 0.025881175 
610 502 23 28 0.025878122 
935 419 14 18 0.02587579 
744 239 10 13 0.025872843 
701 252 10 14 0.025867697 
367 324 9 12 0.025866803 
462 214 9 12 0.025863837 
807 127 9 11 0.025855862 
288 183 8 10 0.025849102 
685 316 11 13 0.025844118 
585 143 8 9 0.025828812 
907 400 19 26 0.025813837 
486 22 8 11 0.025813332 
965 165 10 13 0.025790948 
80 228 11 15 0.025789652 
633 181 9 12 0.025780834 
736 263 9 11 0.025775138 
543 119 8 11 0.025767783 
13 186 10 13 0.025766596 
184 29 8 10 0.025765236 
381 436 11 15 0.025752703 
321 141 8 11 0.025722675 
456 412 10 13 0.025702756 
943 171 11 14 0.0257019 
520 165 8 11 0.025698204 
248 191 8 10 0.025693478 
433 114 10 13 0.025684541 
924 126 12 15 0.025659518 
982 142 9 12 0.025655678 
11 338 11 14 0.02565567 
895 362 14 17 0.025653012 
919 391 11 14 0.02564973 
382 381 11 14 0.025644194 
85 245 12 14 0.025637077 
166 124 9 12 0.025614386 
544 99 9 11 0.025613928 
903 284 10 12 0.025610914 
974 334 9 12 0.02560993 
686 188 9 12 0.02558904 
991 262 9 11 0.02557666 
366 340 12 14 0.02556458 
865 63 8 10 0.025557728 
823 308 11 14 0.02555144 
430 179 9 13 0.025542207 
942 241 16 22 0.025530467 
357 405 10 13 0.025529321 
520 348 10 13 0.025528183 
363 515 13 15 0.025504734 
92 500 21 29 0.025484277 
599 266 9 11 0.025481697 
810 79 8 10 0.025477743 
410 370 11 13 0.025463894 
182 24 7 10 0.025461372 
528 45 8 11 0.025460508 
831 169 18 23 0.025441356 
511 212 10 13 0.025438817 
967 85 8 10 0.025409449 
384 408 19 23 0.025397938 
407 421 10 13 0.025391744 
743 22 9 12 0.02539093 
683 419 21 25 0.025378222 
845 159 8 11 0.025373291 
280 135 9 11 0.025371628 
528 412 10 13 0.025361892 
127 181 10 12 0.025356963 
957 639 15 19 0.025337016 
359 72 8 9 0.025336124 
392 149 9 11 0.025333453 
182 445 248 275 0.025323348 
503 306 18 23 0.025321087 
464 207 8 11 0.025318617 
583 77 9 12 0.025316581 
216 262 8 11 0.025314882 
662 324 10 12 0.025306555 
580 352 10 13 0.025294375 
935 54 8 10 0.025294095 
438 340 11 14 0.025293259 
111 0 10 9 0.025270563 
199 329 18 23 0.025269454 
856 32 8 10 0.025269205 
29 247 12 14 0.025263123 
958 263 9 11 0.025253033 
176 280 20 26 0.025244191 
217 300 19 24 0.025241574 
304 214 9 10 0.025226913 
994 364 10 14 0.025214868 
6 163 15 17 0.025212267 
871 93 10 12 0.025204625 
975 85 8 10 0.025204444 
608 198 8 10 0.02519341 
581 397 10 13 0.025192725 
158 84 10 13 0.025191853 
701 261 9 11 0.025184797 
318 429 10 12 0.025183536 
490 519 12 16 0.0251788 
541 374 11 14 0.025168354 
308 434 20 23 0.025166322 
129 28 9 12 0.025131771 
312 261 8 10 0.025116954 
69 270 20 25 0.025092488 
368 29 9 11 0.025083352 
946 204 10 11 0.025074186 
845 181 9 11 0.025070619 
168 108 8 11 0.025069809 
422 152 9 12 0.025062243 
263 309 8 11 0.025060236 
828 441 19 24 0.025044916 
692 126 9 11 0.02503775 
921 229 19 24 0.025031757 
460 392 18 22 0.025021078 
655 174 19 25 0.02502047 
78 190 10 13 0.025010685 
239 94 9 11 0.025009548 
894 93 9 12 0.025003258 
250 388 9 13 0.024994731 
175 334 9 13 0.024992889 
663 206 8 10 0.024971005 
303 111 8 11 0.024940077 
164 253 12 16 0.02493579 
65 235 11 14 0.024929564 
164 278 11 13 0.024927791 
165 244 10 12 0.02491778 
134 27 9 12 0.024913978 
351 71 8 10 0.024899747 
157 92 9 12 0.024888517 
575 217 9 11 0.02488825 
70 242 11 14 0.0248723 
113 333 11 13 0.024854796 
609 76 10 13 0.024838205 
463 111 9 11 0.02483523 
606 158 9 11 0.024833465 
535 71 8 10 0.024831967 
596 357 11 14 0.024822919 
881 24 7 9 0.024822704 
886 205 8 11 0.024813375 
772 483 16 19 0.024812208 
678 207 12 14 0.024798693 
181 441 11 16 0.024782073 
177 80 8 11 0.024776405 
171 227 11 14 0.02476609 
478 119 8 10 0.024752934 
599 266 18 23 0.024749901 
774 241 9 12 0.024747541 
877 141 10 13 0.024741316 
373 358 20 24 0.024738105 
414 134 9 11 0.024731813 
377 92 8 11 0.024719661 
312 563 14 18 0.024717635 
665 70 8 10 0.024710352 
431 253 8 11 0.024700297 
396 389 12 16 0.024680512 
928 95 9 11 0.02467965 
862 231 9 10 0.024667144 
533 421 11 12 0.024666112 
968 174 9 12 0.024658494 
623 435 11 14 0.024645366 
177 24 9 10 0.024640491 
312 206 8 10 0.024637334 
676 358 11 15 0.024636434 
791 213 11 14 0.024630882 
513 373 10 14 0.024628993 
868 341 10 14 0.024626037 
429 265 9 11 0.024596242 
323 364 11 15 0.024585627 
615 190 9 11 0.024573537 
782 411 19 24 0.024557937 
599 101 8 10 0.024548993 
943 320 18 24 0.024534548 
183 271 18 23 0.02448429 
453 181 10 12 0.024480376 
622 198 9 10 0.024448482 
304 229 9 10 0.024427725 
359 471 12 16 0.024422461 
373 302 9 11 0.0244182 
62 110 8 13 0.024382835 
839 70 9 11 0.02438272 
486 362 11 13 0.024360033 
775 164 9 12 0.02435928 
656 258 10 12 0.024352865 
223 102 8 10 0.024341254 
101 342 11 13 0.024338363 
537 618 11 15 0.0243278 
483 612 10 14 0.024312237 
0 418 9 17 0.024309827 
790 37 8 11 0.024307292 
733 373 14 17 0.024304897 
568 309 19 22 0.024296165 
863 125 10 13 0.024275776 
490 71 7 10 0.0242646 
813 166 9 12 0.024261734 
231 181 8 11 0.024257468 
737 178 10 14 0.024250295 
133 570 13 18 0.02424484 
742 311 11 13 0.024233175 
265 318 19 25 0.024231777 
470 364 12 14 0.024217993 
121 78 8 10 0.024212949 
495 396 10 14 0.024210202 
708 340 11 14 0.024197081 
590 208 17 24 0.024195893 
901 395 13 17 0.024186797 
873 55 8 11 0.024184141 
62 126 9 13 0.024174578 
327 302 11 14 0.024160359 
846 165 8 11 0.024126958 
952 339 11 13 0.02412213 
911 159 9 11 0.024114568 
680 347 10 14 0.024113506 
1006 59 10 13 0.024109956 
503 295 11 13 0.02409525 
434 147 10 13 0.024083849 
225 389 11 15 0.02407898 
735 103 9 10 0.024069034 
927 576 12 14 0.02406898 
51 177 17 22 0.024052426 
214 183 19 24 0.024047801 
398 119 8 11 0.024044992 
376 64 8 10 0.02403462 
977 132 9 12 0.024033463 
809 245 9 11 0.024028927 
624 248 9 11 0.024014281 
432 158 10 14 0.024010282 
286 381 10 12 0.024007767 
638 354 10 14 0.023996774 
632 205 9 11 0.023994403 
750 301 11 13 0.023991974 
927 0 9 9 0.02398876 
981 125 10 13 0.02396818 
816 97 19 25 0.023939617 
160 141 9 13 0.023939503 
884 197 9 13 0.023932291 
847 285 10 13 0.023921795 
568 53 8 11 0.023910876 
688 197 10 12 0.023908405 
406 30 9 11 0.023900827 
865 239 18 23 0.02389301 
662 110 9 11 0.023887701 
576 247 17 22 0.023878386 
350 78 9 10 0.023869127 
558 348 9 13 0.023861792 
639 119 8 9 0.02385881 
155 441 17 23 0.023854934 
567 237 8 10 0.023849739 
314 72 7 9 0.02383999 
673 92 9 11 0.02383649 
599 23 8 10 0.023830442 
589 315 11 13 0.02381217 
899 263 11 14 0.023811279 
384 204 11 13 0.023779567 
200 328 11 13 0.023770677 
711 172 10 12 0.023768118 
591 29 9 11 0.023756811 
896 214 9 11 0.023751622 
478 182 9 11 0.023750316 
939 341 10 15 0.023747008 
494 87 8 10 0.023742175 
151 139 11 14 0.023737527 
309 397 10 12 0.02373347 
200 94 8 10 0.023732975 
788 378 20 25 0.023728725 
157 352 10 13 0.023719857 
487 136 8 9 0.023717169 
1013 261 8 11 0.023709843 
319 302 9 12 0.023706462 
503 197 9 10 0.023705944 
678 319 10 12 0.023688352 
966 198 11 14 0.023686174 
114 513 12 16 0.023683673 
983 93 9 12 0.023668358 
150 64 8 11 0.023666907 
874 356 12 16 0.023664197 
877 131 11 14 0.023661118 
937 30 8 10 0.02365168 
358 330 10 13 0.023627559 
957 513 13 18 0.023617769 
598 286 9 12 0.023599163 
968 39 7 10 0.023597866 
197 141 9 11 0.023585806 
57 124 9 13 0.023583753 
782 246 10 12 0.02357914 
172 357 9 11 0.023561394 
788 310 18 23 0.023559881 
504 101 7 10 0.023553843 
204 204 11 13 0.02354991 
734 614 11 14 0.023533847 
599 375 10 15 0.023533206 
253 63 9 11 0.023527324 
337 192 8 9 0.023520466 
257 551 14 18 0.023515578 
725 411 12 17 0.023506893 
856 192 9 11 0.023506409 
799 254 9 11 0.023499997 
816 215 18 23 0.023498252 
829 355 11 16 0.023494262 
764 231 11 13 0.023490041 
759 341 20 23 0.023489494 
286 388 9 12 0.02348885 
650 252 8 11 0.023471547 
519 301 11 14 0.023470003 
190 421 11 14 0.023468023 
775 31 8 9 0.023467585 
222 79 8 9 0.023461893 
392 189 10 13 0.023451358 
648 460 11 15 0.023426795 
1014 91 9 13 0.023422895 
469 460 11 14 0.023412518 
735 78 8 10 0.023404578 
560 173 9 11 0.023400879 
160 78 9 11 0.023396708 
927 84 9 11 0.02338047 
508 256 11 13 0.023362374 
191 397 11 14 0.02335914 
390 46 8 11 0.023358198 
312 111 9 12 0.023356795 
656 238 9 12 0.02333775 
820 418 12 15 0.02333651 
406 15 8 10 0.023318006 
575 80 8 10 0.023310876 
609 333 9 12 0.02330992 
813 141 9 12 0.023297403 
919 47 8 11 0.023296481 
593 181 8 11 0.023288507 
400 55 8 10 0.023255942 
462 158 9 10 0.023248032 
209 475 22 26 0.023247294 
240 232 8 11 0.023245383 
199 47 8 11 0.023238678 
934 117 10 13 0.023230895 
107 176 20 25 0.023227867 
979 109 10 13 0.023226663 
959 283 10 13 0.023180345 
486 14 8 11 0.023164144 
807 29 9 11 0.023157818 
584 300 9 12 0.023157058 
532 459 20 25 0.023153452 
519 108 9 12 0.023150487 
705 108 9 12 0.023147793 
561 117 9 10 0.02314577 
399 93 9 11 0.02314334 
879 324 11 14 0.023137826 
527 145 7 9 0.023130633 
431 39 8 11 0.023123808 
569 420 13 15 0.023111792 
435 312 18 23 0.023103746 
174 350 9 11 0.023094844 
807 437 11 14 0.023093218 
79 522 13 18 0.023090888 
529 436 11 14 0.023080219 
288 142 8 11 0.023079503 
613 212 10 12 0.023073468 
887 293 9 11 0.023072334 
255 127 8 11 0.023071714 
661 615 10 13 0.023055052 
454 195 11 14 0.023053324 
959 63 8 9 0.023042243 
410 360 12 16 0.023037048 
863 92 9 11 0.02303691 
327 191 8 11 0.02303623 
201 348 11 13 0.023034163 
342 608 14 19 0.023033706 
591 84 9 11 0.023032805 
624 63 9 11 0.0230075 
928 101 9 11 0.022998448 
598 110 8 10 0.022997143 
4 548 11 15 0.022995086 
921 14 8 10 0.022993963 
366 180 9 12 0.022984672 
598 253 9 11 0.022965617 
256 119 8 10 0.022964368 
940 434 12 16 0.022964003 
642 205 8 10 0.022956356 
822 174 9 12 0.022953693 
312 165 8 11 0.02294784 
734 139 11 13 0.022942765 
816 83 9 12 0.02292939 
453 189 11 14 0.02292827 
270 273 9 11 0.022927461 
399 71 8 10 0.022921247 
565 62 9 12 0.022904951 
384 53 8 11 0.022881456 
123 307 11 15 0.02287339 
12 244 10 14 0.022850746 
388 333 10 13 0.02284887 
966 340 10 14 0.022843653 
329 206 9 10 0.022840852 
741 141 9 12 0.022815768 
143 200 18 24 0.022798514 
134 534 12 17 0.022793291 
61 77 8 11 0.022786096 
225 142 9 11 0.022774257 
479 517 16 20 0.022772478 
758 94 9 11 0.022770751 
392 446 14 17 0.022769827 
546 6 7 10 0.022763593 
642 230 10 12 0.022758493 
943 221 10 13 0.022752335 
125 188 10 14 0.022744535 
650 13 9 11 0.022736873 
240 165 8 10 0.022736281 
843 494 11 14 0.02270924 
297 134 7 10 0.022705907 
886 331 11 15 0.022705669 
200 386 12 14 0.0226916 
415 90 11 13 0.022684094 
750 292 10 13 0.022676822 
912 64 8 10 0.02267372 
854 196 9 11 0.022659877 
741 29 9 11 0.022651559 
172 404 19 23 0.022647474 
319 128 7 9 0.022627532 
359 286 9 10 0.022626804 
101 0 10 10 0.022617728 
474 119 7 9 0.022615168 
798 79 8 10 0.022611253 
176 261 11 13 0.0225948 
894 397 13 17 0.022589445 
553 215 8 11 0.022578679 
787 364 13 16 0.022575771 
405 175 10 13 0.022564132 
743 168 8 12 0.02256357 
970 230 9 11 0.022558052 
856 86 9 11 0.022555683 
167 198 9 13 0.02254515 
447 284 10 13 0.022542862 
559 327 11 13 0.022539178 
137 148 8 11 0.022537077 
166 399 9 11 0.022536393 
153 329 17 21 0.022526182 
223 244 10 12 0.022522775 
390 39 8 10 0.022508444 
673 15 8 11 0.022507899 
961 23 8 11 0.022504907 
256 216 8 9 0.022499565 
374 30 8 11 0.022490403 
199 101 9 11 0.0224881 
672 204 10 13 0.022477586 
937 24 7 10 0.022465743 
287 172 8 11 0.022463068 
109 70 9 11 0.022434825 
311 229 8 10 0.022428725 
191 388 11 13 0.022426385 
384 299 8 11 0.022425594 
976 62 8 10 0.022423847 
597 346 13 16 0.022407144 
229 352 18 22 0.022403412 
15 317 11 16 0.022399928 
475 652 13 18 0.022386586 
910 125 10 13 0.02238561 
6 198 8 12 0.022377128 
917 340 11 15 0.022371711 
111 6 11 12 0.022366738 
1006 333 12 15 0.022365388 
810 355 12 16 0.022362389 
751 77 9 11 0.022361659 
221 316 9 11 0.022359643 
702 29 9 10 0.022352008 
486 477 10 14 0.022348851 
992 251 10 12 0.022347895 
1005 156 11 13 0.022340469 
430 390 11 14 0.022332707 
231 141 10 12 0.022328183 
966 135 10 12 0.022316836 
223 273 10 12 0.022305654 
173 462 10 12 0.022305248 
55 83 9 11 0.022288812 
266 420 12 14 0.022281671 
78 223 19 24 0.02228099 
692 134 9 11 0.022280721 
539 518 12 16 0.022274125 
1 309 16 19 0.022272399 
639 324 11 13 0.022260236 
246 420 11 14 0.022260044 
671 111 8 11 0.022257788 
993 148 10 13 0.02224377 
732 252 10 13 0.022240723 
24 273 12 16 0.022232791 
847 62 8 11 0.02223033 
814 114 10 12 0.022230294 
871 62 9 11 0.022219839 
423 85 8 11 0.02221637 
479 455 20 24 0.022202026 
727 321 17 21 0.02220184 
592 24 8 9 0.02220079 
790 138 10 14 0.022197047 
992 31 8 11 0.022192908 
636 376 11 13 0.022191443 
5 205 8 11 0.022183176 
527 302 10 13 0.02217918 
685 365 11 14 0.022154123 
418 52 8 12 0.022129448 
111 21 10 12 0.022123279 
416 29 9 11 0.022117104 
616 1 9 10 0.022114448 
669 245 9 13 0.02210578 
986 425 22 30 0.022104649 
214 368 19 24 0.02209489 
367 93 10 11 0.022094412 
1009 77 9 12 0.022091616 
701 215 9 13 0.02208994 
86 529 13 17 0.022064582 
760 164 9 11 0.02206152 
767 85 9 12 0.022055613 
824 316 10 13 0.022053445 
157 413 10 13 0.022033328 
466 102 9 11 0.02203176 
471 196 9 12 0.022031102 
798 348 10 13 0.02200452 
625 78 8 11 0.021991327 
976 195 9 13 0.021990845 
1012 301 10 13 0.021988135 
270 134 9 11 0.021987064 
783 459 13 17 0.021976706 
469 636 11 15 0.021965569 
118 0 9 8 0.02195585 
126 159 8 10 0.021940695 
108 100 9 12 0.021940365 
48 236 9 12 0.021939987 
592 465 13 17 0.021923343 
232 133 9 11 0.021921676 
473 224 9 12 0.021920359 
325 252 9 12 0.021910623 
552 205 8 11 0.021902861 
416 149 10 12 0.021898225 
947 325 21 25 0.021886073 
433 420 20 24 0.02188175 
495 173 10 11 0.021876143 
958 99 10 14 0.021874184 
263 158 9 10 0.021864777 
657 20 9 12 0.021855894 
649 220 10 12 0.021840775 
70 205 11 14 0.021837426 
902 119 10 12 0.021831134 
768 104 9 11 0.02182877 
232 190 8 12 0.02182761 
247 110 9 11 0.021826928 
319 234 18 24 0.021824285 
317 474 11 15 0.021822073 
575 40 8 11 0.021822006 
774 196 10 13 0.021818189 
861 360 13 17 0.021815896 
528 420 10 12 0.02181496 
591 340 13 15 0.021807725 
192 93 8 10 0.021800214 
224 451 12 14 0.021798564 
631 103 9 12 0.021796634 
229 273 10 12 0.021794809 
190 315 11 14 0.021785652 
426 315 17 22 0.02177852 
5 215 10 15 0.021758871 
535 174 9 11 0.021747628 
295 158 9 13 0.021746153 
873 453 14 18 0.021737887 
329 213 9 12 0.021726994 
566 151 9 11 0.021722358 
535 111 7 10 0.021709772 
590 69 8 11 0.021692911 
980 562 14 17 0.021686217 
663 484 21 27 0.02168043 
616 102 9 11 0.021679772 
454 94 8 10 0.021677917 
92 91 12 15 0.021677515 
171 214 10 13 0.021675006 
233 506 13 15 0.021673074 
519 280 18 23 0.02165687 
544 364 10 14 0.021655826 
611 112 17 22 0.021652013 
647 452 10 15 0.021648495 
489 62 9 11 0.021645905 
1016 222 9 13 0.021635475 
742 443 21 28 0.021625318 
440 270 9 11 0.02162231 
230 174 9 11 0.02162148 
789 444 12 15 0.021620467 
214 175 10 12 0.02161248 
70 125 11 15 0.021608433 
79 196 10 13 0.021593027 
694 86 8 10 0.021588817 
632 53 8 11 0.021574607 
943 24 7 10 0.021560907 
994 292 9 13 0.02155632 
709 570 15 19 0.02154251 
1005 325 11 13 0.021541197 
872 46 8 11 0.021539621 
112 374 11 13 0.021522421 
469 305 11 15 0.02152172 
790 176 19 24 0.021521563 
272 211 10 11 0.021516846 
799 119 8 11 0.021511463 
671 80 9 11 0.02149905 
191 182 10 14 0.021484988 
154 236 11 14 0.02148218 
390 86 8 10 0.021470506 
378 227 18 22 0.021470262 
654 73 8 10 0.021458909 
542 395 11 14 0.02145664 
925 370 13 17 0.021454873 
927 356 12 15 0.0214518 
311 280 18 23 0.021442367 
371 525 14 18 0.02143512 
62 212 11 13 0.021433482 
306 356 10 13 0.021428885 
519 591 10 13 0.021421017 
854 257 19 24 0.021418132 
670 351 11 14 0.021417376 
975 204 9 13 0.021416906 
224 133 9 11 0.021405665 
777 85 9 11 0.021393022 
470 142 19 25 0.021386035 
520 213 8 10 0.021375766 
560 253 10 13 0.021367872 
553 53 9 12 0.021360246 
569 46 8 12 0.021347914 
997 143 10 12 0.021345207 
424 252 9 11 0.02134213 
968 263 9 12 0.02133992 
959 135 11 13 0.021333855 
623 165 10 12 0.021331213 
567 38 9 11 0.021319691 
738 672 16 18 0.021313703 
681 122 17 22 0.021312263 
948 351 10 13 0.0213084 
824 245 9 11 0.021304097 
426 529 19 24 0.02129078 
453 429 10 13 0.021288592 
532 435 20 25 0.0212875 
216 62 8 10 0.021286715 
382 112 20 26 0.021286279 
447 208 18 24 0.021272345 
135 337 12 15 0.021269111 
593 39 9 11 0.021264791 
29 294 11 14 0.021262314 
756 362 12 15 0.02125954 
356 118 9 13 0.02125462 
723 404 12 18 0.021250887 
25 228 9 13 0.021250168 
64 220 9 12 0.021245424 
248 101 9 11 0.021238407 
783 237 9 12 0.02123169 
83 271 19 23 0.021213166 
279 63 8 10 0.021209296 
933 327 13 16 0.021197135 
655 246 19 25 0.021187847 
672 177 17 22 0.021183858 
401 279 19 22 0.021164749 
374 16 8 11 0.021159189 
61 244 11 14 0.021141231 
303 240 9 11 0.021140758 
317 339 10 13 0.021136228 
784 108 10 12 0.02111024 
153 37 9 11 0.021080544 
366 243 9 13 0.02107808 
298 538 16 18 0.02105518 
900 182 20 26 0.021045282 
517 246 11 13 0.021042531 
509 276 11 14 0.02103929 
552 165 9 11 0.021033889 
748 380 11 15 0.021029038 
878 254 9 11 0.02101998 
792 204 10 13 0.021019854 
347 119 8 10 0.021012045 
659 327 21 24 0.021002438 
289 30 8 11 0.021001581 
173 387 9 12 0.020987654 
402 246 9 11 0.020979274 
710 578 14 18 0.020979011 
845 141 9 12 0.02096649 
425 544 14 18 0.02096618 
928 331 19 23 0.020960541 
782 333 11 13 0.020953339 
621 316 10 11 0.020952921 
1000 156 9 13 0.020945214 
31 176 17 23 0.020940106 
647 342 11 14 0.020936538 
487 199 9 11 0.020929677 
856 55 8 10 0.020928832 
814 156 9 13 0.020926656 
879 45 9 11 0.020925697 
851 317 11 13 0.02091504 
463 462 11 13 0.02091456 
472 183 9 11 0.020914035 
143 198 10 14 0.02090516 
223 344 19 23 0.020899002 
533 395 11 14 0.020888468 
800 165 9 12 0.020882968 
310 542 14 18 0.020872202 
415 127 8 10 0.020867597 
354 356 11 14 0.020865124 
648 245 10 12 0.020864947 
819 589 10 14 0.020835778 
390 380 11 13 0.02081725 
16 308 11 15 0.020811854 
669 237 8 12 0.020809382 
293 307 17 23 0.02080467 
503 388 9 12 0.020796709 
438 254 8 11 0.02079476 
926 310 10 13 0.020787004 
671 283 11 13 0.020782858 
431 329 12 14 0.020778302 
903 31 8 11 0.020774983 
461 221 10 12 0.020770025 
126 541 17 22 0.020769713 
253 558 13 18 0.020769354 
430 376 10 11 0.020765774 
961 318 19 23 0.020764941 
431 380 11 13 0.020761227 
830 316 12 13 0.020736309 
511 196 9 11 0.020724084 
708 349 11 14 0.02072225 
340 340 11 14 0.020719808 
464 190 10 13 0.020714775 
151 101 9 12 0.020711008 
935 299 9 12 0.020707536 
83 318 12 17 0.020704538 
165 472 12 13 0.020698572 
116 187 12 15 0.020698128 
256 165 8 10 0.02069222 
743 134 8 11 0.020685604 
550 119 8 10 0.020682087 
453 459 10 14 0.020680834 
591 347 12 15 0.020676281 
487 310 19 25 0.020673439 
360 428 12 17 0.020668238 
50 11 415 419 0.02065195 
407 240 10 12 0.020651178 
622 326 12 13 0.020640707 
127 53 9 12 0.02060934 
191 72 9 10 0.02060794 
981 355 11 15 0.020607218 
399 177 18 24 0.020605288 
425 108 9 12 0.020601531 
446 333 10 12 0.020601273 
193 474 13 16 0.02058713 
456 292 10 12 0.020572843 
272 26 6 8 0.020551901 
550 181 10 12 0.020550359 
1014 295 8 11 0.020539992 
23 188 9 11 0.020539317 
11 314 21 27 0.020534562 
950 160 10 13 0.020534016 
496 260 12 13 0.020531988 
325 494 10 12 0.020522797 
726 372 11 15 0.020518983 
933 137 20 24 0.020514896 
448 355 10 15 0.020508477 
854 363 13 16 0.020503365 
846 301 9 12 0.02050024 
684 325 12 15 0.020498982 
512 429 10 12 0.020496096 
111 55 9 12 0.020491645 
533 100 9 11 0.02049133 
919 38 8 10 0.020482186 
423 180 12 13 0.02048125 
551 174 9 12 0.02047408 
227 476 12 16 0.020467564 
909 549 10 14 0.020464461 
809 61 9 12 0.02046076 
94 131 11 14 0.020459274 
403 436 14 17 0.020456621 
184 107 10 12 0.020453729 
830 348 12 16 0.020436183 
702 355 14 17 0.020423878 
208 140 8 11 0.020410234 
215 73 8 10 0.02040641 
680 157 10 12 0.020401264 
920 288 17 23 0.020400299 
424 410 10 14 0.020399813 
968 62 7 10 0.020396 
422 364 11 14 0.020389572 
562 128 7 9 0.020387333 
263 290 10 13 0.020386683 
863 189 10 12 0.020370083 
770 308 11 14 0.020356156 
651 383 13 16 0.020332543 
166 448 10 15 0.020328633 
223 274 17 22 0.020317907 
3 411 11 18 0.020317772 
808 95 10 13 0.020317683 
407 37 8 11 0.020316085 
760 374 11 14 0.020312749 
784 203 10 13 0.020303443 
912 171 11 13 0.020298852 
783 74 18 23 0.020279657 
105 504 20 27 0.020271644 
862 351 18 23 0.020268226 
630 374 12 14 0.020247104 
613 166 11 13 0.020241875 
719 23 10 12 0.02024133 
239 237 8 11 0.02024107 
912 110 10 11 0.020240985 
662 81 9 12 0.020235596 
392 65 7 8 0.02023487 
759 86 9 12 0.020233845 
288 62 8 10 0.020232111 
487 381 13 15 0.020232081 
406 412 10 14 0.020228976 
567 111 8 10 0.020217672 
943 106 10 13 0.020212231 
656 187 10 13 0.020210374 
773 -1 10 10 0.020200277 
488 102 9 10 0.020199953 
158 148 19 28 0.020197725 
262 397 19 25 0.020193815 
846 336 11 14 0.020189844 
925 316 11 14 0.02018634 
486 212 9 11 0.020185173 
111 286 10 13 0.020175386 
158 226 19 24 0.020161137 
694 182 11 14 0.02014866 
482 36 9 12 0.020141065 
377 38 7 10 0.020140555 
414 153 20 25 0.020137932 
950 481 14 19 0.020137083 
909 396 13 17 0.020130442 
512 53 9 11 0.02011811 
393 156 10 13 0.020111216 
700 581 12 16 0.020104874 
198 533 13 16 0.02009151 
503 182 19 24 0.02008802 
114 61 9 11 0.020078953 
981 643 12 17 0.020074071 
904 100 9 12 0.020067118 
512 381 11 13 0.02006588 
80 445 13 17 0.020064304 
508 238 10 13 0.02006363 
223 62 8 10 0.020063454 
919 32 8 10 0.020060742 
54 483 20 29 0.020046882 
958 198 10 12 0.020043248 
777 94 9 10 0.020038914 
910 340 10 13 0.020038748 
479 459 13 15 0.020030443 
957 70 19 26 0.020029968 
125 196 11 13 0.020023085 
46 476 12 15 0.02002187 
118 328 10 13 0.020014618 
384 31 8 10 0.02001318 
