25_Soldier_Patrol_Soldier_Patrol_25_869
73
663 176 115 155 0.99464583 
317 240 31 37 0.9930721 
218 224 23 28 0.4646053 
697 156 142 213 0.3826291 
142 265 29 39 0.2928158 
27 208 23 30 0.2904019 
162 216 14 19 0.18302552 
394 327 15 21 0.14519498 
878 554 63 68 0.12298462 
756 200 108 161 0.121029295 
622 490 13 17 0.10077075 
526 576 13 16 0.08387348 
903 559 40 44 0.070298426 
983 577 14 19 0.054214668 
81 143 98 162 0.049914975 
3 259 12 16 0.04811426 
307 489 79 113 0.046783336 
135 156 12 17 0.045127638 
371 301 16 20 0.044014275 
18 291 16 18 0.043147355 
404 25 239 182 0.04314686 
125 176 13 20 0.04178768 
151 208 22 31 0.041598257 
65 166 28 34 0.03947044 
167 241 21 27 0.03929558 
7 56 50 80 0.037573777 
70 250 14 17 0.037398145 
203 288 15 18 0.035743136 
173 237 14 17 0.034394503 
819 495 59 63 0.03424025 
219 257 17 21 0.033977516 
826 531 68 63 0.033889752 
334 245 25 32 0.033758182 
534 545 11 15 0.03353708 
590 572 14 20 0.032861453 
845 553 69 70 0.031881426 
806 472 66 62 0.03102674 
65 153 19 22 0.030384487 
947 -19 80 102 0.029780835 
603 302 43 44 0.029488208 
541 576 13 18 0.028677862 
562 565 24 31 0.028554508 
797 522 72 71 0.028456228 
951 534 45 63 0.027990727 
358 106 12 16 0.027857255 
35 220 17 22 0.02767549 
21 214 18 22 0.027652742 
778 498 124 119 0.025850464 
983 433 39 61 0.025731722 
784 574 29 36 0.025648126 
530 572 15 19 0.02563402 
239 286 13 17 0.025414791 
96 102 432 510 0.025189498 
196 290 17 19 0.024707483 
554 541 15 18 0.024093715 
130 226 46 67 0.02378025 
914 549 50 63 0.023567984 
245 277 11 16 0.023567589 
570 583 14 18 0.02350148 
213 259 15 18 0.023376547 
16 205 38 50 0.023240393 
168 218 14 18 0.022132264 
771 459 107 100 0.021957822 
997 456 26 43 0.021792436 
565 596 14 18 0.021790877 
5 46 90 129 0.021434275 
559 466 25 33 0.02142442 
159 248 26 33 0.021297606 
10 283 26 31 0.021183794 
224 236 17 22 0.020941846 
1002 353 14 19 0.020428773 
604 491 12 15 0.020171518 
61 137 29 39 0.0200297 
