25_Soldier_Patrol_Soldier_Patrol_25_59
240
459 91 75 88 0.9912874 
21 55 31 42 0.6737856 
348 152 30 42 0.5044612 
86 80 24 29 0.34918162 
935 465 87 148 0.2780511 
41 361 18 22 0.270423 
367 652 51 50 0.21466565 
437 210 45 53 0.18486276 
156 42 14 17 0.17759724 
278 107 23 27 0.17710808 
171 522 59 90 0.17344785 
923 94 17 21 0.1686807 
70 46 21 28 0.16410813 
331 45 15 19 0.15530382 
910 641 29 40 0.14451043 
198 504 123 143 0.14040719 
592 128 29 44 0.13809253 
251 534 94 117 0.12931983 
698 94 17 21 0.12791054 
571 170 42 53 0.12641099 
113 497 180 178 0.11440139 
822 173 24 32 0.10924877 
722 11 18 22 0.1060897 
657 26 16 19 0.100688346 
168 79 13 18 0.099416286 
811 53 13 17 0.09722669 
740 169 18 22 0.095757544 
390 117 45 61 0.09341545 
942 448 50 68 0.09338962 
803 573 72 88 0.09086642 
856 509 40 56 0.08748059 
681 193 15 21 0.07773196 
856 100 29 36 0.074262835 
175 146 12 15 0.07330498 
918 128 15 19 0.07051836 
925 147 14 17 0.070047654 
468 39 48 54 0.06965064 
678 139 23 29 0.06951052 
860 57 26 31 0.06654735 
114 510 112 111 0.0656819 
659 0 19 20 0.06305399 
131 77 24 33 0.062955685 
416 644 27 38 0.06281026 
566 634 43 53 0.059579764 
924 52 25 29 0.058714345 
246 42 15 18 0.058629967 
14 483 39 61 0.05753133 
581 450 55 66 0.056914624 
751 145 15 18 0.056558274 
867 232 24 33 0.05605921 
391 635 48 58 0.05399499 
913 642 54 61 0.05205601 
951 459 58 88 0.051820055 
984 192 18 22 0.051497266 
375 10 14 18 0.051142935 
345 337 51 64 0.051117122 
291 510 63 73 0.05091411 
379 244 54 60 0.048259728 
633 187 24 30 0.04753141 
117 0 15 18 0.047198433 
206 386 31 38 0.046863176 
672 127 24 33 0.04386555 
319 109 27 35 0.043545675 
774 137 22 28 0.042217635 
511 149 58 67 0.042176336 
412 485 25 32 0.042070776 
623 201 13 20 0.04012411 
404 211 51 60 0.040117424 
761 540 17 20 0.040050074 
692 106 16 20 0.039886646 
324 98 26 33 0.039132196 
436 562 14 19 0.038676426 
198 54 12 15 0.038182646 
14 104 24 29 0.037981194 
774 339 23 30 0.037891008 
407 545 26 35 0.037220336 
193 431 43 60 0.03715558 
464 569 19 21 0.03714255 
733 181 23 29 0.037134863 
397 4 14 16 0.036880974 
361 42 17 21 0.036790684 
125 22 12 15 0.036270265 
794 437 15 19 0.03610883 
413 475 40 52 0.036067594 
208 539 10 15 0.03569378 
894 153 15 19 0.03558057 
984 179 17 21 0.03529688 
549 166 49 60 0.035115544 
734 159 21 27 0.034608416 
590 188 30 38 0.03459512 
867 65 25 32 0.034292053 
305 39 16 20 0.034210894 
851 345 17 21 0.03392024 
969 445 39 47 0.0336423 
582 140 41 56 0.033462536 
465 42 32 35 0.0330113 
779 5 13 15 0.032959066 
921 24 17 21 0.032896228 
882 0 18 20 0.032506883 
875 22 17 21 0.03250331 
309 4 14 17 0.03239244 
317 63 15 21 0.032177612 
787 298 14 17 0.03193166 
779 530 15 18 0.031492427 
892 118 21 29 0.03139643 
762 553 109 138 0.031340327 
223 27 12 17 0.03130555 
771 176 18 23 0.031100407 
483 34 32 37 0.030855173 
410 17 14 19 0.030781154 
390 28 13 16 0.030773075 
681 158 18 21 0.030670363 
187 74 15 19 0.030509531 
403 613 48 60 0.030359829 
380 6 13 16 0.03002256 
390 397 11 15 0.029983189 
902 649 12 17 0.029889291 
562 441 52 71 0.029782545 
631 148 15 21 0.02971045 
751 411 11 14 0.029592933 
772 596 27 37 0.02924447 
795 97 15 19 0.029110756 
179 75 15 18 0.029039158 
681 32 18 22 0.028970132 
682 120 24 30 0.028945534 
923 84 18 20 0.028815027 
124 120 16 22 0.028775057 
957 121 15 19 0.028694276 
829 359 15 19 0.028627412 
801 325 19 23 0.02853612 
59 97 24 31 0.028399508 
388 115 30 35 0.028130297 
286 161 23 31 0.02764399 
272 498 101 125 0.027559552 
383 99 27 32 0.027546132 
780 401 15 17 0.027430592 
880 65 16 21 0.027143557 
958 40 15 17 0.02685419 
761 136 20 26 0.02635181 
415 112 44 63 0.026124693 
963 67 14 16 0.02605057 
661 671 16 21 0.026009465 
619 18 16 20 0.02589035 
159 456 92 154 0.025823334 
22 474 11 17 0.02579446 
726 374 14 18 0.025655512 
437 490 18 22 0.02564479 
1012 473 12 19 0.02562951 
117 21 13 16 0.025626706 
985 216 29 34 0.025541004 
163 36 14 19 0.02553122 
898 91 14 18 0.02547424 
947 161 25 32 0.02528444 
749 375 15 19 0.025239728 
179 115 15 19 0.02518372 
404 9 17 19 0.025023472 
669 122 16 20 0.024952779 
673 78 23 29 0.02487524 
478 109 86 102 0.024825571 
411 637 50 64 0.0246486 
542 251 50 61 0.024399532 
710 122 14 20 0.024272911 
796 75 16 19 0.02414908 
669 187 22 30 0.024106897 
448 266 30 39 0.024024988 
235 532 74 85 0.024016194 
669 652 12 14 0.023954436 
152 419 43 61 0.02394374 
984 453 34 45 0.023843566 
176 427 40 57 0.023828983 
778 116 25 31 0.023827702 
131 37 12 16 0.023598757 
690 189 21 28 0.023317136 
208 30 11 13 0.023308124 
994 302 27 42 0.023270486 
68 152 17 21 0.023145467 
391 0 13 12 0.0231381 
991 313 37 61 0.023041977 
768 528 23 28 0.022922069 
700 190 19 23 0.022840684 
485 585 17 18 0.022827465 
922 157 25 33 0.0228033 
365 159 29 38 0.022753462 
321 49 22 28 0.022697967 
205 393 45 56 0.0224553 
246 128 29 40 0.02245194 
836 142 18 23 0.022340298 
933 224 26 33 0.02229326 
611 138 25 34 0.022289438 
380 486 11 14 0.02223817 
380 595 93 117 0.022206083 
866 52 15 21 0.022176636 
725 523 15 21 0.022139978 
197 3 13 15 0.022121394 
902 119 22 28 0.022096343 
860 78 29 35 0.022041898 
933 57 25 30 0.021969572 
980 42 26 31 0.02194314 
373 569 13 18 0.021908296 
756 393 17 20 0.021753829 
796 10 16 20 0.02167256 
662 613 21 33 0.02151641 
909 107 14 16 0.021504207 
827 421 26 33 0.021487212 
841 106 24 32 0.021429414 
892 139 22 29 0.02141265 
808 26 16 22 0.02136685 
791 91 15 20 0.021328075 
604 193 24 32 0.021265931 
651 331 30 30 0.021255651 
40 64 19 24 0.021207124 
221 2 12 15 0.02116784 
668 115 15 18 0.02111898 
190 128 14 20 0.021112392 
149 154 14 18 0.021075955 
135 156 13 18 0.021070242 
531 204 32 36 0.02103822 
406 25 14 17 0.020862652 
220 92 14 18 0.020831821 
159 435 28 34 0.020825157 
249 51 13 15 0.020803362 
940 128 13 17 0.020731624 
667 51 15 21 0.020698396 
938 514 27 35 0.020697402 
429 33 18 20 0.020690927 
228 577 11 16 0.020675844 
329 194 44 58 0.020657498 
956 90 15 19 0.020648101 
739 96 16 21 0.02061371 
601 459 60 65 0.02059302 
830 92 13 17 0.020492075 
634 227 27 34 0.020385968 
106 555 75 78 0.020343792 
733 154 14 20 0.02020696 
949 55 24 29 0.020143144 
626 191 21 29 0.020140762 
738 154 219 237 0.020127993 
774 84 13 17 0.020125365 
957 146 16 19 0.02006927 
824 103 24 31 0.020062027 
