25_Soldier_Patrol_Soldier_Patrol_25_513
67
515 266 187 239 0.99965215 
121 103 182 224 0.99581474 
283 65 89 135 0.33443147 
104 480 175 254 0.22329554 
975 884 50 69 0.16722502 
105 987 26 31 0.092601925 
127 730 450 444 0.0921273 
345 7 24 30 0.08607929 
372 0 16 17 0.085094735 
956 13 24 33 0.0838009 
118 977 30 35 0.08111415 
179 41 170 254 0.079804696 
75 1253 98 144 0.07203415 
450 1300 9 13 0.067850776 
473 351 51 85 0.06149959 
92 1026 402 501 0.061185848 
316 61 102 149 0.06041241 
29 1183 206 236 0.058610752 
955 944 59 92 0.058317896 
32 1001 53 67 0.057852633 
108 921 41 53 0.051462527 
34 272 366 468 0.044240136 
82 1 40 41 0.043401442 
108 74 113 193 0.042566765 
334 638 51 61 0.042534992 
190 984 23 33 0.04250459 
100 964 39 53 0.040717885 
954 171 17 22 0.03967731 
241 49 96 153 0.037609775 
117 1147 226 290 0.03650483 
73 62 95 153 0.03486132 
985 965 41 68 0.03427695 
334 662 386 449 0.03407789 
352 647 52 62 0.03305059 
509 728 199 260 0.03246725 
0 635 37 51 0.032167625 
450 -19 448 395 0.03189111 
397 0 18 19 0.031276092 
167 1106 129 111 0.031143256 
14 1024 62 82 0.03087006 
334 85 60 96 0.030288208 
405 757 235 256 0.030060193 
474 270 119 188 0.029500874 
538 41 269 242 0.029199317 
848 1153 39 38 0.02883319 
402 23 194 245 0.028651169 
339 154 15 20 0.02825669 
315 2 17 21 0.027055655 
932 936 63 79 0.02605756 
49 66 79 122 0.02596873 
478 1301 10 13 0.025877953 
692 885 34 41 0.025853692 
452 1296 12 14 0.025612729 
638 199 180 270 0.025385033 
874 916 60 75 0.025374483 
329 595 111 152 0.024646847 
209 1210 119 152 0.024570053 
590 754 118 148 0.024139104 
135 918 43 58 0.023955373 
338 37 161 211 0.023334414 
246 586 95 124 0.023121454 
382 1061 444 480 0.022415584 
33 78 63 81 0.022305597 
14 648 42 54 0.021753 
242 552 208 256 0.02166545 
689 185 111 163 0.020319667 
678 868 54 71 0.020304333 
