25_Soldier_Patrol_Soldier_Patrol_25_1029
94
119 437 62 81 0.9980957 
154 200 49 61 0.9979577 
660 310 34 43 0.9973768 
610 298 35 42 0.997031 
255 360 56 70 0.99629265 
579 141 30 40 0.99594325 
554 328 30 39 0.99575436 
875 170 39 45 0.9916435 
248 183 38 49 0.990708 
497 182 34 46 0.9879374 
730 138 65 89 0.9734476 
513 384 43 65 0.95721126 
457 180 45 54 0.933678 
657 195 25 35 0.9126359 
716 183 35 47 0.71340144 
954 518 75 135 0.33971465 
624 226 17 20 0.24901225 
385 182 10 12 0.1828583 
655 200 15 23 0.122182906 
746 332 25 33 0.11510602 
700 184 13 17 0.10588096 
664 202 30 36 0.10393929 
433 163 11 12 0.08567937 
407 184 9 12 0.08399484 
422 181 12 15 0.081404716 
405 166 10 14 0.07811212 
382 187 13 16 0.07230467 
411 204 11 15 0.0609713 
45 636 35 34 0.06057108 
648 200 14 21 0.050516948 
542 167 14 18 0.049693763 
726 338 46 64 0.048276227 
740 610 31 39 0.0478409 
422 175 10 12 0.04460385 
966 241 49 71 0.043457214 
608 137 25 29 0.041475818 
696 177 21 29 0.04107358 
399 187 10 13 0.040632937 
758 111 54 77 0.03827867 
538 157 24 31 0.038256798 
259 617 14 18 0.038244523 
629 156 12 16 0.037851922 
357 551 10 12 0.037668243 
408 196 12 15 0.037430868 
703 147 71 94 0.036409266 
467 314 25 31 0.03596687 
834 258 42 62 0.03542508 
676 399 31 39 0.0349193 
546 163 14 18 0.034498326 
930 276 96 148 0.03357224 
122 583 30 35 0.033234302 
380 193 15 19 0.033046525 
388 187 11 13 0.03244824 
842 236 43 60 0.031002585 
782 119 38 53 0.030484812 
607 223 24 28 0.02943434 
731 631 42 42 0.029427843 
596 225 15 18 0.027535161 
498 167 27 40 0.027461328 
400 110 9 12 0.027235804 
649 173 11 12 0.026623676 
673 212 28 35 0.026583308 
464 203 32 40 0.025895743 
800 302 114 160 0.02568835 
663 575 47 67 0.025452035 
402 170 10 14 0.025424778 
655 212 15 23 0.025142305 
415 182 9 12 0.024833834 
1006 6 14 18 0.024803229 
214 330 39 51 0.024759434 
857 190 52 62 0.024604583 
849 88 27 30 0.024547104 
716 193 19 26 0.024442237 
705 184 24 34 0.023944953 
696 173 12 17 0.022887569 
420 181 21 26 0.02280575 
755 490 15 20 0.022721633 
456 194 12 18 0.02250522 
730 176 41 58 0.02248222 
964 510 29 51 0.022353934 
949 255 56 83 0.022339722 
422 527 49 57 0.022247665 
96 420 34 48 0.021521855 
761 218 16 21 0.021234162 
710 349 48 65 0.021095423 
353 557 10 13 0.021052632 
755 400 31 39 0.020866584 
753 382 30 41 0.020852935 
737 321 44 62 0.02079571 
680 209 18 23 0.020734528 
735 124 43 49 0.02016595 
135 151 15 21 0.020128708 
186 202 33 45 0.020072903 
632 225 15 20 0.020015959 
