25_Soldier_Patrol_Soldier_Patrol_25_121
443
682 90 59 70 0.99622595 
394 189 24 28 0.8931586 
308 91 10 13 0.3684035 
250 142 14 19 0.2741289 
3 261 26 38 0.26408467 
189 84 9 13 0.26035348 
158 71 9 13 0.21362895 
227 194 13 17 0.20319736 
122 155 16 20 0.19532211 
189 167 16 19 0.17379025 
171 166 12 17 0.17162421 
141 70 10 13 0.1623617 
288 30 10 12 0.15342245 
238 13 9 11 0.14762813 
206 207 13 17 0.14095658 
292 36 9 12 0.13453309 
248 109 11 14 0.13447545 
215 63 10 12 0.13077071 
166 124 20 27 0.12567459 
189 78 13 15 0.12245041 
220 63 11 13 0.11036138 
143 106 12 16 0.10835819 
146 249 17 20 0.107656255 
37 247 14 16 0.106222466 
194 32 8 9 0.104329206 
140 94 9 11 0.10422416 
180 38 9 11 0.10298726 
610 234 33 41 0.09978918 
156 84 11 14 0.09795395 
176 44 10 13 0.096582524 
263 47 7 10 0.09473518 
208 63 9 11 0.09346468 
303 14 9 12 0.091491714 
251 114 11 14 0.090535894 
350 318 11 12 0.089631386 
229 86 12 15 0.08878302 
249 31 7 9 0.08348952 
298 15 8 11 0.082903214 
93 135 25 30 0.082672834 
293 79 9 11 0.08198722 
198 85 11 13 0.078677684 
200 190 10 14 0.076677844 
125 188 12 15 0.07643477 
116 232 15 20 0.075845726 
794 125 40 51 0.074341826 
301 21 8 10 0.07389564 
362 230 16 20 0.07378673 
223 31 8 11 0.07313214 
215 47 10 12 0.07256236 
209 16 7 10 0.072336175 
293 31 9 11 0.07111254 
286 22 9 11 0.07104139 
204 86 10 12 0.070791826 
238 61 8 11 0.07013685 
200 90 11 13 0.069373086 
74 193 14 17 0.06909322 
165 69 11 14 0.065847516 
215 38 9 11 0.064779066 
225 87 11 13 0.06379468 
175 84 10 13 0.063415065 
375 194 12 16 0.062102426 
209 21 7 9 0.06196897 
158 92 10 13 0.061357085 
320 100 11 14 0.061093926 
125 69 9 12 0.060010374 
432 212 24 31 0.05996792 
261 77 9 13 0.05971869 
641 379 26 32 0.05956591 
256 1 10 12 0.05951046 
51 153 14 18 0.059054133 
257 45 10 11 0.058901332 
59 130 18 20 0.058634948 
254 30 8 10 0.05860206 
622 228 43 52 0.05824527 
280 20 9 11 0.05801073 
239 55 9 11 0.057865556 
217 53 9 11 0.056291476 
68 312 24 37 0.05549634 
110 193 13 17 0.05543375 
196 77 12 15 0.05478043 
220 101 14 17 0.05430662 
350 324 11 14 0.05411475 
102 487 22 29 0.053816 
171 218 18 23 0.053500675 
241 244 32 39 0.05293435 
656 94 31 49 0.05289493 
13 305 24 33 0.052719485 
7 434 12 15 0.05205792 
224 36 8 11 0.05205195 
276 91 14 16 0.052047595 
241 31 8 9 0.051846147 
367 213 13 15 0.051813055 
249 25 7 9 0.051421072 
196 130 13 16 0.05091233 
153 70 10 13 0.05084934 
215 78 10 12 0.050789334 
46 547 198 169 0.050718494 
59 272 14 19 0.050612874 
67 300 15 22 0.050211225 
265 99 9 13 0.050067686 
115 180 13 18 0.04996395 
319 0 10 10 0.049849484 
154 145 14 19 0.049698357 
198 1 8 9 0.04952032 
224 93 12 13 0.048903488 
724 244 24 32 0.04886238 
231 61 10 12 0.048799466 
606 464 31 39 0.04853774 
707 45 12 13 0.048034336 
236 100 13 16 0.047628 
127 62 9 11 0.047439754 
209 38 9 10 0.04713903 
133 123 14 17 0.046900474 
168 45 8 11 0.046864312 
16 524 11 14 0.046520513 
370 227 16 20 0.046511304 
257 37 9 11 0.046478804 
135 87 10 12 0.04621823 
134 196 11 13 0.04621758 
261 1 11 12 0.045990914 
53 250 15 18 0.045942314 
270 93 11 14 0.045813724 
154 77 9 13 0.045460634 
205 390 14 20 0.045400493 
308 13 9 12 0.045168083 
154 202 16 20 0.0451024 
222 47 9 11 0.044584084 
301 1 9 10 0.04432009 
232 55 9 11 0.04419485 
203 114 15 17 0.044106036 
189 185 13 17 0.043947473 
173 64 11 12 0.043827217 
214 15 9 10 0.04366184 
231 38 7 9 0.043624923 
177 32 8 10 0.043256626 
231 31 8 9 0.04315835 
57 316 24 31 0.042667005 
87 142 25 32 0.0424875 
132 55 9 10 0.04247606 
165 75 12 14 0.041884333 
209 47 9 11 0.04182548 
255 25 7 9 0.041514885 
153 54 9 11 0.0414489 
216 101 11 14 0.041386094 
285 84 12 14 0.04136458 
257 12 8 11 0.04128647 
138 140 15 18 0.041212376 
373 280 13 16 0.04107863 
120 71 10 12 0.04073951 
93 74 14 16 0.0406436 
210 273 24 33 0.040447343 
245 53 9 11 0.040406123 
270 45 9 12 0.040236406 
141 88 10 12 0.039845757 
234 13 8 11 0.039671596 
281 29 9 12 0.03956311 
222 54 9 11 0.039507993 
109 96 14 20 0.039102264 
581 265 50 62 0.039016515 
126 77 10 12 0.03899819 
193 24 7 9 0.03885746 
101 38 10 12 0.038805507 
82 112 18 23 0.038750082 
232 365 27 30 0.03864478 
215 22 8 9 0.03854571 
199 53 7 10 0.03826958 
153 63 9 11 0.03817739 
263 85 9 12 0.038106613 
31 524 12 16 0.038097303 
279 138 14 18 0.03806629 
271 37 7 11 0.037949406 
246 124 11 15 0.03791841 
203 196 14 15 0.03790525 
127 411 12 15 0.037781637 
261 71 10 13 0.037369214 
324 0 10 9 0.037365902 
348 129 14 17 0.037255265 
42 250 15 18 0.037211366 
191 657 19 21 0.03712103 
256 72 11 13 0.036988057 
143 47 8 10 0.036959734 
133 275 15 19 0.036782973 
223 15 8 10 0.03652946 
185 79 11 15 0.036398347 
205 78 10 12 0.036202226 
228 164 11 14 0.03616882 
334 82 65 60 0.035855837 
6 113 13 17 0.035694648 
50 265 23 32 0.03553629 
181 32 9 10 0.035425905 
70 239 25 31 0.035198666 
177 204 17 20 0.035033867 
115 94 12 16 0.034810092 
701 377 16 21 0.034536675 
430 221 16 18 0.034360025 
122 225 18 24 0.034335274 
217 30 8 11 0.034296025 
262 30 10 12 0.03428166 
224 23 7 10 0.034241084 
36 153 15 19 0.034240775 
371 219 14 16 0.034223866 
350 275 11 13 0.034163732 
220 139 12 15 0.034020297 
134 230 26 34 0.03385894 
198 36 8 10 0.033798505 
184 23 7 9 0.033778023 
7 192 12 18 0.033743836 
164 109 12 14 0.03370509 
262 37 9 12 0.033499397 
295 92 11 13 0.03322985 
254 346 24 31 0.033162363 
191 48 9 12 0.033041324 
193 0 9 10 0.032907303 
183 187 13 15 0.03283945 
88 284 29 35 0.03282578 
289 6 8 11 0.032661017 
39 251 26 31 0.032643188 
188 176 15 20 0.032549795 
100 6 10 12 0.032418393 
127 83 10 13 0.0323921 
193 53 8 11 0.032346647 
237 125 11 13 0.032338023 
293 6 10 12 0.031871878 
96 64 9 11 0.03158185 
600 244 47 57 0.031492807 
27 506 12 15 0.031438645 
271 31 8 11 0.03140921 
168 39 8 11 0.0313684 
247 36 8 10 0.031209737 
183 1 9 10 0.031119803 
317 95 11 13 0.03096721 
15 233 10 15 0.030961605 
270 86 11 15 0.030921094 
3 146 15 20 0.030898968 
192 36 8 10 0.030890618 
200 23 7 9 0.03085704 
87 90 22 30 0.030653717 
1 105 10 16 0.030527947 
279 2 8 8 0.030502256 
796 227 53 63 0.03047647 
36 525 13 16 0.030366087 
191 62 9 11 0.030336795 
261 11 10 12 0.030138126 
374 185 23 26 0.030061988 
239 46 9 11 0.029895004 
151 48 8 10 0.029888736 
134 171 12 18 0.02984813 
167 65 11 13 0.029689904 
146 14 7 11 0.029650243 
110 85 11 14 0.029629353 
127 226 23 29 0.029601807 
309 97 12 15 0.0295927 
286 14 9 11 0.029515581 
207 53 9 12 0.029277747 
377 202 15 17 0.029250927 
71 249 14 18 0.029167823 
680 413 12 14 0.029164597 
221 76 11 14 0.029106047 
52 321 17 23 0.029087136 
44 150 15 20 0.029003577 
359 197 12 14 0.028953081 
254 103 11 14 0.028912405 
194 376 24 32 0.028811632 
397 201 23 33 0.028698811 
83 104 17 20 0.028477969 
344 0 12 12 0.028282454 
268 147 14 18 0.028264532 
236 78 12 14 0.028256612 
161 39 8 9 0.028252525 
47 119 26 30 0.028053854 
156 188 11 14 0.028029894 
44 289 16 20 0.027885206 
61 281 24 31 0.027852476 
246 14 8 10 0.027786333 
147 631 35 36 0.027544092 
130 189 13 16 0.027469961 
147 116 12 16 0.02740934 
127 39 7 10 0.027336001 
160 100 11 14 0.027329383 
157 54 9 10 0.027305275 
442 214 16 19 0.027269177 
638 223 53 60 0.027267369 
153 31 7 10 0.027257377 
244 103 12 16 0.027200101 
10 107 11 15 0.027187778 
105 132 15 18 0.027160024 
704 274 47 65 0.0271149 
381 220 14 18 0.02708209 
47 279 23 31 0.026921984 
302 6 11 13 0.026894163 
152 134 20 27 0.026892336 
216 197 22 26 0.026808122 
208 0 8 10 0.026692597 
237 334 13 16 0.026565922 
108 225 17 22 0.026500665 
144 40 7 9 0.026489174 
161 46 9 11 0.026400665 
342 85 12 15 0.026382249 
611 269 110 129 0.026283592 
257 145 15 19 0.026212007 
317 316 11 15 0.02616601 
309 6 9 12 0.026151892 
150 14 8 11 0.026148843 
136 48 7 10 0.026131526 
212 181 11 13 0.02609957 
18 348 26 36 0.02606905 
274 22 8 11 0.026058154 
172 68 10 12 0.025994135 
228 99 15 18 0.02597728 
190 89 11 13 0.025975458 
127 115 13 16 0.025965488 
165 101 11 13 0.025891742 
296 1 10 11 0.02586795 
4 120 13 18 0.025843466 
393 193 15 19 0.02582098 
88 37 8 10 0.025781324 
141 214 14 18 0.025772337 
605 462 50 65 0.025761217 
273 69 10 12 0.025667666 
72 0 9 9 0.025592798 
235 92 12 16 0.025582515 
108 195 25 31 0.02552488 
59 302 23 32 0.025412293 
171 116 14 19 0.025376877 
19 235 11 14 0.02531694 
240 142 22 25 0.025165645 
171 78 11 14 0.025045028 
287 64 9 12 0.025015617 
271 2 9 9 0.024941655 
240 22 8 10 0.02493631 
72 283 25 32 0.02485965 
181 161 20 26 0.024822881 
288 70 9 10 0.024784187 
133 251 27 32 0.024754154 
388 225 12 16 0.024753692 
238 141 12 14 0.024748579 
102 205 15 21 0.024746219 
442 203 15 16 0.024722885 
211 189 13 15 0.024702884 
112 162 22 28 0.024699286 
96 22 8 11 0.024574716 
239 69 10 11 0.024505852 
195 351 26 34 0.024501964 
278 178 12 15 0.024463398 
358 326 10 13 0.024422318 
282 90 14 16 0.02438301 
263 24 8 10 0.024321724 
208 30 8 10 0.024270197 
295 306 12 15 0.024263151 
77 297 27 40 0.024255672 
96 1 11 12 0.024245976 
334 372 14 17 0.024210483 
210 7 8 9 0.02419467 
305 88 18 22 0.024156993 
405 245 13 18 0.024009364 
278 65 10 12 0.023880297 
377 177 44 49 0.023865208 
190 69 11 13 0.023853675 
121 39 8 10 0.023779081 
302 28 9 12 0.023723165 
98 632 127 113 0.02355888 
657 206 54 61 0.023532225 
318 105 102 119 0.023528432 
46 388 12 15 0.023501275 
62 297 15 19 0.023458049 
199 62 9 11 0.023412349 
152 243 27 33 0.023356577 
113 491 15 20 0.023341114 
397 99 13 16 0.023284113 
232 23 7 9 0.023275517 
195 137 12 16 0.023233622 
141 164 12 14 0.023218337 
41 248 41 52 0.02314727 
302 305 12 16 0.023062076 
326 282 11 14 0.0230004 
155 215 25 30 0.022914676 
350 226 25 30 0.022803618 
92 82 14 17 0.022774745 
30 156 14 17 0.022735413 
150 133 14 17 0.022671364 
107 200 15 22 0.022620354 
279 294 11 13 0.02257332 
26 592 28 30 0.022570921 
132 497 14 18 0.02249159 
133 179 13 17 0.022480669 
82 315 16 24 0.022382308 
229 68 10 12 0.022315148 
231 347 46 50 0.022307906 
132 422 15 20 0.022299185 
215 8 8 10 0.022233984 
246 47 9 11 0.022218939 
645 417 28 42 0.02218185 
205 372 23 31 0.022088503 
235 6 10 12 0.02201064 
150 1 8 9 0.021887537 
366 192 11 12 0.02188251 
289 2 8 9 0.021823758 
102 411 14 16 0.021732172 
296 348 12 16 0.021731555 
197 70 12 13 0.021626174 
165 0 10 11 0.021541981 
262 165 11 15 0.021509495 
229 158 12 15 0.021478651 
141 196 13 15 0.021471748 
12 445 12 14 0.021460382 
381 183 11 14 0.021432936 
89 120 15 19 0.021419387 
715 99 37 49 0.021391705 
0 503 13 22 0.021378776 
100 412 191 198 0.021358458 
16 238 47 61 0.02126896 
654 408 43 55 0.02120216 
178 299 25 29 0.02119451 
54 241 23 28 0.021186631 
21 298 13 17 0.021151287 
616 462 11 14 0.021112785 
164 82 12 14 0.021070596 
180 251 17 20 0.021020373 
54 148 23 27 0.02099115 
123 213 15 17 0.020925187 
109 173 16 22 0.020886898 
33 208 25 32 0.020870835 
781 187 28 34 0.020852083 
67 281 15 19 0.020821026 
88 124 24 30 0.020807607 
334 326 10 13 0.020805135 
168 22 7 9 0.020797865 
286 308 10 15 0.020795222 
112 214 23 31 0.02070754 
231 79 12 15 0.02068762 
92 340 37 43 0.020531518 
183 62 9 11 0.02050584 
0 238 41 63 0.020409878 
32 169 17 21 0.020370824 
149 122 13 17 0.020326769 
22 156 12 16 0.020232305 
74 146 26 29 0.020160908 
165 115 13 16 0.020148203 
79 66 14 16 0.020127509 
233 0 10 10 0.020123415 
118 1 9 10 0.020113098 
134 30 8 10 0.020008782 
198 6 8 9 0.02000204 
