25_Soldier_Patrol_Soldier_Patrol_25_436
87
650 185 26 30 0.63305384 
367 122 40 43 0.3735474 
687 144 29 45 0.23155846 
503 35 45 62 0.1772052 
691 129 27 42 0.119887166 
251 238 14 18 0.108837515 
516 45 29 35 0.10019642 
454 368 52 60 0.09671653 
493 15 77 115 0.08893695 
358 85 53 68 0.0878287 
376 117 64 65 0.07977062 
949 53 59 83 0.071307525 
67 69 32 43 0.05029461 
624 6 69 45 0.047863223 
289 245 14 17 0.046414196 
302 79 12 15 0.043468602 
237 211 13 17 0.042167675 
187 264 12 16 0.041631397 
743 27 27 34 0.040041402 
437 382 56 56 0.03929354 
241 222 23 31 0.038964644 
343 99 82 92 0.038420256 
860 158 35 42 0.037366357 
515 28 15 19 0.036955222 
101 213 52 59 0.036522903 
289 137 23 32 0.03570203 
267 217 14 19 0.03459037 
969 218 52 109 0.034273703 
519 11 52 65 0.03352905 
235 203 40 47 0.033517312 
245 210 14 18 0.033230107 
899 45 91 120 0.033043284 
164 37 11 15 0.032851353 
140 59 14 17 0.03283562 
253 204 25 30 0.032763764 
696 127 40 54 0.031960815 
113 5 23 28 0.03125953 
78 0 11 11 0.030961424 
251 209 15 19 0.030159362 
844 130 50 68 0.02957606 
239 205 24 30 0.029209062 
507 34 27 38 0.028742716 
261 218 13 18 0.028709251 
159 69 10 14 0.028560195 
86 -1 11 11 0.028233204 
551 217 59 70 0.02813139 
245 149 11 15 0.027457692 
634 166 41 51 0.027290419 
528 6 31 35 0.026742736 
116 51 12 15 0.026615087 
254 218 22 28 0.026026383 
-35 120 438 381 0.02569211 
133 92 12 16 0.025690397 
119 233 32 41 0.02564628 
443 351 48 54 0.025326166 
337 154 62 70 0.025176985 
392 91 104 114 0.024987318 
939 201 91 201 0.024729826 
397 301 28 40 0.024528667 
65 51 51 69 0.024123559 
111 51 11 16 0.024122396 
354 124 36 37 0.0241146 
527 52 19 21 0.024061345 
505 89 31 42 0.023933347 
77 28 12 16 0.023515046 
405 65 30 37 0.023497261 
296 142 47 55 0.02315257 
468 313 15 18 0.022821277 
102 46 11 14 0.022746725 
343 68 57 60 0.022670345 
261 138 12 16 0.022644686 
240 235 11 16 0.0222851 
443 382 101 106 0.021781081 
93 4 11 14 0.021562373 
772 68 187 238 0.021308135 
73 0 10 11 0.021123245 
744 19 44 53 0.020970516 
101 53 12 14 0.020969037 
429 321 13 17 0.020934274 
239 227 11 17 0.020848822 
190 139 27 32 0.020841194 
401 296 46 54 0.020820819 
306 131 217 250 0.02079756 
258 240 12 16 0.020736834 
251 226 15 19 0.02048379 
969 300 53 111 0.02048013 
151 47 10 13 0.02000995 
