25_Soldier_Patrol_Soldier_Patrol_25_1026
91
635 130 12 15 0.7778952 
204 226 45 46 0.7708471 
530 136 14 19 0.65637887 
576 231 22 27 0.5316392 
604 124 11 13 0.10865935 
654 309 13 16 0.10693475 
518 149 11 15 0.10355702 
582 143 9 12 0.090895765 
199 196 51 55 0.084337 
665 187 10 12 0.06720489 
2 386 9 14 0.064705566 
876 440 20 20 0.0545899 
588 270 29 37 0.05435964 
577 143 10 13 0.049827598 
641 131 12 15 0.046751566 
526 144 14 20 0.04668804 
547 323 15 19 0.04250424 
162 188 41 51 0.041089516 
0 176 24 50 0.03889729 
585 230 17 20 0.038882714 
645 190 10 12 0.03680914 
606 132 10 13 0.036478963 
4 395 11 15 0.03517458 
180 190 48 53 0.03454071 
583 102 9 12 0.033664193 
733 116 12 14 0.033499032 
655 276 11 13 0.033270337 
12 404 11 14 0.0324688 
86 363 12 17 0.031416804 
582 94 10 11 0.0313307 
687 258 11 15 0.030382907 
643 154 16 21 0.030230463 
775 196 10 13 0.029771 
599 117 13 15 0.029505143 
650 242 12 16 0.029449826 
0 249 9 15 0.029414061 
91 366 12 15 0.029332059 
688 242 10 14 0.02861008 
198 74 354 474 0.028539913 
20 308 12 14 0.02793915 
80 363 12 16 0.027619883 
668 298 11 15 0.0272537 
5 402 13 15 0.02722308 
670 196 10 12 0.02712698 
350 217 8 10 0.026971348 
590 141 9 11 0.02683385 
568 252 46 61 0.026291074 
663 299 12 17 0.026195047 
767 191 8 10 0.02600261 
446 120 12 17 0.02571553 
108 213 10 13 0.025481816 
670 308 12 15 0.025076393 
360 303 23 30 0.02501311 
761 188 8 11 0.024971012 
569 222 47 59 0.02479138 
592 135 9 11 0.024676306 
668 245 10 13 0.024532333 
605 340 11 15 0.023841163 
391 116 11 14 0.02377996 
530 357 12 17 0.023403661 
616 172 9 13 0.023235615 
598 141 9 11 0.023114262 
24 214 11 14 0.022990163 
420 249 10 15 0.022901503 
564 100 10 13 0.022873497 
550 335 13 17 0.022580385 
653 318 30 40 0.022578718 
614 181 9 12 0.02219054 
610 124 12 15 0.022127958 
47 286 9 11 0.021810992 
0 371 10 16 0.021772645 
578 342 14 18 0.021727301 
583 109 9 12 0.021719253 
446 223 9 10 0.021672422 
606 140 10 12 0.021507313 
621 230 14 16 0.02146009 
351 239 9 12 0.021387946 
87 202 11 16 0.021266403 
344 220 9 12 0.021213058 
37 366 10 13 0.021149881 
596 227 12 15 0.021121912 
553 219 78 104 0.021097766 
396 116 12 15 0.020961188 
37 403 11 14 0.020835027 
599 101 8 11 0.02060821 
318 221 9 11 0.020560801 
312 214 9 12 0.020555573 
612 115 13 15 0.020554557 
162 195 26 31 0.020517727 
621 282 14 19 0.020366075 
601 274 26 34 0.02002765 
