25_Soldier_Patrol_Soldier_Patrol_25_174
246
638 204 34 44 0.9907007 
110 31 28 37 0.98639804 
394 158 35 41 0.9156628 
204 159 21 26 0.8101239 
371 83 22 26 0.80927604 
294 93 21 26 0.7914599 
57 156 30 34 0.43113315 
251 129 14 17 0.37640074 
336 101 19 21 0.36239085 
246 99 13 15 0.3421697 
609 209 34 41 0.19564638 
341 142 23 30 0.19496201 
4 275 12 15 0.17282206 
222 106 12 15 0.1714713 
164 159 14 18 0.16959739 
283 155 21 27 0.14891823 
205 83 10 14 0.111134216 
533 152 14 18 0.099713475 
181 76 10 12 0.08999396 
765 44 11 13 0.08042564 
247 132 22 26 0.079493955 
101 147 25 28 0.07859967 
275 92 13 16 0.07656693 
306 146 354 497 0.07625813 
640 373 33 36 0.075834714 
0 157 12 17 0.075739875 
357 177 14 18 0.07526009 
340 250 19 21 0.07353962 
138 88 16 20 0.072342426 
253 82 13 16 0.07162778 
550 293 28 34 0.06593052 
761 74 22 28 0.06580717 
153 180 16 20 0.06467029 
609 330 29 33 0.064460404 
305 233 18 22 0.06354292 
146 111 14 18 0.06133638 
222 216 15 19 0.06092649 
29 278 9 11 0.060242064 
550 266 15 19 0.059854127 
1008 109 10 15 0.05722481 
213 147 22 29 0.055107247 
263 198 23 30 0.054945227 
448 132 11 13 0.054924972 
270 120 15 19 0.05326427 
748 79 14 20 0.053229038 
217 159 20 28 0.05245518 
230 83 12 13 0.052296136 
61 174 16 20 0.05167704 
227 92 13 16 0.04924191 
1013 109 9 14 0.048999004 
220 96 19 24 0.048998035 
227 139 12 17 0.048802122 
51 167 26 32 0.047364216 
260 83 11 15 0.045663744 
338 68 16 19 0.045177974 
548 262 27 34 0.045122325 
333 73 15 18 0.044426147 
579 237 13 16 0.043922093 
244 143 25 30 0.043762203 
522 132 45 61 0.043582518 
221 113 12 15 0.043516804 
609 87 9 12 0.04298129 
248 83 11 14 0.04241593 
530 147 22 28 0.04223604 
201 78 10 14 0.042207155 
601 77 7 10 0.040886324 
299 181 24 30 0.040325213 
294 56 12 15 0.040270798 
22 201 12 18 0.040233154 
790 36 10 12 0.040089134 
320 60 11 13 0.03968632 
55 164 13 16 0.039101824 
60 163 18 21 0.039076515 
185 158 26 30 0.038940612 
137 92 23 30 0.03887213 
246 157 23 26 0.038860414 
379 466 31 46 0.038084302 
44 182 14 17 0.037612796 
204 108 12 16 0.03759276 
24 272 9 11 0.037107818 
356 88 13 19 0.03678395 
40 163 11 13 0.03669518 
366 87 17 21 0.0360795 
121 23 26 39 0.035901275 
67 147 29 37 0.035570856 
317 154 15 20 0.03553191 
346 95 21 27 0.035421267 
0 270 19 26 0.035187382 
47 163 11 14 0.03513631 
253 67 11 13 0.03414303 
236 84 12 13 0.0341085 
324 115 13 17 0.033981435 
204 218 14 18 0.033749927 
239 95 20 25 0.033693895 
383 88 16 20 0.033581417 
251 188 20 28 0.03355733 
781 53 10 14 0.03309005 
328 76 23 26 0.03241027 
289 180 15 20 0.032173198 
761 38 11 13 0.031979516 
21 194 21 30 0.031737722 
771 19 12 15 0.031653814 
612 91 10 13 0.03162027 
269 290 13 18 0.031337194 
606 78 8 10 0.03116303 
599 236 13 16 0.031051908 
616 353 61 64 0.030956112 
298 86 15 18 0.030923333 
21 131 24 31 0.03046579 
197 166 18 23 0.030005388 
566 239 11 14 0.02989615 
73 161 18 21 0.029598067 
140 67 14 18 0.029412523 
837 1 14 16 0.029210998 
329 103 20 24 0.029184852 
1006 103 10 14 0.02913165 
500 174 12 15 0.02886517 
118 253 364 469 0.028754393 
297 177 38 49 0.028572852 
452 128 11 13 0.028559934 
192 144 23 31 0.028473154 
181 84 12 14 0.028434847 
172 110 17 21 0.028323848 
270 87 12 16 0.028305974 
233 158 20 27 0.028250543 
602 73 7 10 0.028164241 
372 93 24 29 0.02802894 
71 109 23 26 0.027875803 
593 78 8 11 0.02767117 
238 158 12 17 0.02763029 
606 72 8 10 0.02762527 
21 170 10 14 0.027508475 
340 104 23 26 0.02738341 
284 93 12 17 0.027323147 
239 93 11 14 0.027300246 
205 46 11 12 0.027252074 
639 149 12 14 0.027238613 
245 265 15 18 0.027235508 
187 174 15 21 0.02722372 
235 260 17 20 0.027166244 
11 277 10 13 0.027147777 
223 134 12 16 0.027115196 
323 159 16 22 0.027059607 
550 277 32 37 0.027003324 
622 198 33 42 0.026985966 
38 261 9 13 0.026790004 
73 211 11 14 0.026753409 
164 129 12 16 0.026424095 
251 92 13 16 0.02639738 
399 101 13 18 0.026388472 
462 251 14 19 0.026072634 
243 183 20 29 0.025992764 
60 17 42 54 0.025807552 
0 0 13 21 0.025621388 
602 227 25 30 0.02552825 
235 117 12 15 0.025504842 
177 70 12 14 0.025431465 
237 122 13 16 0.02537569 
88 147 26 29 0.025301978 
241 99 12 15 0.025183627 
591 61 7 10 0.025167562 
555 253 13 16 0.02509652 
764 49 12 15 0.02503873 
215 68 10 13 0.025000786 
554 259 15 21 0.024971904 
502 122 44 61 0.024759622 
706 83 25 32 0.024714073 
174 155 24 30 0.024610396 
188 85 10 12 0.024606619 
843 2 14 15 0.024214305 
561 109 9 11 0.024036814 
233 135 21 26 0.023911402 
55 66 11 15 0.02390183 
72 260 12 17 0.023826396 
934 221 9 11 0.023666572 
231 265 15 18 0.023477506 
204 148 16 20 0.023440648 
270 209 24 29 0.023439853 
219 139 20 26 0.023363398 
205 52 10 12 0.023249459 
277 144 22 27 0.023209143 
648 96 8 10 0.023200907 
70 31 23 37 0.023192873 
228 122 14 17 0.023157138 
30 285 10 12 0.023138348 
13 165 12 16 0.023052637 
627 185 17 19 0.022999302 
141 52 13 19 0.022916256 
644 359 52 61 0.022909973 
238 132 13 18 0.022813438 
206 131 13 17 0.02272243 
218 242 15 19 0.022545865 
134 72 23 28 0.022396049 
260 125 12 17 0.022382796 
140 155 15 20 0.022279423 
227 156 14 19 0.022238385 
565 108 10 12 0.022200918 
189 36 10 14 0.02213371 
533 85 10 13 0.022046724 
327 67 12 15 0.021883758 
145 181 25 32 0.021794852 
177 126 23 28 0.021770936 
179 109 21 28 0.02173353 
147 101 24 31 0.021726942 
245 178 14 20 0.021605894 
287 98 13 17 0.021593196 
211 283 15 18 0.02149984 
800 30 8 12 0.021484526 
252 119 13 16 0.021479344 
173 36 10 12 0.021456825 
169 155 16 21 0.021398878 
435 231 19 22 0.021345945 
271 259 12 17 0.021328554 
278 156 16 20 0.021257414 
476 293 14 18 0.02125365 
316 293 12 15 0.021230936 
-169 35 446 470 0.021199333 
330 188 15 18 0.021195186 
769 70 15 18 0.02117939 
251 177 16 21 0.021168768 
565 84 10 12 0.021130275 
713 75 24 29 0.02103545 
611 344 20 24 0.02092444 
47 14 10 13 0.02089589 
168 45 10 14 0.020881906 
244 198 15 19 0.02084327 
245 169 15 19 0.020822788 
623 182 28 33 0.020800285 
201 231 26 32 0.0207468 
263 290 24 32 0.02064089 
328 148 21 28 0.0206095 
342 82 24 27 0.020598028 
57 157 46 58 0.020534467 
821 79 10 12 0.020510321 
175 85 13 16 0.02042052 
188 129 14 19 0.020412035 
1001 358 8 11 0.020314775 
428 125 11 13 0.020305732 
5 247 9 11 0.02029175 
276 224 17 20 0.020212721 
318 188 24 27 0.020184306 
216 107 12 16 0.020165019 
301 83 21 28 0.020103676 
298 108 17 22 0.020083763 
390 115 14 17 0.020052832 
276 140 16 19 0.020014413 
