25_Soldier_Patrol_Soldier_Patrol_25_515
169
55 308 16 20 0.93830407 
615 325 13 15 0.9287205 
476 321 15 20 0.9167415 
367 298 13 18 0.90365666 
537 313 14 19 0.88185114 
786 309 18 24 0.8657951 
836 314 18 26 0.85085565 
636 309 20 26 0.82561034 
394 311 15 19 0.82034606 
859 304 16 22 0.8163515 
803 294 21 27 0.7478132 
522 315 14 20 0.7388501 
718 301 22 27 0.7250821 
577 325 15 18 0.70939076 
702 318 15 21 0.6468667 
415 318 14 18 0.6403907 
668 313 15 21 0.63701475 
916 310 18 22 0.6350605 
460 317 12 18 0.5538084 
563 340 13 16 0.5066669 
440 330 13 19 0.37879845 
886 328 16 24 0.34827653 
736 402 51 71 0.29853085 
908 105 42 47 0.25252813 
642 300 14 18 0.25056353 
372 320 13 18 0.23125862 
467 316 19 25 0.16291814 
507 403 11 15 0.14364728 
674 310 15 21 0.1397969 
845 309 21 27 0.12076331 
747 377 36 44 0.10826074 
723 375 21 33 0.09480473 
663 339 13 18 0.09431166 
900 314 15 22 0.09281033 
704 311 12 14 0.090879105 
373 389 10 12 0.08864791 
645 406 13 15 0.086011365 
617 316 16 21 0.08058163 
642 361 16 20 0.079819895 
840 504 8 10 0.07892526 
738 324 13 17 0.07801088 
695 322 13 17 0.07725007 
628 346 13 17 0.072569 
621 409 11 16 0.07214223 
712 311 21 28 0.07124149 
684 346 14 19 0.07037563 
876 307 14 19 0.06932841 
882 310 21 30 0.0658897 
652 300 13 16 0.06497584 
544 315 13 17 0.06353346 
685 323 12 16 0.062853836 
47 309 15 18 0.058013376 
798 298 16 22 0.0551254 
381 367 9 12 0.054448146 
631 330 12 16 0.05417122 
787 301 16 19 0.053271364 
662 320 14 19 0.053212307 
924 304 14 18 0.052635226 
662 308 14 20 0.052101288 
683 315 13 18 0.05082816 
931 398 14 17 0.050061353 
400 312 17 22 0.04987097 
618 307 16 18 0.04807028 
415 375 10 12 0.04787808 
630 310 16 22 0.046830375 
661 300 10 14 0.04655229 
929 308 14 20 0.046249785 
905 311 21 28 0.0455671 
866 308 16 22 0.045493245 
393 322 11 16 0.045329783 
387 345 13 16 0.045315344 
377 370 10 13 0.044432737 
1000 476 25 41 0.04393166 
461 328 11 16 0.04183542 
495 364 11 15 0.04149121 
427 318 11 15 0.041236747 
630 321 15 18 0.040929303 
175 301 8 10 0.039814834 
507 385 13 17 0.039373998 
644 312 21 27 0.039353117 
783 496 9 11 0.039163828 
452 387 9 13 0.03896778 
762 321 16 20 0.038519084 
556 402 11 16 0.038498648 
636 326 15 20 0.038164247 
567 412 11 15 0.037419073 
772 311 22 27 0.037043188 
610 363 14 19 0.03638161 
575 388 13 17 0.036201876 
370 295 20 26 0.036161114 
175 316 9 12 0.035953775 
640 406 12 15 0.03570775 
661 341 19 26 0.035337284 
379 300 12 16 0.03519873 
728 316 21 27 0.034907617 
937 502 9 12 0.034331173 
693 331 13 16 0.03393862 
137 302 10 13 0.03378699 
884 306 13 22 0.033691954 
622 402 19 25 0.033456475 
420 317 19 25 0.03295979 
678 369 12 16 0.03295078 
398 331 9 13 0.032892972 
877 321 14 19 0.032822903 
941 396 13 16 0.03273527 
190 245 10 12 0.031710267 
398 370 10 13 0.03152415 
799 338 13 18 0.031344358 
637 355 16 21 0.030632926 
449 381 10 13 0.02952179 
651 404 14 17 0.029237585 
655 294 12 15 0.028533721 
418 311 15 19 0.028051112 
750 380 50 70 0.026749711 
303 398 9 11 0.02604703 
623 387 13 17 0.025985153 
481 326 14 19 0.025955573 
551 410 11 15 0.02564815 
679 327 12 17 0.025467277 
724 319 16 21 0.025400922 
649 306 15 20 0.025212161 
832 501 9 11 0.025158111 
175 309 9 13 0.025065558 
708 304 14 17 0.024824105 
502 393 19 26 0.024720201 
606 357 15 19 0.024265956 
731 377 30 38 0.024248553 
644 376 17 18 0.024165586 
577 363 13 17 0.02411768 
378 307 12 17 0.024022885 
378 316 14 19 0.023935385 
408 322 12 15 0.023874255 
396 304 14 17 0.023778483 
499 364 14 18 0.023612339 
365 307 21 30 0.023570035 
676 356 22 30 0.023472082 
956 412 10 15 0.023368578 
392 383 10 14 0.023202782 
903 394 10 13 0.022947982 
375 396 12 16 0.022942165 
646 350 21 27 0.022932485 
481 318 14 18 0.02274683 
50 348 26 30 0.022177888 
793 306 15 20 0.022159364 
669 302 12 15 0.022050334 
637 296 14 15 0.021960652 
567 291 14 17 0.021946734 
701 371 13 18 0.02194411 
478 312 12 15 0.02191008 
644 444 9 13 0.021845676 
46 304 12 15 0.021548493 
933 344 15 18 0.021498684 
586 324 12 17 0.021490525 
943 388 14 17 0.021490352 
381 294 12 16 0.021358375 
909 338 11 16 0.02131907 
722 293 16 20 0.021279583 
493 357 12 16 0.021235118 
-30 258 211 246 0.02116181 
437 316 12 16 0.02113911 
867 509 11 13 0.021078916 
570 338 13 17 0.020748412 
826 316 21 26 0.020484004 
655 347 14 17 0.020473598 
831 309 15 23 0.020369438 
141 306 13 15 0.020327395 
372 355 11 16 0.02032261 
841 322 17 24 0.020262644 
180 310 9 11 0.020180954 
