25_Soldier_Patrol_Soldier_Patrol_25_325
177
422 124 59 71 0.9979407 
765 277 31 35 0.99632984 
670 203 40 51 0.9941478 
278 197 41 48 0.9932087 
97 205 48 58 0.99234724 
822 299 26 30 0.99108654 
854 307 24 28 0.9614988 
882 324 25 28 0.88719577 
538 201 35 42 0.79999167 
647 413 21 29 0.6136193 
741 433 17 22 0.26898065 
746 391 15 20 0.2453418 
722 257 25 30 0.22956014 
301 298 33 42 0.19649123 
779 382 18 22 0.18961166 
605 357 24 28 0.16429086 
6 382 22 29 0.14934285 
646 347 21 26 0.14489911 
762 453 15 20 0.13854232 
605 354 14 17 0.13079889 
748 302 16 19 0.13046429 
840 377 24 31 0.11681788 
692 416 12 15 0.11494132 
723 442 12 17 0.10870324 
899 325 17 22 0.10662698 
203 3 59 66 0.10477435 
955 165 21 29 0.100955956 
399 385 22 31 0.10075024 
834 303 23 29 0.095106035 
943 428 11 14 0.09375809 
166 383 15 19 0.09229702 
856 428 11 16 0.090342306 
943 420 12 15 0.08733425 
910 427 12 16 0.086076766 
269 420 19 20 0.08377332 
483 223 17 19 0.06897189 
507 292 16 21 0.06876356 
608 370 18 21 0.065817006 
728 382 21 27 0.06533756 
561 274 39 52 0.06528179 
787 459 13 17 0.0614319 
439 378 11 14 0.058660977 
839 171 12 15 0.05808352 
652 377 14 17 0.057613466 
608 345 24 27 0.056453794 
241 315 19 22 0.056443084 
783 451 10 15 0.05635064 
344 247 40 53 0.055914525 
475 397 16 24 0.05456416 
465 393 20 27 0.053345717 
877 452 12 16 0.05237347 
929 380 9 11 0.052012872 
750 349 25 32 0.04972117 
933 380 10 12 0.049491484 
885 450 12 16 0.04877258 
771 369 28 38 0.046501733 
891 329 29 33 0.044911377 
731 436 20 27 0.044413805 
797 445 12 17 0.043748997 
769 129 16 20 0.043432545 
788 451 13 18 0.042931195 
563 339 14 20 0.041152794 
845 445 10 13 0.040419463 
724 384 15 21 0.03863182 
686 413 22 25 0.038379572 
884 429 12 14 0.03830873 
844 188 12 14 0.038015224 
572 290 14 20 0.037024107 
828 293 18 20 0.036610674 
667 424 177 245 0.036433853 
901 455 13 18 0.035861764 
733 460 13 18 0.035748985 
781 466 14 19 0.035591654 
646 377 13 17 0.035492886 
710 436 24 28 0.03449592 
0 421 11 18 0.034121178 
747 434 22 30 0.034027368 
941 382 9 11 0.033919256 
456 398 23 31 0.033691037 
843 179 12 16 0.033536058 
250 319 16 22 0.032742213 
766 447 20 26 0.03266367 
388 438 43 60 0.0326269 
402 382 14 18 0.03262351 
644 342 15 20 0.03259726 
829 180 12 15 0.032491703 
355 235 25 36 0.032359894 
854 355 15 17 0.03196236 
398 379 13 16 0.03162601 
371 13 12 16 0.03138875 
892 448 13 19 0.03129354 
814 305 25 30 0.03073927 
903 432 13 18 0.030409565 
140 418 14 18 0.030314883 
598 269 13 16 0.030146802 
796 426 16 20 0.03001356 
173 449 14 18 0.0296361 
804 434 27 30 0.029391766 
696 432 30 36 0.029375734 
803 426 18 22 0.02914669 
88 438 9 12 0.028639738 
209 415 28 34 0.028619869 
403 327 17 20 0.028350633 
652 405 40 53 0.028269975 
595 364 23 31 0.02804948 
680 482 97 144 0.027903497 
640 378 13 16 0.027845867 
583 271 27 35 0.027538927 
776 346 14 20 0.027512876 
684 431 28 34 0.027482081 
828 466 16 21 0.026978817 
798 413 13 17 0.026725166 
391 374 11 15 0.026684694 
191 394 46 56 0.026381874 
644 391 15 18 0.026350245 
214 420 15 19 0.02596136 
23 361 13 17 0.025836397 
637 340 14 19 0.025647985 
404 421 46 60 0.025471492 
336 257 29 36 0.025444025 
870 451 14 18 0.025426827 
826 188 12 15 0.02541429 
917 365 10 12 0.025239928 
560 343 22 30 0.024704289 
396 257 15 19 0.024607701 
947 414 10 14 0.024566263 
443 374 13 16 0.024474572 
914 423 12 15 0.024337858 
299 310 18 28 0.02433326 
451 408 14 21 0.024318816 
533 202 15 18 0.024257924 
607 190 8 12 0.024173139 
500 330 43 52 0.02409349 
750 617 10 15 0.023718085 
772 120 14 16 0.02366829 
755 345 17 21 0.023605691 
393 209 42 49 0.02343686 
394 377 22 29 0.02320699 
808 458 17 20 0.022968523 
827 196 12 14 0.022821814 
743 372 26 33 0.022761151 
741 422 12 17 0.022747334 
27 356 14 18 0.022625636 
390 248 25 33 0.022512307 
372 379 14 20 0.022286704 
461 476 27 34 0.022230888 
311 315 20 27 0.022177262 
716 174 12 16 0.021982629 
905 420 21 29 0.021887597 
791 446 21 27 0.021791728 
602 275 14 18 0.021763774 
404 0 17 18 0.021759577 
402 433 15 18 0.021471068 
374 453 36 55 0.021438938 
887 179 9 14 0.021114934 
596 371 14 19 0.020939963 
470 -1 34 37 0.020871053 
942 406 10 12 0.020775234 
846 369 23 30 0.020691222 
114 508 13 16 0.020674443 
909 415 12 15 0.020674143 
321 106 28 35 0.02065429 
493 247 30 39 0.02061012 
488 462 109 192 0.02060318 
280 511 27 34 0.020533487 
672 652 13 16 0.020357018 
887 443 22 30 0.020287333 
791 433 14 17 0.020282738 
778 172 14 17 0.020233855 
942 444 10 14 0.020204386 
304 469 46 72 0.020166256 
814 459 25 30 0.020163832 
775 466 13 17 0.02012307 
779 447 20 26 0.020122632 
771 171 15 18 0.020110598 
200 468 26 36 0.020110577 
410 419 24 30 0.020035004 
