25_Soldier_Patrol_Soldier_Patrol_25_986
62
404 112 133 184 0.9552721 
214 1601 230 267 0.3563283 
349 749 226 341 0.33864853 
329 486 26 30 0.1558931 
538 1329 87 123 0.13962215 
514 367 55 67 0.11047631 
279 1631 120 182 0.10085899 
340 950 180 317 0.08147029 
135 433 165 272 0.07071748 
519 1283 52 71 0.06238022 
365 861 117 197 0.058705874 
354 1098 95 168 0.057760958 
934 1428 102 152 0.055050887 
590 417 162 190 0.054009676 
279 339 32 40 0.04999015 
591 1307 45 72 0.04838394 
119 1586 64 77 0.0480627 
337 1159 162 252 0.043164875 
316 498 42 48 0.04161575 
180 548 113 164 0.041341327 
215 701 122 134 0.04023783 
181 551 24 40 0.040088505 
575 1547 69 83 0.039667413 
179 1584 29 38 0.037304156 
300 493 16 20 0.036633737 
282 1682 223 250 0.036032416 
303 639 391 531 0.03499103 
4 651 22 36 0.034916878 
178 557 48 96 0.034513954 
218 1499 130 159 0.03383501 
765 1399 221 231 0.033380523 
604 1335 93 145 0.032932978 
588 412 95 123 0.031226914 
521 1288 86 126 0.030143196 
233 1669 132 170 0.027200537 
644 459 94 120 0.02718185 
293 1542 101 166 0.026944222 
733 1380 45 59 0.02650972 
604 1327 47 72 0.026392417 
588 1529 90 133 0.026301507 
18 1385 60 76 0.025972286 
76 1442 372 462 0.025083628 
196 550 55 108 0.024659079 
612 1212 64 83 0.024498176 
564 1294 93 142 0.024364091 
186 617 137 170 0.023982849 
588 1163 118 175 0.023776107 
1011 1331 13 20 0.023754213 
324 731 28 40 0.02364181 
775 1695 222 202 0.023520643 
3 1414 91 138 0.023383569 
241 740 64 75 0.023232838 
605 1315 27 43 0.023153884 
583 1583 67 87 0.022299202 
476 1469 96 124 0.022053685 
422 1362 357 458 0.021830577 
249 1588 114 186 0.02096371 
613 1546 54 81 0.02095655 
370 155 214 255 0.02074209 
571 1315 55 86 0.020591415 
323 518 43 58 0.020545246 
612 1337 33 41 0.020166315 
