25_Soldier_Patrol_Soldier_Patrol_25_734
70
541 390 29 38 0.96774143 
32 437 25 29 0.81302655 
153 436 23 32 0.3591882 
529 227 34 39 0.2701552 
278 381 25 35 0.19746277 
20 437 21 29 0.18795653 
690 560 24 27 0.17679602 
733 230 13 17 0.1561336 
715 236 14 16 0.12303759 
304 397 20 30 0.119834244 
750 279 14 20 0.10258914 
725 233 14 18 0.09280833 
622 307 430 496 0.086344086 
750 266 11 15 0.0842302 
346 417 16 22 0.080903724 
381 396 28 34 0.08061648 
366 240 23 32 0.071289584 
47 435 23 32 0.06987047 
57 439 16 23 0.06852799 
183 303 11 14 0.06810643 
361 504 27 37 0.06601062 
289 562 22 34 0.06228591 
40 444 26 34 0.05771031 
350 415 24 30 0.05407486 
150 517 51 58 0.04811781 
536 472 47 66 0.047063567 
670 315 211 304 0.039128903 
709 239 13 16 0.038628403 
172 437 26 33 0.036875043 
683 562 19 22 0.03579166 
276 422 24 28 0.035489447 
261 426 12 15 0.035228804 
174 309 11 15 0.035209596 
286 402 27 33 0.034022048 
367 595 15 18 0.03193571 
660 246 12 14 0.031668276 
688 599 24 31 0.02990427 
658 261 13 15 0.029490845 
749 237 13 16 0.029489784 
659 251 13 16 0.029037861 
739 232 13 17 0.0273164 
264 350 367 498 0.026765196 
612 276 42 54 0.026732149 
158 362 23 35 0.026445996 
150 424 38 50 0.026249219 
388 254 30 34 0.025327649 
733 224 12 15 0.025044536 
-1 487 26 37 0.024958948 
666 596 18 22 0.024877926 
582 464 32 41 0.024016393 
274 442 18 21 0.023583712 
701 243 11 14 0.02341289 
291 384 27 35 0.023261396 
309 407 24 35 0.023221377 
133 513 45 56 0.023075672 
362 410 24 34 0.022269255 
684 661 43 47 0.022184648 
712 233 11 13 0.022153161 
364 592 25 30 0.0220116 
271 401 28 39 0.021889806 
167 314 11 14 0.021873113 
561 388 27 35 0.021791624 
587 273 26 36 0.021467306 
213 564 12 19 0.021240266 
684 229 11 13 0.021224367 
741 302 14 20 0.021110905 
713 228 24 27 0.021003433 
313 394 22 34 0.02098014 
8 432 25 33 0.020875098 
567 317 43 49 0.020240765 
